0.21706328 0.49712592 -0.17713088 0.20377982 0.54095185 -0.23790164 0.34459671 0.46395522 -0.16249141 0.267151 0.51021683 -0.20725136 0.37705615 0.45000562 -0.1941295 0.32503268 0.45946655 -0.08273292 0.0988305 0.66020662 0.0146528 0.10289904 0.65744805 -0.01452038 0.18227956 0.69731498 0.15257658 0.19340338 0.68960536 0.16169086 0.17440225 0.76260257 0.44110364 0.18581863 0.75114799 0.42736298
0.25577345 0.51996803 -0.19330502 0.2347998 0.56963336 -0.23091559 0.38082176 0.46289486 -0.17924123 0.26984245 0.51372916 -0.19317161 0.4042877 0.45398065 -0.19964825 0.33323708 0.46926233 -0.072196 0.14742209 0.66135287 0.00749658 0.1479826 0.66435236 -0.00744765 0.22063971 0.69241875 0.14318243 0.25345072 0.68325436 0.11642572 0.20249934 0.75492328 0.38787147 0.22536157 0.74597716 0.37862456
0.27552551 0.54452908 -0.19642983 0.25441551 0.58903253 -0.24454643 0.37843296 0.48547131 -0.17905557 0.27149773 0.5240677 -0.23233181 0.38687089 0.48371956 -0.20069209 0.35215881 0.48304266 -0.14300357 0.17648481 0.66481328 0.02182505 0.17410454 0.67408782 -0.02207568 0.24352932 0.69497383 0.13695739 0.30565453 0.68453896 0.07433826 0.22894309 0.7526744 0.36940753 0.26793969 0.74731439 0.32480562
0. 0. 0. 0. 0. 0. 0. 0. 0. 0. 0. 0. 0. 0. 0. 0. 0. 0. 0. 0. 0. 0. 0. 0. 0. 0. 0. 0. 0. 0. 0. 0. 0. 0. 0. 0. 0. 0. 0. 0. 0. 0. 0. 0. 0. 0. 0. 0. 0. 0. 0. 0. 0. 0. 0. 0. 0. 0. 0. 0. 0. 0. 0. 0. 0. 0. 0. 0. 0. 0. 0. 0. 0. 0. 0. 0. 0. 0. 0. 0. 0. 0. 0. 0. 0. 0. 0. 0. 0. 0. 0. 0. 0. 0. 0. 0. 0. 0. 0. 0. 0. 0. 0. 0. 0. 0. 0. 0. 0. 0. 0. 0. 0. 0. 0. 0. 0. 0. 0. 0. 0. 0. 0. 0. 0. 0. 0. 0. 0. 0. 0. 0.
0.55572659 0.38751736 0.22244132 0.7242465 0.38941544 0.5992316 0.53506583 0.40977308 0.34385729 0.81643951 0.42607754 0.84646952 0.4800151 0.39316809 0.73059255 0.74522674 0.39057493 1.17265737 0.65208274 0.55105996 -0.15907758 0.76664495 0.55190074 0.15809758 0.57120323 0.70077133 -0.2116494 0.71021283 0.69191146 0.20861033 0.56393236 0.86976945 -0.46405268 0.71767414 0.83934772 0.11021439
0.55536032 0.38726205 0.317159 0.72122949 0.38941413 0.64035231 0.52336216 0.39961264 0.45092019 0.78824329 0.42369407 0.86367524 0.4954482 0.38316116 0.82339227 0.7461533 0.38988942 1.17265975 0.65021032 0.55361068 -0.15609211 0.76435018 0.55334103 0.15497559 0.5705691 0.70405805 -0.26419267 0.70195431 0.69189465 0.21105927 0.58288419 0.87155354 -0.59350151 0.71780986 0.83536655 0.09464048
0.55189764 0.38737684 0.35739163 0.7192502 0.38917872 0.63904196 0.52265853 0.40501437 0.51818657 0.77562034 0.42318681 0.86828524 0.49572664 0.38049003 0.91329253 0.73347127 0.39217079 1.20939493 0.64728391 0.55532449 -0.13110925 0.76361817 0.55490226 0.12996271 0.56978762 0.70435882 -0.25368571 0.70017463 0.69185126 0.19814506 0.58326113 0.87201518 -0.58913219 0.71787757 0.83417606 0.06116444
0.55135244 0.38810435 0.42920321 0.71978486 0.38995403 0.65277064 0.5175404 0.41016379 0.6157515 0.74560589 0.42188784 0.9027878 0.49767637 0.38055775 1.01267302 0.67310548 0.38960406 1.30166841 0.64425749 0.55557758 -0.09542265 0.76318407 0.55637079 0.0943931 0.56707811 0.704647 -0.22977842 0.69918287 0.69406992 0.16546588 0.57855546 0.87364763 -0.56049401 0.71796316 0.83431178 0.04072662
0.55198085 0.38810226 0.39563245 0.72087663 0.39005378 0.64308012 0.52014977 0.40644839 0.57189637 0.76140606 0.42160255 0.89672667 0.5062322 0.38066605 0.96654969 0.69224125 0.38986146 1.30326986 0.6442157 0.55584645 -0.08860131 0.76348007 0.5574345 0.08740198 0.56479216 0.70457822 -0.19024186 0.69960815 0.69436109 0.1592856 0.54942679 0.8748076 -0.53651786 0.71788812 0.83550704 0.03526636
0.5525651 0.38773534 0.38254046 0.72080541 0.39037415 0.63864613 0.52098793 0.39893547 0.52763855 0.76846474 0.42169002 0.89794391 0.51211822 0.38058949 0.90747947 0.69761956 0.38591418 1.27824247 0.64437813 0.55592191 -0.08942107 0.76373202 0.5586766 0.08820855 0.55764633 0.70467377 -0.16177329 0.69952995 0.69470131 0.15760058 0.51571274 0.87463588 -0.48063093 0.71788394 0.83631414 0.0294696 
0.5535354 0.38771781 0.41308224 0.72169125 0.3910754 0.64930856 0.51932073 0.39590281 0.57676637 0.74885279 0.4194428 0.92171723 0.51129544 0.38016495 0.97426879 0.67718798 0.37697318 1.3187685 0.64401096 0.55599773 -0.08405598 0.76429474 0.55883503 0.08283411 0.55075347 0.70487499 -0.14665091 0.69973499 0.69466293 0.14901787 0.49108717 0.87614459 -0.45716727 0.71792066 0.83633846 0.02263304
0.55325919 0.38747802 0.42005885 0.72180194 0.39096016 0.66644299 0.52069473 0.39629376 0.57751107 0.74949867 0.42032212 0.94330651 0.50937259 0.38045174 0.97598505 0.68086839 0.38786575 1.33809233 0.64404106 0.55596173 -0.08864404 0.76523715 0.55878335 0.08741074 0.54578787 0.70491415 -0.15712702 0.70039767 0.69465256 0.14275424 0.48139474 0.87634671 -0.46414983 0.7179119 0.8363716 -0.0161788 
0.54938269 0.38792434 0.48570114 0.72182244 0.39047158 0.67585373 0.51580936 0.39847413 0.64831907 0.77753395 0.42095479 0.94241101 0.50860888 0.38073471 1.03432524 0.73215443 0.38829708 1.34687638 0.64389724 0.55578572 -0.07203638 0.76620221 0.55719191 0.07083093 0.54281187 0.70347828 -0.15930407 0.70046687 0.69292867 0.09288498 0.47910756 0.87967068 -0.47857583 0.7179144 0.83669716 -0.10724673
0.54886323 0.38725975 0.47253627 0.72159922 0.39046323 0.70046073 0.50892019 0.39860266 0.63656014 0.77740049 0.420991 0.99253041 0.50774628 0.38048688 1.0382601 0.73121035 0.3906115 1.4295038 0.64395958 0.55545288 -0.08063176 0.76646662 0.55677891 0.07944541 0.54327506 0.70311207 -0.16558997 0.70057958 0.69301927 0.10947029 0.49075046 0.88185269 -0.49951285 0.71744275 0.83744425 -0.06627081
0.54874033 0.38469335 0.3893604 0.71892005 0.39045838 0.68868142 0.503622 0.39908379 0.55429232 0.76087481 0.42107323 0.96279794 0.50476426 0.37995258 0.98898858 0.69648933 0.38573107 1.37393951 0.64401108 0.55543846 -0.08800209 0.76614541 0.55674738 0.08678919 0.54451674 0.70637429 -0.20095986 0.70046937 0.69390315 0.1547237 0.49170905 0.88344419 -0.54974753 0.71719539 0.83752692 0.01688884
0.54937017 0.38417345 0.32104552 0.71411794 0.39047098 0.62140596 0.49786073 0.39875096 0.50025833 0.7448563 0.41941747 0.95170289 0.50172168 0.37920058 0.96678555 0.65377277 0.38053769 1.39209843 0.64455861 0.55519164 -0.10101925 0.76440787 0.55666751 0.09974701 0.55306077 0.70860791 -0.23437922 0.69633955 0.69410205 0.1947296 0.51239479 0.88469148 -0.60541546 0.71690208 0.83750808 0.08824111
0.55239123 0.38420087 0.32288048 0.71299064 0.39096797 0.60334176 0.50048298 0.39740118 0.50067288 0.74444616 0.41953734 0.91922873 0.50354576 0.37815028 0.95183039 0.66900271 0.37727335 1.33903968 0.64514101 0.5554781 -0.10872322 0.7635209 0.55710047 0.10746699 0.5611937 0.71211016 -0.23013979 0.69445503 0.69635731 0.21193862 0.52913129 0.88504529 -0.57795781 0.71708012 0.83723563 0.13541162
0.55024588 0.38455397 0.3337799 0.71274596 0.39096388 0.61059469 0.50213873 0.39517322 0.50565201 0.75045872 0.41944459 0.91473627 0.4983854 0.37831351 0.91051102 0.67613882 0.37219393 1.33041406 0.64511508 0.555677 -0.10746942 0.76352161 0.55707556 0.10618331 0.56581509 0.71392447 -0.20212644 0.69469321 0.69685262 0.19974467 0.53699666 0.88525659 -0.54969603 0.71722609 0.83723199 0.10557981
0.54634833 0.38481694 0.38311073 0.71286118 0.39097482 0.63505417 0.50043398 0.39563778 0.53368932 0.75492895 0.41930968 0.929443 0.49478087 0.3782149 0.91680974 0.67914265 0.37277138 1.35035455 0.64511257 0.55567563 -0.10306439 0.76441658 0.55636668 0.1017632 0.5685209 0.71414387 -0.19208018 0.69962794 0.69679588 0.18630575 0.540286 0.88601267 -0.54651153 0.71728653 0.83721417 0.06483383
0.54317987 0.38519993 0.38449255 0.71281374 0.39082205 0.622962 0.4930135 0.39606079 0.55004317 0.73749691 0.4162071 0.93618125 0.49049515 0.37828273 0.95300114 0.65684444 0.36752358 1.39796555 0.64510208 0.55615872 -0.0932176 0.76520574 0.55627042 0.09188133 0.57357192 0.71439832 -0.18155342 0.70266569 0.69675243 0.16890569 0.54399639 0.88726944 -0.5380221 0.7174812 0.83724034 0.05888805
0.54123896 0.38556665 0.39452031 0.71280307 0.39082247 0.62407845 0.4912509 0.40242773 0.576141 0.72757155 0.41505191 0.9369992 0.4837082 0.37903899 0.99335539 0.64168507 0.36940083 1.40437746 0.64473331 0.55821675 -0.08136154 0.76775229 0.55647212 0.07997002 0.57723188 0.7159549 -0.15921097 0.70759267 0.69672662 0.16640773 0.54594165 0.88842613 -0.50437492 0.71724832 0.83737046 0.05764727
0.53912354 0.38555768 0.37702233 0.7125268 0.39076227 0.60026515 0.4856872 0.4000774 0.54147631 0.74095309 0.41512114 0.89896828 0.47840527 0.37923494 0.93290478 0.65126717 0.37287378 1.31955016 0.64450711 0.55958438 -0.08169617 0.76825094 0.55726182 0.08025201 0.58489734 0.71801007 -0.1378686 0.70966434 0.69778723 0.18143672 0.54713404 0.88998145 -0.46850652 0.71721113 0.83745599 0.09738006
0.53554827 0.38710791 0.37089837 0.71122628 0.39030614 0.58111423 0.48530629 0.40981472 0.51123321 0.77988625 0.4193126 0.85386944 0.4744648 0.37998798 0.88480866 0.66694111 0.39238411 1.26239359 0.64236051 0.56269068 -0.07923262 0.76828158 0.55746734 0.0777733 0.58656979 0.72140557 -0.1410034 0.71080816 0.69911212 0.19086653 0.54755449 0.89065868 -0.47481519 0.71697158 0.83839786 0.1008378 
0.5304774 0.38793406 0.36819097 0.70555687 0.39008999 0.58727133 0.46467704 0.41681972 0.49855673 0.77652854 0.42151627 0.85593754 0.45970476 0.387777 0.87139219 0.66680211 0.41060895 1.22404468 0.63698667 0.56347519 -0.07997163 0.76640552 0.55742866 0.07854941 0.58892268 0.724159 -0.14905998 0.71250641 0.7009123 0.2066229 0.54817772 0.89114946 -0.48297045 0.71697062 0.83925623 0.12151291
0.52481341 0.3878378 0.34536219 0.70351517 0.38905859 0.59084761 0.46288076 0.41570818 0.45807052 0.77975255 0.42807683 0.8419413 0.43732896 0.39180887 0.82764053 0.67590177 0.41492751 1.1766206 0.63573116 0.56312925 -0.09098982 0.76470113 0.55725497 0.08958006 0.5878455 0.72503096 -0.15093569 0.71221316 0.70164531 0.21870877 0.54809541 0.89111823 -0.48669529 0.71683574 0.84052724 0.12933147
0.52221245 0.38653177 0.33949587 0.70093364 0.38910022 0.6230191 0.4605417 0.41862538 0.42224169 0.77945793 0.43155575 0.83032554 0.42560506 0.39098629 0.75469148 0.67630821 0.41867492 1.11951733 0.63377023 0.56290931 -0.10399058 0.76152551 0.55804771 0.10266399 0.58668661 0.72521079 -0.1543733 0.71200627 0.70302868 0.24674626 0.5479486 0.89092195 -0.47470415 0.71683449 0.8414337 0.16738418
0.51851946 0.3851659 0.34086809 0.69925529 0.38926345 0.62097114 0.45741546 0.41668943 0.43291712 0.77806145 0.43054298 0.82223982 0.41861403 0.39124507 0.76645911 0.6767965 0.41667384 1.11865234 0.62845349 0.56276733 -0.10417935 0.75610054 0.558034 0.1028349 0.58658165 0.72586167 -0.13688472 0.71188068 0.70489603 0.23251797 0.54812032 0.89101762 -0.43419233 0.71719563 0.84188938 0.15151095
0.50277811 0.38450575 0.3217541 0.68913752 0.38775313 0.58484054 0.44783571 0.42413941 0.39393491 0.77340472 0.42433232 0.76060259 0.40075916 0.41326177 0.69143134 0.67708236 0.41226417 1.05452859 0.62110633 0.56265748 -0.10243189 0.74894392 0.5575906 0.10096014 0.58535153 0.72688043 -0.10676636 0.71081042 0.70519859 0.22966531 0.54827005 0.8910529 -0.38782102 0.71717775 0.84185284 0.17429675
0.50285393 0.38435033 0.28110266 0.68760866 0.38742521 0.53279483 0.44632393 0.42231259 0.34098095 0.78187931 0.42578429 0.68662536 0.3953495 0.41075093 0.62893873 0.69489038 0.41225746 0.92895091 0.61719418 0.56255513 -0.09741595 0.74388117 0.55767459 0.09591987 0.58457333 0.72672945 -0.07722744 0.70877409 0.70624393 0.23230466 0.54823643 0.89095092 -0.33714801 0.71739125 0.84182644 0.20397756
0.49349117 0.38523626 0.29931062 0.67840928 0.38585791 0.55525154 0.43136531 0.43641421 0.29571533 0.78559369 0.4263469 0.6256544 0.38435769 0.42808765 0.47533038 0.71528876 0.41326508 0.77092695 0.6098026 0.56250119 -0.09904487 0.73787636 0.55642754 0.09754335 0.57854557 0.72714257 -0.08968697 0.70325416 0.7053324 0.24491388 0.5500887 0.89108926 -0.37854436 0.71805108 0.84105891 0.18809019
0.49026898 0.38433039 0.30859116 0.67418647 0.38376671 0.61325336 0.43701419 0.43101451 0.29449341 0.78457797 0.42662662 0.69572192 0.38313633 0.41259032 0.48509511 0.72015178 0.41908243 0.85985965 0.60611808 0.5605517 -0.11561596 0.73036563 0.5530476 0.11425908 0.57318252 0.72694629 -0.14347357 0.69650298 0.69737506 0.2845028 0.5514763 0.89097208 -0.45295808 0.72401816 0.83877361 0.2374482 
0.48024276 0.38318694 0.31675011 0.66928554 0.38156798 0.64529949 0.43703121 0.43855917 0.28369915 0.78437036 0.42685738 0.67487413 0.38835305 0.42719141 0.43119177 0.72618681 0.42060682 0.79676002 0.60420656 0.55964023 -0.12722105 0.72600871 0.55179417 0.12587969 0.56886041 0.72702157 -0.15186383 0.69046003 0.69559193 0.31950265 0.55310535 0.8931312 -0.45533246 0.73356134 0.83504647 0.29010701
0.4805164 0.38186577 0.29676813 0.66728091 0.37913874 0.6214571 0.43981692 0.43426487 0.19524781 0.78011924 0.42771754 0.59347141 0.38106391 0.409255 0.30100134 0.72251403 0.42420867 0.64217329 0.60396445 0.5587514 -0.13162796 0.72444952 0.54988652 0.13032731 0.56913161 0.72688234 -0.15066005 0.69112116 0.69280356 0.34062752 0.553774 0.89485067 -0.4362039 0.74910867 0.83013242 0.35455221
0.47569376 0.38141081 0.23636758 0.66645563 0.37800482 0.57202816 0.44636348 0.43212339 0.164698 0.77876925 0.42889303 0.59160393 0.38335079 0.40025461 0.31297061 0.71960348 0.42693621 0.67438221 0.60384035 0.55774432 -0.1404871 0.72402066 0.54895431 0.13934709 0.57058352 0.72124654 -0.18984897 0.68883228 0.68591905 0.35244939 0.55404609 0.89449751 -0.45178336 0.75328881 0.82377476 0.39703387
0.47639188 0.3813931 0.26250383 0.66298789 0.37782961 0.57754427 0.44764888 0.43075058 0.21294652 0.77598393 0.42881039 0.64052081 0.38031453 0.39933866 0.35875735 0.71686012 0.42597279 0.78092623 0.60272044 0.55687684 -0.13698319 0.72278881 0.54835296 0.13582043 0.57339054 0.71818042 -0.19222759 0.68824363 0.68344551 0.32657275 0.55397683 0.89297199 -0.46939486 0.75549591 0.82147324 0.32970715
0.47838241 0.38120544 0.25897232 0.66058952 0.37815934 0.57205099 0.44891822 0.41818008 0.20016244 0.77167833 0.4287729 0.6536355 0.38243413 0.37828746 0.36173758 0.71511364 0.42671302 0.8088432 0.60334748 0.55689812 -0.13598521 0.7230714 0.5490433 0.13486464 0.57597512 0.71825713 -0.18558635 0.68892258 0.68526518 0.33282369 0.553864 0.89287889 -0.44269329 0.75691879 0.82279903 0.3833327 
0.48021477 0.38116944 0.25624058 0.65485811 0.37837729 0.55925405 0.44916233 0.41378531 0.20203881 0.75031263 0.42872593 0.66180503 0.38486534 0.36635998 0.36142305 0.71535158 0.42583573 0.81368613 0.60327637 0.55707806 -0.13393839 0.72258985 0.54977155 0.1327692 0.576989 0.72068942 -0.18345763 0.69205928 0.68991584 0.32307288 0.5538404 0.89282042 -0.41457167 0.7569797 0.82392913 0.358502 
0.48085812 0.38225222 0.27466303 0.65077204 0.37855336 0.55599231 0.45025134 0.41368845 0.29469752 0.75245792 0.42845723 0.66211402 0.385703 0.36293614 0.53011751 0.72692877 0.42464074 0.89003098 0.60300285 0.55723262 -0.11375243 0.72259504 0.54989755 0.11254933 0.57747334 0.72571087 -0.14267613 0.69353998 0.69703794 0.2738454 0.55381614 0.89284676 -0.39083901 0.75631267 0.8303414 0.2738322 
0.47918412 0.3833538 0.23882186 0.64876264 0.37898052 0.48891097 0.45009694 0.41360375 0.27991164 0.75412911 0.42842034 0.62833601 0.38577351 0.3675395 0.51291603 0.72030592 0.42431822 0.88187706 0.60298651 0.55854779 -0.10110221 0.72324342 0.55039924 0.09985278 0.57869339 0.72806078 -0.09477193 0.69514292 0.70184749 0.23901771 0.55376911 0.89281011 -0.31166369 0.75060225 0.83441526 0.2274176 
0.47964609 0.38487437 0.24898554 0.64741725 0.38060907 0.50326282 0.43612278 0.41371611 0.34051687 0.75526434 0.42960218 0.63659978 0.38415933 0.36825463 0.61856645 0.7246024 0.42304558 0.88047522 0.60275871 0.56020093 -0.09202782 0.72355765 0.55205631 0.09074061 0.58023673 0.72956449 -0.09583463 0.69807738 0.70536691 0.23989777 0.55379647 0.89288723 -0.32509407 0.74393117 0.83716595 0.23024642
0.48062083 0.38604888 0.25739607 0.64934164 0.38361493 0.50661564 0.42488113 0.41062966 0.3491134 0.7386924 0.43289182 0.65497947 0.38341865 0.36692065 0.65067077 0.72372514 0.42645699 0.93291175 0.60295457 0.56043404 -0.08783116 0.72457796 0.55378807 0.08643302 0.58093458 0.72992271 -0.0858446 0.70080161 0.70658952 0.23617929 0.55425543 0.89286518 -0.32373106 0.73661345 0.84014922 0.2131346 
0.48091799 0.38650134 0.22805175 0.65017724 0.38495433 0.47867182 0.42077225 0.41151673 0.33236879 0.73848122 0.43406242 0.64627469 0.37839496 0.36713651 0.60660189 0.72250336 0.42628559 0.91801691 0.60302866 0.56080186 -0.08918954 0.72515714 0.55446494 0.0877939 0.58091784 0.73016554 -0.09192166 0.70077974 0.70736206 0.22803515 0.55447745 0.89285171 -0.32774124 0.73027647 0.84160155 0.2022448 
0.47839424 0.38805279 0.24198164 0.64980626 0.38476861 0.48277745 0.41547841 0.42353183 0.36113492 0.74933761 0.43332246 0.63054311 0.37081403 0.38792187 0.64265752 0.72983867 0.42380205 0.90719652 0.60292274 0.56092697 -0.07887217 0.72540122 0.55404067 0.07742151 0.58090717 0.73030376 -0.08100912 0.70074809 0.70721793 0.19700542 0.55465955 0.89283913 -0.32725221 0.72448689 0.84299129 0.13369495
0.47992682 0.39025494 0.24705251 0.65035391 0.3849915 0.48727542 0.4148612 0.42482263 0.35206252 0.75161403 0.43134451 0.63114023 0.37238613 0.38695279 0.62365264 0.73444992 0.42374974 0.8840422 0.603001 0.5617488 -0.07985776 0.7256043 0.55421793 0.07843909 0.58089709 0.73164052 -0.08656556 0.70071959 0.70766062 0.21478422 0.55465627 0.89277184 -0.3336401 0.72053087 0.84386498 0.17571102
0.4798876 0.39152411 0.25088951 0.64777619 0.38407862 0.4433153 0.41795799 0.42553797 0.34944621 0.76452184 0.42690995 0.56786871 0.38924721 0.38685173 0.58776093 0.735973 0.42206898 0.79581374 0.6022929 0.56291789 -0.06980804 0.72564346 0.55418944 0.06837778 0.58088773 0.73160356 -0.07564308 0.70069599 0.70729083 0.21128911 0.55467957 0.89271712 -0.31854904 0.72050446 0.84413552 0.17033879
0.47835994 0.39176935 0.24495491 0.64826787 0.38277468 0.45768604 0.41497666 0.44457456 0.34065935 0.76888299 0.42693621 0.5742799 0.39192483 0.41404012 0.59330946 0.73400545 0.42250282 0.79817617 0.60193956 0.5628801 -0.0725625 0.72610152 0.55358726 0.07117219 0.58114064 0.73180044 -0.0739471 0.70079845 0.70749736 0.20690978 0.55466259 0.89272797 -0.3068634 0.72141707 0.84409326 0.15872617
0.47527459 0.39156109 0.22723956 0.64857566 0.38210955 0.46081966 0.41427734 0.44954094 0.32482168 0.77464432 0.42688045 0.58699673 0.38689518 0.41472584 0.58369845 0.74100691 0.42247379 0.81858897 0.60196412 0.56335151 -0.07446225 0.72806168 0.55358696 0.0730396 0.58113688 0.73225838 -0.06362264 0.70089686 0.70784128 0.21328507 0.55468106 0.89247549 -0.26823235 0.7219348 0.84390956 0.17231178
0.47508699 0.39100319 0.24338005 0.65429533 0.38209602 0.46810555 0.41368133 0.45103642 0.35232714 0.77895832 0.42933562 0.59613937 0.39714867 0.41263819 0.6114496 0.75237477 0.42031568 0.82673675 0.60257345 0.56332189 -0.07540107 0.73117119 0.5535326 0.07403206 0.58111191 0.7322017 -0.05506051 0.70212084 0.70768422 0.20313604 0.55467206 0.89223081 -0.26194808 0.72236413 0.8437925 0.15382481
0.48034859 0.39141098 0.28221831 0.66232485 0.38255069 0.507698 0.42007285 0.44911912 0.37202635 0.77813119 0.43246451 0.62954313 0.41289428 0.40958801 0.63418055 0.74838096 0.42087716 0.84282964 0.60680348 0.5621841 -0.07655606 0.73352981 0.55332458 0.07522134 0.58111089 0.73178774 -0.06256052 0.70545101 0.70763451 0.20007123 0.55473208 0.89205849 -0.28148553 0.72241515 0.84393471 0.1464217 
0.48283669 0.39015207 0.19081409 0.66427743 0.38235661 0.47155592 0.42238525 0.44533256 0.29135904 0.77737159 0.43711889 0.6287989 0.41623443 0.39899662 0.57476795 0.74792415 0.42163548 0.85790598 0.61243629 0.56092912 -0.084483 0.7382381 0.55296671 0.08317807 0.58110744 0.73130238 -0.06433983 0.7075054 0.70749718 0.21652243 0.55473483 0.89153415 -0.28872147 0.72304899 0.84384078 0.18387151
0.48527849 0.38901967 0.22146194 0.66970634 0.382195 0.48328254 0.42327094 0.43528715 0.33437923 0.78213352 0.43848974 0.6323989 0.42231056 0.3927711 0.6313566 0.74858272 0.41461259 0.85750777 0.61804819 0.55796921 -0.08379161 0.74260604 0.55124581 0.08245181 0.58106238 0.72948563 -0.05642763 0.70951098 0.70622677 0.20360407 0.55460751 0.89106536 -0.27415928 0.72314781 0.84379804 0.15336305
0.49293429 0.38851544 0.26131761 0.67616951 0.38317174 0.51049197 0.4322218 0.432666 0.39855927 0.7686919 0.44008291 0.68268287 0.42342398 0.3927975 0.72538447 0.7433989 0.41863 0.92149252 0.62189442 0.55622518 -0.08153535 0.74854338 0.55114537 0.08015318 0.58085632 0.72539479 -0.05420977 0.71082097 0.7031799 0.19914035 0.55459988 0.89071071 -0.27101976 0.72323436 0.84378165 0.14611486
0.49750003 0.38649756 0.25389001 0.67576075 0.38334319 0.52443498 0.43192759 0.41752467 0.40827054 0.74141526 0.43935654 0.73187315 0.42498922 0.39316612 0.79996794 0.7049011 0.41869321 1.00671542 0.62577218 0.55601406 -0.08320407 0.75533909 0.55131859 0.08175588 0.58030677 0.72260487 -0.05824767 0.71128476 0.70121312 0.20192552 0.5545125 0.89029545 -0.27712169 0.72339857 0.84354609 0.14741094
0.49973404 0.38529518 0.26286745 0.676265 0.38327911 0.52167517 0.43169561 0.4195388 0.4346914 0.74265081 0.4391588 0.71844327 0.43329588 0.39387706 0.83096874 0.69477433 0.4176518 1.01231039 0.62778723 0.55495369 -0.07753811 0.75672668 0.5508467 0.0760038 0.57846069 0.7181927 -0.05520613 0.71141201 0.69915932 0.18644117 0.55405533 0.88852364 -0.27971557 0.72413009 0.8433826 0.10491425
0.4993138 0.38531053 0.25178203 0.67624456 0.38168314 0.51981789 0.43655002 0.42640647 0.40911385 0.74604386 0.43897995 0.71268028 0.43828905 0.39707246 0.76953143 0.70146525 0.41854629 0.97497296 0.62787122 0.55417484 -0.07781878 0.75725055 0.55013275 0.07624955 0.57290131 0.71507007 -0.05225606 0.711285 0.69726074 0.18871509 0.55213499 0.88724595 -0.27551538 0.72416764 0.84334677 0.11957546
0.49992666 0.38530636 0.20912373 0.67894596 0.3815999 0.51932508 0.44579718 0.43561402 0.35957554 0.7337352 0.43889835 0.69682407 0.44331414 0.39930284 0.74705291 0.70440805 0.42049184 0.94259191 0.62739354 0.55431956 -0.08432975 0.75753057 0.55048496 0.08284179 0.56694138 0.71402514 -0.05308244 0.71149617 0.69663465 0.20532791 0.54949152 0.88744825 -0.26506233 0.72428268 0.84331453 0.12653977
0.50071621 0.38549107 0.22255401 0.680448 0.38140973 0.53881371 0.45288223 0.43867764 0.36027506 0.73789817 0.43899363 0.70247895 0.44751105 0.39751872 0.73097599 0.70193243 0.42048034 0.95470184 0.62681437 0.55480278 -0.08533768 0.75850028 0.55049771 0.08391207 0.55708992 0.71327329 -0.05452402 0.71154833 0.69510239 0.19512349 0.5387013 0.88793015 -0.26946923 0.72438186 0.84328949 0.09186174
0.50087595 0.38530532 0.25913209 0.68512446 0.38100225 0.5420993 0.45846865 0.43666917 0.36033446 0.75336474 0.43614027 0.70014668 0.44521794 0.39555618 0.71496356 0.70283544 0.41717222 0.95562041 0.6263997 0.55544752 -0.08429395 0.75891834 0.55052465 0.08288372 0.55355316 0.71131212 -0.05035375 0.71148986 0.69196314 0.17540672 0.52128315 0.88798738 -0.27193114 0.72442782 0.84349138 0.02120482
0.50069249 0.38452676 0.33413726 0.68676281 0.38037154 0.57458985 0.46687508 0.43820211 0.44912672 0.78586197 0.43507862 0.7487886 0.44458872 0.40335405 0.79848093 0.70634174 0.41691053 1.04625702 0.62616509 0.55553907 -0.07672823 0.75957131 0.55027074 0.07534463 0.55001467 0.7090537 -0.04839388 0.71149218 0.68867475 0.14921007 0.5073967 0.88802415 -0.30868524 0.72444028 0.84354872 -0.05106058
0.50083977 0.38464263 0.30707976 0.68701881 0.37996033 0.57348436 0.47383225 0.43816152 0.39169398 0.78982598 0.43484172 0.67517334 0.44969112 0.39814249 0.67978245 0.70851916 0.41525558 0.89466786 0.62594819 0.55560958 -0.07129802 0.75996441 0.55011338 0.06995925 0.54904693 0.70911294 -0.03753747 0.71277863 0.68895036 0.1545352 0.50417173 0.88805163 -0.29403996 0.72439653 0.84395051 -0.00142496
0.50280935 0.38477126 0.3015427 0.69110417 0.37995872 0.5353325 0.47506651 0.44133666 0.39091823 0.78380477 0.43095112 0.70078927 0.45445845 0.39455688 0.69775701 0.69677198 0.39491597 1.00329971 0.62671679 0.5556463 -0.07183447 0.76265204 0.55017906 0.07051308 0.55074346 0.7081424 -0.05550009 0.71339005 0.68837917 0.1524583 0.50896072 0.88850772 -0.3139376 0.72440177 0.84395033 0.01392989
0.50724423 0.38602212 0.32705885 0.69436604 0.38033015 0.57734275 0.4742817 0.44075963 0.43729559 0.77750766 0.42865434 0.80055046 0.45229119 0.39155844 0.75778216 0.6979571 0.39510727 1.13190281 0.62768322 0.555704 -0.08040611 0.7640186 0.55018401 0.07917067 0.55101246 0.70793623 -0.11566325 0.71358258 0.68772805 0.15881197 0.51203954 0.88849771 -0.41805261 0.7245419 0.84335744 0.02565406
0.51114482 0.38602552 0.31927824 0.69648927 0.38059044 0.56358552 0.47312388 0.42562234 0.42690805 0.79059678 0.42834678 0.76408237 0.45631385 0.3858037 0.74502969 0.70218354 0.39544594 1.06254995 0.63099444 0.55572665 -0.08129661 0.76633179 0.55018765 0.08004016 0.55284023 0.70825124 -0.12097788 0.71434528 0.68780559 0.15933499 0.51222438 0.88813394 -0.43059081 0.7253505 0.84155697 0.03392788
0.51680273 0.38518187 0.26811683 0.69690084 0.38126394 0.51885843 0.47189915 0.42235073 0.40844142 0.76918602 0.42693835 0.7450152 0.46099794 0.38661698 0.74107349 0.70002896 0.38767365 1.01202512 0.63543344 0.5557518 -0.08654549 0.76962996 0.55053842 0.08525772 0.5537343 0.70853251 -0.11715103 0.71829098 0.68810862 0.20944525 0.52077854 0.88659126 -0.39947107 0.72680163 0.84103012 0.14214085
0.52170783 0.3852275 0.26985994 0.69606811 0.3821685 0.51705265 0.47082332 0.42306623 0.42690358 0.71731281 0.41340539 0.77062625 0.4594543 0.38692388 0.80044079 0.62420017 0.37492353 1.07936645 0.63809741 0.55566657 -0.0900149 0.77104014 0.55138355 0.08867884 0.55865955 0.70829451 -0.12400389 0.71886045 0.68829834 0.22230038 0.52858996 0.88536352 -0.39778778 0.72750479 0.84087139 0.19081838
0.5239315 0.38518962 0.22020471 0.6956206 0.38238737 0.47189364 0.47052398 0.42362136 0.42648354 0.6952315 0.40231779 0.76168126 0.45830265 0.3844429 0.8110978 0.59629804 0.35934642 1.10400486 0.64060986 0.55551869 -0.09659408 0.77135462 0.55153102 0.09520118 0.56607413 0.70846772 -0.12601088 0.71929842 0.68846375 0.2295683 0.53422809 0.88461173 -0.3867256 0.72775519 0.84087694 0.23289643
0.52400607 0.385245 0.18171935 0.69513184 0.38235396 0.46878406 0.47013202 0.42980513 0.35213029 0.70668972 0.40742353 0.75318217 0.45758191 0.38463429 0.7382378 0.62770844 0.3679283 1.09162235 0.6444698 0.55521172 -0.10808345 0.77275193 0.55139405 0.10671619 0.57310164 0.70887387 -0.12901838 0.71985996 0.68922627 0.23855738 0.53721201 0.88465136 -0.38526845 0.72886813 0.8408823 0.24289548
0.52288818 0.38687965 0.27601266 0.69514835 0.38235056 0.51407319 0.47325867 0.434852 0.36417109 0.78738266 0.42247134 0.71752322 0.45731041 0.3881706 0.64935249 0.71001107 0.38400108 0.98862946 0.6451214 0.5549913 -0.10293921 0.77259129 0.55044472 0.10170779 0.579014 0.70966566 -0.14449316 0.71974778 0.68929952 0.20880972 0.53769577 0.88471019 -0.46210054 0.72825837 0.84159452 0.06788801
0.52213228 0.38820833 0.28923383 0.69490075 0.38220111 0.53516406 0.47262487 0.43797186 0.36912164 0.79868919 0.42812797 0.71036386 0.45697483 0.39031217 0.64484668 0.74681026 0.39555666 0.97488028 0.64603364 0.5546543 -0.10088467 0.77300614 0.54931027 0.09969404 0.58329648 0.71055925 -0.1373072 0.71962029 0.69096035 0.18815354 0.53783691 0.88571209 -0.43070653 0.72819966 0.84297359 0.04642351
0.52294648 0.3882618 0.27089614 0.69473577 0.38245824 0.5319007 0.46226975 0.43774068 0.39544165 0.75243312 0.42326748 0.74600059 0.45026588 0.39051518 0.76616174 0.6890325 0.39461163 1.07017291 0.64600158 0.55375028 -0.09940605 0.77277702 0.5485003 0.09809954 0.5882557 0.71301937 -0.11119313 0.7195794 0.69528329 0.17625745 0.53815937 0.88679963 -0.40888867 0.72819638 0.84406281 0.06130274
0.52424186 0.38857645 0.29714221 0.69418228 0.38287047 0.53016973 0.44923714 0.42666465 0.46576744 0.75128067 0.41365391 0.78542924 0.45228317 0.39052197 0.85437936 0.68793273 0.38893831 1.15615106 0.64601952 0.55370927 -0.07861657 0.77260762 0.54853642 0.07703935 0.59051299 0.71429956 -0.08929894 0.72087389 0.6982249 0.15593679 0.53865355 0.88774222 -0.36590141 0.72821361 0.84460503 0.06600965
0.52426708 0.38879973 0.31900913 0.69436198 0.38287503 0.52905196 0.45068762 0.42497271 0.4490695 0.79235524 0.42110646 0.73314911 0.45356816 0.39052832 0.81338412 0.75232267 0.4044244 1.03546393 0.64574784 0.55363327 -0.07103831 0.7718721 0.54813397 0.06946587 0.59355742 0.71465361 -0.07572624 0.72238773 0.7001332 0.16022161 0.5393014 0.88794541 -0.34198946 0.72820568 0.84495467 0.06094538
0.52336627 0.38886887 0.32221776 0.69342279 0.38255146 0.52365893 0.4488433 0.42567164 0.4440302 0.79720688 0.424961 0.71040958 0.45421278 0.3929109 0.80561399 0.75688845 0.40985826 1.01501679 0.64536262 0.55364382 -0.06604873 0.77001208 0.54786003 0.0645051 0.59411907 0.71553791 -0.06486199 0.72280109 0.70123994 0.15172569 0.5394702 0.88844967 -0.32132551 0.72822237 0.84503537 0.04466454
0.51738602 0.38885257 0.32277554 0.69339585 0.38206255 0.5287044 0.44823942 0.43050677 0.44352123 0.81629974 0.42634937 0.71392995 0.44919884 0.41487685 0.78033078 0.76254976 0.41292635 1.0194813 0.64372593 0.55452091 -0.06718441 0.76737374 0.5478698 0.06566296 0.59370869 0.7170521 -0.06633262 0.72318965 0.70204031 0.15350366 0.53995782 0.88896871 -0.31426367 0.72832674 0.84507251 0.05514864
0.51167512 0.38888094 0.32965177 0.69327939 0.38176095 0.54818046 0.43730128 0.43057507 0.44535908 0.81142807 0.42770389 0.71514452 0.44710928 0.40980598 0.77664524 0.76254362 0.41585711 1.01696265 0.64117795 0.5550679 -0.07275728 0.76522994 0.54805386 0.07132956 0.59303451 0.71737063 -0.07031924 0.72312003 0.70246136 0.1672215 0.54033935 0.88937485 -0.32574022 0.72832656 0.84521967 0.0571308 
0.50539285 0.38904455 0.40796581 0.6937114 0.38170108 0.596448 0.43493649 0.43056291 0.54770052 0.81926954 0.42747018 0.81504178 0.44267792 0.42081109 0.87721431 0.76295519 0.4127138 1.1919868 0.63597488 0.5552066 -0.07195766 0.76181036 0.54783922 0.07050318 0.59319574 0.71729904 -0.07484969 0.7229687 0.70243031 0.14541771 0.54047555 0.88974625 -0.36148766 0.72829425 0.8452602 -0.01221684
0.50530756 0.38992259 0.42014199 0.69399536 0.38220087 0.58922684 0.43552002 0.43045047 0.55481714 0.8123607 0.42834389 0.8024832 0.44068432 0.41645372 0.87730855 0.75718045 0.41199967 1.16142774 0.63317055 0.55525678 -0.06699422 0.76008976 0.5478524 0.06553935 0.59348631 0.71755809 -0.08250629 0.72204262 0.70292765 0.13903159 0.54012293 0.89046985 -0.38585958 0.72829229 0.84549546 -0.01899873
0.5058881 0.3911449 0.41574043 0.69407326 0.38260657 0.60004854 0.43540382 0.42800048 0.54194987 0.81032622 0.42876911 0.8003611 0.43832979 0.40861097 0.86144602 0.75462943 0.41390839 1.13365352 0.63190055 0.55559736 -0.06794231 0.75825024 0.54786479 0.06649511 0.59420174 0.71954471 -0.1086499 0.72057682 0.70413429 0.14079481 0.54010803 0.89112324 -0.4233188 0.72821438 0.84562832 -0.0129723 
5.04916012e-01 3.91247690e-01 4.33066934e-01 6.94052398e-01 3.82613152e-01 5.93153775e-01 4.36413974e-01 4.29451436e-01 5.84642112e-01 8.08681369e-01 4.28632468e-01 8.00397038e-01 4.38174337e-01 4.14867789e-01 9.24081802e-01 7.53866851e-01 4.14658695e-01 1.15483654e+00 6.30435586e-01 5.55868268e-01 -6.32008240e-02 7.56517768e-01 5.47745347e-01 6.17454872e-02 5.95108449e-01 7.22168207e-01 -1.08366847e-01 7.20516205e-01 7.05413878e-01 1.41058296e-01 5.40631175e-01 8.92330527e-01 -4.06734735e-01 7.28188753e-01 8.45696628e-01 -8.43603455e-04
0.50492001 0.39173448 0.42340389 0.69317222 0.38260734 0.59087282 0.43705192 0.42945099 0.56947827 0.80708861 0.42903435 0.79600066 0.44125712 0.40839979 0.91247541 0.75202221 0.41784447 1.1364882 0.62983787 0.55718148 -0.05330484 0.75601614 0.54777998 0.05186285 0.59525841 0.7236042 -0.10420216 0.72034377 0.7061395 0.13070421 0.5410344 0.89303815 -0.3995944 0.72784746 0.8458212 -0.00740341
0.50450373 0.39177662 0.41387567 0.69275045 0.38260624 0.56412566 0.43751827 0.42966881 0.55249494 0.80590874 0.43010205 0.76852459 0.4404985 0.40766868 0.88500023 0.73666811 0.42329302 1.09254479 0.62933588 0.55819041 -0.05419495 0.75527209 0.54828453 0.05277474 0.5953567 0.72445494 -0.10351704 0.71989167 0.70673847 0.13145845 0.54134846 0.89368427 -0.396465 0.72745556 0.8458854 0.02636603
0.50469738 0.39167622 0.38065189 0.69136959 0.38279805 0.55377406 0.43801197 0.42445269 0.51367784 0.78744185 0.43042296 0.76115942 0.43869439 0.40165854 0.87656832 0.72258049 0.42447117 1.07358217 0.62942612 0.55872595 -0.05584025 0.75484288 0.5489406 0.05442252 0.59547257 0.72503579 -0.10586841 0.71937591 0.70698178 0.14666602 0.54174173 0.89424151 -0.39774793 0.72706985 0.84590828 0.06273153
0.50723416 0.39178529 0.31965104 0.68916374 0.38329723 0.53444958 0.43772045 0.42465729 0.4621155 0.77779382 0.43076649 0.749883 0.4366397 0.39850548 0.83789295 0.69890189 0.4227348 1.06987989 0.62973499 0.56022656 -0.06180416 0.75488681 0.55091166 0.06046383 0.59553879 0.72640437 -0.12160445 0.71903068 0.70754224 0.1584612 0.54214907 0.89497656 -0.41008481 0.72684085 0.84593606 0.08537258
0.50965381 0.39201987 0.30105999 0.68752927 0.38385355 0.51694083 0.44403735 0.42470974 0.43666321 0.77509689 0.43368852 0.73706371 0.43714935 0.3906098 0.8019219 0.69434154 0.42158079 1.06882524 0.6306653 0.56109232 -0.06191396 0.75497937 0.55235809 0.06056432 0.59547681 0.72726995 -0.11803575 0.71900356 0.7078349 0.1567364 0.54226887 0.89530176 -0.40628663 0.72671378 0.84603608 0.07253175
0.51069754 0.3920019 0.2746689 0.68799663 0.3840206 0.50437927 0.45215958 0.42560747 0.40706205 0.77666253 0.4343152 0.70946544 0.43733975 0.39203957 0.75816303 0.6989314 0.42452514 1.01621115 0.63217896 0.56111968 -0.06485946 0.75524431 0.55241913 0.06351817 0.59560472 0.72833556 -0.10719202 0.71902657 0.70809191 0.15989411 0.54228932 0.89556801 -0.36103949 0.72666919 0.8461805 0.07955528
0.51230949 0.39175665 0.23979744 0.68803781 0.38402355 0.49948204 0.45462871 0.42559275 0.34934878 0.77783239 0.43413877 0.69700599 0.43539682 0.39296305 0.67053038 0.71966463 0.42352104 0.99553269 0.6338892 0.56112576 -0.07633322 0.75581056 0.55252832 0.07495157 0.59608728 0.72892839 -0.10708411 0.71901846 0.7082932 0.18044129 0.5423221 0.89581126 -0.35227177 0.72658062 0.84624106 0.11376694
0.51152563 0.39220443 0.25288647 0.6860019 0.3835772 0.5015406 0.4540472 0.42988306 0.35177499 0.79003626 0.43396389 0.68207258 0.43310529 0.39387938 0.64751828 0.73776042 0.42290339 0.96494073 0.63403422 0.56181437 -0.07751185 0.75592214 0.55248511 0.07615244 0.59632713 0.72965461 -0.10495383 0.7190178 0.70836103 0.18828651 0.54234457 0.89602143 -0.34767425 0.72652632 0.84624398 0.12340058
0.51067793 0.39231947 0.24761581 0.68607819 0.38282707 0.50730354 0.45361865 0.42985395 0.34591436 0.80001026 0.43378946 0.68916684 0.43262455 0.39401773 0.64452106 0.75111443 0.42180318 0.9705053 0.63404787 0.56203812 -0.08362895 0.75602001 0.55245554 0.08231811 0.59700346 0.72996658 -0.10282991 0.71904778 0.70864528 0.20401931 0.54234731 0.89599776 -0.3329803 0.7265532 0.84622091 0.1449094 
0.51065946 0.39305955 0.2472834 0.68597013 0.38249445 0.50786179 0.45334619 0.43005002 0.35044697 0.8043009 0.43368742 0.68744498 0.43276757 0.39443636 0.65555972 0.7535184 0.42067754 0.96816009 0.63429654 0.5628472 -0.08536566 0.75636148 0.55283535 0.08408005 0.59746873 0.73046398 -0.09941614 0.71934646 0.70896745 0.21822771 0.54237515 0.89598256 -0.31285453 0.72662354 0.84614784 0.1762929 
0.51065701 0.39404088 0.25174248 0.68620604 0.38198978 0.50718755 0.45314482 0.43013504 0.35706291 0.81242317 0.43354028 0.68384504 0.43309328 0.39476076 0.66174573 0.76073956 0.41661346 0.96340364 0.63500792 0.56341165 -0.08587617 0.75663918 0.55281454 0.08460431 0.59811187 0.73031312 -0.09863682 0.7194761 0.70893204 0.20830293 0.5429374 0.89589697 -0.31900015 0.7265802 0.84601051 0.14821149
0.51045424 0.39473015 0.26015735 0.68630207 0.38125613 0.49088925 0.45298481 0.43048194 0.37026757 0.81348634 0.43184155 0.65989542 0.43383297 0.39498103 0.68081552 0.76545012 0.41553754 0.94128793 0.63532907 0.56336766 -0.08405296 0.75683856 0.55225319 0.08278039 0.59952956 0.73024374 -0.09279194 0.71946877 0.70894909 0.19855674 0.54380357 0.89567727 -0.31803733 0.72631335 0.84593982 0.13619064
0.50940168 0.39522356 0.28078195 0.68635303 0.38076192 0.49129078 0.45285869 0.43054378 0.3871322 0.81889826 0.42991722 0.66155767 0.43833026 0.39503688 0.68848896 0.7661342 0.41507676 0.95238876 0.63540357 0.56324792 -0.07876211 0.75692958 0.55115676 0.07744525 0.60130149 0.72962326 -0.08980661 0.71943229 0.70893657 0.18169662 0.54464233 0.8954246 -0.32381865 0.7260527 0.84582841 0.09896468
0.50881535 0.39556727 0.28504691 0.68637592 0.38043889 0.49466616 0.45278284 0.4314771 0.38614923 0.81676573 0.42927358 0.66376597 0.44151941 0.39481267 0.66949654 0.76379186 0.4154743 0.94715023 0.63540244 0.56272382 -0.07836925 0.75700265 0.5500828 0.07706062 0.60182315 0.72887534 -0.08981326 0.71943086 0.70850843 0.18177782 0.54526949 0.89540905 -0.32534972 0.72587788 0.84560162 0.09778753
0.50888044 0.39563951 0.28328943 0.68716353 0.38040194 0.48094696 0.46049801 0.43062592 0.38449022 0.81587678 0.42927 0.65086389 0.44695884 0.39262164 0.67688501 0.76194012 0.41591758 0.9297058 0.63540566 0.5626691 -0.07549389 0.75703377 0.54996401 0.074185 0.60184687 0.72867292 -0.08588082 0.719482 0.70825964 0.17864084 0.54541838 0.89539582 -0.32296517 0.72587019 0.8453958 0.09652996
0.50923783 0.3956275 0.27515331 0.68760073 0.3804087 0.47743529 0.461382 0.43061712 0.38080528 0.81522024 0.42951253 0.65081018 0.44804519 0.39194521 0.67950332 0.76004493 0.41762578 0.93155473 0.63537514 0.56267029 -0.07348994 0.75707835 0.54996848 0.07218287 0.60182029 0.7288025 -0.07958089 0.71974486 0.70810378 0.1781591 0.54540247 0.89544195 -0.31521046 0.72591233 0.8453719 0.09770621
0.50914913 0.39561206 0.26167133 0.68785203 0.38032493 0.45612448 0.46464175 0.43060765 0.37947553 0.8145746 0.42969942 0.63615954 0.44853216 0.39180934 0.68260258 0.75577605 0.41827208 0.92294252 0.63513941 0.56312054 -0.068994 0.75708222 0.55002397 0.06766009 0.60181648 0.72881037 -0.06649354 0.72019029 0.70772952 0.17745979 0.54522926 0.89546394 -0.29008865 0.72611821 0.845227 0.10485385
0.50838649 0.39562148 0.24684864 0.6868726 0.38020545 0.44929674 0.46424267 0.43137836 0.3691802 0.80166221 0.43012923 0.62842309 0.44846478 0.3918654 0.68082666 0.75174749 0.41957077 0.91302234 0.63501906 0.56354034 -0.06869185 0.75709403 0.55009389 0.06735116 0.60181665 0.72880745 -0.05732612 0.72032082 0.70749021 0.18061654 0.54503679 0.89545941 -0.26975214 0.72628444 0.84508455 0.12810585
0.50834 0.39567342 0.25010431 0.68689454 0.380209 0.44850409 0.46659544 0.43155342 0.36509186 0.80183446 0.4304221 0.62452823 0.44819033 0.39199528 0.66953039 0.75075585 0.4196772 0.90577871 0.63499528 0.56391978 -0.06760002 0.75710887 0.5503915 0.06625424 0.60183364 0.72888178 -0.05143328 0.72046012 0.70748329 0.18620232 0.54489195 0.89545465 -0.26150292 0.72666657 0.84499645 0.14364165
0.50818032 0.39571252 0.25177652 0.68680823 0.38024026 0.44465977 0.46787265 0.43233162 0.36464772 0.80195928 0.43060464 0.6212582 0.44798517 0.39210525 0.66795111 0.75009781 0.41906464 0.90740824 0.63499033 0.56429595 -0.06678659 0.75735939 0.55086213 0.06544409 0.6019029 0.72893161 -0.04657915 0.72071171 0.70748192 0.19474483 0.54456246 0.89546174 -0.24965142 0.72689831 0.84491336 0.16324465
0.50808597 0.39570761 0.25283283 0.68682373 0.38031301 0.43748116 0.4723537 0.43331924 0.36980882 0.80205888 0.430803 0.61681449 0.44788766 0.39217642 0.6770708 0.74966413 0.41857654 0.90713435 0.63498962 0.5643447 -0.06199477 0.75778985 0.55109429 0.06063259 0.60205907 0.72892505 -0.034637 0.72087717 0.70746368 0.19390556 0.54455698 0.89540899 -0.23201413 0.7271952 0.84490955 0.16044907
0.50786752 0.3959406 0.27704319 0.68683732 0.38038316 0.44131023 0.47497419 0.43612787 0.3991017 0.80211872 0.43068758 0.61999267 0.4415518 0.39309126 0.70388073 0.74959987 0.41729587 0.91243279 0.63491499 0.56433463 -0.05634141 0.75803953 0.55102867 0.05496389 0.60217845 0.72880918 -0.03295462 0.72107631 0.70741361 0.18709502 0.54454505 0.89536971 -0.24373144 0.7273795 0.84490991 0.14212058
0.5075525 0.39593896 0.28735068 0.68690664 0.38038525 0.44519863 0.47761303 0.43832234 0.41015565 0.80218494 0.43058437 0.62392032 0.43831867 0.39422145 0.71965438 0.74615449 0.41729906 0.91976106 0.63460499 0.5640015 -0.0551739 0.75805414 0.55031335 0.05380085 0.60226452 0.72842371 -0.03350696 0.72124177 0.70716798 0.18353845 0.54453927 0.89521211 -0.24711329 0.72754329 0.84490854 0.13253216
0.50678068 0.39596531 0.30744115 0.68748403 0.3802636 0.4577935 0.47692668 0.43949965 0.41845873 0.80321819 0.43017247 0.635432 0.43988833 0.39415315 0.71915859 0.74617255 0.4186939 0.94088668 0.63370681 0.56358534 -0.05363959 0.75804162 0.54925293 0.05225035 0.60226452 0.72799367 -0.02794987 0.72126794 0.70690572 0.17880209 0.54453313 0.895033 -0.24745005 0.72755545 0.84490472 0.11348609
0.50544727 0.39596489 0.34997725 0.68785977 0.37976465 0.505014 0.47627586 0.44383848 0.46752417 0.81111926 0.42951086 0.69568229 0.43299428 0.41372412 0.77566278 0.74850446 0.41876313 1.03540516 0.63233674 0.56250709 -0.05420019 0.75764561 0.54762828 0.05279566 0.60218704 0.72708929 -0.02991762 0.72102326 0.70670885 0.16570295 0.5445978 0.89487153 -0.27001932 0.72748756 0.84490526 0.05636564
0.50005978 0.39559233 0.35018709 0.68826604 0.37885162 0.5230943 0.47367015 0.44436896 0.46385291 0.81125325 0.42944974 0.71194112 0.43136421 0.41943589 0.77576625 0.74587125 0.41884288 1.05270576 0.62873709 0.5599671 -0.05467548 0.75645471 0.54500329 0.05328123 0.60208011 0.72577935 -0.03306786 0.72060364 0.70528394 0.15531626 0.54462934 0.89469057 -0.30702409 0.72705185 0.84490329 0.02551663
0.49739212 0.39536327 0.33624023 0.68833917 0.37762776 0.5093745 0.46775508 0.45105904 0.46384236 0.81201357 0.4292106 0.69478649 0.43170625 0.43890449 0.82867259 0.73620379 0.41775623 1.024266 0.62684852 0.55892628 -0.06100963 0.75544393 0.54447407 0.0595845 0.60186744 0.72531331 -0.03613856 0.71939242 0.70451629 0.157005 0.54462665 0.89467651 -0.30584636 0.72682709 0.84490401 0.04920463
0.49767822 0.39512894 0.32873589 0.688568 0.37705892 0.50908703 0.4671599 0.44137415 0.45426351 0.81207597 0.42912215 0.68704247 0.43472812 0.40877539 0.79553092 0.73494047 0.411677 0.98524576 0.62588388 0.55841547 -0.06280407 0.75478148 0.54458541 0.06140533 0.60063231 0.72523499 -0.05254307 0.71887392 0.70424879 0.15694594 0.54459411 0.89470494 -0.31350064 0.72668332 0.84495258 0.05024663
0.4982335 0.39274555 0.27784798 0.69139171 0.37708485 0.47568846 0.46622407 0.42082602 0.41651198 0.81167156 0.42839515 0.66522253 0.44554594 0.38860264 0.79073972 0.72274482 0.40832317 0.95823014 0.62563705 0.55835503 -0.06402473 0.75472379 0.54536873 0.06262536 0.59917814 0.72542113 -0.0694563 0.71886909 0.70426661 0.15919787 0.54436642 0.89486688 -0.32614642 0.72638345 0.84495717 0.05994412
0.49887741 0.39164987 0.25436732 0.69167131 0.37711191 0.47494444 0.4762055 0.40861872 0.33396804 0.81187844 0.4272733 0.62129819 0.44835299 0.38145494 0.62459558 0.7226975 0.40349978 0.86163384 0.62574947 0.55841869 -0.07506984 0.75473058 0.54646248 0.07376729 0.59854347 0.72613347 -0.08558775 0.71816504 0.70447135 0.17450123 0.54428536 0.89505082 -0.34579614 0.72637647 0.84504473 0.07934401
0.4989385 0.38876888 0.20948856 0.69335884 0.37713113 0.41786316 0.47540188 0.40237466 0.33195406 0.81181312 0.42620802 0.62110454 0.46054843 0.37551859 0.65223759 0.72051793 0.40214759 0.89749831 0.62583417 0.5586223 -0.07800929 0.75474322 0.54821646 0.07673344 0.59743011 0.72727239 -0.10254256 0.71789426 0.70530385 0.1821755 0.54428101 0.89520639 -0.35229132 0.72609752 0.84508628 0.1067011 
0.49973795 0.38702884 0.16695528 0.69669616 0.37714279 0.36330342 0.47986111 0.40683115 0.32709423 0.81325597 0.4253563 0.58409929 0.46844462 0.37270138 0.66932189 0.72200769 0.39705664 0.89034241 0.62586665 0.55942845 -0.08135683 0.75471443 0.55159473 0.08011663 0.59606212 0.72765523 -0.09998534 0.71685356 0.70658433 0.20642424 0.54419404 0.89520282 -0.35030314 0.7256524 0.84548038 0.16605836
0.49976096 0.3855224 0.11628748 0.69799405 0.37687099 0.32312298 0.49908113 0.39920035 0.30316442 0.81317788 0.42525613 0.5671401 0.48308766 0.36925757 0.67968482 0.71719754 0.39507964 0.89257783 0.62604433 0.55834031 -0.08355903 0.75471258 0.55156577 0.08234464 0.59510738 0.72767258 -0.11028256 0.71682972 0.70591128 0.20073751 0.54419601 0.89504021 -0.33840564 0.72428733 0.84573853 0.15568882
0.49984741 0.38539395 0.06596541 0.69800204 0.37670088 0.28404045 0.53485554 0.4039461 0.22089481 0.81191623 0.42548111 0.51421976 0.49793276 0.37089926 0.57264096 0.71693176 0.39622313 0.84351414 0.62665272 0.55837882 -0.08238572 0.75462711 0.55153787 0.08115904 0.59454912 0.72767639 -0.10044963 0.71670955 0.70542324 0.19850793 0.54424828 0.89471287 -0.25303346 0.723005 0.846017 0.17540425
0.50019681 0.3853617 0.06757037 0.69790936 0.37669182 0.28682691 0.53948879 0.40646756 0.22129272 0.81124151 0.42554584 0.51537162 0.50050497 0.37270546 0.56996906 0.71622252 0.3969242 0.83792764 0.62774169 0.55841237 -0.08167132 0.75459212 0.55164886 0.08046842 0.59440303 0.72794533 -0.09606614 0.71672779 0.70559019 0.19686784 0.54435527 0.89439857 -0.24754062 0.72265279 0.84607953 0.18292399
0.50033021 0.38476002 0.05513917 0.69850016 0.37660047 0.27833399 0.53617221 0.40791503 0.23097463 0.81110966 0.42558289 0.51787001 0.49950585 0.37094399 0.59535843 0.71698028 0.39574108 0.84476006 0.62903488 0.5586853 -0.08124322 0.75459677 0.55221844 0.08007044 0.59418452 0.72832555 -0.09772316 0.71673405 0.70588225 0.19602115 0.54450762 0.89392859 -0.25329864 0.72245067 0.84609073 0.18152304
0.50178474 0.38494214 0.0539653 0.6986708 0.37672201 0.28626037 0.54030144 0.40876523 0.23185891 0.80867004 0.42560849 0.5255034 0.49931347 0.37252477 0.60358214 0.71663797 0.39529216 0.84494233 0.62981421 0.55870283 -0.0815623 0.75459623 0.55243528 0.08042784 0.59418714 0.72893995 -0.0979749 0.71674156 0.70646024 0.19551076 0.54519719 0.89312959 -0.25671411 0.72209394 0.84609318 0.18205096
0.50422227 0.38504738 0.0405756 0.69864953 0.37710181 0.28751206 0.54247642 0.40934023 0.2007508 0.80762088 0.42562634 0.51917267 0.50036818 0.37335259 0.56047922 0.71699959 0.39524066 0.82212776 0.63066691 0.55864877 -0.0830623 0.75459808 0.55250782 0.08196504 0.59419078 0.72921365 -0.09669661 0.71670973 0.7066502 0.19519304 0.54543257 0.89278686 -0.2505053 0.7218529 0.84612572 0.18197788
0.50514179 0.38524055 0.0379736 0.6986205 0.37725791 0.28336564 0.54045701 0.40971029 0.19955505 0.80702043 0.42544425 0.51591939 0.50254339 0.37394094 0.56595057 0.71689546 0.3947964 0.81776744 0.63137972 0.55866694 -0.08397 0.75462234 0.55247718 0.08289294 0.59416127 0.72951287 -0.10029674 0.71680582 0.70665705 0.18756662 0.54555982 0.89262426 -0.25624537 0.72163928 0.84613919 0.1801274 
0.50620389 0.38571391 0.05043781 0.69884229 0.37722307 0.27832338 0.53797966 0.40978336 0.22181252 0.80762154 0.425069 0.51932716 0.50379878 0.37450847 0.57648915 0.71373701 0.39397547 0.82941312 0.63166857 0.55875677 -0.08381349 0.75470692 0.55246824 0.08275344 0.59417516 0.7295844 -0.10457935 0.71707308 0.70663607 0.18205236 0.54569215 0.89254361 -0.27013662 0.72139257 0.84611303 0.16664153
0.50643742 0.38575211 0.0664326 0.69883829 0.37638369 0.28862146 0.53539097 0.40991297 0.2581563 0.80762661 0.42463362 0.53083688 0.50171328 0.37199599 0.6584444 0.7120837 0.39251274 0.87058175 0.63166535 0.5589112 -0.0835785 0.75495493 0.55234486 0.08251202 0.59431309 0.72951943 -0.12175242 0.71735448 0.70652127 0.18279573 0.54567617 0.89249587 -0.31195924 0.72124726 0.84608042 0.16502953
0.50651306 0.38573968 0.06741611 0.69882524 0.37586784 0.30206463 0.53385299 0.40994471 0.28235641 0.80805266 0.42446765 0.55442137 0.50122046 0.37071705 0.68033588 0.7140801 0.39120916 0.88313699 0.63219362 0.55912519 -0.08817983 0.75596255 0.55233443 0.08712117 0.5953719 0.72938287 -0.1439046 0.71766853 0.70612335 0.20646611 0.54569447 0.89256823 -0.35280102 0.72114956 0.8458814 0.18393964
0.50664538 0.38574159 0.09622388 0.69996136 0.37590253 0.29804894 0.53303367 0.41002476 0.3074632 0.80981171 0.42458308 0.52444834 0.50009292 0.37102768 0.69312948 0.71793652 0.39159662 0.83613765 0.63234776 0.5591886 -0.08242927 0.75685918 0.55212766 0.08138912 0.5970763 0.72911763 -0.13557705 0.71871603 0.7057277 0.20521449 0.54569811 0.89260668 -0.34409153 0.72107577 0.84583414 0.17209284
0.50712591 0.38611385 0.09032823 0.70028293 0.37602118 0.27063912 0.53291351 0.41004699 0.30400172 0.81065351 0.42458835 0.50026864 0.50039822 0.37141663 0.68640804 0.71925145 0.39163798 0.81810117 0.63251269 0.55990177 -0.07718636 0.75767487 0.55207092 0.07613873 0.59869111 0.72903425 -0.12253913 0.71958053 0.7056703 0.20314837 0.54570025 0.89260668 -0.3052603 0.7210657 0.84575689 0.19171052
0.50706536 0.38656098 0.09064547 0.70051336 0.37605867 0.25643155 0.53439766 0.4100768 0.30460402 0.81257242 0.42459437 0.49053651 0.50286311 0.37158281 0.69664252 0.72469085 0.3911534 0.81298107 0.632662 0.56175035 -0.07355667 0.75820601 0.55204898 0.07252337 0.59983248 0.72909153 -0.1067387 0.72054881 0.70566821 0.2048246 0.54570156 0.89260709 -0.27329722 0.72104824 0.84553844 0.20825152
0.50687814 0.38674057 0.10434689 0.70071834 0.37615082 0.26142624 0.53544778 0.4101325 0.32863039 0.81360346 0.42523912 0.4928036 0.50434059 0.37174499 0.72275543 0.72995538 0.3906621 0.8177194 0.6326791 0.56194085 -0.070342 0.75831521 0.55168855 0.06932759 0.60053849 0.72909033 -0.10090607 0.72146726 0.70564502 0.20377806 0.54576212 0.89261442 -0.26408923 0.72108853 0.84539932 0.20467177
0.50666893 0.38686854 0.10636218 0.70090306 0.37637368 0.26501545 0.53586966 0.4102639 0.32574189 0.81363767 0.42626062 0.49276626 0.50468171 0.37179443 0.71703106 0.73170835 0.39071861 0.81523198 0.63268298 0.56193519 -0.0699002 0.75838739 0.55108041 0.06888788 0.60102904 0.72907639 -0.09832872 0.72213739 0.7054159 0.20344472 0.54589599 0.89261597 -0.2638886 0.72110826 0.84526604 0.20383029
0.50649089 0.38688532 0.10629744 0.70097983 0.37644762 0.2644777 0.5363664 0.41031048 0.32027462 0.81359398 0.42735222 0.48974508 0.5047521 0.37190211 0.70748305 0.73260218 0.39074457 0.81190932 0.63264662 0.5620082 -0.06907225 0.75839776 0.55055124 0.06804776 0.60105669 0.72915173 -0.09635505 0.7230733 0.70518327 0.20332499 0.5460723 0.8926174 -0.26272324 0.72113895 0.84508806 0.20385656
0.50629026 0.38690081 0.10595474 0.70097661 0.37656826 0.26662198 0.54028451 0.41034812 0.3173295 0.81353563 0.42852125 0.49055335 0.5044592 0.3719905 0.70220268 0.73277867 0.39139652 0.81386691 0.6326744 0.56218469 -0.0693423 0.75855064 0.55034411 0.06831323 0.60112923 0.72930151 -0.09354725 0.72495937 0.70494819 0.2071496 0.54621655 0.89260179 -0.25844762 0.72129661 0.84486425 0.21545739
0.50592023 0.3868984 0.10979801 0.70096427 0.37667218 0.26797822 0.54177642 0.41036347 0.31691781 0.81369191 0.42943507 0.49267635 0.50433779 0.37128526 0.68582618 0.73282641 0.39211908 0.81632942 0.63268584 0.56222993 -0.06954344 0.75884402 0.55029207 0.06851146 0.60127693 0.72924882 -0.09071301 0.7258867 0.7046867 0.21166101 0.54637033 0.89246356 -0.25954062 0.72148186 0.84459221 0.21844779
0.50584859 0.38728863 0.10932003 0.70100206 0.37693459 0.26972431 0.54281622 0.41066226 0.30708748 0.81486934 0.43011364 0.49105972 0.50415027 0.37198284 0.67316175 0.73319626 0.39330095 0.81053269 0.63302028 0.56233752 -0.06949113 0.76003838 0.5502885 0.06845015 0.60135639 0.72907424 -0.08971047 0.72727627 0.70427662 0.21238036 0.54638571 0.89251029 -0.2610065 0.7216382 0.84432125 0.22002129
0.50578177 0.38816786 0.11287192 0.70092565 0.37707743 0.2693485 0.54669124 0.41602042 0.31049788 0.81587416 0.43037045 0.48120824 0.50401556 0.37254134 0.68344396 0.73415935 0.39356124 0.79526919 0.63346893 0.56234348 -0.06765097 0.76042193 0.54997534 0.06660827 0.60170037 0.72875351 -0.09055618 0.7282533 0.70417184 0.21116032 0.54614383 0.8930943 -0.26474404 0.72168565 0.8441776 0.21910815
0.50566405 0.38883826 0.11672925 0.70085508 0.37729204 0.26910079 0.54419094 0.41591084 0.31819424 0.8179611 0.43054232 0.47809753 0.50392532 0.37344113 0.695355 0.73604101 0.39366743 0.79001111 0.63438398 0.5623939 -0.067794 0.76084161 0.54971385 0.0667503 0.60208791 0.72866821 -0.09957756 0.72843659 0.70416427 0.21100216 0.54581374 0.89371306 -0.28469208 0.72177052 0.84399039 0.21583056
0.50551695 0.38901615 0.11779128 0.70039326 0.37775221 0.26956254 0.54322964 0.41576454 0.31603128 0.81809592 0.43071714 0.48038217 0.50382394 0.37452662 0.69502968 0.73669422 0.3954055 0.79399222 0.63485688 0.56258255 -0.06954905 0.76136589 0.54966521 0.06851526 0.60309982 0.72830802 -0.10754642 0.72937101 0.70394588 0.21354455 0.54566503 0.89394349 -0.30308387 0.72186792 0.84369117 0.21385731
0.50531244 0.38949361 0.10724674 0.70038444 0.37830409 0.26992029 0.5430494 0.41517159 0.29467854 0.81762278 0.4307901 0.48115212 0.50214553 0.37666181 0.65897489 0.73651975 0.396047 0.79581988 0.63520634 0.56265295 -0.07651173 0.76183915 0.54962462 0.0754941 0.60375059 0.72824442 -0.11102151 0.72943217 0.70398027 0.22050862 0.54553384 0.89413148 -0.30315283 0.72188991 0.84345353 0.22672099
0.50521231 0.38980454 0.11000684 0.70011741 0.3786689 0.27609184 0.54169983 0.41502106 0.29528651 0.81560165 0.43077242 0.48266178 0.5021497 0.37680024 0.65790451 0.73573798 0.39746937 0.79477 0.63524127 0.56250775 -0.0767465 0.761922 0.54932868 0.07572787 0.60386193 0.72798842 -0.11101274 0.72940308 0.70400834 0.21699667 0.54530799 0.89413047 -0.30485883 0.72187167 0.84345108 0.20924196
0.50514096 0.39048207 0.11780551 0.69970775 0.37888375 0.28144899 0.54063076 0.41489705 0.29555184 0.8134591 0.43077862 0.48331824 0.50195187 0.37678078 0.65230173 0.73392045 0.39788499 0.79620934 0.63495564 0.56219393 -0.07575507 0.76163447 0.54906493 0.07472061 0.60368359 0.72744155 -0.10738996 0.72917593 0.7039541 0.1997042 0.54473996 0.89414483 -0.30217957 0.72156596 0.84345531 0.16685261
0.50512534 0.39044851 0.13857377 0.69894338 0.37871787 0.30281031 0.53916603 0.41480452 0.27797103 0.81080419 0.42957476 0.47612354 0.49833912 0.374524 0.58274502 0.72711784 0.39791709 0.74969774 0.63295627 0.56143188 -0.07034691 0.76044536 0.54877466 0.06923481 0.60244691 0.72714764 -0.08391397 0.72813606 0.70388591 0.18524237 0.54405063 0.8941136 -0.2921989 0.72114414 0.84357154 0.13339414
0.50511426 0.39007476 0.1388693 0.69892406 0.37828436 0.30287746 0.53912866 0.41521186 0.32434931 0.80770653 0.42830962 0.51225489 0.49791977 0.37478736 0.70017284 0.71785676 0.39625829 0.82665795 0.63114059 0.56052071 -0.06709743 0.75913918 0.54870331 0.06592118 0.59976906 0.72697055 -0.08459985 0.72620428 0.70386785 0.16287126 0.54355615 0.89410675 -0.28931525 0.72088158 0.84371048 0.10832378
0.50507373 0.38969353 0.13831726 0.69898522 0.37823471 0.28508058 0.53891772 0.41393659 0.33034506 0.8064366 0.42713886 0.51022971 0.49692181 0.37174484 0.71809042 0.71233988 0.39441559 0.83822161 0.62854689 0.56053597 -0.06416487 0.75700802 0.54952425 0.06301637 0.59832323 0.72697502 -0.08519378 0.72405052 0.70386618 0.1590865 0.54339546 0.89416385 -0.28738832 0.72078574 0.84391558 0.12080158
0.50524992 0.38862693 0.13749561 0.69911993 0.37756485 0.28408965 0.5408442 0.4127301 0.33782947 0.80521744 0.42561069 0.53093708 0.49687573 0.36924145 0.74215865 0.71041131 0.39256996 0.87940007 0.62624198 0.56063175 -0.06423998 0.75591123 0.55085081 0.06310547 0.59765065 0.72697425 -0.08431895 0.72288835 0.70387781 0.16549253 0.54339916 0.89414728 -0.27073786 0.72080177 0.84392071 0.15544467
0.50364125 0.38476583 0.11621038 0.69911528 0.37617862 0.28473994 0.54059267 0.40686819 0.33639607 0.80383301 0.42444089 0.55348748 0.49759549 0.36614621 0.75802058 0.70311511 0.38940674 0.91032135 0.62309134 0.5606333 -0.06732808 0.75211519 0.55087292 0.06617316 0.59584951 0.72727138 -0.09249501 0.72166711 0.7037223 0.17074899 0.54368043 0.89419001 -0.2738232 0.72064239 0.84392858 0.15708208
0.50364435 0.38172215 0.10702333 0.69909877 0.37422606 0.28483662 0.54021013 0.40543917 0.33654377 0.80372208 0.42362145 0.56193638 0.49772298 0.36627039 0.76303208 0.70258558 0.38683304 0.92978436 0.62195247 0.56010687 -0.06906653 0.74875379 0.55085236 0.06789081 0.59471679 0.72712696 -0.0963727 0.72003734 0.70278126 0.17339557 0.54384035 0.89426595 -0.27479067 0.72061634 0.84371477 0.16438915
0.50266719 0.38025999 0.09838089 0.69894654 0.37277135 0.27987352 0.53893429 0.40322825 0.33384088 0.80037302 0.42344013 0.54989278 0.49839443 0.36546123 0.75004715 0.70175284 0.38666993 0.90618849 0.61947966 0.559439 -0.06998795 0.74544799 0.55022967 0.06883232 0.59246588 0.72784364 -0.09610788 0.71993345 0.70279217 0.17373641 0.54430425 0.89434123 -0.27231973 0.72072893 0.84352201 0.17095914
0.50199074 0.37920702 0.12132692 0.69698107 0.37205982 0.30113998 0.53184211 0.40142742 0.37360725 0.79731023 0.42222673 0.57841885 0.49868283 0.36459833 0.80193532 0.70175773 0.3860192 0.9454692 0.61585259 0.55846512 -0.07265022 0.74152446 0.54936063 0.07154547 0.59068477 0.72798312 -0.12183232 0.71981323 0.70169407 0.17393425 0.54697132 0.89499027 -0.31584457 0.72091401 0.84240562 0.16074334
0.50191176 0.37803459 0.15614645 0.69576216 0.37195423 0.33582801 0.53023595 0.40168628 0.40686637 0.79378045 0.42179403 0.59885472 0.49714938 0.36475337 0.83548713 0.70259964 0.38483411 0.95423937 0.61355877 0.55734473 -0.07907956 0.73874921 0.54879856 0.0780421 0.58786285 0.72802842 -0.14751826 0.71986336 0.70161116 0.17451201 0.54883677 0.89513415 -0.34519514 0.7233538 0.84185094 0.17143038
0.50082308 0.37812063 0.17687497 0.69578606 0.3719883 0.37456173 0.52718073 0.4012531 0.45313036 0.79330641 0.42189524 0.64683139 0.49532577 0.36457714 0.927665 0.70340139 0.38454479 1.01601005 0.61043787 0.55715489 -0.08582604 0.73670429 0.54852027 0.08479466 0.58592486 0.72851688 -0.16430032 0.7203477 0.70160991 0.17516935 0.54996371 0.89535719 -0.36576045 0.72373074 0.84181887 0.17411599
0.50068122 0.3780179 0.16626845 0.69580948 0.37201399 0.36532682 0.52363396 0.39921898 0.42641833 0.78955013 0.42198053 0.63431889 0.49447536 0.36381453 0.89002711 0.70301509 0.38482431 0.99791104 0.61067271 0.55685079 -0.0906827 0.73659927 0.54823017 0.08964684 0.58522737 0.72854936 -0.17171958 0.72032392 0.70136702 0.18340535 0.55001336 0.89539492 -0.37999675 0.72379684 0.84172934 0.188665 
0.49883023 0.37821057 0.18851063 0.69514155 0.37199745 0.37092477 0.52288067 0.39962432 0.45452434 0.78799969 0.42184612 0.63826263 0.4945108 0.3638334 0.9118914 0.70174909 0.38505119 1.022416 0.61014813 0.55628663 -0.09130769 0.73622572 0.54771239 0.09029199 0.58410335 0.72852904 -0.17941381 0.72052276 0.70036536 0.18838258 0.55044526 0.89471334 -0.40306228 0.72390145 0.84128684 0.18889245
0.49624988 0.37832013 0.17619522 0.69426835 0.37199458 0.36077175 0.52346253 0.40306523 0.43316439 0.78723818 0.42167816 0.63032413 0.49656773 0.36729276 0.87910914 0.69961482 0.38513133 1.01256752 0.60920364 0.55632013 -0.09135254 0.73540264 0.54768836 0.09038516 0.58352512 0.72855914 -0.17374207 0.72029603 0.70010936 0.1912072 0.55101073 0.89450085 -0.38988039 0.72407579 0.84124458 0.18905549
0.49483082 0.37841961 0.17083667 0.69427812 0.37201354 0.35439202 0.5237844 0.40490657 0.41107175 0.78673029 0.42165008 0.62232989 0.49829182 0.36972511 0.81670219 0.69983155 0.38754952 1.00820875 0.60919899 0.5563423 -0.09117851 0.73533952 0.54767454 0.09023224 0.58367842 0.72885787 -0.17344771 0.7203151 0.70022112 0.19455221 0.55139548 0.89410681 -0.39278385 0.72421938 0.8411721 0.19442423
0.49350983 0.37868169 0.16882896 0.69429374 0.37210196 0.34077269 0.5240624 0.40630648 0.40938517 0.78626353 0.42163792 0.59046626 0.49902615 0.37099445 0.81771272 0.70015568 0.38918647 0.94727391 0.60943764 0.55682909 -0.08915448 0.73559725 0.54783916 0.0883081 0.58375126 0.72906822 -0.16966152 0.72038651 0.70065212 0.19527832 0.55141175 0.89396745 -0.38684055 0.72426146 0.84117413 0.19963051
0.49224898 0.37894824 0.16021584 0.69497609 0.37237841 0.32041022 0.52415204 0.40629691 0.39169386 0.78610611 0.42170909 0.5645681 0.49948415 0.37158075 0.79769057 0.70024896 0.39085999 0.91174507 0.61025178 0.55798799 -0.08900709 0.73571765 0.54866987 0.08819751 0.58445024 0.72936088 -0.16642222 0.72031641 0.70243829 0.19954777 0.55149066 0.89384234 -0.38014168 0.72423762 0.8411895 0.21065326
0.49231046 0.38029891 0.14787067 0.69498593 0.37303695 0.30395803 0.51851141 0.40239364 0.36901906 0.78390425 0.42210656 0.5464763 0.49880737 0.37070069 0.77144176 0.70048815 0.39084542 0.88366973 0.61304575 0.55937344 -0.08654011 0.73725784 0.55104613 0.085678 0.58670485 0.7298308 -0.15603848 0.72029227 0.70312083 0.20008421 0.55174208 0.89376932 -0.37533337 0.72410393 0.84129101 0.20974886
0.49234009 0.38235563 0.14433105 0.69499481 0.37377951 0.30214015 0.51862478 0.40362391 0.36756241 0.78339899 0.42319691 0.53622448 0.49759364 0.3723428 0.76902074 0.7030465 0.39086768 0.85593921 0.61513501 0.55965877 -0.08243246 0.7380622 0.55139691 0.08154259 0.58855909 0.73005652 -0.14980748 0.72034782 0.70412439 0.20000358 0.55206907 0.89368588 -0.36799628 0.72399592 0.8415218 0.20828548
0.49268353 0.38393879 0.14258413 0.69544381 0.37509879 0.29123923 0.5190413 0.40482739 0.36925074 0.78376532 0.42482761 0.50451535 0.49796793 0.37534764 0.76407731 0.7145431 0.39078566 0.79787397 0.61596829 0.56074643 -0.07829957 0.73874491 0.55214143 0.07740337 0.58954036 0.73040456 -0.14082898 0.72035617 0.70502323 0.19968776 0.55231392 0.89361131 -0.34761503 0.72399217 0.84160036 0.20776518
0.49700442 0.38455221 0.15217185 0.69606113 0.37686023 0.29649216 0.5193941 0.40511739 0.39236701 0.78471476 0.42554033 0.514503 0.49970409 0.38141912 0.79793674 0.7231372 0.39074752 0.80894881 0.61817634 0.56068391 -0.07564061 0.74095523 0.55200851 0.07470076 0.59042597 0.73036849 -0.14140435 0.72097248 0.70498252 0.19579937 0.55259323 0.89347827 -0.34817299 0.72408539 0.8417443 0.20748697
0.4990916 0.38453156 0.15220399 0.69616246 0.3781842 0.29966339 0.51963204 0.40581611 0.38557401 0.78610706 0.42680919 0.515405 0.49927476 0.3801994 0.77852368 0.72456223 0.39105088 0.81816632 0.62023038 0.5606916 -0.07483127 0.74391365 0.55193782 0.07387815 0.59198922 0.73032504 -0.14506912 0.72119933 0.70495099 0.19718914 0.55282706 0.89337462 -0.35526896 0.72409821 0.84185928 0.2140934 
0.49905401 0.38449076 0.15214437 0.69681412 0.37912849 0.30025467 0.51947016 0.40605211 0.37867206 0.78807884 0.42962617 0.49508747 0.49449995 0.37736848 0.76033562 0.72499889 0.39218101 0.78308374 0.62084991 0.56068152 -0.07090836 0.74479544 0.55183452 0.06996135 0.59414989 0.7300784 -0.15084009 0.72120577 0.70489848 0.20099688 0.5529806 0.89309675 -0.35906729 0.72406256 0.8420012 0.22151013
0.49814901 0.38435802 0.14860755 0.69777238 0.3802065 0.30152974 0.50637078 0.4019151 0.36099648 0.79012156 0.43321529 0.49520969 0.4927099 0.37439135 0.73200017 0.72740632 0.39350334 0.77611941 0.62187582 0.56068623 -0.0713006 0.74692178 0.5517959 0.07035197 0.59541446 0.73007673 -0.15701254 0.72129995 0.70487881 0.20896792 0.55295968 0.89301866 -0.37545544 0.72406077 0.84206927 0.22204188
0.49768817 0.3848139 0.15543452 0.69853032 0.38104197 0.31603956 0.50592119 0.4027954 0.3771666 0.79025483 0.4354454 0.50406122 0.49285623 0.37485072 0.75442898 0.72683287 0.39470351 0.77756912 0.62352175 0.56036019 -0.0715909 0.74936062 0.55098057 0.07064004 0.59658951 0.73005927 -0.16355084 0.72176969 0.70378697 0.20816003 0.55301708 0.89305335 -0.38945544 0.72426641 0.84203714 0.22005722
0.49750739 0.38573864 0.15089101 0.69883913 0.3820782 0.31989768 0.49902785 0.39993331 0.37040317 0.79153246 0.43687496 0.52111059 0.4900454 0.37534997 0.7487275 0.72670573 0.39556587 0.79666352 0.62588054 0.56023479 -0.07690331 0.75209183 0.55056244 0.07595436 0.59863967 0.73005182 -0.17668609 0.72333074 0.70248389 0.21452028 0.55313128 0.89306313 -0.40891537 0.7246604 0.84190691 0.21859196
0.49792531 0.38635451 0.14566816 0.69955361 0.38317212 0.31837016 0.50066805 0.40188822 0.36750302 0.79194039 0.43758518 0.52174741 0.4884921 0.37748897 0.74345446 0.73050582 0.39582527 0.8012926 0.6295287 0.56058317 -0.07683708 0.75620347 0.5506475 0.07588466 0.60230994 0.73012501 -0.17344229 0.7267037 0.70248109 0.21316281 0.55313706 0.89427906 -0.40014622 0.72472751 0.84186321 0.21553017
0.49967816 0.38736838 0.12470203 0.70475 0.38571349 0.30852994 0.50118685 0.40385431 0.33970389 0.79278606 0.44169298 0.50105125 0.48710027 0.37835523 0.71779358 0.73188227 0.39957032 0.77286631 0.63282031 0.56112486 -0.07621283 0.76138371 0.55084121 0.07524892 0.60480833 0.73021322 -0.15404987 0.73076552 0.70265985 0.2133977 0.5531162 0.89426488 -0.35844579 0.72531027 0.84221715 0.21289562
0.50031167 0.3893005 0.11921853 0.70582438 0.38728422 0.28879124 0.50090575 0.40550321 0.33878395 0.79252338 0.44209111 0.49667659 0.48792291 0.37888774 0.7245912 0.73151487 0.4022814 0.78867888 0.63740337 0.56178755 -0.07425522 0.7653107 0.55091548 0.07327976 0.6079765 0.73099065 -0.14845841 0.73237622 0.70395625 0.20290734 0.55257392 0.89561528 -0.35549355 0.72561765 0.84290797 0.18476689
0.5009653 0.39032176 0.11256468 0.70612139 0.38877663 0.27350917 0.50159967 0.40787503 0.32913989 0.79111224 0.44275513 0.48684704 0.48592648 0.37875205 0.70786339 0.730883 0.40317747 0.79019964 0.6412856 0.56214887 -0.07087978 0.7675947 0.55091089 0.06983298 0.61274159 0.73108083 -0.13437049 0.73517108 0.703951 0.20484622 0.55274522 0.8958931 -0.32853714 0.72750217 0.84279144 0.21168952
0.50093538 0.3920109 0.10376822 0.70851564 0.39003149 0.26624274 0.501854 0.40940157 0.32233652 0.79118133 0.44791758 0.47491914 0.48497185 0.37865257 0.70414525 0.72718698 0.40691182 0.76770598 0.64568174 0.56216699 -0.06913293 0.77143258 0.55059254 0.06806823 0.61904854 0.73053724 -0.13430855 0.7374118 0.70397586 0.20995072 0.55141085 0.89607608 -0.33533195 0.7277078 0.84277344 0.2178686 
0.50096452 0.3931649 0.12759881 0.70824945 0.3905119 0.2781173 0.50217879 0.40996793 0.35726553 0.79161006 0.44644171 0.48087803 0.48704562 0.37858197 0.72914505 0.72708935 0.40661228 0.77217585 0.64684272 0.56227535 -0.06852667 0.77294236 0.54999626 0.06747013 0.62008286 0.73050719 -0.15471108 0.73890585 0.70328242 0.20139031 0.54867077 0.89621633 -0.38067013 0.72767282 0.8427456 0.16704541
0.50066561 0.39437202 0.11842541 0.70819366 0.39090994 0.27413478 0.5024125 0.41102919 0.3398467 0.79176325 0.44555947 0.48647341 0.48683128 0.37853041 0.71931404 0.72400951 0.40797341 0.79641908 0.64999473 0.56424922 -0.06669153 0.7766822 0.55004483 0.06559674 0.62055773 0.73055571 -0.12845352 0.74169689 0.70373333 0.20134407 0.54708934 0.89641982 -0.33933815 0.72760695 0.84273762 0.17523433
0.50097036 0.39641026 0.11251564 0.70891255 0.39195359 0.26702595 0.50180686 0.41185808 0.32020414 0.79656422 0.44751796 0.48075765 0.48677751 0.37926683 0.68872947 0.72412163 0.41109622 0.7860257 0.6517871 0.56577557 -0.06201936 0.77927268 0.55019826 0.06088439 0.61984032 0.73183042 -0.11436369 0.74292994 0.70425266 0.18814941 0.54716623 0.89662319 -0.31834269 0.72801661 0.84302193 0.15496233
0.50086206 0.39783806 0.10491852 0.70876473 0.39226359 0.26165301 0.50188392 0.41332695 0.30701745 0.79762918 0.4500351 0.46914682 0.48681641 0.38039812 0.67343795 0.72346193 0.41310295 0.77215129 0.65398973 0.56752425 -0.06009103 0.78034759 0.55063975 0.05897242 0.6192441 0.73186982 -0.09884354 0.74239659 0.70475638 0.17604302 0.54725504 0.89616752 -0.28502586 0.72800928 0.84308463 0.13832231
0.50055248 0.39928716 0.09607511 0.70770854 0.39247328 0.25296628 0.50225496 0.41485611 0.30767047 0.79824829 0.45114228 0.46430421 0.48649514 0.38385785 0.68540448 0.72427988 0.41417161 0.76471955 0.65578622 0.56841648 -0.05566287 0.78099537 0.55076271 0.05448877 0.61880249 0.73247921 -0.09180553 0.74219447 0.70666665 0.15816396 0.54730505 0.89569503 -0.26139227 0.72823972 0.84331495 0.11868344
0.50022483 0.40014872 0.082271 0.70768046 0.39387786 0.26290882 0.50315338 0.41655645 0.27148062 0.79739821 0.4546822 0.4680326 0.48638177 0.38687599 0.63102531 0.72757417 0.4154228 0.76771414 0.65981787 0.56872731 -0.07090516 0.78510338 0.55110323 0.06973603 0.61693311 0.73267168 -0.08930089 0.73952955 0.70699203 0.19055502 0.54815757 0.8941943 -0.25994647 0.72852403 0.84403509 0.13997166
0.49766484 0.400161 0.11810826 0.70529646 0.39554271 0.35001987 0.48664522 0.43151397 0.28787607 0.79497117 0.45499155 0.54605478 0.48532438 0.38860139 0.6445148 0.7323373 0.4145503 0.82925075 0.6642943 0.56863225 -0.0984182 0.78907299 0.55180281 0.09740809 0.60279238 0.73131931 -0.11341387 0.73220456 0.70558941 0.22150323 0.54781598 0.89232743 -0.29566291 0.72852993 0.8440429 0.16048722
0.49806225 0.4037824 0.11672439 0.70532537 0.3995918 0.37940976 0.49173599 0.42826435 0.1905636 0.79481345 0.45574185 0.53640693 0.48130274 0.39174432 0.44245514 0.73215568 0.41895902 0.75129384 0.6739186 0.56887305 -0.1241717 0.79587513 0.55474764 0.12318986 0.58167946 0.72733533 -0.13807712 0.72887665 0.70428193 0.29734886 0.54861528 0.88930357 -0.31017989 0.7282545 0.84404218 0.2991665 
0.49806994 0.40810373 0.10691515 0.70470291 0.40352908 0.37031376 0.48893556 0.43988806 0.21426038 0.7883448 0.45737123 0.56237739 0.47657758 0.39583614 0.51454437 0.73256159 0.41879445 0.82071334 0.67652774 0.57431424 -0.12786356 0.7955147 0.56306523 0.12685862 0.56971383 0.72745091 -0.13684286 0.7287454 0.7042855 0.33783749 0.54939115 0.88921171 -0.29966739 0.72814846 0.84349191 0.37562087
0.49845931 0.41309711 0.08604831 0.70313907 0.40781316 0.37363702 0.48649031 0.44493231 0.17823279 0.77943999 0.46034524 0.55292374 0.47415432 0.40500256 0.4593052 0.73231792 0.43743086 0.78464162 0.67845243 0.57894498 -0.14467677 0.79561549 0.5700655 0.14377955 0.55818558 0.72744244 -0.16005254 0.72771657 0.70436156 0.38731632 0.54911685 0.88941491 -0.30177712 0.7283324 0.84333622 0.484267 
0.49840862 0.42016596 0.07693849 0.69946146 0.41230378 0.3745403 0.50893563 0.44510424 0.13298619 0.78002083 0.46952236 0.57786053 0.47196984 0.41239661 0.34183121 0.732458 0.43175402 0.84744793 0.67881924 0.5863325 -0.14574055 0.79699647 0.57616448 0.14480813 0.56716722 0.7291081 -0.17631625 0.72783333 0.70527416 0.40330949 0.54929113 0.88876086 -0.33214569 0.72807312 0.84407616 0.47760326
0.49764523 0.42666689 0.04342893 0.69719136 0.4169105 0.36907771 0.50804758 0.45107743 0.14205292 0.77455693 0.47274494 0.59084028 0.47134051 0.41934794 0.42300755 0.72867036 0.42883894 0.87801903 0.67916936 0.59154248 -0.15352711 0.79689425 0.5821144 0.15251948 0.55198234 0.72677004 -0.17629291 0.72079194 0.70478117 0.47062567 0.54943538 0.88887846 -0.3308385 0.72435635 0.84378916 0.60086805
0.49724331 0.43323836 0.02872339 0.69517815 0.4229503 0.37602329 0.50856698 0.45950752 0.14742637 0.77127731 0.47975302 0.61807507 0.47058922 0.42695823 0.45755479 0.71308798 0.4334318 0.92146593 0.68188888 0.59434026 -0.16291137 0.79883444 0.58524287 0.16192855 0.54133785 0.72045779 -0.20084275 0.72039551 0.70474362 0.49264747 0.54786885 0.88982391 -0.33899158 0.72249109 0.84378403 0.65529561
0.4962143 0.43958941 0.03892137 0.6973998 0.43096033 0.38984329 0.50914556 0.46590129 0.15907513 0.7799378 0.48752493 0.61076349 0.47066328 0.43506065 0.44331878 0.71280694 0.44333035 0.81333995 0.68193638 0.59927326 -0.15537788 0.80127275 0.58871174 0.15437305 0.54790056 0.73293692 -0.18721771 0.71984404 0.70523399 0.46301711 0.54370934 0.88991368 -0.31687507 0.72206068 0.84371036 0.57765347
0.49619994 0.44675025 0.05587706 0.69812733 0.43803531 0.41870266 0.51050848 0.4728781 0.14527753 0.78384757 0.49272031 0.59415835 0.46926627 0.44194868 0.39666483 0.71150023 0.45391378 0.76758182 0.68300015 0.60181993 -0.15610227 0.80273896 0.59177101 0.15510377 0.55142808 0.73961776 -0.18082324 0.71634054 0.70612812 0.48213997 0.54277658 0.89006561 -0.29991448 0.72043252 0.84324414 0.61002839
0.49654192 0.45250407 0.07125043 0.69817734 0.44494954 0.44378802 0.50049341 0.49003765 0.13574696 0.78543991 0.4963282 0.6000917 0.46791384 0.44631058 0.36680967 0.71583378 0.45521089 0.78377444 0.6853466 0.60655004 -0.16858922 0.80586922 0.59907228 0.16760734 0.53121227 0.72292298 -0.24347974 0.71487623 0.70666093 0.52503693 0.54242355 0.89079368 -0.41938862 0.71869737 0.84326249 0.65017098
0.49471888 0.45896 0.0598754 0.69784892 0.45063818 0.42890355 0.48209608 0.48322278 0.14050555 0.77870613 0.49792242 0.63884789 0.4686555 0.44693527 0.41250059 0.71071821 0.4613584 0.91240025 0.68514287 0.61431956 -0.17553608 0.80714005 0.60659063 0.17445856 0.52373469 0.71801418 -0.23233631 0.70987076 0.70667827 0.53870744 0.5424909 0.89080632 -0.40488759 0.71686679 0.84284323 0.65917712
0.49242049 0.46713689 0.05929501 0.69647521 0.45723465 0.41824162 0.48140672 0.48453709 0.13546728 0.7617678 0.50386465 0.61604244 0.47053552 0.44884565 0.42706227 0.70908707 0.46887472 0.80549043 0.68505627 0.62036824 -0.17053945 0.80878901 0.61128318 0.16943119 0.51567173 0.71474469 -0.21081848 0.70798534 0.70628864 0.53906959 0.54289794 0.89083868 -0.40382326 0.7168588 0.84246916 0.63703686
0.4917182 0.47349399 0.10983752 0.69806582 0.4642562 0.44758564 0.48190415 0.49538797 0.19754718 0.76224464 0.51303351 0.60134315 0.47104165 0.4576183 0.53362226 0.72395259 0.49931499 0.70697558 0.68478394 0.62441617 -0.16677639 0.81134188 0.61345732 0.16576207 0.50944966 0.71320176 -0.19659269 0.70644146 0.70581985 0.52645487 0.54552877 0.89135915 -0.38270843 0.71683556 0.84288394 0.59743917
0.48813578 0.47692388 0.10709083 0.69758898 0.46955791 0.43419588 0.47174245 0.50343555 0.2317749 0.7677713 0.51493597 0.62103069 0.46992558 0.46689078 0.60082334 0.70993412 0.49191722 0.84179878 0.68459272 0.63158315 -0.1646228 0.812792 0.61944073 0.16332601 0.49946323 0.7137354 -0.17921476 0.70510894 0.70637852 0.51117593 0.54586571 0.89133817 -0.37769336 0.71688688 0.84331185 0.59398121
0.48721066 0.48586705 0.14997298 0.69987124 0.47617948 0.45176834 0.47441581 0.52357036 0.25982249 0.77249104 0.53051925 0.60827845 0.46941465 0.48026022 0.58445585 0.72561771 0.53290832 0.70779592 0.68433785 0.63929898 -0.16126184 0.81541318 0.62673342 0.1600215 0.49566188 0.71150249 -0.16113585 0.70009595 0.7075485 0.52304131 0.54585773 0.89168733 -0.31632715 0.71695119 0.84364802 0.6260187 
0.48689789 0.49178782 0.10356341 0.69964969 0.48157203 0.44315511 0.48595774 0.5311746 0.15452315 0.77392232 0.53964782 0.60705233 0.46920821 0.48655102 0.43786299 0.71998435 0.53047931 0.73776501 0.68550116 0.64406329 -0.16548207 0.81714368 0.63075662 0.16425689 0.49670291 0.7123245 -0.16329366 0.69537705 0.70732945 0.58893287 0.54491699 0.8915475 -0.36452946 0.71603817 0.84327978 0.68880749
0.48657933 0.49753588 0.1022689 0.69861388 0.4849942 0.47142574 0.51933438 0.54082489 0.07933649 0.77438354 0.54864383 0.63912451 0.46924198 0.49562821 0.23757711 0.71365511 0.53227544 0.80186439 0.68991345 0.64931202 -0.1728694 0.81776541 0.6338641 0.17185879 0.49532929 0.71304631 -0.16491032 0.69525284 0.70765764 0.62854493 0.54367363 0.8919732 -0.36747798 0.71627045 0.8434366 0.75244975
0.48665109 0.50580305 0.07992233 0.68766469 0.48704299 0.47896764 0.52391219 0.54350549 0.0408572 0.77217561 0.54804856 0.68677521 0.46849516 0.50594503 0.20210816 0.6898303 0.5234915 0.91973144 0.69171625 0.65432572 -0.18551455 0.81896442 0.64038855 0.18449952 0.49309099 0.71351653 -0.16536856 0.69478786 0.70763928 0.70144844 0.54211801 0.89100969 -0.36377388 0.71631968 0.84323692 0.86436307
0.4867422 0.51399773 0.0637318 0.68617547 0.4966903 0.50467658 0.51962674 0.54829401 0.02873048 0.77341127 0.55227125 0.76653236 0.46828091 0.51407772 0.20111549 0.69321913 0.52096504 1.07141924 0.69589585 0.66118556 -0.19603156 0.82325548 0.6474725 0.19502744 0.49305815 0.71424615 -0.17871319 0.69184977 0.7076214 0.71776873 0.54156774 0.89093596 -0.4112072 0.71635884 0.84007549 0.8720631 
0.48591727 0.5191322 0.06373308 0.6863566 0.50325245 0.48437375 0.48859355 0.54873109 0.11534777 0.77354348 0.55113995 0.74857521 0.46740174 0.51831573 0.42931241 0.69236124 0.51887429 1.09711742 0.69793737 0.66532034 -0.19375592 0.8268972 0.6524784 0.19273971 0.48738861 0.71688849 -0.23722766 0.68780547 0.69913387 0.70425862 0.54094714 0.89091128 -0.47922114 0.71721309 0.82555193 0.87943441
0.48682323 0.52630305 0.04964028 0.68464667 0.50977254 0.48176461 0.51263863 0.57065123 0.00550087 0.77582347 0.56617469 0.76152581 0.46729812 0.52934337 0.13250801 0.68518996 0.5249213 1.11821723 0.70265162 0.66910833 -0.19459885 0.82732445 0.65859717 0.19365081 0.48571682 0.71858251 -0.23713319 0.68674946 0.70259255 0.68158996 0.53984147 0.89023304 -0.47746295 0.71734554 0.8265993 0.83318877
0.48677504 0.5333218 0.04995394 0.68471026 0.51784587 0.48102412 0.51147753 0.57262462 0.05179051 0.77629501 0.57304496 0.73266685 0.46713012 0.53374654 0.25664884 0.68561703 0.53724653 1.07068241 0.70493323 0.67379868 -0.19126274 0.82941943 0.66144651 0.19028744 0.48505098 0.72025335 -0.23196952 0.68747121 0.70271623 0.66150326 0.53953183 0.8902182 -0.47523227 0.71763992 0.82774758 0.80296332
0.48546809 0.54068053 0.05621952 0.68147087 0.52380949 0.44102702 0.48999649 0.57089633 0.06442993 0.77578622 0.5720486 0.71646249 0.46488178 0.53912109 0.27172235 0.68720758 0.54026258 1.05951476 0.70372498 0.67848516 -0.18839538 0.82861888 0.66313583 0.18735215 0.48193234 0.72244811 -0.22415429 0.6794337 0.7026642 0.64972264 0.53939271 0.89022785 -0.46646458 0.71730864 0.82980412 0.77476025
0.48276842 0.5477187 0.05925916 0.67888647 0.53040069 0.41611907 0.45623797 0.56910568 0.07485345 0.77583832 0.57527798 0.68222976 0.46241954 0.5431149 0.28273886 0.68785739 0.54318029 1.03330314 0.70311749 0.68426889 -0.18254228 0.82817137 0.67056555 0.18132269 0.48135579 0.72458565 -0.2103548 0.671637 0.70271832 0.6465162 0.53944677 0.8904283 -0.46171114 0.71625936 0.82993025 0.71945012
0.48245049 0.55250412 0.08556827 0.67932564 0.53732926 0.43009824 0.46403024 0.58092117 0.07958649 0.77681315 0.58337194 0.69624728 0.46024445 0.55136102 0.25107256 0.71132678 0.54597831 1.02243924 0.70268822 0.69154352 -0.17847763 0.82891655 0.67934495 0.17720105 0.47770709 0.72750288 -0.16433792 0.67428583 0.71364319 0.67359418 0.53956884 0.89094424 -0.40905955 0.71765739 0.83325607 0.778992 
0.48248726 0.5611462 0.07137562 0.68037474 0.54396164 0.41875085 0.4683142 0.59042108 0.10415339 0.78157616 0.59028888 0.69647503 0.45981365 0.55853748 0.29751197 0.70989013 0.55215913 1.03468454 0.70451599 0.69946861 -0.17495333 0.82959723 0.68558556 0.17366414 0.47266409 0.73096901 -0.15244967 0.67524838 0.71643811 0.69653398 0.53955442 0.8927021 -0.40625843 0.71656907 0.83060545 0.81287217
0.48229998 0.57050669 0.05615418 0.68133575 0.55023688 0.39186519 0.47150335 0.61764461 0.18687561 0.77771997 0.59184176 0.66902012 0.4599888 0.56687462 0.49361673 0.71750563 0.55452341 1.00551641 0.70368463 0.71116024 -0.16826257 0.82868493 0.69319862 0.16700041 0.46790183 0.73294014 -0.11264578 0.67670596 0.72272044 0.72540736 0.53942543 0.89286703 -0.34247601 0.71481353 0.8284288 0.83553946
0.48202261 0.57726133 0.04482291 0.68931687 0.55207849 0.36599863 0.48073879 0.61914331 0.20421833 0.78973502 0.6002329 0.62703627 0.45909187 0.58054531 0.56364298 0.71681058 0.56631523 0.9400894 0.70330429 0.71991849 -0.15561637 0.83074445 0.69949824 0.15431732 0.46417218 0.7366159 -0.09064806 0.67739332 0.7247467 0.70866138 0.53975219 0.89355743 -0.35301325 0.7148574 0.82695371 0.71208113
0.48214948 0.57907206 0.02614293 0.69026566 0.55771726 0.36694932 0.48470622 0.62427408 0.20106025 0.79333299 0.60840821 0.63574207 0.45783424 0.58336943 0.58254564 0.71211118 0.57744128 0.95490056 0.70383126 0.72599781 -0.15611766 0.83139837 0.70550901 0.15483101 0.46630076 0.73926228 -0.09770435 0.67782849 0.72879606 0.7209782 0.53949869 0.89402419 -0.34001562 0.71406269 0.82657087 0.79620391
0.48217526 0.58590025 0.03452104 0.69275826 0.56293595 0.37497905 0.48131511 0.6390301 0.22627199 0.79277736 0.61700755 0.62550074 0.45699883 0.58607882 0.62546211 0.70450127 0.58995438 0.92240959 0.70503509 0.73560232 -0.1522834 0.83324856 0.71039528 0.15088756 0.46610561 0.73873305 -0.03520357 0.67825931 0.7298106 0.72581464 0.54300064 0.89401251 -0.30727795 0.71315938 0.82709122 0.75058961
0.48234326 0.58903605 0.03311376 0.69301075 0.56776863 0.37980419 0.4773486 0.64432162 0.21934922 0.79212421 0.61640668 0.65327579 0.45565775 0.59144497 0.61834228 0.70446259 0.58562726 0.96569544 0.7057339 0.73884684 -0.15480946 0.83183259 0.71502429 0.15338977 0.46491832 0.74021995 -0.06651025 0.66800314 0.7309649 0.71126395 0.54593796 0.8941344 -0.42235988 0.72447914 0.82264405 0.70868582
0.48136386 0.59669441 0.00500137 0.69295239 0.57255083 0.33935755 0.48446894 0.64360219 0.20377791 0.79327339 0.6195696 0.6177631 0.45511943 0.60006505 0.58696783 0.70445919 0.58876878 0.95074791 0.70318317 0.74868524 -0.15329289 0.82869476 0.72377664 0.15189955 0.46178424 0.74253368 -0.01917019 0.66972101 0.7422201 0.77573794 0.54626006 0.89383 -0.32079643 0.72822523 0.82355767 0.77375579
4.81400907e-01 5.98442078e-01 2.35677871e-04 6.92921519e-01 5.77358305e-01 3.55962217e-01 4.92391855e-01 6.41245425e-01 2.02394947e-01 7.93004036e-01 6.22250855e-01 6.25557125e-01 4.51753199e-01 6.07512653e-01 5.48833847e-01 7.19413936e-01 5.86646974e-01 9.27810192e-01 7.02909827e-01 7.47896969e-01 -1.56977743e-01 8.28201473e-01 7.24710166e-01 1.55645862e-01 4.62872803e-01 7.45127499e-01 -4.60221916e-02 6.68751478e-01 7.43626773e-01 7.82157779e-01 5.46505153e-01 8.93122017e-01 -3.33986670e-01 7.24371970e-01 8.24054003e-01 7.80571520e-01
0.48156083 0.60376626 -0.01814664 0.69288021 0.58292353 0.34669742 0.50689644 0.65371031 0.17879148 0.79272312 0.62771726 0.62335408 0.45140377 0.61585742 0.54135609 0.71953833 0.59447473 0.91942126 0.70211673 0.75288302 -0.15867536 0.82563144 0.72861123 0.15747072 0.45958084 0.74393088 -0.06292401 0.66583049 0.7457335 0.77254546 0.54622358 0.89227498 -0.33520782 0.7238909 0.82774603 0.78825188
0.48334876 0.60708427 -0.0295592 0.69014829 0.5856387 0.35219392 0.51087171 0.66635734 0.12970173 0.79241937 0.63267159 0.62799454 0.44640005 0.62147141 0.43382177 0.72302175 0.59248227 0.92119861 0.70208573 0.75945914 -0.16363692 0.82481736 0.73426604 0.1626662 0.45650432 0.74473196 -0.06920945 0.66673177 0.75460279 0.79663408 0.5462783 0.89099962 -0.31988782 0.72287339 0.82811952 0.8805961 
0.48436749 0.61157954 -0.01599516 0.68683964 0.58925241 0.3572008 0.50802439 0.67704678 0.17169133 0.79022026 0.6414091 0.62832367 0.44129455 0.62642729 0.52122575 0.72569156 0.59706008 0.90855271 0.70212924 0.76424563 -0.16365364 0.82478994 0.73646051 0.16268949 0.45714858 0.74683422 -0.07193807 0.67078382 0.75186217 0.80504876 0.54622465 0.89053845 -0.2643556 0.7227152 0.82828885 0.9264158 
0.4866901 0.61358428 -0.0152147 0.68476766 0.59140664 0.3579084 0.50101733 0.68313366 0.16201448 0.79163986 0.6462068 0.6156916 0.44236144 0.62648457 0.50593054 0.7301873 0.59853661 0.85525119 0.70218951 0.76475847 -0.16759282 0.82454348 0.73712826 0.16669306 0.4557839 0.74773431 -0.06551499 0.66965085 0.75125027 0.79493314 0.54487157 0.89054424 -0.27921474 0.72269464 0.82835197 0.87988758
0.48621464 0.61762172 -0.04210578 0.68208152 0.59350562 0.31654182 0.48521504 0.68837112 0.15271284 0.78986901 0.64540166 0.55494636 0.44307816 0.62309957 0.51623917 0.73053712 0.59907526 0.80585974 0.70166832 0.76682293 -0.16731305 0.82353842 0.73789656 0.16643271 0.44904867 0.7476086 -0.0344308 0.665241 0.75339735 0.78442639 0.54316443 0.88968974 -0.22353192 0.72177047 0.82878965 0.87010926
0.48636609 0.61755186 -0.04836382 0.68090969 0.59263593 0.31271777 0.49700126 0.67912799 0.06603864 0.78966773 0.64824015 0.56885028 0.44317847 0.62413335 0.33897007 0.71559674 0.61020035 0.8524186 0.70208794 0.76711541 -0.16643722 0.82356071 0.7380994 0.16557795 0.45045862 0.74737924 -0.00932845 0.66215318 0.75293756 0.78062034 0.54317355 0.88915706 -0.13851401 0.72079921 0.8288238 0.87381363
0.48656002 0.61620587 -0.04039187 0.68084204 0.59132272 0.32040837 0.49837142 0.67282569 0.0863893 0.78496301 0.64426941 0.58265913 0.4460766 0.62368363 0.37765792 0.71664166 0.60802013 0.86238509 0.70241225 0.76555061 -0.16640694 0.8235665 0.73731911 0.16553941 0.45135516 0.74690819 -0.02783176 0.65101659 0.75200003 0.74240875 0.54259175 0.88826883 -0.17346455 0.71841562 0.82885385 0.83762306
0.48494601 0.61487067 -0.0345886 0.68098342 0.59009075 0.3282249 0.4864741 0.67104858 0.12854458 0.7832526 0.64536923 0.58988029 0.44938889 0.62181872 0.51652497 0.70591986 0.61038709 0.92954612 0.70240474 0.7632854 -0.16351177 0.82321423 0.7374025 0.16250467 0.45196956 0.74669188 -0.01125381 0.64655203 0.75144094 0.69887906 0.54175609 0.88795882 -0.15291974 0.71846557 0.82887781 0.76422846
0.48170403 0.61324012 0.0021222 0.68109405 0.58877552 0.34043834 0.44818425 0.65265393 0.21473703 0.78332639 0.64326543 0.62041748 0.46058753 0.62152773 0.62824911 0.70553786 0.60901135 0.97373044 0.7025032 0.76176411 -0.15992272 0.82326251 0.73595577 0.15880719 0.45198607 0.74532664 -0.03413506 0.64629191 0.74539733 0.64873725 0.54156774 0.88800079 -0.18038267 0.71873075 0.82882369 0.72375762
0.4813624 0.61223716 0.00589788 0.68118364 0.58773696 0.34944537 0.42872733 0.63911378 0.23243149 0.78199792 0.6365217 0.64448255 0.4667784 0.61919689 0.66854769 0.70552665 0.6072579 1.01412761 0.70469099 0.76086837 -0.1588503 0.8236385 0.73502946 0.15766068 0.45214334 0.74255264 -0.0709354 0.64718449 0.73941982 0.62706053 0.54112768 0.8880235 -0.19236045 0.71904808 0.8281756 0.72748172
0.4789246 0.6120646 0.01602626 0.68069988 0.58589959 0.34043336 0.442397 0.65731847 0.22828755 0.78209013 0.63619626 0.60303599 0.45782915 0.61864352 0.53815788 0.70412999 0.60580254 0.95089418 0.70516622 0.76036537 -0.15046547 0.82415909 0.73411191 0.14926329 0.45322639 0.74205345 -0.06571728 0.64846402 0.73994613 0.64127511 0.54115027 0.88804412 -0.20942537 0.719042 0.82752156 0.67877305
0.48124939 0.60612541 0.0057915 0.67945963 0.5804702 0.32868859 0.44906884 0.65586448 0.21750373 0.78140104 0.62536561 0.5974158 0.46017399 0.60836095 0.53818589 0.70529306 0.59829521 0.94671965 0.70835179 0.75740325 -0.14994161 0.82832003 0.73068506 0.14868544 0.46247965 0.74217296 -0.01291498 0.65305394 0.73985714 0.66141421 0.5410313 0.88779008 -0.17729467 0.71898007 0.82619327 0.69986272
0.48427355 0.60018772 0.02305231 0.67997879 0.57527173 0.33107287 0.44445774 0.65214711 0.2331713 0.78135455 0.62190789 0.59587717 0.46555367 0.59803444 0.62772727 0.72363794 0.58645499 0.94428217 0.71070665 0.75135344 -0.14619981 0.83296013 0.72591507 0.14482598 0.46832776 0.74226272 -0.01612614 0.66148752 0.74024373 0.66047472 0.54096407 0.88788611 -0.22760786 0.71680081 0.82611161 0.66531163
0.484189 0.5944277 0.06938516 0.68441349 0.57328105 0.33249354 0.4340415 0.64289659 0.27247542 0.78302634 0.61996758 0.57763696 0.455082 0.59010124 0.65566677 0.73456806 0.58341694 0.90202415 0.70875007 0.73993886 -0.13674954 0.83559817 0.71894646 0.13515802 0.47255042 0.74219161 -0.034603 0.66379845 0.73887163 0.64177889 0.54059124 0.88800395 -0.2974956 0.71543455 0.82542056 0.65178913
0.48451832 0.58997226 0.08070678 0.69172484 0.57047027 0.35014373 0.43978968 0.61955565 0.2407189 0.78723526 0.62096637 0.55152172 0.45332864 0.58516419 0.56173807 0.74335998 0.59749502 0.7839008 0.70848083 0.73269504 -0.1383197 0.84225416 0.71641439 0.13680169 0.47651482 0.73995876 -0.04617893 0.67486858 0.73891503 0.68120635 0.54033321 0.88808846 -0.2981734 0.71512663 0.82504803 0.72604209
0.48648095 0.58730996 0.09561887 0.69762057 0.56836408 0.37005192 0.45977494 0.62102813 0.22685061 0.79527462 0.62639838 0.48778945 0.453374 0.58319604 0.5398559 0.78701025 0.64813679 0.58928496 0.70841843 0.72701532 -0.13628308 0.85065877 0.71091181 0.13481307 0.48375684 0.73996735 -0.01813109 0.69609594 0.73852575 0.71532238 0.539626 0.88823712 -0.29024172 0.71508557 0.82397681 0.75001311
0.48814854 0.58384222 0.09313264 0.69754624 0.56502658 0.36560214 0.45626515 0.6107018 0.220397 0.80115998 0.62387639 0.49162614 0.47446272 0.5776757 0.53351033 0.77968019 0.6387381 0.62532836 0.71165293 0.72270411 -0.13723505 0.85278565 0.70688993 0.13580252 0.49053898 0.73831803 -0.03913032 0.69213134 0.73604608 0.69140786 0.53935671 0.88824594 -0.28686404 0.71391219 0.82282168 0.74701256
0.49170148 0.58050311 0.10471964 0.69733638 0.56302607 0.38856509 0.46082416 0.61930996 0.20910038 0.78725266 0.61899376 0.51822805 0.47058624 0.57506293 0.46972808 0.76843011 0.6356914 0.68872702 0.71146137 0.71744031 -0.13806772 0.85173637 0.7034061 0.13667272 0.49242753 0.73838043 -0.04615393 0.6948449 0.73124868 0.71557522 0.54032701 0.88824999 -0.34565523 0.71433014 0.82209855 0.74664652
0.49717119 0.58148217 0.12651011 0.70389903 0.56225675 0.41983494 0.48396742 0.60933667 0.20721847 0.79785269 0.61976272 0.52775276 0.47422016 0.57508284 0.46440214 0.76343477 0.62811649 0.67502594 0.71666443 0.71544641 -0.14268997 0.85705996 0.70109504 0.14142868 0.49698871 0.73764998 -0.15019402 0.69492179 0.72853851 0.69980252 0.54141253 0.88880384 -0.36023852 0.71400678 0.82804477 0.82829314
0.49876314 0.57953793 0.11052506 0.70294935 0.56072354 0.40229693 0.48153654 0.61411858 0.19759056 0.79823041 0.61453724 0.53216255 0.47880536 0.57246894 0.46892315 0.76082307 0.61929709 0.68219572 0.72773015 0.71351409 -0.14695716 0.86370623 0.69943088 0.14573205 0.49985537 0.73493171 -0.17291841 0.69481754 0.72494978 0.67539728 0.54109615 0.8901934 -0.37040329 0.71402186 0.82810944 0.83715123
0.50219291 0.57770652 0.10053798 0.69726259 0.55861032 0.4029302 0.48803085 0.62093461 0.14365016 0.79779017 0.63126248 0.5064984 0.47775641 0.57222813 0.3772535 0.79209614 0.66375637 0.54213297 0.7327379 0.7108826 -0.14888106 0.86520195 0.69823647 0.1475254 0.50806218 0.73271585 -0.13667022 0.70887113 0.72623163 0.72921109 0.540039 0.89019483 -0.34465462 0.71363419 0.82684505 0.90132958
0.50362211 0.57592094 0.08142908 0.69712031 0.55800372 0.42561173 0.51753533 0.6164524 0.10084726 0.79276764 0.62456638 0.55619442 0.48211551 0.57421958 0.3105461 0.78116649 0.65534675 0.61516571 0.73689961 0.71121621 -0.15787345 0.86990243 0.69858497 0.15656431 0.51209438 0.73230851 -0.13353246 0.71713412 0.72505927 0.75561202 0.5400902 0.89086592 -0.34262344 0.7140525 0.82427907 0.93205577
0.50689626 0.57436377 0.06210148 0.69703841 0.55600613 0.42229843 0.5215618 0.61388993 0.10761943 0.79241854 0.61997128 0.57844567 0.48397964 0.57495582 0.33711949 0.7787199 0.61557543 0.70625097 0.73928022 0.71128666 -0.16309972 0.87097102 0.6980983 0.1618133 0.50971234 0.73076421 -0.15888281 0.71941686 0.72142255 0.74924111 0.54026365 0.89101338 -0.38235474 0.71582937 0.82191873 0.93003023
0.50849754 0.57306021 0.0515658 0.69949394 0.55576956 0.43490669 0.52932304 0.61363667 0.10698704 0.79203224 0.61438465 0.63262022 0.48542994 0.57540935 0.33800146 0.73607028 0.59481061 0.83638537 0.74369681 0.71090919 -0.1711847 0.87162542 0.69820511 0.17002077 0.51227093 0.73115468 -0.18230885 0.71468896 0.71438307 0.73835266 0.54026669 0.89274174 -0.39130971 0.71840513 0.81614959 0.91843575
0.50893027 0.57170659 0.04602821 0.700472 0.55564457 0.42477781 0.530191 0.61415881 0.11399187 0.79223233 0.61248082 0.60939503 0.48851329 0.57496285 0.36077541 0.72884947 0.59644872 0.79335457 0.74516416 0.71197164 -0.16941664 0.87140971 0.69877189 0.16822705 0.51371789 0.73124939 -0.15947853 0.71199775 0.71221596 0.72530949 0.54044938 0.8950184 -0.37110981 0.71932274 0.814906 0.88957244
0.50832045 0.5717392 0.04874092 0.70760512 0.55598378 0.41980478 0.52971196 0.6148144 0.11583315 0.80046678 0.60883337 0.59874308 0.48588318 0.57524341 0.37046874 0.72943455 0.58500737 0.77623314 0.74293059 0.71284717 -0.16805023 0.86981368 0.69907743 0.16686271 0.5125373 0.73149121 -0.19292428 0.70536035 0.71373445 0.71610439 0.54045135 0.89515156 -0.37685001 0.73218381 0.81350511 0.9138118 
0.50791365 0.57111937 0.03073728 0.7035706 0.55626494 0.42186001 0.52431887 0.61534035 0.12206237 0.78673482 0.60371417 0.68182886 0.47419378 0.57700676 0.39285553 0.71119678 0.57855421 0.98454022 0.74263746 0.71393961 -0.17423971 0.86904526 0.70018023 0.17326927 0.51232582 0.73348314 -0.17457251 0.70518929 0.71489877 0.73855007 0.54037964 0.89535588 -0.37126377 0.73425627 0.81197172 0.93118423
0.50868964 0.57208711 -0.05042689 0.70335335 0.55648714 0.3579264 0.52760857 0.62550056 0.12447499 0.78185588 0.60569328 0.64921039 0.48256016 0.58202547 0.4628005 0.70650363 0.57790941 0.94859391 0.74244541 0.72416508 -0.17902312 0.86547226 0.70575619 0.17830966 0.50325185 0.73353481 -0.16561505 0.70310903 0.71656525 0.78360915 0.5407908 0.89526135 -0.28499141 0.7393074 0.81254941 1.03700042
0.50627053 0.57255995 -0.02348225 0.70300639 0.55673057 0.34468058 0.52856708 0.63244563 0.15815975 0.782462 0.60568362 0.63394219 0.4747088 0.58547205 0.51451027 0.71235853 0.57999319 0.918908 0.72745216 0.73094386 -0.17810632 0.85470241 0.71082687 0.17727619 0.4891063 0.7333762 -0.1330391 0.69673198 0.71819234 0.79514652 0.54102981 0.89521152 -0.29891559 0.73745704 0.81384701 0.98174936
0.50529999 0.57279074 -0.0985339 0.70297533 0.55686939 0.26343334 0.53082287 0.63720471 0.13416161 0.78286397 0.60542291 0.57714528 0.48995265 0.5892728 0.52313387 0.71944821 0.57817876 0.89803928 0.71923256 0.7369166 -0.17699876 0.84268802 0.71572697 0.17653756 0.48049334 0.73415053 -0.05623025 0.68348157 0.72265273 0.8028025 0.54067099 0.89441341 -0.15911688 0.73687643 0.81478649 0.97979587
0.50520122 0.577057 -0.19790199 0.70283705 0.55713356 0.1611684 0.53536725 0.66683453 0.04137763 0.76540112 0.61188293 0.49330801 0.48212162 0.60073477 0.49185142 0.69456112 0.57661313 0.87869948 0.71517318 0.74724215 -0.17157976 0.83008397 0.72604072 0.17156082 0.46464607 0.73528254 -0.06286058 0.67725688 0.72303927 0.79875672 0.54090685 0.89329624 -0.04574019 0.72480398 0.81682587 1.04709113
5.05424082e-01 5.80337465e-01 -2.34876215e-01 6.92636967e-01 5.57343841e-01 1.81676105e-01 5.42659938e-01 6.76320851e-01 -5.94307110e-03 7.60340333e-01 6.20003104e-01 5.26125908e-01 4.78640795e-01 6.12489045e-01 3.94208014e-01 6.65773928e-01 5.79125822e-01 9.07555699e-01 7.07834184e-01 7.54521906e-01 -1.71020925e-01 8.17786157e-01 7.33441889e-01 1.70842767e-01 4.56691533e-01 7.39228010e-01 -9.61797545e-04 6.76265657e-01 7.37905562e-01 8.02141309e-01 5.41470408e-01 8.91814113e-01 2.85742562e-02 7.19532728e-01 8.22802722e-01 1.06398785e+00
0.50708658 0.5838843 -0.22619714 0.6879853 0.56450206 0.20314853 0.53976893 0.67973256 -0.07485474 0.7527979 0.62865824 0.50833499 0.47558448 0.61030895 0.22852768 0.69046158 0.58261001 0.85997611 0.70051104 0.76306278 -0.1710057 0.79965335 0.74192047 0.17080124 0.43388471 0.74428827 -0.04358972 0.6369468 0.7425884 0.78921455 0.54075259 0.88812864 -0.0908714 0.70412767 0.82957852 1.04951692
0.5215137 0.59133273 -0.31089211 0.68554163 0.57138371 0.14682257 0.53879058 0.69021064 -0.15938762 0.70997202 0.65229225 0.44543043 0.47558063 0.62156719 0.15922952 0.62645388 0.61740708 0.73972028 0.69443941 0.77603912 -0.17041834 0.78888875 0.7543661 0.17039368 0.41959813 0.75131392 0.03802677 0.61290097 0.74803382 0.78806144 0.54072732 0.88679427 0.06625403 0.69741768 0.8327356 1.02097642
0.52142638 0.59726804 -0.28839993 0.67804211 0.57458311 0.07418966 0.53140634 0.69694352 -0.13840668 0.72390395 0.65591431 0.35023221 0.47895023 0.62571132 0.17310588 0.6412605 0.62949365 0.66395259 0.67054349 0.78635395 -0.14369804 0.77171236 0.760746 0.14343986 0.41209075 0.75497544 0.17586839 0.62603086 0.74869341 0.76427048 0.53207237 0.88326377 0.20748506 0.69621426 0.83131999 0.90745491
0.52425545 0.59508198 -0.29026735 0.67486686 0.57441014 0.08459588 0.52730548 0.70039326 -0.15827185 0.71807027 0.66243321 0.32479379 0.4772687 0.62965894 0.12822281 0.64537293 0.64558005 0.55296087 0.65296322 0.78769332 -0.13447742 0.76155752 0.76233125 0.13393919 0.40706006 0.76271892 0.1409709 0.61148781 0.74691737 0.72218728 0.53296041 0.88007963 0.07798444 0.69180572 0.83272636 0.7362144 
0.52508777 0.5937103 -0.25089946 0.67522079 0.5756979 0.09095084 0.52224809 0.6993016 -0.25437668 0.71930975 0.67088133 0.22663912 0.46180078 0.64857709 -0.15401682 0.65662116 0.69810098 0.31333894 0.63376504 0.79104578 -0.11678959 0.75670069 0.76863348 0.1157937 0.40154868 0.76097828 0.21869749 0.62086481 0.75473082 0.71527165 0.53091049 0.87934738 0.11346059 0.69393635 0.83260357 0.6361146 
0.5314194 0.58830351 -0.23575215 0.6768887 0.57502431 0.13388132 0.53151178 0.69371235 -0.15644208 0.72990745 0.67159563 0.30649394 0.46250197 0.66833699 0.09187768 0.71326548 0.68269271 0.39297873 0.63303834 0.78917533 -0.1204836 0.73854029 0.77294213 0.12006649 0.39974931 0.76330262 0.11687168 0.61269087 0.76001048 0.7102052 0.52887309 0.88002282 0.06411347 0.69621867 0.83669347 0.75901616
0.53799492 0.58516586 -0.23650536 0.68193781 0.57431066 0.07018308 0.5335232 0.69590628 -0.15165073 0.73070294 0.66383082 0.22761211 0.51150829 0.6604777 0.2277839 0.7165271 0.67044824 0.34738204 0.63023937 0.78880459 -0.11045942 0.72352147 0.77328354 0.10953391 0.44820422 0.76707387 0.24908671 0.61972564 0.7643649 0.69792682 0.52931589 0.87587261 0.28264263 0.69347823 0.83714038 0.77552146
0.54106945 0.58500773 -0.23566078 0.67839921 0.57928711 0.12721625 0.54091173 0.70129973 -0.17593512 0.71516949 0.67325974 0.29958287 0.4561342 0.68405569 0.09179141 0.66009527 0.68088597 0.39810172 0.62478501 0.78914249 -0.11628396 0.71628636 0.77337259 0.11545941 0.44209203 0.77674234 0.20034739 0.6025067 0.76871151 0.69215387 0.52802032 0.87663919 0.20605676 0.67750829 0.83794624 0.76332337
0.54270202 0.58691961 -0.38965431 0.6336599 0.57770461 -0.00933234 0.54683983 0.71344876 -0.22329709 0.65937918 0.66901708 0.20020638 0.45949209 0.6859901 0.13014437 0.54570132 0.67771202 0.33570507 0.62221777 0.78756469 -0.1209818 0.68604767 0.7696355 0.12025487 0.51172072 0.79010695 0.38711864 0.60985869 0.7849372 0.7031967 0.55405664 0.87612444 0.64103758 0.67262983 0.84670007 1.02226222
