0.50754839 0.3943809 -0.27627647 0.45887783 0.4172889 -0.43423918 0.59213609 0.43143237 -0.22796924 0.51529533 0.45387661 -0.3702431 0.56207329 0.44247815 -0.25676447 0.53624278 0.45190746 -0.17752595 0.48979542 0.51160496 0.01000512 0.45480698 0.51237392 -0.01015906 0.47630337 0.54018092 0.08081579 0.49385619 0.52680796 0.07538538 0.43487704 0.59749639 0.30424517 0.47276476 0.58399981 0.25989342
0. 0. 0. 0. 0. 0. 0. 0. 0. 0. 0. 0. 0. 0. 0. 0. 0. 0. 0. 0. 0. 0. 0. 0. 0. 0. 0. 0. 0. 0. 0. 0. 0. 0. 0. 0. 0. 0. 0. 0. 0. 0. 0. 0. 0. 0. 0. 0. 0. 0. 0. 0. 0. 0. 0. 0. 0. 0. 0. 0. 0. 0. 0. 0. 0. 0. 0. 0. 0. 0. 0. 0. 0. 0. 0. 0. 0. 0. 0. 0. 0. 0. 0. 0. 0. 0. 0. 0. 0. 0. 0. 0. 0. 0. 0. 0. 0. 0. 0. 0. 0. 0. 0. 0. 0. 0. 0. 0. 0. 0. 0. 0. 0. 0. 0. 0. 0. 0. 0. 0. 0. 0. 0. 0. 0. 0. 0. 0. 0. 0. 0. 0.
0.95621765 0.39086026 -0.40790617 0.92629606 0.39501336 0.30231911 0.89738584 0.49221551 -0.50231999 0.79579234 0.4504571 0.61392409 0.72376424 0.52115899 -0.56317443 0.65351498 0.4001756 0.74394763 0.80232191 0.60183823 -0.21437714 0.81658173 0.59946072 0.21433742 0.65744841 0.73867661 -0.13547787 0.77002299 0.7334156 0.35721877 0.66396117 0.89167994 -0.01718622 0.78179634 0.85141927 0.57965976
0.96811581 0.39074853 -0.40311 0.92715502 0.38460806 0.30228299 0.89925224 0.49288496 -0.4844276 0.79131722 0.44190466 0.57043296 0.72400486 0.52132398 -0.5470866 0.65114528 0.39762121 0.57849604 0.79019505 0.58594489 -0.22463904 0.80528343 0.58400345 0.22452512 0.64622277 0.73597431 -0.19155788 0.73511261 0.7236343 0.35597149 0.66721153 0.88908178 -0.12613143 0.76618576 0.85175705 0.58212471
0.95717549 0.39139804 -0.41085109 0.92454314 0.38531139 0.27140012 0.90107793 0.49515676 -0.51111847 0.79115313 0.43425885 0.53486365 0.7242462 0.52062666 -0.58866143 0.64821464 0.39499298 0.5626229 0.7850998 0.58807743 -0.2258597 0.80601102 0.58358389 0.225685 0.64520162 0.73561794 -0.17775904 0.74108899 0.7223652 0.34261152 0.67529166 0.8834188 -0.09204104 0.77853745 0.85453546 0.53558743
0.95489866 0.39722922 -0.39753211 0.92033315 0.38993743 0.27155262 0.89985645 0.4995845 -0.50738758 0.78146845 0.43515757 0.5447402 0.72240061 0.52066654 -0.58780414 0.63360375 0.39317074 0.59095216 0.78026879 0.58968639 -0.22088657 0.80472344 0.58504748 0.22056781 0.64568764 0.73314953 -0.13586347 0.74323797 0.72322369 0.33104357 0.67912793 0.8796345 -0.0229478 0.78092438 0.85550898 0.52279717
0.95514524 0.39818951 -0.38599715 0.92098838 0.39083827 0.27737996 0.89922655 0.49996608 -0.49216688 0.7844004 0.43625259 0.58368027 0.7205804 0.52063656 -0.56665945 0.63518029 0.39346379 0.6752407 0.77993625 0.59026659 -0.22051312 0.80516726 0.58603871 0.22016264 0.64542973 0.73306096 -0.13637596 0.74371648 0.72370255 0.33398649 0.67882466 0.8806569 -0.03103588 0.78117871 0.85604483 0.53503674
0.95006835 0.3993794 -0.40261337 0.91981751 0.3940112 0.27813888 0.8936342 0.50273585 -0.51718861 0.78382683 0.44104478 0.63031352 0.71484369 0.52134824 -0.59631461 0.63657761 0.39372703 0.80479348 0.77188617 0.594661 -0.21935134 0.80283517 0.5864535 0.21890408 0.64690018 0.73678958 -0.10618286 0.75819379 0.72867149 0.36154875 0.67868364 0.88125151 0.02628842 0.78800112 0.85645896 0.59093916
0.94769359 0.39971238 -0.35981616 0.89359361 0.39749441 0.3053112 0.88894063 0.50299174 -0.4645443 0.77296388 0.44110674 0.62286758 0.71056145 0.52176636 -0.53526258 0.63039911 0.39133316 0.75376463 0.77049696 0.59475291 -0.21390139 0.80314869 0.58697802 0.21343708 0.64938456 0.73663199 -0.11605451 0.77475607 0.7303046 0.36160937 0.68029493 0.88172698 -0.04671686 0.79786915 0.85737193 0.58718693
0.94786942 0.39938286 -0.33839974 0.88500643 0.39860871 0.31923729 0.88562006 0.50267881 -0.45048013 0.77404159 0.44394407 0.61844075 0.70872116 0.52177894 -0.51720488 0.63388419 0.39165765 0.72938561 0.76931638 0.58875084 -0.21397604 0.80321884 0.58658326 0.2135272 0.65089023 0.73413825 -0.14340959 0.77948821 0.73167837 0.32363865 0.67993653 0.88204122 -0.06203198 0.79689604 0.86012042 0.50415832
0.9466266 0.39912179 -0.34609213 0.89104497 0.39838707 0.31954286 0.88225949 0.50232005 -0.45512021 0.77512735 0.44483823 0.61561966 0.70757616 0.52177989 -0.5188579 0.64577985 0.39267233 0.72546846 0.77007681 0.58872676 -0.21343276 0.8052038 0.58505476 0.21299271 0.65686744 0.73341846 -0.14356333 0.79687041 0.73269016 0.31917551 0.68283546 0.88226223 -0.05660095 0.84524685 0.87121457 0.4973622 
0.94644171 0.39805177 -0.35159993 0.90354604 0.39717266 0.32884026 0.87810099 0.50216502 -0.47977006 0.78805369 0.44485188 0.65003508 0.70252323 0.52176774 -0.52213466 0.655958 0.39356747 0.7851938 0.77042443 0.58932108 -0.21540695 0.80524641 0.58501548 0.21490765 0.65904027 0.73346394 -0.13728559 0.79816449 0.73501307 0.31501621 0.68539131 0.88238984 -0.02273775 0.84848255 0.87623513 0.49045715
0.94271392 0.39834297 -0.35810661 0.90421396 0.39704421 0.32780129 0.86838257 0.5025987 -0.4765079 0.79466152 0.44519767 0.64921659 0.69203675 0.52177966 -0.49972987 0.66936946 0.39664534 0.78469151 0.76731229 0.58997273 -0.21354434 0.80468518 0.58519489 0.21301384 0.65956163 0.73320985 -0.12866497 0.79603946 0.73527712 0.30047557 0.68487507 0.8825109 -0.00942854 0.85453618 0.87929177 0.46115935
0.94267654 0.3974691 -0.35417435 0.90125442 0.39688212 0.33714738 0.86808014 0.50242651 -0.475835 0.79417473 0.44798416 0.65601283 0.6870296 0.52161598 -0.49969211 0.67181885 0.39810714 0.79735744 0.76519758 0.59031361 -0.21318698 0.80397522 0.58515722 0.21263242 0.66145253 0.73265976 -0.12298007 0.79487842 0.73519903 0.30078906 0.68456757 0.88256401 0.00532789 0.86658865 0.88239968 0.46143103
0.94290519 0.39453471 -0.35769486 0.89497894 0.39619806 0.33544368 0.86730498 0.50248128 -0.47620788 0.79400086 0.44798702 0.6501475 0.68099022 0.52118361 -0.50198728 0.67074877 0.39880338 0.78247672 0.76021975 0.58802015 -0.21320663 0.80177647 0.58495456 0.21265832 0.66233099 0.73200864 -0.11162433 0.79332715 0.7356205 0.30553868 0.68422425 0.88259822 0.0303212 0.86221379 0.88382 0.47866189
0.94299334 0.39371246 -0.35948819 0.89619762 0.39569303 0.3331545 0.86370659 0.50252348 -0.47686723 0.79947793 0.44833007 0.65493613 0.67516267 0.52096832 -0.49212727 0.67410547 0.40134683 0.80954623 0.75610793 0.58672678 -0.21314858 0.80046862 0.58504945 0.2126071 0.66380346 0.73170501 -0.10324595 0.79305303 0.7363469 0.30864748 0.6834777 0.88278085 0.04152694 0.86402768 0.88736153 0.48627043
0.94144213 0.39379972 -0.36943606 0.89323717 0.39498803 0.3089965 0.85395443 0.50369692 -0.47709045 0.79666764 0.44826883 0.65213621 0.66706771 0.52096838 -0.48865968 0.67380154 0.3991102 0.81736308 0.75094676 0.58672935 -0.21105535 0.79619884 0.58470309 0.21046889 0.66383851 0.73206639 -0.09124266 0.78831416 0.73626912 0.31040162 0.68407214 0.88302994 0.05382604 0.85919744 0.88516748 0.48866928
0.93626881 0.39478067 -0.37910515 0.89424944 0.3949652 0.30975649 0.84349608 0.5048508 -0.48026615 0.79312664 0.44799197 0.64979953 0.66132033 0.52091002 -0.4879083 0.66905475 0.39813989 0.8018353 0.74839175 0.58771294 -0.21118532 0.79260212 0.58472085 0.21058068 0.66799241 0.73625445 -0.09756878 0.79895145 0.7385782 0.31158674 0.683972 0.88501835 0.0446798 0.89863849 0.89881957 0.48708361
0.9353593 0.39478457 -0.38413957 0.90815026 0.39488128 0.30568033 0.8422302 0.50525707 -0.4771415 0.79339719 0.44899958 0.63624841 0.65922922 0.52099866 -0.45021105 0.68213403 0.39842147 0.79915565 0.74964774 0.58794361 -0.20986582 0.79293954 0.5859865 0.2092939 0.66881853 0.73757368 -0.08005284 0.80330044 0.73953563 0.31239745 0.68421531 0.88515949 0.08778549 0.90775436 0.90382159 0.48832041
0.93527716 0.39496192 -0.38388744 0.91502523 0.39384165 0.30100206 0.83967781 0.50647944 -0.47074491 0.79463136 0.4489879 0.6249826 0.65788496 0.52099162 -0.43343544 0.6872251 0.39842537 0.78304809 0.75048578 0.58807558 -0.20859458 0.79409128 0.58616924 0.20803155 0.66965687 0.73746395 -0.07545543 0.80950862 0.73940742 0.31281009 0.6841436 0.88508373 0.09082507 0.90776187 0.90683246 0.48934263
0.93491358 0.39497855 -0.38350511 0.91976035 0.39348146 0.30619058 0.83590209 0.50726658 -0.46716118 0.78697515 0.44955167 0.62557977 0.65546119 0.52069104 -0.42414671 0.68686509 0.39840475 0.78148639 0.75115281 0.58805817 -0.20864491 0.79783392 0.58665586 0.20808813 0.66969866 0.7373839 -0.0754409 0.81337273 0.74009329 0.31415176 0.68409044 0.8849563 0.09147624 0.90390253 0.90693283 0.49498925
0.9321326 0.39528105 -0.37854522 0.92564547 0.39344847 0.31696725 0.8288765 0.50736749 -0.46418563 0.7938267 0.44973999 0.62711275 0.64953715 0.52057076 -0.40553132 0.69136792 0.39873204 0.78106034 0.75162226 0.58761656 -0.20806119 0.80266267 0.58681923 0.20748769 0.67097253 0.7373358 -0.0773347 0.81736481 0.7486487 0.31310165 0.6840685 0.88491279 0.07872068 0.90233088 0.90699887 0.48846352
0.92797875 0.39584383 -0.38235128 0.93445522 0.39344445 0.31457031 0.82287699 0.50761896 -0.46574062 0.80481738 0.44971451 0.62730163 0.64704448 0.52056992 -0.41665703 0.69656718 0.39917088 0.78485864 0.7521562 0.58768821 -0.20760651 0.810444 0.58753067 0.20701081 0.67075294 0.73605639 -0.06879991 0.82628238 0.74964797 0.31929338 0.68399262 0.88465786 0.09252869 0.93353778 0.91962063 0.49906883
0.92490631 0.39733154 -0.38360941 0.93207628 0.39363769 0.31009734 0.81425786 0.50812757 -0.46603021 0.80382675 0.44926846 0.61429971 0.64358336 0.52074111 -0.40792984 0.6942156 0.39953539 0.75766236 0.75312412 0.58771735 -0.20535427 0.81118733 0.58746499 0.20474868 0.67026484 0.73577935 -0.07190117 0.82679498 0.75105411 0.31094277 0.68393588 0.88464874 0.08443306 0.93648487 0.92296827 0.47517362
0.92308623 0.39828894 -0.38892466 0.93239158 0.3938745 0.30955943 0.8090921 0.50859201 -0.46626276 0.80330783 0.44615808 0.61435902 0.64019305 0.52107739 -0.40600115 0.67881757 0.39926347 0.75992876 0.75515664 0.58803028 -0.20242722 0.81738067 0.58768886 0.20182495 0.67019725 0.73624545 -0.06447171 0.83132374 0.75187218 0.30850351 0.68372619 0.88492024 0.10153249 0.9368642 0.92477894 0.47373322
0.92002195 0.39941216 -0.38381499 0.9318316 0.39391693 0.32263854 0.80572426 0.50915116 -0.45851505 0.8032288 0.44586805 0.62102169 0.63805217 0.52172214 -0.36201721 0.69459552 0.40161434 0.7823323 0.7595154 0.58803618 -0.20120195 0.82409066 0.58769077 0.2006083 0.67039782 0.73530197 -0.06506735 0.83267027 0.75097305 0.29733801 0.68378174 0.88439786 0.09433683 0.93540609 0.92277551 0.44548029
0.91573155 0.39992297 -0.36644 0.93087792 0.39480594 0.32996759 0.79975069 0.50909638 -0.43619123 0.80271077 0.44552213 0.6187672 0.637586 0.52230698 -0.33533865 0.69310874 0.40255877 0.7734046 0.75960201 0.58656675 -0.19944441 0.83208442 0.58810163 0.19886376 0.66250598 0.72647083 -0.0738457 0.836236 0.74909455 0.28801975 0.68398643 0.88383931 0.07151292 0.94126707 0.92418057 0.42233321
0.91649693 0.40091997 -0.35950661 0.92732549 0.39528221 0.33485544 0.7997523 0.50904739 -0.42816725 0.79932731 0.44346493 0.61900669 0.63687843 0.52234817 -0.34089217 0.65726632 0.40008128 0.7608031 0.76084858 0.58641398 -0.19851153 0.83170146 0.58826965 0.19793022 0.66411996 0.72666007 -0.07984787 0.83402228 0.74768949 0.28809324 0.68543732 0.88383949 0.06106852 0.93621421 0.92228383 0.4271968 
0.91720468 0.40317315 -0.36068293 0.92539227 0.39554569 0.32802531 0.8018477 0.51002246 -0.43415955 0.79537803 0.44229725 0.60968417 0.63588154 0.52234489 -0.35742342 0.64782792 0.39913142 0.73887289 0.76277256 0.58638126 -0.19826601 0.82766622 0.59556288 0.19771241 0.67121041 0.72725487 -0.08242602 0.83671421 0.74692988 0.28787452 0.68623739 0.88430327 0.06118551 0.94023758 0.92305857 0.43508857
0.91801226 0.40349975 -0.36263341 0.92740059 0.39713204 0.33075091 0.80267495 0.51032495 -0.43645677 0.78064263 0.44239807 0.6155569 0.63534552 0.52223688 -0.36514184 0.64501476 0.39913204 0.74673021 0.76557916 0.58642107 -0.19836091 0.82604265 0.59984475 0.19781208 0.67303491 0.72856444 -0.08248392 0.83910948 0.74686301 0.28954104 0.68696976 0.88528216 0.0601087 0.93829954 0.92044479 0.43593332
0.9230231 0.40340266 -0.36183611 0.92645627 0.39809042 0.34755525 0.80410147 0.5104323 -0.43779597 0.7721526 0.44244272 0.63905311 0.63624191 0.52206969 -0.36580592 0.64521313 0.39720309 0.77483934 0.76564616 0.58653718 -0.20315167 0.82447672 0.59653938 0.20258644 0.67477906 0.73102409 -0.09881896 0.8385272 0.74684167 0.29102856 0.68693739 0.88818699 0.02533418 0.94272286 0.92417657 0.43811098
0.92452526 0.40327659 -0.33525309 0.92632824 0.40098199 0.34623176 0.80586559 0.5104 -0.42243838 0.77088982 0.44504258 0.63696069 0.6385392 0.52207524 -0.36142269 0.67437017 0.40115049 0.76506966 0.76528192 0.58678436 -0.20041338 0.82457376 0.59615773 0.19984521 0.67523259 0.73337585 -0.09882244 0.83817762 0.74673718 0.27040598 0.68672049 0.89059669 0.0118038 0.94629371 0.92667907 0.39491689
0.92862672 0.40269178 -0.33682173 0.9291997 0.40118217 0.34492692 0.8093245 0.51030654 -0.42580208 0.7756387 0.44642264 0.63078451 0.64111078 0.52213776 -0.361386 0.68568426 0.40697604 0.75896639 0.76797217 0.59527713 -0.20038514 0.82834816 0.59608364 0.1998224 0.67576373 0.73553252 -0.08462752 0.84172004 0.74660879 0.27570423 0.6866762 0.89089066 0.02755433 0.946266 0.9262889 0.40864408
0.93020248 0.40264705 -0.33786577 0.93036294 0.40141532 0.34578124 0.8143068 0.51033044 -0.4251999 0.77846181 0.44821987 0.61744827 0.64322585 0.52207464 -0.35865751 0.68865842 0.4117057 0.719881 0.76752615 0.59318227 -0.20021383 0.82824677 0.59567106 0.19966775 0.675641 0.73580384 -0.08219396 0.84220129 0.74566895 0.27767858 0.68666923 0.89087158 0.02986709 0.94468933 0.92944157 0.41875437
0.93281126 0.40237647 -0.34850395 0.93004173 0.40083179 0.32903516 0.81840456 0.51031524 -0.43403709 0.78005654 0.44758126 0.60609698 0.64575225 0.52204955 -0.37378007 0.69416171 0.41106409 0.71308571 0.76482075 0.59131145 -0.20058489 0.82349676 0.59486699 0.20010532 0.67323029 0.73542935 -0.09004354 0.83943361 0.7411536 0.27931428 0.68692857 0.89045113 0.0212498 0.93099988 0.92449355 0.43611374
0.93537587 0.40209216 -0.34667131 0.92982161 0.40034115 0.32254812 0.82245034 0.51014215 -0.42763171 0.78224397 0.44777358 0.58425826 0.64802164 0.52234876 -0.36425266 0.69500542 0.41150907 0.66926283 0.76411057 0.58998489 -0.20035531 0.82214993 0.59445357 0.19990118 0.67075849 0.73542047 -0.09141154 0.83818781 0.73829013 0.27665171 0.68696111 0.89004147 0.01845143 0.90008169 0.91112763 0.43278223
0.93745041 0.4015145 -0.34368637 0.92799628 0.39982876 0.32328939 0.82480192 0.50987428 -0.42164814 0.78070188 0.44788173 0.57806081 0.649463 0.52235347 -0.35791668 0.69283456 0.41136524 0.65817487 0.76409858 0.58893329 -0.20328492 0.81910622 0.59403044 0.20285942 0.67187911 0.73479021 -0.10074745 0.8218472 0.73559481 0.27771515 0.68858242 0.88993365 0.00411044 0.84907424 0.90545446 0.42701665
0.93730754 0.40147588 -0.34422556 0.92732233 0.39926335 0.33156341 0.82660764 0.50938016 -0.42185411 0.78087956 0.44735807 0.59524757 0.65024906 0.52250701 -0.35931063 0.6924507 0.4107804 0.69797087 0.76396626 0.58878952 -0.2080197 0.81587315 0.59397876 0.2075914 0.67508703 0.73513502 -0.10047705 0.77843636 0.74629796 0.27814546 0.69616795 0.88985145 0.00493989 0.80294943 0.90069777 0.42846978
0.93730652 0.40145826 -0.3509191 0.91900939 0.39862108 0.33158851 0.82635093 0.50925303 -0.42801479 0.77214789 0.44782957 0.59678769 0.65005046 0.52284247 -0.38251477 0.65849942 0.40743479 0.67842335 0.76410127 0.5880028 -0.21125451 0.81180948 0.59217972 0.21091062 0.67512423 0.73511946 -0.11510687 0.79162651 0.74217308 0.27819851 0.6957972 0.89059526 -0.00302058 0.81863487 0.90197122 0.42747968
0.93483359 0.40142792 -0.35071912 0.91357028 0.39868343 0.33390325 0.82482582 0.50841165 -0.42855754 0.76932645 0.44787121 0.60424733 0.64854753 0.52353024 -0.38483894 0.66169852 0.40733424 0.68682009 0.76368499 0.58688807 -0.21125689 0.80969948 0.59092534 0.21091904 0.67494315 0.73511297 -0.12661077 0.79654872 0.740924 0.27045459 0.69531578 0.89061874 -0.03046331 0.83803403 0.90357262 0.40231705
0.92925763 0.40196326 -0.32582128 0.91338754 0.4014048 0.35141721 0.81866872 0.50813901 -0.40559113 0.76885593 0.44800943 0.62002045 0.64474267 0.52463949 -0.34282288 0.6761905 0.4075219 0.72495854 0.76432633 0.58679503 -0.21096574 0.81131738 0.59104276 0.21062425 0.67397887 0.73542398 -0.12897544 0.79995531 0.74095833 0.25683653 0.69628394 0.89050031 -0.04561057 0.84096622 0.90448946 0.36237541
0.90886766 0.40261498 -0.3007465 0.910537 0.40981138 0.34942949 0.80122423 0.50822377 -0.38358289 0.76485693 0.45466664 0.59302759 0.63853753 0.5261544 -0.32574907 0.67090768 0.4181059 0.6994831 0.75638431 0.58678019 -0.19917099 0.8196736 0.59380108 0.19880289 0.67381674 0.73556274 -0.12545747 0.81639433 0.74413294 0.23302856 0.69412923 0.89028329 -0.05379524 0.84984046 0.92230278 0.3064799 
0.88318777 0.41293889 -0.24117991 0.88303399 0.42727554 0.33424565 0.78609955 0.51206332 -0.32563704 0.74040526 0.45849505 0.56340849 0.63441384 0.52775443 -0.33420938 0.64291525 0.40672544 0.66387045 0.74357194 0.59662706 -0.17579125 0.81196898 0.59837025 0.17547686 0.67372578 0.73806405 -0.12323299 0.81080925 0.74517149 0.19793151 0.69474339 0.8830775 -0.06455486 0.8299762 0.91383201 0.25404876
0.86892068 0.41550359 -0.31238455 0.87016469 0.42101094 0.28593278 0.77922398 0.51414126 -0.40515441 0.7262311 0.42659169 0.55695701 0.62576473 0.52768272 -0.43016556 0.62731844 0.3872374 0.67674619 0.74271697 0.5956614 -0.17862657 0.78903908 0.59804499 0.17817618 0.73103464 0.7474584 -0.20803532 0.77008045 0.74063998 0.21047348 0.8292852 0.90677524 -0.21111278 0.73856533 0.88246179 0.25823954
0.85262185 0.42133605 -0.30975232 0.86416507 0.41884947 0.29625756 0.77536416 0.51587671 -0.39882502 0.71476632 0.42258865 0.56107682 0.61767012 0.52762121 -0.42096072 0.60760516 0.38247874 0.65945381 0.72457057 0.5952512 -0.18262474 0.78423172 0.59774274 0.18216845 0.71359807 0.74014926 -0.17653316 0.7801525 0.74217057 0.2132239 0.73819 0.8961786 -0.14078139 0.74970955 0.88501823 0.28249824
0.84033692 0.42231241 -0.32524899 0.85563749 0.41977549 0.29351288 0.77302313 0.51757723 -0.42450362 0.72010106 0.42771488 0.59486002 0.61765122 0.52840179 -0.46287712 0.60817552 0.38533682 0.76422817 0.72166896 0.59533304 -0.19689794 0.78053129 0.59891677 0.19637701 0.70617175 0.74478084 -0.18898912 0.77105838 0.74791873 0.22191837 0.7535249 0.89959317 -0.16521981 0.77976966 0.88942879 0.29352424
0.84957153 0.42226726 -0.32594982 0.8572312 0.42136914 0.33252206 0.77291405 0.51739526 -0.43655649 0.72279459 0.42930481 0.64093202 0.61755294 0.52875048 -0.46525982 0.60503799 0.38609251 0.79241538 0.71986228 0.59765452 -0.2035358 0.77995968 0.60050541 0.20302027 0.70236462 0.74584275 -0.17689165 0.77613384 0.75609773 0.24285343 0.74377799 0.90007746 -0.1341127 0.79602748 0.89073163 0.33629549
0.85288721 0.42192554 -0.33129105 0.85829931 0.42125568 0.33459833 0.77083671 0.51716745 -0.44964182 0.71826655 0.4296743 0.63876557 0.61577386 0.52873224 -0.47567239 0.60891473 0.38665268 0.7939716 0.72059959 0.59871036 -0.20613196 0.77831531 0.60144931 0.20563154 0.69098002 0.74536979 -0.17554194 0.77933013 0.75309426 0.24295993 0.70901436 0.8966682 -0.13191906 0.81384087 0.89816278 0.33962536
0.8539741 0.42654186 -0.32380605 0.84729409 0.43007559 0.3314757 0.77247316 0.51706958 -0.44900122 0.71152115 0.43069899 0.63716477 0.61498803 0.52878892 -0.47721282 0.60496402 0.38752681 0.8086884 0.72538453 0.60988075 -0.21166216 0.77505702 0.60856497 0.21116738 0.6971696 0.75507367 -0.18965541 0.77140737 0.75213969 0.2527152 0.73331314 0.90490776 -0.16595164 0.74784082 0.89383215 0.36490986
0.8555637 0.42525452 -0.32442972 0.83508903 0.42937556 0.33690131 0.77358472 0.51691186 -0.45281482 0.71035981 0.43181178 0.64584816 0.61348665 0.52885348 -0.49178541 0.60933632 0.38795039 0.80812615 0.73329848 0.61067474 -0.2122101 0.77543259 0.60829294 0.21172978 0.69611633 0.75372148 -0.18211153 0.77449304 0.75148696 0.258246 0.70495349 0.89815426 -0.16274172 0.81701267 0.90849984 0.36849117
0.85725015 0.42459068 -0.32445014 0.82709819 0.42990807 0.3356092 0.77381599 0.5168016 -0.45206964 0.70725542 0.43347868 0.63981897 0.61388069 0.52927977 -0.49787065 0.60466027 0.38804618 0.79357129 0.73125476 0.60828018 -0.21818593 0.77452713 0.60807294 0.21771495 0.69854194 0.75547814 -0.19071528 0.77016699 0.75102341 0.28274107 0.70569605 0.89394855 -0.1553248 0.80167031 0.90575475 0.42254838
0.86067057 0.42473871 -0.34670988 0.83502483 0.42875326 0.31762311 0.77517581 0.51864803 -0.46953174 0.70775443 0.43594202 0.63589054 0.61331874 0.52973258 -0.51924103 0.60687381 0.39043325 0.79348099 0.73854345 0.61349446 -0.21904556 0.7706455 0.61484218 0.21857145 0.70251864 0.75821912 -0.16927573 0.76307249 0.75834978 0.28901234 0.70674628 0.89227539 -0.08819064 0.78874582 0.9030003 0.43925512
0.86190522 0.4275026 -0.24266708 0.80862367 0.42971259 0.33873498 0.77615184 0.52027148 -0.35393232 0.69267493 0.43593472 0.46528026 0.61381721 0.52981973 -0.38584778 0.60029471 0.38908237 0.38718364 0.74844259 0.61289608 -0.21207994 0.76074398 0.61407065 0.21165773 0.70847726 0.75930619 -0.2166342 0.75846565 0.76060361 0.24283114 0.70744377 0.89080948 -0.21213117 0.7840519 0.90298367 0.33049178
0.87220269 0.42692927 -0.2688669 0.79795414 0.42892721 0.3266778 0.78093404 0.52062613 -0.38017896 0.68914503 0.43637314 0.39385644 0.61416459 0.53002232 -0.40838668 0.59723562 0.38871986 0.25476834 0.75447893 0.6121881 -0.21034814 0.75294548 0.61279595 0.20995846 0.71415246 0.75925088 -0.21079952 0.7483505 0.7601704 0.24110687 0.7418071 0.90249765 -0.17917065 0.77410889 0.90195918 0.3414875 
0.88770819 0.42475641 -0.27677068 0.79892391 0.42881387 0.31880099 0.78885055 0.52022833 -0.39494857 0.68508846 0.43730482 0.43306047 0.61580068 0.53020477 -0.41659656 0.59493381 0.38883984 0.34598714 0.76253897 0.61165047 -0.21443762 0.74531758 0.61255389 0.21405159 0.72220188 0.76002002 -0.21102387 0.71384084 0.75907266 0.23588407 0.78653091 0.90962881 -0.1642527 0.72316378 0.89206517 0.33232605
0.89666414 0.42166644 -0.29020801 0.80246127 0.42822731 0.32265458 0.79929155 0.5197131 -0.41460198 0.68629098 0.43785638 0.48583952 0.61904305 0.53020906 -0.43012258 0.59476703 0.39067528 0.47725818 0.76226681 0.61117011 -0.21976157 0.7477898 0.61196822 0.2194282 0.71862996 0.75927651 -0.20591776 0.72439116 0.75852889 0.24736089 0.76922423 0.90752971 -0.14639381 0.74580455 0.89295661 0.3630839 
0.90150213 0.41927174 -0.29077449 0.80292606 0.42657444 0.31569731 0.80415881 0.51910919 -0.41685399 0.68757659 0.4378843 0.42897063 0.62027627 0.52998585 -0.43278456 0.59596401 0.39017609 0.34071767 0.76393104 0.61088938 -0.22088173 0.74738884 0.61190981 0.22052161 0.72533929 0.75917184 -0.20276755 0.71810716 0.75831956 0.25069419 0.7938351 0.91008884 -0.13385175 0.72838557 0.89275855 0.36794472
0.90675747 0.41770548 -0.26238647 0.79924607 0.42588916 0.31497687 0.80694383 0.51803267 -0.37658992 0.67922562 0.4372153 0.33647755 0.62029755 0.52928597 -0.38109124 0.59629816 0.39007312 0.12628822 0.76239747 0.61111873 -0.21113935 0.73922867 0.61121386 0.21079656 0.71607453 0.75824451 -0.20068078 0.70355463 0.75506777 0.22911993 0.73035818 0.89581186 -0.13498496 0.71113092 0.88766801 0.30671468
0.91255677 0.41745469 -0.22495446 0.78945988 0.42532805 0.31172597 0.80828327 0.51652646 -0.33633208 0.67515469 0.43639687 0.31159106 0.62053782 0.52908355 -0.34243426 0.59548372 0.38961327 0.10476247 0.76306474 0.61225307 -0.19002476 0.72344053 0.60967165 0.18968704 0.71957815 0.75798613 -0.20322903 0.67542255 0.74710166 0.2008756 0.7438333 0.89998311 -0.16884954 0.69599426 0.8854984 0.24133505
0.91766995 0.4166117 -0.20661224 0.79505444 0.42499623 0.34313092 0.81046426 0.51523244 -0.31599808 0.67693555 0.43490973 0.38230395 0.62254703 0.52886897 -0.32030806 0.59528542 0.38929471 0.28270209 0.76812094 0.61184388 -0.1873599 0.72452253 0.60560763 0.18702392 0.73174125 0.75780952 -0.24458322 0.67719448 0.74254596 0.16123572 0.81256407 0.91242945 -0.26852676 0.6915403 0.88520175 0.16955805
0.91701329 0.41664019 -0.2123547 0.79815328 0.42372039 0.305581 0.80925226 0.51519477 -0.31891277 0.67105901 0.42919254 0.32613978 0.62287587 0.52864957 -0.34699586 0.59455413 0.38875172 0.14651513 0.77201867 0.61165696 -0.19031103 0.72662967 0.60491711 0.18996121 0.73542553 0.75797909 -0.23880185 0.67687219 0.74269104 0.18651171 0.8206839 0.91581428 -0.2277609 0.69311148 0.88464075 0.24132705
0.90901798 0.41703984 -0.23409273 0.8158884 0.41678423 0.32671186 0.80880386 0.51533747 -0.3384738 0.66901052 0.42446181 0.35358417 0.62294871 0.52865458 -0.34756714 0.587677 0.38649338 0.15254498 0.76108611 0.61024117 -0.19200452 0.75889236 0.60438424 0.19164702 0.69453979 0.75506705 -0.19730769 0.73846233 0.75469458 0.19416118 0.71416259 0.8950485 -0.14447638 0.77699137 0.90115851 0.25905687
0.89074886 0.41775191 -0.24935418 0.82435662 0.41701984 0.32560667 0.80686677 0.51731712 -0.34647533 0.67268974 0.42548877 0.49966714 0.62328577 0.52916294 -0.38966635 0.58868122 0.38652667 0.52386719 0.75389081 0.61037767 -0.19681574 0.76652724 0.60529667 0.19645949 0.69808412 0.75582176 -0.17984255 0.7478314 0.76044202 0.21418186 0.70971185 0.89176601 -0.11407862 0.77428317 0.90440559 0.31612784
0.8780427 0.42328653 -0.21015382 0.81104404 0.4214718 0.3265774 0.79971236 0.52096188 -0.31738484 0.66819304 0.42654341 0.34158257 0.62282467 0.53010225 -0.36102149 0.58709449 0.38622299 0.12564646 0.75448805 0.61036038 -0.19540937 0.7548514 0.60549533 0.19502416 0.70803344 0.75582117 -0.23023561 0.72601706 0.75986654 0.17913188 0.76547253 0.90202671 -0.22053388 0.72198802 0.89492387 0.22950201
0.87891161 0.42272365 -0.22648907 0.80794001 0.42291442 0.35801801 0.79965097 0.52070743 -0.33364475 0.67430061 0.43156442 0.53340703 0.62190628 0.53183359 -0.36525032 0.5876596 0.38974446 0.51694459 0.75502503 0.60981059 -0.19880363 0.75434387 0.60562003 0.19847474 0.71310246 0.75609142 -0.22429338 0.72828728 0.75883561 0.1890111 0.76411831 0.90791374 -0.20543538 0.73460966 0.89715475 0.24269333
0.87594008 0.42341846 -0.2254675 0.80599779 0.42544782 0.36478311 0.79548305 0.52101302 -0.32901558 0.67437434 0.44245929 0.52918875 0.61904246 0.5327583 -0.35413364 0.58812439 0.39072701 0.50089353 0.75514132 0.60987842 -0.19899496 0.7534492 0.60690504 0.19866724 0.71500009 0.75830734 -0.22401808 0.72827917 0.75910091 0.18503359 0.76303589 0.91279858 -0.2174115 0.7281577 0.89673752 0.22630511
0.87703252 0.42322224 -0.24810961 0.80280936 0.42636997 0.31611249 0.79404032 0.52085823 -0.33989269 0.67812216 0.44142354 0.49742907 0.61772734 0.53333336 -0.37440559 0.58845329 0.39072344 0.48174641 0.75609767 0.61106718 -0.1994236 0.74931967 0.60804051 0.19909824 0.72680634 0.76263791 -0.22367881 0.71965277 0.75882161 0.18913141 0.7760759 0.91878384 -0.20745379 0.71604401 0.89569896 0.23364376
0.87129843 0.42491931 -0.2869994 0.80300367 0.42730004 0.28766492 0.78692192 0.52145994 -0.39059621 0.68172246 0.44085738 0.51179194 0.6150617 0.53428537 -0.44745895 0.58858538 0.39069748 0.58398247 0.74169087 0.60648453 -0.20280279 0.74937111 0.60940158 0.20241976 0.72981679 0.76399165 -0.22471875 0.71531868 0.75862873 0.20425895 0.79593277 0.91941684 -0.20840898 0.70829439 0.89466739 0.30211973
0.86924309 0.42466736 -0.33147871 0.81186002 0.42716342 0.2823312 0.78103215 0.52158636 -0.43870556 0.69242787 0.43933013 0.54045135 0.61242634 0.5354386 -0.49784878 0.5886867 0.39038113 0.62746209 0.74222594 0.60797298 -0.21132518 0.7514025 0.60985297 0.21092986 0.7287482 0.76405966 -0.21306132 0.71860856 0.76031941 0.23557925 0.78839207 0.91906548 -0.16087811 0.71182263 0.89449966 0.36333278
0.86916149 0.42341846 -0.34560165 0.82128048 0.42649043 0.28920674 0.77764589 0.52144027 -0.46192276 0.69818169 0.43885738 0.60143644 0.61102259 0.53643626 -0.50872183 0.58879906 0.39022377 0.72593451 0.72672677 0.60644394 -0.21833009 0.75428748 0.61211801 0.2179302 0.71881902 0.76405984 -0.18273984 0.73265564 0.75427115 0.25962812 0.76026529 0.9188264 -0.10692494 0.735394 0.89713132 0.39268649
0.8670153 0.42333743 -0.32398936 0.82190275 0.42753726 0.29395384 0.77651215 0.52057385 -0.43613902 0.69977385 0.43971214 0.60053295 0.61105371 0.53733665 -0.48128748 0.58889341 0.39020672 0.71935356 0.72991019 0.61051029 -0.21889867 0.75483137 0.61427516 0.21847355 0.71654147 0.76418322 -0.18520151 0.73749131 0.75121003 0.26047006 0.76054889 0.9185012 -0.12760358 0.73450518 0.89704734 0.38392752
0.86374629 0.42479318 -0.40350401 0.82229072 0.4296495 0.21083 0.77300507 0.52064836 -0.50021636 0.70122111 0.44132057 0.56553704 0.61042148 0.5387066 -0.55827099 0.58896971 0.39319134 0.73817623 0.74218035 0.61782241 -0.21814798 0.75300097 0.61641997 0.21774288 0.74922055 0.76607805 -0.2196316 0.71543652 0.75143963 0.30841458 0.8375861 0.92426944 -0.18122075 0.71026272 0.89131224 0.5067417 
0.85904658 0.43096223 -0.36289585 0.80286574 0.43217331 0.18221006 0.77433687 0.52174783 -0.48072374 0.68456864 0.44151172 0.45184097 0.61049926 0.53978276 -0.52862048 0.58890265 0.39233932 0.65416723 0.7574417 0.61940497 -0.19824697 0.73830348 0.61603624 0.19779654 0.76226437 0.75894034 -0.27897793 0.6961596 0.75142276 0.2693032 0.85586911 0.93061769 -0.30375847 0.70179057 0.88839251 0.44005081
0.86060333 0.43055022 -0.31809348 0.81125379 0.43157259 0.26774961 0.77840394 0.52082914 -0.43625006 0.68735749 0.4402332 0.53698218 0.61063695 0.5398398 -0.46474493 0.59327865 0.39072853 0.649212 0.75705558 0.61851597 -0.19890127 0.74704617 0.61573565 0.19850565 0.74901354 0.76108557 -0.19790019 0.72071779 0.75509727 0.26337233 0.80307317 0.92705876 -0.16883151 0.71271515 0.88879663 0.41083503
0.86658174 0.42918098 -0.31638372 0.81660521 0.42663267 0.27804002 0.78452164 0.52006882 -0.43272537 0.69007385 0.44021037 0.58956021 0.61289561 0.53976345 -0.46312216 0.59606725 0.39026555 0.76364696 0.74169523 0.61037892 -0.19973196 0.74712527 0.61482209 0.19931009 0.74665451 0.76323891 -0.17759426 0.7146762 0.75501209 0.2612918 0.8106761 0.92659479 -0.13860333 0.7098375 0.88817269 0.39966935
0.87459999 0.42763245 -0.33459684 0.81098306 0.42660591 0.25909403 0.79205739 0.51990867 -0.44564462 0.68934029 0.43905523 0.5702275 0.61530912 0.53964233 -0.47750488 0.59892231 0.3898637 0.71092546 0.73963952 0.6092273 -0.20061225 0.74220985 0.61453408 0.20020442 0.75061274 0.76539516 -0.18424211 0.69502538 0.75412637 0.25893393 0.83629066 0.92552447 -0.13777809 0.70291239 0.88735336 0.39761856
0.87980527 0.42645857 -0.31199577 0.78894883 0.42648715 0.25699696 0.79986131 0.51986229 -0.42511678 0.67165166 0.43884355 0.38026184 0.61949801 0.53954983 -0.43742892 0.59879714 0.38776714 0.33461022 0.75750893 0.6144293 -0.19441906 0.72984469 0.61451316 0.19410653 0.75316077 0.76664031 -0.18779419 0.68090874 0.75389898 0.23605502 0.83915502 0.92475158 -0.14564778 0.69467938 0.8863821 0.36005855
0.87864411 0.42518249 -0.28860804 0.79485458 0.42271796 0.27826431 0.80240905 0.51939422 -0.42113805 0.67072904 0.43327549 0.19925089 0.61991537 0.53899783 -0.42398372 0.60052192 0.38697559 -0.14609866 0.7507658 0.61467987 -0.19557329 0.74046016 0.61439878 0.19525394 0.7049278 0.76571459 -0.132101 0.71746373 0.75790536 0.2538434 0.71846193 0.89634311 -0.04985179 0.70993912 0.88664901 0.38020769
0.87781852 0.42392334 -0.28440723 0.79852647 0.42185307 0.29848951 0.80359346 0.51776427 -0.41180402 0.67259014 0.43114546 0.33903831 0.62390715 0.53795522 -0.41621685 0.60140258 0.3868902 0.20502955 0.74616456 0.61465353 -0.19600211 0.76388931 0.6132583 0.19567585 0.69327396 0.76385313 -0.12323542 0.72113949 0.75842929 0.25596642 0.70662713 0.89094633 -0.03704 0.72725689 0.89239937 0.38225812
0.88536131 0.42345524 -0.25737491 0.7963804 0.42166907 0.29534489 0.80621946 0.51709801 -0.37197617 0.66913253 0.42873526 0.24271062 0.6241706 0.53644508 -0.37309167 0.59982491 0.38602403 -0.01827253 0.74820042 0.61558014 -0.19503531 0.75428987 0.6132496 0.19468649 0.69577658 0.76312959 -0.13745871 0.70589256 0.75674444 0.2432884 0.70428026 0.88889956 -0.06255252 0.71165252 0.88706368 0.34291977
0.89222693 0.42190209 -0.24814546 0.80038202 0.4207463 0.3023226 0.8065778 0.51510179 -0.35570917 0.66886085 0.42779353 0.20522669 0.62421054 0.53452182 -0.34480935 0.59925127 0.38555783 -0.13318637 0.74860573 0.61547267 -0.19168554 0.75509667 0.61277479 0.19133878 0.67720717 0.75776684 -0.1176471 0.71921891 0.75591564 0.24459139 0.68654507 0.88819438 -0.03353292 0.73380411 0.88825423 0.34822702
0.89787292 0.41872275 -0.24733838 0.80391324 0.41927645 0.320544 0.80736548 0.51379955 -0.35720915 0.66540033 0.42685297 0.2859126 0.62427956 0.53322089 -0.34644678 0.59761995 0.38505781 0.05145651 0.75044483 0.61435699 -0.19213322 0.7547127 0.61070758 0.19177791 0.68242884 0.75572926 -0.12065821 0.72058427 0.75399619 0.24558967 0.69128096 0.88701719 -0.05444564 0.7383467 0.88839841 0.35062566
0.89750707 0.41840994 -0.25015548 0.79915226 0.41923299 0.3043175 0.80866569 0.51342821 -0.36349332 0.66083193 0.42522499 0.19877338 0.62434149 0.53296721 -0.36625838 0.59732556 0.38490587 -0.1366922 0.75605708 0.61385518 -0.19320291 0.74362564 0.60803628 0.19279253 0.71358216 0.75553566 -0.17833473 0.6979599 0.74637705 0.24565455 0.80762559 0.89375424 -0.13158405 0.70803255 0.88151509 0.3509343 
0.89595753 0.4179154 -0.25775126 0.82090223 0.41301832 0.30838811 0.80812877 0.51353741 -0.37103626 0.66208649 0.42538074 0.26403612 0.62458491 0.53298956 -0.37232029 0.59804517 0.38480338 0.05084285 0.75511169 0.6126861 -0.1948297 0.74979085 0.60805643 0.19437909 0.70897061 0.75586808 -0.17411958 0.74780327 0.75006074 0.25656688 0.76400018 0.89660525 -0.12907937 0.79133141 0.88899595 0.37454122
0.88670772 0.4179984 -0.25960371 0.83571094 0.41351816 0.31728727 0.80688441 0.51362038 -0.3630124 0.66919118 0.42546269 0.48060596 0.62453419 0.53317666 -0.3656874 0.59829926 0.38485149 0.47367847 0.73430699 0.60387301 -0.19524112 0.7698999 0.60627592 0.19480492 0.69119513 0.7523101 -0.17215814 0.78523892 0.74696434 0.25609663 0.720797 0.88569808 -0.12527904 0.84408128 0.89619797 0.37040153
0.88349169 0.41989836 -0.23775268 0.83400601 0.41426525 0.31455448 0.80414528 0.51556116 -0.32921541 0.66717255 0.42643273 0.2204873 0.62417465 0.53450638 -0.33741462 0.59955835 0.38398305 -0.15124418 0.7274825 0.60118759 -0.19019227 0.77385771 0.60472959 0.18970096 0.68607908 0.75264156 -0.17259189 0.78949136 0.74560601 0.22816694 0.70978302 0.88367867 -0.12828071 0.87238038 0.90372676 0.30984885
0.86359382 0.42276335 -0.22384506 0.8164748 0.41715422 0.34536704 0.79870832 0.51930124 -0.31413421 0.66611689 0.42214191 0.26157895 0.62353379 0.53732985 -0.33240062 0.60066569 0.382498 0.03239357 0.72700644 0.59810382 -0.19086844 0.77284896 0.60223317 0.19039682 0.68668664 0.74961787 -0.19938082 0.78863835 0.7436831 0.21892519 0.71273971 0.87839234 -0.17279598 0.85445273 0.90248227 0.30369264
0.86250675 0.42276827 -0.27988794 0.8176114 0.41729024 0.33501777 0.79137546 0.51949602 -0.37938741 0.67365718 0.4205189 0.3594265 0.62084597 0.53903157 -0.40617904 0.60076982 0.38165668 0.21480076 0.72902405 0.59768558 -0.20176682 0.77248871 0.59971136 0.20125028 0.69472921 0.74996376 -0.21467109 0.7772963 0.74000478 0.26190266 0.75040984 0.88818985 -0.19273585 0.82824546 0.9002226 0.39704186
0.86343712 0.42271644 -0.29797807 0.82150638 0.41651699 0.28866133 0.78869247 0.51946127 -0.38951072 0.68002343 0.41985598 0.43930501 0.61925447 0.53990334 -0.4272936 0.60038483 0.38174194 0.41443977 0.73041046 0.59766805 -0.20210725 0.77335078 0.59887666 0.20159052 0.69489682 0.75029933 -0.21024147 0.77273512 0.7400977 0.25951189 0.74992257 0.89192396 -0.19255896 0.82987052 0.89998734 0.3836914 
0.86494559 0.42266944 -0.28476 0.82306331 0.41571569 0.28931487 0.7858451 0.51914221 -0.36538604 0.68067795 0.41799241 0.41555279 0.61886925 0.54040444 -0.38726702 0.60059804 0.3804073 0.40199313 0.73127657 0.59732437 -0.19915795 0.77582556 0.59779209 0.19859962 0.69331199 0.75058502 -0.21273392 0.77979863 0.74045289 0.25746518 0.71605653 0.88889873 -0.21293487 0.84033954 0.90199226 0.3686628 
0.86562395 0.42361468 -0.25329921 0.82305956 0.41602933 0.32120946 0.78467792 0.51907599 -0.33148003 0.6812315 0.41847122 0.49233037 0.61889082 0.54070491 -0.3589623 0.60209793 0.38051254 0.46780866 0.73060817 0.5975498 -0.19719426 0.77495456 0.59832776 0.19663243 0.68869382 0.75080067 -0.21914794 0.78085989 0.74067038 0.23112214 0.70197123 0.88739276 -0.22313778 0.84501815 0.9045611 0.30314142
0.87040693 0.42286816 -0.23808181 0.83264393 0.41636023 0.36017075 0.78535402 0.51881975 -0.31964204 0.68314558 0.42069033 0.54695874 0.61890256 0.54080552 -0.32911539 0.60279387 0.38268518 0.5372889 0.73062432 0.59645176 -0.19582404 0.77445507 0.59865403 0.19529161 0.68090063 0.74959689 -0.21498282 0.79189229 0.75517535 0.20169075 0.69578266 0.88567376 -0.2091376 0.86749649 0.90465748 0.25709724
0.86068463 0.42793119 -0.13801044 0.82888299 0.42330322 0.41061103 0.78548867 0.51946646 -0.21810921 0.68372834 0.42085704 0.55244547 0.61883187 0.54095441 -0.24735138 0.59910196 0.38330227 0.51066315 0.73880446 0.6004582 -0.18541084 0.77455646 0.59895742 0.18497349 0.67908871 0.74975967 -0.23042797 0.79797167 0.75469625 0.15062465 0.69217056 0.88599658 -0.2449106 0.87252706 0.9095825 0.16191882
0.87056231 0.42719978 -0.19623095 0.82958889 0.42122141 0.3990995 0.79093331 0.51853579 -0.28428954 0.68501323 0.42142555 0.50184977 0.61883897 0.54110742 -0.31244409 0.59803861 0.38356584 0.44991302 0.73702192 0.59949261 -0.18600398 0.77423716 0.59910434 0.1855669 0.68047446 0.75084889 -0.19364764 0.79262084 0.76177973 0.17173949 0.69428188 0.88571936 -0.14349739 0.85966474 0.91018367 0.17820053
0.88456321 0.42468929 -0.26815102 0.83862549 0.41928479 0.36586335 0.80309004 0.51823646 -0.34841025 0.68761826 0.4218896 0.48529735 0.61975467 0.54115349 -0.34858835 0.59777606 0.3836481 0.42854333 0.74914837 0.6081329 -0.18805785 0.77562386 0.59978485 0.18766052 0.68125415 0.75212449 -0.16729119 0.79038101 0.76293743 0.20558633 0.69228595 0.88585764 -0.08632919 0.85305303 0.90964013 0.29693693
0.90709025 0.42341766 -0.27030328 0.83875918 0.41408694 0.31696007 0.8100509 0.51714712 -0.37461317 0.68986577 0.42989698 0.41043872 0.62106115 0.54114139 -0.37983349 0.59694833 0.38364899 0.31411624 0.76876479 0.61348122 -0.18877344 0.75573814 0.60390955 0.18840253 0.71931225 0.75784987 -0.17279947 0.70564473 0.75709862 0.20815879 0.79194576 0.90569317 -0.10968333 0.72198379 0.88971192 0.29724577
0.92025274 0.42235893 -0.33117339 0.83795851 0.40977171 0.26423746 0.81535727 0.51540118 -0.44630444 0.6884526 0.4243249 0.35345668 0.6233573 0.53963929 -0.44117352 0.62594181 0.38463753 0.25299218 0.77327126 0.6129601 -0.19154905 0.74025762 0.60389876 0.19120677 0.74215978 0.76092052 -0.1621895 0.68462688 0.75251985 0.2189195 0.83305436 0.90899485 -0.06674024 0.70219022 0.88507783 0.34551135
0.9311775 0.42235744 -0.31014791 0.79809737 0.41048905 0.23403431 0.82280022 0.515324 -0.43515196 0.63448519 0.41128647 0.10147344 0.62546498 0.5390628 -0.45388836 0.62547266 0.37778547 -0.23228449 0.79726791 0.61897194 -0.17876627 0.71880126 0.60563201 0.17833215 0.80258042 0.76764542 -0.20332251 0.66371256 0.75081199 0.20148936 0.90752572 0.93490738 -0.11719125 0.68942457 0.88726705 0.33671245
0.93527365 0.42290488 -0.3021664 0.79404187 0.41074285 0.20606281 0.82936287 0.51581073 -0.41340983 0.633425 0.40475914 -0.01560349 0.62741357 0.53800178 -0.43191049 0.61209923 0.37488765 -0.46669781 0.80439585 0.6194573 -0.16767751 0.72149915 0.60557598 0.1672502 0.80069417 0.76670516 -0.21122946 0.66694105 0.74966848 0.19033699 0.90629083 0.9332189 -0.13841292 0.69216287 0.88509727 0.3288078 
0.93071473 0.42447558 -0.27271441 0.80689555 0.4072434 0.23593536 0.82672393 0.5170297 -0.36718774 0.64223951 0.40512899 0.18790516 0.6279704 0.5380106 -0.39134976 0.60461885 0.37412438 -0.05187439 0.79394615 0.61816859 -0.171381 0.72813642 0.60450208 0.17096595 0.78052479 0.76569897 -0.17334487 0.69700038 0.73718989 0.17960355 0.77188867 0.89593428 -0.10189876 0.71230847 0.8798936 0.28553143
0.92627257 0.42508131 -0.3233586 0.85305214 0.4096705 0.24828197 0.82401669 0.51874804 -0.41829255 0.67814422 0.41285789 0.49151906 0.62784868 0.53803378 -0.43385994 0.60466892 0.37686881 0.54461712 0.78234822 0.61724699 -0.18434455 0.75616562 0.60907227 0.18395425 0.72149825 0.76453853 -0.13198191 0.74460536 0.73583472 0.23254918 0.7157647 0.88674057 -0.0328238 0.76092213 0.8864488 0.37854731
0.92360729 0.42732832 -0.34160805 0.85909128 0.41005439 0.24457103 0.82028705 0.52208424 -0.42643055 0.68301117 0.41323194 0.43074024 0.62816209 0.53814667 -0.4269765 0.61023933 0.37898013 0.42647579 0.78218615 0.61684769 -0.19211723 0.76927006 0.60698402 0.19175848 0.72240925 0.76401991 -0.14734426 0.74379426 0.73500174 0.24090599 0.74315482 0.89902967 -0.0673366 0.73198295 0.88433701 0.38695666
0.92195582 0.42874873 -0.34052896 0.85433882 0.41062137 0.23169298 0.8091234 0.52383524 -0.43551388 0.69757354 0.42051762 0.48870555 0.62703186 0.53877747 -0.47215784 0.61099827 0.38100815 0.57737964 0.77334148 0.61653531 -0.19234838 0.74944597 0.60685998 0.19198722 0.72303092 0.76400703 -0.15373217 0.71294743 0.74054319 0.22908336 0.75918728 0.90072227 -0.08095513 0.71281624 0.88502103 0.37855011
0.92135829 0.43249616 -0.3494668 0.83968836 0.41070083 0.19855738 0.79534096 0.5241636 -0.44317988 0.69369298 0.42107913 0.48373717 0.62338722 0.53954577 -0.47637901 0.60617703 0.38175443 0.38492051 0.77219331 0.61047751 -0.18999988 0.73303056 0.60648286 0.18961827 0.74846834 0.76517665 -0.18689995 0.69328839 0.74058914 0.22838874 0.82105529 0.90340722 -0.13853334 0.69988567 0.88552988 0.37034717
0.92074531 0.43380088 -0.40412992 0.82887977 0.41160619 0.12760976 0.78500086 0.52797323 -0.47945398 0.69220448 0.42122966 0.41865766 0.61978579 0.54096353 -0.50810045 0.60005599 0.38373345 0.39950544 0.77209127 0.61714131 -0.18542032 0.72684205 0.60655707 0.18504855 0.75663555 0.76600188 -0.19661194 0.68407714 0.74133164 0.22015272 0.83178031 0.9064973 -0.13816406 0.69729954 0.88481456 0.36244187
0.91403216 0.43439284 -0.38749942 0.81797981 0.41870278 0.16699831 0.78497642 0.5280239 -0.45196632 0.69030273 0.42165387 0.40186566 0.61990511 0.54155159 -0.48129469 0.59470391 0.3849453 0.42160237 0.76572114 0.60825676 -0.18066674 0.72236902 0.60627282 0.1802824 0.75286448 0.7658903 -0.20467994 0.69042623 0.74207711 0.21711159 0.82025707 0.90645736 -0.17753869 0.70261031 0.87931329 0.34697363
0.90308321 0.43466941 -0.39712271 0.81824917 0.41842985 0.15178075 0.78100085 0.5281986 -0.47899938 0.68537986 0.41560438 0.40340015 0.61792797 0.54245567 -0.52117825 0.59390765 0.38203928 0.48770395 0.75858396 0.61153853 -0.18073064 0.72486389 0.60627258 0.18033677 0.71384215 0.76360315 -0.19329348 0.70401579 0.74489415 0.23489676 0.72128892 0.8916133 -0.16122805 0.73749763 0.87999004 0.37316847
0.90161294 0.43479088 -0.42360225 0.82513756 0.41961113 0.16425946 0.78115398 0.52803433 -0.53666645 0.69054782 0.41564789 0.51305526 0.61752629 0.5438922 -0.57370627 0.59427482 0.38152036 0.68409634 0.75930494 0.61791688 -0.19695906 0.72989237 0.61003274 0.19650277 0.71809453 0.76431572 -0.18159898 0.7019428 0.74578267 0.25699756 0.72199112 0.89903378 -0.11294985 0.72053993 0.87890327 0.40068081
0.90191644 0.4347443 -0.39991841 0.8368867 0.4247202 0.23214544 0.78291047 0.52815336 -0.50203627 0.7075035 0.44162476 0.53753787 0.61760676 0.54485333 -0.53252447 0.59876966 0.38409823 0.64393342 0.77246928 0.62126172 -0.20193893 0.74187207 0.61298293 0.20161915 0.74383885 0.76749122 -0.23375174 0.69804478 0.74708718 0.25360516 0.87241024 0.93363774 -0.19675718 0.70655388 0.88063687 0.41247019
0.90238303 0.43605804 -0.44144481 0.84503633 0.42746842 0.23075798 0.78371567 0.52955407 -0.53924286 0.72135746 0.45027447 0.54428035 0.61765796 0.54724127 -0.54378098 0.61770481 0.40458977 0.71575582 0.77647549 0.62937057 -0.21115769 0.74713749 0.6201508 0.21086179 0.75677943 0.77124035 -0.24701925 0.69552517 0.75032032 0.29544511 0.90939617 0.9496699 -0.19288979 0.6998812 0.8830415 0.51325101
0.91358382 0.43940705 -0.43892941 0.85378128 0.43561664 0.2092597 0.78881019 0.53492385 -0.53251487 0.72226757 0.44664481 0.5028733 0.61942357 0.55063063 -0.53720051 0.61647952 0.4011851 0.62982082 0.78713995 0.63322914 -0.20968325 0.75224823 0.62224811 0.20935698 0.76438659 0.7707172 -0.25353852 0.69008452 0.75032419 0.28467435 0.91219258 0.94671232 -0.1906703 0.69977272 0.88471723 0.47273508
0.91366941 0.44207111 -0.51360512 0.85285932 0.43301925 0.1182216 0.78933781 0.53767079 -0.60286063 0.72171092 0.44399226 0.46770027 0.61954707 0.55451328 -0.61327106 0.6177882 0.39911798 0.61593598 0.78531617 0.63558304 -0.20784628 0.75165397 0.62218261 0.20750766 0.76797086 0.77264434 -0.24251162 0.68736404 0.7504974 0.31172925 0.91705149 0.94976288 -0.14642125 0.69153142 0.88620061 0.56131124
0.91350853 0.44313338 -0.46382895 0.85233068 0.43185917 0.1244702 0.79738683 0.53910202 -0.55977464 0.72065896 0.44139069 0.49588045 0.61992133 0.55558527 -0.57185245 0.6244927 0.39667755 0.66020584 0.78496981 0.6333456 -0.20667259 0.75122321 0.62118274 0.2063271 0.76709086 0.77284884 -0.22966889 0.68759352 0.75094539 0.30606666 0.89324325 0.94212246 -0.14175703 0.69514728 0.8848058 0.50340301
0.91193771 0.44311589 -0.44866461 0.85361034 0.43138325 0.15227614 0.80272651 0.53990531 -0.54451919 0.72217214 0.44229242 0.51117867 0.62214214 0.55639076 -0.55923325 0.62700367 0.39736018 0.67264026 0.77451754 0.63234365 -0.20600015 0.75091362 0.62121838 0.20565523 0.75039893 0.77262384 -0.18508121 0.68832803 0.75093633 0.29223529 0.86426055 0.92783016 -0.09040448 0.69660676 0.88281864 0.48207176
0.91202402 0.44369304 -0.35331339 0.85243672 0.43221214 0.2390871 0.80399793 0.53924078 -0.44838634 0.71969157 0.44224015 0.53644943 0.62516594 0.55606771 -0.47477999 0.62538266 0.39639848 0.66308802 0.76686698 0.6314981 -0.20562509 0.75273556 0.62208211 0.20528749 0.71680504 0.77138805 -0.17258924 0.73202705 0.74724865 0.28605124 0.73442638 0.89370239 -0.10306287 0.7214039 0.88342917 0.47892767
0.9120872 0.44328511 -0.37179685 0.84548634 0.43187866 0.23199789 0.80858946 0.53871596 -0.46865657 0.71179748 0.44115078 0.55710751 0.6270932 0.55576724 -0.48504373 0.62039971 0.39444515 0.73283976 0.76214164 0.63096613 -0.20522225 0.75160444 0.62164277 0.20488374 0.71473712 0.77127707 -0.166722 0.73237771 0.7418763 0.28415772 0.72181726 0.88688719 -0.09814919 0.72050583 0.8827309 0.47369835
0.91124409 0.4431195 -0.39665234 0.86047655 0.43148762 0.2475812 0.80790192 0.53830016 -0.49814865 0.71584421 0.44147074 0.55378449 0.62534708 0.55541229 -0.50490105 0.61728114 0.39278942 0.69438559 0.75899518 0.6291464 -0.20722702 0.78490412 0.61772817 0.20689942 0.66079599 0.74569452 -0.14224638 0.78454685 0.74229646 0.29376769 0.696787 0.88429725 -0.02945293 0.80056036 0.89464056 0.47054246
0.9127962 0.44141293 -0.38534385 0.86076677 0.43106937 0.25962514 0.81206101 0.53675771 -0.48961249 0.71774364 0.44176233 0.56936175 0.62534386 0.55517137 -0.50560987 0.61036134 0.3936311 0.70568848 0.75971764 0.62882692 -0.20743494 0.78893954 0.6153999 0.20707527 0.65846306 0.74216723 -0.13165535 0.77230185 0.74277413 0.28988793 0.70243245 0.8837716 -0.02758712 0.78746414 0.89583373 0.45306712
0.91628414 0.4411431 -0.34218514 0.85993314 0.43018261 0.25235036 0.81207806 0.53661799 -0.44204074 0.71722656 0.44364014 0.54111451 0.62531179 0.55500203 -0.45727983 0.6079188 0.39601916 0.60379267 0.76630878 0.62672544 -0.20548019 0.78578633 0.61145121 0.20514181 0.66627061 0.73644066 -0.14238016 0.73686373 0.74281979 0.24946792 0.72642636 0.88234937 -0.02887647 0.74545491 0.88522875 0.36570269
0.91866231 0.44114462 -0.32996476 0.8467648 0.42638922 0.24957459 0.811562 0.53675926 -0.4292205 0.70355332 0.44300508 0.45388263 0.62282115 0.55481064 -0.43836761 0.59261167 0.39636335 0.41829413 0.78050333 0.62565887 -0.20116304 0.78442127 0.60838628 0.20079166 0.68123901 0.74145627 -0.22845078 0.69007164 0.72764593 0.1881423 0.81568193 0.88667774 -0.20951468 0.70919144 0.87439126 0.24394163
0.9239291 0.44109008 -0.34538698 0.8468855 0.42386457 0.23617145 0.8092851 0.54004413 -0.44488716 0.6987195 0.44284472 0.39286774 0.62139434 0.55587393 -0.45669201 0.5899111 0.39805132 0.32642585 0.78739101 0.6256687 -0.20071507 0.78386718 0.60880601 0.20033196 0.68548954 0.74416578 -0.21390355 0.68761605 0.72258049 0.2151026 0.81011266 0.88932741 -0.16697066 0.69701004 0.86198956 0.31462476
0.92320889 0.44305578 -0.39222422 0.84640449 0.42537174 0.23668753 0.79839039 0.54343182 -0.48344883 0.69525361 0.44846854 0.4211615 0.61803997 0.56022495 -0.47638172 0.59230483 0.41036764 0.3958157 0.7928673 0.63301647 -0.21221121 0.7835471 0.61973846 0.21177848 0.7076596 0.74561799 -0.22217532 0.68682951 0.72347653 0.24824193 0.84885925 0.90077442 -0.14963183 0.68709719 0.86370772 0.3466278 
0.91909432 0.44796994 -0.47111946 0.85702395 0.43240717 0.20305483 0.78687584 0.54990631 -0.56574285 0.70834005 0.45879629 0.46753803 0.61583269 0.56669563 -0.58201426 0.59608614 0.41888893 0.56089556 0.79214859 0.64118201 -0.21815231 0.78815049 0.63503063 0.21774134 0.70586926 0.75583065 -0.13738726 0.74330908 0.73664755 0.31061214 0.82967287 0.90524995 0.03013125 0.76041353 0.88537449 0.49676886
0.91183311 0.45459875 -0.4438259 0.85815084 0.44375339 0.22989385 0.78241241 0.55457455 -0.53681374 0.71738625 0.48128015 0.56733209 0.61257529 0.5731315 -0.55530769 0.59664476 0.43034321 0.71621579 0.783705 0.64554536 -0.21738097 0.7893585 0.63345623 0.21698706 0.68145037 0.75897366 -0.12418726 0.78246534 0.75250363 0.2990807 0.7075569 0.8976658 0.03534504 0.85221583 0.91254288 0.46130708
0.90800709 0.45660135 -0.436221 0.85811365 0.44785422 0.22573848 0.78356868 0.55852407 -0.53192568 0.71845126 0.48415667 0.56978291 0.61261535 0.5817188 -0.54895943 0.59720808 0.43680689 0.73159206 0.75836498 0.64298725 -0.21779481 0.78520131 0.64084756 0.2174107 0.68531263 0.76834911 -0.13951242 0.76598448 0.75103891 0.30486736 0.78281689 0.90801847 -0.01069711 0.7377876 0.90525717 0.47919306
0.90147144 0.46426713 -0.47018689 0.85459608 0.45852149 0.20658365 0.78457689 0.56638044 -0.55875528 0.71776307 0.50162774 0.57219005 0.61279154 0.59164822 -0.5935666 0.59786069 0.45248121 0.74961138 0.75975746 0.66001678 -0.2207831 0.76624197 0.65016377 0.22031032 0.7100153 0.78278798 -0.16140653 0.71308678 0.75309551 0.35899422 0.86963856 0.93257076 -0.01402383 0.68839103 0.89794236 0.58019173
0.89913422 0.46528351 -0.36614528 0.86748886 0.46124795 0.24342276 0.78467327 0.56773359 -0.44181138 0.7241649 0.50048369 0.55565858 0.61584908 0.60058588 -0.42318943 0.60218519 0.45179927 0.68481129 0.74525756 0.65964907 -0.19278434 0.77409893 0.64984262 0.19237776 0.61381179 0.75280207 -0.09990077 0.78707975 0.7694748 0.30779749 0.68538404 0.90149808 0.04691353 0.87100148 0.93050992 0.41769144
0.89523011 0.47377887 -0.40264118 0.86677456 0.46464968 0.18870066 0.78969985 0.57871276 -0.46438134 0.72303867 0.50117862 0.54093987 0.61762655 0.61047649 -0.46113184 0.60213566 0.45631307 0.67258519 0.74473262 0.66681069 -0.19106096 0.77619421 0.6520617 0.19062378 0.60375667 0.7496866 -0.06286293 0.79032856 0.77463502 0.3316811 0.66713601 0.89137971 0.13747831 0.88492095 0.93552452 0.50066817
0.89281541 0.48137695 -0.40491822 0.86558586 0.47085258 0.19383575 0.791978 0.58672518 -0.48089442 0.72405607 0.50270355 0.53798568 0.62042397 0.61736029 -0.49698651 0.60253209 0.46083191 0.68576264 0.74130005 0.67525405 -0.18965361 0.77694631 0.65945971 0.18920237 0.60694975 0.75061697 -0.05369391 0.79022121 0.77761775 0.33148706 0.66423398 0.8916828 0.15021588 0.88336712 0.93463904 0.50312036
0.89588034 0.48769242 -0.40780449 0.86428291 0.47474045 0.19367547 0.80080515 0.5951156 -0.48546025 0.72533047 0.51261824 0.48424512 0.62252897 0.62610751 -0.50176853 0.60132718 0.46614647 0.54736298 0.74433607 0.67986786 -0.19306545 0.77157736 0.66809368 0.19257487 0.62247413 0.75559878 -0.06250875 0.73960364 0.77625811 0.33113953 0.74699646 0.89584786 0.09114537 0.8097496 0.91336149 0.48268694
0.89245224 0.49358609 -0.44272095 0.86174637 0.48243189 0.13526389 0.800942 0.60055858 -0.50874305 0.72513998 0.51168853 0.43493101 0.62273681 0.63261145 -0.51959717 0.6041947 0.47114268 0.54126447 0.73988855 0.68931717 -0.19388513 0.76718372 0.67701048 0.19340575 0.63634574 0.76597887 -0.05633488 0.73743308 0.77163219 0.37135535 0.77383322 0.9030056 0.11740776 0.796018 0.90754241 0.56307447
0.89323974 0.50303298 -0.59656751 0.83881825 0.48310176 -0.06640996 0.80110794 0.61374533 -0.66602021 0.71749669 0.51782972 0.24767818 0.62275261 0.64063269 -0.68276799 0.60608864 0.47344801 0.40188691 0.75346065 0.69251025 -0.19243956 0.74817312 0.67218059 0.19194998 0.6995768 0.78103149 -0.15299866 0.66349906 0.757532 0.29785675 0.87096751 0.93423736 -0.01491022 0.68690461 0.88271314 0.53055549
0.89385217 0.50803435 -0.52703518 0.83661556 0.49002695 0.0504018 0.80088341 0.62258995 -0.60371858 0.7150982 0.54181778 0.30068642 0.62272394 0.64628518 -0.62038851 0.62019479 0.49784565 0.33802825 0.76119637 0.69853282 -0.19412509 0.74512208 0.67847717 0.19363743 0.69674277 0.77915108 -0.20213917 0.64290327 0.74668908 0.21782441 0.86900157 0.93622798 -0.09364311 0.66521293 0.88153565 0.39989895
0.8987534 0.51373994 -0.58378762 0.83796513 0.49424157 0.02600481 0.80147249 0.6333372 -0.65760225 0.71804923 0.54780751 0.32923937 0.62269604 0.65327108 -0.66877192 0.64575064 0.51856363 0.43351009 0.77263862 0.70685619 -0.20129666 0.74731952 0.68430811 0.20092925 0.70640534 0.7874009 -0.16869263 0.64419216 0.75303662 0.32307404 0.87677521 0.94109356 0.03224187 0.66865617 0.88461846 0.59639585
0.90191013 0.51810616 -0.5642857 0.83794254 0.50244409 0.04525414 0.80293983 0.63833481 -0.64394146 0.71509683 0.5492627 0.36706832 0.62283045 0.65888178 -0.67355329 0.64049101 0.50192434 0.509094 0.77703434 0.71200508 -0.20541976 0.74794662 0.69161332 0.20506674 0.70651871 0.78632778 -0.1658747 0.65405041 0.76277906 0.35181406 0.87163758 0.93847781 0.04758192 0.67853385 0.88512158 0.60504198
0.90267438 0.52368253 -0.63763642 0.83338028 0.50924093 -0.03721132 0.80282372 0.64569336 -0.71310657 0.71808314 0.55860335 0.35690543 0.62205505 0.66427976 -0.74330002 0.64399451 0.52798325 0.55306536 0.78143376 0.71939439 -0.2059193 0.74921447 0.69952697 0.20553549 0.73171127 0.78404009 -0.15354216 0.62907916 0.76560539 0.47868109 0.88377845 0.93943053 0.07446233 0.67691207 0.88657194 0.80649459
0.9050926 0.52454054 -0.58385479 0.82340169 0.51088077 0.01847297 0.80796409 0.64785451 -0.66137278 0.71736109 0.57300127 0.28313074 0.62017536 0.6681698 -0.68241382 0.64563084 0.56055903 0.30970871 0.79133552 0.71445101 -0.20821799 0.74794179 0.69741338 0.20788017 0.73861158 0.77757287 -0.24081591 0.60818046 0.76372677 0.29103714 0.88900262 0.93921405 -0.10789604 0.66984236 0.88760507 0.5703854 
0.90518391 0.53030783 -0.62210786 0.81440163 0.51079708 -0.07625949 0.80749238 0.65233326 -0.69975388 0.71005994 0.56413341 0.2382181 0.61610657 0.67315698 -0.71024489 0.64179659 0.53446752 0.36740842 0.79072911 0.71657044 -0.19913496 0.74521905 0.69616514 0.19884627 0.73084325 0.77876514 -0.20353121 0.59158558 0.76075691 0.28202692 0.88758796 0.93997842 -0.06273273 0.65771896 0.88393241 0.57320178
0.88130379 0.53810203 -0.62190038 0.79645824 0.52821666 -0.07647467 0.80539584 0.6547628 -0.73473853 0.71011347 0.58300436 0.27281827 0.61452317 0.67857945 -0.76268685 0.65555114 0.54429245 0.44546902 0.78662366 0.72677553 -0.19748639 0.73446167 0.71062243 0.19720308 0.7369768 0.79160494 -0.19216374 0.55224222 0.74516684 0.12542629 0.89127618 0.94015545 -0.03655121 0.6531077 0.88438034 0.42613235
0.88394004 0.53494281 -0.60252768 0.80316472 0.52768809 0.04583408 0.80512381 0.65616196 -0.70649099 0.7243278 0.58606595 0.39530319 0.61347657 0.68500799 -0.71840674 0.65170455 0.56389046 0.53974438 0.80299979 0.73398471 -0.20688763 0.74454802 0.71811289 0.20661111 0.74088156 0.78937584 -0.26139522 0.57066911 0.75292557 0.20483381 0.88856292 0.93860632 -0.11952134 0.65096098 0.88413674 0.46784607
0.88648713 0.53664303 -0.55035126 0.80825198 0.52485728 0.09832457 0.80508852 0.65839648 -0.66406006 0.72578549 0.5827812 0.44413427 0.61377788 0.68620795 -0.67214805 0.64059234 0.54538971 0.588871 0.80589706 0.73495317 -0.20602129 0.74643302 0.71952516 0.20578159 0.74177521 0.78789413 -0.25222597 0.54862279 0.74456978 0.14640222 0.88833028 0.9376781 -0.12558241 0.65192831 0.87447333 0.37016714
0.88781798 0.53852063 -0.52193838 0.80979955 0.52529216 0.10272574 0.79786295 0.65805918 -0.6190396 0.73175877 0.58576101 0.42338952 0.61355591 0.6884191 -0.5936923 0.63412315 0.54483974 0.55454093 0.81290364 0.73853803 -0.2042821 0.76123399 0.72233105 0.20407842 0.73762518 0.79080081 -0.24912734 0.56962216 0.74973547 0.08823115 0.88929027 0.93812621 -0.14787382 0.64896339 0.87684458 0.25455013
0.82850498 0.5593428 -0.51464134 0.77604353 0.54185802 0.05052958 0.7873525 0.66149628 -0.62054145 0.70419079 0.5789206 0.41316605 0.6130861 0.68846107 -0.6118167 0.62676203 0.53963119 0.6065852 0.78916842 0.74847436 -0.19450061 0.73459607 0.73500568 0.19421954 0.73901516 0.79761422 -0.28454784 0.55224758 0.75092196 0.05858529 0.89082575 0.93862706 -0.21777961 0.65028101 0.87869376 0.23922634
0.81785506 0.55859256 -0.50279176 0.77868611 0.54323745 0.0408023 0.78824216 0.65734237 -0.5852859 0.70341271 0.58977669 0.41101989 0.61458093 0.68563521 -0.58743781 0.62359196 0.55171192 0.58071816 0.78046715 0.74994093 -0.19375475 0.73656356 0.73313731 0.19347718 0.75487155 0.80855787 -0.09501947 0.56202757 0.76379979 0.36268744 0.894889 0.94314915 0.06556447 0.65131772 0.88011605 0.68638217
0.83735883 0.55844814 -0.41659665 0.78544992 0.53990871 0.08369344 0.78894365 0.66033381 -0.49485609 0.69680011 0.58568037 0.40401942 0.61457014 0.68688709 -0.49734905 0.62061852 0.54962081 0.56728524 0.80117559 0.7489264 -0.17885004 0.75044996 0.73055267 0.17853275 0.73569387 0.81528962 -0.18331183 0.54712254 0.75051063 0.19147927 0.89777231 0.94571072 -0.16696063 0.64803761 0.87283558 0.41333956
0.85355228 0.55690134 -0.43803158 0.81968647 0.53941172 0.13457637 0.78882742 0.66306537 -0.52582645 0.71807319 0.58904046 0.45644251 0.61369848 0.68849182 -0.5140326 0.62072933 0.5495497 0.62339532 0.82200021 0.74949878 -0.18141992 0.78491974 0.73216552 0.18111335 0.73554134 0.80889034 -0.2782056 0.5571689 0.74674553 0.21492888 0.89905816 0.94727439 -0.26417747 0.65057343 0.87456679 0.42007178
0.80623651 0.56249005 -0.38250697 0.77380526 0.55981117 0.12359417 0.78056639 0.66221404 -0.4437494 0.72006309 0.63973057 0.33891651 0.61347091 0.68838996 -0.42572683 0.64758527 0.64938504 0.33077306 0.80401343 0.75842243 -0.1809343 0.7754541 0.7450484 0.18067701 0.73793232 0.83516997 -0.13717864 0.57550627 0.76346326 0.39724305 0.90278709 0.95146149 -0.05839776 0.65230471 0.87586093 0.67308438
0.80859572 0.56523836 -0.42716244 0.77848339 0.56150085 0.13615498 0.77995485 0.66323799 -0.49763155 0.75022846 0.63545287 0.44459179 0.6134485 0.691149 -0.482373 0.66433936 0.62893838 0.59683639 0.81880033 0.75763077 -0.18223312 0.79099 0.74669486 0.18197307 0.75232011 0.83104199 -0.31204334 0.57686186 0.76232028 0.48749378 0.90197653 0.95003599 -0.32481879 0.65861768 0.87652791 0.7685231 
0.78187495 0.57690418 -0.4018794 0.77393657 0.57452929 0.17520179 0.73491609 0.67067152 -0.44943142 0.74483669 0.65750009 0.40940249 0.6091609 0.69430894 -0.38109156 0.66287482 0.66503209 0.40236226 0.81508648 0.76315248 -0.18558936 0.78555834 0.75372791 0.18543313 0.74965942 0.82333118 -0.3557727 0.61490655 0.78426701 0.58849579 0.90084726 0.95001507 -0.38405645 0.66116846 0.8766014 0.89303893
0.77545542 0.57566667 -0.42025611 0.77583039 0.56680864 0.22612008 0.72118604 0.67544651 -0.4753913 0.75660115 0.64562553 0.42488429 0.58679831 0.69331592 -0.3693383 0.68675995 0.6423164 0.43190956 0.81816322 0.7641117 -0.21829036 0.80899531 0.75203806 0.21819368 0.7103281 0.78098732 -0.44504115 0.64383727 0.77718216 0.59210277 0.8504445 0.93949348 -0.50331426 0.66871536 0.87676322 0.8243041 
0.77990758 0.5743863 -0.39079997 0.79498959 0.56493598 0.19961971 0.69359267 0.66542345 -0.37597391 0.79312575 0.64359742 0.41641009 0.57223266 0.61354345 -0.12840793 0.72592133 0.64204621 0.44132233 0.83786446 0.76058805 -0.21521357 0.83064485 0.74785775 0.21511282 0.71447569 0.78497612 -0.4252556 0.66339535 0.78347015 0.54206651 0.85647905 0.94089943 -0.50126475 0.67287451 0.87563455 0.75769377
0.72061771 0.59564167 -0.40549037 0.75513422 0.57641619 0.10470235 0.65960521 0.688012 -0.37971607 0.76002133 0.66128266 0.26596713 0.56090629 0.68900371 -0.24121463 0.71022129 0.67183989 0.26242051 0.79707456 0.77136481 -0.21264298 0.81891155 0.75573581 0.21254371 0.7129643 0.789065 -0.21737395 0.67579973 0.80773699 0.65038818 0.84353328 0.93350083 -0.17475292 0.67430478 0.87614053 0.96791935
0.79864943 0.59315568 -0.35897768 0.79089844 0.58205503 0.13466154 0.72509998 0.69726777 -0.37405902 0.77935296 0.66903239 0.28912762 0.59593654 0.72934568 -0.31542495 0.72415054 0.67769676 0.2223983 0.88828307 0.76791877 -0.18946896 0.85919034 0.75482857 0.18938671 0.74969077 0.77504343 -0.45700973 0.66986156 0.78462207 0.53719169 0.8868944 0.94188678 -0.61466336 0.67558616 0.87474495 0.6634894 
0.70038897 0.60252643 -0.38026404 0.73813152 0.58610827 0.14498302 0.71350372 0.69262731 -0.40873665 0.77536196 0.6882571 0.29532376 0.59658676 0.74031371 -0.34063122 0.71952379 0.72333735 0.25624329 0.82895815 0.77465481 -0.19016539 0.84943336 0.76304001 0.19004166 0.74625558 0.78012735 -0.38448673 0.66267192 0.81361568 0.74168831 0.89503634 0.94587809 -0.42810684 0.67310333 0.8752135 1.13050163
0.6936934 0.59734434 -0.34102443 0.71638697 0.59418333 0.21775483 0.71818894 0.70069396 -0.36361456 0.74894047 0.6898067 0.31137145 0.6017701 0.73970187 -0.28272352 0.71372026 0.72021705 0.26256555 0.83156717 0.77118617 -0.19096769 0.84150487 0.76122874 0.19082715 0.74430126 0.77114457 -0.54321492 0.60529065 0.79777533 0.60362643 0.90181226 0.94822407 -0.72163236 0.67154187 0.87547243 0.79924244
0.6712274 0.59777445 -0.35229322 0.70233393 0.59202003 0.21642606 0.70949703 0.70106196 -0.3880201 0.74316245 0.69102699 0.32407233 0.6058563 0.74762672 -0.31313527 0.70170736 0.72856408 0.28210497 0.81896812 0.76921993 -0.19116943 0.83731073 0.75901812 0.19102961 0.72937328 0.77533382 -0.50750452 0.6129815 0.79292101 0.57414836 0.9030183 0.94910741 -0.64742756 0.66700381 0.87563044 0.69564658
0.74645334 0.59901202 -0.31229675 0.76400089 0.58888835 0.27869058 0.72431517 0.70905346 -0.35698509 0.7831403 0.68801218 0.36737734 0.61722094 0.75426656 -0.31714955 0.72839832 0.71941203 0.26605988 0.89340597 0.76318854 -0.19127557 0.886549 0.75832051 0.19110736 0.72949821 0.77101493 -0.49964526 0.64875311 0.78079659 0.38684085 0.90160888 0.94805312 -0.64468783 0.67042291 0.87449545 0.38026974
0.66063416 0.59982014 -0.3395049 0.69382119 0.59788334 0.23382477 0.73377937 0.70700389 -0.3695631 0.75829417 0.69344825 0.33331344 0.6232937 0.75070959 -0.2588895 0.69818652 0.73020834 0.23479177 0.86983395 0.76301265 -0.19171989 0.84858149 0.75797421 0.19162786 0.75336957 0.78372306 -0.54230553 0.59651184 0.77707833 0.43760923 0.90131843 0.94790655 -0.69085473 0.669007 0.87473112 0.56814724
0.66711193 0.60084414 -0.33120647 0.71263766 0.59552783 0.2195065 0.73811257 0.70207727 -0.37672767 0.75669163 0.69035161 0.27851886 0.6290831 0.74701172 -0.28091931 0.70054477 0.73310387 0.13249193 0.88136238 0.75851291 -0.19101265 0.85220468 0.75467497 0.19094236 0.7634185 0.78787243 -0.52114141 0.60019875 0.77708352 0.47802272 0.90179712 0.94724762 -0.69815177 0.6658448 0.87698406 0.62043923
0.69629771 0.60259825 -0.31655723 0.71536243 0.59954286 0.23629981 0.76075113 0.71086013 -0.36143237 0.75385678 0.69511741 0.29371578 0.63042688 0.75190908 -0.28429005 0.68758309 0.73479158 0.14788628 0.88631386 0.75879353 -0.19124199 0.85099471 0.75556362 0.19115719 0.75901067 0.7830556 -0.54092211 0.58915114 0.7692039 0.43080252 0.90120733 0.94232422 -0.75125957 0.66314363 0.87713104 0.49813205
0.73624718 0.60550219 -0.31084082 0.72031516 0.60305882 0.26746738 0.76380008 0.71535939 -0.36470336 0.7536791 0.69577008 0.32246861 0.6305089 0.7563411 -0.29720685 0.69358224 0.73770815 0.18872944 0.90662295 0.75882405 -0.19154578 0.86711335 0.75700039 0.1914593 0.75732636 0.77886111 -0.55277634 0.58997679 0.76727033 0.35114589 0.90359974 0.94310421 -0.77224582 0.6632638 0.87714678 0.32944515
0.64553297 0.6098392 -0.32389703 0.67214704 0.60955065 0.2655046 0.74457246 0.71102345 -0.37013578 0.73076552 0.6988731 0.32354569 0.63115376 0.75527328 -0.31211835 0.68646592 0.7420221 0.19450256 0.85372907 0.76222014 -0.19063945 0.82292557 0.7592023 0.19056682 0.74441189 0.78721178 -0.52955049 0.61078793 0.77522463 0.41557041 0.89923245 0.94296622 -0.71263438 0.66337949 0.87710655 0.4601621 
0.67701721 0.60728973 -0.22606099 0.68127817 0.60537243 0.27587661 0.74010611 0.70031464 -0.27574056 0.73162079 0.69718206 0.3227936 0.63555092 0.7530883 -0.22691774 0.69394356 0.73218864 0.19011021 0.86828762 0.74235696 -0.18669818 0.84317952 0.74043113 0.18650672 0.75554079 0.79660624 -0.45832554 0.63425493 0.76865071 0.32770726 0.89717919 0.94364709 -0.66744161 0.66325945 0.88063151 0.32159632
0.80762178 0.6061182 -0.26983523 0.79101616 0.60298169 0.25718656 0.77272123 0.70830023 -0.30404904 0.78611434 0.69401437 0.3129667 0.6402638 0.75437075 -0.25272942 0.72763169 0.73130441 0.17392913 0.95331717 0.74343628 -0.18574117 0.92433983 0.73877269 0.18553306 0.76671869 0.79475486 -0.40441799 0.66830903 0.76408219 0.28140947 0.89470309 0.94377929 -0.5165472 0.66596168 0.88056284 0.27303469
0.67789084 0.60976356 -0.2857745 0.69052786 0.60750413 0.25042912 0.7381053 0.70740312 -0.31688321 0.75391394 0.69202799 0.32988927 0.63993013 0.75582206 -0.20786707 0.71858394 0.73040432 0.25709552 0.86773169 0.75187653 -0.18584615 0.83802986 0.74280852 0.18569051 0.73199409 0.80099899 -0.43273202 0.58077592 0.76392359 0.24344155 0.88666773 0.94387335 -0.60112178 0.6654495 0.88067615 0.23219849
0.62414932 0.61043257 -0.28946865 0.66476917 0.60538203 0.28246552 0.6996417 0.69381976 -0.30593169 0.71462262 0.68612838 0.38030815 0.62679636 0.7551645 -0.1692293 0.70234364 0.71993941 0.31609312 0.82705331 0.75200337 -0.19896039 0.81593108 0.74266595 0.19873713 0.71006876 0.80269396 -0.43160138 0.59302306 0.76064938 0.31267434 0.88684833 0.94341427 -0.58856416 0.66518247 0.88041598 0.36057135
0.65831077 0.6103074 -0.25560313 0.66963267 0.60413569 0.28664836 0.71000856 0.69454324 -0.30659905 0.70937186 0.68730217 0.37629032 0.63352776 0.7541725 -0.17556089 0.69326276 0.72611636 0.24170171 0.83775628 0.75048631 -0.19697568 0.81642324 0.74159175 0.19664237 0.69745946 0.80200976 -0.38122299 0.65105921 0.76183248 0.24095772 0.83027762 0.94536263 -0.48837185 0.67313546 0.88035744 0.18658505
0.64416063 0.60973293 -0.26368973 0.63132703 0.60462266 0.27903718 0.7130264 0.69394696 -0.31543994 0.69626039 0.68767035 0.36612728 0.63451749 0.75311971 -0.25530019 0.67587143 0.72597235 0.21352912 0.82686394 0.74690777 -0.1967418 0.80116653 0.74041969 0.19641767 0.70447916 0.80349916 -0.40745196 0.60468388 0.76235044 0.27820951 0.84419495 0.94345438 -0.5281446 0.67289209 0.88162583 0.30200797
0.6515274 0.60900688 -0.25004905 0.64660931 0.60412204 0.31549972 0.71462142 0.68493998 -0.31974292 0.70037752 0.68833852 0.35830218 0.64359528 0.74865884 -0.28872761 0.67822409 0.71885484 0.17752406 0.83093333 0.74664551 -0.20343842 0.80996835 0.74097717 0.20304753 0.6326831 0.77986032 -0.34600392 0.65064663 0.7639218 0.17964512 0.7040031 0.89947492 -0.35996297 0.67272574 0.88179189 0.13168436
0.65982556 0.60852981 -0.21888727 0.65117425 0.60593659 0.33276716 0.71648234 0.68386894 -0.3018702 0.70522803 0.68826646 0.31855398 0.6420083 0.74722904 -0.25115794 0.68119395 0.71236342 0.07386652 0.83509243 0.74363256 -0.2037911 0.81365216 0.73999268 0.20341051 0.66413075 0.78258699 -0.37619957 0.64426684 0.76145786 0.19657549 0.77579987 0.90865636 -0.46129417 0.67173016 0.88196242 0.11424723
0.65134299 0.60879749 -0.22420409 0.65644687 0.59380794 0.32509241 0.71429151 0.68367088 -0.30302468 0.72926086 0.66727203 0.33683845 0.64144599 0.74340987 -0.21687832 0.70284796 0.68317473 0.10168115 0.83544832 0.74160063 -0.21184815 0.82586372 0.72978681 0.21146549 0.67270833 0.79682899 -0.34280968 0.64319772 0.76152837 0.24231163 0.79291904 0.92116511 -0.39968783 0.67149729 0.88194615 0.20885937
0.62396842 0.60430688 -0.21274681 0.64615536 0.59235483 0.33117676 0.71558255 0.68294501 -0.28066126 0.72897542 0.66245568 0.37842026 0.63551897 0.74166149 -0.19718497 0.70663989 0.6711579 0.27543694 0.82418072 0.73549461 -0.21358936 0.81497425 0.72365874 0.21315943 0.67696506 0.8052668 -0.35269621 0.6396628 0.75961465 0.25010297 0.80619067 0.93297195 -0.5061242 0.67005134 0.88227284 0.24942663
0.62682098 0.6035341 -0.12386826 0.65380383 0.59015357 0.38353968 0.71257895 0.68800217 -0.1417609 0.7321018 0.66033232 0.36124846 0.63602781 0.73728251 0.02773275 0.70812005 0.68207508 0.11902863 0.83266288 0.73048913 -0.20725927 0.82523304 0.72174853 0.20667139 0.69278049 0.8035633 -0.41700622 0.63985938 0.75554919 0.25810403 0.83440888 0.93428224 -0.7028001 0.6698851 0.88242644 0.16941278
0.66583538 0.60343647 -0.18305719 0.7147817 0.58516306 0.351356 0.71353841 0.69320935 -0.22098337 0.77171534 0.65168488 0.3584303 0.62897909 0.73800439 -0.11284962 0.71706927 0.65855163 0.20933455 0.86591476 0.73061836 -0.20694979 0.87304735 0.71964866 0.2063479 0.70334953 0.80286241 -0.38993841 0.67610586 0.75561756 0.33310473 0.83376342 0.93723732 -0.52887094 0.67440206 0.88145196 0.32688379
0.64900512 0.6041193 -0.26282671 0.65385503 0.58587676 0.27450237 0.7235806 0.68330795 -0.34785929 0.74687052 0.6573925 0.34741202 0.61310291 0.73710328 -0.32837749 0.70262212 0.66823268 0.23014966 0.84973902 0.73223794 -0.20606199 0.83310539 0.72243631 0.20555785 0.70332283 0.80211848 -0.39348647 0.65567505 0.75618553 0.23674475 0.84687424 0.9373033 -0.52942485 0.67458028 0.88204008 0.25060028
0.65123802 0.60573113 -0.28224257 0.65408969 0.58586252 0.25317386 0.72099358 0.68688452 -0.33777305 0.74342865 0.65890038 0.34432682 0.61227095 0.7338981 -0.22682114 0.69191587 0.6712091 0.24794911 0.85043335 0.73337191 -0.20576195 0.83599561 0.72130257 0.2052808 0.74990964 0.81346196 -0.40916163 0.65811861 0.75887424 0.42960319 0.89065361 0.94221205 -0.56442207 0.67434478 0.88072103 0.56174219
0.63166267 0.60231167 -0.28482148 0.65446609 0.58135974 0.30022189 0.68947971 0.67111367 -0.32274041 0.71582794 0.65712523 0.36422309 0.6132257 0.72637266 -0.17533804 0.66935569 0.67244858 0.23875055 0.82168633 0.73049629 -0.21247274 0.82840818 0.71630597 0.21220422 0.69732952 0.80618668 -0.39516428 0.66274351 0.75912362 0.36723408 0.82654774 0.93758076 -0.51614898 0.68440831 0.8807162 0.41706413
0.6290518 0.59874851 -0.27684301 0.65269393 0.58227283 0.31349197 0.66624629 0.66410697 -0.29712775 0.69440281 0.65350044 0.38905177 0.61437589 0.71734154 -0.12731206 0.65777808 0.67405438 0.27452168 0.81671661 0.72833896 -0.21183053 0.82516491 0.71655357 0.21156904 0.69085062 0.79690093 -0.37788442 0.67358482 0.75894457 0.35576621 0.80600649 0.93136829 -0.46975592 0.68576866 0.87931699 0.41099691
0.65930372 0.59533823 -0.16161674 0.67996776 0.58190054 0.37576053 0.6791321 0.6668945 -0.09885571 0.70960534 0.64683884 0.3204203 0.64041483 0.70171267 0.17867139 0.6633414 0.66259825 0.02965357 0.84547371 0.72432846 -0.20997514 0.85125029 0.71627259 0.20961724 0.72447646 0.79611504 -0.38105273 0.69459689 0.75821978 0.45195806 0.82462686 0.93212295 -0.58848792 0.6850903 0.87774956 0.50903499
6.50617301e-01 5.94993889e-01 -2.46105328e-01 6.53844297e-01 5.82653046e-01 3.06886345e-01 6.82513177e-01 6.67785525e-01 -1.84613988e-01 6.90562308e-01 6.48258328e-01 3.27493548e-01 6.31783783e-01 7.07553208e-01 3.38818587e-04 6.51598752e-01 6.74061596e-01 3.16525213e-02 8.30769062e-01 7.23343730e-01 -2.08928108e-01 8.23855042e-01 7.14743793e-01 2.08668694e-01 7.37398684e-01 8.03604722e-01 -3.83476883e-01 6.84320807e-01 7.58347154e-01 3.99337739e-01 8.78768623e-01 9.36859190e-01 -5.60973465e-01 6.85146272e-01 8.77790272e-01 4.63219792e-01
0.62288165 0.59487557 -0.21329854 0.65315145 0.57827115 0.30165851 0.65276366 0.66526163 -0.13143793 0.6969741 0.64199632 0.33276132 0.61078912 0.70396882 0.14461887 0.66179925 0.67136061 0.21208557 0.79899603 0.71861613 -0.20480229 0.81583554 0.70987386 0.20447214 0.67771143 0.78547984 -0.34519815 0.69688261 0.763641 0.31009755 0.7144388 0.8941974 -0.40311795 0.70255369 0.87835568 0.35351226
0.61981177 0.59058303 -0.16760232 0.67200387 0.56140268 0.32738474 0.65283525 0.65721065 -0.07448538 0.72575855 0.6259172 0.36079186 0.60622567 0.69011819 0.26056692 0.68717569 0.66749537 0.26680687 0.79651225 0.70942861 -0.20079352 0.81695181 0.69525874 0.20039988 0.66688639 0.78189063 -0.30026248 0.70262802 0.76348037 0.30539936 0.74518353 0.90822214 -0.3512857 0.71402067 0.87115449 0.35945845
0.6921702 0.59133947 -0.27502429 0.74205434 0.55901837 0.17845446 0.6898337 0.67105615 -0.2009954 0.75862569 0.62885439 0.33501035 0.59814042 0.6990149 -0.02293699 0.69108874 0.66724527 0.33043954 0.86545616 0.70973873 -0.19384344 0.87878537 0.69166815 0.19348733 0.70768386 0.78998762 -0.2821084 0.71098757 0.76303852 0.29207072 0.77089089 0.9165656 -0.2665531 0.71310985 0.8720026 0.36366791
0.67904562 0.59114331 -0.1219314 0.73767161 0.55862182 0.27495202 0.70463514 0.66858661 -0.12189244 0.78026772 0.62670988 0.37817144 0.60079229 0.70125675 0.04125154 0.7360391 0.65718555 0.39078566 0.85791552 0.70502561 -0.1729323 0.87310565 0.68985581 0.17250814 0.64584309 0.77312475 -0.20542917 0.71698403 0.76915711 0.22275023 0.68061346 0.88652837 -0.18940648 0.75091487 0.8784228 0.25315803
0.68066925 0.59071249 -0.26831487 0.70041782 0.56567514 0.22309196 0.72832042 0.67422605 -0.29200336 0.75982559 0.64476573 0.33585444 0.60097033 0.7032069 -0.21659783 0.72136933 0.67932183 0.33237651 0.8526721 0.70884043 -0.18421057 0.84620988 0.69449788 0.18381771 0.73205614 0.79267925 -0.28517857 0.67388695 0.76467824 0.34361759 0.86959219 0.92345983 -0.32351047 0.69914722 0.87562948 0.53167784
0.73498684 0.58666152 -0.26452991 0.73156351 0.56729674 0.22212087 0.74593669 0.67723387 -0.26647019 0.76753128 0.64591986 0.33415809 0.59877175 0.70315742 -0.16260126 0.72537374 0.67906827 0.3000491 0.89564425 0.70847112 -0.18501292 0.87133813 0.69658881 0.18463311 0.76739794 0.79064167 -0.3279393 0.66973388 0.75605524 0.34704542 0.89222175 0.93718964 -0.4286249 0.68295336 0.87365228 0.502406 
0.75358051 0.58630794 -0.25909191 0.74913543 0.56811047 0.23274171 0.75100923 0.68012792 -0.26654249 0.76451647 0.64497727 0.33183542 0.59835982 0.70368165 -0.20683588 0.72114855 0.67071217 0.29348502 0.91042614 0.70848352 -0.18388505 0.88941282 0.69812012 0.18350454 0.76043016 0.78217965 -0.37179217 0.67081827 0.74935013 0.28212452 0.87865174 0.93630463 -0.50822657 0.68414336 0.87231708 0.33050945
0.64896542 0.58656257 -0.29233661 0.68326604 0.56196427 0.1264887 0.72022456 0.67956895 -0.25203151 0.76235199 0.63870674 0.31121632 0.59933037 0.70111847 -0.06092528 0.71375757 0.66735524 0.40333992 0.81953824 0.71263814 -0.18049321 0.8222847 0.69902986 0.18033791 0.75400102 0.79086465 -0.3018052 0.68398857 0.7704972 0.43416056 0.8707971 0.93414474 -0.36544648 0.70940089 0.8695792 0.68826139
0.73855352 0.59443372 -0.3011485 0.7254166 0.56929594 0.0870955 0.74673665 0.69418412 -0.26528001 0.76123166 0.64913994 0.24384025 0.60018754 0.70131546 -0.13529284 0.71745294 0.66788405 0.38552994 0.87847835 0.71498948 -0.168101 0.85099739 0.70028287 0.16781536 0.75372034 0.78926027 -0.3122516 0.66098112 0.76609421 0.20380764 0.8740536 0.93637562 -0.38362333 0.68315297 0.87597376 0.280231 
0.77918565 0.58051193 -0.19322202 0.79651684 0.56316674 0.22774947 0.75947392 0.68380874 -0.16962893 0.80587596 0.63676417 0.42822313 0.61370552 0.70128357 -0.06371389 0.75054222 0.65935838 0.53741187 0.91549492 0.70274383 -0.17096123 0.91091537 0.6943962 0.170598 0.74736822 0.7770111 -0.31321838 0.67383051 0.76314777 0.20912644 0.87155694 0.92721343 -0.37460142 0.68442428 0.8781395 0.25244412
0.67779386 0.58158982 -0.03794537 0.74146259 0.57116199 0.33472666 0.70501167 0.67385763 0.02573477 0.80110443 0.64584917 0.46822301 0.60196376 0.70086807 0.24725141 0.74015969 0.66169333 0.55788648 0.83354396 0.71141332 -0.16248253 0.85047019 0.71031296 0.16186468 0.71632659 0.77922142 -0.26493439 0.67249578 0.76438755 0.25087908 0.84867477 0.92458814 -0.40328476 0.68117332 0.88275528 0.22110507
0.72550964 0.58334023 -0.17136556 0.78287703 0.56474894 0.22026311 0.70714438 0.67413574 -0.04401041 0.80944914 0.63333404 0.43376404 0.6018092 0.69731575 0.07995015 0.75719362 0.65474629 0.59684837 0.86420894 0.71022052 -0.16528261 0.87990612 0.70473891 0.16478798 0.7137965 0.77915215 -0.27197987 0.67285299 0.7725715 0.26219651 0.84129369 0.92264545 -0.31870466 0.68255633 0.88254696 0.3305724 
0.75735199 0.58367383 -0.22395535 0.80307728 0.56022364 0.14949319 0.73488557 0.67852575 -0.05656524 0.82490265 0.62803477 0.42445871 0.60525995 0.69765949 0.04325343 0.76908308 0.63909352 0.55952412 0.89157867 0.71060526 -0.16154909 0.89623815 0.7023254 0.16124536 0.74517983 0.78795028 -0.27869195 0.68257016 0.78222162 0.28460282 0.88894564 0.93694019 -0.33566153 0.68623829 0.88399506 0.42049026
0.75027549 0.58509189 -0.22216968 0.77850568 0.56822884 0.17484164 0.73518819 0.67751312 -0.0940831 0.81909198 0.64653277 0.41779557 0.60414356 0.69771451 0.02821832 0.75708425 0.66907209 0.50763184 0.88510466 0.72194159 -0.16381489 0.89056289 0.71456951 0.16349377 0.75321144 0.7969687 -0.28120214 0.68352348 0.78910732 0.40984371 0.90018201 0.9458822 -0.3437987 0.68802941 0.88354558 0.57964319
0.77709687 0.58305132 -0.26164201 0.78369063 0.56826919 0.1810836 0.74716067 0.6785174 -0.18754882 0.80475169 0.65265054 0.37662736 0.60535949 0.70086282 -0.00946845 0.75084084 0.68020523 0.47514325 0.91393489 0.72170693 -0.17156069 0.89434457 0.71497828 0.17126471 0.76816779 0.79182613 -0.4017075 0.65872788 0.78040051 0.37987274 0.89954686 0.94631487 -0.52266425 0.67784339 0.88422376 0.49042001
0.79731452 0.58181363 -0.33909446 0.80626976 0.56426805 0.13987783 0.76103091 0.67853326 -0.25675026 0.80007356 0.65100229 0.35964262 0.6022228 0.70326972 -0.04731393 0.74761271 0.68332165 0.48482096 0.9361847 0.72235972 -0.17107725 0.91135985 0.71377689 0.17076042 0.76755047 0.7915048 -0.37886277 0.65449941 0.76194769 0.37672615 0.90354347 0.94892031 -0.42867982 0.67884171 0.88301879 0.47784537
0.77611887 0.58263147 -0.33189785 0.79669702 0.57124007 0.15828438 0.76470023 0.68969464 -0.25940537 0.79470456 0.66063017 0.34515843 0.61957824 0.70528489 -0.04482463 0.73024935 0.69293839 0.4144353 0.91802418 0.73361647 -0.17263699 0.90584511 0.723171 0.17238605 0.76422507 0.80221611 -0.36141977 0.68332231 0.77427757 0.45104253 0.90586114 0.9507705 -0.3999812 0.68877214 0.88264191 0.62117749
0.79135436 0.57960904 -0.30705935 0.79474038 0.57119328 0.17354546 0.77043414 0.69024694 -0.24946278 0.79294717 0.65848184 0.34544736 0.63358057 0.70926297 -0.04193257 0.72323263 0.69300002 0.36181468 0.92385858 0.73062438 -0.17210375 0.90435988 0.72051966 0.17185614 0.76267409 0.79950374 -0.34784281 0.68282455 0.75925308 0.39646488 0.90102661 0.9488166 -0.40439349 0.68997902 0.87917012 0.58280116
0.81617498 0.57153243 -0.29979685 0.81010956 0.56944311 0.22122641 0.80400497 0.66902691 -0.24590579 0.81127167 0.6568113 0.35639766 0.67216462 0.70294476 -0.04256534 0.74523973 0.68928421 0.35643694 0.93380773 0.72966075 -0.18293078 0.91155642 0.71896273 0.18267298 0.76372755 0.7955566 -0.36867633 0.6755771 0.76043713 0.37386894 0.90138483 0.9495455 -0.44620025 0.68232632 0.87918228 0.50378317
0.79667783 0.57398772 -0.0690785 0.80059868 0.5749287 0.30527678 0.78677469 0.67003191 -0.00854892 0.81202394 0.65568435 0.36884072 0.69726884 0.69119871 0.2044367 0.77221441 0.68726832 0.36311367 0.91296691 0.72958571 -0.16568668 0.90139407 0.72150081 0.16503015 0.78223211 0.80026442 -0.36476499 0.70144069 0.77908623 0.43324587 0.90624398 0.9533326 -0.58688587 0.68350917 0.87985259 0.5565182 
0.79016727 0.57435745 -0.09895936 0.79786587 0.57154834 0.27170077 0.77969342 0.67100698 -0.09567936 0.80756915 0.65448481 0.30606291 0.71835166 0.66768384 0.24177091 0.76258999 0.6715067 0.19955029 0.91116464 0.72889715 -0.17845432 0.90118134 0.7224167 0.17807312 0.75657213 0.79968816 -0.35702214 0.71613365 0.78479981 0.44221035 0.83079356 0.95216954 -0.50537127 0.73394883 0.87983263 0.60474169
0.7323581 0.57605743 -0.16718361 0.79487652 0.56264156 0.25882876 0.71244651 0.66728288 -0.05818622 0.8292042 0.63001007 0.35411218 0.69227993 0.66396779 0.30291736 0.78323859 0.64020467 0.50372761 0.87369728 0.72985345 -0.17905058 0.89331543 0.72160888 0.17859711 0.73466665 0.79881042 -0.30798778 0.70821077 0.78117496 0.41994736 0.83517003 0.94955534 -0.4210462 0.71782523 0.87983227 0.54751891
0.71178913 0.57670009 -0.14127384 0.82240194 0.55245304 0.26392838 0.69585317 0.65407211 -0.01860095 0.87044829 0.61895967 0.47168276 0.68095052 0.64668584 0.33830997 0.80017954 0.61736286 0.73275352 0.86433607 0.72610849 -0.16814446 0.91233337 0.7201305 0.16759035 0.68494922 0.7802254 -0.09435409 0.76039547 0.7941761 0.30786008 0.70337886 0.89260739 -0.01998746 0.80291981 0.90488869 0.3883473 
0.75845331 0.56038952 -0.17305867 0.82459432 0.54657531 0.23931733 0.77499002 0.62610364 -0.07465969 0.84833974 0.62268424 0.43439674 0.69332755 0.59013534 0.22049075 0.79558772 0.61724955 0.55511659 0.90024072 0.71960264 -0.18485758 0.92517245 0.71270198 0.18448682 0.73566979 0.79328668 -0.21524598 0.73904532 0.78933257 0.29759648 0.86012077 0.93044943 -0.21801707 0.76078069 0.88174748 0.41488075
0.72128981 0.56525713 -0.11528089 0.77859545 0.56173837 0.21035887 0.7166841 0.62812877 0.00766179 0.7699337 0.63749641 0.41887498 0.64129692 0.58608258 0.31755483 0.73262793 0.63527995 0.60815227 0.8611601 0.72279376 -0.16212831 0.88331956 0.72072059 0.16168572 0.73575479 0.79989451 -0.18683262 0.73755634 0.78762096 0.31450561 0.87254959 0.94094425 -0.22963792 0.74377704 0.87678844 0.38569283
0.82736349 0.53338379 -0.16687162 0.8157897 0.54827636 0.24648903 0.79093009 0.58405399 -0.28805891 0.77334666 0.63130057 0.50236964 0.63807565 0.54235965 -0.23090674 0.72783083 0.63861012 0.69623268 0.92810166 0.70834792 -0.17607273 0.92763829 0.7105388 0.17586611 0.73604971 0.77981472 -0.1903449 0.7611509 0.7961784 0.3161785 0.7995519 0.9351725 -0.12736188 0.80800456 0.90447879 0.51987851
0.85388279 0.51075518 -0.23820212 0.81689072 0.53595334 0.21014686 0.78278065 0.55771983 -0.36119917 0.77640826 0.62539446 0.38689524 0.59400177 0.54018629 -0.38577577 0.70482367 0.6392889 0.41192153 0.95814353 0.70102978 -0.17332609 0.9250288 0.70401818 0.17310764 0.81227547 0.77349228 -0.23564135 0.7308439 0.77512139 0.37711021 0.87680626 0.94220102 -0.19774908 0.72813702 0.88334066 0.60138088
8.86949599e-01 4.98856485e-01 -6.51683137e-02 7.66563118e-01 5.36566436e-01 3.72395635e-01 7.97489882e-01 5.45453489e-01 -2.59309888e-01 7.09802210e-01 6.18985236e-01 1.44774690e-01 6.09104574e-01 5.43207049e-01 -3.05593103e-01 6.63013160e-01 6.19156539e-01 -3.54022592e-01 9.63366032e-01 6.84655190e-01 -1.74681604e-01 8.91367793e-01 7.03221619e-01 1.74469501e-01 8.19917560e-01 7.46089935e-01 -5.25285184e-01 6.32713616e-01 7.56105423e-01 -3.90366688e-02 8.88991952e-01 9.42545176e-01 -6.68071568e-01 7.03134716e-01 8.81313145e-01 1.33537949e-04
0.88336951 0.47922695 -0.11457965 0.82366222 0.51240188 0.45487317 0.73998833 0.53995591 -0.15845267 0.74524498 0.58629185 0.58216447 0.58374983 0.56374705 0.0931689 0.64852327 0.58832365 0.53243095 0.98327863 0.68085176 -0.19054173 0.91366428 0.69908017 0.18997565 0.79966319 0.72256726 -0.5116604 0.633039 0.72589642 0.1748015 0.88072145 0.93985468 -0.79319459 0.70430243 0.87885755 0.0787997 
0.88797998 0.47534096 -0.23995899 0.85628653 0.49691021 0.38987762 0.70198101 0.53699285 -0.32231754 0.76456875 0.57567853 0.55870068 0.53087395 0.57144111 -0.16491313 0.66107965 0.5973354 0.55343425 0.98815602 0.68307644 -0.20824552 0.92008907 0.69657189 0.20792867 0.79131263 0.70928353 -0.63851148 0.6176675 0.72394764 0.16037454 0.86314613 0.93982828 -0.93129808 0.69671291 0.87892169 0.03416133
0.89313942 0.47266471 -0.22363852 0.86556238 0.50181997 0.40302473 0.71109021 0.53460789 -0.26300186 0.79611057 0.58675164 0.55655527 0.5673458 0.57268649 -0.09303869 0.68335843 0.60412848 0.52221918 0.98014086 0.68135017 -0.20778464 0.91903794 0.6961922 0.20750171 0.78752512 0.71519339 -0.60469848 0.64094442 0.73186976 0.12549551 0.82848012 0.93834901 -0.8610363 0.69988412 0.88132912 0.02769987
0.87800181 0.46976167 -0.30077675 0.87333548 0.48916242 0.43632814 0.68191999 0.53316855 -0.31383976 0.80954331 0.57381636 0.71784461 0.54257089 0.57270026 -0.08813903 0.68984431 0.58991069 0.86248225 0.97200465 0.685664 -0.23369707 0.91513675 0.69732553 0.23350103 0.78488547 0.6998238 -0.66855443 0.59597117 0.72438717 0.11433113 0.81782407 0.93825084 -0.89489907 0.68641138 0.88400108 0.00646507
0.87651575 0.4724429 -0.30729124 0.90971267 0.47696382 0.3901704 0.64819598 0.54239553 -0.27474576 0.83671415 0.5454123 0.65488315 0.52664506 0.57666248 0.11999886 0.69373095 0.56186295 0.84344643 0.97057182 0.68729919 -0.23167448 0.92457944 0.69248134 0.23128124 0.75667495 0.70844293 -0.56689179 0.60096425 0.72438943 0.1290022 0.801503 0.93883961 -0.72983313 0.6815967 0.88499439 0.04481172
0.85454249 0.47094569 -0.27459094 0.91226864 0.47538528 0.44363052 0.64141482 0.54586917 -0.22984658 0.86999565 0.5416773 0.72701502 0.51285821 0.58545178 0.15387084 0.72897178 0.57587302 0.92034584 0.96813434 0.68250316 -0.23391819 0.92447895 0.68723935 0.2332118 0.75743377 0.70156544 -0.70382315 0.5785864 0.72246677 0.2009718 0.80502999 0.93988746 -0.98387462 0.67576814 0.88485438 0.11231826
0.85113329 0.46670356 -0.29303148 0.89892554 0.47390965 0.42272443 0.65151066 0.54623169 -0.26240522 0.85201138 0.55006588 0.7082696 0.49777967 0.58684647 0.08978366 0.71541488 0.56623054 0.91631705 0.96356791 0.68377942 -0.23388645 0.92408371 0.68886334 0.23341461 0.76140124 0.70479876 -0.69596863 0.57705867 0.72684032 0.29024971 0.80548918 0.93923926 -0.96349162 0.67694694 0.88616359 0.24712875
0.84919006 0.46205091 -0.30328384 0.89694738 0.47091618 0.4093352 0.65050977 0.54865891 -0.27980149 0.84852624 0.54719776 0.67512095 0.49307793 0.58880019 0.05388867 0.6966868 0.57350761 0.828834 0.96117973 0.67943227 -0.23026226 0.92301774 0.68613249 0.22988221 0.76067084 0.69789231 -0.68455982 0.59272939 0.72892499 0.26709509 0.80656898 0.93787408 -0.94747168 0.67803371 0.88638151 0.20035355
0.84772027 0.46258888 -0.29712248 0.88978171 0.46877557 0.34491682 0.66011375 0.5513379 -0.26807955 0.80843359 0.55220091 0.55339003 0.49488452 0.60287541 0.06897037 0.68558455 0.5758276 0.65981412 0.9598304 0.67345208 -0.22273585 0.92212802 0.68077588 0.22270921 0.76106149 0.70487416 -0.63487691 0.65036601 0.73053378 0.38428697 0.80823922 0.93901575 -0.8592602 0.69436294 0.88767689 0.39510405
0.83641469 0.46301588 -0.30460042 0.89959002 0.47092369 0.34972614 0.66446412 0.55084693 -0.26124334 0.86353689 0.55263698 0.57737142 0.50548589 0.60750741 0.09946204 0.7224763 0.57067943 0.71551383 0.95883441 0.67143595 -0.22210488 0.92987716 0.67629033 0.22202823 0.76144391 0.7073583 -0.61561787 0.65894759 0.73146826 0.32465664 0.80957443 0.93574715 -0.83205837 0.69419348 0.88759446 0.33486164
0.83076966 0.4622319 -0.29586259 0.8972559 0.47150028 0.35259634 0.66046041 0.55178905 -0.23226747 0.85387039 0.55481565 0.54894251 0.51878041 0.61126631 0.11101291 0.73405838 0.58814883 0.6130684 0.95250696 0.67153072 -0.2217529 0.92820674 0.67685342 0.22176673 0.76306832 0.70828623 -0.6082449 0.64171737 0.72382098 0.31361565 0.82545739 0.93562251 -0.83424008 0.68455535 0.88070506 0.30957365
0.83618188 0.46141663 -0.28358769 0.89377445 0.47494277 0.35162792 0.67604381 0.55283421 -0.2193504 0.8499729 0.56498909 0.54932767 0.54020149 0.60317326 0.07221077 0.73969537 0.59877068 0.58878672 0.95244896 0.67067987 -0.22121832 0.92720181 0.67840421 0.22114135 0.75616461 0.71046937 -0.60861915 0.63549173 0.72538221 0.22840802 0.82589418 0.93372941 -0.82711637 0.69210172 0.88098741 0.23052093
0.83690697 0.4606393 -0.30332571 0.88639349 0.47678795 0.35943517 0.68169183 0.55177975 -0.25085005 0.84669524 0.56814533 0.58235615 0.56570518 0.60277009 0.02571667 0.73863667 0.60592502 0.61330444 0.95643479 0.67079103 -0.22530845 0.92408764 0.67956769 0.22508135 0.76130545 0.70433974 -0.65335011 0.62323725 0.72885776 0.19312546 0.83541995 0.92896944 -0.86932302 0.69220698 0.88115817 0.17814431
0.8307755 0.46081564 -0.28289258 0.89183998 0.47591966 0.3579039 0.6770488 0.55038434 -0.20157804 0.85589421 0.56523043 0.54713929 0.56411707 0.60541427 0.12173872 0.74985671 0.60584372 0.58387882 0.95621234 0.66955048 -0.22331223 0.92998874 0.67793542 0.22305915 0.76342297 0.70567614 -0.67716664 0.65007997 0.72655159 0.34759164 0.84459782 0.92960626 -0.98483038 0.70308125 0.87658906 0.33251742
0.82329613 0.46036798 -0.28630811 0.89087862 0.47369286 0.35816154 0.6738807 0.5466727 -0.20206231 0.8555581 0.55512506 0.53508383 0.56453967 0.61018169 0.17474461 0.74559617 0.60222036 0.58459562 0.95601016 0.66489542 -0.21831816 0.92925626 0.67326009 0.21808569 0.79458243 0.71170652 -0.61898392 0.6546815 0.72978747 0.29755953 0.86361516 0.92874253 -0.82876807 0.70639235 0.87718481 0.29861441
0.81757635 0.45858893 -0.27950323 0.89034486 0.4727436 0.37730411 0.67240524 0.54348016 -0.19594401 0.85861868 0.54849434 0.53976458 0.57159245 0.60909855 0.19333279 0.77256739 0.59975249 0.5898878 0.96030557 0.65431553 -0.21770327 0.93242788 0.66416627 0.21751802 0.81584972 0.71186322 -0.64032251 0.68774331 0.735479 0.22731043 0.87556732 0.92384315 -0.86680442 0.73531288 0.88056862 0.20237985
0.81901562 0.45325863 -0.30110055 0.87162733 0.47349584 0.3971293 0.67744046 0.53966111 -0.29164308 0.83426774 0.55108815 0.54377121 0.57193691 0.60820991 -0.05304406 0.76307017 0.59942269 0.49929646 0.961505 0.64976305 -0.22440504 0.9284423 0.66425222 0.22439453 0.8079201 0.71201676 -0.61429816 0.68437374 0.74403977 0.11055598 0.84449941 0.92540443 -0.75261068 0.76814455 0.89164364 0.08684432
0.81591743 0.45379415 -0.29764238 0.86444724 0.47266966 0.39156291 0.66272193 0.54111093 -0.23569265 0.83856779 0.55169827 0.51988864 0.56742644 0.60510337 0.11253119 0.77377874 0.60017353 0.47447053 0.96031743 0.64952368 -0.22413112 0.92833757 0.66259468 0.22408424 0.80543327 0.71530777 -0.55312097 0.68117315 0.7430886 0.16654807 0.82318211 0.92602867 -0.70475191 0.74285913 0.88451177 0.17422831
