0.74564344 0.48234129 -0.1415762 0.71368355 0.50605863 -0.30135757 0.68484688 0.47616902 0.00779368 0.60110074 0.50477165 -0.34507185 0.66554791 0.4590719 0.06308134 0.62122154 0.44820076 -0.30094746 0.84211934 0.65163338 0.02975605 0.81513327 0.66200066 -0.02957668 0.88108116 0.68703085 0.37352705 0.89639884 0.67045432 0.20345391 0.93421268 0.73516208 0.67720658 0.93402636 0.72685325 0.54873478
0. 0. 0. 0. 0. 0. 0. 0. 0. 0. 0. 0. 0. 0. 0. 0. 0. 0. 0. 0. 0. 0. 0. 0. 0. 0. 0. 0. 0. 0. 0. 0. 0. 0. 0. 0. 0. 0. 0. 0. 0. 0. 0. 0. 0. 0. 0. 0. 0. 0. 0. 0. 0. 0. 0. 0. 0. 0. 0. 0. 0. 0. 0. 0. 0. 0. 0. 0. 0. 0. 0. 0. 0. 0. 0. 0. 0. 0. 0. 0. 0. 0. 0. 0. 0. 0. 0. 0. 0. 0. 0. 0. 0. 0. 0. 0. 0. 0. 0. 0. 0. 0. 0. 0. 0. 0. 0. 0. 0. 0. 0. 0. 0. 0. 0. 0. 0. 0. 0. 0. 0. 0. 0. 0. 0. 0. 0. 0. 0. 0. 0. 0.
0.30419761 0.3932412 0.40645453 0.47166303 0.39447081 0.14235216 0.22860561 0.41116476 0.64926362 0.52907169 0.41640127 0.31015748 0.23293445 0.39824861 0.92101812 0.51079327 0.37600023 0.78854042 0.24211779 0.55785125 0.13844731 0.34802496 0.55654567 -0.1395033 0.30499828 0.69962877 0.1761772 0.40939835 0.70963347 -0.06697551 0.28128237 0.84232497 0.16046904 0.45973867 0.86844981 -0.18113837
0.30730405 0.39363241 0.26873913 0.47169757 0.38963637 0.04706195 0.22311425 0.42725918 0.53725845 0.49685708 0.42426831 0.1631026 0.28725058 0.42003435 0.89605784 0.51039714 0.39925417 0.47116819 0.24217764 0.55787301 0.13160819 0.34807158 0.55542058 -0.13229978 0.30426598 0.69645512 0.12867528 0.41246256 0.70962989 -0.05626417 0.28126007 0.83997756 0.09542002 0.45134178 0.86871105 -0.17912224
0.3071515 0.39381278 0.257945 0.47166505 0.38679177 0.04925074 0.24977516 0.42967176 0.50843531 0.49116471 0.42777559 0.14824198 0.30217952 0.41933337 0.86920846 0.50751215 0.40267116 0.45287874 0.2421528 0.55788219 0.12422949 0.34799489 0.55465204 -0.12484235 0.30537292 0.69623953 0.12603197 0.42164338 0.70765841 -0.05366686 0.28231078 0.83888412 0.08357878 0.43378398 0.86871064 -0.18511547
0.30178267 0.39475062 0.29266724 0.47163087 0.38500753 0.04832867 0.2692996 0.42808715 0.53486252 0.49746066 0.426597 0.15358219 0.32889846 0.41589651 0.85100877 0.51104647 0.39743477 0.51174074 0.24146599 0.55789369 0.1243144 0.34793195 0.55463898 -0.12498769 0.30535528 0.69627076 0.13172014 0.41263935 0.71673816 -0.05318137 0.28251588 0.83825862 0.10395482 0.4164328 0.87061888 -0.1861375 
0.29435509 0.39571989 0.31572333 0.47078401 0.38398424 0.06242239 0.28727883 0.42656171 0.55730742 0.52233392 0.42399466 0.19553998 0.33372706 0.41025844 0.84529179 0.51698762 0.39213485 0.64381552 0.24056549 0.55821633 0.12475625 0.34757841 0.55463278 -0.12543142 0.30615881 0.69483817 0.21634185 0.4285523 0.71271062 -0.06636239 0.28319272 0.83611023 0.16420542 0.41573215 0.87141651 -0.26093268
0.29340988 0.39594793 0.49773028 0.47060791 0.38426879 0.2618365 0.29202175 0.42594439 0.73005563 0.53372139 0.42185032 0.42166075 0.33187556 0.40985164 1.02349401 0.52038848 0.38579005 0.89490592 0.23902421 0.55831045 0.11961173 0.34776297 0.5529958 -0.12053945 0.30884957 0.6947636 0.20209554 0.43252182 0.7077226 -0.06537845 0.28465107 0.83616406 0.08820861 0.42110446 0.8721779 -0.27811491
0.29362914 0.39449206 0.29882169 0.47262371 0.38359049 0.11449863 0.21538067 0.41978619 0.54608715 0.51251638 0.41843894 0.24050997 0.32471761 0.39837891 0.86994797 0.51513946 0.374648 0.59964287 0.23819575 0.55826581 0.11615261 0.3480984 0.55274498 -0.11696108 0.30976284 0.69481552 0.15674981 0.43642676 0.70710146 -0.0454852 0.28348485 0.83822089 0.08456646 0.45350167 0.87439811 -0.25511977
0.29226485 0.39412966 0.29176685 0.47260278 0.38363948 0.10495675 0.22055654 0.41644156 0.53009284 0.50344324 0.41807115 0.22378914 0.31818035 0.39832431 0.85200721 0.51299745 0.37194508 0.58378029 0.23692724 0.55827707 0.11219868 0.34809706 0.55239332 -0.11301182 0.31088632 0.69419158 0.15837573 0.44002244 0.70636141 -0.04408925 0.28148702 0.83827209 0.08920839 0.49024624 0.87539786 -0.24085365
0.28921664 0.39398059 0.29464683 0.47195986 0.38329792 0.09437169 0.19590808 0.41887236 0.54532534 0.49518314 0.41332349 0.15962517 0.30553854 0.39869705 0.86221731 0.51198351 0.36804757 0.3969565 0.23673765 0.55838323 0.11244388 0.34823182 0.55243379 -0.11318813 0.31201094 0.69528359 0.13119927 0.44253302 0.70662636 -0.05605429 0.28093085 0.83916622 0.09198179 0.51026601 0.87765598 -0.23522906
0.28688881 0.39384079 0.22037263 0.4723596 0.38344589 0.08198597 0.18847369 0.41910419 0.45128706 0.48890749 0.41134322 0.17359844 0.27704889 0.3988364 0.77805746 0.50476325 0.36880973 0.48491007 0.23675734 0.55861562 0.09849375 0.3489317 0.55244851 -0.09927396 0.31416151 0.69457585 0.13850245 0.44377437 0.70371735 -0.0491648 0.28075039 0.83917487 0.07673377 0.51670378 0.87756443 -0.23958738
0.28753695 0.39244887 0.21715941 0.47324246 0.38296863 0.06946137 0.18692787 0.4204998 0.45911711 0.48663133 0.41175896 0.11633966 0.2699796 0.39936754 0.78861833 0.50805622 0.36982709 0.31416729 0.23704831 0.55867022 0.09665648 0.34893048 0.55273288 -0.09736044 0.3151578 0.69455945 0.12529168 0.44801977 0.70381087 -0.04916699 0.28115731 0.83918351 0.03422222 0.51682782 0.87849492 -0.2672855 
0.28246817 0.39262709 0.23516567 0.4734157 0.38303995 0.06714759 0.19845667 0.41878468 0.48689535 0.50222129 0.40741903 0.15153667 0.27071509 0.40780148 0.81609243 0.50874388 0.37047389 0.38829643 0.23788711 0.55958748 0.09840713 0.34893194 0.55402225 -0.09915388 0.31557927 0.69637698 0.12217041 0.45340809 0.70874178 -0.04770529 0.28138673 0.83925599 0.0442742 0.51106089 0.8839137 -0.25930515
0.28220674 0.39295784 0.2496547 0.47348437 0.38276035 0.06510229 0.20392175 0.41732052 0.55032033 0.52041483 0.39434421 0.20163111 0.26952597 0.41104516 0.90964055 0.51166081 0.36846188 0.6204167 0.23798461 0.55992198 0.10022186 0.34860405 0.55492002 -0.10097653 0.3154982 0.6965133 0.1224878 0.45102641 0.71242416 -0.05601161 0.2823602 0.83769929 0.04595931 0.50492656 0.88475949 -0.27151585
0.28236309 0.39155811 0.23752642 0.47602239 0.3825334 0.04718919 0.20954512 0.41714492 0.54439223 0.53108436 0.39533904 0.21334809 0.26719338 0.41688979 0.89450449 0.51481718 0.36893052 0.66531992 0.23932959 0.5601458 0.10103718 0.34862143 0.55593455 -0.10181333 0.31544611 0.69699723 0.12365686 0.44893193 0.7186203 -0.04591325 0.28389058 0.83704841 0.06615536 0.48683733 0.8863827 -0.24978019
0.2828249 0.39103737 0.20901513 0.47614464 0.38257536 0.02691505 0.21679603 0.4169015 0.51027989 0.54406351 0.39203277 0.2126762 0.26540545 0.41536537 0.86024451 0.51721513 0.36840993 0.67397135 0.23983075 0.560803 0.10235116 0.34808016 0.55760741 -0.1031317 0.31389594 0.69760662 0.14143699 0.44331807 0.72103012 -0.01424299 0.28491178 0.83707255 0.06850807 0.47040352 0.88613486 -0.21120912
0.28844652 0.39003879 0.21451145 0.47819763 0.38275808 0.03872671 0.20981182 0.4199934 0.49893099 0.5425393 0.38816705 0.2180265 0.25388411 0.41725063 0.80942553 0.51714998 0.366317 0.66781932 0.24139534 0.56077355 0.10297123 0.34785488 0.55756122 -0.10376092 0.31014991 0.69761699 0.13892618 0.43715715 0.72268331 -0.02204577 0.28672603 0.8368122 0.06958528 0.4613854 0.88619608 -0.21458764
0.29823825 0.3886857 0.22806618 0.47974643 0.38278157 0.0685787 0.2097685 0.419898 0.50358492 0.54180437 0.38839522 0.25348118 0.24964605 0.41644841 0.8168115 0.51603001 0.36542389 0.68770188 0.2441138 0.55968463 0.10007972 0.34860504 0.55702698 -0.10083083 0.30613422 0.69763458 0.10740341 0.43163362 0.72227633 -0.05678521 0.28823391 0.83683735 0.04670126 0.45692006 0.88636374 -0.26640433
0.30389285 0.38732922 0.23320997 0.48011768 0.38279375 0.07193139 0.23073743 0.41540852 0.50722134 0.53921306 0.39058357 0.24720156 0.25194037 0.42200723 0.81829476 0.51726341 0.36648038 0.68038017 0.24449728 0.55874902 0.10028941 0.34890097 0.55617392 -0.10104831 0.30226341 0.69746375 0.11621064 0.42531011 0.72260821 -0.05937149 0.28819177 0.83725047 0.0819711 0.45457822 0.88732249 -0.25038129
0.3065877 0.38673735 0.25139847 0.48205212 0.38360679 0.11451443 0.20998521 0.4170613 0.49447656 0.5420478 0.39077038 0.27821267 0.24002691 0.42351755 0.76815581 0.51766348 0.36689472 0.71377575 0.24532785 0.55453479 0.10030241 0.3517383 0.55408466 -0.10109571 0.29936689 0.69566137 0.13533217 0.42104745 0.72206306 -0.08082779 0.28795037 0.83727038 0.11967535 0.45184675 0.88802451 -0.29061207
0.30753857 0.38631639 0.22783212 0.4858416 0.38462701 0.10721552 0.22906251 0.40681821 0.46200758 0.5817228 0.39197248 0.30220503 0.24401106 0.41767925 0.755611 0.53068233 0.36717626 0.80649847 0.24528356 0.55293906 0.09248898 0.3552233 0.5538187 -0.09347995 0.2980912 0.69388682 0.13883767 0.4169206 0.72404194 -0.05599442 0.28786474 0.83730376 0.11829951 0.44902873 0.8895548 -0.23020554
0.31133527 0.386365 0.25107619 0.48786315 0.38706246 0.13407212 0.23311734 0.40829897 0.47506687 0.5774284 0.3927049 0.33773047 0.23882407 0.41814086 0.74169946 0.53474808 0.36725938 0.83589137 0.24569437 0.55257833 0.09352631 0.35878673 0.55383289 -0.09450388 0.29675904 0.69374782 0.16960749 0.414152 0.72510999 -0.070495 0.28691944 0.83728129 0.17434098 0.44833657 0.89169443 -0.24483801
0.31172153 0.3864432 0.3047457 0.48858088 0.38699323 0.15512241 0.24627858 0.40899837 0.56349128 0.57274199 0.39399686 0.3486039 0.26189888 0.41738755 0.87826735 0.54326063 0.36778563 0.82044768 0.24641481 0.55263382 0.09390605 0.36100286 0.55362058 -0.09484581 0.29655802 0.69379997 0.16832648 0.41022998 0.72550458 -0.08540075 0.28507736 0.83727318 0.17386054 0.44861582 0.89227742 -0.270854 
0.31361511 0.38638163 0.2652474 0.49229047 0.38694179 0.15277857 0.25288862 0.40843245 0.52650857 0.58012885 0.39571089 0.31934369 0.28071901 0.41815096 0.85890049 0.55184418 0.37521535 0.80432069 0.24856971 0.5528301 0.09309162 0.36174244 0.55350274 -0.09403031 0.29518023 0.69552821 0.17489849 0.408241 0.72562176 -0.05318637 0.28288919 0.83760673 0.16044475 0.4478617 0.89197224 -0.24667542
0.31683007 0.38628048 0.23213553 0.49744269 0.38665026 0.0835811 0.24891956 0.39808205 0.471228 0.6156894 0.39599219 0.28989929 0.28230351 0.41186413 0.77119935 0.55246878 0.37624958 0.79852974 0.25312364 0.55287367 0.09352378 0.36585087 0.55351901 -0.09442097 0.2945877 0.69563073 0.21069345 0.40559855 0.72562951 -0.03770612 0.28199124 0.8387264 0.18635967 0.44699499 0.89188075 -0.2288368 
0.31903201 0.38605377 0.22260851 0.50387341 0.38660765 0.08376058 0.2466618 0.39798081 0.46550012 0.61840111 0.39607474 0.30604669 0.28715625 0.41065922 0.78033227 0.55520815 0.37665063 0.83340234 0.25653613 0.55276972 0.08796311 0.36915269 0.55351359 -0.08895499 0.29432911 0.6968683 0.17379954 0.40641478 0.72579879 -0.0345874 0.28084362 0.83982873 0.08975904 0.44703093 0.89164656 -0.23103029
0.31809685 0.38627705 0.22813866 0.50834507 0.38653165 0.07699391 0.24167696 0.39812785 0.4738577 0.6099636 0.39484823 0.27115506 0.29065213 0.40796235 0.78263474 0.56297028 0.37571722 0.75926393 0.25835034 0.55386764 0.08882424 0.37431589 0.55431122 -0.08980118 0.29442632 0.69813943 0.1701156 0.40737465 0.7257095 -0.02328309 0.28068823 0.84004366 0.09482376 0.44733 0.89158314 -0.21861643
0.31899542 0.3862966 0.20324986 0.51288879 0.38610277 0.05066767 0.23849253 0.39774722 0.45861301 0.60969931 0.39468801 0.23603076 0.29397956 0.4064644 0.78458458 0.56879753 0.3735441 0.70400774 0.26050892 0.55389583 0.08931407 0.3779884 0.55446899 -0.09030403 0.29561567 0.69819719 0.15908255 0.40803975 0.72492468 0.01385602 0.28019011 0.84007096 0.04365181 0.44768664 0.89108247 -0.19621861
0.3259519 0.38496837 0.19230942 0.52080345 0.38550043 -0.00137702 0.22954047 0.41409934 0.43673354 0.60799581 0.39647856 0.17236504 0.29386705 0.41093588 0.74282211 0.57557982 0.37453794 0.64255393 0.26305583 0.55392551 0.09671766 0.38158211 0.55463517 -0.09774569 0.29798618 0.69804251 0.19398133 0.41537353 0.72432983 0.04096917 0.28020668 0.8390215 0.06411386 0.44779783 0.88984764 -0.17301056
0.33353871 0.38291121 0.19963743 0.53113317 0.38547045 0.00368217 0.23355688 0.41497448 0.44898033 0.60472959 0.40768287 0.176579 0.30466694 0.4175154 0.75805044 0.58314788 0.38460857 0.63392323 0.26756155 0.55347383 0.10583199 0.38589269 0.55455488 -0.10678346 0.2986677 0.69757944 0.19251111 0.42103499 0.72418994 0.02320687 0.27849606 0.83699703 0.07555264 0.44789556 0.88930601 -0.18307133
0.33535123 0.38224709 0.21392591 0.5308997 0.38360357 0.0065741 0.23551792 0.41910285 0.45211017 0.61363792 0.39903817 0.16838661 0.31253353 0.41830853 0.76139593 0.585298 0.37577879 0.63756639 0.26900735 0.55320823 0.10964777 0.38597661 0.55397266 -0.11065298 0.30086696 0.689821 0.22898246 0.42719349 0.72172636 0.01739309 0.27203068 0.83019656 0.10951575 0.44806364 0.88822591 -0.23910746
3.44625175e-01 3.79954070e-01 2.13925377e-01 5.33351898e-01 3.82211328e-01 1.25571460e-04 2.35591725e-01 4.22284961e-01 4.49685872e-01 5.93811929e-01 4.00217056e-01 1.52644441e-01 3.13449502e-01 4.17710781e-01 7.50314116e-01 5.93259573e-01 3.78587306e-01 5.60890853e-01 2.73824245e-01 5.51080167e-01 1.10563636e-01 3.89209419e-01 5.53053200e-01 -1.11529887e-01 3.04200292e-01 6.82423413e-01 2.12476075e-01 4.29609209e-01 7.18604326e-01 2.33888477e-02 2.63226271e-01 8.22852075e-01 5.07197194e-02 4.48179215e-01 8.88215661e-01 -2.67719567e-01
0.34710994 0.37872121 0.23308192 0.53179657 0.37978265 -0.02498248 0.2360301 0.42104074 0.43712062 0.59957641 0.39635915 0.07312625 0.31319836 0.41444114 0.66991502 0.5981794 0.37960052 0.44524962 0.27526531 0.54848802 0.12086463 0.38822126 0.55070645 -0.12189846 0.30675828 0.68051773 0.26422417 0.42987743 0.71300167 0.01808276 0.25758001 0.81866205 0.10499957 0.44882992 0.88729256 -0.31316695
0.34743163 0.37793556 0.23003837 0.5298335 0.37895307 -0.01690778 0.23589824 0.42166835 0.44179639 0.59940517 0.38905224 0.0335176 0.3148253 0.41338572 0.68373877 0.5951454 0.36782303 0.30434215 0.27636933 0.54699785 0.11953674 0.3881281 0.54910302 -0.1204794 0.30749816 0.6805383 0.24038979 0.42971745 0.71370608 0.00691989 0.25500602 0.81827134 0.1046018 0.44910195 0.88741207 -0.31832841
0.34993747 0.37815374 0.23806328 0.53370744 0.3776885 -0.05932794 0.23754902 0.42113131 0.44324148 0.59932822 0.38982245 0.0754677 0.31427905 0.41912159 0.67342085 0.60130084 0.37703434 0.3967208 0.27672678 0.54721475 0.12657894 0.38828149 0.54887897 -0.12764475 0.30761293 0.68135452 0.27415702 0.42937869 0.71410006 0.01717447 0.2520898 0.81967795 0.14201505 0.44917113 0.88743013 -0.2943255 
0.35277531 0.37835255 0.215461 0.53496349 0.37756953 -0.05957963 0.24587154 0.4192923 0.44507506 0.61026484 0.38764104 0.07974438 0.31902173 0.41878593 0.69840932 0.59822875 0.37584978 0.49848807 0.27613932 0.54733843 0.12506747 0.38775352 0.54901439 -0.12609065 0.30759129 0.68331259 0.25404653 0.42891237 0.71422958 0.03725101 0.24979341 0.82149118 0.09422294 0.44919518 0.88743061 -0.20823492
0.35133681 0.37849194 0.21689804 0.54669243 0.37520012 -0.04931187 0.24518944 0.41838101 0.44720173 0.64009738 0.37774506 0.0662962 0.30702728 0.41782156 0.68926251 0.59857303 0.36715168 0.49482614 0.2757521 0.54879361 0.12437997 0.38730606 0.54942673 -0.12538624 0.30645484 0.68994153 0.18087165 0.42656443 0.71805662 0.05068262 0.25138608 0.82873851 0.0474703 0.44906154 0.88840938 -0.13756275
0.3502565 0.37855706 0.21801001 0.5435794 0.37545645 -0.04379616 0.26105183 0.40814266 0.43997809 0.65662515 0.37102649 0.06650665 0.30689377 0.41318381 0.66418821 0.60177773 0.36420503 0.51566952 0.27490309 0.54947358 0.12303458 0.38719353 0.54985154 -0.12414236 0.30529976 0.69510061 0.17684861 0.42385337 0.72038537 0.05591211 0.25242269 0.83356291 0.04036222 0.44909376 0.88900912 -0.12829933
0.35332435 0.37864706 0.2141344 0.56158894 0.37489837 -0.04415213 0.26758021 0.3989881 0.40844634 0.67253637 0.37495929 0.08051662 0.30572897 0.41323549 0.61060292 0.6045655 0.36505982 0.56078875 0.27407473 0.54969192 0.11936223 0.38824016 0.55107665 -0.12061956 0.30335066 0.69778019 0.18510063 0.42018822 0.72240353 0.07757425 0.25694859 0.83598477 0.06020086 0.44902191 0.88964307 -0.0849548 
0.35261557 0.37912157 0.21167442 0.56138706 0.37607887 -0.04363514 0.24600542 0.40463755 0.40497985 0.67775404 0.37702206 0.11572342 0.30189267 0.41292033 0.61365366 0.60539854 0.36380178 0.65251857 0.26970646 0.55275458 0.10835804 0.38945687 0.55488271 -0.10972995 0.30217189 0.69965076 0.21031545 0.41666156 0.72467136 0.09070329 0.26217642 0.8373698 0.0885909 0.44878945 0.89022893 -0.07556369
0.35002071 0.38016397 0.21097031 0.56081331 0.38083041 -0.04235302 0.2387201 0.40499002 0.39321589 0.65739995 0.39358932 0.12235523 0.29256934 0.41051102 0.5921073 0.60771286 0.37402883 0.62781936 0.2682578 0.55403692 0.10534729 0.39111844 0.55670327 -0.10669067 0.30213815 0.7001332 0.20880227 0.41559422 0.72525185 0.08854012 0.26796317 0.83915752 0.07760753 0.44880638 0.89081001 -0.08552109
0.34970751 0.38081199 0.21568473 0.56534201 0.38107058 -0.04077642 0.23074909 0.4103573 0.39856228 0.64456618 0.39898938 0.12201725 0.29297078 0.41477415 0.60257226 0.61266822 0.3815966 0.6181404 0.26843861 0.55408257 0.10481136 0.39252076 0.55652624 -0.106105 0.30265602 0.70025021 0.18637143 0.41463599 0.72506237 0.08040653 0.27391818 0.83899522 0.04293562 0.44874328 0.89079326 -0.11149277
0.34630615 0.38081607 0.22202341 0.55175126 0.38103154 -0.01719688 0.22895153 0.41031045 0.39691484 0.62292558 0.40427122 0.11469439 0.29327607 0.41363108 0.61543977 0.62362409 0.40336978 0.52530694 0.26805845 0.55414885 0.10495958 0.39229098 0.55642897 -0.10622767 0.30298898 0.70135075 0.17850685 0.41466862 0.72496682 0.07181065 0.27735823 0.84028566 0.0515264 0.44872054 0.89079666 -0.12288395
0.34709305 0.38082653 0.23085487 0.54457676 0.38204446 0.00607946 0.22985575 0.41190213 0.41275671 0.60011238 0.4097878 0.1140069 0.29689175 0.4136228 0.69466865 0.62203783 0.40948859 0.46242216 0.26808706 0.5544129 0.10507853 0.39260221 0.55631584 -0.10631902 0.30313969 0.70112324 0.1680699 0.41475666 0.72487217 0.03237719 0.27784637 0.84080994 0.07896686 0.44872114 0.89094752 -0.12746374
0.3481364 0.38030621 0.30687243 0.54181695 0.38185984 0.0064324 0.23002246 0.41343933 0.4902086 0.59590936 0.42094171 0.1471857 0.29832795 0.41624606 0.77272856 0.6193319 0.45261404 0.58953017 0.26824933 0.55453449 0.12043631 0.39247954 0.55569786 -0.12133156 0.30392113 0.70089507 0.17458591 0.41484293 0.72477537 -0.02011571 0.27804065 0.84139508 0.1858127 0.44875315 0.89095181 -0.1306511 
0.34805506 0.38033545 0.29713848 0.53785467 0.38182232 0.01871737 0.22812222 0.41543913 0.4859283 0.59214836 0.41969872 0.14226125 0.29237956 0.41613677 0.76064605 0.6183278 0.43202803 0.53492039 0.26824385 0.55446905 0.12046222 0.3922956 0.55455369 -0.12129623 0.30514327 0.70082325 0.16607812 0.41409391 0.72471803 -0.0325451 0.27797097 0.8413797 0.14882319 0.44872069 0.89094573 -0.18725681
0.34440723 0.38102186 0.28299701 0.53060794 0.38276872 0.03075996 0.22263685 0.42029768 0.47886696 0.58924818 0.41571239 0.16868196 0.29149455 0.41664913 0.74408138 0.60640895 0.42846769 0.5654707 0.26678988 0.55452543 0.11915524 0.39155999 0.55428034 -0.11989468 0.30573207 0.70060402 0.16786735 0.41342989 0.72467345 -0.02692294 0.27808008 0.84125483 0.13933754 0.44865343 0.8907463 -0.19116038
0.33955491 0.38200623 0.24505898 0.51701844 0.38299745 0.03062703 0.21965393 0.42174584 0.4648132 0.57699531 0.41466823 0.17416328 0.29034799 0.42161676 0.74796808 0.58883184 0.402345 0.57705069 0.26302776 0.55453891 0.11172926 0.38973883 0.55404347 -0.11246675 0.30594495 0.70004559 0.17028321 0.41335526 0.72408473 -0.01506464 0.27817702 0.84113771 0.13531114 0.44870076 0.890607 -0.18835959
0.3280234 0.38262722 0.24692482 0.51692009 0.38373309 0.02734897 0.20709974 0.42535889 0.46931395 0.56986117 0.41420266 0.18183932 0.28607062 0.4260433 0.77263093 0.586896 0.39721459 0.59844172 0.25944784 0.55478293 0.11073362 0.38851672 0.55408108 -0.11145529 0.30544305 0.69994098 0.1743467 0.41355994 0.72359401 -0.01160874 0.27867407 0.84109956 0.1525373 0.44883499 0.89031994 -0.18385112
0.32346019 0.38251024 0.25899252 0.51765668 0.38370171 0.02857449 0.20860727 0.42447034 0.48598751 0.5733127 0.41506895 0.19612753 0.28395596 0.42655474 0.8098051 0.58709139 0.40639183 0.63913029 0.25795954 0.55417073 0.11146774 0.38707173 0.55331689 -0.11219497 0.30420089 0.69979548 0.18546875 0.41503695 0.72359186 -0.01366416 0.27880272 0.84054172 0.14653271 0.4488382 0.88977212 -0.23010132
0.31757563 0.38276702 0.26620594 0.51405537 0.38371757 0.05033514 0.20502378 0.4243075 0.50753713 0.57733101 0.41442722 0.22574465 0.27793947 0.44063249 0.84699738 0.57991576 0.3901116 0.6647858 0.25612837 0.55419123 0.11061104 0.38555944 0.55323523 -0.11134458 0.30186209 0.69967705 0.18640091 0.41671839 0.72343004 -0.01640719 0.2787331 0.84049219 0.14836919 0.44860294 0.88882077 -0.23020765
0.31147143 0.38292676 0.29444835 0.50473368 0.38382578 0.07053623 0.2025575 0.42395046 0.58304018 0.57124525 0.4143174 0.26098478 0.27689987 0.43636703 0.98094666 0.56272304 0.38699147 0.70763111 0.25368953 0.55473506 0.11058262 0.38415068 0.55323327 -0.11131702 0.29912812 0.69887978 0.18873556 0.41796747 0.72290224 -0.04031982 0.27907714 0.84044784 0.15676762 0.448015 0.88843328 -0.26712227
0.3037551 0.38338748 0.30285776 0.4998529 0.38390675 0.09092452 0.20197533 0.42383581 0.5996151 0.56774986 0.40512368 0.28253427 0.27794388 0.43407297 1.00975323 0.55542254 0.37644976 0.73580986 0.25177655 0.55500853 0.10940638 0.38241854 0.55319351 -0.11018015 0.29569086 0.69884294 0.18909551 0.42419097 0.72249275 -0.06040481 0.27883038 0.84038985 0.14654782 0.44806346 0.88840604 -0.32921684
0.29897195 0.38343611 0.30531439 0.50082219 0.38396502 0.10966813 0.19919297 0.42620379 0.59593326 0.55963248 0.408308 0.30593958 0.28167564 0.43323669 1.01240051 0.55365002 0.38033417 0.7484479 0.2489468 0.55500108 0.10723505 0.38224715 0.5527876 -0.1080595 0.29463449 0.69791698 0.1887916 0.43222573 0.71916574 -0.07459026 0.27866873 0.84026325 0.09606025 0.44826713 0.88841259 -0.37291753
0.29691386 0.38342363 0.35587633 0.49849916 0.38366282 0.13484378 0.19165975 0.42624283 0.6550886 0.53918105 0.41173676 0.30448857 0.28192681 0.41873115 1.0802511 0.53696978 0.38232991 0.72234201 0.24639912 0.55693704 0.10908674 0.38146737 0.55348265 -0.10988051 0.29197168 0.6978206 0.19391808 0.44137779 0.71770227 -0.07977064 0.27852988 0.84028023 0.14693016 0.45236784 0.8890295 -0.34598276
0.29509443 0.38353586 0.35696074 0.49792412 0.38357559 0.12387317 0.1849446 0.42625529 0.64847285 0.54023337 0.41285965 0.28376877 0.27131051 0.41343683 1.05762208 0.54131866 0.38171244 0.66741788 0.24457021 0.5579232 0.11025854 0.38041976 0.5538435 -0.11106 0.29012406 0.69781047 0.19833457 0.44543135 0.71432978 -0.08028071 0.27798709 0.84011829 0.14422354 0.45998228 0.88918376 -0.36117923
0.28915659 0.38397837 0.40363765 0.49534127 0.3834632 0.16404656 0.18121721 0.42640167 0.71289825 0.532462 0.41351497 0.31940573 0.26944843 0.41049039 1.11397803 0.54426724 0.37630835 0.66671258 0.24224015 0.55797714 0.1105851 0.37860042 0.55409968 -0.11136475 0.28810018 0.69800353 0.18684295 0.44799876 0.71146107 -0.11302219 0.27804783 0.84061486 0.14247403 0.47788256 0.88950408 -0.38609624
0.28858653 0.38404858 0.40797314 0.49253348 0.38261053 0.17415142 0.17606832 0.42672184 0.7023164 0.52421582 0.41599578 0.31082186 0.27009693 0.40816537 1.09291446 0.5452159 0.37578627 0.62280989 0.24145637 0.55819172 0.11118021 0.37739608 0.55428821 -0.11190221 0.28715688 0.6984337 0.15699255 0.45070052 0.71054 -0.10365723 0.27762645 0.8409906 0.14229897 0.49486038 0.8899737 -0.35578349
0.28875652 0.3841123 0.42487201 0.49381092 0.38232204 0.16569647 0.17545052 0.42651841 0.72775233 0.52816612 0.41585645 0.31930113 0.27042326 0.40719706 1.12821233 0.54522252 0.37543786 0.6523844 0.24148919 0.55837351 0.11359727 0.37698349 0.55437046 -0.11427972 0.28623787 0.69855958 0.16118456 0.45216659 0.70995945 -0.10498349 0.27707919 0.84107047 0.14790083 0.4964802 0.89000982 -0.34505832
0.28804487 0.38417453 0.41003197 0.49409309 0.38097832 0.16589078 0.1775075 0.42476946 0.70143902 0.5297206 0.4121674 0.31374517 0.27138802 0.40566197 1.08077443 0.54560715 0.37096673 0.65235049 0.24156339 0.55841577 0.11356765 0.37602454 0.55429453 -0.11425281 0.28597099 0.69842273 0.15790218 0.45137924 0.70923102 -0.10320117 0.27706766 0.84105688 0.14667802 0.49220687 0.88999653 -0.33538273
0.28659239 0.38428077 0.39819294 0.49178952 0.37964457 0.15652275 0.17790221 0.42420438 0.6801089 0.52683979 0.41016057 0.31860742 0.28286746 0.40658748 1.06065059 0.54323423 0.36965257 0.69703913 0.24073413 0.55839854 0.11295529 0.37328818 0.5530054 -0.11364205 0.28534508 0.69823259 0.14930564 0.45286939 0.70740104 -0.09942062 0.27706251 0.8410427 0.10264672 0.48867351 0.8887217 -0.33859819
0.27993417 0.38437793 0.39041042 0.48882627 0.37964216 0.20276183 0.17635535 0.42590466 0.67228705 0.52805972 0.40385163 0.38746858 0.28674236 0.4073647 1.04965556 0.536066 0.36713436 0.8229441 0.23898256 0.55731857 0.1049184 0.37218064 0.55138087 -0.10573734 0.28401101 0.69701791 0.15212765 0.45213121 0.70759749 -0.10496663 0.27707532 0.84052354 0.10386357 0.48513347 0.88807875 -0.35344076
0.28063405 0.38602713 0.36581638 0.483713 0.37989196 0.18106796 0.17894523 0.42574051 0.65154076 0.53395569 0.39147103 0.35486189 0.29341754 0.40787181 1.01731932 0.53602868 0.36258176 0.77159667 0.2376634 0.55730122 0.09874465 0.37008768 0.55107033 -0.09959416 0.28217846 0.69686145 0.14731465 0.45163274 0.70794034 -0.10086896 0.27705389 0.83960289 0.08334061 0.47826442 0.88605136 -0.34610593
0.27697071 0.39020586 0.33910322 0.47873947 0.37991393 0.14662336 0.19536932 0.42568779 0.61254036 0.5464974 0.38244119 0.32523152 0.29423264 0.4143655 0.95245969 0.53242058 0.36462739 0.76300484 0.2367436 0.55739337 0.09791647 0.36741456 0.55104315 -0.09883768 0.28026634 0.69716746 0.15176259 0.45151022 0.7117523 -0.07861163 0.27693316 0.83885169 0.09502755 0.4695226 0.88526028 -0.27420983
0.278016 0.3899973 0.28184047 0.47984189 0.37993172 0.11450186 0.18998733 0.42564565 0.54645687 0.55029422 0.3875885 0.30345753 0.29361728 0.4153904 0.89447606 0.531259 0.36589393 0.75329798 0.23695597 0.55739439 0.09387278 0.36610979 0.55105877 -0.09481496 0.28050473 0.69850945 0.14471756 0.44797167 0.71511513 -0.06789415 0.27695164 0.83869171 0.07690834 0.46223459 0.88464588 -0.26985702
0.27604923 0.38987473 0.29923171 0.47730279 0.37979764 0.11994752 0.21222886 0.41724196 0.56170917 0.55168128 0.38840574 0.31150046 0.28755653 0.41568756 0.90450281 0.52786404 0.3677386 0.80582142 0.23707269 0.55812949 0.09300806 0.36523199 0.55195361 -0.0939885 0.28055131 0.70074093 0.16682407 0.43678811 0.71992803 -0.06484909 0.276811 0.83849424 0.1387925 0.45887759 0.88474137 -0.24275507
0.27695623 0.38977405 0.30997702 0.47799027 0.3790288 0.11326711 0.23055442 0.41548434 0.5790652 0.53939617 0.38703027 0.30566192 0.28764659 0.42402801 0.9190104 0.52820855 0.37078726 0.82174557 0.23722379 0.55812478 0.09631976 0.36086395 0.55186373 -0.09731532 0.28070068 0.70255697 0.19057879 0.43476382 0.72265154 -0.0620842 0.27662084 0.83840758 0.19169717 0.45898843 0.88513124 -0.22356845
0.27756009 0.38971752 0.31347188 0.47820678 0.37838134 0.10262529 0.22725421 0.41158164 0.582515 0.5341208 0.3861413 0.28043666 0.28551874 0.42464635 0.9023307 0.52897173 0.3711459 0.79496425 0.23698917 0.55724555 0.10052446 0.35817963 0.55047828 -0.10145121 0.28075266 0.70335895 0.18709871 0.42898759 0.72381949 -0.0702608 0.27646655 0.83840495 0.19719437 0.45872092 0.88621724 -0.23185013
0.27807817 0.38924354 0.31281573 0.47956994 0.37840703 0.1042291 0.20741701 0.41420794 0.5845831 0.54108012 0.38723138 0.28337768 0.27278805 0.42441443 0.91861969 0.52914065 0.37123796 0.78496802 0.23707221 0.55675286 0.10334632 0.35750747 0.55036163 -0.10419443 0.28067693 0.70388019 0.18885784 0.42458591 0.72464263 -0.07227864 0.27644628 0.83847374 0.21382746 0.45814091 0.88757157 -0.23553491
0.27820206 0.38915062 0.31066105 0.47996768 0.37852386 0.1075594 0.20894104 0.40778863 0.58651423 0.55993026 0.38820171 0.29109007 0.26446939 0.42218196 0.92656511 0.53129226 0.3728725 0.80005783 0.23714103 0.55590236 0.10343254 0.35794738 0.5503577 -0.1042923 0.28069222 0.7036761 0.23746756 0.41972172 0.72538084 -0.07384185 0.27629122 0.83842975 0.26880783 0.45757648 0.8897236 -0.24512513
0.27994144 0.38909635 0.30732074 0.48025045 0.37852052 0.10192648 0.21436632 0.40449625 0.57728219 0.55910456 0.38776714 0.28935555 0.26460224 0.42172056 0.89604324 0.5330345 0.37408051 0.80232131 0.23718467 0.55522293 0.10419765 0.35819533 0.55024618 -0.10509835 0.2807273 0.70357007 0.24575472 0.41689211 0.72642285 -0.07253302 0.27612764 0.83841062 0.29293883 0.45624796 0.89114982 -0.22382966
0.28704199 0.38724807 0.27281752 0.48372328 0.37885529 0.02611158 0.21360677 0.40564039 0.53112292 0.57454485 0.3891446 0.23453417 0.26087674 0.43317932 0.82418245 0.53331888 0.37774473 0.7902348 0.23722517 0.5551796 0.11548969 0.35844827 0.55061257 -0.11645027 0.28084207 0.70226365 0.28032082 0.4184145 0.72612655 -0.0606598 0.27590534 0.83850098 0.32578644 0.45496896 0.89264828 -0.22581452
0.28925562 0.38676912 0.25508314 0.48641312 0.3793771 0.0146729 0.2052975 0.40204135 0.50942504 0.57045245 0.38926941 0.21864873 0.25280517 0.43060589 0.80935127 0.5341022 0.37806162 0.7705611 0.23741399 0.55531502 0.11564851 0.35902706 0.55170524 -0.11664107 0.28120723 0.70201325 0.27736947 0.41880172 0.72580057 -0.03956426 0.27552146 0.83849561 0.27982712 0.45422137 0.89349788 -0.22655034
0.2939128 0.38673213 0.2705321 0.50404531 0.3782095 0.03802286 0.20616573 0.4013339 0.53983605 0.56752557 0.386985 0.23863706 0.25307009 0.42949945 0.85976887 0.53416198 0.37370807 0.77166921 0.23877729 0.55625218 0.11565756 0.35922164 0.55301678 -0.11667082 0.28165698 0.70199096 0.26942486 0.41781622 0.72622263 -0.03778904 0.2752282 0.83847255 0.28087053 0.4543978 0.89437634 -0.2295053 
0.29347825 0.38749284 0.30553707 0.49953964 0.37829542 0.01986851 0.23734495 0.40507561 0.54766035 0.59959084 0.36958039 0.15149565 0.27273968 0.44648096 0.80844635 0.5350852 0.37374157 0.63179934 0.23886338 0.55724621 0.12546965 0.3593713 0.55345982 -0.126606 0.28238049 0.70195228 0.32760131 0.41809657 0.72626835 -0.03872737 0.274865 0.83845675 0.39848602 0.45426139 0.89503968 -0.18715821
0.29404998 0.38701126 0.32295632 0.49820918 0.37841171 0.05545021 0.23174657 0.40523005 0.59302795 0.5963183 0.37209055 0.2330706 0.27125067 0.44481981 0.90939701 0.53826171 0.37492207 0.7595942 0.24079776 0.55660999 0.12412782 0.36081293 0.55329591 -0.12522486 0.28412306 0.69846702 0.29486087 0.41644618 0.72527748 -0.05871239 0.27529123 0.83824831 0.35200471 0.45437139 0.8949455 -0.19457495
0.29943553 0.38640875 0.3205719 0.51174361 0.37846532 0.08633968 0.20649843 0.41014698 0.59132868 0.58027804 0.3799713 0.28419107 0.27063119 0.43065289 0.92688179 0.54260123 0.37531975 0.79134834 0.24320476 0.55635053 0.11871801 0.36319813 0.55329949 -0.11974054 0.28432617 0.69779229 0.24577272 0.4139227 0.72521847 -0.06053285 0.27528551 0.83838493 0.23010699 0.45501623 0.89502645 -0.28092238
0.30225375 0.38637492 0.33083799 0.51426637 0.38064477 0.12773906 0.20665726 0.40563443 0.60633713 0.58586562 0.3921524 0.3310281 0.27055916 0.41842002 0.95475721 0.54797029 0.37554875 0.80848557 0.24499723 0.55590725 0.11390459 0.36448324 0.55328959 -0.11479966 0.2843844 0.69739455 0.22154012 0.41094363 0.72516304 -0.09098056 0.27534756 0.83844054 0.21290793 0.45505002 0.89508778 -0.34069628
0.30639774 0.38626665 0.32840005 0.5151819 0.3840785 0.13906735 0.20755155 0.40398723 0.60495049 0.58360291 0.40344945 0.34339878 0.2705037 0.41591921 0.95170856 0.55246681 0.37696743 0.80069268 0.24651049 0.55560195 0.10975082 0.36553121 0.55329597 -0.11050677 0.28444174 0.69722563 0.19889401 0.40897441 0.72514319 -0.1021606 0.27549005 0.83850056 0.21031886 0.45511967 0.89510685 -0.32690534
0.30711463 0.3862426 0.33986169 0.51606059 0.38550231 0.14857797 0.20763303 0.40276277 0.61210012 0.58285338 0.40643841 0.35190403 0.27046102 0.41457033 0.95961994 0.5552243 0.3821539 0.81600809 0.24692693 0.55526513 0.10776462 0.36627242 0.5533095 -0.10850649 0.28456444 0.69705635 0.20779756 0.40860853 0.7259289 -0.10480729 0.27553973 0.8385126 0.22124776 0.45515931 0.89532602 -0.3410399 
0.3062681 0.38641214 0.33631662 0.50527018 0.38541001 0.13659798 0.20728073 0.4014385 0.60896707 0.56330931 0.40465593 0.34118858 0.27074856 0.41239601 0.9531303 0.55601227 0.38182494 0.81531405 0.24690127 0.55505776 0.10613985 0.36643109 0.55332744 -0.1069224 0.28463832 0.69707555 0.20876689 0.40811104 0.72637236 -0.09925541 0.27553418 0.83851445 0.1956625 0.45528737 0.89532399 -0.34373489
0.30665588 0.38641346 0.32610551 0.50033534 0.38554746 0.13409619 0.20516042 0.39955485 0.59232676 0.55701029 0.40323606 0.33128986 0.2699255 0.4114649 0.92885959 0.55816334 0.38505092 0.79355848 0.24716669 0.55501086 0.10604725 0.36689255 0.55353487 -0.1068342 0.28478876 0.69700152 0.20267551 0.40765652 0.72689098 -0.09722134 0.27556223 0.8385095 0.18963197 0.45546669 0.89530289 -0.34012219
0.30639875 0.3874324 0.32289726 0.49492672 0.38649711 0.13146572 0.2052207 0.40005344 0.59044743 0.56078583 0.40053532 0.32735747 0.27003565 0.40858203 0.92308581 0.5574885 0.37959048 0.78688145 0.24717255 0.55498123 0.10371125 0.36715046 0.55362958 -0.10450488 0.28488392 0.69700664 0.19285591 0.4069128 0.72710609 -0.09570417 0.27569556 0.83837986 0.17847124 0.45588946 0.89529234 -0.3304286 
0.30658638 0.38749418 0.30479166 0.49363121 0.3865979 0.09410377 0.20531413 0.39947116 0.57433826 0.56519151 0.39526358 0.27747872 0.27258646 0.40862375 0.87964994 0.55711949 0.37729979 0.74332446 0.24709933 0.55491936 0.10561364 0.36693648 0.55361599 -0.10642662 0.28490666 0.69701904 0.19775529 0.40634495 0.72716647 -0.08955245 0.27585399 0.83838773 0.18496074 0.45597947 0.89528948 -0.29379368
0.30789545 0.3875365 0.3033565 0.49379233 0.38701093 0.09047683 0.20530111 0.41056985 0.57568622 0.5740608 0.39520058 0.27962106 0.2747471 0.40934834 0.88706577 0.55726725 0.37744778 0.74923801 0.24707618 0.55491656 0.10729055 0.3666054 0.55364263 -0.10809148 0.2849189 0.69719923 0.20038185 0.40614215 0.72724563 -0.08919819 0.27589521 0.83840287 0.19357705 0.45601872 0.89532775 -0.28452775
0.30802652 0.38720691 0.30360079 0.49394876 0.38708264 0.06263874 0.20432054 0.4102397 0.53572685 0.5746184 0.39263818 0.2423847 0.27465129 0.40939865 0.78746361 0.55758083 0.37849256 0.75420976 0.24714036 0.55504584 0.10938474 0.36691064 0.55414957 -0.11027847 0.28492758 0.69731873 0.23313673 0.40579623 0.72737682 -0.08263417 0.27654621 0.83875537 0.25540346 0.45582891 0.89549631 -0.25887299
0.3082231 0.38688952 0.30694473 0.49388805 0.38706064 0.0610252 0.19864811 0.41394874 0.53167498 0.57453322 0.39365193 0.23142606 0.27268109 0.4131563 0.78731066 0.55824029 0.38388973 0.74136364 0.2474166 0.55504811 0.11097785 0.36738357 0.55429685 -0.11191945 0.28495109 0.69732553 0.26185915 0.40535304 0.72746176 -0.08470597 0.27764261 0.83900148 0.29827544 0.45566687 0.89554763 -0.26692593
0.30952346 0.3861962 0.32418412 0.49397579 0.38710287 0.06849371 0.19508256 0.41624039 0.54101896 0.57446581 0.40008768 0.2431685 0.27164578 0.41648772 0.80273062 0.55907327 0.39312318 0.74657923 0.24801373 0.55510294 0.11544871 0.36780673 0.5548197 -0.11640056 0.28498212 0.69711041 0.288214 0.40439072 0.72808576 -0.112682 0.27842572 0.83910018 0.34635982 0.45547688 0.89559358 -0.31876782
0.30987391 0.38571575 0.3296071 0.4940193 0.38714501 0.0710573 0.19578964 0.41521934 0.54563355 0.57441372 0.40246972 0.24937934 0.2703985 0.41811144 0.80523133 0.55930233 0.39421013 0.75150287 0.24819243 0.55508435 0.11895595 0.36781326 0.55486661 -0.11989824 0.28521037 0.69671446 0.28152916 0.40320349 0.7280423 -0.11857408 0.27896854 0.83914661 0.33478954 0.45538333 0.89562744 -0.32855797
0.30977196 0.38563073 0.3306579 0.49328154 0.38712496 0.06763292 0.19617344 0.41590747 0.54793388 0.57072365 0.40201312 0.2438283 0.26591611 0.42544135 0.8125788 0.55925888 0.392656 0.75323206 0.24828254 0.55501187 0.12395772 0.36767364 0.55468386 -0.12490471 0.2854501 0.69666797 0.28763959 0.40228659 0.72777039 -0.12288164 0.27964658 0.83914572 0.35660103 0.45514384 0.89561975 -0.32870176
0.30996484 0.38553107 0.33313203 0.4916257 0.38710907 0.06908889 0.19655883 0.41646975 0.57080406 0.56878501 0.40177718 0.24414916 0.26445425 0.42535678 0.83734453 0.55878991 0.39211342 0.75614738 0.24862431 0.55501258 0.12438082 0.3674472 0.55462939 -0.12530169 0.28577223 0.696477 0.2812987 0.40184042 0.7274611 -0.12718509 0.28024152 0.83893585 0.32973889 0.45479637 0.89550954 -0.32719389
0.30998039 0.38533804 0.33392286 0.4905161 0.38699576 0.06986095 0.19539961 0.41695735 0.57312667 0.56829357 0.40147254 0.24847929 0.263482 0.42533034 0.83949429 0.55797958 0.391321 0.76053637 0.2490508 0.5550161 0.12573053 0.36718252 0.55461311 -0.12662971 0.28621629 0.69618529 0.27432528 0.4016512 0.72731525 -0.12627816 0.2805025 0.83892441 0.32917881 0.45465782 0.89550859 -0.32384107
0.30998334 0.38495976 0.32532826 0.48959261 0.38690296 0.07508551 0.19403075 0.41751963 0.5733645 0.56671578 0.4013133 0.25863716 0.26355532 0.41698122 0.84727669 0.55772549 0.38755375 0.75376868 0.24913599 0.5550307 0.12470362 0.36702022 0.55460989 -0.1255708 0.28640515 0.6960814 0.24817228 0.40167859 0.7273289 -0.09560028 0.28048575 0.83891392 0.28011289 0.45452821 0.89550996 -0.29194054
0.30955833 0.38501209 0.31346107 0.48866701 0.38686237 0.08073106 0.19332379 0.41796076 0.56516999 0.56053561 0.39908248 0.26408559 0.26359767 0.41385031 0.84324163 0.55770224 0.38436028 0.75290191 0.24921383 0.55498528 0.12071601 0.3668808 0.55455804 -0.12160309 0.28651783 0.69591784 0.22863898 0.40170312 0.72733814 -0.07673363 0.28042501 0.83892673 0.23498651 0.45444107 0.89549947 -0.27872604
0.30871129 0.38502762 0.31330308 0.48825458 0.3867296 0.08118924 0.19264172 0.4180266 0.56575614 0.56059933 0.39784437 0.26751167 0.26506767 0.41349718 0.84966141 0.55766898 0.38334295 0.75752854 0.24910493 0.55487508 0.11999048 0.36653724 0.55411744 -0.12088475 0.28652737 0.6956076 0.23187156 0.40151969 0.7273441 -0.07852989 0.28022194 0.83898902 0.2481778 0.45433909 0.8954941 -0.27496013
0.30809203 0.38503706 0.32022199 0.48831385 0.38670999 0.08900578 0.19238165 0.4180415 0.58678919 0.56191993 0.39683491 0.28194767 0.26871544 0.41377732 0.88714033 0.55853158 0.38335145 0.76712161 0.24902678 0.55467516 0.11994589 0.36650428 0.55374414 -0.12084965 0.28653961 0.69515008 0.23379952 0.40123668 0.72734791 -0.07958663 0.27994084 0.83899468 0.2722604 0.45427582 0.8954652 -0.27889106
0.3077316 0.38501814 0.31856361 0.48903725 0.38687375 0.08882964 0.19243999 0.41819268 0.58428746 0.56359589 0.3981328 0.28286228 0.27139175 0.41395432 0.88316154 0.56016296 0.3835552 0.76762241 0.24879989 0.55467349 0.11976387 0.36658862 0.55382812 -0.12064327 0.28655154 0.69512087 0.23395666 0.40118918 0.72767299 -0.08139756 0.27965638 0.8389979 0.27872226 0.45404291 0.89539582 -0.2741431 
0.30772054 0.38499224 0.31093574 0.49034962 0.38716623 0.0897141 0.1927063 0.41827562 0.58331132 0.56597519 0.4001385 0.28985488 0.2736572 0.4138259 0.87984711 0.56161326 0.38360208 0.77262461 0.2484414 0.55468106 0.11715957 0.36709446 0.5543223 -0.11799264 0.28654525 0.69514495 0.23569006 0.40116963 0.72841513 -0.07640497 0.27937809 0.83898008 0.28166428 0.45396763 0.89539629 -0.25227875
0.30865252 0.38499191 0.29063463 0.49175408 0.38744429 0.09018657 0.19780436 0.41613457 0.55635232 0.56699514 0.40045512 0.29738957 0.27595702 0.41349232 0.85731971 0.56214821 0.3836709 0.78695077 0.24806069 0.55468184 0.111874 0.36736205 0.55460149 -0.11268122 0.28655326 0.69512433 0.22590078 0.4009515 0.72841972 -0.07332276 0.2793076 0.83895111 0.26530662 0.45389026 0.89539516 -0.24200985
0.30979016 0.38494736 0.28068787 0.4933106 0.38743606 0.08803223 0.2007096 0.41540048 0.53106141 0.56964517 0.3989234 0.29467234 0.27655163 0.41288048 0.81257737 0.56292272 0.38614655 0.79326969 0.24804747 0.5546785 0.10974816 0.36754137 0.55478191 -0.11057478 0.28653717 0.69512534 0.22546785 0.40065435 0.72841585 -0.07064346 0.27926558 0.8388837 0.26319498 0.45382777 0.89538848 -0.23472777
0.31021369 0.38494575 0.28614572 0.49430823 0.38733298 0.08072844 0.20273034 0.41480547 0.53708398 0.57113302 0.39668134 0.27888173 0.27750018 0.41321677 0.81938225 0.56290144 0.38721102 0.78976905 0.2480454 0.55467743 0.11040655 0.36754084 0.55478579 -0.11125779 0.28631851 0.69535917 0.23372951 0.40051532 0.7284115 -0.07267718 0.27931407 0.8388803 0.29599917 0.45389 0.89538658 -0.22405614
0.31019548 0.38492206 0.33662647 0.4944509 0.38723481 0.08065792 0.20297718 0.41450745 0.59484708 0.57097024 0.40107676 0.26953453 0.27744162 0.41524321 0.89622313 0.56315058 0.39345476 0.76136619 0.24806787 0.55450928 0.11880835 0.36764356 0.55477351 -0.11964942 0.28631672 0.69507068 0.27238968 0.40051565 0.72810197 -0.0901147 0.27935758 0.838687 0.3457475 0.45392266 0.89537203 -0.27461621
0.31056628 0.38486627 0.3490589 0.49477544 0.38703528 0.07895825 0.20288901 0.41394326 0.61973941 0.57072479 0.40278876 0.27030128 0.27310616 0.41764554 0.92863369 0.56312269 0.39480659 0.78257644 0.24828407 0.5543443 0.12640864 0.36813712 0.55472851 -0.12725927 0.28634036 0.69505781 0.29128253 0.40056229 0.7280587 -0.09276598 0.27936038 0.8384409 0.38151687 0.45395026 0.89537293 -0.27444795
0.3110244 0.38482589 0.38450488 0.49633557 0.38601705 0.07786038 0.20280647 0.41256517 0.64789289 0.57077134 0.40419331 0.26040632 0.27145809 0.42250949 0.95076168 0.57661664 0.40557215 0.78195244 0.24875358 0.55400753 0.13388017 0.36989513 0.55460495 -0.13474272 0.28816324 0.69545537 0.29637972 0.40092355 0.72816759 -0.09246685 0.27935806 0.83840626 0.4041222 0.45394951 0.89538085 -0.24929219
0.31114751 0.38474485 0.3886224 0.51992267 0.38122272 0.07521093 0.20275879 0.41233522 0.65568626 0.57109451 0.40532076 0.25624993 0.27045515 0.42300123 0.97325623 0.575113 0.40999463 0.78220928 0.24890424 0.55391687 0.13724191 0.37140033 0.5545513 -0.13809206 0.28815576 0.69558585 0.29002571 0.40201107 0.72842425 -0.08901875 0.27936193 0.83844888 0.39276877 0.45392692 0.89541614 -0.2227333 
0.31123558 0.38455102 0.38126349 0.52235389 0.38136303 0.07989787 0.19988987 0.41322601 0.66541612 0.57095492 0.40797779 0.26597747 0.26720232 0.42292538 0.9963482 0.57457 0.4058719 0.77432746 0.24897647 0.55401969 0.13556521 0.37142697 0.55451989 -0.13640849 0.28813991 0.69598365 0.28405696 0.40430757 0.72842246 -0.08768371 0.27936026 0.83856928 0.37445399 0.45389789 0.89539361 -0.22335856
0.30984151 0.38467449 0.38023403 0.50791496 0.38156101 0.08097507 0.20032015 0.41610774 0.6469776 0.57754898 0.40734807 0.25782803 0.26827067 0.42210737 0.96250737 0.57123852 0.39018622 0.69215053 0.248973 0.55426151 0.12704889 0.371378 0.55436784 -0.12781534 0.28813425 0.69610351 0.21748912 0.40620571 0.72815478 -0.08517554 0.27940214 0.83887976 0.25108138 0.45386785 0.89535618 -0.22866742
0.30671045 0.38532275 0.35420117 0.49741822 0.38164809 0.07258802 0.2003497 0.42080736 0.61813074 0.57410067 0.40697405 0.23871742 0.26906675 0.43919122 0.91731703 0.56695426 0.38319823 0.67641377 0.2484791 0.55495757 0.12095546 0.37098801 0.55430055 -0.12173251 0.28825235 0.69677049 0.20247038 0.40823725 0.72701687 -0.08198471 0.27966323 0.8392095 0.23159219 0.45387468 0.89512664 -0.22909881
0.3046118 0.38531736 0.33900166 0.49290252 0.38035855 0.055762 0.20022857 0.42138016 0.59715456 0.597615 0.3974562 0.23327547 0.27391371 0.4288128 0.8950212 0.56313616 0.37789398 0.69703203 0.24793255 0.55547935 0.11814637 0.3709527 0.55420458 -0.11890801 0.28833312 0.69698459 0.1850853 0.40961733 0.72641087 -0.08528115 0.27969629 0.83944458 0.18509646 0.45385972 0.89478201 -0.2498859 
0.30319303 0.38491133 0.36873889 0.48858896 0.37837872 0.04934207 0.19972199 0.42409194 0.63126808 0.59307605 0.39505035 0.17074175 0.2891621 0.41841009 0.92281544 0.55434608 0.37255579 0.53381801 0.2478573 0.55563778 0.12135039 0.37008584 0.55420107 -0.12201615 0.28833708 0.69696385 0.17641476 0.41023123 0.72614706 -0.12125473 0.27927759 0.83908695 0.14210604 0.45342416 0.89435178 -0.33999375
0.30334333 0.38417998 0.36684522 0.48811334 0.37800094 0.00241607 0.19915824 0.42534241 0.65071827 0.5526619 0.3918848 -0.07336513 0.29400402 0.41214466 0.96736372 0.54906517 0.36929232 -0.00963262 0.2478579 0.55563694 0.13156964 0.3695507 0.55412328 -0.13213596 0.28833067 0.69690895 0.18891908 0.41050041 0.72591388 -0.1454739 0.2789 0.83861607 0.16839637 0.45282447 0.894095 -0.3755109 
0.30377585 0.38308382 0.39478928 0.48778483 0.37782282 -0.03191227 0.19924541 0.42625818 0.70998484 0.52639985 0.39185241 -0.10720769 0.29718214 0.41090584 1.01609397 0.54435194 0.36705744 -0.02150698 0.24790393 0.55557942 0.15346402 0.36873335 0.55395412 -0.15402482 0.28833058 0.69684386 0.21271093 0.41047052 0.72589487 -0.17782687 0.27865136 0.83831429 0.21332645 0.45247114 0.89400154 -0.383589 
0.30383566 0.38268977 0.4081386 0.48700032 0.37750179 -0.02334991 0.19771691 0.42688408 0.71741325 0.51568449 0.39143494 -0.09989665 0.29612869 0.41061932 1.0161804 0.54192889 0.36685988 -0.028554 0.24797617 0.5555585 0.15698692 0.36788601 0.55369276 -0.15755823 0.2883158 0.69667619 0.21339293 0.41044775 0.72579938 -0.17386042 0.27858454 0.83819199 0.22163634 0.45217344 0.89391273 -0.36890802
0.3039276 0.38259047 0.4152315 0.48591512 0.37743601 -0.01136903 0.19753167 0.42756501 0.72715133 0.52163422 0.39163345 -0.05272676 0.29494375 0.40967643 1.02755845 0.54234552 0.36647996 0.06281029 0.24815555 0.55555832 0.15636489 0.36755532 0.55345052 -0.15695797 0.28830272 0.69661611 0.20119593 0.41047522 0.72580242 -0.17329609 0.2784875 0.83813751 0.19993928 0.4519597 0.89383334 -0.37405813
0.30394849 0.38259017 0.40949908 0.4860729 0.37752306 -0.00302296 0.19753224 0.42773601 0.71368384 0.52714539 0.39180005 -0.01455787 0.29415649 0.40942642 1.0112294 0.54259133 0.36566782 0.14418305 0.24834946 0.55555475 0.15390137 0.36742628 0.55309862 -0.15451132 0.2882854 0.69658256 0.19339681 0.41045168 0.72580516 -0.1672806 0.27847877 0.83805847 0.18568794 0.45174327 0.89374942 -0.36996576
3.03993344e-01 3.82746160e-01 4.09046948e-01 4.85899359e-01 3.77946407e-01 -7.97334651e-04 1.97288260e-01 4.27802563e-01 7.06981182e-01 5.29996157e-01 3.80347192e-01 4.69192527e-02 2.93585747e-01 4.08689499e-01 9.71079409e-01 5.40816009e-01 3.64210606e-01 3.57125670e-01 2.48420581e-01 5.55655420e-01 1.52008489e-01 3.67172569e-01 5.53067863e-01 -1.52636170e-01 2.88283706e-01 6.96471572e-01 1.91232160e-01 4.10473049e-01 7.25863338e-01 -1.60958260e-01 2.78467029e-01 8.37973297e-01 1.83151022e-01 4.51546311e-01 8.93616438e-01 -3.63426387e-01
0.30445203 0.38277498 0.40403903 0.48593807 0.37907413 0.00256277 0.19681187 0.42794564 0.70303041 0.52825862 0.38068911 0.04639046 0.29224125 0.40738752 0.96545899 0.54051387 0.3643108 0.29198426 0.24861789 0.55575871 0.15080963 0.367156 0.55321282 -0.1514471 0.28822657 0.69646728 0.19137093 0.41039023 0.72597754 -0.15804715 0.27846554 0.83794385 0.17953651 0.45144066 0.89340937 -0.3632963 
0.30447415 0.38278526 0.35114643 0.48606256 0.38003397 0.00576658 0.19540629 0.42778224 0.62236047 0.52877069 0.37845737 0.13240905 0.29029545 0.40405762 0.89566344 0.53896099 0.36248633 0.48847118 0.24868509 0.55574358 0.14001387 0.36712489 0.55326092 -0.14069054 0.28810948 0.69646239 0.1783352 0.40976962 0.72595721 -0.13342234 0.27849618 0.83793014 0.13009675 0.45141774 0.89334518 -0.36289427
0.30347723 0.38279396 0.34051988 0.48536348 0.38024199 0.0069516 0.19273485 0.42814773 0.60831356 0.54161072 0.3859736 0.12755258 0.28787595 0.40259635 0.88688171 0.53710663 0.36218932 0.47699648 0.24875808 0.55570471 0.13610739 0.36711845 0.55333769 -0.13678235 0.28804734 0.69633251 0.17364946 0.40909985 0.72574747 -0.12662853 0.27856293 0.83789152 0.13108458 0.45138174 0.89328009 -0.35167894
0.30178189 0.38279465 0.34512234 0.48544443 0.38025919 0.00634615 0.18466887 0.42977995 0.62003958 0.54120946 0.39424592 0.07408691 0.2874001 0.4029209 0.89015406 0.53698242 0.36289343 0.31253421 0.24873878 0.55537778 0.13623579 0.3667669 0.5533036 -0.13691962 0.28771004 0.69695628 0.17226838 0.40860999 0.72535837 -0.12796986 0.27871275 0.83829963 0.14813533 0.45136321 0.89316553 -0.32888886
3.00182521e-01 3.82756501e-01 3.50615621e-01 4.85505164e-01 3.80444676e-01 9.04302986e-04 1.81276828e-01 4.30254042e-01 6.28315151e-01 5.43084025e-01 3.96364331e-01 7.61531442e-02 2.87341833e-01 4.05905902e-01 9.09286976e-01 5.36290646e-01 3.62948537e-01 3.76333684e-01 2.48720407e-01 5.55377662e-01 1.36377543e-01 3.66761059e-01 5.53616941e-01 -1.37059927e-01 2.87222713e-01 6.97915673e-01 1.75987929e-01 4.07918245e-01 7.25358069e-01 -1.25516668e-01 2.78897017e-01 8.38791072e-01 1.52441725e-01 4.51209396e-01 8.92982125e-01 -3.07750523e-01
0.29867145 0.38274765 0.3536264 0.48512053 0.38116017 0.00168492 0.18147328 0.43063462 0.63263488 0.54290539 0.39723665 0.08335388 0.28725252 0.40788826 0.91491103 0.53590912 0.36340281 0.38926756 0.24864279 0.5554617 0.13555948 0.36675581 0.55418044 -0.13621795 0.28693068 0.69924396 0.17805575 0.40701762 0.72547221 -0.12248471 0.27907163 0.83913189 0.15743181 0.45117864 0.89285773 -0.29292297
0.2985585 0.38277176 0.38553813 0.48479044 0.38160351 0.01356985 0.18131857 0.43156421 0.66934234 0.52415079 0.40080717 0.0203004 0.28721675 0.40824601 0.96701378 0.5357675 0.36357674 0.15131898 0.2483473 0.55565637 0.1386233 0.36655128 0.55457979 -0.13919863 0.2867564 0.70029676 0.18939324 0.40638006 0.72621125 -0.12316658 0.27907816 0.83917004 0.20901772 0.45116708 0.89284867 -0.29340869
0.29872313 0.38268882 0.40492362 0.48418844 0.38160402 0.01563856 0.18180071 0.43164128 0.70238209 0.51319373 0.40254295 -0.01106451 0.28774303 0.40907681 0.9978016 0.535882 0.36439607 0.09240244 0.24813345 0.55567586 0.14313123 0.36604545 0.55467123 -0.14365233 0.28660697 0.70076489 0.20399383 0.40602425 0.72650111 -0.13114168 0.2790961 0.83917069 0.23792629 0.45116878 0.8928262 -0.29919598
0.29921019 0.38273716 0.41042474 0.48414838 0.38167837 0.01544984 0.18225411 0.43156996 0.70866984 0.51621604 0.40218243 -0.01494137 0.28837791 0.4108381 1.00544477 0.53565991 0.36460635 0.11186294 0.24795778 0.55569386 0.14657751 0.36550677 0.5546779 -0.14710562 0.28651845 0.7008692 0.20447609 0.40586171 0.72667718 -0.13682677 0.27915582 0.83916813 0.23062481 0.45117649 0.89280736 -0.30201143
0.29924345 0.38291451 0.41268626 0.48401234 0.38168702 0.01210762 0.18308553 0.43160516 0.71240795 0.51789212 0.40049598 0.00609593 0.28473437 0.41476089 1.00599742 0.5353002 0.3646163 0.18749352 0.24750338 0.555776 0.14875002 0.36474791 0.55467206 -0.14930715 0.28644025 0.70143223 0.20451269 0.40583682 0.72674137 -0.13889803 0.27930301 0.83926541 0.22709616 0.45122439 0.8927806 -0.30361965
0.29930517 0.38300994 0.40813264 0.48403779 0.3817116 0.00617097 0.18637271 0.43163186 0.70988089 0.51976943 0.39995554 0.01004485 0.29299563 0.4150109 1.00079453 0.53504342 0.36472452 0.23104183 0.24635428 0.55626863 0.14953849 0.36453411 0.5554598 -0.15011263 0.2862266 0.70212305 0.21179412 0.40583202 0.72683114 -0.13879037 0.27943096 0.83930027 0.24597509 0.45127043 0.89274561 -0.29766214
0.29726371 0.38371098 0.39087173 0.48422208 0.38221124 0.00635869 0.18643647 0.43308014 0.68542838 0.52806324 0.39958048 0.1483302 0.28826806 0.41620716 0.96381438 0.53336108 0.36464164 0.56866765 0.24422054 0.55661607 0.1487295 0.36417595 0.55608499 -0.14933337 0.28603536 0.7028085 0.2111522 0.40578917 0.72707748 -0.13248269 0.27943975 0.83929217 0.24444322 0.4512814 0.89271516 -0.28402102
0.29622942 0.38425013 0.37918693 0.4842335 0.38306361 0.01171603 0.18694559 0.43417901 0.67005205 0.52950329 0.400107 0.18437675 0.29292592 0.41614345 0.946657 0.53262275 0.364678 0.61203223 0.24301438 0.5572564 0.14603329 0.36384577 0.55689132 -0.1466435 0.2855024 0.70328087 0.21186782 0.40535489 0.72711843 -0.13245234 0.27944654 0.83930933 0.25038606 0.45127732 0.89269382 -0.28780612
0.29447979 0.38501042 0.35196817 0.48443818 0.38382232 0.02044435 0.18810944 0.4340542 0.62368226 0.54370999 0.40153259 0.23554271 0.28934041 0.41606241 0.91359657 0.53115952 0.36476544 0.72322953 0.24153809 0.55723464 0.13659589 0.36372867 0.55699974 -0.13722429 0.28479469 0.70328313 0.2111419 0.40379646 0.72704995 -0.1195481 0.2794483 0.83931023 0.24433094 0.45128021 0.89264148 -0.27772778
0.29354751 0.38568336 0.33883658 0.4845252 0.3852554 0.0362864 0.18817024 0.43399841 0.60782754 0.5542683 0.40240058 0.26716429 0.28916997 0.41602188 0.91025406 0.5304082 0.36482221 0.77539992 0.24070022 0.55725271 0.12948269 0.36377501 0.5582186 -0.13014407 0.28405532 0.70329529 0.21143892 0.4019919 0.72736722 -0.11632551 0.27940619 0.83921903 0.24341761 0.45126984 0.89263171 -0.27467817
0.29327777 0.38668579 0.3272109 0.48431969 0.3861331 0.05273585 0.1880236 0.43397385 0.5766173 0.56139773 0.40365893 0.28042835 0.28843445 0.41598192 0.87900597 0.52907532 0.36487347 0.7793622 0.24065736 0.55675834 0.11953676 0.36382306 0.55817622 -0.12018212 0.28357044 0.70339477 0.18920839 0.39970407 0.72733116 -0.11214672 0.27941975 0.8394044 0.19547638 0.45125628 0.89263493 -0.26766914
0.29307389 0.38778111 0.30900645 0.48403364 0.38680413 0.04843538 0.18829335 0.43371752 0.55272371 0.56658381 0.40335354 0.26404682 0.28830147 0.41595137 0.85012442 0.52828217 0.36406034 0.75249469 0.24056411 0.55664414 0.11615283 0.3637864 0.55815679 -0.11684644 0.28296539 0.70340705 0.18808363 0.39868289 0.72732294 -0.0994396 0.2794041 0.83946395 0.18170343 0.45125276 0.89263088 -0.25884223
0.29314601 0.38824067 0.29845127 0.48403773 0.38721848 0.05322355 0.1901256 0.43296516 0.54122436 0.57175934 0.40197712 0.28032148 0.28834397 0.41622227 0.84859937 0.52644402 0.36347178 0.78406566 0.24054189 0.55664337 0.11156216 0.36362129 0.55815691 -0.11230445 0.28282192 0.70361006 0.18921633 0.39838079 0.72732848 -0.0847398 0.27948496 0.83973801 0.17645694 0.45125118 0.89263409 -0.25464183
0.2944712 0.38823459 0.31345662 0.48405382 0.38715401 0.06061322 0.19167155 0.43187696 0.56944412 0.57219905 0.39713201 0.28886229 0.29004845 0.4162403 0.87115347 0.52658397 0.36244938 0.80761981 0.24092308 0.55632424 0.11212888 0.36363387 0.55788845 -0.11286326 0.28279203 0.70466584 0.18994507 0.39800051 0.72726911 -0.09067179 0.27981988 0.84001011 0.18236758 0.45124027 0.89264983 -0.25937572
0.29543713 0.38810965 0.35684451 0.48058358 0.38396117 0.06666351 0.19958377 0.43122923 0.59093446 0.56924129 0.39663747 0.28097248 0.29298234 0.41638562 0.87576157 0.52700537 0.36220172 0.79884058 0.24261543 0.55424225 0.11366776 0.36300674 0.55356383 -0.11436413 0.28283855 0.70441639 0.17785841 0.39782771 0.72570777 -0.11518849 0.28062132 0.84014904 0.1580351 0.4512431 0.89264774 -0.29776815
0.2992903 0.38718858 0.36695278 0.47989213 0.38236219 0.0535541 0.19977252 0.43140566 0.59371138 0.508865 0.39011508 0.24294558 0.29713079 0.41759041 0.83051997 0.52735436 0.362261 0.75096822 0.2445063 0.55427152 0.1154386 0.36282709 0.55261773 -0.11605484 0.28320679 0.70428735 0.1719704 0.39849025 0.72536367 -0.11990377 0.28134358 0.84055769 0.15151361 0.45108932 0.89265895 -0.2963452 
0.29990253 0.38580665 0.34597194 0.48187509 0.38098213 0.03309117 0.20032021 0.43091109 0.57542807 0.52007186 0.39010793 0.21054199 0.29833573 0.41839948 0.81878936 0.52743375 0.36116505 0.73296106 0.2455402 0.55429655 0.11634682 0.36417428 0.55272305 -0.11696917 0.28709066 0.70413864 0.17009553 0.40197849 0.72547984 -0.10147506 0.28194684 0.841129 0.14044088 0.45100942 0.89265907 -0.28214923
0.30293879 0.38396034 0.34585547 0.48328292 0.38070229 0.04415794 0.20049164 0.4302834 0.58058709 0.50111848 0.38615122 0.21069816 0.30490786 0.41582334 0.82904106 0.52806407 0.35932925 0.67537528 0.24903229 0.55414653 0.11662462 0.36746028 0.55276865 -0.11722391 0.28884721 0.7031166 0.16052459 0.40383595 0.72568345 -0.10192987 0.28210095 0.8413676 0.14298891 0.45095709 0.89264446 -0.27517962
0.30615845 0.38111126 0.3479127 0.48541978 0.37854481 0.04111284 0.20163354 0.42925006 0.57954723 0.49971154 0.37836963 0.18307059 0.3062568 0.41475356 0.79748785 0.529257 0.35911033 0.61458397 0.25421029 0.55383229 0.11782491 0.3716819 0.55233067 -0.11837857 0.29052055 0.70175964 0.17721392 0.40618205 0.72586411 -0.10293096 0.28226274 0.84146225 0.18950391 0.45086366 0.89266181 -0.26658002
0.30881256 0.37907758 0.36561009 0.48635626 0.37749174 0.04030243 0.20141241 0.42875427 0.58209985 0.4948979 0.38064909 0.18444291 0.3067635 0.4127737 0.79357046 0.53067505 0.35921139 0.6243332 0.25943488 0.55356282 0.12394533 0.37374252 0.5517261 -0.12444039 0.29083222 0.70061594 0.19343047 0.40824383 0.72578472 -0.1130456 0.28226414 0.84204334 0.21362536 0.45085886 0.89245313 -0.26965043
0.31186253 0.37735307 0.36688513 0.49035424 0.37742132 0.02884011 0.20264448 0.42815968 0.59511375 0.49592748 0.38104916 0.14437053 0.30789453 0.41027927 0.80140448 0.53261334 0.35908061 0.52274787 0.26484269 0.5529024 0.13044956 0.37817994 0.55170232 -0.13092653 0.29163659 0.69976437 0.20222288 0.41037348 0.72579426 -0.12352991 0.28026384 0.84203899 0.22715627 0.45086992 0.89234287 -0.28659004
0.31500217 0.3761676 0.36521208 0.49290106 0.37691203 0.04122502 0.203832 0.42653209 0.59785861 0.49775583 0.38090768 0.09903019 0.30490103 0.40162009 0.8509236 0.53426915 0.35866997 0.35091674 0.26772889 0.55266339 0.13020612 0.38071784 0.55169666 -0.1306998 0.29153457 0.69934291 0.20122138 0.41490451 0.72732705 -0.12355044 0.27945536 0.84184366 0.21786207 0.45085171 0.89244658 -0.28877878
0.31672272 0.37503442 0.35064965 0.49459013 0.37672886 0.06935197 0.20894536 0.42290196 0.58872491 0.49774858 0.38082552 0.18268739 0.30220819 0.39517009 0.84738833 0.53537989 0.35807931 0.43729067 0.26903871 0.55228478 0.12209299 0.38404474 0.55168474 -0.12260609 0.29145512 0.69845551 0.17015962 0.41526824 0.72736412 -0.12293573 0.27922994 0.84154379 0.16645941 0.45077595 0.89269942 -0.29011866
0.3178252 0.3746323 0.35034654 0.49666527 0.37651601 0.0810992 0.21245089 0.42088288 0.59261966 0.51389652 0.38257366 0.14480922 0.30184719 0.39322132 0.88148028 0.53632033 0.35736749 0.38462418 0.27084562 0.55205512 0.11882334 0.38644728 0.551669 -0.11933144 0.29138723 0.69708091 0.16267979 0.41711515 0.72766209 -0.12742759 0.27868611 0.84066707 0.15722166 0.44987208 0.89316636 -0.3134461 
0.3186045 0.37459645 0.3642157 0.49735701 0.37592453 0.0737304 0.2148613 0.42132697 0.60611838 0.52263671 0.38676003 0.14605728 0.3036727 0.39579028 0.88224506 0.53798437 0.35717887 0.46733546 0.27181759 0.55206269 0.11899885 0.38686502 0.55166972 -0.119511 0.29133371 0.69695765 0.16580766 0.41862971 0.72767121 -0.12682465 0.27850983 0.84066576 0.16109949 0.44982386 0.8935591 -0.30885404
0.31837118 0.37482834 0.37044415 0.49713382 0.37518886 0.06983097 0.21676828 0.42176199 0.61050099 0.5342871 0.38879886 0.1924786 0.30028465 0.40240559 0.87880599 0.53990775 0.35650316 0.59813833 0.27207765 0.55183959 0.11928434 0.38696289 0.55131125 -0.11980175 0.29147583 0.69696987 0.16472057 0.42138559 0.72770351 -0.1266041 0.27759194 0.84058052 0.15070708 0.44935969 0.89361268 -0.31001401
0.31854343 0.37492812 0.37396884 0.49754119 0.37486255 0.07281099 0.21766831 0.42300025 0.61393416 0.53419846 0.39454731 0.19153485 0.30328014 0.40423885 0.88482141 0.54146129 0.35624358 0.53042209 0.27160022 0.5517115 0.11946218 0.38694054 0.55123508 -0.11998238 0.29151416 0.6970287 0.16411234 0.42169383 0.72784442 -0.12649591 0.2775642 0.84048861 0.14971155 0.4492431 0.89365453 -0.30885783
0.31829947 0.37505054 0.39197639 0.49908668 0.37479889 0.06928526 0.21736714 0.42440027 0.66127503 0.50654161 0.39425281 -0.00312036 0.30509204 0.40603882 0.96660924 0.54542375 0.3577303 0.05211911 0.27085373 0.55167156 0.12752928 0.38655341 0.55122447 -0.12802687 0.29150406 0.69716549 0.17447731 0.42169434 0.72783351 -0.13366361 0.27699029 0.84050834 0.17644258 0.44916987 0.89397043 -0.31479478
0.31820518 0.37514979 0.39731458 0.49990043 0.37514749 0.06734239 0.21696045 0.42552885 0.66216236 0.50380945 0.38980073 0.07458986 0.30660966 0.40706781 0.9599582 0.54547596 0.36021388 0.30365849 0.26947683 0.55199778 0.13310742 0.38650119 0.55166 -0.13365 0.2914412 0.69747633 0.17688198 0.4214603 0.7275455 -0.13511114 0.27694899 0.84050846 0.17707831 0.44927263 0.8939445 -0.31602022
0.31739226 0.3758553 0.40607575 0.4998903 0.37561378 0.06715527 0.21568939 0.42687061 0.66881943 0.49488989 0.39053616 0.09232863 0.30648258 0.40761214 0.9654569 0.54552621 0.36267218 0.333395 0.26806086 0.55231416 0.13830559 0.38574597 0.55206931 -0.13886154 0.29126874 0.69793993 0.18738258 0.4212653 0.72754467 -0.13635498 0.27691078 0.8405149 0.19732764 0.4492628 0.89389026 -0.31394842
0.3160387 0.3776311 0.4006905 0.49979836 0.37627542 0.06151808 0.21303686 0.42782027 0.65761131 0.50433052 0.40348482 0.13960589 0.29690823 0.4116666 0.94552344 0.54527873 0.36295381 0.47932789 0.26614514 0.55283815 0.14028679 0.38335446 0.5522393 -0.14083402 0.29104793 0.69778419 0.19109797 0.4211677 0.72755396 -0.13647136 0.27666593 0.84040391 0.20331882 0.44934323 0.89396441 -0.31378442
0.31537607 0.3793546 0.40800676 0.49913812 0.37666333 0.06120916 0.21284269 0.43121651 0.66968364 0.49458069 0.40259582 0.08502993 0.29242337 0.41585073 0.96055716 0.54523796 0.36370772 0.28260836 0.26453957 0.55302316 0.14319776 0.38075137 0.55223984 -0.14371507 0.29022518 0.69730252 0.19394857 0.42099193 0.72754967 -0.14890045 0.27643991 0.84015793 0.21005164 0.44940713 0.89409196 -0.32918027
0.31535032 0.38043496 0.42254487 0.49904418 0.37779394 0.06096203 0.21069992 0.43366581 0.69390768 0.49088496 0.40168968 0.05092627 0.2867198 0.41642755 0.99360657 0.54514211 0.36559311 0.20025969 0.26302961 0.55306166 0.14781559 0.3787199 0.5522446 -0.14832619 0.28956208 0.69712615 0.20753567 0.42020792 0.7275787 -0.16058972 0.27615437 0.83970851 0.23599599 0.44945613 0.89412004 -0.34222746
0.31468359 0.38187006 0.41340962 0.49886328 0.37899655 0.0591184 0.20957768 0.43474147 0.6829713 0.5117439 0.40380925 0.02872113 0.28780869 0.41391322 0.97860771 0.54511017 0.36544228 0.13475652 0.26160231 0.55302054 0.14645284 0.37711319 0.55229509 -0.1469731 0.2883822 0.69711369 0.19432236 0.41919824 0.72759229 -0.15755002 0.27587694 0.83924288 0.21457762 0.44949409 0.89413059 -0.34057668
0.31378198 0.3832022 0.34876129 0.4947803 0.38058311 0.04872095 0.21060051 0.43625838 0.60449451 0.53705001 0.40271494 0.12164961 0.28835794 0.40958279 0.8942374 0.54525256 0.36531973 0.40200189 0.2613219 0.5530284 0.13474292 0.37671223 0.55300796 -0.13526516 0.28666148 0.69716048 0.16096295 0.41518518 0.72825521 -0.148747 0.2760205 0.83924878 0.13659759 0.4495419 0.89440578 -0.33620229
0.31320527 0.38460186 0.32149893 0.49314907 0.38281614 0.04514773 0.21022514 0.43715242 0.5674814 0.5407564 0.40233222 0.14089742 0.28856361 0.40784982 0.85820061 0.54502267 0.36541134 0.42064741 0.26024005 0.55362529 0.12719037 0.37630224 0.554995 -0.12771697 0.28561574 0.69731098 0.16314612 0.41260707 0.72858357 -0.13817964 0.27622998 0.83874154 0.13983913 0.4496296 0.89446229 -0.33540642
0.31267858 0.3864302 0.30638531 0.49283984 0.38508958 0.04122454 0.2095376 0.4376227 0.55021876 0.53645533 0.38981578 0.16214444 0.28810209 0.4072974 0.83970821 0.54486322 0.36534312 0.47509935 0.25874758 0.55418247 0.12196565 0.37580943 0.55616796 -0.12250837 0.28489128 0.69731838 0.16197549 0.41027692 0.72845322 -0.12603348 0.27647474 0.83849233 0.12057587 0.44963872 0.89433771 -0.33648446
0.31150275 0.38766474 0.32087213 0.49250647 0.38613236 0.04063985 0.20819749 0.43807185 0.56236589 0.53399211 0.38925231 0.13516662 0.28219366 0.4060199 0.84954149 0.54468888 0.36550421 0.35244778 0.2566151 0.554658 0.12227405 0.37489989 0.55730796 -0.1228048 0.2848874 0.69756466 0.16281815 0.40885586 0.72829396 -0.12327985 0.27647838 0.8384195 0.12999539 0.44974184 0.89420789 -0.33048621
0.30984667 0.38901937 0.32759979 0.49197087 0.38748163 0.04453751 0.20481232 0.43903908 0.57070124 0.53240776 0.38973439 0.20818961 0.28240302 0.40714386 0.85577631 0.5444836 0.36596429 0.56299865 0.25263575 0.55541289 0.12032952 0.37345302 0.55897391 -0.12083771 0.28409877 0.69824517 0.14790067 0.40834787 0.72845715 -0.12384453 0.2765334 0.83842361 0.11659425 0.45016372 0.89451849 -0.31997162
0.30925235 0.38994285 0.35380372 0.49170023 0.38804334 0.04461502 0.20306592 0.44002086 0.61518079 0.53278029 0.38892823 0.1926842 0.28358385 0.40896708 0.9007951 0.54437989 0.36695608 0.5231449 0.24911268 0.55631143 0.12553547 0.37077543 0.55995786 -0.12601672 0.28266862 0.69903302 0.15358217 0.40711218 0.72848403 -0.13634497 0.27653188 0.83849359 0.13023587 0.45063826 0.89464706 -0.33429593
0.30908132 0.3906073 0.39840022 0.49147564 0.38920423 0.05743141 0.20375063 0.44225559 0.66448069 0.53204137 0.38925567 0.15976007 0.28397104 0.40942463 0.95532238 0.54488969 0.36912781 0.35146442 0.24621081 0.55706531 0.13123666 0.36738801 0.56138605 -0.13169752 0.2792289 0.70190871 0.16044386 0.40402874 0.7290892 -0.14708811 0.27687946 0.83895242 0.15311165 0.45069164 0.89458662 -0.33691722
0.30908385 0.39123023 0.39234233 0.49211204 0.39160421 0.07975856 0.20364276 0.44440863 0.6499871 0.53882921 0.40930802 0.17094676 0.28437248 0.40996331 0.94062358 0.54481733 0.37096781 0.37241271 0.24298011 0.55764425 0.13038249 0.36646202 0.56317228 -0.13083573 0.27765691 0.70451373 0.16156474 0.39951748 0.72914636 -0.14415984 0.2770004 0.83902103 0.16047032 0.45092127 0.89458752 -0.3133119 
0.30843928 0.39263877 0.39321929 0.49188724 0.39339587 0.10285796 0.20311418 0.44660953 0.64293456 0.53808647 0.40782136 0.2340105 0.28441575 0.41238371 0.9356848 0.54476416 0.37330562 0.53574508 0.2423172 0.55767304 0.12763245 0.36552933 0.56319088 -0.12808575 0.27710047 0.70466977 0.17371823 0.39457548 0.72920454 -0.143462 0.2770907 0.83931977 0.19304886 0.45107737 0.8945564 -0.30111104
0.30769503 0.39467922 0.38852242 0.49177262 0.39552325 0.12456839 0.20306574 0.44853553 0.639615 0.54799026 0.42029351 0.28163201 0.28363344 0.41318473 0.93353069 0.54314578 0.37407571 0.63591731 0.24172361 0.55764776 0.12201301 0.36284885 0.56313109 -0.12247907 0.27578148 0.70613414 0.17568785 0.39110145 0.73002285 -0.13316058 0.27709502 0.84047437 0.19831061 0.4518238 0.89456379 -0.27665141
0.30763382 0.39689443 0.3753351 0.48946664 0.39788434 0.13257848 0.20308049 0.45010984 0.61202192 0.54602045 0.42799595 0.30581018 0.28376392 0.41426304 0.9272815 0.5419271 0.37584835 0.68071783 0.2413258 0.55701846 0.11186387 0.36044449 0.5629577 -0.11225655 0.2733542 0.70592409 0.16625628 0.38941553 0.73041403 -0.1202897 0.27711636 0.84049952 0.19159454 0.45321137 0.89456993 -0.24708755
0.30737659 0.3979266 0.36499217 0.48701856 0.40040991 0.14734663 0.20310046 0.45078358 0.60292411 0.54465485 0.43415752 0.33850655 0.28389549 0.41414291 0.92689347 0.54081833 0.3775118 0.74113774 0.24041152 0.55701369 0.10296956 0.35768816 0.56335711 -0.10333131 0.27205124 0.7082485 0.15619271 0.38670942 0.73059672 -0.10914189 0.27722225 0.84092587 0.18843631 0.45393544 0.89459878 -0.23373097
0.30760434 0.39859888 0.36105761 0.48589885 0.40125448 0.15323971 0.20301327 0.45051447 0.60215497 0.54645169 0.42961809 0.34913972 0.28376511 0.41405535 0.93295014 0.54054964 0.37853092 0.75874221 0.24012864 0.55702609 0.09711666 0.35560736 0.56390607 -0.09745354 0.25598165 0.70312881 0.15670933 0.38515496 0.73140889 -0.11015019 0.2770884 0.84073895 0.18845871 0.45429268 0.89484566 -0.2493107 
0.3075268 0.39941624 0.35045162 0.48554853 0.40195456 0.14167987 0.20319955 0.45192787 0.59886211 0.53930992 0.41110963 0.34906134 0.28377551 0.41623229 0.93305796 0.53921825 0.37934887 0.78745067 0.239329 0.55746239 0.09908659 0.35386637 0.56462586 -0.09943234 0.25967434 0.71023184 0.16067131 0.38569894 0.73282897 -0.10623203 0.27641305 0.84123069 0.19616856 0.45464781 0.89614314 -0.23957115
0.30755851 0.39992857 0.35006386 0.48529544 0.40169436 0.11033847 0.20479421 0.45219332 0.60054362 0.53469479 0.40533656 0.31383982 0.28563562 0.41774318 0.9289484 0.5392251 0.37965009 0.72854221 0.23620102 0.55779755 0.1072657 0.35265961 0.56452459 -0.10762123 0.26249951 0.71010566 0.17846045 0.38535643 0.7332446 -0.10645287 0.27496025 0.84104174 0.2120177 0.45473742 0.89735723 -0.24960189
0.30737087 0.40069756 0.37538689 0.48534054 0.402468 0.09003615 0.20494765 0.45349044 0.63918418 0.52995217 0.40546781 0.29285619 0.28601518 0.42093137 0.95256066 0.53920692 0.38163453 0.68699574 0.23148867 0.55826318 0.12501194 0.350297 0.56441098 -0.1254279 0.26345044 0.71074188 0.18301649 0.38899833 0.73419297 -0.11129612 0.27412906 0.84152412 0.21546391 0.45381328 0.8980037 -0.25430766
0.3073951 0.4020879 0.40596455 0.48514873 0.40478164 0.05158786 0.20451662 0.45359665 0.67491126 0.52403706 0.40588349 0.14958587 0.28140199 0.42066288 0.95775157 0.54320526 0.38671196 0.41563842 0.22498654 0.56047285 0.14975534 0.34614128 0.56563038 -0.15034065 0.26757371 0.71039307 0.21117137 0.39857495 0.7355758 -0.11203376 0.27331632 0.84117979 0.24974693 0.45107853 0.89772522 -0.25673795
0.30693957 0.40581962 0.42147526 0.48517659 0.40875617 0.05174359 0.20175162 0.45449436 0.71290183 0.52267623 0.40618002 0.15181629 0.27904657 0.42115766 1.02041364 0.54489434 0.38932699 0.44057211 0.21643077 0.56573421 0.16160595 0.33774474 0.57211596 -0.16242124 0.27518815 0.71035004 0.2967447 0.40574464 0.73506206 -0.10780679 0.27334395 0.84079635 0.35588363 0.44998816 0.89657652 -0.27729577
0.30693895 0.41023535 0.37015158 0.48518896 0.41081193 0.02057086 0.20084816 0.45754966 0.67921013 0.548859 0.42608306 0.20715345 0.28020409 0.42543203 0.99065846 0.53936404 0.39010781 0.7055285 0.2116802 0.5719769 0.16117971 0.33166867 0.57845932 -0.16211528 0.27794418 0.70957363 0.33552599 0.42299956 0.72853827 -0.07809233 0.27334362 0.84072345 0.31086197 0.45091346 0.89286649 -0.34454772
0.3068082 0.41713917 0.37083617 0.48602882 0.41551507 0.0117877 0.19845486 0.46382409 0.67026436 0.55270308 0.42522299 0.21149457 0.29157192 0.43474969 1.00587332 0.53892332 0.39658222 0.70225364 0.2093164 0.57865918 0.16639857 0.3265163 0.58327132 -0.16736536 0.28262216 0.71023005 0.36589956 0.44151467 0.72589463 -0.08392955 0.2751376 0.84117168 0.36093807 0.45154104 0.892259 -0.35937169
3.06160301e-01 4.23125565e-01 4.10415709e-01 4.86463368e-01 4.21268344e-01 2.76066101e-04 1.98463574e-01 4.70640659e-01 7.32946038e-01 5.38315356e-01 4.51251507e-01 1.20667242e-01 2.91350782e-01 4.46169019e-01 1.07544327e+00 5.39177537e-01 4.07948822e-01 4.29735214e-01 2.04012901e-01 5.83410501e-01 1.77154914e-01 3.23174983e-01 5.86379647e-01 -1.78013414e-01 2.86354870e-01 7.10623026e-01 3.70044112e-01 4.51356024e-01 7.22734511e-01 -7.49155656e-02 2.76199192e-01 8.42083812e-01 3.96080643e-01 4.52713072e-01 8.91929686e-01 -3.36716622e-01
0.30522263 0.42827219 0.40847719 0.48886594 0.42746079 -0.00401566 0.19848087 0.47407255 0.70382506 0.52046674 0.44132996 0.13146734 0.29259866 0.45077753 1.04719532 0.53923225 0.41826278 0.50319606 0.19981986 0.58732074 0.18322733 0.32182586 0.58983785 -0.1842393 0.29016128 0.71049154 0.4990049 0.45736229 0.71934426 -0.04664195 0.27676511 0.84234244 0.50069344 0.45470905 0.89103281 -0.32703483
0.30560505 0.43148664 0.38734463 0.49234512 0.43261451 -0.03422553 0.2033423 0.47638264 0.68642026 0.52194029 0.44406685 0.15252292 0.30259532 0.45159152 1.0052706 0.53990144 0.42840046 0.62667906 0.19706614 0.59207791 0.18601067 0.32061926 0.59175128 -0.18720278 0.29062513 0.71128094 0.5223065 0.46621734 0.72037965 0.02039952 0.27916756 0.84261268 0.51745415 0.45597136 0.89109212 -0.18614478
0.30828997 0.43637931 0.38730571 0.49250308 0.43603477 -0.02328332 0.20647848 0.47913879 0.65253687 0.52928394 0.4446243 0.12761079 0.30904061 0.46647707 0.94208294 0.53983414 0.43311563 0.53661728 0.19684285 0.59576058 0.18382645 0.3160179 0.592143 -0.18503536 0.29106659 0.71335495 0.52207989 0.47001931 0.71876997 -0.01554104 0.28258583 0.84326345 0.43589991 0.45695442 0.89026451 -0.31225112
0.30860585 0.44346187 0.37143651 0.4937917 0.44232187 -0.0359067 0.21802823 0.47632143 0.59409499 0.54497558 0.44754526 0.08116679 0.30789593 0.47896251 0.84722996 0.54260683 0.44201383 0.45575929 0.19430837 0.60190028 0.1833211 0.31103966 0.59509254 -0.18460543 0.29103935 0.71591401 0.51129419 0.47199047 0.71629411 -0.02158514 0.28273976 0.84535193 0.40851167 0.45703891 0.89018971 -0.32230997
0.31360778 0.44914442 0.3502543 0.49802646 0.44877878 -0.08116425 0.2259616 0.47313228 0.59133941 0.55677521 0.45137575 -0.03978072 0.30230322 0.46709284 0.89155197 0.54875523 0.44882849 0.22798747 0.19226445 0.60732061 0.1855296 0.31239974 0.60217094 -0.18688224 0.29005894 0.71821296 0.54077202 0.46711361 0.7209028 0.02868445 0.28268689 0.84537596 0.46023646 0.45706379 0.89023876 -0.21759266
0.31388628 0.45515427 0.33400181 0.5039736 0.45656458 -0.05413031 0.22322312 0.48625666 0.57135093 0.55435556 0.45853683 0.02238957 0.305105 0.46702054 0.86743343 0.54844725 0.45255098 0.54680216 0.18832451 0.61062014 0.18322062 0.31082827 0.60828751 -0.18440063 0.28942195 0.71792799 0.54304761 0.47777569 0.72258002 0.04605885 0.28273666 0.8451286 0.43105304 0.4574343 0.89036304 -0.20487279
0.31369796 0.46425727 0.31021515 0.51146448 0.46317539 -0.04970816 0.22646224 0.50344533 0.36929303 0.56505853 0.46159807 -0.07775841 0.27372187 0.54950255 0.46886018 0.54425359 0.45548487 0.15958707 0.18837741 0.61406738 0.1784481 0.31153333 0.6116783 -0.1801288 0.28922135 0.71928328 0.61617196 0.48474583 0.71912491 0.06364761 0.28174844 0.84506434 0.44229314 0.45748168 0.89046246 -0.20481504
0.31356922 0.47366276 0.32475731 0.51045567 0.47179815 -0.04257147 0.23400959 0.50679511 0.44020405 0.5718118 0.4702436 0.01293928 0.27459109 0.53159779 0.59671563 0.5422079 0.45965859 0.34215671 0.18754917 0.61952406 0.17777796 0.31236628 0.6168015 -0.17928639 0.28901184 0.71891916 0.62168652 0.49358255 0.7166872 0.04543239 0.28136525 0.8428694 0.43423715 0.45751157 0.89079779 -0.26321331
0.31471267 0.47747713 0.31688884 0.5124616 0.47954616 -0.04846537 0.22754064 0.50927007 0.37627432 0.56895494 0.47633967 -0.04446715 0.27420485 0.5453434 0.47515258 0.54160309 0.46739939 0.22675085 0.18624002 0.62419957 0.17766535 0.31202617 0.62190449 -0.17902742 0.29116377 0.71984279 0.69341779 0.49483666 0.71766412 0.0396371 0.28113392 0.84190589 0.5063982 0.45689002 0.89293063 -0.27738801
0.31487644 0.482483 0.29319084 0.52840763 0.48413482 -0.05287487 0.24064057 0.51883698 0.3558225 0.57639408 0.48509243 -0.01500239 0.27651206 0.55182499 0.46275249 0.5383774 0.46966699 0.30708775 0.18549849 0.62980145 0.17408533 0.31250164 0.62927473 -0.175695 0.2956534 0.7199406 0.7180739 0.49726614 0.71773362 0.06354522 0.28099486 0.83707553 0.52967674 0.45622122 0.89304554 -0.26795387
0.31505385 0.48872593 0.28268453 0.53160465 0.49520758 -0.07193408 0.22602119 0.52822512 0.39861026 0.57328182 0.49791989 0.00955428 0.27691832 0.5460217 0.58049434 0.5362826 0.48025161 0.36471182 0.18421277 0.6355933 0.1739382 0.31264013 0.63794541 -0.17551762 0.30073681 0.71988994 0.7475788 0.49884886 0.71876758 0.0313798 0.28127065 0.83081752 0.58223671 0.45457876 0.893363 -0.34736061
0.31502858 0.49529582 0.28923336 0.52792341 0.49959239 -0.06486026 0.19103971 0.53751737 0.30896974 0.57820785 0.50195062 -0.01267491 0.2357357 0.57873851 0.36189121 0.53535575 0.48678786 0.30186546 0.18342599 0.64101738 0.17280494 0.31616634 0.64514333 -0.17448315 0.30682701 0.7185899 0.81544793 0.49920294 0.71832538 0.00877193 0.28166598 0.82944363 0.6362201 0.45443544 0.89340991 -0.39485493
0.31518352 0.50077832 0.29784915 0.52564687 0.507038 -0.0611608 0.18126009 0.54632938 0.35902202 0.57735139 0.54088467 0.06657954 0.21852352 0.581568 0.46496662 0.53432637 0.49983013 0.51877278 0.18285808 0.64720988 0.18030728 0.31595415 0.65264839 -0.18189262 0.32337499 0.71813482 0.8457734 0.50069135 0.71846384 0.01032001 0.28450376 0.82841307 0.72186702 0.4552044 0.89308524 -0.35156649
0.31639418 0.50587523 0.25858819 0.52539319 0.51514447 -0.08394525 0.18417448 0.55169672 0.34212318 0.57708031 0.55671763 0.07893532 0.22658075 0.57710445 0.48129246 0.53123766 0.50624079 0.54139787 0.18201338 0.65448833 0.1795537 0.31378406 0.65899265 -0.18110225 0.32302377 0.71907753 0.84021932 0.50111806 0.71858323 0.01194538 0.28568053 0.82831198 0.7155171 0.45901972 0.8930847 -0.33508879
0.31633154 0.51458025 0.2275198 0.52441895 0.52414101 -0.07647368 0.17765665 0.56167471 0.24818836 0.58314008 0.53558642 0.08356712 0.18800394 0.60828453 0.33073622 0.52872491 0.50940967 0.52890605 0.17934595 0.66207337 0.17094111 0.31282762 0.66497773 -0.17251144 0.32023868 0.72313559 0.83562243 0.50260729 0.71870881 -0.00749553 0.28602374 0.82906896 0.76526952 0.46092132 0.89257389 -0.32956535
0.31648594 0.51825655 0.2516275 0.52378947 0.53418136 -0.07121494 0.17384218 0.56207013 0.38640422 0.53840333 0.5592134 0.13097791 0.22634062 0.57395613 0.59632313 0.52877355 0.52072448 0.60403693 0.17614523 0.665519 0.1687953 0.28285742 0.68065709 -0.17020734 0.31810987 0.71536976 0.84291935 0.50306207 0.71942371 0.08578099 0.28612122 0.82858056 0.76479232 0.46133253 0.89256865 -0.20264415
0.31681615 0.52310979 0.2612406 0.52176756 0.53891695 -0.05721569 0.17612317 0.56443888 0.38055074 0.54784799 0.55458385 0.11879692 0.2312351 0.58766907 0.55271983 0.52988052 0.526824 0.57834637 0.17640169 0.66990113 0.16586944 0.28269291 0.68706095 -0.16732387 0.31681105 0.71465689 0.82606304 0.50281018 0.72043741 0.07198736 0.28606996 0.82896513 0.72629946 0.46114668 0.89268178 -0.33281809
0.31925604 0.52978152 0.306115 0.5201928 0.54530931 0.01123094 0.19684295 0.57066196 0.46839422 0.55024117 0.55686444 0.18252611 0.26859909 0.5876568 0.70147109 0.53886169 0.53371072 0.6470142 0.17685284 0.67563736 0.14751355 0.287141 0.69401091 -0.14922896 0.31652907 0.71098858 0.81401134 0.5059374 0.72046775 0.07133131 0.28658152 0.82505918 0.50645804 0.46098801 0.89235198 -0.40405187
0.31738666 0.5351724 0.27534366 0.51790869 0.5534246 0.00865545 0.19183998 0.58129537 0.38581356 0.56107962 0.56458634 0.15813212 0.26730195 0.59269971 0.60582751 0.54149467 0.54226083 0.58661336 0.17713401 0.67964005 0.1342424 0.2895776 0.70147461 -0.13592675 0.31614834 0.71173108 0.83780831 0.50658292 0.72120678 0.07541838 0.28655452 0.82202244 0.52458191 0.46093556 0.89193779 -0.42566171
0.32206032 0.53936648 0.2767438 0.51789719 0.55812538 0.00436447 0.19483402 0.58042419 0.4085044 0.56138045 0.56972641 0.17125952 0.26490274 0.5873757 0.64633626 0.54280174 0.54439348 0.62011385 0.17721032 0.68500304 0.13876095 0.28871173 0.70574778 -0.14037614 0.32036424 0.71189314 0.81682444 0.51758486 0.72129917 0.06737696 0.28661597 0.82261932 0.48738357 0.46085778 0.89190692 -0.43193573
0.32471859 0.54764897 0.34387699 0.51765394 0.5617708 0.04538665 0.24841602 0.57983047 0.50680566 0.56239235 0.57504469 0.23165154 0.29925725 0.56975901 0.77453363 0.54470909 0.54888517 0.69426286 0.17727648 0.69098532 0.14109458 0.29238096 0.70330209 -0.14257294 0.33293179 0.7115398 0.77171934 0.52203351 0.72151315 0.03221765 0.28367114 0.81402844 0.37588048 0.46188372 0.89174676 -0.52550918
0.32794562 0.55150604 0.34279364 0.51762289 0.57089412 0.09691859 0.23714755 0.58978736 0.53575188 0.56121725 0.59145409 0.30320579 0.29431346 0.5693652 0.81297672 0.55861342 0.56083512 0.75673032 0.17790911 0.6940167 0.13685502 0.2928704 0.71283555 -0.1382412 0.34330645 0.70572323 0.7759288 0.52740878 0.72348863 -0.00703207 0.28781074 0.81547344 0.4665758 0.46201989 0.89190567 -0.52530742
0.33096462 0.5543347 0.29418674 0.51739717 0.58340305 0.06463217 0.22918327 0.59415758 0.4917143 0.55055928 0.6371718 0.28857327 0.29256445 0.56935781 0.75240815 0.55187082 0.56899327 0.7799899 0.17799976 0.69948453 0.13378736 0.28652263 0.72507554 -0.13516672 0.35487416 0.69450033 0.78373861 0.53088212 0.72727126 0.05749719 0.28870651 0.81061435 0.50315481 0.46238911 0.89361215 -0.40049982
0.33284 0.55855471 0.28630111 0.51213449 0.58746266 0.04776947 0.22753699 0.60425186 0.49692559 0.51761419 0.62536269 0.26330784 0.33446589 0.57223445 0.77377158 0.55444938 0.57951665 0.75769103 0.17977151 0.70461953 0.13129029 0.28515816 0.7290715 -0.13264936 0.35609582 0.6961813 0.80854464 0.53431815 0.73154187 0.05752026 0.28863546 0.80827421 0.54568863 0.46018046 0.89651138 -0.39732996
0.33584988 0.56281209 0.28798285 0.50901848 0.59631127 0.06667274 0.22708397 0.60741127 0.51377648 0.49482355 0.63526791 0.30292484 0.31621832 0.57605988 0.81311238 0.55596036 0.59070724 0.80799484 0.17989941 0.70938963 0.13009076 0.28173006 0.73808986 -0.13148725 0.3522689 0.69818342 0.8365317 0.5380227 0.73462933 0.07899574 0.28854313 0.80893832 0.59603822 0.4592821 0.89750457 -0.36007488
0.3412784 0.56606865 0.25430307 0.50926447 0.60572886 0.08110683 0.22527237 0.61328369 0.4981207 0.47966874 0.65030849 0.32703802 0.30841771 0.57920742 0.78486311 0.55632204 0.59792328 0.81839591 0.1809064 0.71236163 0.11785552 0.28289732 0.7465601 -0.11931416 0.35256755 0.69881451 0.83494288 0.54100162 0.73632461 0.11243284 0.28772679 0.80977589 0.58809447 0.45489451 0.89862144 -0.28364781
0.34433812 0.57094991 0.25890371 0.50946003 0.61015934 0.086637 0.22441307 0.6209268 0.49095735 0.47716063 0.65960592 0.31825054 0.30543235 0.58523846 0.76756233 0.56182998 0.60562378 0.78603059 0.18157373 0.71786678 0.1127378 0.28408042 0.75358802 -0.11422183 0.35252973 0.71695399 0.82316715 0.5445773 0.73892373 0.18093204 0.28747842 0.81399429 0.58596575 0.45503673 0.89872015 -0.17863797
0.34872308 0.57586098 0.23171927 0.51027507 0.61754107 0.09786297 0.22403835 0.6285916 0.45895603 0.47097993 0.66701096 0.33747658 0.30310357 0.59019256 0.75700414 0.56188732 0.61999017 0.80345476 0.18416798 0.72381586 0.10322998 0.28541169 0.75963587 -0.10467517 0.35698533 0.71615392 0.79514831 0.54994637 0.73933202 0.17097512 0.28516847 0.81410295 0.58636153 0.45500153 0.89905608 -0.17755719
0.34974083 0.58113587 0.21743718 0.5103839 0.62127936 0.08981128 0.22449596 0.63435936 0.44864389 0.47622126 0.6743868 0.31854531 0.30187395 0.59603733 0.72345018 0.56206894 0.62318212 0.72771001 0.1900032 0.72707832 0.10202115 0.28591171 0.76304549 -0.10339275 0.36924723 0.71915561 0.739618 0.55052626 0.73886645 0.1760872 0.28405699 0.81414884 0.55742514 0.45496646 0.89497846 -0.12215845
0.35184416 0.58627713 0.27741691 0.51763749 0.61741108 0.08271691 0.22545953 0.63876981 0.51103264 0.47335711 0.67799342 0.30886754 0.30179471 0.59967744 0.74749482 0.56426132 0.62419432 0.71077019 0.19501628 0.73166943 0.10562563 0.28625703 0.76543182 -0.1071106 0.37554386 0.72254199 0.74859148 0.55099106 0.73915005 0.14884372 0.28305689 0.81449986 0.5478192 0.4582164 0.89244276 -0.20044392
0.3524754 0.58979964 0.27718645 0.52187598 0.61733824 0.07658978 0.22513302 0.6415416 0.49901134 0.47665045 0.67946255 0.29908404 0.30171555 0.60335058 0.72960019 0.56740421 0.62767327 0.69964945 0.19772907 0.73214746 0.1084488 0.28649545 0.76565415 -0.10989139 0.3718788 0.7282055 0.74111784 0.55013222 0.73983818 0.14997737 0.28192717 0.81717521 0.55020058 0.4581863 0.89186084 -0.15462756
0.35275629 0.5912382 0.27462393 0.52532226 0.61910307 0.07954765 0.22506174 0.64264995 0.4935582 0.47947201 0.67963153 0.29084465 0.30242723 0.60577637 0.72573793 0.56792182 0.62980247 0.69723004 0.19817561 0.73353326 0.10868738 0.28663611 0.76823211 -0.11012282 0.36958998 0.72910857 0.73893499 0.54895586 0.74159259 0.17302993 0.28222752 0.82061183 0.54626709 0.45791471 0.89162701 -0.1283112 
0.35611844 0.59308463 0.26354322 0.53040051 0.62040401 0.06675088 0.22627796 0.641101 0.4912402 0.47489241 0.68365747 0.24854513 0.30491731 0.60909766 0.71663141 0.56925994 0.63413173 0.64605182 0.1987267 0.73498416 0.10989772 0.28682438 0.76936269 -0.11132613 0.37072676 0.73334414 0.73378754 0.55090892 0.74154311 0.16920646 0.28244236 0.82340628 0.54646921 0.45768777 0.89171481 -0.11918355
0.35610911 0.59454614 0.27671906 0.53276157 0.62244046 0.03955607 0.23346168 0.64091885 0.51243472 0.47574413 0.67937058 0.23153032 0.35723576 0.61351287 0.76105255 0.5691514 0.63473326 0.66478187 0.19957145 0.73768616 0.11802723 0.28683931 0.76737684 -0.11937558 0.3742528 0.73496449 0.74054444 0.55106735 0.7416808 0.15991558 0.28382379 0.82674402 0.55217928 0.45645314 0.89172292 -0.15050448
0.35838673 0.59406775 0.30510998 0.53254575 0.6197266 0.01865797 0.24189931 0.64107245 0.54749632 0.46901035 0.67522812 0.21050783 0.39925086 0.61404437 0.82118386 0.56341088 0.63590163 0.66969573 0.19922248 0.73819911 0.13166183 0.28699628 0.76793963 -0.13297909 0.37557849 0.73989564 0.77139187 0.55284745 0.74226803 0.14269973 0.28421295 0.82778901 0.57601511 0.45645648 0.89172608 -0.18076783
0.35867578 0.59402275 0.31626171 0.53183383 0.61784148 0.01126084 0.23985972 0.64084446 0.55019087 0.46668151 0.6733247 0.18410252 0.38720351 0.61623102 0.82608795 0.55754972 0.63343889 0.6236372 0.19894767 0.73708689 0.13572486 0.28749216 0.76582539 -0.1369608 0.38388148 0.73727441 0.78415966 0.55604237 0.74201816 0.10406832 0.28515106 0.8271504 0.57850438 0.45667499 0.89172691 -0.27768898
0.35745934 0.59203172 0.30666688 0.53137684 0.61703366 0.01084356 0.23559029 0.63910031 0.53836346 0.46947441 0.67291009 0.20111039 0.36891621 0.6178447 0.8098132 0.55284929 0.63022113 0.66265231 0.19643824 0.7357775 0.13550663 0.28691059 0.76471823 -0.13683234 0.38210416 0.73596591 0.83282351 0.55535144 0.7421304 0.11058291 0.28511471 0.82672155 0.63393414 0.45672035 0.89175683 -0.25612104
0.35340515 0.59151769 0.30628324 0.52932817 0.61101639 -0.00605281 0.23514524 0.63853002 0.53081161 0.46990219 0.67015672 0.18244109 0.3800317 0.61528087 0.804474 0.54934883 0.62999451 0.6487807 0.19652036 0.73474002 0.13590004 0.28683671 0.76343167 -0.1371742 0.38641065 0.73551792 0.78169292 0.55195814 0.74140537 0.09064116 0.2867339 0.82658046 0.60359931 0.4567433 0.89177984 -0.2573593 
0.35249415 0.58885723 0.30499095 0.52438188 0.60656726 -0.00394926 0.22624181 0.6326862 0.54313338 0.48060533 0.65579528 0.20985648 0.29651469 0.60044974 0.81790352 0.54450178 0.61824644 0.67544848 0.19639872 0.73435104 0.14089268 0.28655374 0.76040232 -0.14211014 0.3863312 0.73413008 0.7263971 0.54798985 0.7402277 0.04076461 0.28697222 0.82561642 0.61938864 0.45676276 0.89179444 -0.25695854
0.3503499 0.58286381 0.30681473 0.51817846 0.59961373 -0.01885543 0.23128621 0.62412953 0.55781776 0.5024358 0.65615457 0.16198947 0.29868314 0.60561246 0.8531031 0.54220742 0.6123904 0.60673928 0.19624463 0.72926003 0.14949015 0.28454861 0.75268805 -0.15066163 0.38926065 0.73356777 0.69736171 0.53910995 0.74016249 0.04942206 0.28650028 0.82233649 0.55491215 0.45657375 0.89228952 -0.25330615
0.34127742 0.57769048 0.30296382 0.51712787 0.59368795 -0.01086836 0.2213567 0.62267482 0.47192973 0.55068809 0.64469552 0.17263596 0.28208748 0.62709451 0.69503379 0.54270673 0.60047054 0.61998999 0.19560021 0.72148436 0.14924905 0.28456965 0.74286312 -0.15059276 0.38770232 0.73225367 0.7157405 0.53000683 0.74015808 0.09169952 0.28400174 0.81731123 0.47706553 0.45657828 0.89229661 -0.23892918
0.33758622 0.57346696 0.2741636 0.51229876 0.58914202 -0.01821554 0.21959607 0.62187117 0.48288608 0.54054278 0.63964647 0.18225086 0.2958723 0.62710816 0.73084503 0.54091591 0.59108007 0.68414253 0.19227619 0.715321 0.14872494 0.28173497 0.73716617 -0.15007795 0.38658369 0.7298305 0.72523141 0.52431697 0.73866761 0.09270746 0.28138968 0.81418127 0.51219052 0.45631692 0.89183199 -0.23505695
0.33249453 0.57076329 0.27563393 0.50702566 0.58569551 -0.02138159 0.21396323 0.62074053 0.48197982 0.53027922 0.63281512 0.17136484 0.29023951 0.63641268 0.72056329 0.54057974 0.58801705 0.66218817 0.1896157 0.71444869 0.1490026 0.27682012 0.73296934 -0.15027927 0.38788062 0.72511172 0.67116642 0.52661169 0.75017148 0.07696471 0.28090161 0.81409228 0.49563384 0.45632508 0.89160526 -0.21017666
0.3222779 0.56915855 0.30873498 0.50349766 0.58119297 -0.0179536 0.20261599 0.61583817 0.47759455 0.53412431 0.62910086 0.17801595 0.24608745 0.63459432 0.67704958 0.53950989 0.58087957 0.67511916 0.18298748 0.7116006 0.15707213 0.27078652 0.72509646 -0.15840349 0.38399386 0.72391427 0.67409122 0.52693993 0.7507779 0.05319233 0.2793839 0.81326699 0.46341026 0.45674977 0.89161032 -0.26087636
0.31855622 0.56426716 0.28940284 0.50427771 0.58018488 -0.03649871 0.19268633 0.61543709 0.43459347 0.53091323 0.63342267 0.16316454 0.22997014 0.63298279 0.62125391 0.53547764 0.57950938 0.65757215 0.17665842 0.7034499 0.16255301 0.26736462 0.72230285 -0.16390589 0.37020111 0.71765512 0.68729252 0.52014452 0.75051278 0.08069418 0.27658981 0.81053764 0.48782286 0.4573797 0.88978279 -0.19700398
0.31829578 0.5607273 0.29229763 0.50510424 0.5766359 -0.0447016 0.19285412 0.60939389 0.47228476 0.52638423 0.63155591 0.15815125 0.2508201 0.62271923 0.68097198 0.53601813 0.57764208 0.64961326 0.17547415 0.70017755 0.16525744 0.26442018 0.71876538 -0.1665585 0.36293879 0.71290714 0.72936392 0.51610315 0.75103545 0.08000808 0.27280027 0.80955637 0.53390896 0.45620245 0.89023703 -0.22669289
0.31501126 0.55765933 0.27380234 0.50486457 0.57528389 -0.04713664 0.18829313 0.60147518 0.43282875 0.52438295 0.63163668 0.15387079 0.24424489 0.60704726 0.63924235 0.53152514 0.57284492 0.62937319 0.17118526 0.69394618 0.1633433 0.26327232 0.71874124 -0.16467181 0.35629892 0.70604295 0.77178472 0.50409591 0.75189286 0.1195934 0.27315074 0.81012434 0.54608923 0.45520684 0.89112568 -0.22845052
0.31699061 0.55551535 0.2701799 0.50123549 0.57291013 -0.03959003 0.18939449 0.60101485 0.44910589 0.52084136 0.63114864 0.16883981 0.24612433 0.60878998 0.64927292 0.52664274 0.56901938 0.66499597 0.17198339 0.69196147 0.15781727 0.26188317 0.71776867 -0.15918911 0.35766351 0.70370793 0.71891701 0.50557411 0.75005358 0.16511077 0.27344441 0.8076669 0.43994531 0.45479721 0.89011276 -0.16175394
0.31828788 0.55346107 0.29016751 0.49878004 0.57026291 -0.04662412 0.19151165 0.59962136 0.49904129 0.49746686 0.63039178 0.14593019 0.25801662 0.61161798 0.73475933 0.52740628 0.5719803 0.60038412 0.17286159 0.68927783 0.1579293 0.25744325 0.71269614 -0.1592188 0.35418785 0.70627439 0.69443452 0.50421625 0.74939364 0.10720026 0.27321684 0.80691147 0.45939404 0.45479798 0.89013726 -0.198011 
0.31873083 0.55248433 0.3137739 0.49677113 0.56766266 -0.05080707 0.20751874 0.59974194 0.54244441 0.49058911 0.62842155 0.1437936 0.31351808 0.60381764 0.8065809 0.52400196 0.5710336 0.59913474 0.17234576 0.68669969 0.15845652 0.25162292 0.70958441 -0.15966599 0.35149097 0.70601547 0.70197457 0.49760482 0.74913496 0.06401667 0.27480191 0.80699021 0.47672075 0.45282817 0.89016765 -0.28278694
0.31816733 0.55079079 0.30356243 0.49674061 0.56887573 -0.04821444 0.19602573 0.60114115 0.5299961 0.45439366 0.6220324 0.14302123 0.30786848 0.60603976 0.77547497 0.52224535 0.57196778 0.57577604 0.17249514 0.68544334 0.1582839 0.25366074 0.70993912 -0.15957546 0.35438502 0.70267367 0.70578277 0.48709351 0.735367 0.03678032 0.27533367 0.80748862 0.48332825 0.44932452 0.89111763 -0.32726395
0.31859979 0.54901499 0.29105565 0.49723679 0.569718 -0.0503719 0.22489564 0.5997082 0.51897639 0.44828829 0.61863559 0.14772604 0.34503964 0.59912556 0.79001713 0.51827973 0.57192147 0.59323394 0.17075506 0.68839943 0.15757535 0.25957635 0.71221858 -0.15874805 0.35729578 0.70405465 0.74513298 0.49206296 0.74874794 0.03054909 0.28095832 0.81250101 0.53047866 0.44821423 0.89155281 -0.36564967
0.326933 0.54800439 0.2621865 0.48749492 0.57580769 -0.04838053 0.22381333 0.597808 0.49361584 0.44419187 0.61892927 0.15883133 0.34770417 0.5809527 0.78278559 0.51544803 0.57050866 0.6018092 0.17059973 0.69003218 0.15598525 0.26070085 0.71337134 -0.15703773 0.36188558 0.70496142 0.73800057 0.49412152 0.75452733 0.01620915 0.28393838 0.81386125 0.5479275 0.44773948 0.89226347 -0.33903012
0.32967785 0.54717702 0.26685381 0.48781252 0.57408434 -0.02403469 0.22740102 0.59052175 0.49353942 0.43273214 0.62076497 0.15547112 0.33438984 0.56823546 0.77252346 0.48753238 0.57213974 0.53644019 0.17072369 0.69052005 0.15594862 0.2606084 0.71500558 -0.15701084 0.36504254 0.70554292 0.73302662 0.49478561 0.75496072 0.03377786 0.28402093 0.8125639 0.58001059 0.44699657 0.89316016 -0.29877725
0.32979196 0.54824913 0.27481219 0.48820585 0.57354397 -0.02330276 0.23997574 0.59190804 0.51071334 0.46908489 0.62090939 0.17489837 0.33497685 0.57834369 0.78248322 0.49507073 0.56742173 0.66148525 0.16965091 0.6976772 0.15374063 0.25314674 0.72375506 -0.1547028 0.37185135 0.71042728 0.71678936 0.49574772 0.74683696 -0.00582249 0.28396854 0.81110901 0.58869475 0.44664198 0.89536709 -0.33657464
0.32977635 0.54856402 0.29073474 0.48727998 0.57366586 -0.03231423 0.3168326 0.59606522 0.54565734 0.47117361 0.62901473 0.17856543 0.39432457 0.57790542 0.82060254 0.49941665 0.56882107 0.72741306 0.16800468 0.70116514 0.15067792 0.25327605 0.73000729 -0.15168044 0.35530329 0.71797365 0.77393913 0.49750084 0.74497563 0.00734483 0.28500172 0.81356591 0.66066629 0.44654614 0.8966254 -0.32264423
0.3297832 0.54877001 0.29153049 0.47437292 0.58124441 -0.05333876 0.31864116 0.59677726 0.56863064 0.44327545 0.63095069 0.17979693 0.40209934 0.57552212 0.86675388 0.5013653 0.57380635 0.74559969 0.1680579 0.7071842 0.1521026 0.25356033 0.73977 -0.15316175 0.34615213 0.71156949 0.78990495 0.50242013 0.74418789 0.08335785 0.28702474 0.81646711 0.6945017 0.44601369 0.89796549 -0.1723415 
0.32972008 0.55165428 0.2221296 0.47053275 0.58931643 -0.11318514 0.29676956 0.60258025 0.50291771 0.41634852 0.64539236 0.13492084 0.39281929 0.57763267 0.83900195 0.49008003 0.58558476 0.70979559 0.17404887 0.71671474 0.15201345 0.26043814 0.75102353 -0.15302725 0.35158533 0.7237581 0.77734619 0.52042621 0.74403465 0.11983347 0.28987101 0.81705403 0.71284366 0.44607243 0.89911783 -0.06832369
0.32717481 0.55648321 0.24009541 0.4846909 0.5883612 -0.09785823 0.30634269 0.61913764 0.50356168 0.43051857 0.64935279 0.13945547 0.41317174 0.57943624 0.82048529 0.49220029 0.59663546 0.69274414 0.18750003 0.72332513 0.14691484 0.27374122 0.75635833 -0.14794849 0.35296863 0.72824878 0.75029373 0.5357669 0.74322677 0.14108364 0.29650933 0.82484633 0.60205239 0.44936875 0.89845532 -0.08495176
0.32767016 0.56028134 0.23611271 0.48686501 0.58683419 -0.09314112 0.30051258 0.63345903 0.48888233 0.43523759 0.65637875 0.10681936 0.40374228 0.58770472 0.78107327 0.49915451 0.59313327 0.5934884 0.20750883 0.73341101 0.13424355 0.29200941 0.76084208 -0.13513902 0.36139277 0.73759693 0.74948061 0.54528767 0.74320233 0.14690562 0.29892761 0.82616603 0.58057481 0.45570624 0.89567953 -0.11702552
0.32767636 0.565476 0.24065365 0.49160641 0.58574522 -0.09116802 0.296891 0.64590043 0.46174154 0.46824944 0.65248001 0.08759094 0.36714366 0.64712822 0.66394287 0.51231861 0.59550637 0.61459458 0.21657167 0.74210852 0.1291927 0.30808419 0.76917434 -0.13028218 0.37379551 0.7506327 0.7618252 0.55561239 0.74895495 0.18618076 0.30328369 0.83078313 0.54922122 0.45905 0.89544678 -0.07293167
0.32834324 0.57221591 0.17511038 0.49324754 0.59521705 -0.1127641 0.28686136 0.65954179 0.34296796 0.47865906 0.66237968 0.05143699 0.29981568 0.68338579 0.49539104 0.51748544 0.60463101 0.60249764 0.22758892 0.754287 0.11663692 0.32162067 0.78596026 -0.11793447 0.37976593 0.75606877 0.80827373 0.58408672 0.75044054 0.2177496 0.30687597 0.8297742 0.63685465 0.46417645 0.88848191 0.02349719
0.32648531 0.57965672 0.11336834 0.49441111 0.59980285 -0.20221405 0.28366017 0.67610538 0.21267359 0.48833284 0.66652757 -0.10289235 0.27515861 0.73398989 0.25546762 0.51782942 0.61009353 0.42130432 0.23830126 0.76486421 0.11963351 0.33595353 0.79715937 -0.12087365 0.38940752 0.76390111 0.79215807 0.59745848 0.75635707 0.22101429 0.31356242 0.83144802 0.69507951 0.46417394 0.88867247 0.18473199
0.32489973 0.5795027 0.14351359 0.48466688 0.59651351 -0.25618371 0.27749026 0.67506707 0.23229654 0.48402053 0.67266268 -0.36735156 0.27496725 0.7330392 0.26512992 0.54250717 0.62253803 -0.16264212 0.24980129 0.76984411 0.13368751 0.34959441 0.79895574 -0.13455088 0.42764792 0.76431668 0.65109009 0.6045897 0.76197207 0.14079656 0.32137462 0.83397609 0.68840593 0.46900162 0.88731569 0.21392949
0.33620143 0.58031237 0.19383313 0.48008439 0.59477013 -0.19526491 0.2883985 0.68017858 0.39773181 0.49074402 0.68825275 -0.11560173 0.31801873 0.69532126 0.60888726 0.54888475 0.63459754 0.2890839 0.25984761 0.77213269 0.13690978 0.3582426 0.79988176 -0.13765246 0.45029438 0.7590546 0.68448973 0.61232191 0.76579267 0.14073412 0.3290554 0.83778477 0.57578963 0.46899155 0.88772905 0.06946647
0.33655953 0.57825005 0.20814672 0.46295509 0.5932349 -0.2908006 0.28812286 0.67552704 0.39524516 0.48948973 0.69492775 -0.17453159 0.31979683 0.67924297 0.49718729 0.56404006 0.67441636 0.29507589 0.26527604 0.77702826 0.15903968 0.35459879 0.79973036 -0.15972668 0.44610888 0.75809371 0.64229512 0.60890567 0.76795644 0.11706161 0.32901654 0.83965737 0.5550999 0.47172639 0.88580132 0.13759054
0.33437634 0.57816499 0.17620958 0.45945448 0.58967555 -0.30476493 0.28709108 0.66775662 0.36922398 0.48439607 0.69866717 -0.23156963 0.32722282 0.67187512 0.46730655 0.58401096 0.67935288 0.13191923 0.26942775 0.77751744 0.16534868 0.35448021 0.79930705 -0.16583908 0.44345573 0.75557745 0.56875598 0.60399747 0.77025896 0.06678151 0.33211437 0.84153479 0.56549311 0.47101936 0.88320249 0.19839893
0.33436823 0.57858831 0.16721864 0.4626908 0.58838564 -0.30048043 0.28610715 0.67327106 0.35727936 0.47730607 0.69831604 -0.24263789 0.34843543 0.67262429 0.476026 0.58996999 0.68772131 0.04263433 0.27041382 0.77616197 0.16695993 0.36209497 0.79596448 -0.16734917 0.43634334 0.75442672 0.61580765 0.5985952 0.77284539 0.08516747 0.32907939 0.8401472 0.71987659 0.47087514 0.88010818 0.28672343
0.35569173 0.57852226 0.12141377 0.45987335 0.5882588 -0.33374593 0.30396792 0.66984475 0.34833008 0.45782551 0.70562255 -0.24121085 0.39126766 0.66732764 0.47094059 0.58261091 0.6821807 0.03796216 0.29535326 0.77139974 0.16940421 0.36592424 0.79366207 -0.16955934 0.43241045 0.75319868 0.5852139 0.56122994 0.79305226 0.10570335 0.32739252 0.8398152 0.82038492 0.47048569 0.8809067 0.42904124
