0. 0. 0. 0. 0. 0. 0. 0. 0. 0. 0. 0. 0. 0. 0. 0. 0. 0. 0. 0. 0. 0. 0. 0. 0. 0. 0. 0. 0. 0. 0. 0. 0. 0. 0. 0. 0. 0. 0. 0. 0. 0. 0. 0. 0. 0. 0. 0. 0. 0. 0. 0. 0. 0. 0. 0. 0. 0. 0. 0. 0. 0. 0. 0. 0. 0. 0. 0. 0. 0. 0. 0. 0. 0. 0. 0. 0. 0. 0. 0. 0. 0. 0. 0. 0. 0. 0. 0. 0. 0. 0. 0. 0. 0. 0. 0. 0. 0. 0. 0. 0. 0. 0. 0. 0. 0. 0. 0. 0. 0. 0. 0. 0. 0. 0. 0. 0. 0. 0. 0. 0. 0. 0. 0. 0. 0. 0. 0. 0. 0. 0. 0.
0.44648427 0.44034263 0.80998188 0.58311039 0.46396467 0.34579563 0.36049873 0.49868518 0.70882225 0.5832094 0.58816433 0.18445036 0.27931347 0.54361761 0.60551804 0.58633769 0.70802027 0.23188852 0.20338942 0.5144912 0.16991951 0.31226632 0.51654655 -0.17095943 0.39034063 0.6463415 0.15241595 0.5121721 0.65125763 -0.14840443 0.31271076 0.78545976 0.02192692 0.4460814 0.81864029 -0.21578148
0.4441542 0.44062474 0.81512058 0.58306742 0.4628714 0.35732988 0.36970517 0.50317401 0.71369463 0.5825454 0.58294356 0.21928324 0.31870985 0.54541004 0.5870952 0.5862605 0.70657086 0.24985608 0.20257854 0.51448256 0.16904673 0.31181034 0.51545352 -0.1700853 0.39075902 0.64640659 0.137004 0.51733577 0.64333022 -0.16025287 0.31417936 0.79458708 -0.0313893 0.44605991 0.81862354 -0.26632008
0.44214544 0.44104916 0.77691644 0.58064139 0.46106428 0.32618272 0.36919892 0.50319827 0.68466765 0.58123261 0.57989246 0.20530494 0.34264117 0.5460301 0.54362136 0.5864948 0.70443529 0.22253443 0.20259224 0.51556194 0.1673644 0.30970427 0.51525331 -0.16835091 0.39074028 0.64643544 0.12608816 0.51980197 0.6308971 -0.15991415 0.31553519 0.79769325 -0.04578404 0.44763905 0.81785351 -0.27407098
0.44042334 0.44180548 0.77694809 0.5791924 0.4603219 0.32870457 0.37136865 0.51069862 0.68853921 0.57975847 0.5789274 0.20429571 0.33955672 0.55118763 0.55850619 0.58639663 0.70281017 0.21768071 0.2014194 0.5170061 0.16526414 0.30901009 0.51536274 -0.16622829 0.39074659 0.64701021 0.12271696 0.52334732 0.6292876 -0.16001959 0.315797 0.7999078 -0.06259843 0.44831339 0.81763023 -0.29128891
0.43671134 0.44192359 0.76430529 0.57845992 0.45983699 0.32479876 0.37106287 0.51099122 0.68611133 0.5786432 0.57829028 0.20396899 0.33280385 0.55188942 0.56531036 0.58588088 0.70001721 0.20715165 0.20150681 0.51773345 0.16116156 0.30953115 0.5154168 -0.16217366 0.39077833 0.64774227 0.12387243 0.52422339 0.63001925 -0.15965854 0.3157838 0.80046856 -0.05493659 0.44899783 0.81735814 -0.28438213
0.43485644 0.44201529 0.7714783 0.57798529 0.45985508 0.32546425 0.37006834 0.5134995 0.69702941 0.57837427 0.57827455 0.20272762 0.32834327 0.55535918 0.59919465 0.58594167 0.69932419 0.20975672 0.1995701 0.51865023 0.16124292 0.3094424 0.51541793 -0.16224743 0.39074033 0.64813399 0.12899438 0.52734458 0.62839955 -0.155727 0.31382176 0.79942715 -0.04314769 0.45066404 0.8172664 -0.2759549 
0.42998263 0.44202289 0.77067733 0.57723129 0.45877278 0.32341883 0.37027925 0.51705617 0.70520943 0.57834226 0.5764122 0.20836762 0.33492047 0.56503212 0.62706739 0.58594894 0.69825155 0.23292819 0.19960772 0.51858371 0.15929481 0.31118888 0.51436818 -0.1602792 0.39020288 0.64810729 0.1412733 0.52758515 0.62856597 -0.14178693 0.31297854 0.79876053 -0.01295311 0.45084351 0.8167637 -0.24931748
0.43062794 0.44094965 0.77358752 0.57725894 0.45790684 0.32522094 0.37137717 0.51588589 0.71475172 0.57858384 0.57532281 0.2199159 0.33239207 0.56364959 0.64461899 0.58669549 0.69734746 0.2641671 0.20257492 0.51506203 0.15845458 0.32314423 0.51044899 -0.15944897 0.38867879 0.64816606 0.14333183 0.53877658 0.62983096 -0.12550879 0.31265488 0.79831576 -0.00315116 0.45636994 0.81271571 -0.20314288
0.4308899 0.43940434 0.77594501 0.57713103 0.45605773 0.32581988 0.37419844 0.5150516 0.71762627 0.57859838 0.5736596 0.21560329 0.33048156 0.56215167 0.63485527 0.58721423 0.6962775 0.25260618 0.20386052 0.51262647 0.15970053 0.32221192 0.50874603 -0.16068187 0.38868573 0.64854681 0.1285888 0.5382852 0.63004088 -0.1279377 0.31843087 0.79856765 -0.02867029 0.46125886 0.81110883 -0.21293518
0.4345139 0.43668801 0.78638053 0.57717162 0.45313644 0.32655233 0.373842 0.50975364 0.72592974 0.57860845 0.57127267 0.20195641 0.31273144 0.55703324 0.63555306 0.58730572 0.69550091 0.23899765 0.20522541 0.50931871 0.16280916 0.32169628 0.50402051 -0.16379586 0.38867494 0.64849752 0.11942348 0.53754056 0.62917912 -0.13037018 0.31808504 0.7985847 -0.03441011 0.46321476 0.81024235 -0.19605112
0.43579841 0.43348324 0.78750598 0.57895273 0.45199779 0.32695726 0.37285078 0.50255311 0.72981131 0.5785594 0.56995887 0.19911399 0.30278885 0.54778796 0.64317518 0.58733159 0.69225019 0.23415223 0.20509677 0.50510329 0.1656144 0.31611601 0.50018024 -0.16659394 0.38866603 0.6462577 0.12327541 0.53261781 0.62892288 -0.13204454 0.31791055 0.79412633 -0.02159826 0.46228126 0.8104201 -0.19305146
0.44143721 0.42751148 0.78680402 0.58144903 0.45039985 0.33567613 0.36109093 0.48739752 0.72806752 0.57847607 0.56809413 0.19823013 0.26999313 0.53208423 0.63819301 0.58744079 0.68923759 0.23558375 0.21203606 0.49509162 0.16757017 0.31606999 0.49562117 -0.168623 0.38860849 0.64491463 0.12883082 0.53372777 0.62929612 -0.13256899 0.31777877 0.7930634 -0.00717827 0.46213937 0.81011945 -0.16991866
0.44330481 0.42472234 0.79388559 0.5846135 0.44996107 0.34042168 0.36146653 0.48351392 0.75364631 0.57860827 0.56536156 0.21926019 0.27960387 0.52836984 0.67316258 0.58738464 0.68634087 0.29569951 0.21387218 0.48665911 0.16797233 0.31817266 0.4898499 -0.16904791 0.38515207 0.64357966 0.12552668 0.53632581 0.62955654 -0.13872567 0.31841099 0.79245436 -0.0209064 0.45733628 0.81022292 -0.18320237
0.44321695 0.42084238 0.81773674 0.58568436 0.44641072 0.35711533 0.35916254 0.48170951 0.77386105 0.578749 0.5623008 0.24066117 0.28049025 0.53228277 0.69907945 0.58719862 0.68372989 0.31884521 0.21332073 0.48173329 0.17133649 0.31854814 0.48518297 -0.17252778 0.38138768 0.64289987 0.15706377 0.54152173 0.62997651 -0.13884979 0.31449443 0.79067922 0.01700483 0.45256057 0.81031567 -0.16822514
0.44355792 0.41940776 0.8232764 0.58573151 0.44645208 0.34390119 0.35235065 0.47251973 0.78226656 0.57913214 0.56172836 0.2367036 0.26624677 0.51446348 0.70768708 0.58804023 0.68139976 0.30657685 0.21299745 0.47869775 0.17791817 0.34465575 0.47773451 -0.17921059 0.38107407 0.64221781 0.1553055 0.54222691 0.63111842 -0.17053349 0.31331208 0.79068321 0.03820932 0.44790909 0.8104068 -0.1615285 
0.44443917 0.41777846 0.82541972 0.5857994 0.44368541 0.3404825 0.34432405 0.46257246 0.77862108 0.57902896 0.55808324 0.23024575 0.24436159 0.50346202 0.70001549 0.58810878 0.67933244 0.30475426 0.21258448 0.47753143 0.18399459 0.33398247 0.47906837 -0.18541043 0.37625301 0.64214438 0.17455724 0.54189956 0.63160318 -0.16755457 0.31052965 0.78998733 0.07155026 0.44780335 0.80903208 -0.13666059
0.44685102 0.41476232 0.82217729 0.58846623 0.44051963 0.34044445 0.33251464 0.45362628 0.77118391 0.57899517 0.55379808 0.22842272 0.21822742 0.49400264 0.69027585 0.58767003 0.67563307 0.30562484 0.21238366 0.47299275 0.18453428 0.32935497 0.4781647 -0.18596756 0.37631452 0.64220059 0.17608695 0.5407725 0.63395339 -0.1670787 0.31501392 0.79040319 0.05758809 0.44472986 0.80924779 -0.14727707
0.44983971 0.41237864 0.8214035 0.58901274 0.43741089 0.3395389 0.34388706 0.46244037 0.77561617 0.57872593 0.54923135 0.23169263 0.25424233 0.50524008 0.69755971 0.58696395 0.67099017 0.31610733 0.21218833 0.46886867 0.18601827 0.32622805 0.47404212 -0.18734454 0.37658799 0.64222056 0.1693958 0.54063457 0.63301098 -0.17878595 0.31269917 0.7893824 0.05050796 0.44207266 0.80862868 -0.15500323
0.45186388 0.40697536 0.81019843 0.58946323 0.43312249 0.32988623 0.34610885 0.4591136 0.77396357 0.57863075 0.54350168 0.20507205 0.25488576 0.50402445 0.68550903 0.58652854 0.66498297 0.27268851 0.21203607 0.46415886 0.18533595 0.32018077 0.47011602 -0.18665233 0.37687895 0.64029938 0.16233604 0.54050213 0.62893689 -0.17804223 0.30948642 0.79002565 0.04457985 0.44755086 0.80279386 -0.15796417
0.45316952 0.40509245 0.80092376 0.58822417 0.43168345 0.32260245 0.34677148 0.45490095 0.76293546 0.57854539 0.54218572 0.18835573 0.27042463 0.49741203 0.67220253 0.58647984 0.65940744 0.23953052 0.21046041 0.46396238 0.18474863 0.3134841 0.46955121 -0.18605322 0.37702507 0.63800031 0.15272711 0.50122046 0.62892091 -0.17010561 0.30843762 0.79315376 0.05087151 0.45089528 0.78372163 -0.12795599
0.45441806 0.40416965 0.81911963 0.5881713 0.42672628 0.35131836 0.35680589 0.45889524 0.78092766 0.57807446 0.53595078 0.22564575 0.30870461 0.50212872 0.6893447 0.58554351 0.65517998 0.2728979 0.21014172 0.4643423 0.1843119 0.31083167 0.46716398 -0.18561034 0.3771331 0.63609588 0.13061583 0.50828964 0.62798977 -0.18547539 0.30838776 0.79314995 0.0383084 0.43826181 0.78589427 -0.15869522
0.45475307 0.40135211 0.829099 0.58791232 0.42345762 0.35300505 0.35802516 0.45728627 0.79153126 0.57792282 0.53166527 0.22328372 0.30334413 0.50465333 0.69423199 0.58485287 0.64994091 0.27300093 0.20798498 0.45860603 0.18454374 0.30740964 0.46124804 -0.18580033 0.37703758 0.63210458 0.127205 0.51205546 0.62542528 -0.18359762 0.31109354 0.79040474 0.03689209 0.43381688 0.78252637 -0.15818603
0.45020473 0.39844689 0.86369365 0.58697182 0.41202396 0.39295331 0.3531526 0.45888415 0.81633067 0.57773781 0.52416104 0.24875559 0.29433098 0.51770383 0.73286694 0.58411902 0.64412248 0.30200368 0.20555025 0.45537528 0.18450226 0.30689088 0.45719537 -0.18577085 0.37338611 0.63111961 0.12550713 0.51399505 0.62058675 -0.19272843 0.31001052 0.78923923 0.0393895 0.42681289 0.78237885 -0.15727176
0.44577229 0.39520893 0.88259602 0.58644819 0.4056448 0.41629905 0.35259128 0.46003437 0.83475375 0.57647753 0.51590544 0.27690256 0.29609916 0.51745439 0.75182629 0.58225197 0.63877696 0.32546002 0.20350523 0.45218962 0.18262345 0.30658922 0.45183155 -0.18392815 0.37078872 0.62954557 0.12571304 0.51332337 0.61743182 -0.19784646 0.30775639 0.78599381 0.04431279 0.42225581 0.78338104 -0.16019535
0.44158077 0.39341405 0.89029157 0.58299106 0.40085405 0.41619587 0.354709 0.46096677 0.84038377 0.57540727 0.51245362 0.27837893 0.31412128 0.51772183 0.74085426 0.58054012 0.63466656 0.33071676 0.2032446 0.4496519 0.18262932 0.3080278 0.44514543 -0.18391602 0.37073413 0.62925893 0.10615601 0.50720733 0.61264491 -0.21372433 0.30772626 0.78578109 0.02545642 0.41773716 0.78418863 -0.19466047
0.43050137 0.3931019 0.87542182 0.57286096 0.39391953 0.40179047 0.38950729 0.48634759 0.83049816 0.57515609 0.50488645 0.28843281 0.41780156 0.56642878 0.74397004 0.58011699 0.62859035 0.35015407 0.2009331 0.45082277 0.17988516 0.30339348 0.4428992 -0.18084791 0.36572015 0.62851053 0.11078982 0.47812009 0.60744983 -0.21122858 0.30910337 0.78597856 0.04855982 0.41791004 0.79659879 -0.20263232
4.27030504e-01 3.91630024e-01 7.95513868e-01 5.68197370e-01 3.90724093e-01 3.43843043e-01 3.94473225e-01 4.91784662e-01 7.72076726e-01 5.74142635e-01 4.99461085e-01 2.64778137e-01 4.17747527e-01 5.73550403e-01 6.92845464e-01 5.79722285e-01 6.21478438e-01 3.39789510e-01 2.00876743e-01 4.52680200e-01 1.73163176e-01 2.93550879e-01 4.44075018e-01 -1.74021244e-01 3.63743305e-01 6.27170801e-01 1.04907997e-01 4.80107337e-01 6.08628988e-01 -2.15284482e-01 3.09348792e-01 7.85254478e-01 -6.80617348e-04 3.95883143e-01 7.90298522e-01 -2.53188133e-01
0.42295411 0.38800517 0.80779338 0.56587082 0.38667217 0.34922388 0.38976088 0.48907498 0.77876043 0.57345581 0.49262124 0.2609351 0.39304808 0.5574261 0.70566398 0.58035171 0.61539096 0.31885654 0.20092946 0.45075044 0.17090937 0.29414129 0.44515648 -0.17169176 0.36019865 0.62343943 0.09913392 0.47294572 0.605479 -0.21923999 0.31120428 0.7841844 0.00390343 0.38868469 0.78611541 -0.25566673
0.42119482 0.38643673 0.75938791 0.56374741 0.38092467 0.30912751 0.40044126 0.4867655 0.75333393 0.57287538 0.48445141 0.24293159 0.44069809 0.55510974 0.69207281 0.58286667 0.60845548 0.30137381 0.20190023 0.44916829 0.1689111 0.29192853 0.43868378 -0.16956978 0.35950723 0.62023085 0.08609241 0.45239249 0.60717136 -0.22659561 0.31362015 0.78428608 -0.04158078 0.38538602 0.78227943 -0.30458415
0.41646126 0.38421816 0.76715356 0.55840689 0.37537432 0.30934182 0.39725846 0.47015312 0.70852411 0.57107633 0.480923 0.22643396 0.40569293 0.51732439 0.55052316 0.5816378 0.60635376 0.2887992 0.20185331 0.44857645 0.16926518 0.28809208 0.43701321 -0.1699592 0.36022913 0.61784607 0.069787 0.4539167 0.60817426 -0.25246784 0.31699747 0.78437769 -0.10504403 0.38468349 0.78054368 -0.3613717 
0.41618925 0.37678325 0.71976906 0.55740178 0.36994478 0.28427172 0.39232355 0.45950276 0.64769429 0.56878167 0.47647628 0.20018062 0.39509365 0.50500369 0.48905832 0.57976621 0.60094905 0.25571778 0.20220739 0.44535604 0.1644886 0.2892442 0.43468657 -0.1653073 0.36153379 0.61642647 0.06869808 0.4531759 0.60716534 -0.24357435 0.31825539 0.78368008 -0.108206 0.38497218 0.77603233 -0.35666713
0.41385591 0.37237713 0.72287101 0.55867326 0.36725363 0.27899551 0.38265711 0.45104346 0.65579402 0.56698912 0.47265822 0.1757033 0.39454103 0.49743855 0.4963136 0.57921243 0.59439093 0.22507729 0.20220679 0.44446871 0.16436787 0.28988612 0.4356451 -0.16524838 0.36162955 0.61691767 0.07083496 0.45503479 0.60734779 -0.24251062 0.31954232 0.78389889 -0.10555232 0.38426325 0.77689618 -0.35642296
0.41500857 0.36578971 0.72613245 0.55554634 0.36150378 0.27630034 0.38078693 0.44138804 0.68066031 0.56382149 0.46670488 0.1814346 0.38789636 0.48815694 0.54431856 0.577057 0.59077936 0.24408656 0.20506249 0.44492719 0.16442853 0.29026812 0.43558213 -0.16531123 0.36594164 0.61389244 0.06678954 0.44555539 0.60777843 -0.2449633 0.32899475 0.78322196 -0.11142229 0.38208765 0.77759302 -0.37429306
0.41355363 0.35734612 0.72504628 0.55331922 0.35705703 0.28917256 0.35597533 0.42781892 0.67312962 0.56103957 0.46093559 0.1864572 0.34920487 0.4765878 0.53775537 0.57184023 0.58591115 0.25078285 0.20835818 0.44462985 0.1581392 0.30636048 0.43521926 -0.15903081 0.36550832 0.61476529 0.05576073 0.44679418 0.60833043 -0.24116945 0.32856056 0.78388375 -0.12024795 0.37922388 0.77822787 -0.37260404
0.41313049 0.35120878 0.72769827 0.55349177 0.35351095 0.29057613 0.32276616 0.41635746 0.60805261 0.55611682 0.45736462 0.15589514 0.28081322 0.46124732 0.40774223 0.56933767 0.57566696 0.18844695 0.2109293 0.44359806 0.15318248 0.31735337 0.43402228 -0.15397497 0.34928364 0.61535639 0.03686288 0.45037398 0.60571486 -0.21873686 0.3249692 0.78701299 -0.10782427 0.41791511 0.79307622 -0.35234749
0.40966362 0.34319046 0.70144778 0.55257356 0.34660551 0.28634506 0.31212577 0.40485048 0.57438606 0.55355167 0.44944328 0.12250976 0.27062133 0.45474529 0.36796257 0.56920379 0.57174611 0.16935228 0.21252321 0.44356743 0.14616409 0.32089892 0.43348035 -0.14693642 0.34819153 0.6158877 0.03768976 0.44998163 0.60438091 -0.20526637 0.32301751 0.78851599 -0.11545449 0.43530983 0.79192883 -0.33948705
0.40577146 0.33808246 0.70978892 0.55161941 0.34354702 0.29149622 0.28851002 0.40629652 0.61016744 0.55182618 0.44542897 0.09868221 0.2251382 0.46493447 0.45135808 0.56828177 0.56349093 0.10994174 0.21340172 0.44371662 0.13827476 0.32641509 0.43252072 -0.13909097 0.33939299 0.61608505 0.03971544 0.45096186 0.60347199 -0.19244012 0.31087345 0.79450202 -0.14906888 0.44378251 0.7927475 -0.35481018
0.40216708 0.33940572 0.70518094 0.55132288 0.34204704 0.29370683 0.30630967 0.41614443 0.62940848 0.55231857 0.43651864 0.12797984 0.26026797 0.47717366 0.53508151 0.56849635 0.55476397 0.16045488 0.21578749 0.44381315 0.12893376 0.33657229 0.43281463 -0.12978114 0.3344934 0.61696178 0.02930992 0.45070243 0.60424715 -0.17949319 0.30920526 0.79579622 -0.13019499 0.44157556 0.79563832 -0.34543389
0.39758107 0.33530748 0.72010547 0.54874462 0.33705303 0.31691116 0.31211129 0.41943011 0.72835296 0.5511269 0.43327793 0.15495868 0.27705604 0.49201006 0.7092073 0.5646252 0.54974556 0.19983044 0.21937418 0.44396845 0.12940034 0.34573558 0.43228659 -0.13018559 0.32566202 0.61751443 0.02216477 0.44924453 0.60778278 -0.16698754 0.30961311 0.7993961 -0.12421367 0.43862724 0.80059916 -0.32749993
0.39651763 0.3288978 0.72177696 0.54923183 0.33339339 0.31843796 0.31204501 0.41943914 0.74644727 0.55088001 0.43558452 0.17376035 0.29450199 0.50448489 0.75223553 0.56386673 0.55167979 0.25695395 0.22103502 0.44403762 0.13266601 0.35898918 0.43192196 -0.1334704 0.32551843 0.6177057 0.05807811 0.4485786 0.61556143 -0.13462283 0.30707899 0.79834682 -0.06358148 0.43924338 0.80758721 -0.31097168
0.39345315 0.3244113 0.66582793 0.54725158 0.32428828 0.23531377 0.31769022 0.42018813 0.73278779 0.55297017 0.43396863 0.12604947 0.35099918 0.50639182 0.70717436 0.56355947 0.5491246 0.25494695 0.22300488 0.44423929 0.13448641 0.35919923 0.43113992 -0.13531008 0.32813165 0.61782992 0.12317266 0.45100585 0.61249071 -0.08960509 0.30747581 0.79794633 -0.05432976 0.44164422 0.80560756 -0.31061539
0.39153129 0.31666571 0.65129972 0.54682535 0.31774014 0.21300159 0.31918362 0.41802931 0.68952656 0.55270642 0.43117425 0.09843888 0.34926403 0.50549853 0.67734873 0.56290144 0.54696751 0.21431226 0.22869197 0.44394454 0.13571103 0.36504066 0.42740241 -0.136474 0.32995176 0.61667156 0.12236548 0.45012975 0.61221325 -0.0767211 0.3054961 0.79753298 -0.02943091 0.44227675 0.80754727 -0.274088 
0.38856754 0.31270945 0.63200676 0.54730022 0.31352228 0.18811223 0.32270077 0.41755265 0.65617573 0.55177957 0.42688623 0.06615764 0.34486261 0.50663364 0.65311188 0.55819845 0.5423345 0.17654619 0.23767017 0.44611937 0.13928472 0.37039936 0.42893299 -0.14014842 0.3330546 0.61745209 0.15356635 0.45185927 0.6205442 -0.0617355 0.30055991 0.79980338 -0.02454279 0.44554904 0.81079358 -0.2820797 
0.38088873 0.30763081 0.81553102 0.54743987 0.30734882 0.31810012 0.31945157 0.41477883 0.81111574 0.55049044 0.42219651 0.13302374 0.33745775 0.50636542 0.76589447 0.5581249 0.5399704 0.24959722 0.24999946 0.45011234 0.15431565 0.38426486 0.43355241 -0.15539329 0.33417851 0.61752856 0.14768021 0.45307839 0.6303665 -0.08970995 0.3007696 0.80372649 -0.02975716 0.44783753 0.81737411 -0.2994307 
0.37832621 0.30244142 0.8253811 0.54698241 0.30048534 0.34200308 0.31995541 0.41205576 0.80707318 0.54621571 0.42042264 0.15771934 0.33764765 0.50586736 0.74801528 0.55768782 0.5351826 0.28366619 0.25591725 0.45052761 0.15458435 0.38438919 0.43857375 -0.1556617 0.33478582 0.61991298 0.1308969 0.45235941 0.6352523 -0.09413316 0.29984754 0.80356079 -0.10493285 0.4466396 0.82403404 -0.36978742
0.37184596 0.29439956 0.81040967 0.54582667 0.29098874 0.33948469 0.3205941 0.40838453 0.78742445 0.54252243 0.41390383 0.16909713 0.34140259 0.50502604 0.72324914 0.55762255 0.52939403 0.3032105 0.25307164 0.45176598 0.15449074 0.37964419 0.44205999 -0.15553488 0.3343299 0.62080693 0.12671225 0.45162678 0.63324893 -0.09941307 0.30121541 0.80298954 -0.11347138 0.44455934 0.82070911 -0.354184 
0.36563146 0.2928603 0.79883868 0.54588556 0.28684077 0.32951084 0.33088332 0.40707871 0.78432846 0.53980649 0.40930411 0.17242287 0.36064267 0.50180465 0.70605099 0.55876374 0.52336764 0.30121219 0.25501877 0.45388299 0.15263022 0.38014701 0.4425405 -0.15363938 0.33457735 0.6224001 0.05753696 0.45201355 0.63165766 -0.10471547 0.30130133 0.8025043 -0.10768448 0.44358334 0.81925923 -0.30789518
0.36129367 0.28591806 0.72069341 0.54562807 0.2800805 0.26078406 0.31681755 0.39439404 0.72155774 0.53722733 0.40162787 0.14993884 0.33440945 0.49460739 0.69665033 0.55844909 0.51918077 0.29428843 0.25480744 0.46063286 0.15910847 0.38162029 0.44980222 -0.16007562 0.33480218 0.62450802 0.06616227 0.45206121 0.63686001 -0.10614061 0.29648319 0.80204219 0.01891526 0.43732661 0.82468915 -0.20016041
0.35602736 0.27918324 0.58777261 0.53815508 0.27595645 0.13206992 0.31745207 0.38860783 0.59670883 0.53653729 0.39512822 0.0565553 0.3459807 0.48639876 0.58250171 0.55799723 0.51256865 0.23381251 0.2623423 0.46049383 0.15961429 0.38589612 0.45525151 -0.16058098 0.33517054 0.62283111 0.07047769 0.4530603 0.63612098 -0.1077111 0.3009195 0.79856956 0.06851435 0.43760529 0.82286561 -0.16669832
0.34932566 0.27813262 0.53735864 0.52887863 0.27060929 0.08782193 0.3195354 0.38755459 0.51228279 0.53650296 0.39050943 0.02462079 0.3661356 0.48518172 0.47951955 0.55781901 0.50784904 0.20016021 0.27388376 0.4647015 0.16365923 0.39204445 0.45891416 -0.16456482 0.33621666 0.62283218 0.12053774 0.45400003 0.63790298 -0.11096284 0.30743593 0.79588538 0.12107939 0.43881711 0.82343382 -0.16190906
0.34406865 0.27463067 0.53736389 0.52327788 0.26592073 0.0650937 0.32651481 0.38264045 0.5127362 0.53471941 0.38734531 0.02195207 0.36674413 0.47388586 0.46554753 0.55787367 0.50158805 0.21025017 0.2764799 0.46395126 0.16976485 0.39549994 0.45978016 -0.17068034 0.33696571 0.62300521 0.13532297 0.45390606 0.6369139 -0.11469478 0.30462286 0.79310727 0.12900978 0.43877205 0.82271081 -0.14351438
0.33924979 0.27149877 0.55396497 0.51895988 0.260914 0.06028664 0.32759854 0.38159916 0.53331006 0.53320652 0.38154107 0.02688467 0.37100822 0.47517359 0.48299545 0.55792344 0.49585429 0.2169387 0.28031892 0.46607733 0.17496459 0.40068033 0.46317914 -0.17584188 0.33718601 0.62366205 0.13749453 0.45415685 0.63742977 -0.12538062 0.30416486 0.79320043 0.12658404 0.43608388 0.82411414 -0.1525508 
0.33386585 0.26990354 0.53364885 0.51590139 0.25721318 0.0864709 0.32107243 0.38143358 0.50062394 0.53038716 0.37587124 0.04101383 0.32481286 0.47389334 0.46493259 0.55748123 0.49340266 0.2067031 0.28599724 0.46517953 0.17392966 0.40422437 0.46233854 -0.17478402 0.33716059 0.62369049 0.13060957 0.45423931 0.63854051 -0.12540624 0.30523726 0.79370654 0.09815457 0.4381783 0.82409161 -0.1524823 
0.3290427 0.26778933 0.52669615 0.51332784 0.25351337 0.0821064 0.31927738 0.37922078 0.51369226 0.52834547 0.37186438 0.03881647 0.32747924 0.46926573 0.48757109 0.55639273 0.49013728 0.19533971 0.28505498 0.46471649 0.17280565 0.40488654 0.46145967 -0.17371839 0.33490101 0.62381071 0.12830099 0.45419288 0.63829267 -0.12694223 0.30652246 0.79391557 0.08676481 0.43947911 0.82440811 -0.16618578
0.32332453 0.26568621 0.54589957 0.50903857 0.24974491 0.0744805 0.31879887 0.37620449 0.54221112 0.5267812 0.36857507 0.03139808 0.32845607 0.46641192 0.50902981 0.55655229 0.48533908 0.1938509 0.28413844 0.46446162 0.17299882 0.40478832 0.46052572 -0.1738687 0.33455589 0.62306327 0.12587394 0.45450902 0.63734096 -0.13268183 0.30624345 0.79350078 0.08265258 0.43980777 0.82402164 -0.175447 
0.32206225 0.26354286 0.47428548 0.50667822 0.24563132 0.01134769 0.31784344 0.37464306 0.47814822 0.52511281 0.3679134 -0.03679483 0.32935423 0.46514037 0.45972049 0.5579192 0.48379257 0.10750606 0.28671473 0.46277872 0.17183156 0.4060359 0.45999584 -0.17261967 0.33459294 0.62306345 0.12444424 0.45569646 0.63826632 -0.11657932 0.30545914 0.79368013 0.08283795 0.44021979 0.8237524 -0.15029691
0.31791267 0.26181361 0.5002768 0.50293112 0.24275844 0.04197399 0.31740758 0.37252229 0.49989301 0.52323401 0.36477315 -0.0123822 0.33089826 0.46587116 0.47623444 0.55862498 0.48054785 0.12989958 0.28802428 0.45988691 0.17146628 0.40597537 0.45711175 -0.17226286 0.33466852 0.62185228 0.13527577 0.45578939 0.63850576 -0.12138419 0.30575696 0.79294598 0.10426172 0.43831074 0.82432294 -0.1627982 
0.31303924 0.25922745 0.43609229 0.49937597 0.24110955 -0.0195865 0.3111836 0.37113649 0.4428533 0.52304393 0.36282471 -0.06778632 0.33164379 0.46162742 0.42804146 0.56132084 0.47688553 0.0649555 0.28944764 0.45952529 0.17119013 0.40730652 0.45703706 -0.17197622 0.33610007 0.62185109 0.14602794 0.45693818 0.63910007 -0.11731153 0.30663535 0.79298133 0.1207336 0.43713453 0.82529163 -0.15280737
0.31045234 0.25650755 0.47204557 0.49802557 0.23788948 0.02081661 0.30878836 0.36674941 0.47267351 0.52117813 0.35978141 -0.02875733 0.32128063 0.46078512 0.46010187 0.56195849 0.47408047 0.10742133 0.28971323 0.4567382 0.17090352 0.40887314 0.45476347 -0.17169344 0.33621228 0.62155563 0.14670756 0.45736876 0.63896614 -0.10693067 0.30636406 0.79561347 0.11639094 0.4375926 0.82553786 -0.13351925
0.30987859 0.25588289 0.43603489 0.49660322 0.23676065 -0.02875469 0.30935144 0.36564937 0.45559752 0.51968801 0.35922292 -0.06634125 0.32301834 0.45656672 0.45391834 0.56195039 0.47092238 0.07801853 0.29141882 0.45567274 0.17085567 0.41023585 0.45333952 -0.17161459 0.33807582 0.62143362 0.1446912 0.45744032 0.63882548 -0.10711084 0.30824187 0.79498738 0.10803892 0.43825451 0.82545853 -0.14490859
0.30579346 0.25544372 0.3592321 0.49479935 0.23431894 -0.09714868 0.30901787 0.36598 0.37293738 0.51902318 0.35577998 -0.12497447 0.32606459 0.45712087 0.36624491 0.56241333 0.46837369 0.03756693 0.29474893 0.45568979 0.17065294 0.41409981 0.45334193 -0.17140874 0.33942714 0.6214112 0.16467945 0.45857173 0.63882565 -0.09872939 0.31242186 0.79540372 0.1513337 0.44063571 0.82550567 -0.11395448
0.30485564 0.25520387 0.39757091 0.49067116 0.23240592 -0.07086777 0.30888784 0.36592558 0.40503097 0.51798195 0.35406983 -0.10758706 0.32668096 0.45784932 0.39155525 0.56359875 0.4657383 0.04331965 0.29587489 0.45524547 0.17085735 0.41587248 0.45181492 -0.17158428 0.34186181 0.62133473 0.16288945 0.45920867 0.63887328 -0.09960035 0.31881744 0.7959196 0.15062113 0.44100749 0.82745606 -0.12836272
0.30539992 0.25311655 0.34968665 0.49205175 0.2290093 -0.15211672 0.30917156 0.36433598 0.3635585 0.51736331 0.35176763 -0.1839574 0.32726792 0.44533271 0.35120574 0.56439769 0.46438798 -0.02713388 0.29775044 0.45499766 0.1772414 0.4162299 0.45120776 -0.17778648 0.34438661 0.62076104 0.18596405 0.46036971 0.63883817 -0.09981862 0.31995177 0.79539669 0.18869427 0.4409793 0.82800221 -0.13267438
0.30532923 0.25014046 0.30416778 0.49114782 0.22639868 -0.21571618 0.31322461 0.35910186 0.32469627 0.51656514 0.35011917 -0.26772454 0.32772982 0.4378286 0.32397875 0.56444377 0.46425346 -0.13598448 0.29807979 0.45482093 0.18121997 0.41566741 0.45094138 -0.18168381 0.34635869 0.62004763 0.19165559 0.46066672 0.63826656 -0.10265635 0.3195065 0.79313719 0.20546141 0.44121438 0.8276217 -0.12578443
0.3040309 0.24791077 0.30450672 0.49118015 0.22625835 -0.20893222 0.31458285 0.35761502 0.32556164 0.51672125 0.349877 -0.2496936 0.33046973 0.43491709 0.32729253 0.56486714 0.46420094 -0.10169858 0.29849163 0.45481816 0.18264297 0.41623268 0.45080468 -0.18306941 0.3483001 0.61974525 0.1923214 0.46169406 0.63795429 -0.10398038 0.31909889 0.79318434 0.19914092 0.44103801 0.82676244 -0.12370378
0.30311885 0.24894063 0.27042153 0.49176279 0.22704564 -0.2369577 0.31459531 0.35840911 0.28204063 0.51682884 0.34965885 -0.27003834 0.33613861 0.43927094 0.27376112 0.56497771 0.46513107 -0.11503772 0.29907927 0.45482549 0.18315974 0.41695419 0.45094976 -0.18355837 0.34814081 0.61976266 0.20180663 0.46176583 0.63814366 -0.10363045 0.31901798 0.79333407 0.21717177 0.44024253 0.82684553 -0.11427149
0.30323753 0.24911334 0.26964962 0.49214253 0.22742708 -0.2153542 0.31460527 0.35919693 0.28019005 0.51762551 0.34956905 -0.24838969 0.33987561 0.44144705 0.27919447 0.56736118 0.46571848 -0.10327072 0.29875764 0.45492369 0.18295465 0.4167414 0.45095548 -0.18327582 0.34799436 0.62045765 0.20090581 0.46176058 0.63833809 -0.09848417 0.31892154 0.79377306 0.21814263 0.43895546 0.82681996 -0.10164075
0.30398646 0.24946493 0.30529848 0.49245718 0.2282992 -0.17707419 0.31416813 0.35967585 0.31342778 0.5183261 0.34910262 -0.21979326 0.34144995 0.44308621 0.306912 0.56914538 0.46634755 -0.10783989 0.29842979 0.45459366 0.18252219 0.41588682 0.45071125 -0.18281803 0.34796149 0.62029654 0.17650828 0.46196681 0.63811505 -0.10336237 0.31363222 0.7915203 0.16845764 0.43768302 0.82548255 -0.148816 
0.30804455 0.24988216 0.31653497 0.49530232 0.22997576 -0.12975857 0.31281689 0.36032936 0.32887462 0.5228442 0.34936529 -0.18181433 0.34232014 0.45159927 0.32208577 0.57215947 0.46893701 -0.07819253 0.29715344 0.45497802 0.17965947 0.41467792 0.45125136 -0.17998663 0.34868872 0.62022442 0.15829591 0.46546254 0.63816196 -0.10391888 0.31170157 0.79084879 0.15284654 0.43736836 0.82543337 -0.15171245
0.31914866 0.25046834 0.32539323 0.50106567 0.23857453 -0.07652166 0.31585264 0.36379105 0.34454173 0.53030241 0.3569217 -0.12034478 0.35774857 0.45466909 0.34643364 0.57716036 0.4760415 -0.02063048 0.2955299 0.45920393 0.17289175 0.41348636 0.45620853 -0.17331527 0.34943834 0.62111312 0.15201749 0.46665987 0.63825297 -0.09829029 0.31170902 0.79095155 0.14823921 0.43738794 0.82540774 -0.15083027
0.33448511 0.25728035 0.45091221 0.51420361 0.24824843 0.02611847 0.32928166 0.37205896 0.481437 0.54349613 0.36837739 -0.002738 0.38380003 0.45553029 0.47110152 0.58342731 0.48614204 0.14112262 0.29250059 0.46390563 0.16994889 0.41253772 0.46054706 -0.17053464 0.35179687 0.62332261 0.13393822 0.46768868 0.63841534 -0.10603072 0.31468198 0.79083157 0.1085631 0.44091496 0.82510114 -0.16329435
0.34100243 0.27558845 0.60862756 0.5220173 0.26009399 0.22054407 0.34125966 0.39176911 0.61337292 0.54849458 0.37795874 0.17493206 0.37799713 0.47116977 0.59383798 0.58465862 0.49904963 0.33198768 0.28778037 0.46677127 0.1653422 0.40986952 0.46316996 -0.16611034 0.35194179 0.62599283 0.11315998 0.46764547 0.63957435 -0.14221489 0.31616569 0.79108757 0.08901192 0.44110534 0.82489121 -0.18788664
0.34582475 0.29690158 0.74421883 0.52607876 0.27248663 0.3928355 0.34690121 0.4110426 0.71759856 0.55419046 0.39543763 0.28515658 0.38185057 0.50270391 0.65554422 0.58503628 0.5178026 0.36375549 0.27488732 0.46777055 0.16037945 0.40457648 0.4641276 -0.16121005 0.34992465 0.62715358 0.09259301 0.46513808 0.63955629 -0.1814972 0.31604376 0.79289335 -0.05358374 0.4424569 0.82488239 -0.33708692
0.35390663 0.30559388 0.6484406 0.5381614 0.2886377 0.36085069 0.34981388 0.42420623 0.63186044 0.559883 0.41024679 0.27167898 0.38044021 0.52088249 0.60272026 0.58545196 0.53649241 0.3464016 0.26426229 0.46875033 0.14172649 0.40161702 0.46514121 -0.1424613 0.34122232 0.62699568 0.08115965 0.46205664 0.63859648 -0.16788375 0.31177205 0.79289782 -0.09542783 0.43722948 0.82472152 -0.3461079 
0.35460556 0.31363335 0.76936305 0.54980367 0.30602121 0.46247739 0.34929547 0.44177943 0.73429924 0.56140566 0.42378026 0.34758231 0.35714594 0.5500046 0.68047172 0.58524644 0.5558694 0.4260855 0.24635835 0.46314126 0.13651338 0.39134338 0.45972094 -0.137118 0.3300297 0.62695527 0.0291162 0.45569873 0.63507396 -0.20749596 0.307621 0.79313594 -0.15560226 0.43479961 0.82374167 -0.3945972 
0.35245007 0.3272157 0.65808928 0.56105709 0.32222193 0.35104102 0.33411366 0.45083687 0.64475113 0.56871861 0.43625671 0.23895024 0.3156198 0.56261855 0.61118591 0.58509612 0.57332903 0.31345925 0.23048851 0.46268445 0.12380542 0.38162425 0.45969561 -0.12452769 0.32291877 0.62546355 0.05577661 0.4508656 0.62858564 -0.13725775 0.3076987 0.79295427 -0.10147403 0.43894327 0.8237654 -0.31997064
0.35904324 0.33519191 0.62558544 0.57340348 0.34180132 0.28986886 0.33299652 0.45969391 0.6104846 0.57394004 0.45836031 0.18292959 0.30532253 0.56843346 0.57990271 0.58671474 0.5939492 0.2826212 0.22249235 0.4630149 0.12149357 0.37584969 0.46193162 -0.12245344 0.31565353 0.62542659 0.12587076 0.45142609 0.62609971 -0.03516373 0.30502549 0.79255062 -0.05943649 0.43548074 0.82289946 -0.28421518
0.37217212 0.35505202 0.64754331 0.58341861 0.35794085 0.26636952 0.33017433 0.46425331 0.64276731 0.57870668 0.479276 0.16256949 0.30097017 0.57316762 0.62552476 0.58687538 0.60431671 0.26124704 0.21914293 0.46786991 0.12426083 0.37006536 0.47259387 -0.12456774 0.31627354 0.62673479 0.26454633 0.45622715 0.62706196 0.05602948 0.30512017 0.79462725 0.11229993 0.43875009 0.8230204 -0.11445297
0.38810611 0.37890303 0.613258 0.58399272 0.39038095 0.19100118 0.3301422 0.48311573 0.62312478 0.57842577 0.51075608 0.10912574 0.30941471 0.58863837 0.62022394 0.59142584 0.6336385 0.24593577 0.20524485 0.48302981 0.12709346 0.34314278 0.49559736 -0.12853734 0.31833917 0.62830484 0.34368661 0.46571097 0.62719977 0.15213886 0.30212069 0.79473281 0.20907091 0.43987104 0.81396019 0.01439318
0.41868323 0.40331933 0.64109772 0.58644927 0.41258425 0.20722692 0.3425808 0.48423558 0.66204005 0.57615751 0.53397948 0.10791307 0.30974051 0.56653041 0.62363791 0.5912044 0.65687877 0.19677897 0.21466964 0.49797601 0.13049489 0.34402582 0.50453252 -0.13182692 0.32558638 0.6383884 0.28160533 0.4736554 0.62760997 0.10088701 0.30229786 0.79267287 0.13256018 0.44571134 0.81393206 -0.06586491
4.40340489e-01 4.22674268e-01 5.80316901e-01 5.93792081e-01 4.39793289e-01 1.33529007e-01 3.85931551e-01 5.04948616e-01 6.26242101e-01 5.80162287e-01 5.63928962e-01 6.34675622e-02 3.34311366e-01 5.87356567e-01 6.13178253e-01 5.92390120e-01 7.00211763e-01 1.73610285e-01 2.18326211e-01 5.06717563e-01 1.31233364e-01 3.40441287e-01 5.16302884e-01 -1.32545546e-01 3.36962640e-01 6.37655556e-01 3.27525169e-01 4.80016649e-01 6.37222588e-01 1.08259596e-01 2.92641878e-01 7.83438623e-01 2.43360505e-01 4.54483449e-01 8.11013937e-01 -1.93406668e-04
0.44959509 0.44375333 0.61199379 0.58999705 0.46173614 0.13878594 0.40031502 0.54184729 0.6247046 0.58501816 0.59134513 0.06572543 0.35289344 0.62331933 0.63524365 0.59477848 0.71630847 0.17575896 0.2170417 0.51382494 0.15161462 0.31245533 0.52409011 -0.152744 0.36535007 0.63723534 0.30506486 0.52696103 0.62156749 -0.01569729 0.32240862 0.7810446 0.24989776 0.47115666 0.79445529 -0.05257235
0.45845383 0.46115211 0.73892891 0.59239733 0.47887862 0.24439429 0.3987048 0.52484798 0.69524974 0.60543406 0.59025323 0.14985086 0.33324841 0.60054356 0.64131373 0.60772187 0.70972806 0.25204459 0.21542454 0.52291113 0.1688264 0.31171304 0.52545565 -0.1700944 0.39378706 0.65403312 0.20287111 0.53397399 0.62296975 -0.15894789 0.34751019 0.79035372 0.06085291 0.46728066 0.79679221 -0.20911057
0.46515536 0.48167261 0.69773394 0.60954571 0.49776077 0.28578112 0.41098967 0.5684377 0.67338407 0.63779289 0.60402232 0.13849659 0.33331376 0.64506143 0.60289228 0.61387414 0.70548373 0.19628525 0.21942636 0.52663565 0.16707012 0.32592303 0.53536052 -0.16796665 0.40052661 0.65248638 0.21022969 0.54763007 0.63165283 -0.09434842 0.32449597 0.79308581 -0.02020677 0.45972615 0.79458034 -0.20008421
0.46141276 0.48797455 0.68941915 0.61279446 0.50338143 0.30090761 0.43200466 0.58586484 0.61351502 0.64991969 0.59633464 0.15664321 0.38544211 0.66001403 0.5333519 0.61703175 0.70821863 0.18487318 0.22029664 0.52391267 0.1536258 0.32831442 0.53299606 -0.15497404 0.38859546 0.65867925 0.22287412 0.54822785 0.63923258 -0.08644502 0.30427217 0.79297346 0.08379176 0.46222246 0.79537868 -0.08058101
0.46575654 0.4939656 0.62621325 0.61506104 0.5089919 0.29211849 0.46024078 0.60486537 0.57553083 0.65053427 0.59963983 0.1965376 0.46070692 0.68395829 0.51513052 0.61566836 0.70846492 0.23208787 0.22068602 0.51926184 0.14116764 0.33087021 0.5286808 -0.14263064 0.38286346 0.6597929 0.22915827 0.54221743 0.64001977 -0.04848478 0.29847005 0.7930702 0.17176937 0.47177607 0.79698473 0.01257804
0.47328278 0.49936464 0.68087107 0.62010539 0.51623678 0.35719395 0.45252767 0.61781174 0.62443513 0.65123218 0.61447108 0.24731785 0.43857941 0.70549238 0.58389705 0.61403918 0.72233272 0.29840115 0.22553836 0.51808512 0.13395323 0.33190489 0.53141516 -0.13549235 0.3802568 0.6602059 0.26218438 0.53535914 0.63947862 -0.02073776 0.29517803 0.79446447 0.18091518 0.43586367 0.77761173 -0.00986533
0.47431183 0.49659163 0.67303485 0.62533736 0.51845509 0.36304981 0.43207213 0.60951084 0.62074721 0.64895034 0.62221122 0.22270279 0.3619501 0.69535023 0.58909869 0.61516023 0.73576617 0.27760246 0.23765804 0.51863444 0.12491485 0.34086266 0.53157884 -0.12661113 0.39455914 0.66399223 0.25767869 0.53181022 0.6415422 -0.02178966 0.29652324 0.79438883 0.16172341 0.40968156 0.77503335 -0.0440307 
0.47144219 0.50016373 0.74244493 0.62259573 0.51785564 0.43299016 0.42559132 0.60743374 0.67252445 0.64924055 0.62082696 0.29752377 0.37162372 0.69381446 0.65080863 0.61543757 0.73556608 0.3319858 0.24332049 0.51769948 0.12118622 0.37993172 0.52078593 -0.12290435 0.38939005 0.66480386 0.25749299 0.53006297 0.64099717 -0.02185598 0.29466698 0.79441291 0.17848417 0.40597719 0.77159709 -0.01239731
0.46860904 0.50178087 0.71134329 0.62001503 0.51618916 0.37653068 0.42780116 0.61251551 0.66114455 0.64695257 0.62686861 0.26880449 0.3988446 0.6980806 0.64746368 0.61960322 0.73448437 0.34639528 0.23623765 0.51580119 0.12222561 0.34934935 0.52076221 -0.12393207 0.38359901 0.66348964 0.25111058 0.52930212 0.64063209 -0.01786269 0.29438803 0.79533482 0.14439017 0.40727386 0.77165455 -0.03491877
0.46849111 0.49605799 0.726529 0.61899012 0.51452988 0.39752313 0.42470738 0.59885257 0.67814147 0.64832377 0.61735058 0.29499459 0.39786497 0.6815421 0.64467597 0.62151891 0.72725284 0.36137837 0.23558243 0.51255482 0.12358291 0.38011271 0.5105474 -0.1252556 0.3822608 0.66148251 0.23742247 0.52861476 0.64103544 -0.04256378 0.29491723 0.79101121 0.1444419 0.38952562 0.77628654 -0.04078206
0.46914473 0.49337238 0.76229668 0.62164676 0.51453477 0.44524464 0.42792401 0.59186423 0.70278966 0.64856583 0.61418986 0.33866686 0.40623397 0.67406094 0.66628504 0.62142062 0.72527808 0.38272706 0.24557984 0.50364387 0.11853126 0.39222333 0.50570881 -0.1202073 0.38390198 0.64415669 0.23284206 0.51559502 0.63973081 -0.03913854 0.29549378 0.78477174 0.14756025 0.38236463 0.778633 -0.03120664
0.46752092 0.49196345 0.88976377 0.62284166 0.51294178 0.546763 0.38115141 0.560422 0.81213325 0.64795178 0.61517584 0.30975971 0.28234673 0.62067813 0.74780416 0.61815411 0.72698182 0.30805644 0.24501066 0.49793249 0.12596613 0.38381365 0.50231272 -0.12806557 0.38351116 0.64509493 0.27222782 0.51285309 0.64239663 -0.06421743 0.30315903 0.78541642 0.24459852 0.37226021 0.78038996 0.02297056
0.46653831 0.469336 0.92953199 0.62351829 0.51034689 0.53951478 0.35991102 0.53242815 0.8504532 0.64069188 0.61838454 0.30705163 0.26085472 0.58497459 0.78028858 0.61002934 0.72834867 0.30652431 0.24610443 0.48645645 0.13569814 0.38959339 0.49870807 -0.13770445 0.38295099 0.63931829 0.28557035 0.49136719 0.65822142 -0.08748178 0.31742588 0.7859118 0.32892707 0.37938321 0.78281897 0.04934891
0.4645108 0.46870282 0.95971406 0.62307185 0.50757015 0.53747022 0.35849482 0.537925 0.88113409 0.63151127 0.6166355 0.31520507 0.28062025 0.60084271 0.80809647 0.60902637 0.72745508 0.32055816 0.24497618 0.48797926 0.14266995 0.38973764 0.49380067 -0.14462925 0.38245606 0.63764834 0.27116802 0.50218165 0.64917004 -0.09531137 0.3095116 0.78622288 0.26401591 0.38333714 0.78329647 0.01686566
0.46428263 0.45991951 0.97321451 0.62119251 0.48831052 0.5286594 0.36274529 0.52835536 0.89689791 0.62276077 0.60682768 0.32313165 0.30000094 0.59706968 0.82311374 0.60907602 0.72225446 0.35143408 0.24475683 0.48328981 0.15259911 0.39030722 0.48035607 -0.15438922 0.38007599 0.63732952 0.21929201 0.5018189 0.64834589 -0.13302353 0.31037343 0.78837103 0.2399485 0.38717347 0.78070581 -0.01730108
0.46957588 0.4449113 0.93499368 0.62096828 0.47302207 0.53587419 0.36849037 0.5024302 0.87489742 0.61619717 0.59103584 0.35754097 0.30900294 0.55758989 0.81188738 0.60926312 0.7006126 0.41586906 0.25484678 0.47330284 0.15084009 0.39246163 0.47311869 -0.15261251 0.37985024 0.63647836 0.20406961 0.50146443 0.6483829 -0.13492209 0.33106345 0.786237 0.2076356 0.37600613 0.78123659 -0.04982696
