0.53011692 0.44601756 0.2367837 0.66268319 0.42862988 0.51998156 0.54107177 0.57036799 0.09100464 0.71163654 0.51878446 0.34199336 0.53228664 0.67296046 0.13855503 0.6426847 0.610906 0.29458594 0.60126722 0.52193558 -0.10177009 0.7327646 0.52208132 0.09942906 0.60968304 0.61446357 -0.02778297 0.70825118 0.61833936 0.18119034 0.6597988 0.79295278 -0.24297661 0.78418398 0.78892106 -0.00685631
0.51824981 0.45351735 0.22028159 0.74037904 0.42521217 0.51100153 0.52818531 0.57007819 0.03837785 0.80708909 0.52620083 0.32793528 0.51998955 0.68409854 0.1223997 0.74361062 0.62317264 0.29155982 0.64720005 0.5456894 -0.12686901 0.82625902 0.54379445 0.124801 0.60689116 0.62824452 0.0350588 0.73308849 0.63281161 0.31070843 0.6829766 0.81000048 -0.17857195 0.79469198 0.79058915 0.11753083
0.51467443 0.45534572 0.14519274 0.75100112 0.42490014 0.38819554 0.52255929 0.57871729 -0.02826841 0.82278347 0.5389058 0.2308 0.51761788 0.70365012 0.07026421 0.78780419 0.64608121 0.18804733 0.66995072 0.55999696 -0.10181911 0.85106856 0.56143385 0.09961639 0.61586481 0.64237589 0.33507589 0.73256332 0.63925397 0.48908216 0.69187158 0.81114668 0.05062297 0.79803449 0.78806198 0.356814 
0.51829606 0.44761723 0.1238767 0.7301439 0.40836558 0.46459687 0.52514046 0.56417775 -0.05455235 0.76806861 0.50392008 0.27637753 0.52101213 0.69495541 0.05364537 0.70677394 0.59502476 0.15366152 0.67439687 0.55421656 -0.10469937 0.84513694 0.54548842 0.10228814 0.62698132 0.66708779 0.23645516 0.74099028 0.64849275 0.40942138 0.69164926 0.8139897 0.10537373 0.79658824 0.78869861 0.30388638
0.52102959 0.44300297 0.15964927 0.7300579 0.40490159 0.6036306 0.52742177 0.56209123 -0.02768137 0.76729661 0.52356392 0.41548356 0.52173185 0.69405234 0.04050659 0.72649384 0.62937754 0.24970822 0.69012797 0.54975688 -0.13721909 0.86133885 0.54206169 0.13497774 0.60566658 0.64376944 0.27044412 0.73782176 0.64855736 0.57198888 0.69195449 0.80774218 0.09542737 0.79921979 0.78765959 0.41713101
0.518915 0.43969133 0.18128011 0.70491177 0.42128408 0.62682557 0.53107488 0.55506909 -0.01895485 0.75279516 0.50939244 0.40674269 0.52607584 0.68882352 0.04738981 0.71348733 0.60422903 0.1704336 0.69942224 0.54176176 -0.13664068 0.85987979 0.53168595 0.13462593 0.59843695 0.63599622 0.14780776 0.73559296 0.6429041 0.52672952 0.69268882 0.80760443 -0.09918136 0.79375523 0.78571135 0.3648923 
0.51712662 0.44568318 0.23488796 0.69766372 0.42403167 0.72738558 0.53154153 0.56455535 0.00171936 0.75822109 0.51119167 0.49700403 0.52465564 0.69038188 0.04771848 0.73862529 0.60721052 0.20231865 0.70636117 0.53746361 -0.16766287 0.85530853 0.52902716 0.16595255 0.5971365 0.64077109 0.11913364 0.73075843 0.63981169 0.58329958 0.69548553 0.80406284 0.01639476 0.79362565 0.78483593 0.57818145
0.51909608 0.44556838 0.27459159 0.69279402 0.42512646 0.78591877 0.52975971 0.57106173 0.07573358 0.74832988 0.50899947 0.62253374 0.52846164 0.69115824 0.13339956 0.73999494 0.60375184 0.40774813 0.71944648 0.53463668 -0.18165825 0.86567456 0.52732342 0.18004447 0.58628786 0.63842213 0.04306719 0.73142356 0.63806069 0.63000226 0.68848073 0.8055191 -0.02419814 0.7970314 0.78412819 0.6482957 
0.51914823 0.44708094 0.34605435 0.6883195 0.42466694 0.85216355 0.53045464 0.56615955 0.12828192 0.73694205 0.50862443 0.66748595 0.52338332 0.68677115 0.15203805 0.74366558 0.60646439 0.40285915 0.73042268 0.53246051 -0.19122137 0.87798321 0.526173 0.18978645 0.58650106 0.63776141 0.04008821 0.73974299 0.63707083 0.68094772 0.68478173 0.80385047 -0.04015579 0.79818189 0.77873158 0.7138688 
5.17626643e-01 4.48516369e-01 3.60013723e-01 6.83072209e-01 4.22785699e-01 8.30244303e-01 5.31372488e-01 5.67870259e-01 1.54958516e-01 7.38614559e-01 5.05938292e-01 6.72502160e-01 5.21174312e-01 6.91420197e-01 1.84507161e-01 7.58755565e-01 6.01034164e-01 4.68432665e-01 7.43489861e-01 5.32401383e-01 -1.78705409e-01 8.82959247e-01 5.25891960e-01 1.77245975e-01 5.93411207e-01 6.39538407e-01 -7.07707310e-04 7.45454788e-01 6.36757553e-01 5.80813408e-01 6.85293078e-01 8.05745304e-01 -1.70259178e-01 7.96525121e-01 7.71772265e-01 5.18566370e-01
0.51681828 0.45015207 0.44044665 0.68500495 0.42234138 0.88201457 0.53056729 0.57184756 0.22788879 0.74890798 0.50195622 0.70187765 0.52215731 0.6918816 0.24992789 0.77908486 0.58991438 0.46926612 0.75069541 0.53171629 -0.17392004 0.88653558 0.52040851 0.17264435 0.59319776 0.63838065 0.00707513 0.75018656 0.63596791 0.50320834 0.68379927 0.80251133 -0.05989093 0.7968666 0.77215791 0.49357113
0.5179885 0.45359364 0.3965807 0.68257231 0.42277589 0.81666118 0.53112143 0.57454604 0.21075495 0.75812924 0.49994504 0.64864165 0.52346778 0.69246519 0.26293671 0.8127982 0.58560026 0.42138153 0.76325661 0.5310629 -0.17210974 0.89443451 0.51532722 0.17088282 0.5943647 0.62784868 0.03197726 0.74899709 0.63559693 0.47333345 0.66977316 0.8002907 -0.02890054 0.80066794 0.77251261 0.44954827
5.19465625e-01 4.51424509e-01 4.35818642e-01 6.81500971e-01 4.21704024e-01 9.12399352e-01 5.31494379e-01 5.74207604e-01 2.23870024e-01 7.60996699e-01 4.98868346e-01 7.51549661e-01 5.24531662e-01 6.92696035e-01 2.38777190e-01 8.10362220e-01 5.81935942e-01 5.25188744e-01 7.75419116e-01 5.30279934e-01 -1.85556114e-01 9.03886735e-01 5.10094345e-01 1.84409991e-01 5.90530753e-01 6.24503732e-01 -1.21598598e-04 7.49344110e-01 6.36427462e-01 4.72079098e-01 6.68814421e-01 7.99327314e-01 -2.73874346e-02 8.00357223e-01 7.82156169e-01 4.43385571e-01
0.52002937 0.45018685 0.49617037 0.68075299 0.42068297 0.92580253 0.53166741 0.57236868 0.29004881 0.75369602 0.50057971 0.74209869 0.52546871 0.69232821 0.30322522 0.79354447 0.58889109 0.50545251 0.76807177 0.52573103 -0.17623632 0.90985858 0.50015414 0.17481744 0.58560252 0.62459928 0.07702754 0.74489254 0.6360392 0.49465218 0.66882128 0.80346692 -0.01612385 0.79751688 0.78185308 0.37903082
0.52038175 0.44820014 0.52093011 0.68097574 0.4202581 0.98246586 0.53192896 0.57277262 0.29451331 0.74823427 0.50411612 0.81512225 0.52617586 0.6939739 0.28612819 0.77625126 0.60551894 0.59796375 0.77714419 0.51962394 -0.17859784 0.91469109 0.49341664 0.17714599 0.58545679 0.62476218 0.06868919 0.74134284 0.6358853 0.49819466 0.67615533 0.80575728 -0.07512942 0.79577255 0.78084618 0.35027096
0.52128476 0.44707537 0.50244284 0.68098253 0.42005283 0.97488767 0.53164542 0.57310921 0.27780867 0.7629565 0.50032538 0.81504256 0.52662569 0.69359547 0.29072854 0.80699897 0.59914631 0.60800511 0.79084992 0.51365113 -0.18602155 0.92450404 0.48886931 0.18479154 0.58730924 0.62115484 0.01788483 0.74261236 0.63526279 0.43925557 0.67614412 0.80427444 0.04187707 0.79164207 0.78403103 0.40958056
0.52156311 0.44647405 0.47851688 0.68065059 0.42005995 0.97181869 0.53182226 0.57334256 0.29493073 0.7577703 0.50977129 0.8687228 0.52664328 0.69350082 0.3429285 0.79124004 0.61764914 0.72208744 0.79595345 0.50408244 -0.18640769 0.92538929 0.48521787 0.18549728 0.58759749 0.6152187 -0.02141876 0.74087828 0.63298261 0.42017081 0.67495078 0.80133992 0.07418659 0.78064299 0.7834934 0.50803834
0.52186376 0.44590655 0.44556215 0.67949098 0.41989499 0.91625118 0.53188062 0.57278997 0.26807705 0.7800864 0.48177859 0.78591347 0.52586961 0.69158614 0.2951228 0.82757586 0.55900007 0.59179157 0.79992539 0.50235224 -0.19346891 0.92635167 0.48182186 0.19257383 0.59392911 0.61169785 -0.02636441 0.74014616 0.62984699 0.45635861 0.67443919 0.79768503 0.05892706 0.78485543 0.78026462 0.61547589
5.21143794e-01 4.45580810e-01 4.05567944e-01 6.78646445e-01 4.19067442e-01 9.05312181e-01 5.31247556e-01 5.71755648e-01 2.65709430e-01 7.81996369e-01 4.76629198e-01 8.05534244e-01 5.23501873e-01 6.90592349e-01 2.83493996e-01 8.26473594e-01 5.51771462e-01 6.44187033e-01 8.01284313e-01 4.97445226e-01 -1.95247144e-01 9.25755680e-01 4.76568311e-01 1.94418401e-01 6.08977735e-01 6.12964272e-01 -4.91785482e-02 7.39531994e-01 6.26106560e-01 4.72313821e-01 6.77091300e-01 7.96236575e-01 -4.96112974e-04 7.87291527e-01 7.76726305e-01 6.05140448e-01
0.52028579 0.44461149 0.40847141 0.67785788 0.41512254 0.94270879 0.53121579 0.57088315 0.2468473 0.78655946 0.47162902 0.84412378 0.52278525 0.68909866 0.28884283 0.8340475 0.54887116 0.67633832 0.79845983 0.49309537 -0.19834407 0.92621493 0.47003403 0.19760941 0.61433172 0.61361718 -0.0558561 0.7401228 0.62484002 0.46826071 0.67696655 0.79307026 -0.00771965 0.78667629 0.77539635 0.5718646 
0.51962936 0.44213217 0.46503454 0.67592251 0.41022697 1.00414646 0.53127909 0.56883913 0.2875171 0.77995735 0.47372493 0.92602068 0.52301359 0.68787944 0.34318003 0.82574046 0.55494094 0.79148912 0.79511279 0.48783082 -0.20070931 0.92257297 0.46487227 0.19982427 0.61412394 0.61163461 -0.08576905 0.73446602 0.62028188 0.43455341 0.67783266 0.7911948 -0.09180528 0.78598922 0.77363151 0.44549069
0.51869237 0.44004968 0.44631499 0.67341667 0.40891507 0.98142326 0.53134495 0.56667924 0.26599246 0.77906889 0.47480929 0.90435278 0.52283084 0.68421745 0.31528419 0.82758039 0.55709964 0.7587015 0.79932439 0.48499081 -0.20179135 0.9251799 0.46432063 0.20095246 0.61431783 0.61213946 -0.06294925 0.73447978 0.62094003 0.38070154 0.67228949 0.78951913 -0.05865079 0.77659732 0.77420741 0.37446213
0.5187543 0.43840522 0.44340777 0.67212141 0.40691996 0.99657512 0.53139699 0.56277055 0.2667256 0.7779572 0.47268146 0.90910757 0.52274245 0.67940778 0.31981048 0.82694632 0.55063015 0.7548452 0.79663372 0.48115614 -0.20380944 0.92403823 0.46211776 0.20302732 0.61376303 0.61027884 -0.05475782 0.73520321 0.62142485 0.35924867 0.65734154 0.78585184 -0.04206549 0.77498412 0.77585059 0.35389611
0.51873618 0.43496847 0.51763421 0.67172992 0.40378851 1.07015538 0.53140837 0.55733216 0.34861496 0.76239246 0.48063838 0.99514204 0.5228194 0.67409366 0.40315878 0.80473292 0.56635034 0.86552602 0.79453599 0.47485247 -0.20669638 0.92227268 0.45769995 0.20598088 0.61507595 0.61041862 -0.06563243 0.73314101 0.62100834 0.35237741 0.65887505 0.78632832 -0.05348761 0.76782507 0.7761957 0.33204278
0.51783258 0.43256894 0.5074383 0.66712058 0.40090078 1.05070758 0.53045774 0.55495667 0.3447105 0.75907934 0.48072228 0.97592556 0.5229091 0.67155653 0.39925626 0.80466461 0.56710011 0.84194201 0.79323155 0.47323784 -0.20506069 0.92202294 0.45267946 0.20431831 0.62635189 0.61315733 -0.05726336 0.73365343 0.62114757 0.35839623 0.65997916 0.78592116 -0.01436929 0.76433653 0.77656424 0.37074563
0.51790535 0.43003052 0.49814922 0.66697651 0.39675519 1.05762959 0.5304963 0.550834 0.31570202 0.77039707 0.46600586 0.95378101 0.52297527 0.66662329 0.39102328 0.82109565 0.53961998 0.80283713 0.79267627 0.46930644 -0.20915736 0.92062396 0.44803801 0.20850994 0.63241017 0.61511451 -0.08459227 0.73411709 0.62080944 0.33479378 0.66020137 0.7857694 -0.08317829 0.7580027 0.78007036 0.31685984
0.51767856 0.42231637 0.44531944 0.66487819 0.39688537 1.02062368 0.53045309 0.54688329 0.31320572 0.76470786 0.46654654 0.94052386 0.52316612 0.66133124 0.39841184 0.78936762 0.54556441 0.83578181 0.79791927 0.46924981 -0.20667326 0.92037386 0.44945639 0.20619176 0.63077497 0.60847074 -0.07368021 0.73634833 0.61978316 0.32793725 0.6666069 0.78596044 -0.03806615 0.75791007 0.78057891 0.34274942
0.51772314 0.41974643 0.48491165 0.66331559 0.39516991 1.02318549 0.53071868 0.54312634 0.35445923 0.76105773 0.46726647 0.93571645 0.52312398 0.65753585 0.44031051 0.79105347 0.54957163 0.79272723 0.79486477 0.46569878 -0.20619404 0.9181931 0.44659641 0.20557493 0.63382959 0.60862118 -0.06791297 0.73750228 0.61900526 0.32512182 0.66674697 0.78535646 -0.00367101 0.75641412 0.78350925 0.35747185
0.52474105 0.40964481 0.48709062 0.6634692 0.39592019 1.04893386 0.53253376 0.53412974 0.36790863 0.73291188 0.4918988 0.98254406 0.523157 0.64836305 0.44296879 0.73931843 0.58953214 0.83760494 0.79450274 0.45667395 -0.20520087 0.91773784 0.44560802 0.20459542 0.63253355 0.60876501 -0.05549251 0.74083221 0.61929482 0.30005914 0.66676491 0.78543383 0.01913515 0.75727427 0.7853145 0.33173189
0.52918404 0.40684995 0.49130502 0.66859716 0.39576855 1.02023745 0.53506422 0.53084826 0.38250706 0.72642291 0.49437538 0.97055721 0.52337778 0.64555645 0.45813689 0.71078938 0.58881819 0.76946938 0.79464436 0.45558035 -0.19409385 0.91761982 0.44393402 0.19382477 0.63664037 0.60957778 -0.05163769 0.74577141 0.61908495 0.27754974 0.67215252 0.78536206 0.02048723 0.75738907 0.78501564 0.32256898
0.5294705 0.40339991 0.49132708 0.67283577 0.39490837 1.00346494 0.53525603 0.52671039 0.36892372 0.7316758 0.49208996 0.89550471 0.52351403 0.64178765 0.43207738 0.73357457 0.58507615 0.66173589 0.79420662 0.45320642 -0.1884681 0.91739106 0.44171545 0.18828315 0.64133507 0.61003453 -0.04518864 0.74961132 0.61797625 0.27178916 0.67472643 0.78587836 0.01992258 0.75782698 0.78501958 0.31430891
0.533521 0.39851919 0.46298578 0.67552465 0.39503762 1.0065062 0.5363676 0.52056307 0.31416342 0.72707534 0.49889848 0.91010207 0.52354175 0.63556272 0.33737168 0.72201252 0.59244621 0.66425353 0.79399377 0.44712269 -0.18960971 0.91723692 0.44186994 0.18959464 0.64448297 0.60761172 -0.04627249 0.7566492 0.61791909 0.26065764 0.67338288 0.78329402 0.02079549 0.76469463 0.78493154 0.31556836
0.53781778 0.39448252 0.50738126 0.68095505 0.39374024 1.0392915 0.54366702 0.51118112 0.32928362 0.73101246 0.49655935 0.91221869 0.5270291 0.62784666 0.34268436 0.73400694 0.58835918 0.6669479 0.79193729 0.4460375 -0.18979394 0.91683853 0.44059142 0.18988228 0.64487845 0.60684663 -0.04703251 0.76568037 0.6180082 0.26395985 0.67390835 0.78221321 0.02109264 0.76469368 0.78496426 0.32219386
0.53947425 0.38906664 0.52140784 0.68521857 0.38982171 1.03279996 0.54741728 0.50316662 0.37107491 0.73072606 0.4950037 0.91451091 0.52911592 0.62248075 0.38499776 0.71587646 0.58549351 0.68622762 0.78786963 0.44227025 -0.18984362 0.91440856 0.43571231 0.18990906 0.64425308 0.60719281 -0.05397166 0.76463264 0.61775517 0.25242913 0.67576408 0.78308135 0.00151484 0.76476461 0.78487039 0.29447004
0.54132199 0.38344622 0.5070616 0.68641514 0.38516253 1.00549614 0.54841352 0.4965817 0.35124692 0.73074573 0.49388868 0.88174921 0.53042942 0.61669368 0.3529588 0.70722765 0.58476049 0.64431316 0.78625977 0.43992054 -0.18754606 0.91406524 0.43519077 0.1877026 0.64683563 0.60949624 -0.05390912 0.76574308 0.61746186 0.23996006 0.67737418 0.78468215 0.00406476 0.76491153 0.78478169 0.28639552
0.54350507 0.38200551 0.50286394 0.69066823 0.37786812 0.99101835 0.54818249 0.49849999 0.37561482 0.7503705 0.47541317 0.88614982 0.53042746 0.61440539 0.43347889 0.72657377 0.56107193 0.69693643 0.78232062 0.44108772 -0.18452783 0.91346717 0.43159527 0.18458597 0.64984292 0.61303157 -0.05623264 0.76455683 0.6148805 0.25427327 0.68024021 0.78911781 -0.02530211 0.76491046 0.78494006 0.28600791
0.54892683 0.37503946 0.51044166 0.6981191 0.3751913 1.03314662 0.54848939 0.49185345 0.36734757 0.75544477 0.47259185 0.93360394 0.53152478 0.60941833 0.41327754 0.73169178 0.56301576 0.74998009 0.78027713 0.42864522 -0.18547623 0.91429698 0.43203917 0.18562782 0.64906472 0.61161226 -0.06229777 0.76986271 0.61369979 0.25923678 0.6782766 0.77956235 -0.0226273 0.76747674 0.78578568 0.29367772
0.55196583 0.36893639 0.41789758 0.69991404 0.37364408 0.99975145 0.54964036 0.48699597 0.28096327 0.73983341 0.47408193 0.92886186 0.53227365 0.60309941 0.32139218 0.70533413 0.56395513 0.76107734 0.78113437 0.42536971 -0.18581048 0.9142288 0.43237028 0.18600178 0.64901805 0.61091226 -0.08822934 0.76954222 0.60760838 0.26106972 0.68162054 0.77808833 -0.10606053 0.76745611 0.78289258 0.24539657
0.55192691 0.36584485 0.39791355 0.69864762 0.36742839 1.00011349 0.54932892 0.48406109 0.24648786 0.73998129 0.47133818 0.95275915 0.5328759 0.59867537 0.27202132 0.71069604 0.56445831 0.82761765 0.78199077 0.42490074 -0.19436692 0.9142136 0.43113849 0.19451448 0.64891189 0.61051029 -0.10276935 0.76916617 0.60567802 0.29570985 0.68702102 0.77842593 -0.10284144 0.76798254 0.77902657 0.25786522
0.55227268 0.35789654 0.36334074 0.69810766 0.36011499 0.99067086 0.54978347 0.478028 0.18667719 0.7577644 0.45876646 0.94465303 0.53369915 0.59058803 0.17537387 0.72905445 0.54277664 0.80499291 0.78686595 0.42475274 -0.2012953 0.91418964 0.43133479 0.20139043 0.64891434 0.60729986 -0.12146003 0.77112103 0.60550267 0.30508655 0.68959326 0.77924365 -0.11677841 0.76728982 0.77848202 0.26725352
0.55296797 0.35205808 0.39393795 0.69948512 0.35493031 1.0045222 0.54981941 0.47176582 0.2313256 0.76403803 0.45686874 0.9751206 0.53770769 0.58583236 0.24623489 0.74364203 0.54434526 0.85582739 0.78882444 0.42297918 -0.20130879 0.9138667 0.43142453 0.20141344 0.64898676 0.60521114 -0.10876633 0.77716565 0.60585684 0.3069883 0.69320446 0.7735045 -0.06580874 0.76777738 0.77524948 0.33364815
0.55270529 0.34569836 0.39098972 0.69930649 0.34644127 0.9853797 0.55122441 0.46588793 0.22393693 0.77028155 0.45055848 0.96212012 0.53987259 0.57739311 0.21986674 0.75871599 0.54290354 0.84664643 0.79363757 0.42470732 -0.20111519 0.91367126 0.43137571 0.2012046 0.6493324 0.60549384 -0.09209701 0.77734417 0.60766637 0.32031983 0.69045973 0.77684563 -0.02310589 0.76552463 0.77567971 0.37882173
0.55280012 0.34042451 0.43000358 0.70009357 0.3431254 1.03630662 0.55188173 0.45570561 0.24008252 0.77208364 0.44409552 0.99957466 0.54071641 0.5702976 0.24030247 0.76191586 0.5373773 0.87992042 0.79430634 0.42573088 -0.20081186 0.91347325 0.43162537 0.20088156 0.6496346 0.6048336 -0.07991944 0.78566384 0.60649592 0.31784058 0.68680429 0.78742325 0.0068197 0.77652985 0.77603495 0.38039988
0.5525555 0.33579454 0.43908805 0.70055521 0.33649728 1.04778242 0.55321431 0.44960597 0.22136585 0.77417266 0.442099 1.00134706 0.54283988 0.56670117 0.17947838 0.7649222 0.53391868 0.87872636 0.79402745 0.42748043 -0.20343331 0.91312146 0.43144271 0.20346038 0.65232599 0.60271662 -0.10368033 0.78382963 0.60574925 0.31509495 0.68880939 0.79016441 -0.08154629 0.77906162 0.77622795 0.32043603
0.55100495 0.33189246 0.45222589 0.7003206 0.33199877 1.07387733 0.55308551 0.44255668 0.22198564 0.7730034 0.43989182 1.01381207 0.54346156 0.56261343 0.18392651 0.76299316 0.53404361 0.87810963 0.79346442 0.42970428 -0.20790222 0.9125827 0.43157417 0.20792794 0.65214926 0.60287887 -0.11689293 0.78368026 0.60601532 0.3175306 0.6880883 0.79309642 -0.08905993 0.7899462 0.77621841 0.32234001
0.55094206 0.32703695 0.50754726 0.70070404 0.32959735 1.11585641 0.55321938 0.43338934 0.23016413 0.77274925 0.435473 1.06459439 0.54600722 0.55664629 0.19770756 0.76492047 0.53260243 0.93735176 0.79365188 0.42986405 -0.21017376 0.91206139 0.43179864 0.21016257 0.65752161 0.60466897 -0.11492573 0.79644495 0.60622865 0.31890926 0.68790394 0.79386622 -0.0862179 0.79726142 0.7763775 0.32280383
0.55085003 0.31779364 0.51982164 0.70307243 0.32152894 1.10418177 0.55381727 0.42722932 0.25235406 0.78851902 0.42320028 1.03352261 0.54882622 0.54883933 0.21306822 0.78067708 0.52233607 0.93423218 0.7945053 0.43009058 -0.20958741 0.91184014 0.43188366 0.20956399 0.65867233 0.60483295 -0.09499925 0.79817623 0.60676217 0.32475042 0.68562371 0.79612118 -0.02867137 0.80375284 0.77861708 0.36886162
0.55091858 0.30997658 0.52655947 0.7066834 0.31346756 1.14880419 0.55568886 0.42666751 0.27583769 0.78684455 0.42057371 1.09348953 0.55086201 0.54368705 0.25737587 0.77793092 0.52126157 0.94865352 0.79360467 0.42707503 -0.2105571 0.91055548 0.43196473 0.21047118 0.6583004 0.60368943 -0.0997939 0.79572845 0.60668004 0.32880265 0.68654579 0.79587752 -0.03008128 0.80007368 0.77975965 0.38264096
0.55079931 0.30270675 0.53589278 0.71076101 0.309423 1.13810694 0.55716932 0.42374262 0.30267736 0.78502619 0.42042288 1.10303855 0.55103618 0.54240811 0.30317795 0.77071083 0.52359444 0.97997129 0.79310346 0.42734978 -0.2086084 0.90996993 0.43515292 0.2084422 0.65797448 0.60079956 -0.11079406 0.7913329 0.60570568 0.32695079 0.6864714 0.79528767 -0.05863989 0.79945385 0.77993768 0.37766153
0.54997951 0.2976042 0.52203345 0.71345884 0.30208701 1.05168891 0.55759525 0.4211069 0.27148756 0.78360212 0.41794866 1.02493966 0.55160451 0.53908175 0.20870534 0.7693224 0.51312572 0.97266328 0.78546673 0.42766383 -0.19467866 0.90681654 0.43515024 0.19443062 0.65777558 0.6010685 -0.11034051 0.7884388 0.60549551 0.32114136 0.68635237 0.79606837 -0.06120011 0.79801244 0.78134698 0.36312005
0.549954 0.29563394 0.50212163 0.71586227 0.2994296 1.01787424 0.56067193 0.4224543 0.26875082 0.78019553 0.41489732 0.99896401 0.55448735 0.5397411 0.21381654 0.76546317 0.51202476 0.9479925 0.78345782 0.42897984 -0.18968415 0.90634948 0.43660593 0.18933676 0.65948486 0.60241288 -0.09756409 0.78807557 0.60551578 0.3278316 0.68530923 0.79862267 -0.06037295 0.79954511 0.78233659 0.38472024
0.55042195 0.29372817 0.46556515 0.72146636 0.29790395 1.00302565 0.56506503 0.41790771 0.2035003 0.77626282 0.41768998 0.99419874 0.55564958 0.53543258 0.11348674 0.74269849 0.51572049 0.92829865 0.77915883 0.43408051 -0.19023925 0.90371066 0.43949765 0.18996197 0.66204453 0.60711825 -0.09747947 0.78476357 0.60593742 0.35093126 0.68536961 0.8021419 -0.07552031 0.80273283 0.78297657 0.40121013
0.55049074 0.29202527 0.52307564 0.72989082 0.29747427 1.02581513 0.56559473 0.4150258 0.23311232 0.76275301 0.41944468 1.01833773 0.55532801 0.53238761 0.15156911 0.71746975 0.51589811 0.93343455 0.77289963 0.43733171 -0.18905471 0.89935362 0.44195077 0.18876225 0.66347778 0.60873514 -0.09589802 0.78395462 0.60805434 0.33800554 0.68552524 0.80243051 -0.07209554 0.80360937 0.78350842 0.374639 
0.55123478 0.29132721 0.51483661 0.73342365 0.29249784 1.02935708 0.56735653 0.41601402 0.23785584 0.75820857 0.41832209 1.01512194 0.55651981 0.53237003 0.157324 0.71654201 0.51741707 0.92443573 0.76877654 0.43926495 -0.18937321 0.89686328 0.44204959 0.18914573 0.66586483 0.61079633 -0.105262 0.78382993 0.60805458 0.34279159 0.68543661 0.80569828 -0.11343022 0.80544031 0.78348655 0.36339739
0.55160111 0.29111445 0.44953352 0.73188066 0.29039696 1.02677906 0.56739062 0.41638434 0.23044792 0.74657381 0.41921529 1.01010025 0.55631465 0.53244853 0.20539393 0.69787753 0.52092808 0.90093875 0.76545107 0.4411754 -0.1890704 0.89341789 0.44225365 0.18869747 0.66612768 0.61133069 -0.10463233 0.78302026 0.60801327 0.3405818 0.68690497 0.80488956 -0.10873466 0.805852 0.78116858 0.33433869
0.55179322 0.29105821 0.38974831 0.7323755 0.28909671 0.95779055 0.56818372 0.41585901 0.17323725 0.74580705 0.41792402 0.95150054 0.55655134 0.52966565 0.14918087 0.69662243 0.5211224 0.85984451 0.76410586 0.44230756 -0.18617699 0.89242589 0.44233254 0.18558738 0.66606426 0.61118501 -0.12351775 0.78269434 0.60678154 0.32912448 0.68848425 0.80426812 -0.1716979 0.84501392 0.77065319 0.26122177
0.55256438 0.29102471 0.35967228 0.73224968 0.28922257 0.94016016 0.56820107 0.41570684 0.15035394 0.74216783 0.41777366 0.92515302 0.55741096 0.52963799 0.13743718 0.69334131 0.52160394 0.81425273 0.76332027 0.44375503 -0.18670908 0.89058614 0.44269902 0.18613546 0.66628987 0.61116642 -0.12946443 0.78238624 0.60458559 0.32878694 0.68842226 0.80397022 -0.17101401 0.84707236 0.7682088 0.26777694
0.55434513 0.29013404 0.24644653 0.73157233 0.28886992 0.86907572 0.56885767 0.4163354 0.08395618 0.74192411 0.41825697 0.86550581 0.55730385 0.53067261 0.1130833 0.69003701 0.52286071 0.77238661 0.7634598 0.44645509 -0.18690082 0.89048284 0.44538194 0.18627641 0.66694611 0.61314565 -0.12712443 0.7828415 0.60466743 0.34106472 0.68868309 0.80418605 -0.14783791 0.84769201 0.76630408 0.27319625
0.55546695 0.28995192 0.2695975 0.73118383 0.28996953 0.87918222 0.56924039 0.4169834 0.10231207 0.73839355 0.41875142 0.86700934 0.55766988 0.53152937 0.12625511 0.68417603 0.52720624 0.76855993 0.76358062 0.448351 -0.18726741 0.88985699 0.44782016 0.18666284 0.66673213 0.61379677 -0.13675295 0.78279001 0.60461527 0.33987018 0.68865663 0.8041454 -0.17089956 0.84481013 0.77642161 0.27048117
0.5562464 0.29091555 0.25381517 0.73159736 0.2910814 0.83360541 0.56874013 0.41723835 0.04802792 0.73673236 0.41892233 0.82140183 0.55764169 0.53216338 0.01441676 0.68483919 0.52805847 0.73112971 0.76371741 0.44853511 -0.18369237 0.89012259 0.44809669 0.18295537 0.66665637 0.61388308 -0.13281168 0.78536314 0.60465741 0.32869029 0.68753219 0.80474865 -0.15720864 0.84282684 0.78163153 0.26949674
0.55688632 0.29151946 0.29476684 0.7338829 0.29167983 0.86710989 0.56782418 0.41843843 0.08198781 0.73539573 0.41911092 0.84716773 0.55803859 0.53365314 0.04568717 0.6844331 0.53036201 0.75653785 0.76397961 0.44803077 -0.18105119 0.89138043 0.44775873 0.18023533 0.6669898 0.61383545 -0.13056728 0.79107416 0.60403985 0.31908679 0.6868608 0.80463088 -0.15930802 0.83942729 0.78305113 0.2580359 
0.55713284 0.29286319 0.3612892 0.73503441 0.29513386 0.89136666 0.566953 0.42050505 0.10147956 0.73175925 0.41918385 0.87152147 0.55810124 0.53563851 0.07319796 0.67592472 0.53263628 0.77648437 0.76419163 0.4465847 -0.17130159 0.89335465 0.44768801 0.17031886 0.66750306 0.6133194 -0.13016641 0.79587042 0.60333169 0.29346615 0.68659383 0.80457956 -0.2006183 0.83612585 0.7848013 0.18392196
0.55713016 0.29698935 0.36830682 0.73585498 0.2977182 0.90055609 0.56592041 0.42359078 0.11390549 0.73102647 0.41981709 0.8710025 0.5580976 0.53957862 0.06239077 0.67622596 0.53746051 0.77332085 0.76463908 0.44639674 -0.16927953 0.89800149 0.44746536 0.16829966 0.66783935 0.6133638 -0.12960649 0.80098879 0.60320503 0.28758508 0.68658274 0.8044377 -0.20065781 0.83434457 0.78594285 0.1808937 
0.55663526 0.301925 0.37778932 0.73842824 0.30200753 0.8980782 0.56415099 0.42498967 0.11043129 0.73204643 0.42310649 0.85168636 0.55807912 0.54457825 -0.01732921 0.67802936 0.53976566 0.74648345 0.76483613 0.4464635 -0.16699253 0.90001959 0.44731596 0.16606656 0.6678865 0.61410803 -0.12679565 0.80207288 0.60365444 0.27721518 0.68628126 0.80521512 -0.2080272 0.83407921 0.78706712 0.16204673
0.5562681 0.30592811 0.39513797 0.73807913 0.3035371 0.91256392 0.56383669 0.42839476 0.11522627 0.73236763 0.42426962 0.86333859 0.55806774 0.54848415 0.0212071 0.68532985 0.54173982 0.76118088 0.76534319 0.44627985 -0.16834982 0.90048575 0.44708601 0.16744797 0.66807294 0.61478078 -0.12617105 0.80409223 0.60432643 0.28247288 0.6862728 0.80535531 -0.20818804 0.83349848 0.78756517 0.18198687
0.5556761 0.30985337 0.39626014 0.73791558 0.30442706 0.92035925 0.56383884 0.43137926 0.13145566 0.73301578 0.42464682 0.86975563 0.5582515 0.55110854 0.04422339 0.68646908 0.54339904 0.76729375 0.76703459 0.44586661 -0.16926633 0.90223879 0.44706267 0.16839504 0.66855609 0.6147601 -0.12654375 0.80421782 0.6043433 0.28188714 0.68626577 0.80499238 -0.21824123 0.83236051 0.78728646 0.1774157 
0.5555591 0.31223074 0.40461475 0.7376073 0.30621061 0.93450767 0.56386334 0.43240872 0.15561604 0.73321533 0.42481777 0.88209289 0.55823356 0.55345309 0.09892511 0.68774688 0.54316103 0.77348489 0.76878345 0.44544914 -0.16939455 0.90261436 0.44702464 0.16856995 0.66904998 0.61514395 -0.12620953 0.8039785 0.60444432 0.28232947 0.68677545 0.80493939 -0.20742446 0.84170675 0.77784383 0.19225222
0.55478442 0.31652841 0.43059504 0.7359885 0.3077572 0.97308642 0.56379002 0.43469444 0.19383819 0.73354906 0.42481157 0.92089903 0.55818063 0.55591494 0.16750836 0.690512 0.54258329 0.81247222 0.76972979 0.44538689 -0.16955838 0.90349358 0.44689685 0.16874307 0.66903865 0.61511236 -0.13007733 0.80353904 0.60443705 0.28265592 0.68699044 0.80293709 -0.2030987 0.84608948 0.77284741 0.19910826
0.55307746 0.31706476 0.41995978 0.73486602 0.30889374 0.96546102 0.5621267 0.43758926 0.18299058 0.73475593 0.42533377 0.91565418 0.55539596 0.55874717 0.14413789 0.70167553 0.54286093 0.8109569 0.77045542 0.44539076 -0.17220585 0.90499437 0.44681698 0.17136776 0.66898382 0.61507696 -0.12936929 0.80247575 0.60468429 0.28826293 0.68709731 0.80293602 -0.1953676 0.83406287 0.78170294 0.22510099
0.55249029 0.31708387 0.41542304 0.73261207 0.31206125 0.96036333 0.55883455 0.43781215 0.15376568 0.73493767 0.42624715 0.90410125 0.55454439 0.56012368 0.05824748 0.70168233 0.54474044 0.79961234 0.77068645 0.44511595 -0.17252941 0.90541267 0.44678944 0.17168991 0.66916108 0.61493278 -0.13292852 0.80062348 0.6049757 0.28880772 0.68724769 0.80296612 -0.2137989 0.82359827 0.78180176 0.20839466
0.55086058 0.32058573 0.42362702 0.73236793 0.31437644 0.95728147 0.55763954 0.43908641 0.15375127 0.73561805 0.42623624 0.8965559 0.5545361 0.55970681 0.06323969 0.70502043 0.54002064 0.79237151 0.77027887 0.44508079 -0.17140265 0.90591872 0.44662079 0.17058654 0.66730326 0.614236 -0.13216692 0.79778612 0.60513687 0.27706531 0.68804359 0.80311406 -0.20871393 0.81908429 0.78226715 0.18945928
0.55021614 0.32201213 0.44970235 0.72908801 0.31462258 0.97516763 0.55703318 0.4397493 0.16959114 0.72754842 0.4273102 0.90885627 0.55454731 0.55948567 0.06916082 0.69434524 0.54573691 0.79235566 0.76976699 0.44450432 -0.17323092 0.90588278 0.44610551 0.17245547 0.6653077 0.61391628 -0.14207581 0.7965014 0.60531747 0.27616909 0.6880216 0.80310959 -0.21667711 0.81286991 0.78219414 0.18970922
0.54902172 0.32456893 0.47769663 0.72649336 0.31571743 1.0087055 0.55636275 0.4423967 0.2103463 0.72479326 0.42889056 0.94072241 0.55249882 0.56131226 0.15234615 0.69417113 0.54935962 0.81279343 0.76931232 0.44171602 -0.17780724 0.90584224 0.44379935 0.17709567 0.66333979 0.61390364 -0.14965282 0.79476184 0.60520828 0.27797008 0.68870163 0.80317682 -0.21552745 0.81006891 0.78128886 0.19451971
0.54732275 0.3264282 0.49781004 0.7236194 0.31722659 1.0342288 0.55570424 0.44535416 0.22084586 0.72556669 0.43016112 0.96865582 0.55138719 0.56394488 0.15244848 0.71515512 0.54493839 0.84565371 0.7670536 0.44173592 -0.18329199 0.90583313 0.44369796 0.18263669 0.6610043 0.6139487 -0.15498647 0.79270619 0.6059112 0.27949348 0.68869811 0.80320519 -0.2132152 0.80638027 0.78067803 0.21638902
0.54614031 0.32691517 0.4951185 0.72373682 0.32006872 1.02010226 0.55408067 0.44764033 0.21010627 0.72603923 0.43461773 0.95244342 0.55111969 0.56400412 0.11052988 0.72309762 0.5436824 0.83534551 0.76712233 0.44069907 -0.18319324 0.90567064 0.442913 0.18253841 0.66054511 0.61388451 -0.15181664 0.7908712 0.6072737 0.28037027 0.68881136 0.80325329 -0.21142799 0.80501163 0.78213435 0.21618322
0.545403 0.32778218 0.52276993 0.72351331 0.32184759 1.04845917 0.55258089 0.44918311 0.24101777 0.72477281 0.43548962 0.98539519 0.54809374 0.56476933 0.15963165 0.71148473 0.54894435 0.86620623 0.76744717 0.44010058 -0.18441838 0.90565562 0.44292372 0.18381791 0.6572184 0.61279583 -0.14950193 0.79012924 0.60755521 0.28202865 0.68549562 0.80258822 -0.17448121 0.80533314 0.78214347 0.24220629
0.54450321 0.32915598 0.52177316 0.72333437 0.32194385 1.04461277 0.55212772 0.45007762 0.25218591 0.72486222 0.43532568 0.98579329 0.54692203 0.56436318 0.19069982 0.71791106 0.54307389 0.86803681 0.76757002 0.43959141 -0.18358837 0.90541452 0.44271401 0.1830146 0.65680641 0.61087716 -0.14370108 0.788948 0.60742706 0.27847433 0.68534875 0.80201352 -0.168138 0.80372155 0.78206807 0.23854144
0.54439062 0.32854933 0.51655954 0.72259742 0.32168669 1.04416454 0.55167633 0.44984323 0.24267115 0.72430074 0.43597656 0.9847464 0.54577619 0.5643391 0.16856785 0.70910788 0.54691434 0.86380267 0.76577646 0.43964106 -0.1838374 0.90499079 0.44243124 0.18325919 0.65538305 0.60944664 -0.14341711 0.78817022 0.60734463 0.27917606 0.68536496 0.80175632 -0.17267759 0.80236965 0.78145111 0.23501723
0.54400426 0.32884818 0.50703567 0.72105461 0.32141784 1.05581367 0.55172199 0.44949469 0.23988111 0.73249197 0.43519676 0.9918198 0.54518944 0.56408536 0.16308562 0.71864957 0.54422587 0.87456441 0.76658648 0.43938917 -0.18868423 0.90459371 0.44242683 0.1880978 0.65304482 0.60736489 -0.14069192 0.78786361 0.60712177 0.28951439 0.68528694 0.80094558 -0.15328045 0.80117822 0.78092796 0.26049256
0.54417908 0.32860154 0.4858321 0.71655059 0.3210381 1.05334997 0.55177015 0.44921169 0.23337379 0.73250908 0.4350175 0.98252416 0.54322314 0.56403625 0.16697121 0.71795994 0.54350948 0.86651903 0.76579696 0.44143337 -0.1900076 0.90398014 0.44238427 0.18946224 0.65282786 0.60702986 -0.12851962 0.78751862 0.60672063 0.3141678 0.68521059 0.80100435 -0.12796356 0.80155164 0.78029037 0.3301321 
0.5440957 0.32838202 0.48549962 0.71577406 0.32028371 1.04416692 0.55204457 0.44900081 0.23287602 0.72983021 0.43577436 0.98555344 0.54272687 0.56338257 0.14245257 0.70125908 0.54419124 0.86185014 0.76415139 0.44190902 -0.19369306 0.90039563 0.44272768 0.19325507 0.65287519 0.60715276 -0.12894702 0.78612429 0.60675591 0.33029765 0.68520552 0.80127275 -0.12845565 0.801826 0.78004551 0.35735035
0.54433501 0.32755592 0.45688909 0.71281916 0.31813306 1.01639938 0.55208975 0.44280514 0.16561951 0.73058212 0.4353793 0.98230129 0.54286039 0.55992389 0.04251149 0.70125502 0.54095358 0.86097986 0.76314193 0.44249663 -0.19358696 0.89907324 0.44294995 0.1931335 0.65281028 0.60702682 -0.11042178 0.78542393 0.60675204 0.32288116 0.68506336 0.80123508 -0.07976934 0.80134493 0.78007901 0.33791667
0.54496765 0.32014418 0.43792692 0.70751107 0.3144919 1.01384223 0.55214119 0.4370589 0.16625567 0.734128 0.43163949 0.97942513 0.54290086 0.55778939 0.07389426 0.70798379 0.53521878 0.8596223 0.76321346 0.4425686 -0.19800667 0.89622146 0.44327924 0.19758607 0.6529038 0.60709697 -0.11270744 0.7806859 0.60693306 0.32601246 0.6853317 0.80136073 -0.08688708 0.7999633 0.78007096 0.35729441
0.54497969 0.31432393 0.43718103 0.70288253 0.31101558 1.0139513 0.55208582 0.43447259 0.17357853 0.73384833 0.43015629 0.97793883 0.54270178 0.55578238 0.07624325 0.70985901 0.5355019 0.85769004 0.7628175 0.44189411 -0.19779934 0.89548004 0.44331816 0.19736761 0.65184069 0.60698867 -0.11382107 0.77775085 0.60652423 0.32232496 0.6854704 0.80157828 -0.09297188 0.79958254 0.78009516 0.34089845
0.54557711 0.30823091 0.48661003 0.70327455 0.30663055 1.04124212 0.55196542 0.43003848 0.24612795 0.74909335 0.42333296 1.00387347 0.54230261 0.55027568 0.19525433 0.73621356 0.52166486 0.90160722 0.76102734 0.44247007 -0.19732054 0.89317137 0.44491559 0.1968825 0.65173626 0.60704321 -0.10574231 0.77685851 0.6067096 0.32477522 0.68547696 0.80241233 -0.05973564 0.79804754 0.78040177 0.36965916
0.54561502 0.3049888 0.48553833 0.70368594 0.3027958 1.04562724 0.55199856 0.42861038 0.24324587 0.74740863 0.42288893 1.02221036 0.54151005 0.54564971 0.21500449 0.73390931 0.52366745 0.92670727 0.75916427 0.44436795 -0.19979551 0.88867128 0.4459869 0.19942372 0.65132695 0.60705072 -0.10744663 0.77612603 0.60676008 0.36070767 0.68559867 0.80264592 -0.07159666 0.79812109 0.77963024 0.42255384
0.547252 0.29873616 0.44792238 0.70437169 0.29636496 1.06785917 0.55263031 0.42526516 0.22300848 0.75029647 0.41939592 1.04209471 0.54087484 0.54110235 0.18878472 0.7305299 0.52320737 0.94210196 0.75881356 0.44435453 -0.21053658 0.88401371 0.4459708 0.21015602 0.65134454 0.60723609 -0.13263869 0.7698108 0.60643154 0.36262143 0.68752033 0.80263692 -0.08932208 0.79637575 0.77796185 0.41089824
0.54839247 0.29427606 0.42213047 0.70619994 0.28991306 1.05189943 0.55385178 0.41906369 0.18058024 0.75825709 0.41655535 1.02565289 0.54024649 0.53515983 0.13128935 0.73157984 0.51673567 0.93197489 0.75648135 0.44438595 -0.20916338 0.87780654 0.44592819 0.20876919 0.65115768 0.60765988 -0.13196385 0.77010894 0.60638136 0.35399696 0.68714601 0.80259287 -0.08652303 0.79643905 0.77770686 0.38798955
0.55095488 0.28916129 0.36824358 0.71180826 0.28510794 0.98259795 0.55533952 0.41644976 0.16163521 0.75614005 0.41584948 0.99183893 0.53760672 0.52988005 0.13276921 0.71535909 0.51898342 0.92288506 0.75249028 0.44460139 -0.20318414 0.87357754 0.44582415 0.20274849 0.65059829 0.61167258 -0.14200141 0.76982999 0.60660392 0.34771556 0.68727845 0.80274791 -0.13586023 0.80014998 0.78060472 0.3331627 
0.55196631 0.28362525 0.34718511 0.71928018 0.2824963 0.92920011 0.55539578 0.41173586 0.12775119 0.75016224 0.41628188 0.930924 0.53768092 0.5244562 0.07804698 0.69804871 0.52043766 0.87318987 0.74344981 0.44504735 -0.20272966 0.86935192 0.44580013 0.20225836 0.65059566 0.61173022 -0.17117301 0.76984262 0.60627991 0.34432784 0.68375534 0.80244976 -0.2386135 0.8069104 0.78075922 0.30918744
0.55665863 0.27698964 0.33313861 0.73134863 0.27868348 0.90154058 0.55554032 0.40625355 0.13851798 0.74424374 0.41518742 0.91096061 0.53773379 0.5184406 0.18982247 0.67959714 0.51740557 0.85743731 0.74112046 0.44537315 -0.18674695 0.86704367 0.44550639 0.18614729 0.64970833 0.61344838 -0.14924592 0.76939982 0.60608852 0.32173204 0.68088323 0.80092329 -0.19985868 0.81099761 0.78074563 0.23606265
0.55909109 0.27012336 0.33232859 0.7361812 0.27424702 0.85976863 0.55585533 0.39816982 0.16694437 0.74173653 0.39522138 0.88045704 0.53747296 0.50759041 0.22903374 0.67905217 0.5022375 0.84895146 0.73404205 0.44807288 -0.17588978 0.85922909 0.44548643 0.17522304 0.64857763 0.61876023 -0.11171102 0.76958787 0.60693389 0.30880773 0.68475616 0.80150932 -0.18904865 0.81315589 0.77977222 0.23386092
0.56610215 0.26329914 0.32824117 0.74418545 0.27059823 0.83231848 0.55914605 0.39147821 0.18130408 0.74208009 0.40118587 0.8545922 0.53741318 0.50300038 0.23554201 0.68193722 0.49365851 0.84673595 0.72963065 0.44994763 -0.166178 0.85773391 0.44507506 0.16543426 0.64712954 0.62194091 -0.09444869 0.76967794 0.6075018 0.2817758 0.68679827 0.80434388 -0.18232398 0.81269604 0.77977681 0.20205757
0.57286364 0.25791723 0.34094256 0.75734222 0.26868442 0.83393896 0.56273144 0.38660738 0.19775368 0.74407071 0.3931008 0.87304556 0.53702748 0.49207705 0.23937462 0.67979831 0.48948827 0.87944949 0.72271073 0.45016238 -0.16217142 0.85738689 0.44375929 0.16142139 0.64567512 0.62214571 -0.08876976 0.76789957 0.6079126 0.25601822 0.685821 0.80711013 -0.18970276 0.80460912 0.77961469 0.17652133
0.58042997 0.25289649 0.34595034 0.7662459 0.26226193 0.80411452 0.57034522 0.38001144 0.16544573 0.76085019 0.39638478 0.81917864 0.53755432 0.4822101 0.10652199 0.70143753 0.48708564 0.79796183 0.71309674 0.45206961 -0.16429409 0.85156637 0.44392955 0.16361925 0.64565116 0.62267977 -0.07718571 0.76701254 0.60856551 0.2563768 0.69209707 0.80726838 -0.18401951 0.8046574 0.77966607 0.19449483
0.5895952 0.24284585 0.29685411 0.77858913 0.2589961 0.80353737 0.57533002 0.36612454 0.11597008 0.76193595 0.39485523 0.82501709 0.53815567 0.47213873 0.07710256 0.69579136 0.48379928 0.79364473 0.70913631 0.45176792 -0.16657074 0.84505516 0.44392785 0.1659165 0.64645046 0.62203288 -0.08576062 0.76715702 0.60911793 0.25102407 0.69717032 0.80593687 -0.2013136 0.80466515 0.77787024 0.18128574
0.59574747 0.23573607 0.28518099 0.79100621 0.25299188 0.78986943 0.57784641 0.35776815 0.13039747 0.77361399 0.38808057 0.81594598 0.53881449 0.46715549 0.19709356 0.70943296 0.47505537 0.79081994 0.70204836 0.45135754 -0.16804324 0.83833766 0.44266319 0.16740415 0.646685 0.62243611 -0.08957471 0.76725519 0.60948503 0.25078189 0.69677103 0.8045423 -0.21303734 0.80304003 0.77789629 0.16641998
0.60274994 0.22555 0.23592009 0.80277967 0.24539608 0.78863579 0.58301663 0.34814468 0.12112969 0.77772391 0.37757286 0.83674783 0.53990173 0.4553985 0.20364049 0.72503781 0.43745443 0.80013782 0.69774753 0.44649476 -0.16845714 0.82988602 0.4394201 0.16775666 0.64671421 0.62209213 -0.10199704 0.76696092 0.60911828 0.2486513 0.69621855 0.80384266 -0.24262364 0.8033759 0.77767789 0.14893423
0.61015344 0.21736392 0.00980372 0.81428736 0.24034545 0.6211561 0.58919591 0.34034503 -0.07290002 0.77694774 0.36903682 0.72764474 0.5413118 0.44568115 0.0189626 0.72340852 0.42530155 0.77741063 0.69083583 0.44613466 -0.17191313 0.8238315 0.43959519 0.17135866 0.64999133 0.62485397 -0.11713052 0.76661128 0.60941046 0.2555373 0.6961692 0.80431151 -0.21583723 0.80344427 0.77730054 0.21078792
0.61874449 0.21210857 -0.15496467 0.82211053 0.23059055 0.48538783 0.59237987 0.33931541 -0.21572618 0.78577101 0.35870293 0.57915181 0.54207075 0.44073474 -0.09520514 0.72267866 0.42015293 0.57784683 0.68778062 0.44328985 -0.18567742 0.8176319 0.43841517 0.18531296 0.65412688 0.624497 -0.17083603 0.76626289 0.6091457 0.25655487 0.70122278 0.80636495 -0.23358504 0.80341202 0.77715868 0.24660161
0.62741166 0.20676805 -0.15854193 0.83159 0.22379352 0.48644716 0.59679288 0.33385363 -0.21084233 0.79268354 0.33743754 0.5660283 0.54235977 0.43825722 -0.06693278 0.73222435 0.41430643 0.56019878 0.6860469 0.43918958 -0.1869932 0.81309199 0.43650743 0.18654834 0.65708286 0.62430155 -0.1751743 0.7663185 0.60740924 0.24988757 0.70384663 0.80703056 -0.23221685 0.80638158 0.77622885 0.24383429
0.63649565 0.19714449 -0.04452128 0.8420006 0.21974854 0.51416588 0.60066992 0.32918328 -0.11118385 0.79201508 0.32793838 0.59107292 0.54292625 0.43245548 0.00461886 0.73374909 0.40809023 0.63673556 0.68220705 0.43269053 -0.1798238 0.80872387 0.43254748 0.17938459 0.65950519 0.62423539 -0.16758555 0.76910323 0.60633218 0.23366831 0.70364553 0.80698162 -0.23508114 0.80655301 0.77724385 0.22533692
0.64776003 0.19117419 -0.10037219 0.85737157 0.21734481 0.52213627 0.60472709 0.32463068 -0.17731461 0.79078656 0.32506487 0.57925874 0.54291439 0.42805547 -0.06119019 0.730501 0.40436992 0.58850825 0.68118864 0.42904165 -0.18386257 0.8086217 0.43061301 0.18331859 0.66169643 0.62413818 -0.18400863 0.77034599 0.60523039 0.23065269 0.70302635 0.80779439 -0.24727303 0.80667382 0.77864206 0.22496766
0.65461576 0.1837123 -0.11607583 0.87247044 0.21202095 0.49245206 0.60979331 0.31462866 -0.1869327 0.80778468 0.31749856 0.53419352 0.54518855 0.42398039 -0.05229919 0.74208122 0.38643742 0.53070152 0.6779117 0.42383605 -0.18971004 0.80712497 0.42659271 0.18917783 0.66501004 0.62403733 -0.18287095 0.77515799 0.60484058 0.235434 0.70253593 0.80776691 -0.24583706 0.81049347 0.77872109 0.25387013
0.66494274 0.18016215 -0.13313293 0.88741845 0.2128838 0.53379607 0.61585224 0.31166425 -0.23532945 0.82165283 0.31866357 0.55891216 0.54641455 0.42142269 -0.11325441 0.74614817 0.37655261 0.51239449 0.6796369 0.42214191 -0.20766051 0.80749518 0.42591673 0.2071538 0.66944551 0.61947745 -0.20229502 0.77733123 0.60369968 0.24095507 0.7003231 0.80715144 -0.25125939 0.81452626 0.77742893 0.26388896
0.67595756 0.17927529 -0.1851308 0.89706957 0.21216024 0.47464436 0.62029123 0.31179455 -0.26721945 0.83187062 0.31468311 0.51714098 0.54779798 0.42017066 -0.13533938 0.7488023 0.36145493 0.49329597 0.68106729 0.42044613 -0.2099077 0.80905533 0.42469588 0.20930612 0.67373723 0.61566657 -0.19162056 0.78373384 0.60066015 0.24259087 0.70145273 0.8071568 -0.21487558 0.82015043 0.77520752 0.27788648
0.69312543 0.17686909 -0.26289549 0.90117478 0.21052596 0.39644867 0.62891281 0.31298515 -0.32201138 0.85234743 0.31900537 0.4596585 0.54866916 0.42262724 -0.16644508 0.76006979 0.35900831 0.45786667 0.68198711 0.42095983 -0.20892562 0.81019592 0.42531613 0.20825994 0.67697179 0.6143986 -0.13532269 0.78873265 0.59993881 0.27760816 0.70127052 0.80705953 -0.11454221 0.82072401 0.7748124 0.35165268
0.70528209 0.17691354 -0.28345326 0.9026497 0.21009447 0.36993486 0.63791549 0.31510913 -0.33758497 0.854949 0.32290596 0.41140833 0.5532499 0.42478162 -0.17503421 0.76997542 0.36755911 0.39813828 0.68248391 0.42141011 -0.20803979 0.80970502 0.42580941 0.20731652 0.67732316 0.6145497 -0.11446278 0.79041934 0.60011995 0.2895093 0.70008427 0.80722833 -0.08322073 0.82025564 0.77470893 0.3721737 
0.71332413 0.17915481 -0.32416105 0.90924019 0.21137966 0.32834303 0.64346552 0.31770408 -0.36773372 0.86554295 0.32501063 0.39894468 0.5590409 0.42625809 -0.19830467 0.77428055 0.36749998 0.42243937 0.68273753 0.42208844 -0.20873143 0.80993915 0.42723897 0.20793645 0.67903066 0.61458164 -0.10720788 0.7946679 0.60052586 0.29836485 0.70036864 0.80686474 -0.07290073 0.82045776 0.7749961 0.39206478
0.71989566 0.18079014 -0.36370042 0.90958542 0.21258542 0.29814187 0.64696229 0.31904849 -0.41583556 0.86513913 0.32641476 0.34532902 0.56363404 0.42766079 -0.24257581 0.77493888 0.37448528 0.32098615 0.68310422 0.42249748 -0.20983465 0.80962926 0.4303433 0.20903003 0.68059456 0.6147598 -0.09788201 0.79683381 0.60173595 0.31738535 0.69925088 0.80659598 -0.0547451 0.81854445 0.77565348 0.43161091
0.72093844 0.18218008 -0.36715418 0.91378301 0.21306477 0.28410143 0.64879149 0.31946126 -0.39721611 0.86891752 0.32740545 0.40397397 0.56589979 0.42850605 -0.19560964 0.77888167 0.37159136 0.46055749 0.68391854 0.42293862 -0.20911282 0.80993044 0.43172494 0.20831995 0.68506491 0.61382389 -0.0616234 0.7986505 0.60246837 0.33520982 0.69972515 0.80640948 -0.00274334 0.81487966 0.77711755 0.46499571
7.20966756e-01 1.83181703e-01 -3.73211414e-01 9.15663660e-01 2.13499829e-01 2.67877460e-01 6.49218440e-01 3.19700509e-01 -4.01324064e-01 8.76550138e-01 3.27668607e-01 4.15554851e-01 5.66974401e-01 4.29040819e-01 -1.95743397e-01 7.82693028e-01 3.62200618e-01 5.35809219e-01 6.85139358e-01 4.23054516e-01 -2.08925471e-01 8.10271978e-01 4.32453245e-01 2.08060160e-01 6.92024171e-01 6.13999307e-01 -5.44065312e-02 8.01866472e-01 6.03197992e-01 3.31603169e-01 6.99967980e-01 8.06399941e-01 8.04868701e-04 8.13422441e-01 7.77854323e-01 4.56426620e-01
0.72063655 0.1838221 -0.35501778 0.91462874 0.21265824 0.28479984 0.65034103 0.32046068 -0.38861397 0.87461799 0.32818291 0.3824766 0.56910956 0.42946559 -0.18069695 0.78264242 0.36689398 0.45725149 0.68714142 0.42332399 -0.2081506 0.81218743 0.43254724 0.20721297 0.69551879 0.61413401 -0.06691838 0.80259138 0.60320824 0.32308742 0.69994318 0.80631989 -0.02587725 0.8132813 0.77718604 0.43038461
0.72048223 0.18394536 -0.3478874 0.91599774 0.21286763 0.2910648 0.65184861 0.32116967 -0.37757942 0.88066924 0.32852128 0.41183648 0.57091749 0.42957544 -0.17313766 0.79189742 0.360396 0.53616673 0.68840462 0.4233416 -0.20775495 0.81563091 0.43255177 0.20683858 0.6960392 0.61417305 -0.07594237 0.80367064 0.60322344 0.32259658 0.69979823 0.80631024 -0.04549268 0.81308424 0.77706987 0.41433507
0.71977633 0.18369462 -0.34481597 0.91539335 0.21098763 0.29697734 0.65202272 0.3216483 -0.37407118 0.87902188 0.32730865 0.39664763 0.5712983 0.4297682 -0.17083178 0.79162347 0.36401838 0.48018187 0.68990541 0.4228045 -0.20765597 0.81804925 0.4320524 0.20671539 0.69587833 0.61406261 -0.07932676 0.80371672 0.602961 0.32003912 0.69946176 0.80636913 -0.05139023 0.81285042 0.77700162 0.40682334
0.71771955 0.18303968 -0.34617531 0.91325587 0.20933661 0.30237827 0.6517505 0.32180324 -0.37212068 0.8757962 0.32638517 0.36703581 0.57165492 0.42992374 -0.15596193 0.78912252 0.37048092 0.38957793 0.69140351 0.42256829 -0.20755336 0.81862843 0.43193924 0.20660947 0.69530219 0.61413682 -0.08221415 0.80439866 0.60328197 0.31669968 0.69945347 0.80643624 -0.05773037 0.8128801 0.77752459 0.41058272
0.71777439 0.18234991 -0.33667371 0.91215235 0.20865417 0.31417924 0.65288663 0.32129791 -0.36802086 0.87498635 0.32490653 0.37064371 0.57289273 0.42985067 -0.15533157 0.78942055 0.37101313 0.36941653 0.6929974 0.42179462 -0.20744622 0.81923407 0.43143314 0.20651095 0.69476652 0.61421084 -0.09307832 0.80468231 0.60345715 0.29935145 0.69944108 0.80665857 -0.07611237 0.81288415 0.77915913 0.38582286
0.71666265 0.18223636 -0.33773592 0.91180003 0.20892571 0.3201147 0.65229565 0.32148838 -0.36903644 0.87369889 0.32469833 0.37563685 0.57332712 0.42987591 -0.15490089 0.78877014 0.37357795 0.37359536 0.69497865 0.42147103 -0.20729582 0.82087576 0.43118536 0.20636709 0.69465077 0.61425853 -0.10086894 0.80533171 0.60360092 0.29321566 0.69940358 0.80611008 -0.08300586 0.81287336 0.7791872 0.37780002
0.71595752 0.18193908 -0.34615716 0.9117859 0.20914216 0.31974962 0.6520142 0.32135928 -0.38486001 0.87281734 0.32433107 0.37167156 0.57332087 0.42979929 -0.17592783 0.78781223 0.37267867 0.37012997 0.69660032 0.42137203 -0.20778225 0.82233441 0.43109658 0.20685951 0.69441283 0.6142754 -0.10271459 0.80627453 0.60379887 0.29569811 0.69958639 0.80623567 -0.08336686 0.81256783 0.77936339 0.38597041
0.71495038 0.18174018 -0.3391673 0.91155875 0.20929606 0.32139665 0.65167236 0.32046479 -0.37812662 0.87150782 0.32370153 0.37143883 0.57367897 0.42972082 -0.17334996 0.78732246 0.3724179 0.35971636 0.69742757 0.42107427 -0.20821993 0.823668 0.43052116 0.20728943 0.69422346 0.61430258 -0.10886352 0.80641508 0.60408378 0.29705337 0.69965279 0.80684078 -0.09735728 0.81253505 0.77936548 0.38562438
0.71437353 0.18139336 -0.3281655 0.91070491 0.20921227 0.32288718 0.65144825 0.31979746 -0.36329421 0.86586732 0.3221826 0.37039128 0.57424992 0.42958778 -0.15271007 0.78685129 0.37247914 0.36711693 0.69794798 0.42074385 -0.20813766 0.82395405 0.43013412 0.2072006 0.69314289 0.61404735 -0.10873725 0.80616808 0.60400581 0.29684013 0.70089823 0.80692142 -0.09774774 0.8122912 0.77924037 0.38177168
0.71157545 0.1809731 -0.32741106 0.90733874 0.20899411 0.32662386 0.65044087 0.31957647 -0.36972311 0.86487305 0.32179159 0.35945681 0.57537144 0.42960703 -0.18777153 0.78663385 0.38751659 0.33604428 0.69833869 0.42077789 -0.21082458 0.82523888 0.43015698 0.20990801 0.69039875 0.6140517 -0.11643893 0.80523026 0.60428214 0.30164197 0.70214576 0.80695611 -0.10405667 0.81194949 0.77956873 0.39479536
0.70486373 0.18102826 -0.31414595 0.90093058 0.2090092 0.34927845 0.64841843 0.3193647 -0.35413751 0.85716486 0.32191738 0.36112109 0.57573795 0.42963517 -0.18439166 0.78641009 0.39469579 0.35102126 0.69934565 0.42045784 -0.21208091 0.82718742 0.42980173 0.21118782 0.68854809 0.61408293 -0.14193702 0.80327773 0.60425365 0.29250908 0.70210475 0.80829799 -0.15565673 0.81174695 0.77980936 0.36646488
0.69486874 0.18158181 -0.27392498 0.89376146 0.20901075 0.36161631 0.64369732 0.31919661 -0.32483396 0.84502876 0.32101542 0.3684825 0.5748983 0.42970946 -0.17270593 0.778678 0.39650431 0.36220583 0.69992775 0.4204196 -0.21202786 0.8289659 0.42948511 0.21115035 0.68372154 0.61346442 -0.15535381 0.79953247 0.60286939 0.29032806 0.70089191 0.8082096 -0.17031424 0.81148171 0.77951622 0.3578192 
0.68247688 0.18333541 -0.19982345 0.88407665 0.20988397 0.43514103 0.63759232 0.32065973 -0.26443574 0.83285546 0.3264966 0.453233 0.57321578 0.43173391 -0.11277316 0.77396774 0.39578998 0.44938394 0.70201236 0.4203333 -0.21174058 0.83170182 0.42926508 0.21088621 0.67803192 0.612674 -0.17103797 0.79216504 0.60232431 0.27050406 0.69999361 0.80802172 -0.19422579 0.81147057 0.77940238 0.3055706 
0.67674673 0.18451068 -0.17181805 0.88248312 0.21036236 0.49269161 0.63305944 0.32193995 -0.23243618 0.83601904 0.33375537 0.50745499 0.5722608 0.43277529 -0.06792048 0.77370274 0.40173811 0.48833504 0.70403862 0.41945404 -0.21256925 0.8384369 0.42820433 0.2117478 0.67450857 0.61079866 -0.18051897 0.78947127 0.60088891 0.26509506 0.6982317 0.8076492 -0.19810438 0.81376165 0.77955151 0.29684997
0.66822875 0.18762197 -0.14064468 0.8829397 0.21665801 0.52291816 0.62534153 0.32451373 -0.21658885 0.83260089 0.3416777 0.54770041 0.56686002 0.43426847 -0.08173903 0.76392639 0.40553316 0.53263253 0.71214455 0.4219054 -0.21621023 0.84709162 0.42946127 0.21541145 0.67126173 0.61086076 -0.18921623 0.78402287 0.60094225 0.26699749 0.69928616 0.80770111 -0.22688951 0.81418759 0.77960664 0.29097915
0.6534425 0.19675632 -0.13405535 0.87930757 0.21971482 0.51912248 0.61910248 0.3290728 -0.20499116 0.83348364 0.34101856 0.54975843 0.56455499 0.43454427 -0.07923626 0.76632273 0.41318649 0.52932233 0.71738541 0.42666689 -0.21963516 0.85272914 0.43206102 0.21892329 0.66633129 0.61195087 -0.22577021 0.77861154 0.6025992 0.26612088 0.69925839 0.80894351 -0.29716015 0.81561571 0.77898622 0.25646079
0.64498937 0.20817451 0.0508703 0.87154722 0.22237331 0.72597629 0.6147756 0.33627036 -0.06540581 0.83452421 0.34134683 0.7215814 0.56359565 0.44034612 0.00956983 0.77991986 0.42896873 0.67005509 0.72365457 0.43115595 -0.22514594 0.85970092 0.43524975 0.22442526 0.66319096 0.61465162 -0.25173828 0.77721727 0.6064989 0.26109019 0.69924355 0.80916792 -0.44686905 0.81557614 0.779504 0.12891753
0.64051992 0.21639092 0.13257262 0.85221606 0.23171419 0.73820168 0.61180907 0.33958843 0.02308028 0.82323718 0.36131829 0.72696692 0.56217247 0.44623819 0.09899732 0.77775049 0.45117018 0.70339251 0.72623116 0.43463305 -0.22467093 0.86683959 0.43852788 0.22386846 0.66131908 0.61941594 -0.22839221 0.77714223 0.60838264 0.25614184 0.69356257 0.81014639 -0.4402006 0.81222892 0.77891487 0.11241278
0.63763112 0.2247902 0.14560935 0.83152914 0.24227405 0.7290284 0.60841662 0.34484613 0.05468694 0.81606311 0.3732892 0.73061556 0.56117594 0.45495045 0.14989242 0.76738489 0.46459991 0.72480202 0.73004729 0.43471602 -0.20369613 0.87102699 0.43947062 0.20269126 0.66226494 0.62051392 -0.22167066 0.77630126 0.6110577 0.24293117 0.69366032 0.810467 -0.46965271 0.80971009 0.78001535 0.05960275
0.62867844 0.23452438 0.12033374 0.82167572 0.24977146 0.69460696 0.60119331 0.35904714 0.04770898 0.81774926 0.38080916 0.71017575 0.55556148 0.46735185 0.17106125 0.75476664 0.47258183 0.70503658 0.73333591 0.44035229 -0.19527598 0.87535024 0.4453007 0.1942091 0.66258651 0.62054104 -0.2236575 0.77550447 0.61218727 0.23630241 0.6984759 0.81094682 -0.49178445 0.80824214 0.78056782 0.03328881
0.62216353 0.24272063 0.13461775 0.81423539 0.25994462 0.69515085 0.59603512 0.36638382 0.05354531 0.81459957 0.38305756 0.70972568 0.55581945 0.4770456 0.16765641 0.73347002 0.47568408 0.70240909 0.73907155 0.44716501 -0.19460964 0.88220894 0.44968539 0.19352013 0.66278994 0.62069893 -0.23445061 0.77595717 0.61234468 0.23917285 0.70910865 0.81111652 -0.54499966 0.80816489 0.78193671 0.01286682
0.61538595 0.25004718 0.16285317 0.80795866 0.26982915 0.70748335 0.59057218 0.37404874 0.06342921 0.81633651 0.38825312 0.70210648 0.55455732 0.49469316 0.16607502 0.73686826 0.48189911 0.67731446 0.74593019 0.44755718 -0.18700367 0.8923502 0.44975084 0.18584053 0.66315645 0.62085539 -0.20546465 0.77863091 0.61234349 0.26869431 0.70499837 0.8089211 -0.45805305 0.80423266 0.78185713 0.05152231
0.60171813 0.26105934 0.18382314 0.79749066 0.27981913 0.74788564 0.58635849 0.38354737 0.04318385 0.80959338 0.39488548 0.72890085 0.5546428 0.51166213 0.12237908 0.73902792 0.49151754 0.68603033 0.74867594 0.44866845 -0.18679763 0.89725798 0.44963229 0.18565674 0.66714185 0.62020952 -0.18516831 0.78317177 0.61187708 0.29696026 0.70266724 0.80674815 -0.44902632 0.80596954 0.7779606 0.17906295
0.59034532 0.27185357 0.17635791 0.78173178 0.28894812 0.71608573 0.5781545 0.39799541 0.04435072 0.80286574 0.40343824 0.72261864 0.55482739 0.52764946 0.12701698 0.74055767 0.5165996 0.61006206 0.75631243 0.4489488 -0.17977719 0.90469062 0.44996226 0.17852637 0.67418748 0.61697835 -0.14893469 0.79056573 0.61174589 0.29545379 0.69749027 0.80600131 -0.33466452 0.80606365 0.77795041 0.17836773
0.58484733 0.28484255 0.2726787 0.78786451 0.28067091 0.81584072 0.57334203 0.41459444 0.04846156 0.79617119 0.41087252 0.70882857 0.55492789 0.54496884 0.04780835 0.73190039 0.54209125 0.5810504 0.76234221 0.44769731 -0.17308448 0.92011094 0.44931453 0.17162149 0.67999727 0.61078966 -0.1009291 0.80155605 0.61015832 0.29679108 0.69681823 0.80463129 -0.33907965 0.80565113 0.77706492 0.1425752 
0.57787049 0.30186477 0.28223112 0.7812019 0.29013985 0.83131176 0.5722509 0.42852336 0.06738076 0.79276425 0.4254705 0.73286027 0.55650538 0.55894727 0.06067502 0.73348433 0.55445695 0.62428987 0.7702688 0.4515053 -0.17611685 0.92457688 0.44968012 0.17471403 0.67951214 0.61124909 -0.09718893 0.81253487 0.61010969 0.30833775 0.69770998 0.80465132 -0.29612529 0.81035638 0.77934623 0.14451952
0.58140016 0.32082647 0.31326807 0.77276582 0.3055909 0.79828018 0.56679708 0.43989694 0.0816281 0.78599864 0.435157 0.68902826 0.55666846 0.57278949 0.08370621 0.7350477 0.5727511 0.55000913 0.77876061 0.4536379 -0.17296316 0.93537116 0.45130068 0.17155254 0.68172413 0.61154807 -0.11903438 0.80988073 0.6108312 0.30064267 0.69669366 0.80476564 -0.28921232 0.80657905 0.78099793 0.10901789
0.57915372 0.33762753 0.38449615 0.74960738 0.31827918 0.92859435 0.56410527 0.46108818 0.10242049 0.73600274 0.44797018 0.80845618 0.55674034 0.58859009 0.05988503 0.68226475 0.58241171 0.68320239 0.78086305 0.45924062 -0.17312892 0.94246221 0.45544714 0.1717336 0.6813392 0.60990971 -0.12837376 0.80874264 0.60997528 0.32997483 0.69622636 0.79617888 -0.2370539 0.80663198 0.78014988 0.19094971
0.56876928 0.36281666 0.40414339 0.7321682 0.34222725 0.97812468 0.55858535 0.49144837 0.17708376 0.75206804 0.45381954 0.84881115 0.54925209 0.60785282 0.21745384 0.69789195 0.58061379 0.67529351 0.78008884 0.46061707 -0.1951331 0.93533844 0.45609456 0.19420883 0.67268091 0.61041224 -0.20379017 0.80767721 0.60992211 0.37235111 0.69085747 0.79649448 -0.23521963 0.80664229 0.78013867 0.38639632
0.56005466 0.39079741 0.40785569 0.71403623 0.35368112 0.96394259 0.55529028 0.52002025 0.20561571 0.74583232 0.47066113 0.79614794 0.54673529 0.62608826 0.28446013 0.70770139 0.58933926 0.571518 0.7790435 0.46399385 -0.19620071 0.93284166 0.46349517 0.19515629 0.65195709 0.61020589 -0.20002189 0.80342919 0.60764712 0.41627634 0.69099027 0.79612827 -0.26206425 0.80476093 0.78014028 0.35418665
0.56585056 0.40511706 0.37948951 0.70013809 0.38461304 0.89701712 0.55850786 0.53730267 0.17858198 0.72931468 0.50016701 0.7235893 0.54644704 0.64461935 0.2039873 0.71239263 0.61290008 0.44241509 0.77600497 0.46656829 -0.19539455 0.93028051 0.47403273 0.19443068 0.6265403 0.60921675 -0.11387495 0.7957561 0.60824096 0.36725214 0.66616976 0.79667896 -0.12662029 0.79761368 0.78158927 0.28661004
0.56800228 0.43017188 0.41234717 0.68930715 0.40423822 0.89687556 0.55951852 0.56353152 0.22224329 0.70894492 0.52605575 0.79987061 0.54374862 0.68311524 0.23536845 0.70870334 0.65328038 0.61538202 0.78335655 0.48469436 -0.19689685 0.93086571 0.48907748 0.19619152 0.60034561 0.60932446 -0.0777692 0.79298741 0.61726308 0.35262588 0.66961068 0.79624623 0.1098785 0.79448652 0.77977163 0.41419676
0.56904984 0.44844645 0.29615623 0.69062465 0.42251393 0.77009588 0.55611169 0.58324504 0.12591222 0.68576437 0.53423721 0.60996819 0.54475868 0.7042852 0.10713207 0.7077446 0.61579227 0.38371834 0.82717842 0.50144702 -0.19554354 0.93596065 0.50222135 0.19473152 0.59304029 0.60263658 -0.02565389 0.79061973 0.62428296 0.29955408 0.65865111 0.7738722 0.10292512 0.78970188 0.77963626 0.34542295
0.56254107 0.4637728 0.47803786 0.70318264 0.45091316 0.90213323 0.53399551 0.59016591 0.20076211 0.70069832 0.5629155 0.66045529 0.54496759 0.70524746 0.09779325 0.75059986 0.6461435 0.42852953 0.81345612 0.50369948 -0.19514091 0.91671848 0.50253052 0.19441822 0.58768302 0.60723001 -0.01458893 0.78340805 0.64370644 0.30178851 0.65436029 0.77984601 0.05684693 0.77098429 0.78297925 0.34465134
0.534536 0.47151789 0.50839138 0.70332623 0.45080787 1.00534093 0.50853616 0.5818693 0.25750431 0.72276819 0.53930914 0.82518148 0.53712422 0.70385194 0.16698107 0.81135625 0.63166654 0.62622458 0.80771953 0.50182259 -0.20922586 0.91267204 0.49887767 0.20851733 0.59028566 0.61193085 -0.00558004 0.77885312 0.64173436 0.31978336 0.65378654 0.78244549 0.05022725 0.77424681 0.78285652 0.33962429
0.52732265 0.4703722 0.47578084 0.70805335 0.46124664 1.01735008 0.49211353 0.57704657 0.26279166 0.7561391 0.55552286 0.91864973 0.53791291 0.70423096 0.18308446 0.82841492 0.65231156 0.83485091 0.80460632 0.4967621 -0.22382449 0.92066818 0.49588999 0.22326617 0.59436232 0.61276352 -0.00628035 0.77581805 0.64294732 0.34163508 0.64034718 0.78349775 0.06860283 0.77297878 0.78581756 0.35909209
5.24413168e-01 4.74924058e-01 4.31982696e-01 7.02285528e-01 4.58871216e-01 9.69864666e-01 4.98556644e-01 5.91951013e-01 2.20414773e-01 7.80527294e-01 5.41475832e-01 8.33536625e-01 5.38250029e-01 7.07595527e-01 1.59271896e-01 8.74803543e-01 6.46591187e-01 6.84654057e-01 8.11775863e-01 4.95727360e-01 -2.29219854e-01 9.37482357e-01 4.93077368e-01 2.28497803e-01 5.90345085e-01 6.13468885e-01 2.42747759e-04 7.76500463e-01 6.43738687e-01 3.47398311e-01 6.42417550e-01 7.89524376e-01 1.43012464e-01 7.73829460e-01 7.85451770e-01 4.26879287e-01
0.51891512 0.48002478 0.41754109 0.6976878 0.44532076 0.94354832 0.50802404 0.5981378 0.11318398 0.82405686 0.49533266 0.74598175 0.53885484 0.70895684 -0.05214435 0.95923972 0.54859316 0.52571088 0.81500995 0.49611154 -0.24414819 0.93991494 0.48981866 0.24339294 0.59301507 0.61287051 -0.01863218 0.77655715 0.64371508 0.38491753 0.64729679 0.78969008 0.13575034 0.78104597 0.78502661 0.49631009
5.21120250e-01 4.83356029e-01 4.43858832e-01 6.98921621e-01 4.36223000e-01 9.61868644e-01 5.11278152e-01 6.01476490e-01 1.27934426e-01 8.36977482e-01 4.75121140e-01 7.27363944e-01 5.46407938e-01 7.14303136e-01 -9.70633887e-03 9.69064891e-01 5.26085436e-01 4.49036270e-01 8.14733982e-01 4.96289074e-01 -2.45387495e-01 9.41400528e-01 4.75039482e-01 2.44600937e-01 5.91054916e-01 6.13059938e-01 -5.33101615e-04 7.74096906e-01 6.40393794e-01 4.00356710e-01 6.55026376e-01 7.96003163e-01 1.55445725e-01 7.79388428e-01 7.83628821e-01 5.23750722e-01
0.52342671 0.47620171 0.49411181 0.69820595 0.43213823 1.04804504 0.52124029 0.59689224 0.23414703 0.82250899 0.48410627 0.81785017 0.54858905 0.71286172 0.17464463 0.90066475 0.54248059 0.50239575 0.81398326 0.49508831 -0.24369109 0.94156891 0.46610945 0.2428087 0.58991724 0.63131303 -0.00448485 0.77466416 0.63955331 0.39529005 0.66611952 0.79652601 0.14924616 0.77977806 0.7775051 0.53170741
0.52671993 0.46722728 0.52543348 0.69474339 0.43145522 1.10013819 0.52554911 0.5877955 0.28313038 0.79696941 0.49090141 0.87357861 0.5460934 0.70565283 0.21869132 0.89509016 0.55505437 0.5334987 0.82381165 0.48994222 -0.246471 0.94487184 0.46449456 0.2455008 0.59045947 0.63262647 -0.00746238 0.77242404 0.63904727 0.38458893 0.67255098 0.79790998 0.10631339 0.77837753 0.77901036 0.48877281
0.52755797 0.463456 0.56401891 0.69297248 0.42502511 1.07322967 0.52886558 0.58333206 0.25396395 0.81254596 0.46711302 0.84165627 0.53945947 0.70169193 0.00169174 0.93541729 0.51123106 0.45876309 0.82376236 0.48405886 -0.24781023 0.94362372 0.45749041 0.2469355 0.59217155 0.61246479 -0.02520786 0.77268058 0.63866121 0.37934992 0.67489845 0.79773486 0.09016234 0.78194457 0.77903527 0.46517843
0.52732718 0.46025625 0.67598188 0.69201505 0.41247189 1.12578523 0.53264105 0.56781918 0.30079636 0.80913603 0.46284559 0.84328622 0.53603214 0.67645574 0.03803706 0.92919976 0.50471282 0.48168132 0.82232386 0.47886327 -0.24366121 0.94209379 0.44930378 0.24279624 0.63093817 0.62662375 -0.0268047 0.76939577 0.62833685 0.37446022 0.69443017 0.80170828 0.05312655 0.78309554 0.77487868 0.44598198
0.52624637 0.43861675 0.63923746 0.68905997 0.4026157 1.18773031 0.53838122 0.55024159 0.26386917 0.81777912 0.45155758 0.9191035 0.53449839 0.6584816 -0.04810625 0.93654031 0.49201059 0.57340509 0.82139182 0.4659414 -0.24765693 0.94163018 0.44559491 0.2467355 0.63938129 0.61902171 -0.06245055 0.76992142 0.6262095 0.357115 0.69173199 0.80118382 -0.0270619 0.78232598 0.77525651 0.38816097
0.52705544 0.42308122 0.60817671 0.67496306 0.38471669 1.15241146 0.5413444 0.5354082 0.26934138 0.80127329 0.44670999 0.8832916 0.53019005 0.64188272 0.02357731 0.88671744 0.48211119 0.51141798 0.82034731 0.45799792 -0.24535073 0.94072187 0.44387382 0.24444157 0.64476234 0.61261386 -0.07620772 0.77186298 0.6253249 0.32263121 0.69063854 0.80072588 -0.07924782 0.77688795 0.77944583 0.32887185
0.52640021 0.4000887 0.50637645 0.65273553 0.3758606 1.14965844 0.54416239 0.51691782 0.23852319 0.7860927 0.43537167 0.86733979 0.52658874 0.62191409 0.07306969 0.83847028 0.47423968 0.47720897 0.82621026 0.45069459 -0.24410033 0.93976092 0.44096884 0.24320987 0.64572924 0.6099208 -0.09856522 0.77428794 0.62381583 0.29202563 0.68923038 0.80050635 -0.10155385 0.77391857 0.78310508 0.305794 
0.52684504 0.37991273 0.49428344 0.6581912 0.3642492 1.10987926 0.54447854 0.49766591 0.23643254 0.78403729 0.433833 0.90981221 0.52543223 0.60121888 0.08044374 0.82842445 0.48806459 0.63346332 0.82564074 0.44634631 -0.2377622 0.93506151 0.43865475 0.2371777 0.64356512 0.60952514 -0.09257121 0.77418059 0.62233621 0.29419756 0.68903905 0.80068713 -0.12456746 0.7742973 0.78305984 0.27395564
