0.42725626 0.46109563 -0.70961082 0.27445078 0.58163744 -0.60830176 0.51320219 0.50241381 -0.35168323 0.35666814 0.64597213 -0.52740127 0.53052628 0.54967678 -0.16801867 0.40541941 0.6922701 -0.63462204 0.43250352 0.52464992 -0.05607275 0.34029415 0.57454878 0.05642208 0.38841972 0.64399028 -0.35574019 0.25934383 0.65576482 -0.25404245 0.39686111 0.77086544 -0.26242521 0.30191013 0.78811586 -0.36718887
0.41629058 0.49646699 -0.77373731 0.25797155 0.55694598 -0.58393407 0.51074195 0.55984408 -0.64936757 0.33620039 0.63068795 -0.44506413 0.52985162 0.67640674 -0.62943208 0.38600096 0.6770857 -0.49361765 0.43304417 0.54611701 -0.08230523 0.33721396 0.56652778 0.08260829 0.4001421 0.67648238 -0.20340896 0.2598615 0.66126621 0.04958728 0.37397262 0.79975104 -0.04648665 0.30723849 0.7843436 0.16531758
0.44014347 0.49801573 -1.04296899 0.25375491 0.55814451 -0.80039215 0.53829342 0.57815403 -0.94119054 0.3124384 0.62100655 -0.45311984 0.52955842 0.70512289 -0.91502804 0.34557104 0.64604086 -0.29664353 0.45999721 0.54599816 -0.07694238 0.33203617 0.56731576 0.07814253 0.45442009 0.67979372 -0.25896278 0.26232734 0.66470581 -0.09165915 0.38655069 0.80035549 0.13122949 0.29694596 0.789105 0.18766698
0.43464571 0.49921316 -0.9825418 0.25172246 0.5656321 -0.79023188 0.52478546 0.584665 -0.74875212 0.31209096 0.62383068 -0.39755419 0.5377025 0.70140034 -0.65072739 0.3284035 0.64592481 -0.11943568 0.4558523 0.5549258 -0.07978349 0.34336406 0.58058602 0.08055025 0.44634071 0.67360991 -0.30779764 0.29758161 0.66840631 -0.05846809 0.36369216 0.79602367 0.0409537 0.3081052 0.78193396 0.31089583
0.46067944 0.48399445 -0.96122277 0.2618137 0.54402429 -0.70009172 0.5433532 0.57304305 -0.84698057 0.32743362 0.61430615 -0.33997393 0.53862756 0.70197433 -0.83087444 0.36280826 0.65833247 -0.09197552 0.45951816 0.54285789 -0.08101225 0.35590404 0.56505275 0.08178656 0.46088666 0.66988641 -0.22574288 0.31971407 0.65846545 -0.03245077 0.36524361 0.79320961 0.05704599 0.30529904 0.77812368 0.21564148
0.4450376 0.47462493 -0.96087307 0.25963992 0.54569757 -0.70501065 0.53744823 0.56515491 -0.81183416 0.3612653 0.62321073 -0.46990365 0.53996152 0.69823939 -0.74855047 0.44046161 0.67277211 -0.42115018 0.46984738 0.54864973 -0.0883318 0.36034575 0.57236511 0.08884978 0.46635294 0.67898881 -0.08856366 0.32230255 0.67371982 0.22745056 0.37261257 0.79744208 0.26960182 0.30541861 0.78248483 0.52798492
0.43951815 0.46967658 -0.72251832 0.28979829 0.55555755 -0.64738029 0.52873117 0.56681329 -0.59128135 0.37517971 0.63926399 -0.54063052 0.53034621 0.69108367 -0.61382198 0.43724105 0.68723792 -0.58584076 0.43183163 0.52555233 -0.03643742 0.34894541 0.56506532 0.03666356 0.45589119 0.6657905 -0.20549704 0.34006757 0.66698462 0.21574546 0.37532076 0.79162854 0.01417137 0.31110445 0.78116417 0.19250254
0.43733913 0.46750125 -0.7338506 0.28547505 0.54408377 -0.59260958 0.52864063 0.56357616 -0.67672509 0.39018616 0.62525845 -0.50662267 0.52773893 0.69576001 -0.68925005 0.45865747 0.68023694 -0.5736903 0.44092757 0.52182269 -0.05079032 0.35531202 0.56116027 0.05109198 0.45275918 0.66398948 -0.24906006 0.34294298 0.67191315 0.17629105 0.37573156 0.79056942 -0.04460757 0.31142685 0.7915042 0.11025208
0.44712847 0.47744238 -0.94823563 0.26949447 0.54129654 -0.71477258 0.53121138 0.58305717 -0.91951936 0.37654904 0.62182707 -0.54176646 0.5249601 0.71054 -0.94965005 0.42756167 0.67551321 -0.55392611 0.44768253 0.52277362 -0.0635369 0.35561678 0.54673886 0.06381379 0.45485431 0.66695893 -0.25781918 0.33196944 0.66750801 0.05452015 0.37987563 0.78909469 -0.00892432 0.31389239 0.7849403 0.16047651
0.41103098 0.46837002 -0.77960449 0.26908606 0.5492211 -0.68583703 0.52774525 0.57671523 -0.69540298 0.38507149 0.63325858 -0.53326619 0.52321774 0.70475423 -0.70523107 0.47808364 0.69602841 -0.58314329 0.42853338 0.52528697 -0.04132943 0.34933579 0.56432557 0.04164049 0.45113727 0.66591817 -0.12497745 0.35061052 0.68133748 0.05082417 0.36658591 0.78727597 0.11722609 0.31818441 0.78606915 0.23883183
0.3846001 0.46767557 -0.78725481 0.26950639 0.54469562 -0.69230819 0.50495404 0.57667035 -0.71275681 0.38622367 0.63736856 -0.61941224 0.52261692 0.71042812 -0.72646207 0.43930843 0.72074944 -0.66701382 0.41810995 0.54484683 -0.01310153 0.35203233 0.57841402 0.01345669 0.45038152 0.67648518 -0.10036699 0.36993194 0.68062568 0.01963406 0.35261399 0.78575957 0.1413165 0.32911342 0.78393179 0.22462551
0.38703275 0.46796954 -0.72667301 0.29719138 0.54222834 -0.66600263 0.48507458 0.57515395 -0.60786486 0.39377376 0.63390964 -0.58474779 0.51549304 0.70486414 -0.57276881 0.45791465 0.71069407 -0.60193723 0.40350804 0.54455149 -0.00243139 0.35553819 0.57462996 0.00262748 0.45017573 0.67506993 -0.05704971 0.38652477 0.67800915 0.06487305 0.34966028 0.7858696 0.10925036 0.33716848 0.7868399 0.21269271
0.39168018 0.47697255 -0.65636063 0.29551178 0.54150528 -0.54920775 0.48835924 0.57959729 -0.58496892 0.38546821 0.63120389 -0.4499273 0.51804996 0.70751399 -0.60121095 0.42381978 0.70176059 -0.42238912 0.417285 0.54686582 -0.01961904 0.36744088 0.57158935 0.01983202 0.44679651 0.67196459 -0.14220782 0.37272355 0.6742382 0.0596745 0.35604599 0.78539783 -0.04273421 0.34361804 0.78465068 0.0532665 
0.39428905 0.47910812 -0.54415369 0.37437358 0.54070199 -0.55847168 0.48676255 0.58449119 -0.38618842 0.43558076 0.63017964 -0.45967066 0.51415116 0.70508045 -0.34365031 0.46763986 0.71479648 -0.44779363 0.37830308 0.53926969 0.02095951 0.37299198 0.56301117 -0.02053536 0.43172306 0.67016518 -0.04854376 0.40678287 0.66568148 0.05141851 0.34595647 0.78510565 -0.03294327 0.35145745 0.78726786 -0.02687678
0.37884718 0.47703487 -0.65020877 0.4392325 0.53802389 -0.75535256 0.39590436 0.55660164 -0.39280757 0.47545612 0.62540448 -0.70580375 0.48155716 0.60068536 -0.2830447 0.5337984 0.71473855 -0.76031977 0.31975046 0.52283615 0.08305088 0.37285209 0.54159379 -0.08254331 0.4019134 0.66529489 0.01739429 0.44304851 0.6557349 0.04415393 0.33028007 0.78522974 0.15117584 0.3671371 0.79150879 0.0491635 
0.34068272 0.50622153 -0.4857969 0.5026443 0.5240888 -0.60233194 0.32606888 0.55763799 -0.33651999 0.52793008 0.60452801 -0.67129833 0.40047801 0.61424541 -0.35258129 0.54036719 0.71054959 -0.63119316 0.27805054 0.50665319 0.11375129 0.38313946 0.50655705 -0.11306567 0.36205155 0.64404893 0.0376172 0.43571705 0.6389935 -0.117282 0.33487082 0.78503901 0.14244181 0.36382738 0.78987586 -0.12560095
0.34965241 0.49523741 -0.44651848 0.49113533 0.5282492 -0.54208767 0.38268051 0.50984544 -0.35611987 0.51751304 0.60669029 -0.60379905 0.43756244 0.53552413 -0.45422664 0.542952 0.71168751 -0.62515134 0.28844583 0.50836408 0.11316289 0.38686529 0.51842511 -0.11235544 0.35632142 0.62249875 0.11518279 0.44038641 0.6421054 -0.13003238 0.34002393 0.75985372 0.06530643 0.36379838 0.79447496 -0.37161502
0.32966498 0.48931992 -0.46533403 0.44280675 0.53025192 -0.47229621 0.39896512 0.52605301 -0.28671739 0.50774479 0.60622329 -0.39437914 0.47064838 0.58042735 -0.20875071 0.5280059 0.71314037 -0.38553265 0.31530359 0.50874799 0.0729171 0.39134109 0.52513683 -0.07230249 0.36927351 0.63216501 -0.11845315 0.42605266 0.64448637 -0.22412968 0.30596766 0.77276576 -0.21037824 0.35736686 0.80236447 -0.37021774
0.34155267 0.47411537 -0.4733845 0.43715915 0.53709769 -0.47034156 0.40672529 0.51045364 -0.25399932 0.50073516 0.60808694 -0.39272982 0.4829447 0.5429461 -0.16819306 0.52971625 0.71184832 -0.42193753 0.32647929 0.50931203 0.06843415 0.39268154 0.5363369 -0.06766328 0.37769184 0.65249884 -0.12742129 0.44529131 0.65603501 -0.22148904 0.2969391 0.78134567 -0.13495833 0.35400635 0.80825531 -0.30148399
0.32558909 0.47799405 -0.26053494 0.48021123 0.533939 -0.27809662 0.36873585 0.51611573 -0.15371609 0.51575851 0.60537297 -0.25781482 0.45280665 0.55835861 -0.19481774 0.52210695 0.71186632 -0.33099589 0.30277473 0.51168323 0.07610679 0.40026888 0.53094512 -0.07554528 0.36863232 0.64163011 -0.05123072 0.43930084 0.65211612 -0.20120659 0.30948001 0.77974135 -0.16236834 0.3534461 0.80431122 -0.41945502
0.32936034 0.49529544 -0.47892144 0.45130554 0.53310066 -0.43528381 0.38410708 0.56798673 -0.4635624 0.50703549 0.60628045 -0.48330113 0.46724987 0.67725253 -0.52358437 0.51761246 0.71333504 -0.5777337 0.30460438 0.51015544 0.03989018 0.38032594 0.52600849 -0.03923336 0.36965117 0.63511306 -0.10737678 0.4331679 0.65348953 -0.16753772 0.35612148 0.76670057 -0.25237232 0.35330594 0.80211711 -0.32873917
3.34142625e-01 4.97884214e-01 -3.65337074e-01 4.47758615e-01 5.33035040e-01 -2.29218662e-01 4.13695812e-01 5.81615031e-01 -3.72831583e-01 4.97042269e-01 6.08271897e-01 -2.71169871e-01 4.88306612e-01 6.54087961e-01 -4.72128868e-01 5.13026953e-01 7.16135800e-01 -3.84117931e-01 3.05688739e-01 5.07391572e-01 -4.09132103e-04 3.88612598e-01 5.27485371e-01 7.76596891e-04 3.73350531e-01 6.24990880e-01 -1.22206621e-01 4.29516554e-01 6.55582845e-01 -1.64039597e-01 3.69195342e-01 7.56539345e-01 -3.33263457e-01 3.38600159e-01 8.01069796e-01 -3.49928677e-01
0.35539269 0.49306983 -0.37666485 0.43860561 0.54298359 -0.31457272 0.42241952 0.52206898 -0.27822292 0.49248308 0.61249477 -0.30758524 0.4921875 0.55433309 -0.31739593 0.51889873 0.71498972 -0.41811752 0.31364167 0.50447762 0.03179755 0.38955134 0.52882034 -0.03128834 0.38893238 0.62667292 -0.10466997 0.43193698 0.6650514 -0.21468027 0.37152421 0.75695843 -0.2164475 0.33376765 0.80681318 -0.36173013
0.34492534 0.50322622 -0.41833344 0.46238449 0.53848475 -0.4870739 0.40665078 0.57672369 -0.43291685 0.50688004 0.60824311 -0.50053829 0.48400313 0.64648545 -0.53901017 0.52627534 0.71517074 -0.60006422 0.31233776 0.50579494 0.03977254 0.3921299 0.52097297 -0.03900047 0.38882002 0.64936662 -0.13841742 0.43170768 0.66472661 -0.21712428 0.32971784 0.77821177 -0.18973961 0.33400807 0.80863136 -0.30644289
0.34835592 0.50269628 -0.51674616 0.46065134 0.53304297 -0.50239205 0.41439304 0.59853804 -0.54488534 0.50429744 0.61011326 -0.5387789 0.48825458 0.68747193 -0.66772604 0.52245528 0.71746612 -0.66913748 0.31594986 0.50693512 0.03454065 0.399165 0.5215553 -0.03362637 0.3961674 0.65341789 -0.169478 0.42962646 0.64991528 -0.21993759 0.31734875 0.78150731 -0.20018856 0.33720341 0.80744058 -0.29596719
0.40645212 0.48041603 -0.46769047 0.43458748 0.54019725 -0.53499466 0.46916175 0.5532766 -0.24735686 0.45628515 0.63138366 -0.5215044 0.50693911 0.62220466 -0.13128509 0.49199054 0.73508859 -0.61381102 0.34824562 0.50657547 0.06627545 0.39256451 0.52504414 -0.06535848 0.4256039 0.65878808 -0.09479323 0.43103918 0.65102905 -0.29420063 0.3067297 0.78489274 -0.14201233 0.33152917 0.79796404 -0.38420922
0.39621881 0.47899649 -0.60669684 0.43487459 0.53846127 -0.63713515 0.46451014 0.56051695 -0.53072912 0.46568698 0.62831253 -0.62321049 0.53457236 0.64180219 -0.58123893 0.52213949 0.73561758 -0.70486951 0.34807527 0.50195372 0.06139765 0.39248356 0.52121329 -0.06055097 0.42160663 0.66066724 -0.10653827 0.43075427 0.65140826 -0.25362727 0.304364 0.78436798 -0.12670377 0.3323687 0.79469275 -0.36549789
0.40570474 0.47179133 -0.57576823 0.43436223 0.53118509 -0.62411326 0.47632062 0.5741533 -0.54346716 0.4674764 0.62755597 -0.635023 0.53962386 0.67649007 -0.64639252 0.52294153 0.73387825 -0.74736065 0.36626369 0.5024907 0.05854877 0.39233658 0.52570659 -0.05762254 0.43292981 0.66145808 -0.10636255 0.41544184 0.65282726 -0.27452594 0.30810729 0.78565246 -0.10882013 0.33264026 0.80452478 -0.34146655
0.35566467 0.49169633 -0.54533428 0.47081423 0.53187537 -0.61888003 0.38488841 0.59163344 -0.45714921 0.489737 0.6204223 -0.58312762 0.48523921 0.67542011 -0.46164852 0.53146273 0.73156887 -0.67460895 0.33899662 0.51244158 0.0780825 0.4094426 0.53328526 -0.07692309 0.40665221 0.66125101 -0.04990615 0.41793248 0.65295184 -0.1893688 0.31121567 0.78623676 0.02464719 0.33311126 0.80291969 -0.19400774
0.391029 0.49145979 -0.3969956 0.51212519 0.52118623 -0.45988336 0.40098867 0.60130107 -0.39605856 0.49730274 0.61141509 -0.46983069 0.48379612 0.7125836 -0.47182202 0.54094607 0.71467847 -0.59156609 0.37543973 0.49530718 0.07710555 0.46012339 0.51500046 -0.0761001 0.40783682 0.62119263 -0.00538305 0.42697227 0.6403082 -0.18467882 0.34650832 0.76122195 0.06196244 0.33995649 0.79791194 -0.20415245
0.39034057 0.49104604 -0.49975768 0.46574375 0.52189928 -0.58510596 0.40910682 0.59761119 -0.486377 0.48921549 0.63473284 -0.58242536 0.48565239 0.69395727 -0.5917508 0.49709529 0.7198543 -0.70603037 0.37181085 0.49603176 0.0837113 0.45388088 0.51773578 -0.08258383 0.43558276 0.62983042 -0.0040147 0.42687574 0.63922346 -0.20591894 0.34782276 0.76488453 0.0409545 0.33990714 0.79749638 -0.22326382
0.38919696 0.48978865 -0.36742032 0.47355139 0.52212453 -0.39578661 0.39873943 0.59138829 -0.2526128 0.48978007 0.62762076 -0.3592957 0.47008961 0.67757237 -0.27526715 0.49615625 0.71932191 -0.4738878 0.36992586 0.49340147 0.07945006 0.44992757 0.51875204 -0.07842858 0.43152198 0.6338653 -0.00373088 0.43846998 0.63914359 -0.1319595 0.34267291 0.77229953 0.06686191 0.34509823 0.79724014 -0.14043348
0.40338856 0.48953724 0.2620509 0.50677329 0.51562941 0.09332256 0.40391445 0.58877355 0.22843331 0.49475509 0.61329567 0.0094877 0.46263924 0.67373359 0.07105971 0.49912673 0.7192992 -0.11878354 0.36911243 0.49083588 0.08529432 0.44819131 0.50484604 -0.08431298 0.42495891 0.62971497 -0.02949045 0.44292131 0.63386244 -0.20660129 0.34195694 0.77829963 -0.03446819 0.34610593 0.79731202 -0.31246343
0.40173927 0.48913303 -0.07049927 0.49901366 0.51674235 -0.31584167 0.39122155 0.58767307 -0.08737555 0.50579315 0.62699103 -0.12721136 0.46371254 0.6719864 -0.18879685 0.50067955 0.72499013 -0.15661821 0.35547829 0.49168003 0.08924478 0.44252568 0.50883156 -0.0880911 0.41528431 0.63658321 0.00358784 0.44711554 0.63539904 -0.17178564 0.33622006 0.77851284 0.06629097 0.34483588 0.79642177 -0.20762062
0.41635168 0.48819038 -0.23242317 0.49143592 0.51752228 -0.39051041 0.39690372 0.58678156 -0.13764073 0.47841311 0.62460983 -0.37765145 0.46587989 0.67044502 -0.39016423 0.47247073 0.72654778 -0.46959659 0.35868907 0.48821628 0.09234735 0.44224274 0.50894946 -0.09123944 0.42382213 0.6372847 -0.01505731 0.44664013 0.63393253 -0.17815837 0.33534274 0.778597 0.05985668 0.34474182 0.79573512 -0.25801498
0.41198221 0.49071366 -0.41346323 0.48877981 0.523534 -0.50189298 0.39042473 0.59399331 -0.35002744 0.46870938 0.62482387 -0.48724404 0.45931432 0.6869716 -0.49294105 0.46948427 0.74394411 -0.60282505 0.35910192 0.48856062 0.08964382 0.43936035 0.51066357 -0.08853626 0.42301548 0.64052022 -0.00622052 0.44549698 0.63241422 -0.16800527 0.3370226 0.77790892 0.05440954 0.34958863 0.79972541 -0.20461246
4.10481751e-01 4.96026009e-01 -4.95466739e-01 4.97218162e-01 5.26642025e-01 -5.74566126e-01 3.84372324e-01 6.03291154e-01 -4.31642294e-01 5.01862824e-01 6.34670973e-01 -5.61162353e-01 4.55859601e-01 6.97119057e-01 -5.40591896e-01 4.74745870e-01 7.30191350e-01 -6.58308566e-01 3.56737763e-01 4.86329377e-01 8.97707269e-02 4.36536968e-01 5.08708239e-01 -8.87127891e-02 4.14047092e-01 6.40430391e-01 -6.46666158e-04 4.44547415e-01 6.31847322e-01 -1.57306895e-01 3.27243298e-01 7.77096391e-01 8.15205052e-02 3.47318769e-01 7.97305346e-01 -1.81505069e-01
0.41482326 0.49505264 -0.17055042 0.51419675 0.52438647 -0.28600031 0.38118356 0.59979248 -0.11600298 0.52981937 0.6208061 -0.26595986 0.44402039 0.69155234 -0.18038335 0.47796214 0.71841419 -0.32706514 0.35630864 0.48119184 0.08888715 0.43655229 0.49995029 -0.08786779 0.39575416 0.63661706 -0.02343669 0.43382236 0.63259786 -0.16201128 0.31260255 0.77916187 0.06233973 0.34904811 0.79679847 -0.20013957
0.41418648 0.48525479 -0.23300068 0.51017314 0.52712482 -0.35493419 0.38932228 0.55188042 -0.12689254 0.52318341 0.63014406 -0.32521212 0.4603776 0.60547268 -0.00578011 0.47836784 0.71902841 -0.35493362 0.36221606 0.49210554 0.08786006 0.44248682 0.51571018 -0.08691144 0.38599491 0.63934797 0.02778506 0.41806546 0.64299834 -0.00090007 0.29642546 0.77638143 0.14995879 0.34171271 0.79651296 -0.00935604
0.44251266 0.47938043 -0.54640222 0.49599299 0.5271681 -0.60392803 0.42660385 0.56121665 -0.3228417 0.50208938 0.6386779 -0.51863188 0.49163604 0.63075536 -0.19304116 0.47417122 0.71880049 -0.49586254 0.38208854 0.50952709 0.08481473 0.4388833 0.53257585 -0.08425169 0.39147642 0.64715475 0.01289295 0.41055498 0.64381784 -0.02912416 0.29565188 0.77448529 0.10365117 0.33728126 0.7954973 -0.05695837
0.4603931 0.48154774 -0.40447339 0.4850482 0.52483338 -0.44165361 0.46661288 0.57531905 -0.36492279 0.48174658 0.63696331 -0.47866702 0.50660282 0.69101465 -0.49339098 0.4581438 0.72306252 -0.57735682 0.41428468 0.50619209 0.07292651 0.43798459 0.52118367 -0.0723336 0.43726805 0.64793622 -0.08535277 0.38883352 0.64200366 -0.24527659 0.33549637 0.77456963 -0.14842683 0.33282685 0.79225832 -0.37435615
4.82551754e-01 4.64379638e-01 7.81373903e-02 4.84145671e-01 5.00377357e-01 1.26119316e-01 4.86825287e-01 5.71383595e-01 2.52476515e-04 4.53327835e-01 5.95436871e-01 5.84835093e-03 5.07569551e-01 6.96664929e-01 -1.57425404e-01 4.25231963e-01 7.11517632e-01 -1.52716592e-01 4.47506934e-01 4.92864758e-01 5.53791784e-03 4.46578205e-01 5.13406515e-01 -5.35230525e-03 4.29903835e-01 6.07849002e-01 -2.61637926e-01 3.72677445e-01 6.23442769e-01 -2.55099684e-01 3.39161962e-01 7.69110680e-01 -4.13333952e-01 3.31414074e-01 7.89844930e-01 -4.66139674e-01
0.46777475 0.46506202 0.17279179 0.49534574 0.50282878 0.17261599 0.48249066 0.58192629 0.09419816 0.46429741 0.59443963 0.05903289 0.48096919 0.70952064 -0.04670108 0.43937078 0.71288741 -0.07491389 0.42645323 0.48465803 0.00741271 0.44521761 0.50001228 -0.00713975 0.40261492 0.61480087 -0.18241592 0.37661284 0.62589508 -0.15068644 0.35036704 0.76977897 -0.29177162 0.33804801 0.78909194 -0.34646469
0.45843872 0.46646062 0.06166312 0.54440886 0.48423529 0.02831233 0.45862558 0.57939917 0.01480773 0.53822654 0.56795508 -0.05488142 0.45885062 0.69939882 -0.06339289 0.4929674 0.70179427 -0.13925485 0.41900164 0.48964638 0.02032297 0.480667 0.50175118 -0.019854 0.39142689 0.61534762 -0.2327271 0.37983757 0.63137412 -0.18420677 0.33708987 0.77167785 -0.33116242 0.34606451 0.78954971 -0.38176408
0.41689003 0.46087435 0.48214474 0.54140741 0.4616546 0.35362822 0.35720444 0.5538584 0.4564715 0.52750558 0.57511812 0.26630116 0.39768448 0.65826339 0.40506095 0.51569724 0.69748873 0.21643184 0.3613393 0.48969713 0.05940131 0.48070052 0.50062937 -0.05915078 0.35288471 0.61827266 -0.10864487 0.43340093 0.63163376 -0.13832237 0.31625441 0.77317923 -0.1147038 0.36369339 0.79177511 -0.2658051 
0.4014506 0.45906812 0.34589976 0.54737157 0.45811567 0.21186519 0.32740137 0.54132181 0.35300702 0.52773005 0.57210147 0.15263109 0.39478618 0.6281606 0.33764189 0.52722353 0.69312286 0.13807446 0.35381585 0.4898133 0.07564115 0.47606438 0.50194436 -0.07527774 0.36258662 0.62121421 -0.06282716 0.44456452 0.63217509 -0.12223917 0.30118141 0.7761386 -0.03053266 0.37505656 0.79980999 -0.2058903 
0.36969048 0.46047437 0.72886032 0.54239589 0.45393068 0.61201257 0.30243188 0.5423727 0.6377787 0.53107947 0.57304764 0.46838447 0.33670869 0.6606676 0.56713885 0.53099352 0.69381911 0.43201312 0.32494301 0.49198905 0.0741291 0.47357899 0.49687845 -0.07399583 0.35936704 0.62313908 -0.07405358 0.44612786 0.63230246 -0.16154976 0.29542249 0.77908623 -0.23519537 0.37557462 0.80293691 -0.39164808
0.38337234 0.44221002 0.60218835 0.54854083 0.45409214 0.4074792 0.32082915 0.51005661 0.61439025 0.53257751 0.57546437 0.34421599 0.32992589 0.57618874 0.62280798 0.5436126 0.69230801 0.35551372 0.32265869 0.49790147 0.09740866 0.46501383 0.51006353 -0.09771391 0.34719729 0.62428188 -0.04455134 0.45531669 0.63267982 -0.14186542 0.28885737 0.77950728 -0.15900721 0.37437361 0.80545253 -0.35783115
3.82673860e-01 4.37699974e-01 6.11861229e-01 5.49291253e-01 4.49667364e-01 3.75493467e-01 3.13484013e-01 5.18648207e-01 6.02104187e-01 5.34092844e-01 5.74915648e-01 2.90341049e-01 2.96988666e-01 5.97820878e-01 5.69866955e-01 5.54671288e-01 6.93078995e-01 2.94313192e-01 3.14219713e-01 5.16395152e-01 9.45902094e-02 4.56997067e-01 5.36209404e-01 -9.51143056e-02 3.48838031e-01 6.24443769e-01 2.18475144e-02 4.55590993e-01 6.37100875e-01 3.76988901e-04 2.89345473e-01 7.77285576e-01 -5.39666973e-02 3.82570028e-01 8.04544687e-01 -1.53000027e-01
0.35687828 0.44257703 0.56802934 0.55667639 0.45691529 0.28671995 0.30192459 0.52144819 0.54314482 0.53205562 0.56973231 0.20451586 0.29924253 0.64227456 0.5276559 0.55348974 0.69313753 0.21370313 0.29583749 0.53323138 0.10126586 0.44383565 0.5501579 -0.10239259 0.35297117 0.62616497 0.16301902 0.45581743 0.63774514 0.10040135 0.28992334 0.77754247 -0.01776598 0.38221264 0.80431283 -0.13364688
0.35656449 0.43955925 0.52157897 0.55290127 0.44668561 0.24993168 0.29656702 0.53030074 0.52039421 0.53035009 0.56384021 0.17047368 0.3155258 0.63301986 0.51336485 0.55444711 0.69291776 0.19359754 0.28637373 0.54443944 0.11039131 0.42875418 0.56617916 -0.11184993 0.35549709 0.63025761 0.20581874 0.4561339 0.64938766 0.14628708 0.2888273 0.77769774 0.03887457 0.38562927 0.80828965 -0.07762711
0.36373955 0.43367502 0.60440969 0.55431718 0.44202667 0.27660275 0.31006816 0.52114677 0.61530679 0.52977961 0.5607872 0.20909157 0.31996846 0.606848 0.60868591 0.55959332 0.68957108 0.25000849 0.28489229 0.53698802 0.1296265 0.42194909 0.56391889 -0.13106893 0.35451868 0.63215387 0.2423933 0.45575747 0.65804291 0.10256981 0.28695509 0.77427566 0.15803656 0.38458127 0.80986905 -0.05378925
0.36888528 0.43069428 0.5903343 0.55250418 0.43424815 0.2605269 0.32653332 0.51835316 0.59039259 0.52901858 0.55066305 0.17546083 0.33590919 0.60029411 0.56093729 0.55523276 0.67943764 0.20266116 0.27985069 0.53317958 0.13990247 0.40985382 0.55786395 -0.14127953 0.35488263 0.63399035 0.29430541 0.454142 0.65616167 0.13381834 0.2855849 0.7743172 0.17759562 0.3830083 0.80907959 -0.03984978
0.37026307 0.4248192 0.58021307 0.55141491 0.43393749 0.25159976 0.32829851 0.51202232 0.57837397 0.52856356 0.54909003 0.14256987 0.33456168 0.59422702 0.55465847 0.55718392 0.67735606 0.19306059 0.2654002 0.53104097 0.13896133 0.40309322 0.55682027 -0.14067769 0.35560754 0.63376558 0.38856378 0.45317787 0.65411407 0.17162973 0.2865209 0.76754123 0.06574373 0.38186473 0.8025068 -0.25379527
0.36859009 0.41946957 0.59225792 0.55062103 0.43487361 0.24663487 0.32642403 0.50626945 0.59827709 0.528063 0.54864693 0.14246897 0.31483898 0.58762568 0.57610375 0.55804986 0.67415541 0.22035563 0.25583044 0.52965581 0.13485436 0.3919504 0.55562651 -0.13652624 0.35204875 0.63308799 0.36601242 0.45249546 0.65124929 0.17506617 0.28629199 0.76616931 0.04042454 0.38121837 0.79912078 -0.22238159
0.37241623 0.42148882 0.573259 0.55004787 0.43139181 0.20147748 0.34874904 0.51250571 0.59749717 0.52772027 0.54541618 0.10880211 0.32515255 0.59507924 0.59613365 0.55730516 0.66798174 0.21231213 0.25243741 0.52882868 0.13885878 0.38847321 0.55495673 -0.14075379 0.34982437 0.63652533 0.43124971 0.4520447 0.65077275 0.19396541 0.28660417 0.76959574 0.08029424 0.38168538 0.80503792 -0.19522244
0.37860459 0.41803566 0.57132947 0.55101126 0.42716545 0.14032623 0.36122161 0.51306027 0.56352586 0.52635837 0.54592961 0.03892046 0.33012614 0.59827274 0.54917341 0.55659586 0.66727358 0.15494016 0.24563107 0.51946557 0.13464503 0.3720288 0.54109591 -0.13627902 0.34590384 0.63572234 0.33184594 0.45205933 0.63728321 0.15762816 0.28678557 0.77113843 -0.11127581 0.38851994 0.80500525 -0.28947324
0.37889683 0.41245431 0.54955387 0.55073708 0.42367521 0.13647538 0.36136803 0.50980604 0.57948303 0.52611041 0.54425853 0.04892318 0.32665473 0.60019559 0.56220448 0.55629826 0.66554266 0.15517725 0.23062174 0.51461321 0.13790096 0.35153648 0.53051263 -0.13951172 0.2896826 0.64155859 0.36672074 0.44837093 0.63383204 0.17539273 0.28612217 0.77637684 0.17554712 0.38748568 0.80333889 -0.03315735
0.37912288 0.40750343 0.60375547 0.55055088 0.41815752 0.19812392 0.36025885 0.50225478 0.63193804 0.52562493 0.54233545 0.09945545 0.31756181 0.59573776 0.6112082 0.55180281 0.65734601 0.22400287 0.21850245 0.50508904 0.14144383 0.34033424 0.51566583 -0.14281689 0.29480982 0.64111781 0.39452028 0.44617337 0.63516515 0.15193298 0.28674629 0.7763859 0.35487604 0.38609415 0.80128384 0.06620189
0.37923405 0.40216821 0.65317184 0.55039072 0.41229296 0.26968569 0.34620824 0.49059495 0.66094261 0.52373177 0.53492343 0.1651378 0.31547415 0.58318692 0.62927365 0.54848117 0.64839947 0.26861477 0.20455384 0.49421749 0.1417658 0.32397345 0.50356472 -0.14306712 0.30960962 0.64103216 0.3664799 0.44136956 0.63527679 0.14050405 0.2869634 0.781515 0.33053008 0.38653257 0.79931152 0.05777968
0.38272107 0.39776939 0.67904502 0.5502826 0.40537399 0.26791444 0.34105611 0.48336586 0.70610696 0.52090061 0.5221588 0.15970108 0.30184874 0.57594281 0.69415975 0.53857946 0.63805336 0.26478168 0.1982334 0.48685238 0.14905612 0.31479272 0.49262482 -0.15019798 0.31650302 0.63471496 0.34227848 0.43831515 0.62990928 0.07989514 0.28672376 0.78432757 0.30344263 0.38846755 0.79640228 0.0272509 
0.38281918 0.39385045 0.65286911 0.54864675 0.40131006 0.24924998 0.33790398 0.48151079 0.69704437 0.5176459 0.51098621 0.15770949 0.308074 0.5704391 0.69821328 0.5320074 0.63046557 0.26458669 0.18459044 0.4840191 0.15096918 0.2936126 0.48519793 -0.15202364 0.32147053 0.63283622 0.30521721 0.43771055 0.62830365 0.03681732 0.28542721 0.78532124 0.25508848 0.38854039 0.79670948 -0.01635907
0.38504601 0.38429493 0.77685064 0.54655027 0.39355001 0.34070969 0.32074851 0.46363816 0.79167795 0.51522368 0.50139928 0.22345051 0.27679372 0.53991979 0.76047629 0.52719945 0.62354457 0.30709162 0.17781162 0.46941474 0.15287462 0.29008344 0.47098938 -0.15389109 0.32382435 0.63097537 0.25257698 0.43784314 0.62747008 -0.02373492 0.28042033 0.78475571 0.21431655 0.38849613 0.7968744 -0.03846463
0.38503224 0.38264474 0.77423209 0.5423975 0.38817742 0.30600542 0.32093281 0.459277 0.7861563 0.51343024 0.49250287 0.20263653 0.28887266 0.53166944 0.75096267 0.52783567 0.61538374 0.29549387 0.17402689 0.46556821 0.16685532 0.28048167 0.46510199 -0.1676127 0.32539749 0.62681174 0.19590366 0.4403877 0.62169909 -0.11454967 0.2807889 0.78490603 0.16084848 0.3886345 0.79212183 -0.13172531
0.38737139 0.37243178 0.73164111 0.54155463 0.38220888 0.2863743 0.32175866 0.44474936 0.73909509 0.51233035 0.48784372 0.19068131 0.29435343 0.51403129 0.69869089 0.52867395 0.60943681 0.29026419 0.16704501 0.45715755 0.16538337 0.27150309 0.4582226 -0.1661697 0.32238713 0.62039948 0.18350856 0.44044504 0.61493272 -0.10766128 0.27996308 0.78382814 0.16648032 0.38847646 0.78732961 -0.1189285 
0.39014015 0.3670561 0.71106535 0.53903389 0.37262067 0.28295678 0.32234901 0.44174802 0.7213605 0.5118885 0.47667137 0.18128209 0.29724568 0.51352781 0.68109041 0.5284701 0.59737206 0.24199781 0.16826026 0.45110846 0.16222517 0.27818069 0.44378474 -0.16306716 0.31192386 0.61402416 0.14065617 0.43707874 0.60739869 -0.12926988 0.27880391 0.78361416 0.0974133 0.38919476 0.78694707 -0.16858692
0.39005575 0.35844994 0.73282647 0.53555924 0.36650139 0.29357046 0.31974342 0.43199986 0.71180236 0.51201516 0.47060925 0.16521639 0.29899159 0.50904453 0.61756068 0.52839667 0.58836365 0.1855308 0.16537538 0.44465318 0.16076833 0.27994186 0.43910348 -0.16160654 0.30276933 0.6134187 0.10825773 0.4252367 0.60406357 -0.16041742 0.27859339 0.78463441 0.04201341 0.3885673 0.78585678 -0.2117722 
0.39059362 0.35118213 0.71501589 0.52860719 0.35795736 0.2870588 0.31189653 0.42589706 0.70324904 0.50911742 0.46149442 0.15957424 0.29448828 0.50468171 0.60642076 0.52750647 0.57591623 0.19309394 0.16603525 0.44054934 0.16014729 0.28010315 0.43604842 -0.16081432 0.29794121 0.61390901 0.08784318 0.42156079 0.59879321 -0.17280069 0.2755082 0.78453994 -0.00203057 0.38851357 0.78659236 -0.2502431 
0.39125106 0.34105268 0.6746074 0.52442449 0.3466503 0.24282311 0.29378465 0.41470507 0.61255836 0.50617087 0.4517684 0.09602038 0.27515501 0.48056188 0.4707306 0.5248403 0.56403542 0.12354311 0.16475174 0.43983233 0.15944724 0.27066204 0.43531451 -0.16024171 0.29546642 0.61165631 0.09389474 0.41538337 0.59444505 -0.16434386 0.27555734 0.77843004 -0.00096469 0.3856177 0.78397185 -0.25034481
0.39120066 0.33356184 0.64449412 0.52387136 0.33810991 0.23011479 0.28338253 0.412525 0.58848298 0.5013541 0.4451023 0.08017871 0.26338679 0.48475531 0.46474871 0.52207023 0.55319148 0.10882009 0.16834396 0.43770924 0.15702857 0.27525055 0.43328393 -0.15780258 0.29501155 0.61110038 0.08508662 0.41299874 0.59156489 -0.18000554 0.27775547 0.77765626 -0.03175827 0.3834756 0.77617252 -0.27237415
0.39166933 0.33010197 0.65011621 0.52018005 0.33523968 0.23365986 0.28692093 0.41203788 0.61527485 0.49929267 0.44096228 0.08715042 0.27196699 0.48425001 0.50614929 0.52064794 0.55148673 0.12515797 0.17002711 0.4396219 0.15627675 0.27482894 0.43354237 -0.1569674 0.29430678 0.60976577 0.07937137 0.40705428 0.59050184 -0.17586571 0.2780157 0.77760202 -0.02620712 0.38360763 0.77331328 -0.26906037
0.3906863 0.32292381 0.63123322 0.51488596 0.32697457 0.21779472 0.28637597 0.40884411 0.59632957 0.49889827 0.43426141 0.07340346 0.27129218 0.48248845 0.50622594 0.51901644 0.54230255 0.11831986 0.17146863 0.43881071 0.15302512 0.27710241 0.43230012 -0.15371218 0.29386899 0.61049455 0.07052375 0.40327549 0.59436804 -0.17094068 0.27772495 0.77926368 -0.04923311 0.38098946 0.77451873 -0.28556693
0.38942862 0.31456402 0.68785161 0.51443177 0.31401089 0.23417985 0.2891022 0.40775314 0.68490165 0.49835899 0.42160991 0.084137 0.291958 0.48970428 0.64548969 0.51490355 0.53270179 0.1315432 0.17166905 0.4392609 0.15531588 0.27832207 0.43347636 -0.15608947 0.29028973 0.60988754 0.0934244 0.39921489 0.59532028 -0.15196204 0.27763152 0.77995461 0.01228958 0.37949085 0.77761173 -0.25269505
0.37741968 0.3059133 0.74066848 0.5088256 0.30812606 0.27763492 0.28183877 0.40007147 0.72951669 0.4982011 0.41448638 0.0902297 0.28056145 0.48481634 0.68326539 0.50969034 0.52580184 0.15202823 0.17487013 0.43738505 0.15506969 0.28863117 0.43222395 -0.15587802 0.29040405 0.60791242 0.06819472 0.39651576 0.59578961 -0.14946479 0.27780989 0.78013766 -0.00766656 0.38020039 0.78188974 -0.24614687
0.37238297 0.29277745 0.93470585 0.50865483 0.29764521 0.32276011 0.28284684 0.3905209 0.90949595 0.49645397 0.40545109 0.09239829 0.29815972 0.48370513 0.817159 0.50366354 0.51476389 0.13715634 0.17896862 0.43686053 0.2016321 0.29721907 0.43378681 -0.20239408 0.29152599 0.60850883 0.14651543 0.39694282 0.60953963 -0.17264888 0.27750251 0.78402311 0.14057183 0.37984583 0.78900462 -0.24105999
0.36940384 0.27939269 0.60434109 0.50040168 0.28454855 0.09388727 0.29087496 0.39157358 0.62655813 0.48780727 0.39456427 0.00140982 0.31120262 0.47290662 0.59843189 0.50152487 0.50251251 0.11259013 0.19076116 0.43754455 0.18311304 0.30163491 0.43539515 -0.18336733 0.29286367 0.60897672 0.14387603 0.39280939 0.6178633 -0.14520885 0.27659035 0.78388476 0.11644773 0.3776648 0.79453987 -0.20895378
0.35627833 0.27092373 0.68977249 0.49809241 0.27244389 0.16083634 0.29599193 0.37537834 0.69124717 0.48023003 0.38117793 0.03659068 0.31629288 0.46071368 0.6173107 0.49691704 0.49432603 0.24072167 0.20152317 0.43855768 0.19232915 0.31007758 0.43601078 -0.19268182 0.29722896 0.60912168 0.14758168 0.39339632 0.62572217 -0.16774839 0.27094683 0.78698647 0.18412994 0.37701833 0.80124295 -0.18848912
0.33744228 0.26162615 0.61580163 0.49202394 0.26310915 0.08967385 0.29938424 0.36694434 0.60334921 0.47254813 0.37323868 0.0099832 0.35062179 0.45925787 0.52024162 0.49597964 0.48632377 0.21289089 0.20900795 0.43764755 0.18738127 0.31716412 0.43645784 -0.1878535 0.29724842 0.60911441 0.1461529 0.39193538 0.62361151 -0.16123018 0.27050865 0.7830407 0.14076377 0.36878556 0.79981518 -0.19031593
0.32025391 0.25781479 0.52973485 0.47672158 0.25398895 0.03198894 0.29970801 0.36472616 0.52246952 0.46830231 0.36999521 -0.06079474 0.36732084 0.46115032 0.45108342 0.49699333 0.48071226 0.08676019 0.21813911 0.43679291 0.18467164 0.3266727 0.43737364 -0.18519349 0.29513353 0.60832661 0.15882078 0.39066091 0.62223232 -0.14946878 0.27067384 0.78303117 0.15668672 0.36935005 0.79901528 -0.14893074
0.30592149 0.24993744 0.3841182 0.47493094 0.24946886 -0.11037719 0.29836115 0.36128351 0.39128977 0.46656239 0.36530808 -0.13719767 0.38388538 0.45874578 0.34313497 0.49759719 0.47309285 0.09210905 0.22663103 0.43712667 0.18448271 0.33775249 0.44019645 -0.18501815 0.295192 0.60853207 0.2045192 0.38749588 0.62220472 -0.10380767 0.26847166 0.78255332 0.25032586 0.36924106 0.80192411 -0.08414857
0.28845575 0.24492119 0.40853801 0.46424976 0.23850235 -0.1013476 0.29442349 0.35739127 0.39844081 0.46369624 0.36224508 -0.10592882 0.3740533 0.45276305 0.35095379 0.49808899 0.46957341 0.13019614 0.22980908 0.43755168 0.18913718 0.34057426 0.44051081 -0.18970478 0.29523593 0.6087063 0.22335018 0.38313895 0.6216315 -0.10497717 0.26867425 0.77711695 0.25289544 0.36920241 0.80204731 -0.10640407
0.26743856 0.24022235 0.37673497 0.45931169 0.22934063 -0.08135211 0.28186652 0.34576532 0.35330454 0.46049163 0.35336965 -0.09287429 0.36557657 0.43150309 0.314913 0.49842966 0.46209905 0.12535231 0.23430645 0.43697721 0.18172768 0.34668094 0.43965137 -0.18227212 0.29466549 0.60862011 0.20119061 0.37959245 0.6212275 -0.09024764 0.26845577 0.77161407 0.20738555 0.36805415 0.80073255 -0.10402828
0.25449717 0.23924939 0.32383278 0.44690591 0.22545876 -0.13325834 0.26672554 0.34491786 0.30585566 0.45317152 0.34893972 -0.09252057 0.3046883 0.42992118 0.28840894 0.49858314 0.45472974 0.2088383 0.23741023 0.43787596 0.17787746 0.34976307 0.43975437 -0.17836244 0.28978616 0.60866416 0.21244167 0.37581393 0.62136275 -0.06752942 0.26858133 0.77204269 0.22461852 0.37298998 0.80107129 -0.04911918
0.24544434 0.23951939 0.32288951 0.43876842 0.21705674 -0.1362959 0.24733725 0.34663573 0.30107021 0.44954044 0.345368 -0.13357063 0.25877303 0.43909135 0.29010776 0.50050884 0.45277798 0.12186385 0.24220935 0.43793878 0.17728403 0.35797679 0.43949494 -0.17781176 0.28705403 0.60819179 0.21165721 0.37714577 0.6212123 -0.06363862 0.26827466 0.77254945 0.22525425 0.37109026 0.80077511 -0.05743003
0.23755747 0.23661694 0.28546879 0.43569934 0.21245931 -0.21808581 0.23393196 0.34617397 0.29145268 0.44856033 0.33872995 -0.20688117 0.27540424 0.41497853 0.30198917 0.50232655 0.44583029 0.03807373 0.24573946 0.43835369 0.18301676 0.36512798 0.43940255 -0.18344519 0.28653225 0.60680139 0.24629249 0.37814832 0.62103724 -0.06208842 0.26832542 0.77295595 0.27497369 0.37175426 0.80178219 -0.04642826
0.22859798 0.23519248 0.31216478 0.42713827 0.2087996 -0.24574596 0.21740507 0.34496164 0.32007641 0.44587699 0.33635476 -0.25629917 0.27235535 0.41195995 0.31370437 0.50452536 0.44393742 -0.04600835 0.24503721 0.43848902 0.20152818 0.36399978 0.43491605 -0.2018621 0.28491405 0.60479677 0.25227848 0.37778887 0.61954814 -0.06338304 0.26887158 0.77324516 0.27356705 0.37126169 0.80100089 -0.07023517
0.22627164 0.23019987 0.31841215 0.41751114 0.20403895 -0.23696592 0.20730944 0.33690438 0.34256989 0.4332065 0.33130902 -0.2763522 0.26849869 0.39902604 0.33864567 0.50605351 0.43912458 -0.10388532 0.24719396 0.43833026 0.20024641 0.36624029 0.43317115 -0.20062642 0.27759343 0.60481197 0.24371713 0.37603933 0.6183334 -0.06893405 0.26705563 0.772407 0.24778092 0.36580163 0.79946595 -0.10006899
0.22453927 0.22981958 0.33560953 0.4118813 0.20543161 -0.26587027 0.19946714 0.33679995 0.36107075 0.42689112 0.33350739 -0.31076264 0.27177152 0.39115313 0.361884 0.50671035 0.43696353 -0.15142597 0.24921805 0.43812409 0.21752794 0.36709839 0.43217355 -0.21789029 0.27780819 0.60335624 0.24304354 0.37482294 0.61789745 -0.11307287 0.26394063 0.77195966 0.24984001 0.365964 0.80045873 -0.16068617
0.21682926 0.22878422 0.32814226 0.40390211 0.20472701 -0.2833122 0.19630146 0.33508939 0.37393114 0.42432213 0.33338013 -0.3127602 0.27489617 0.38680115 0.43887141 0.50725746 0.43471771 -0.11408742 0.25116685 0.43831834 0.22306728 0.37067592 0.43244892 -0.2235838 0.27775308 0.6035521 0.27798626 0.37447914 0.61870766 -0.11246114 0.26220837 0.77203536 0.30470014 0.36873904 0.80485934 -0.12951544
0.21214581 0.23079488 0.33949184 0.39390814 0.20655371 -0.26402596 0.19371933 0.33797795 0.4620702 0.42212921 0.33493984 -0.3029063 0.27445793 0.38702139 0.54903626 0.50727123 0.43179408 -0.11032794 0.25220153 0.43843558 0.22792567 0.3700003 0.43242514 -0.22840433 0.27818573 0.60372692 0.26894781 0.3741104 0.61875135 -0.12901351 0.26159245 0.77214921 0.29173118 0.37099224 0.80611193 -0.14167608
0.21297756 0.22957119 0.38848609 0.38869905 0.20704709 -0.27846816 0.19686261 0.33807167 0.48504102 0.42076403 0.33622158 -0.35200003 0.2761353 0.39070863 0.52267569 0.50709218 0.43363497 -0.20625564 0.25294569 0.4384293 0.23744032 0.37014183 0.43134192 -0.23800512 0.27907637 0.60328484 0.26673701 0.37412795 0.61880124 -0.15197882 0.26187813 0.77219087 0.29400757 0.37427977 0.80623066 -0.14948395
0.20845406 0.23101529 0.43254754 0.38814265 0.20903277 -0.24875845 0.19818896 0.33930427 0.57808667 0.42095593 0.33779177 -0.31209183 0.27751476 0.38209242 0.70244807 0.5070675 0.43362013 -0.14853209 0.25376835 0.43953046 0.23906569 0.371483 0.43182755 -0.23954903 0.27921152 0.60426503 0.26579905 0.37316883 0.61957258 -0.1484437 0.26205355 0.77326328 0.28803423 0.3746765 0.80668747 -0.1479861 
0.20659018 0.23195267 0.42289066 0.38859552 0.21005693 -0.25053182 0.19758278 0.33973303 0.51943028 0.42272827 0.3382974 -0.31111273 0.27650222 0.38848963 0.57715029 0.50734729 0.43595055 -0.15536936 0.25389305 0.43969771 0.23598221 0.37284312 0.43189523 -0.23643214 0.27859065 0.60536367 0.27101597 0.37301356 0.6205973 -0.14471255 0.26210594 0.77356607 0.30777204 0.37466186 0.80643851 -0.13865539
0.20382723 0.23243189 0.38635212 0.39079306 0.21064219 -0.27224609 0.19290501 0.34074357 0.49926147 0.42390242 0.33845127 -0.31510529 0.26887357 0.39122441 0.56984389 0.50764537 0.43739429 -0.13815674 0.25378194 0.44021311 0.23337364 0.37265438 0.43269235 -0.23381579 0.27878809 0.60569251 0.2724832 0.3721242 0.62058139 -0.14248329 0.26222172 0.77367359 0.31118521 0.37553513 0.80512309 -0.12499127
0.20423442 0.23292615 0.36928469 0.39212123 0.21094261 -0.27255854 0.19250724 0.34093055 0.49083489 0.42469677 0.33910561 -0.30429459 0.26722208 0.38734537 0.57599658 0.50792825 0.4382419 -0.12863815 0.25384656 0.44056022 0.23185423 0.37304816 0.43341067 -0.2322984 0.27941579 0.60633862 0.27696326 0.37189573 0.62123656 -0.13853395 0.26215395 0.77332813 0.32094592 0.37553522 0.80301636 -0.10929188
0.20612882 0.23322144 0.35838708 0.39352196 0.21132544 -0.27419057 0.19485722 0.34136555 0.46541429 0.4251346 0.33993277 -0.29915351 0.2674056 0.38940096 0.53674513 0.50814259 0.43867165 -0.12298313 0.25393748 0.44084218 0.23107971 0.37260845 0.43402943 -0.23150694 0.28047127 0.60692668 0.27327242 0.37195066 0.62179983 -0.13806929 0.26200691 0.77334517 0.31140253 0.37532094 0.80250341 -0.11056352
0.20719777 0.23344679 0.34532166 0.39468309 0.21153376 -0.27867231 0.19532408 0.34137818 0.45657244 0.42535496 0.34039274 -0.2995742 0.2672646 0.39006349 0.53310966 0.50853342 0.43903676 -0.11607613 0.25406158 0.44101328 0.23032044 0.37236586 0.43446872 -0.23075844 0.28099301 0.60760349 0.27303153 0.37196794 0.62177318 -0.13768491 0.26202536 0.77332538 0.30629107 0.37588274 0.80052865 -0.11153595
0.20811909 0.23360446 0.33680609 0.39542916 0.21169215 -0.28738901 0.19568583 0.3410024 0.47470117 0.42573234 0.34068319 -0.30455559 0.26780275 0.38185447 0.60737962 0.50876641 0.43940839 -0.11335249 0.25427061 0.44137758 0.22978055 0.37254101 0.434926 -0.23020999 0.28224704 0.60769457 0.27104965 0.37200642 0.62124389 -0.12748501 0.26212808 0.77326882 0.30362341 0.37667325 0.79954648 -0.10209118
0.2089175 0.23370358 0.34040549 0.39593095 0.21182181 -0.2911815 0.2005374 0.34113684 0.44436622 0.42657062 0.34102759 -0.31930426 0.27132815 0.38303015 0.50693721 0.50879192 0.43965432 -0.14300159 0.2543382 0.44194111 0.2295354 0.37238586 0.43523207 -0.22995286 0.28465199 0.60769635 0.27011135 0.3720375 0.62080091 -0.12507415 0.26244518 0.77329123 0.30718133 0.37667415 0.79947132 -0.10054259
0.20969479 0.23344009 0.33901733 0.39657527 0.21201015 -0.29130158 0.20959826 0.34059793 0.40927199 0.42960355 0.3410199 -0.32320124 0.27653134 0.39247745 0.43318209 0.50865763 0.4398081 -0.14253661 0.25479582 0.4426471 0.22942068 0.37231582 0.43573508 -0.22983903 0.28530413 0.60854542 0.26793388 0.37222144 0.62079901 -0.12495802 0.26293612 0.77355856 0.30326208 0.37658411 0.79966646 -0.10188857
0.21283464 0.23225568 0.34295449 0.39808032 0.21190284 -0.28924876 0.22015922 0.33903411 0.39841145 0.43242151 0.33929434 -0.31904784 0.28140914 0.39810333 0.40993592 0.50725389 0.44007903 -0.13443562 0.25508359 0.44308874 0.22953461 0.37223113 0.43616095 -0.22996502 0.28793412 0.60858732 0.2708351 0.37395212 0.62078893 -0.12445702 0.26344272 0.77397329 0.31270742 0.3765761 0.79981971 -0.09471691
0.21813695 0.23213629 0.34333375 0.40440947 0.21204688 -0.28541383 0.23570232 0.33920228 0.39756781 0.43671128 0.3393082 -0.32207504 0.28939143 0.40641126 0.39794365 0.50637311 0.4408828 -0.15519333 0.25535434 0.44311783 0.22945309 0.37214524 0.43617642 -0.22988296 0.29357898 0.60698986 0.24779592 0.37630311 0.62024719 -0.12806736 0.26510513 0.77419257 0.27421159 0.37686774 0.79987311 -0.11514084
0.22447164 0.23210309 0.33305356 0.41260412 0.21213433 -0.28457558 0.24206518 0.33848861 0.36760864 0.44023898 0.33925599 -0.32064849 0.29583767 0.40791881 0.35780126 0.50598854 0.44320777 -0.14705989 0.25549987 0.44304308 0.22438395 0.37209401 0.43628648 -0.22475836 0.29456294 0.60664958 0.22980909 0.37978074 0.62025476 -0.12794361 0.26692119 0.77579468 0.25115934 0.37687844 0.80015385 -0.11823253
0.23520611 0.23216885 0.36371088 0.42029479 0.21334103 -0.25027227 0.24969508 0.33860928 0.38388577 0.44466701 0.33860356 -0.29612705 0.29969102 0.41188556 0.36418101 0.5059393 0.44435441 -0.14236504 0.25700417 0.44311464 0.22440559 0.37210888 0.43653253 -0.22477253 0.295858 0.60648459 0.21926217 0.38273084 0.62020141 -0.13665737 0.26716599 0.77665383 0.23805174 0.37719446 0.80016625 -0.13847572
0.24215594 0.2325079 0.37446433 0.42872527 0.21545482 -0.21133229 0.25446999 0.33692679 0.39241639 0.44875735 0.33872893 -0.25364766 0.30505398 0.42109159 0.38262227 0.50593573 0.44638661 -0.14161669 0.25702211 0.44303754 0.22098821 0.37168485 0.43654382 -0.22131512 0.29860646 0.60649216 0.18502697 0.38481358 0.62018931 -0.1413358 0.26775789 0.77754498 0.18723589 0.38075346 0.79995263 -0.16854328
0.25239173 0.23682489 0.4291493 0.43366057 0.22113521 -0.11583827 0.2638438 0.3398875 0.43425703 0.45579773 0.34388554 -0.16401382 0.30504453 0.43234521 0.39362034 0.50594318 0.45054859 -0.07547346 0.25700006 0.44303763 0.20715719 0.37098199 0.43655452 -0.20745319 0.30248463 0.606471 0.15943828 0.39114568 0.62020934 -0.14263481 0.26883835 0.77798992 0.14484765 0.38081807 0.80207801 -0.19045447
0.26330909 0.24243911 0.45276514 0.44411552 0.22947648 -0.0371993 0.26838824 0.34849444 0.45978355 0.46097368 0.3512955 -0.07693175 0.30855042 0.43446538 0.41703725 0.5065338 0.45650479 0.00110713 0.25659674 0.44361794 0.19504523 0.36961633 0.43789089 -0.19536255 0.30778572 0.60642511 0.15150417 0.39854732 0.62108451 -0.14195475 0.27015579 0.77792364 0.13961883 0.38086179 0.8082577 -0.19596377
0.27579114 0.25007981 0.49011886 0.45080617 0.23740658 0.02074801 0.27410996 0.35541376 0.50106591 0.46636733 0.35302168 -0.03379246 0.31326956 0.44667161 0.45960554 0.50657403 0.4606052 0.05044673 0.25262347 0.44611609 0.18196249 0.36162323 0.44249013 -0.18252821 0.30931398 0.60701579 0.12839921 0.40724552 0.62102973 -0.13849631 0.27221817 0.77862304 0.10755249 0.38065639 0.80811733 -0.19295906
0.29022262 0.25687224 0.51057893 0.45824224 0.24475574 0.07199186 0.27504158 0.36169708 0.50926352 0.47246727 0.35882121 0.01097122 0.3119888 0.45347729 0.46601835 0.50847924 0.4731251 0.09901802 0.24887794 0.44654456 0.17173404 0.35615137 0.44317654 -0.17232694 0.31000912 0.60821098 0.10389531 0.41631562 0.62124318 -0.13853979 0.2742717 0.78103262 0.0755099 0.37918141 0.8079071 -0.19451018
0.30186737 0.2635875 0.52001303 0.46831846 0.25093302 0.09035753 0.27365595 0.37221259 0.5089286 0.47888499 0.36641106 0.0224562 0.29578769 0.46759716 0.47186783 0.51600879 0.48354456 0.11259235 0.244949 0.45012331 0.16678402 0.35106483 0.44759485 -0.16744564 0.31149691 0.61005092 0.11907805 0.41805303 0.62253851 -0.12557715 0.2765792 0.78137684 0.11754759 0.37853545 0.80478799 -0.15689082
0.30666068 0.27324179 0.55305618 0.47952631 0.26211369 0.13155304 0.27119908 0.38050425 0.53122437 0.48421118 0.37766239 0.04189662 0.28577921 0.4728995 0.48674074 0.51873052 0.49795476 0.12698288 0.2414147 0.45409223 0.16403547 0.34970829 0.45190609 -0.1646744 0.31235826 0.6106326 0.12347683 0.41752478 0.6251694 -0.12509361 0.2765339 0.78036332 0.12929787 0.37857556 0.80501115 -0.14909108
0.31703043 0.28218094 0.52307308 0.48440054 0.27202061 0.08518869 0.2696341 0.3891716 0.52417594 0.48596859 0.38943869 0.01368064 0.26366332 0.48040134 0.48022687 0.52160066 0.51396251 0.10538393 0.23310739 0.46278813 0.15822212 0.3465142 0.4600445 -0.15892996 0.31165835 0.61216742 0.13257858 0.4162885 0.6266064 -0.08964547 0.27448043 0.77707428 0.18380989 0.37751967 0.80444419 -0.05895017
0.31733078 0.29553863 0.65340477 0.48965228 0.28208807 0.26288801 0.25668034 0.40204865 0.62323141 0.49250549 0.39976233 0.16576116 0.25619465 0.49977505 0.57274663 0.52103621 0.52530617 0.2675041 0.22166531 0.46615103 0.16111442 0.34172925 0.4635112 -0.16176106 0.30955884 0.61414993 0.1148764 0.41542622 0.62779647 -0.15612385 0.27433938 0.77664876 0.08812745 0.37535012 0.80577016 -0.20631433
0.32428154 0.30303511 0.65725535 0.49808237 0.29547498 0.3018018 0.25680205 0.41064903 0.64000881 0.49868643 0.41298935 0.23164931 0.26111227 0.50849229 0.60796243 0.52064514 0.53867888 0.36693335 0.21402568 0.47016272 0.15369332 0.33642498 0.46863368 -0.1543694 0.30143014 0.61614144 0.10637819 0.41028786 0.62888741 -0.14080429 0.27521268 0.77536714 0.08451596 0.37646544 0.80288231 -0.18382096
0.33208537 0.31153604 0.65591794 0.50111747 0.30678406 0.28326201 0.26773515 0.41141212 0.62373984 0.50348496 0.42201427 0.19405138 0.2537339 0.50660378 0.57323587 0.52089453 0.55046552 0.31150368 0.20364721 0.46933857 0.14802252 0.32526916 0.46767771 -0.14876154 0.29811907 0.61878592 0.07781333 0.40648514 0.62813181 -0.11895256 0.27421567 0.7793234 0.04665972 0.37660435 0.80271083 -0.14805169
0.33994481 0.31919324 0.63735265 0.50927263 0.32010934 0.28677076 0.28491089 0.41848463 0.60863185 0.50790983 0.43425158 0.22620274 0.25619519 0.52190852 0.57599348 0.52183104 0.56123418 0.3648966 0.19653685 0.47086298 0.14773759 0.31673539 0.46911255 -0.14860503 0.29288828 0.62159884 0.11827812 0.40448502 0.62806612 -0.07921955 0.27419639 0.77975088 0.18024859 0.37149975 0.80368596 -0.02777042
0.34448019 0.32387587 0.61153346 0.51318169 0.3330563 0.24651763 0.28503659 0.41637281 0.59383988 0.51034153 0.44118783 0.19072025 0.25291738 0.51388359 0.55998337 0.52180755 0.56925374 0.32318023 0.18710177 0.47161797 0.14489968 0.30753115 0.47437009 -0.14583808 0.28646243 0.62365854 0.15482058 0.40057555 0.62910199 -0.03921282 0.2731477 0.78185838 0.24668048 0.37133041 0.80381811 0.03610772
0.34672648 0.32889476 0.66472226 0.51891512 0.34384739 0.27220917 0.28702098 0.42036569 0.65736538 0.51281917 0.45474637 0.212835 0.25531301 0.5139184 0.62583768 0.52175993 0.57996446 0.35156807 0.1746157 0.47042969 0.14777164 0.30213749 0.47396833 -0.14886002 0.28302819 0.62453991 0.16574813 0.39961892 0.62890625 -0.03868544 0.27205664 0.78216964 0.25061944 0.37357718 0.80445904 0.02331183
0.35081783 0.34339541 0.69510293 0.52552742 0.35665143 0.29873013 0.29484424 0.43088242 0.66803676 0.51645774 0.47132859 0.18906456 0.25765446 0.5294646 0.60549653 0.52297193 0.59792489 0.30117062 0.16657715 0.47054276 0.14740062 0.2893433 0.4724867 -0.14840031 0.28331596 0.62550628 0.17437142 0.3997255 0.62692147 -0.02493716 0.26901981 0.78793353 0.23142077 0.37402526 0.80466759 0.01574332
0.38022387 0.35835424 0.79672974 0.5319128 0.36829346 0.30697 0.31304422 0.44424379 0.79431409 0.5174005 0.49228999 0.18315722 0.29019558 0.54000485 0.73876864 0.52293324 0.61177707 0.2887654 0.16446821 0.47003901 0.17134245 0.28288952 0.47160834 -0.17220795 0.28784069 0.62840736 0.24440239 0.40550861 0.62624919 -0.03960323 0.26082483 0.78769416 0.28232762 0.38068303 0.80305737 -0.009067 
0.37568939 0.3816444 0.74852794 0.52869523 0.39295647 0.30581939 0.3073929 0.45176655 0.7429921 0.51523817 0.51104969 0.17124955 0.25502884 0.5334971 0.68456608 0.52223969 0.62500209 0.25152767 0.1662599 0.47343221 0.16386013 0.26533809 0.47387999 -0.16466324 0.29365391 0.62789565 0.21523862 0.41887146 0.61984122 -0.04896025 0.26461431 0.78305781 0.20556511 0.39128983 0.79431438 -0.06782835
0.38197863 0.39867416 0.79769474 0.52729249 0.41093451 0.35057101 0.32344931 0.47957477 0.75420409 0.51581639 0.52293003 0.19750224 0.26596913 0.57041585 0.67881805 0.52270126 0.64540404 0.25562769 0.16604879 0.47667629 0.16220698 0.26230443 0.47512037 -0.16304879 0.30089051 0.62977177 0.20346782 0.45152479 0.61920065 -0.11188501 0.27950504 0.78334177 0.15540527 0.39511916 0.770446 -0.09204288
0.39396065 0.41321641 0.79736292 0.53148913 0.43376687 0.31260362 0.32489309 0.488814 0.74957925 0.51654339 0.54384065 0.18631127 0.2638607 0.55850506 0.67842752 0.52281982 0.66366822 0.24560767 0.16026521 0.48417464 0.16726904 0.25545725 0.4848994 -0.16819656 0.30154997 0.63297772 0.18897167 0.4587287 0.62465447 -0.13401292 0.27867597 0.78284568 0.15466279 0.39712888 0.7698282 -0.09078258
0.39476553 0.42483771 0.76243573 0.53099769 0.45065525 0.23882751 0.31942895 0.50495404 0.73289317 0.52033424 0.5655759 0.11781554 0.24346454 0.57949752 0.65998888 0.52356738 0.68747383 0.19546449 0.14922467 0.48952526 0.17124818 0.24566716 0.49449861 -0.17224418 0.30693266 0.63307184 0.19066924 0.44869015 0.63060969 -0.14408213 0.27851737 0.78148234 0.13982375 0.37085405 0.77608877 -0.11887927
0.40507871 0.44013104 0.74477226 0.53001052 0.4640727 0.24323042 0.33630455 0.52899009 0.67720729 0.52219278 0.58106881 0.13839096 0.27921492 0.60659713 0.60764754 0.52436697 0.70273179 0.20777273 0.14777084 0.49246871 0.16756895 0.25335157 0.49656048 -0.1685387 0.31016046 0.63376451 0.18404719 0.45146388 0.62862587 -0.13075306 0.27570477 0.7812596 0.10327952 0.37256089 0.77911818 -0.13513935
0.40187368 0.45724344 0.74353385 0.52995276 0.47481856 0.2993919 0.34630823 0.55073518 0.66911215 0.52345455 0.59687036 0.20106329 0.32518473 0.62544936 0.5953809 0.52728927 0.71036077 0.21410368 0.14760417 0.49466285 0.16278127 0.25545856 0.4984481 -0.16371532 0.31496978 0.63324189 0.17966188 0.4594655 0.62147945 -0.1227636 0.27546066 0.7680757 0.11347299 0.40572295 0.77351743 -0.12377315
0.39624316 0.46647751 0.74131256 0.53218061 0.47766513 0.31840751 0.35079929 0.57118136 0.66361362 0.52607644 0.5949949 0.21126208 0.34555119 0.65363985 0.59386814 0.53128457 0.70117193 0.2166404 0.15019083 0.50007164 0.15717974 0.25517166 0.49764213 -0.15816538 0.31816128 0.64122981 0.16293381 0.47498724 0.6152938 -0.11179423 0.27957281 0.77749574 0.10571086 0.43666741 0.77550995 -0.10151933
0.39457512 0.47023186 0.69594926 0.53267103 0.47977218 0.30435881 0.35278037 0.58794558 0.62849957 0.526142 0.59784973 0.19776674 0.35255474 0.68717778 0.57641119 0.53097677 0.70462543 0.21122353 0.1522304 0.50272572 0.15292902 0.25332201 0.50054914 -0.15393808 0.32960531 0.6458205 0.16382258 0.47504234 0.61420721 -0.11207697 0.28329179 0.78530723 0.10783762 0.40192059 0.77694029 -0.1006268 
0.39422256 0.46645302 0.7228477 0.53434199 0.47635135 0.34761348 0.35142326 0.57441813 0.6531958 0.52578789 0.5909254 0.22913884 0.36438495 0.67155576 0.59642667 0.5303154 0.70030874 0.23408093 0.15351921 0.50651109 0.15272956 0.25451073 0.50174272 -0.15383285 0.34085003 0.64500958 0.16426176 0.47636187 0.61511523 -0.12396363 0.29843271 0.78489769 0.08849635 0.37326702 0.77912974 -0.12611456
0.39273828 0.46668109 0.74453288 0.53375953 0.47657928 0.36754704 0.35125375 0.5739392 0.67211199 0.52560556 0.59049052 0.2637378 0.36888444 0.66280299 0.61487246 0.5301618 0.70282334 0.27946773 0.15426809 0.50611585 0.14670961 0.25538751 0.50345606 -0.14792189 0.3376413 0.64475608 0.16749629 0.47568336 0.61553997 -0.12116472 0.29493594 0.78463393 0.10072658 0.3678326 0.7794531 -0.11763271
0.39506519 0.46602711 0.73538011 0.53342682 0.47623074 0.35270116 0.3510296 0.56547457 0.65531689 0.52745366 0.59531349 0.24908046 0.366146 0.64487565 0.60517007 0.53007942 0.70544362 0.26802102 0.15433393 0.50527197 0.13610922 0.25941935 0.50442195 -0.13745044 0.33446586 0.64377248 0.18497536 0.47585997 0.61602336 -0.09606133 0.29368988 0.78443551 0.14979686 0.3710078 0.77915394 -0.04639023
0.39547482 0.4669843 0.74434835 0.53356791 0.47936115 0.36156815 0.34321389 0.5562138 0.65693319 0.53200638 0.59850943 0.25050652 0.35218084 0.61804873 0.58968312 0.53007096 0.70879626 0.27000311 0.15394211 0.50843495 0.13860936 0.25976655 0.507263 -0.13995004 0.33414039 0.6440236 0.20012723 0.48008904 0.61737078 -0.09724773 0.29228422 0.78600109 0.15602106 0.36987782 0.77953851 -0.0575821 
0.40408769 0.46485427 0.74136531 0.53591216 0.48307663 0.37986895 0.35488039 0.55582947 0.6616624 0.53649956 0.5989877 0.2821531 0.37569225 0.61649442 0.61089331 0.52972943 0.70651942 0.29586244 0.1541512 0.5076409 0.13390912 0.26420021 0.50740337 -0.13538016 0.33275956 0.64548171 0.20496188 0.47986192 0.61995053 -0.08982959 0.29125896 0.78571594 0.17415801 0.37175864 0.78007048 -0.03263665
0.4037075 0.46332532 0.74021965 0.53666508 0.48130694 0.39134297 0.35813183 0.53974038 0.6707679 0.53558236 0.5978781 0.30424428 0.36947137 0.60616839 0.62314332 0.52713674 0.70425594 0.33380041 0.15491523 0.50686926 0.12845592 0.27034241 0.50638741 -0.13003562 0.33233964 0.64693063 0.2040412 0.47801453 0.62306064 -0.08477004 0.29199132 0.7854951 0.17677294 0.37406293 0.78022748 -0.02741722
0.40975341 0.46326059 0.69952351 0.53847265 0.48160627 0.37754977 0.3667337 0.55675274 0.63961333 0.53506619 0.59832227 0.28368023 0.39717835 0.6345349 0.60116184 0.52667439 0.70520937 0.30878374 0.15759814 0.50606686 0.12749709 0.27259624 0.50583059 -0.12889707 0.33330119 0.64709693 0.20268461 0.47943196 0.62522119 -0.08649622 0.29227012 0.7870751 0.17667745 0.37203789 0.78363854 -0.03607427
0.41216084 0.4615193 0.69320959 0.54036224 0.48157823 0.37240371 0.36437383 0.55405724 0.62194145 0.53533053 0.60123539 0.27197567 0.3903597 0.6209448 0.56749249 0.52608061 0.70616692 0.2901004 0.1575983 0.50588006 0.12725446 0.27359295 0.5054372 -0.12866476 0.33355984 0.64766967 0.20602839 0.48075578 0.6251508 -0.08797719 0.29243207 0.78812748 0.17517285 0.37301907 0.78402102 -0.04145446
0.41271386 0.46165025 0.6994319 0.54026461 0.47964087 0.3702895 0.36896887 0.55462778 0.62446135 0.53532541 0.59960657 0.26657343 0.39571577 0.62379456 0.559062 0.52607411 0.70514393 0.26736331 0.1571361 0.50579351 0.1281002 0.27356163 0.5057531 -0.12949735 0.33812332 0.64774418 0.20862164 0.48154947 0.62507492 -0.0837035 0.29311374 0.78878534 0.17430092 0.37519357 0.78544778 -0.04014308
