0.61743665 0.49339277 -0.00218249 0.55374306 0.52050525 -0.54622483 0.59659582 0.54536366 0.15855046 0.52422839 0.63031954 -0.51725733 0.62800837 0.60285968 0.15946844 0.527179 0.67355919 -0.25748867 0.35909927 0.58014542 0.18686025 0.31848249 0.60299402 -0.18647058 0.56223959 0.6097011 0.33275601 0.54255491 0.64307076 -0.32508403 0.44858882 0.70025337 0.52578658 0.42177644 0.72169816 -0.08695977
0.62051213 0.49396095 0.02234049 0.56239998 0.51990616 -0.54286224 0.59674513 0.56509948 0.19180748 0.52512491 0.62987995 -0.58078504 0.62409264 0.61384267 0.21697943 0.51441377 0.71003556 -0.51264548 0.40421867 0.59021729 0.18564014 0.3423439 0.61519909 -0.18536527 0.59868354 0.62816429 0.30658913 0.53743637 0.65409786 -0.47703907 0.44112384 0.69976115 0.45163766 0.42601511 0.71985912 -0.06979842
0.61743671 0.49679798 0.11533431 0.56797689 0.5157789 -0.47408736 0.58468008 0.57968628 0.1994573 0.51650912 0.62001151 -0.51510072 0.60840476 0.63522792 0.21289741 0.55134374 0.69718879 -0.36981598 0.41121787 0.59696734 0.18616308 0.35547954 0.6199432 -0.18597426 0.57834888 0.6330564 0.38531998 0.53242546 0.65911824 -0.47262406 0.4382253 0.69334954 0.56038117 0.43418148 0.71877998 -0.02565438
0.61637378 0.49237981 0.14968905 0.58150488 0.51877719 -0.4839769 0.57897395 0.56461996 0.34261596 0.5376426 0.62013555 -0.52436668 0.60232365 0.60916221 0.3942132 0.53499389 0.69581825 -0.38405669 0.41675815 0.60396534 0.18910509 0.37085572 0.62257367 -0.18903747 0.59961557 0.63137424 0.34166148 0.52993673 0.65499455 -0.51165932 0.44903147 0.68640286 0.48857862 0.46601275 0.71468127 -0.03682155
0.6129123 0.49408826 0.0947259 0.57266837 0.51057631 -0.47635838 0.58097225 0.56721371 0.23847608 0.54747021 0.61852878 -0.48407915 0.59729218 0.60973799 0.24668843 0.57134503 0.69186473 -0.31256223 0.43954492 0.60412884 0.17538165 0.37194654 0.61698604 -0.17519587 0.61179692 0.64253682 0.28978771 0.52687633 0.65488487 -0.57425302 0.49938574 0.70460832 0.41701445 0.49659124 0.72448212 -0.16930076
0.59778005 0.48932621 0.10934203 0.57402849 0.50710589 -0.46043932 0.57341045 0.55151677 0.30863687 0.53885394 0.61309135 -0.41915259 0.60424012 0.56675225 0.36833024 0.55554825 0.67965472 -0.2234301 0.43070966 0.5937416 0.17683227 0.37397197 0.61170143 -0.17664932 0.59988099 0.64594799 0.37757158 0.52638882 0.66055405 -0.49753904 0.49568447 0.70421124 0.57515067 0.51050973 0.73752218 -0.17323512
0.59176022 0.48747969 0.11217851 0.57397962 0.50206065 -0.48957977 0.56472504 0.55147207 0.33510894 0.5349884 0.61004847 -0.47561872 0.60361475 0.57292104 0.43477821 0.53897291 0.68014872 -0.31760216 0.42613703 0.59568185 0.17909536 0.37332329 0.60938734 -0.17886394 0.59272224 0.64266622 0.3663229 0.52782077 0.65693527 -0.46560255 0.48158395 0.69928032 0.53255844 0.48186234 0.73282945 -0.00422798
0.59142864 0.48617741 0.1480851 0.57461298 0.4989273 -0.47056109 0.56882328 0.55147833 0.34507424 0.5407238 0.60632926 -0.45306906 0.60794777 0.56838161 0.41280463 0.55458087 0.67386925 -0.27901509 0.43144503 0.59522843 0.18353143 0.37765846 0.60895085 -0.18322103 0.5967145 0.6399371 0.35697746 0.52704793 0.65759659 -0.45720717 0.4983086 0.69812286 0.52600151 0.49710152 0.72945291 -0.03662419
0.59174156 0.48502237 0.14402841 0.57240885 0.49606481 -0.47533947 0.57744485 0.55154687 0.36711317 0.54129183 0.60549647 -0.46605578 0.60778785 0.5665558 0.47566149 0.56095099 0.67505771 -0.30092442 0.44043607 0.59361613 0.18409747 0.37967092 0.60594863 -0.18369776 0.59806222 0.64217013 0.34029087 0.52469349 0.65469569 -0.58103776 0.51586175 0.70106286 0.52861571 0.51218289 0.73534161 -0.28808266
0.58668911 0.48285884 0.21887095 0.5738585 0.49420315 -0.39355084 0.56799215 0.55084199 0.33702627 0.54117459 0.60510427 -0.37255973 0.58419156 0.57408738 0.39862016 0.55200481 0.67414159 -0.18896711 0.43599513 0.59320074 0.18431489 0.38169488 0.60415357 -0.18381929 0.59592533 0.65215147 0.32930461 0.52366251 0.65636021 -0.64612645 0.52181852 0.70909125 0.49082315 0.51100522 0.73988444 -0.42743909
0.57109439 0.48056671 0.28139326 0.57845098 0.49299201 -0.33428714 0.54385924 0.54014558 0.36664209 0.53768826 0.59906226 -0.24224749 0.58458441 0.55536598 0.35797703 0.54897535 0.64508349 0.04931434 0.4342466 0.59236282 0.19625296 0.39063597 0.60533386 -0.19573672 0.55608803 0.64844233 0.41233864 0.52459335 0.67599714 -0.54423267 0.50860566 0.70788997 0.56945652 0.50673127 0.73649395 -0.32146659
0.5667969 0.47802562 0.28692231 0.57897764 0.49286553 -0.30514628 0.53154737 0.52928919 0.44102645 0.53636599 0.5884102 -0.22016908 0.60081434 0.53036106 0.52729452 0.55015999 0.62768638 0.08536416 0.42828014 0.59145093 0.19547915 0.40055367 0.60322052 -0.19498815 0.54452044 0.64673734 0.39909044 0.54136759 0.67749178 -0.42569977 0.50806969 0.71318114 0.52703673 0.50177705 0.73512566 -0.29252902
0.56949764 0.47298643 0.23135266 0.57829499 0.48858306 -0.37396926 0.5301345 0.52687031 0.37971735 0.53692901 0.58818424 -0.31882989 0.59168714 0.54174876 0.42250755 0.55544472 0.64022338 -0.06641223 0.42642283 0.58392322 0.1955903 0.40108955 0.60200745 -0.1952209 0.56392038 0.63983959 0.31842041 0.56796485 0.67113006 -0.36090684 0.50558037 0.69775468 0.41525534 0.5002417 0.71706766 -0.04297167
0.57134724 0.46620232 0.24693368 0.57790774 0.47809872 -0.37793878 0.53031534 0.52946061 0.31235528 0.5360502 0.58580041 -0.31322598 0.55746639 0.57617372 0.19766921 0.56073636 0.6331858 -0.05639911 0.42741704 0.57664514 0.20553866 0.39775923 0.59179074 -0.20504299 0.56412727 0.6394521 0.39023826 0.56441027 0.66931444 -0.57837135 0.5045315 0.69864285 0.57680506 0.49862999 0.73056442 -0.41987571
0.57243758 0.4587101 0.24510922 0.57568574 0.46946159 -0.39119172 0.5335778 0.53025448 0.32603899 0.53714842 0.57411617 -0.32964453 0.57514817 0.56145012 0.24820217 0.57309777 0.61378962 -0.06131621 0.42590708 0.56962943 0.20946856 0.3964574 0.58653718 -0.20896631 0.56449383 0.62685865 0.39993703 0.55757654 0.66815364 -0.35848427 0.4983274 0.69430768 0.59142739 0.49250901 0.72513509 -0.08791083
0.569947 0.45205042 0.25717959 0.57517791 0.46027604 -0.39646104 0.53047293 0.52656239 0.32594314 0.53811079 0.56373805 -0.3365939 0.55839652 0.56981343 0.22391769 0.57228506 0.60080189 -0.05245056 0.42575893 0.56656116 0.22782069 0.39694825 0.58176643 -0.22727065 0.55003846 0.62527913 0.48731577 0.54180419 0.67148376 -0.40023476 0.49477139 0.70658505 0.75275189 0.50509542 0.78170955 -0.40323073
0.5708822 0.44358775 0.24052933 0.57506317 0.45374644 -0.34620285 0.52851248 0.51894319 0.29995531 0.53764939 0.56692767 -0.26041511 0.5581032 0.56979167 0.20987453 0.57857174 0.60167861 0.02247375 0.4256807 0.5586189 0.22395113 0.40059629 0.57915205 -0.22332415 0.55234128 0.61727369 0.43398193 0.54139131 0.66328061 -0.46271217 0.49460506 0.70391822 0.62657917 0.49960384 0.76384276 -0.47716528
0.56538153 0.43685549 0.22656591 0.57761681 0.44960487 -0.36588573 0.52523941 0.5137704 0.26960862 0.53609759 0.56355685 -0.27231067 0.55225104 0.56816936 0.17473514 0.58470935 0.58535534 0.02723039 0.42089707 0.55416667 0.21947557 0.39963016 0.57841885 -0.21896833 0.54754204 0.61136234 0.44681218 0.54056233 0.66396987 -0.27364758 0.49262092 0.69271547 0.68007767 0.49918625 0.76029998 -0.2326562 
0.56589586 0.43080968 0.15219185 0.57953221 0.44009772 -0.39798585 0.52504826 0.51117301 0.21407989 0.5287739 0.55578178 -0.29572448 0.55316108 0.56351513 0.11844469 0.58079308 0.57859617 -0.02630219 0.42002729 0.55025411 0.21665633 0.40378532 0.57504874 -0.2161511 0.53297645 0.60698348 0.53218222 0.51563656 0.67310429 -0.03131748 0.50003254 0.69186783 0.86788762 0.49814826 0.78058881 0.17378193
0.56556541 0.42758042 0.20159994 0.57906651 0.43152997 -0.36820057 0.52911443 0.50145406 0.24945626 0.5343169 0.54512668 -0.27896956 0.55721551 0.55010438 0.18411578 0.57439375 0.57746756 -0.01653448 0.42828968 0.54491585 0.2148933 0.40213788 0.56500852 -0.21441689 0.58467931 0.59934831 0.33675393 0.51760918 0.67058295 -0.25668198 0.52997208 0.68603611 0.47492194 0.49975982 0.79713082 -0.29027277
0.55465335 0.41926125 0.22391441 0.57877743 0.42529875 -0.40400177 0.53006518 0.49806717 0.26034331 0.54318726 0.53870082 -0.32699689 0.55791068 0.55357563 0.15455978 0.5770424 0.58314103 -0.03432439 0.42785934 0.54742837 0.21893564 0.39791545 0.56557578 -0.21862321 0.62444079 0.59686905 0.29677039 0.53341699 0.66631383 -0.23103292 0.59680778 0.6828317 0.40234619 0.49895042 0.78569305 -0.1015031 
0.54816496 0.41245562 0.24263363 0.57710123 0.41522422 -0.41372582 0.51186901 0.5004968 0.26341236 0.54438603 0.53239334 -0.36563805 0.53677368 0.56576228 0.17184612 0.5761044 0.58742034 -0.09172262 0.42750826 0.54853827 0.22083697 0.39747554 0.56538749 -0.22068882 0.60586995 0.5986318 0.28690547 0.55143839 0.6586799 -0.22801478 0.57398295 0.71673256 0.38253149 0.4945769 0.77943212 -0.05698285
0.54337645 0.40375605 0.26917294 0.57089728 0.40441105 -0.42624435 0.50853002 0.49041644 0.30968663 0.54105908 0.50875103 -0.41120631 0.53176391 0.56264275 0.1804063 0.56769139 0.57156903 -0.17509969 0.42648304 0.54865229 0.21940304 0.39800748 0.55859828 -0.21920677 0.53915805 0.65006483 0.21701331 0.54444873 0.6468249 -0.17331819 0.5426448 0.77458984 0.30980808 0.4966647 0.77677095 -0.01653406
0.53664345 0.40150836 0.26631823 0.56567615 0.3978495 -0.44254363 0.51274431 0.4878684 0.34044063 0.54077339 0.50187773 -0.44381297 0.53690606 0.55728346 0.21645238 0.56587356 0.5674324 -0.23027988 0.42627126 0.54977292 0.21980822 0.40105313 0.55931181 -0.21965103 0.52641571 0.65564817 0.28465933 0.50170094 0.65800184 -0.08750625 0.51049942 0.77439511 0.37777022 0.4890821 0.78771758 0.13249002
0.52967668 0.39586145 0.24855593 0.56056124 0.39717245 -0.44890612 0.50899839 0.47987854 0.32669458 0.54049534 0.50434041 -0.45343769 0.53282636 0.54495847 0.16667472 0.56573504 0.56114459 -0.23351017 0.42291826 0.54711324 0.21571457 0.41378433 0.5533154 -0.2157131 0.51859927 0.6528179 0.28696918 0.49481341 0.65809405 -0.06223109 0.49111259 0.77344102 0.424505 0.48062506 0.78761882 0.1793281 
0.52730227 0.39512363 0.17988178 0.55507284 0.39285129 -0.47215557 0.5064373 0.48093599 0.25961655 0.5371815 0.50030547 -0.47560838 0.53562695 0.54628837 0.11910858 0.56790465 0.55807436 -0.28550336 0.42271429 0.54564476 0.21202369 0.42037499 0.54908216 -0.21204771 0.51940316 0.62126631 0.31364214 0.46592879 0.6708864 -0.04046232 0.58495492 0.72500205 0.54651034 0.47780037 0.79186624 0.17387165
0.52642101 0.39352936 0.15740481 0.54581356 0.3921839 -0.50809211 0.50878441 0.48275894 0.24274971 0.5292818 0.49949205 -0.51112419 0.5381645 0.54943365 0.10769916 0.55828172 0.55933243 -0.33956349 0.43165818 0.54577792 0.21098068 0.42526078 0.5479719 -0.21096994 0.4995276 0.65556127 0.31579953 0.46997485 0.66963792 -0.03264182 0.54206455 0.77612197 0.54784507 0.47844395 0.79487705 0.22233161
0.51770067 0.38898981 0.14527792 0.53938234 0.38941497 -0.49627069 0.49903825 0.482806 0.22276637 0.52616769 0.4982802 -0.48814765 0.52186275 0.54970765 0.0942028 0.5582583 0.55698222 -0.3019343 0.4315041 0.54661781 0.20466819 0.43501115 0.54839057 -0.20462127 0.48799738 0.66900986 0.31845507 0.47972858 0.65574116 0.00346805 0.51545358 0.79644096 0.55442142 0.51871789 0.77887911 0.26031536
0.50628322 0.3876237 0.15588757 0.53388566 0.38845965 -0.49527821 0.49114481 0.48153028 0.2253087 0.52390057 0.49740851 -0.46805346 0.50346541 0.55004483 0.08522709 0.54000831 0.55219859 -0.26009288 0.43068504 0.55109823 0.20440814 0.43686098 0.54997885 -0.20436998 0.49037763 0.68168038 0.31860778 0.48503774 0.65708905 0.02868024 0.50620937 0.81292421 0.56062841 0.5116899 0.78681767 0.31170803
0.4945811 0.38665226 0.16657959 0.52824605 0.38742268 -0.4835681 0.48963568 0.48079124 0.22796965 0.52263474 0.49619871 -0.45669582 0.50604916 0.54917938 0.08803242 0.5403735 0.55405456 -0.23393345 0.43014324 0.55774266 0.20310311 0.4478077 0.55137742 -0.20312464 0.46825242 0.68560058 0.36968541 0.51184034 0.64109409 0.0468336 0.49528256 0.81454527 0.59657466 0.54055494 0.72351658 0.44719458
0.48554754 0.38733 0.11398622 0.51781738 0.38804543 -0.51832598 0.48815224 0.48039714 0.19992244 0.51851958 0.49831361 -0.48366943 0.51027077 0.54938424 0.08583689 0.53836548 0.55779117 -0.26923445 0.43034413 0.55789322 0.20091087 0.44725066 0.55274987 -0.20101336 0.46226096 0.6809116 0.43092427 0.50092804 0.64389962 0.08025936 0.49145541 0.80425715 0.72949708 0.52911699 0.72986072 0.43973127
0.4707377 0.38682181 0.10251486 0.50451171 0.38941476 -0.50170612 0.48662341 0.47492096 0.18849927 0.51771736 0.49961394 -0.43749785 0.51411337 0.53761953 0.07010393 0.53863734 0.55180228 -0.1860377 0.43054569 0.55999303 0.18474936 0.45027533 0.5530712 -0.1848923 0.46321568 0.68033022 0.44015306 0.48420918 0.64258516 0.16618094 0.47083473 0.79726547 0.7367605 0.46111199 0.71069628 0.60249895
0.4493036 0.38468838 0.12500864 0.4932152 0.39062351 -0.42255604 0.47193283 0.47481745 0.18404333 0.51749367 0.50082511 -0.35327256 0.50550181 0.53515273 0.04490779 0.53592956 0.55198169 -0.08251594 0.42868084 0.56295377 0.16607636 0.45651096 0.55447835 -0.1663522 0.451049 0.69076186 0.34663513 0.51984811 0.6320101 0.09026362 0.47955397 0.81043416 0.51045418 0.56011742 0.6867879 0.49717864
0.4418996 0.38589519 0.10320593 0.48024061 0.39186463 -0.43270499 0.46833739 0.47631291 0.16484042 0.51533037 0.50100201 -0.34760746 0.51018322 0.53263015 0.03695383 0.54345936 0.54735839 -0.05886503 0.43046921 0.56279939 0.15954503 0.45469323 0.55498487 -0.15981765 0.46395513 0.69376975 0.32795727 0.52674299 0.62558389 0.1000701 0.48132533 0.81216061 0.49334213 0.54086924 0.67414844 0.59309101
0.43300852 0.38722977 0.11232274 0.47525856 0.39405856 -0.4055562 0.46405602 0.47995901 0.17744209 0.51515979 0.50488764 -0.32199907 0.51218432 0.53554022 0.05434469 0.54953372 0.54885018 -0.05548692 0.4323341 0.56636983 0.15725586 0.45956919 0.56403792 -0.15762927 0.4661479 0.69308263 0.35204062 0.52568787 0.64406306 0.11652436 0.46865776 0.81307775 0.60384285 0.51211613 0.73945439 0.49156222
0.42184475 0.3876743 0.10969578 0.46812484 0.39545599 -0.40707442 0.4597005 0.48012623 0.18059547 0.51483858 0.50631297 -0.34651878 0.51163 0.53375596 0.06115394 0.56410515 0.53553855 -0.06658343 0.43507522 0.56885242 0.16322002 0.45628914 0.5690515 -0.16352749 0.46753532 0.6902234 0.40382084 0.49770495 0.66669959 0.12706093 0.47389594 0.80964011 0.68423736 0.48892003 0.77804637 0.5071255 
0.40848505 0.38810048 0.1119716 0.4630487 0.3966881 -0.4112778 0.45144749 0.48172981 0.18609045 0.51594621 0.50864637 -0.30342638 0.50666547 0.53461766 0.08855485 0.5935238 0.51510012 0.01479855 0.43817085 0.56861651 0.15942965 0.46045601 0.57118922 -0.15983084 0.46988761 0.68750936 0.42534301 0.49588579 0.68652928 0.12605961 0.47331256 0.80763048 0.71649992 0.49041092 0.80847234 0.46294287
0.40524688 0.38889 0.11297584 0.46062785 0.39675501 -0.40456322 0.45136085 0.48408806 0.16153154 0.51379639 0.50863904 -0.33264923 0.50817388 0.54472172 0.07314195 0.583731 0.54640603 -0.03491684 0.43948808 0.56788343 0.16099121 0.47026592 0.57009673 -0.16139662 0.47001144 0.67208868 0.41917649 0.49665934 0.69171059 0.10916124 0.46669713 0.77895808 0.69178081 0.49218875 0.80887377 0.41031626
0.40220368 0.38963923 0.11305539 0.45437101 0.39673945 -0.42031452 0.45475069 0.48500556 0.15525767 0.50737488 0.5080542 -0.38510749 0.50883204 0.54794592 0.03910967 0.56859666 0.55518812 -0.1765589 0.44029394 0.5680567 0.16203752 0.46897987 0.56982708 -0.16243431 0.47183076 0.66673428 0.43011752 0.49679419 0.69171059 0.10391016 0.46249416 0.76376551 0.71358204 0.49337012 0.81138581 0.39623615
0.40013731 0.38968191 0.10746888 0.44992909 0.3960492 -0.45559782 0.45245841 0.48499125 0.14648296 0.50101459 0.50663322 -0.41566479 0.50496107 0.54797202 0.02264716 0.55419326 0.55724674 -0.20881934 0.43988228 0.56801772 0.17101222 0.46655992 0.5694958 -0.17114548 0.47825339 0.65076607 0.46382362 0.50143117 0.69318449 0.09808546 0.4467839 0.73653311 0.76602715 0.49414453 0.81199932 0.37573895
0.39792648 0.39011866 0.11029168 0.44788328 0.39602187 -0.47229868 0.44020405 0.48473054 0.1480585 0.49420285 0.50367677 -0.43377167 0.4968732 0.5397718 0.00590364 0.54717112 0.55652791 -0.21852703 0.43791601 0.56773049 0.18085599 0.46506813 0.56922299 -0.18090619 0.47615656 0.63604558 0.57065117 0.50141597 0.68783152 0.09519509 0.43974975 0.69109452 0.93420136 0.49482071 0.81327319 0.37914973
0.39742747 0.39050713 0.1105014 0.44683936 0.39636031 -0.46654794 0.43830779 0.48470217 0.15477172 0.49339956 0.50377929 -0.42547086 0.49538845 0.5375486 0.01639223 0.54561758 0.55615723 -0.21473831 0.43651953 0.56750447 0.18391272 0.46416965 0.56980586 -0.18392292 0.47283435 0.63041794 0.60435867 0.4979572 0.68568867 0.09292622 0.42897826 0.70338655 0.98885202 0.49456838 0.81069571 0.36463588
0.3996188 0.39206067 0.11681217 0.44863483 0.39657542 -0.4663305 0.43795562 0.4853572 0.15248097 0.49477947 0.5036763 -0.42259789 0.49336004 0.5407244 0.01122812 0.54551142 0.55656165 -0.22122419 0.43583846 0.56732053 0.18480363 0.46404007 0.56937748 -0.18480147 0.47132698 0.6221531 0.56890482 0.49708185 0.68535918 0.06189084 0.42303434 0.69807988 0.91751468 0.49483654 0.81250113 0.29585758
0.4034639 0.39209062 0.09794769 0.44938961 0.3965576 -0.48141876 0.44005901 0.48586613 0.12250714 0.49555936 0.5037955 -0.44910496 0.49460778 0.55018324 -0.01751267 0.54600394 0.56081718 -0.25645038 0.43642479 0.56727582 0.1855368 0.46355921 0.56930059 -0.18551727 0.47756347 0.62058127 0.53279656 0.50836033 0.69295174 0.06285359 0.42909428 0.68268698 0.8632502 0.49504158 0.81328607 0.33168903
0.40525028 0.3921133 0.10207726 0.45126718 0.39553922 -0.48712391 0.44112405 0.48575395 0.13271207 0.49447665 0.50382161 -0.45240322 0.49498105 0.55242246 -0.00569074 0.54422945 0.56009024 -0.25211775 0.43686992 0.56608748 0.18937889 0.4634479 0.56870204 -0.18933733 0.48672208 0.62190431 0.55043161 0.5131793 0.6934166 0.06644562 0.43381324 0.70045704 0.899589 0.49520957 0.81352961 0.34154731
0.40610397 0.39050254 0.1550816 0.45194125 0.39157411 -0.44140643 0.44076538 0.48465854 0.17062026 0.4945026 0.49989602 -0.42849287 0.49494222 0.55228955 0.02889542 0.54402769 0.55972379 -0.23313197 0.43616575 0.56417722 0.19149996 0.46323055 0.56504375 -0.19147177 0.48456055 0.62372786 0.53378457 0.51356542 0.69141841 0.03395518 0.43448552 0.707102 0.86194557 0.49544001 0.81249905 0.2514295 
0.4246608 0.38664693 0.22502868 0.45990309 0.38742545 -0.39059573 0.4435668 0.47675839 0.23508433 0.49426383 0.49293131 -0.37896958 0.49539563 0.54467356 0.10149813 0.5437268 0.55192178 -0.17310192 0.43607184 0.55947214 0.19370921 0.4621678 0.558465 -0.19365498 0.48432606 0.63761419 0.32972756 0.51748383 0.69117135 -0.05954839 0.43567899 0.73652786 0.48104411 0.51262128 0.81300408 0.07763942
0.44273913 0.38665628 0.14591122 0.48328847 0.38726541 -0.42414662 0.45408836 0.48053849 0.18415976 0.50203478 0.49553394 -0.4078545 0.49767548 0.5538035 0.07810826 0.54384565 0.56041431 -0.20579898 0.43602034 0.56027693 0.18611266 0.46256271 0.55894786 -0.18627702 0.47930077 0.66959995 0.32794318 0.53093356 0.67174906 -0.02097891 0.46838167 0.80031067 0.53181332 0.52732295 0.7989372 0.21615937
0.46036974 0.38706943 0.17526929 0.50439489 0.38794452 -0.41313967 0.46151525 0.48377469 0.21273486 0.51296997 0.49500903 -0.40604451 0.52396429 0.55321157 0.10944022 0.54829609 0.55995554 -0.21114352 0.42969283 0.5597418 0.18584669 0.46020722 0.5589909 -0.18602629 0.47834337 0.66926581 0.26627249 0.53139585 0.66786748 -0.10787618 0.46722829 0.79802972 0.38712364 0.52257633 0.79697055 0.07202797
0.48179871 0.39112324 0.19519575 0.52347785 0.3897855 -0.42047453 0.4606348 0.4909772 0.23750491 0.51833737 0.50066471 -0.42423591 0.52031827 0.56061465 0.11862626 0.55006939 0.56687349 -0.24017955 0.42988339 0.56032574 0.19153212 0.45945883 0.55961132 -0.19165568 0.48142859 0.67946345 0.2511808 0.53861153 0.63515955 -0.06827296 0.48954457 0.80792397 0.39776552 0.51435447 0.74827164 0.17549567
0.50299376 0.40130338 0.04622234 0.53490448 0.40261602 -0.54712588 0.46681353 0.50549209 0.11646288 0.52707136 0.52071029 -0.53284264 0.50419414 0.58079261 0.04482886 0.55905443 0.59247369 -0.38648883 0.42993593 0.55990505 0.19243819 0.44170916 0.56956542 -0.19253777 0.53552622 0.64727765 0.27644613 0.51701516 0.66661835 -0.02156217 0.54312813 0.75402904 0.5815143 0.51353061 0.79695851 0.23546979
0.51539284 0.41375908 0.01453121 0.54034138 0.41375569 -0.5759396 0.49255282 0.51815903 0.09866694 0.53485173 0.53293794 -0.54482555 0.53551054 0.58689868 0.02239844 0.59131294 0.59691525 -0.37370875 0.43002993 0.56427687 0.19378346 0.43221986 0.57837403 -0.1938636 0.50109679 0.66064703 0.46947202 0.47695747 0.68787545 0.12905107 0.51370966 0.76787448 0.81904185 0.51341593 0.81230885 0.46154323
0.5313468 0.42924419 0.02300197 0.54422587 0.43102038 -0.60310346 0.5163089 0.53302455 0.10731225 0.53422761 0.54798967 -0.58662361 0.54408348 0.60781437 0.00948694 0.58383751 0.60706353 -0.42479366 0.427183 0.57117939 0.20633343 0.41958275 0.58630282 -0.20636228 0.51126152 0.65920883 0.52899146 0.47951564 0.69838274 0.0857467 0.53746539 0.75152808 0.90113401 0.51318753 0.81432128 0.37762317
0.55225372 0.44448751 0.02525496 0.54504371 0.44891295 -0.55380249 0.53778696 0.53528887 0.11940199 0.53771371 0.5633716 -0.53307116 0.57047242 0.60311371 0.06422648 0.589701 0.61463916 -0.35551089 0.43852362 0.57205409 0.1934232 0.39418101 0.58325416 -0.19314209 0.58378887 0.62492335 0.1588016 0.4863739 0.68863565 -0.4155308 0.52790761 0.71189213 0.42500961 0.51484185 0.81092465 -0.35411182
0.56194824 0.45839503 0.09544284 0.54929656 0.46608642 -0.41635847 0.5304237 0.54960388 0.17219612 0.53690726 0.58106208 -0.39043671 0.55625206 0.63496417 0.14459355 0.58480549 0.64975446 -0.23308812 0.43591809 0.57278311 0.17801189 0.38455051 0.58312392 -0.1775085 0.59170598 0.62759 0.09686456 0.54199511 0.66671526 -0.40291241 0.54322511 0.71029365 0.28317216 0.53070337 0.78771836 -0.28143445
0.55592984 0.47452915 0.09844349 0.56050193 0.48870251 -0.36406931 0.52086186 0.56088364 0.16896497 0.53520799 0.5965203 -0.3132118 0.55005074 0.63570946 0.11653776 0.56749225 0.65320992 -0.10874914 0.41181308 0.57972503 0.15392916 0.37846717 0.58799475 -0.15367028 0.56623679 0.62730259 0.21905799 0.53400105 0.66221029 -0.22641627 0.45820305 0.67964816 0.32470098 0.45913699 0.71872789 -0.06780005
0.55706757 0.48970208 0.10153805 0.56893194 0.50532657 -0.35754597 0.51573467 0.57042086 0.16133334 0.53419614 0.59975702 -0.31970924 0.53212947 0.63768458 0.10932603 0.55145293 0.65744025 -0.12497008 0.39139566 0.58846313 0.14732035 0.36550075 0.59340882 -0.14712468 0.53612918 0.63258415 0.25505584 0.52902794 0.65613294 -0.19780037 0.43437612 0.6986056 0.44692683 0.44771996 0.72397625 0.14485276
0.57196033 0.50926536 0.16961044 0.57853097 0.51759219 -0.38433507 0.51568878 0.58045691 0.18510178 0.52533537 0.5948928 -0.36566961 0.51663756 0.63858265 0.10597574 0.54064554 0.6521886 -0.17083843 0.39248472 0.59993297 0.15347563 0.35376069 0.59976637 -0.15332794 0.52650905 0.63317847 0.26493999 0.52163953 0.65349889 -0.19933426 0.39645061 0.69360477 0.3822819 0.40189603 0.70996791 0.14410588
0.57914716 0.52814078 0.17773342 0.58600622 0.53361404 -0.39014345 0.52727544 0.59840286 0.1906904 0.51672745 0.61367124 -0.35696396 0.5184173 0.65560371 0.10088749 0.50718421 0.66290051 -0.12121253 0.37495619 0.60628378 0.15782002 0.34286544 0.60498518 -0.15769053 0.51711535 0.64033085 0.2676816 0.52093655 0.6562565 -0.18090834 0.39437616 0.70134819 0.41315535 0.39677367 0.71319133 0.2129461 
0.5798955 0.53237516 0.26109934 0.59017968 0.53813243 -0.3608546 0.52599615 0.60989463 0.26612738 0.50499475 0.60885227 -0.34293824 0.51917958 0.66107166 0.15432258 0.50339669 0.66476226 -0.12081745 0.3581785 0.60989588 0.17975743 0.3363547 0.61031622 -0.17988656 0.51533657 0.64356953 0.30262545 0.51720017 0.65660441 -0.24922785 0.39774498 0.69587445 0.4305267 0.40472233 0.70398039 0.19303827
0.58306831 0.53834629 0.27035636 0.58932012 0.54365432 -0.3790462 0.52329183 0.61500877 0.29768929 0.50311804 0.61370337 -0.36144176 0.51843446 0.67225879 0.17406246 0.51029605 0.66815251 -0.14705779 0.35648033 0.60987002 0.19855544 0.33407265 0.61092144 -0.1986607 0.51611215 0.64424729 0.32271692 0.51608205 0.65414333 -0.31395376 0.39377144 0.69656008 0.44313967 0.39213544 0.70536357 0.19116093
0.58868825 0.53822076 0.25447625 0.58712971 0.54281354 -0.38442186 0.52581096 0.61285752 0.27895641 0.50228971 0.62137216 -0.38937938 0.51945996 0.67590725 0.18213712 0.50736767 0.68333018 -0.23734513 0.36218217 0.60501856 0.20300306 0.33449426 0.60815871 -0.20284632 0.51677763 0.64842528 0.34175959 0.5095976 0.65549475 -0.37676468 0.39482832 0.6981445 0.49987805 0.39425781 0.71770626 -0.03728249
0.5932731 0.53999203 0.22897302 0.58317977 0.53982091 -0.39406419 0.5429768 0.62049663 0.25748432 0.50026464 0.63177532 -0.3893553 0.53988367 0.67856163 0.16592646 0.49901292 0.69189525 -0.22497901 0.36473012 0.60402364 0.20320944 0.33128724 0.60597193 -0.20304519 0.53102356 0.65169144 0.27746853 0.50981903 0.65633285 -0.35239854 0.40308174 0.71134007 0.40379742 0.39362022 0.72230452 0.00223022
0.59779799 0.5378201 0.2271665 0.58102411 0.54011941 -0.45712417 0.57369727 0.61814475 0.2533367 0.50235361 0.63695318 -0.44427839 0.57736939 0.67256701 0.15395978 0.47982535 0.7132448 -0.30742404 0.3676894 0.60247284 0.20954628 0.32775772 0.6049614 -0.20947896 0.53486478 0.65288121 0.28600785 0.50985664 0.6565184 -0.35614878 0.40859151 0.71138263 0.42783156 0.39174145 0.72256219 0.04234188
0.59602231 0.53797024 0.21769455 0.58135307 0.54156083 -0.44710621 0.55870467 0.61767584 0.24403641 0.50377709 0.63556361 -0.42964491 0.53381073 0.67655665 0.15134552 0.48178163 0.71116287 -0.28932816 0.36554465 0.60157996 0.20530026 0.32696274 0.60435134 -0.20523642 0.53413445 0.65219188 0.28937048 0.50945187 0.65668124 -0.33237591 0.4007619 0.71019834 0.4310616 0.37738699 0.71651632 0.08320314
0.59590834 0.53865451 0.24628194 0.58064395 0.53733402 -0.42741635 0.55070096 0.62153232 0.26895836 0.50422823 0.62857938 -0.41146728 0.53113145 0.68241298 0.15912025 0.48876378 0.69793326 -0.2243834 0.36179909 0.60168749 0.20566739 0.32734531 0.6038844 -0.20558567 0.53236312 0.65205151 0.30351868 0.50902116 0.65703839 -0.31426021 0.39546213 0.70963597 0.46433839 0.38117602 0.71575361 0.12446049
0.59634107 0.53752118 0.23405381 0.57725668 0.53711164 -0.42721578 0.54683036 0.62032133 0.26192313 0.50482529 0.62941289 -0.40888086 0.52673262 0.67942482 0.16481258 0.48456031 0.70624411 -0.22449994 0.36419725 0.60139644 0.20418507 0.32634768 0.60386002 -0.20410633 0.53502101 0.65180194 0.28682408 0.50884801 0.65724385 -0.34448808 0.4003031 0.70996326 0.41070163 0.38932765 0.71790284 0.08076607
0.60276228 0.53792244 0.16931827 0.57573372 0.5345214 -0.45412177 0.66047919 0.61537468 0.22559613 0.50527483 0.62744343 -0.46103245 0.73109055 0.68076146 0.16006286 0.48781151 0.70007974 -0.35520756 0.36941656 0.60184264 0.20071763 0.32624158 0.60412389 -0.2007136 0.53771979 0.65784866 0.28120014 0.51086491 0.65913433 -0.32887676 0.40175813 0.70720649 0.40325481 0.38749504 0.71598965 0.09243169
0.60082299 0.53946191 0.17904432 0.5716607 0.53460926 -0.4572053 0.6570496 0.6178993 0.25339904 0.50581306 0.62682861 -0.47700298 0.7408126 0.6781584 0.185875 0.49257654 0.69600224 -0.36556193 0.37224898 0.60221267 0.20236874 0.32490143 0.60519618 -0.20236871 0.54519004 0.65649045 0.29937285 0.51078606 0.66033143 -0.34695444 0.39429593 0.70632905 0.44207072 0.3752552 0.7175191 0.08739356
0.61152422 0.54079789 0.08656988 0.56519443 0.53759515 -0.51402855 0.67148846 0.61569434 0.13368128 0.50547171 0.63367409 -0.52563214 0.7471773 0.66626567 0.03183722 0.51323998 0.70630056 -0.434012 0.38644776 0.60209745 0.1976258 0.32441908 0.60599881 -0.19759025 0.55066609 0.65888572 0.2725471 0.5098424 0.66130978 -0.38506836 0.39488089 0.70072943 0.40068281 0.37660971 0.71534324 0.04912769
0.60709125 0.53813851 0.11098849 0.55773401 0.53880799 -0.5317933 0.64980125 0.60776293 0.16518645 0.50219375 0.63690537 -0.56030601 0.71517313 0.65921766 0.14380388 0.51287562 0.72364342 -0.48624963 0.38868526 0.60160446 0.20174406 0.32118392 0.60651201 -0.2016795 0.5512777 0.65513355 0.2762326 0.50882638 0.66191864 -0.36684886 0.39468664 0.69552535 0.43698284 0.3646917 0.71560925 -0.00178656
0.60125166 0.53695583 0.1513366 0.55535984 0.53740537 -0.50041217 0.6316002 0.6073972 0.3136434 0.5014196 0.63418984 -0.52276194 0.68382668 0.65999115 0.30682218 0.5120939 0.71174347 -0.42925513 0.38152203 0.60196954 0.20629136 0.31858912 0.60668081 -0.20624623 0.54709464 0.65833682 0.28256145 0.50854516 0.66261292 -0.35445324 0.38661575 0.69609219 0.44817683 0.36332393 0.71869773 0.01152484
0.60105187 0.53612423 0.18834947 0.55433977 0.53698504 -0.48788142 0.62676662 0.60741436 0.32529262 0.5017817 0.6323275 -0.50557172 0.66049576 0.66491169 0.28129926 0.52103597 0.69964468 -0.39057064 0.37680408 0.6033684 0.20848632 0.31895506 0.60701454 -0.20842436 0.54727346 0.65544516 0.29017839 0.5080905 0.66244692 -0.3771995 0.39003289 0.69718254 0.44706589 0.36396214 0.71889937 0.01550756
0.60052782 0.53215575 0.18795186 0.55423295 0.5367431 -0.4823328 0.59909797 0.60854501 0.29014897 0.50364727 0.63188392 -0.5002774 0.62891662 0.66666615 0.23120362 0.53064817 0.69086862 -0.33091864 0.3768107 0.60319865 0.20816536 0.31983116 0.60718709 -0.20805638 0.54241419 0.65635806 0.29613006 0.50898117 0.66235942 -0.37848622 0.39165896 0.6938498 0.44460496 0.36114258 0.71765238 0.00585663
0.6097461 0.530312 0.15388599 0.55259359 0.53654546 -0.49225861 0.60401344 0.6080091 0.23023644 0.50960082 0.63155639 -0.49600232 0.63377035 0.66835034 0.1085526 0.53688103 0.69002736 -0.32522511 0.38213119 0.6030761 0.20804064 0.32060423 0.60714763 -0.20799269 0.54231513 0.656299 0.29488012 0.51080745 0.66228449 -0.38495174 0.3926948 0.69100404 0.42834163 0.35936111 0.71520984 -0.00581139
0.60853231 0.52895242 0.09562682 0.55042762 0.53330559 -0.50412005 0.61309731 0.60788977 0.14772974 0.50954866 0.63144696 -0.49565023 0.63467133 0.66950899 0.03087199 0.52490836 0.68997294 -0.31790689 0.38792598 0.6017319 0.19929102 0.32102841 0.60711694 -0.19915371 0.54263335 0.65716189 0.28142187 0.51259696 0.66213101 -0.38803461 0.39290085 0.6923207 0.38941038 0.36025852 0.7143833 -0.0033188 
0.60422188 0.52750146 0.1623656 0.55076975 0.53141862 -0.47880578 0.56669277 0.61065829 0.169548 0.5082283 0.6305005 -0.45957088 0.56388885 0.68027717 0.09222886 0.5037387 0.69017714 -0.26706943 0.3876757 0.60183746 0.20097336 0.32135108 0.60723644 -0.20088483 0.54416651 0.65811235 0.28354871 0.51343036 0.66157079 -0.3930214 0.39732525 0.69556326 0.40143529 0.36210415 0.71478099 0.00659569
0.58548266 0.52546805 0.19920081 0.55106962 0.52970374 -0.45306239 0.53864157 0.6114921 0.2173553 0.50352472 0.63032568 -0.44449863 0.52843696 0.68383038 0.10613612 0.48325714 0.69209564 -0.26553321 0.37632295 0.60303152 0.20553367 0.32138082 0.60798144 -0.2055109 0.54250056 0.65827763 0.31686172 0.51415563 0.66156858 -0.36981452 0.40162748 0.70154327 0.45991182 0.36254984 0.72093511 0.04014765
0.57574308 0.52506024 0.22955702 0.55101222 0.52770305 -0.44115543 0.5271337 0.61489373 0.26659 0.49982706 0.628892 -0.43663463 0.51206839 0.68523312 0.15751061 0.48496437 0.69113362 -0.24765028 0.36885175 0.6051299 0.21126795 0.3213802 0.60843742 -0.21123861 0.53430164 0.66476184 0.31504112 0.51535887 0.66159666 -0.36984399 0.40927857 0.71763533 0.4532235 0.36853433 0.72941911 0.02394605
0.57812291 0.52529311 0.21165298 0.54904699 0.52690881 -0.44668788 0.53704232 0.61518699 0.26274732 0.49794307 0.62664205 -0.44127622 0.53533 0.6846543 0.15455663 0.48711288 0.69062603 -0.26988575 0.36975938 0.60498357 0.2107413 0.32143095 0.60840577 -0.21075884 0.53460312 0.66396022 0.29861295 0.51513487 0.66046125 -0.38565698 0.40966916 0.71374357 0.42102459 0.36872476 0.7278024 0.0201487 
0.58960122 0.52532971 0.16805793 0.54791045 0.52575755 -0.4691292 0.62290496 0.60848707 0.25887722 0.50511712 0.61960191 -0.48915705 0.65372133 0.68310601 0.15943371 0.50960898 0.68799233 -0.35487175 0.37555251 0.6048553 0.20521356 0.32287955 0.60839355 -0.20526826 0.54518896 0.66316879 0.27704507 0.51422185 0.66011161 -0.38284129 0.42277986 0.71430677 0.39637738 0.37850225 0.72752255 0.0099505 
