0. 0. 0. 0. 0. 0. 0. 0. 0. 0. 0. 0. 0. 0. 0. 0. 0. 0. 0. 0. 0. 0. 0. 0. 0. 0. 0. 0. 0. 0. 0. 0. 0. 0. 0. 0. 0. 0. 0. 0. 0. 0. 0. 0. 0. 0. 0. 0. 0. 0. 0. 0. 0. 0. 0. 0. 0. 0. 0. 0. 0. 0. 0. 0. 0. 0. 0. 0. 0. 0. 0. 0. 0. 0. 0. 0. 0. 0. 0. 0. 0. 0. 0. 0. 0. 0. 0. 0. 0. 0. 0. 0. 0. 0. 0. 0. 0. 0. 0. 0. 0. 0. 0. 0. 0. 0. 0. 0. 0. 0. 0. 0. 0. 0. 0. 0. 0. 0. 0. 0. 0. 0. 0. 0. 0. 0. 0. 0. 0. 0. 0. 0.
0.77241993 0.42793769 0.08739727 0.67375916 0.37126195 -0.68816626 0.71485728 0.54334813 0.26587215 0.60930133 0.5181514 -0.73201174 0.71997404 0.65599513 0.11464085 0.64849097 0.65872562 -0.6318866 0.55278337 0.55960667 0.23754026 0.46706769 0.5482654 -0.23797517 0.69387478 0.68091553 0.21752095 0.65803874 0.67906207 -0.36832052 0.5102725 0.7732023 0.34184963 0.49504191 0.77243096 0.02331707
0.7722646 0.42530984 0.05058475 0.67188203 0.37119114 -0.73780411 0.71427506 0.53833801 0.20115075 0.6132217 0.51815152 -0.78031498 0.71886599 0.65158743 0.05976481 0.64843333 0.65825564 -0.69168723 0.55707633 0.55119157 0.23840483 0.46851802 0.54217213 -0.23878665 0.7172004 0.6570757 0.21637183 0.68120331 0.6590392 -0.4222151 0.62799847 0.77110523 0.32662886 0.5664928 0.77080554 -0.07160223
0.77181071 0.42414254 0.05793198 0.67105311 0.37058237 -0.72834778 0.71367472 0.53695947 0.21079181 0.61563426 0.51813239 -0.77443546 0.71879768 0.65050465 0.05959599 0.64858031 0.65601426 -0.69204652 0.55742067 0.5501188 0.23994245 0.46917227 0.54153275 -0.24023737 0.71665078 0.66254711 0.21360348 0.68232048 0.66306674 -0.40825072 0.60185844 0.779477 0.32733727 0.54981899 0.78124577 -0.06484669
0.77121818 0.42254412 0.0622968 0.67034113 0.36961231 -0.72438246 0.71313548 0.53561491 0.21444291 0.61693567 0.51808333 -0.770854 0.71874076 0.6465469 0.06763253 0.64913231 0.65366042 -0.68640387 0.5575214 0.54762447 0.24001183 0.46924064 0.53965437 -0.24029957 0.72232133 0.65660566 0.21366109 0.68583602 0.65629494 -0.40543199 0.62145007 0.77930737 0.32332388 0.5619635 0.7801379 -0.0605211 
0.77028817 0.41999137 0.06475561 0.67004734 0.3685129 -0.72059155 0.71286792 0.533889 0.2140962 0.61696142 0.51780635 -0.76692277 0.71938699 0.64546067 0.06149336 0.65018547 0.65344834 -0.68228233 0.55748022 0.54615349 0.24076827 0.46809185 0.53863394 -0.2410156 0.73939222 0.65632474 0.20850201 0.68333966 0.65549535 -0.40036419 0.59666896 0.77101499 0.33784187 0.56240666 0.7788704 -0.04745791
0.76892608 0.41822484 0.06515605 0.66919404 0.36807305 -0.73273993 0.71215725 0.53382641 0.21424699 0.61701572 0.51790565 -0.77415836 0.71865231 0.64582086 0.06252485 0.65180796 0.6534217 -0.68886322 0.55529505 0.54350525 0.2421736 0.46556658 0.53525501 -0.24238706 0.73259711 0.65059358 0.20777418 0.68317139 0.64930755 -0.39671361 0.59022844 0.76131588 0.355351 0.55845857 0.76689512 -0.04179372
0.76888978 0.41764408 0.06612819 0.66911298 0.36710843 -0.71711022 0.71212626 0.53367168 0.20352772 0.61692268 0.51493567 -0.7562378 0.71761894 0.6442917 0.04164417 0.64816022 0.64230925 -0.68660903 0.55534655 0.54322129 0.24208823 0.46575922 0.5214752 -0.24228652 0.73263508 0.65434903 0.18646379 0.68171722 0.65206796 -0.40813881 0.59469271 0.76184106 0.35448924 0.56253499 0.76698494 -0.04013257
0.76863098 0.415712 0.07136488 0.66943747 0.36711189 -0.71818167 0.71128422 0.53340989 0.20876679 0.6168474 0.51454991 -0.75614458 0.71681488 0.64268744 0.04969837 0.64819258 0.64244121 -0.68424606 0.55499315 0.54179984 0.24236247 0.46550885 0.52527201 -0.24254684 0.73279917 0.65636253 0.18862602 0.68057781 0.65414995 -0.40613055 0.59007657 0.75870585 0.38247359 0.56898499 0.76526582 0.01392057
0.7685551 0.41356641 0.1086852 0.67024678 0.36706528 -0.7178632 0.70982027 0.53267753 0.24678288 0.61676979 0.51391906 -0.75675857 0.71486092 0.6431812 0.09557948 0.64825666 0.64385957 -0.68293351 0.55470502 0.54049486 0.24577524 0.46414417 0.52754074 -0.24593444 0.7399596 0.65150285 0.19164118 0.67990464 0.65536243 -0.41550848 0.59293437 0.75405705 0.37600324 0.58438003 0.76180965 0.02472611
0.76846164 0.40992311 0.12355169 0.67033827 0.36573786 -0.70006359 0.70792723 0.52884996 0.25944299 0.61622459 0.51199567 -0.74363309 0.7118265 0.64074349 0.10172727 0.64824158 0.64214694 -0.66582394 0.55257195 0.53918964 0.24586137 0.46387184 0.52812964 -0.2460282 0.7263276 0.65050024 0.19389179 0.6787594 0.65360892 -0.41382411 0.55502266 0.75329792 0.37586334 0.57946783 0.75823665 0.02557397
0.76833373 0.40669841 0.1150403 0.67055172 0.36395785 -0.70103937 0.7075147 0.52597201 0.25573364 0.61554992 0.50981647 -0.74451703 0.71122211 0.636536 0.10770448 0.64167273 0.63246655 -0.66580158 0.54959548 0.5368191 0.24577911 0.46378872 0.52801466 -0.24595352 0.70745844 0.6520806 0.21488078 0.67653167 0.6555016 -0.36803177 0.55755562 0.75558925 0.40385574 0.55397475 0.76183408 0.03247448
0.7683599 0.4036479 0.11396522 0.67223912 0.36083663 -0.67343771 0.70734447 0.52277499 0.25356138 0.61500621 0.50645477 -0.71202993 0.71012837 0.63455045 0.10896851 0.63944745 0.62929839 -0.62817973 0.54967129 0.53582537 0.24432011 0.46595606 0.52717322 -0.24444473 0.70895308 0.64965647 0.21223366 0.67654085 0.65576178 -0.36295274 0.55821639 0.75589019 0.39724803 0.5496434 0.7624988 0.02954287
0.76833934 0.40167859 0.11901186 0.67267758 0.35873073 -0.67473471 0.70666319 0.52079517 0.25337568 0.61434287 0.50375766 -0.71362996 0.70669699 0.63307399 0.10562359 0.63739872 0.62552828 -0.62629205 0.54788941 0.53508753 0.2442842 0.46664798 0.5256241 -0.24441458 0.688528 0.64694238 0.21362461 0.67319971 0.65408653 -0.36715949 0.50869197 0.74916661 0.41362345 0.49712259 0.75721949 -0.00436213
0.76832563 0.39978924 0.12169813 0.6731298 0.35488117 -0.64983481 0.70621365 0.51936758 0.25221288 0.61316568 0.50002557 -0.69044757 0.70695657 0.63150489 0.10330215 0.63558394 0.62205279 -0.60620755 0.54642886 0.53527427 0.24142998 0.46842247 0.52518362 -0.24154921 0.67857963 0.65193635 0.19298108 0.67311764 0.65440166 -0.36785901 0.50379753 0.74963093 0.39042985 0.49147588 0.75918293 -0.03936967
0.76828301 0.3963843 0.12116781 0.67316872 0.35239598 -0.66070879 0.70623326 0.51706469 0.24580717 0.61169654 0.4964031 -0.7023505 0.70708418 0.62624115 0.09537696 0.63391179 0.61459774 -0.61719054 0.54637408 0.53080678 0.24139874 0.46870098 0.52183747 -0.24153146 0.67267966 0.65183413 0.19076219 0.66700536 0.65439636 -0.37255388 0.50106555 0.74891281 0.38754019 0.48108527 0.75727504 -0.03750684
0.76788634 0.39417732 0.13041525 0.67398721 0.34915289 -0.65445608 0.70625281 0.51474345 0.25498971 0.61132026 0.49236968 -0.69811314 0.71079504 0.62627786 0.10236683 0.63441092 0.61417264 -0.61875248 0.54362553 0.53172475 0.24148901 0.46888348 0.52257401 -0.24164008 0.65372461 0.66171563 0.21729746 0.65994346 0.66570443 -0.3851963 0.46876913 0.74572617 0.43744636 0.44166166 0.7538138 -0.03226417
0.76774114 0.39511174 0.15195189 0.67399526 0.34467798 -0.65699649 0.70637268 0.51533544 0.27809602 0.61135155 0.48791888 -0.70078909 0.71935755 0.62766659 0.1029866 0.63908225 0.61449987 -0.6404289 0.54383987 0.53436863 0.24512236 0.46894443 0.52315539 -0.24543869 0.64697415 0.68789983 0.15746254 0.64823312 0.67348826 -0.43647811 0.45917964 0.7469871 0.43237415 0.41416296 0.75513852 -0.08039723
0.76646763 0.39055854 0.17177834 0.67371136 0.34075335 -0.65415704 0.70631886 0.51175767 0.29577607 0.61087066 0.48626566 -0.70511508 0.72183919 0.62511092 0.12176997 0.64344084 0.61455518 -0.64042383 0.53675181 0.53403187 0.24773067 0.46396971 0.52162862 -0.24817047 0.6280883 0.68104959 0.15004346 0.62158364 0.67313063 -0.48195788 0.43833596 0.72780681 0.41790226 0.38706335 0.73906225 -0.09139167
0.76617384 0.38605466 0.15712568 0.67339081 0.33789232 -0.65747195 0.70675766 0.50901985 0.28544655 0.6114862 0.48170772 -0.70717376 0.72301227 0.62458432 0.1190059 0.66096443 0.61265224 -0.63587129 0.53683132 0.53321195 0.24765737 0.46443367 0.51967025 -0.24807556 0.62880629 0.67723632 0.15133052 0.62320763 0.67423183 -0.46453625 0.43861449 0.73456413 0.37649363 0.38106397 0.74197668 -0.10218602
0.76476032 0.38283974 0.17219037 0.67286628 0.33204603 -0.62721556 0.7069416 0.50497657 0.29504463 0.61192298 0.47156709 -0.69624001 0.72258532 0.62063307 0.11639476 0.65886331 0.59892249 -0.64663374 0.53425872 0.53153104 0.24753031 0.4635824 0.517443 -0.24794252 0.64001983 0.68163174 0.08783564 0.59820831 0.6728698 -0.44552413 0.44511339 0.75280076 0.31269813 0.37775525 0.75967139 -0.14358266
0.76325428 0.37727454 0.19826785 0.6726408 0.32565552 -0.59600228 0.70727158 0.4990879 0.33332744 0.61319697 0.4640353 -0.66446435 0.72251099 0.61471081 0.15603466 0.65719295 0.59100074 -0.62826788 0.52938497 0.52810246 0.2478701 0.45776072 0.51188755 -0.24827638 0.64166927 0.68312514 0.08697615 0.57718837 0.66968977 -0.43739387 0.42673367 0.76284122 0.26851016 0.36626241 0.76955199 -0.19302513
0.76189113 0.36964223 0.14732853 0.67263043 0.32163164 -0.67005378 0.70731831 0.49120885 0.29687533 0.61319208 0.46396276 -0.74155992 0.7222001 0.61152446 0.118977 0.65608591 0.59239197 -0.71661085 0.52683061 0.51941782 0.25091514 0.45423853 0.5057404 -0.25137901 0.62037402 0.68231386 0.10836136 0.50891894 0.66554964 -0.45547783 0.38650319 0.76116574 0.30641311 0.36812711 0.75942475 -0.15674502
0.76178151 0.36278677 0.15191182 0.67296034 0.31548503 -0.66801506 0.70704478 0.4847075 0.30265126 0.61640257 0.45685536 -0.73987627 0.72198552 0.60293257 0.12481874 0.65654355 0.58849019 -0.72625256 0.5270679 0.5134775 0.25116125 0.45470545 0.49867699 -0.25157496 0.6201604 0.66943872 0.06901276 0.49386981 0.64196616 -0.580006 0.38992554 0.76062256 0.26074401 0.36892489 0.75370425 -0.31590006
0.76159692 0.35384905 0.09582335 0.67401284 0.3095898 -0.74816728 0.70639056 0.47516835 0.2345394 0.61852556 0.45343664 -0.82939458 0.71980512 0.5955897 0.04655647 0.65898383 0.58567268 -0.81349796 0.52746612 0.5070948 0.25297982 0.45514232 0.49162519 -0.25335491 0.57663453 0.65487176 0.06463075 0.48762929 0.63219678 -0.57453227 0.39190322 0.75964677 0.28611311 0.37608868 0.75584978 -0.32536641
0.76154846 0.34695771 0.08829097 0.67599243 0.30205184 -0.78003383 0.70657939 0.46651635 0.21649915 0.62379009 0.44194093 -0.87372196 0.71694332 0.58769786 0.0289203 0.65835404 0.57509953 -0.86369002 0.52721107 0.49837402 0.26022997 0.45543709 0.48316818 -0.26047269 0.54881877 0.64219683 0.07176288 0.44825977 0.6300391 -0.41229564 0.38878712 0.75887769 0.29539829 0.37135279 0.76182717 -0.26610553
0.76129073 0.3400729 0.02288589 0.67826593 0.29623902 -0.8401432 0.70691705 0.46017578 0.16106869 0.62636697 0.43648544 -0.92098951 0.71469527 0.57749677 -0.00744754 0.65793473 0.57061684 -0.89158124 0.52733779 0.48768461 0.26417607 0.45825177 0.47995618 -0.26444802 0.55998719 0.62959456 0.25269228 0.47092438 0.63335019 -0.35397902 0.39868319 0.75875431 0.55060184 0.37445968 0.76733685 -0.13443564
0.76113439 0.33411524 -0.02599966 0.68325752 0.28894773 -0.89034939 0.70630914 0.45325035 0.09846072 0.6285916 0.42209277 -0.98746699 0.70899993 0.56696379 -0.061678 0.65092212 0.55201781 -0.959126 0.54715085 0.47513643 0.26904109 0.47535068 0.47009352 -0.26934266 0.57465035 0.62318438 0.40613273 0.48709095 0.63396567 -0.38605881 0.51677591 0.75861341 0.74920726 0.37547526 0.77631205 -0.22837436
0.76071817 0.32895103 -0.03535497 0.6851477 0.28195482 -0.86649942 0.70501345 0.44449636 0.0959658 0.63104856 0.41599989 -0.93991888 0.70410639 0.55984211 -0.03329749 0.64474976 0.54401165 -0.89330941 0.56246525 0.47188669 0.26751238 0.49278644 0.46743149 -0.26781702 0.57562351 0.61802441 0.40503863 0.48361552 0.63153625 -0.35851932 0.51729721 0.7538299 0.69758338 0.37698808 0.77475488 -0.24476118
0.7569679 0.32171598 -0.05212337 0.68326825 0.2743251 -0.88569421 0.69546837 0.43041608 0.08657183 0.63066542 0.40652344 -0.96904129 0.68245286 0.53925782 -0.01950115 0.63538659 0.53473264 -0.92412722 0.56637049 0.46892211 0.26681098 0.4906736 0.46277645 -0.26711687 0.57845199 0.60788459 0.31226316 0.4810926 0.62505978 -0.43795776 0.5302642 0.75617272 0.56868917 0.37882182 0.77507025 -0.36042005
0.75361925 0.31523499 -0.10851506 0.67801833 0.26972213 -0.90512186 0.6901983 0.422997 0.01682306 0.63078302 0.4019708 -0.98673129 0.67978513 0.53072792 -0.10746244 0.63372475 0.51601696 -0.95624763 0.57201225 0.45997408 0.25627559 0.49151579 0.45228058 -0.25666001 0.59496009 0.5968287 0.28529084 0.48801863 0.60725868 -0.56358427 0.54430246 0.75535506 0.53128976 0.37906265 0.77350354 -0.5139541 
0.74684155 0.31519261 -0.05960713 0.6693843 0.26278132 -0.86215371 0.68963623 0.42085859 0.08266019 0.63087052 0.39143464 -0.96683657 0.6834864 0.52602535 -0.05626409 0.63826722 0.51134843 -0.91624367 0.56925172 0.45295748 0.2539812 0.49178123 0.44509205 -0.25435948 0.59542042 0.59263349 0.27451214 0.48953134 0.6015107 -0.55116791 0.55552948 0.75436467 0.45481735 0.37979457 0.77130646 -0.57207519
0.74132705 0.30984262 -0.09192857 0.6522544 0.25972089 -0.87628198 0.68786871 0.4143905 0.0801468 0.62976593 0.38506815 -0.93773776 0.68153435 0.5108161 -0.04770326 0.63781595 0.49552065 -0.91342056 0.56674337 0.44917271 0.24800242 0.49005499 0.43927509 -0.24834584 0.58164001 0.60144401 0.24683717 0.47926676 0.60035902 -0.54180145 0.53960097 0.75563675 0.42528707 0.3800666 0.76982987 -0.54433137
0.7254355 0.30419761 0.27069086 0.6359911 0.26051325 -0.52108449 0.6777755 0.40462819 0.42355686 0.62640035 0.38109678 -0.64108837 0.67005497 0.48959526 0.3002772 0.63809878 0.47996983 -0.72551179 0.56255996 0.44472477 0.24770367 0.48805016 0.43061149 -0.24799621 0.55850977 0.60318017 0.06224044 0.46589279 0.58659005 -0.52981037 0.43381473 0.76304018 0.08968913 0.38093933 0.76698303 -0.53093004
0.70861828 0.30016917 0.56034136 0.62056571 0.26010144 -0.18617985 0.66166836 0.39474842 0.6313076 0.61706597 0.37129077 -0.37921196 0.67374432 0.48488292 0.45490694 0.64221954 0.46104223 -0.49602559 0.54810709 0.43852946 0.24066758 0.48280203 0.41870382 -0.24074574 0.56410015 0.5870834 0.02533184 0.46887681 0.5709964 -0.55641037 0.44468766 0.7617653 -0.01635733 0.38631967 0.76294315 -0.68808633
0.68632746 0.29854926 0.83753312 0.60237831 0.25918475 0.15096357 0.65299553 0.39387482 0.82735282 0.5882504 0.35640061 -0.18351196 0.67611009 0.49091813 0.63894433 0.63281047 0.44951025 -0.42468169 0.53567719 0.43738031 0.22736099 0.48217255 0.4123143 -0.22738783 0.56926763 0.57321274 -0.00505669 0.48447937 0.56566322 -0.54059565 0.55804396 0.7614972 -0.18084614 0.39135519 0.76257622 -0.75562865
0.65176642 0.30117646 0.8472876 0.58427948 0.25998557 0.20895821 0.6195448 0.39270595 0.81023997 0.55274141 0.35372621 -0.073172 0.65014505 0.45667988 0.57938898 0.60636616 0.4469302 -0.23513517 0.51126903 0.43568838 0.19478841 0.47449097 0.40223965 -0.19500844 0.55804545 0.58410203 -0.16484356 0.48458725 0.51831931 -0.53893977 0.53912252 0.76890111 -0.4505772 0.39127004 0.69244444 -0.77963465
0.63546169 0.30471918 0.83582175 0.56764138 0.26202872 0.21469039 0.60672915 0.3944163 0.801193 0.54406422 0.34607956 -0.12576118 0.6563915 0.45902124 0.5731898 0.61037618 0.4322165 -0.34350508 0.4933176 0.44080362 0.19500358 0.45705146 0.4075762 -0.19489962 0.55213165 0.58669466 -0.16551204 0.51136547 0.51939493 -0.54734284 0.41856033 0.76764172 -0.45181152 0.51293147 0.70084107 -0.82720202
0.60403162 0.30614319 0.88488817 0.56103963 0.26323131 0.282343 0.59090555 0.38933036 0.83617163 0.50791723 0.32465017 -0.01720722 0.61700487 0.44052044 0.61949539 0.58742303 0.39095113 -0.16006117 0.47539175 0.44068751 0.18758813 0.45102307 0.4072403 -0.18761127 0.55265754 0.57857776 -0.14906961 0.51301086 0.53446919 -0.50165212 0.52707106 0.76295859 -0.46056351 0.46107495 0.72744977 -0.82263076
0.57988822 0.30746821 0.83079433 0.53537846 0.266184 0.19814654 0.57545602 0.39588341 0.75964516 0.49119619 0.34114462 -0.12185422 0.60151839 0.45384449 0.51640332 0.54538131 0.40809256 -0.30372569 0.4603124 0.45635918 0.18445219 0.43244386 0.41295436 -0.1847492 0.54315615 0.58389115 -0.13903277 0.48468351 0.53411567 -0.49956316 0.52886385 0.77197629 -0.40132144 0.4149068 0.73846585 -0.71602035
0.58127719 0.31501052 0.74635804 0.51708496 0.27184898 0.16581947 0.57224584 0.39853707 0.67857665 0.48009938 0.34752941 -0.09857403 0.58881015 0.44565123 0.33259383 0.53283662 0.41126823 -0.22967875 0.45300761 0.47024456 0.17820418 0.40662092 0.43667719 -0.17834479 0.54449874 0.58139747 -0.13572079 0.47936225 0.5397526 -0.48870307 0.41747874 0.77097589 -0.43528476 0.40161538 0.74966973 -0.73004556
0.56408095 0.31923044 0.75716811 0.51709658 0.27990419 0.1566498 0.52797711 0.40042588 0.78969222 0.40706247 0.3531386 -0.0288658 0.53563702 0.45735756 0.65170217 0.37256703 0.42306525 -0.14868103 0.44191462 0.48271877 0.1860632 0.40126556 0.45846888 -0.18615693 0.55666536 0.58248717 -0.08594604 0.4932611 0.55168796 -0.38178274 0.56105626 0.77014315 -0.31519964 0.39502206 0.76332748 -0.65592343
0.5637911 0.32330164 0.74690533 0.49194404 0.28160036 0.18911178 0.53647995 0.40177953 0.73794347 0.38456616 0.35294801 -0.04931647 0.55290258 0.46287382 0.53015 0.36167267 0.40858918 -0.2669138 0.43629175 0.48822725 0.19024944 0.37953815 0.46503702 -0.19037162 0.57888478 0.57731426 -0.0813126 0.49320561 0.55288506 -0.3606931 0.51445186 0.76538032 -0.33983502 0.3927981 0.76439381 -0.64476115
0.55861437 0.32405928 0.73032904 0.48098201 0.2892901 0.09217647 0.51821959 0.42099443 0.7852543 0.37028959 0.39171714 -0.08896112 0.53913492 0.48756224 0.64579284 0.35787615 0.44329557 -0.19548598 0.4172816 0.5052141 0.21770261 0.37710163 0.49198642 -0.21796146 0.567168 0.58516979 0.07416589 0.52929974 0.58022106 -0.23265284 0.44736663 0.76539242 -0.02760979 0.40990707 0.76850379 -0.32839534
0.47281033 0.32084563 0.50746316 0.50423884 0.29429817 -0.08845894 0.40630138 0.41628334 0.60321259 0.40048605 0.41663173 -0.10925453 0.46277708 0.48227769 0.57138336 0.46456799 0.46114433 0.11314476 0.35761759 0.51236302 0.21453139 0.37297732 0.50061631 -0.2151828 0.47879091 0.58727038 0.18834406 0.52600539 0.57931966 -0.04278251 0.39599112 0.76483303 0.1994659 0.39601606 0.76528388 -0.03587449
0.52330881 0.32848981 0.5262326 0.48469815 0.29593599 0.04094194 0.4735544 0.4336409 0.7081424 0.3401446 0.41395083 -0.14618345 0.51797187 0.48760611 0.64142483 0.34673071 0.41509545 -0.30594912 0.37929973 0.51584512 0.21262273 0.36511722 0.50152975 -0.21337909 0.49808365 0.58688772 0.20659916 0.49381217 0.58268243 -0.04168468 0.39218783 0.76509261 0.19892739 0.39336985 0.76755214 -0.02956517
0.53585821 0.32885846 0.70077366 0.48577207 0.29566744 0.16434781 0.49193928 0.43037134 0.82115239 0.34604239 0.40102324 -0.0418179 0.52478653 0.48977792 0.76650333 0.3604472 0.42832926 -0.22109278 0.39252129 0.5104214 0.2125043 0.36962983 0.49512401 -0.21331804 0.50681287 0.59271061 0.14942665 0.49983317 0.5941065 -0.11301973 0.39350632 0.76788306 0.09683712 0.39128181 0.7725774 -0.19329464
0.54670429 0.33563527 0.68804115 0.4703835 0.2950196 0.15118431 0.50285262 0.43322745 0.78971857 0.30872646 0.39641672 -0.03078384 0.53198326 0.50249588 0.68571657 0.26176 0.43568984 -0.21587685 0.40275499 0.51118588 0.21231349 0.36395946 0.49358743 -0.2130664 0.51303661 0.59556824 0.11348794 0.49718928 0.58782703 -0.16161308 0.39388502 0.7689901 0.03245897 0.39024806 0.77300471 -0.25437987
0.53772885 0.33540067 0.68969893 0.47604838 0.29378754 0.13931993 0.47638053 0.4305177 0.75586367 0.31867191 0.39490259 -0.05307081 0.49411345 0.49878761 0.67108315 0.38007489 0.44227111 -0.2077769 0.39525485 0.50653285 0.2115439 0.37038141 0.48874623 -0.21233077 0.51585144 0.59550536 0.14475419 0.51034898 0.58466893 -0.13481943 0.39492851 0.76944262 0.08004218 0.38906223 0.77330714 -0.23791784
0.54449326 0.33348772 0.71033317 0.48355892 0.28782281 0.18041871 0.49167967 0.4298456 0.76077783 0.36157823 0.38470998 -0.05168478 0.50551724 0.49847302 0.66261977 0.39369574 0.44206733 -0.23353752 0.39782438 0.50609845 0.20571409 0.37361419 0.47587088 -0.2063867 0.53750581 0.60011876 0.02634546 0.50788921 0.56169158 -0.2062111 0.39427096 0.76965457 -0.10548291 0.38823128 0.76465946 -0.37258521
0.54835784 0.32650462 0.69706148 0.50119561 0.28652173 0.13277119 0.49235451 0.42080197 0.75630105 0.38142046 0.37593368 -0.17891377 0.51203978 0.48662928 0.66712409 0.46338102 0.43288025 -0.38453519 0.42663264 0.5040983 0.20625342 0.38901967 0.47579655 -0.20682989 0.5495705 0.60503906 0.01416271 0.46125787 0.56304353 -0.33078575 0.4011642 0.77021956 -0.09020919 0.3621529 0.75059378 -0.42811573
0.54918665 0.31330907 0.6150521 0.53632474 0.284311 0.00836166 0.498752 0.40857565 0.69598222 0.48875427 0.37620866 -0.16865183 0.52125061 0.47817808 0.6549536 0.55954808 0.44550827 -0.18752895 0.42913666 0.50167572 0.20336086 0.41502523 0.47567758 -0.20395109 0.53866631 0.61570102 0.13881643 0.46465617 0.5767253 -0.15656129 0.39800856 0.76945651 0.19888976 0.36224529 0.75190037 -0.12180831
0.54984379 0.31094417 0.62418765 0.55278826 0.28132874 -0.00275664 0.50077975 0.39826173 0.70057738 0.54410279 0.36412585 -0.19498312 0.55025494 0.46829474 0.66108388 0.59130782 0.44611448 -0.21845765 0.42986959 0.50114703 0.20271085 0.42592958 0.47035086 -0.20327911 0.53997111 0.61651808 0.15508008 0.44338736 0.55916315 -0.18128158 0.39481056 0.76905346 0.21806635 0.24251717 0.60035807 -0.17000179
0.55106163 0.30725995 0.63675362 0.5631125 0.27841625 0.00179423 0.51138234 0.39519086 0.71025223 0.57083374 0.36306149 -0.18084207 0.56592399 0.46843541 0.67067814 0.59869099 0.44885245 -0.16944267 0.43311256 0.49848586 0.20103513 0.43714088 0.46558124 -0.20157173 0.55536318 0.61757654 0.11298279 0.43930268 0.55649632 -0.19756001 0.39547727 0.76882613 0.13084978 0.22567894 0.61299014 -0.21321078
0.57205135 0.30604002 0.85392898 0.5672819 0.27658877 0.2072327 0.56554115 0.39791539 0.88019282 0.57633257 0.35431466 -0.1075784 0.60058481 0.46378428 0.79215592 0.61749899 0.44859809 -0.27165839 0.45711723 0.48618513 0.20184374 0.45195046 0.45319036 -0.20218645 0.52711421 0.61591315 -0.09497889 0.46173152 0.58524764 -0.47335982 0.39241746 0.76857048 -0.29542357 0.35033804 0.746445 -0.71469545
0.6040557 0.30707252 0.91358322 0.56593591 0.27420413 0.28285992 0.60862875 0.39825222 0.93299252 0.5717327 0.35562694 -0.00400226 0.61856884 0.46873298 0.80779064 0.60841966 0.44895524 -0.21325104 0.4971751 0.47343045 0.2017379 0.46644235 0.43725446 -0.20198654 0.54528344 0.61523634 -0.13069168 0.47212085 0.58409292 -0.51006258 0.39298972 0.76751035 -0.3360205 0.37806839 0.75260323 -0.72286493
0.61825806 0.3068555 0.85342479 0.56999934 0.27291539 0.24837424 0.6149984 0.40319043 0.87020916 0.57149476 0.35631955 0.01287886 0.62309867 0.49363658 0.75696564 0.58574641 0.46176431 -0.17412452 0.50888193 0.47351959 0.20338507 0.46541578 0.44160044 -0.20358779 0.58603287 0.61485267 -0.10814864 0.4802407 0.59892243 -0.46854097 0.51739967 0.7750904 -0.30624172 0.38672519 0.76593667 -0.69631737
0.62739724 0.30384529 0.81784427 0.57132143 0.27017421 0.12781779 0.61716455 0.40317631 0.86528623 0.57968825 0.35774857 -0.11675845 0.62869 0.49048331 0.70526123 0.59823799 0.45946819 -0.31734455 0.52977008 0.4698683 0.20901655 0.48127747 0.44061705 -0.20903187 0.58975726 0.61253655 -0.08942461 0.48000419 0.59501451 -0.48748824 0.48398522 0.76833016 -0.21201457 0.3858822 0.76859689 -0.65570062
0.6287744 0.30234832 0.81679046 0.57754362 0.26890963 0.12015158 0.61859745 0.40367696 0.86890507 0.58963966 0.36685869 -0.11290839 0.62371165 0.48873493 0.73932266 0.60108554 0.46166837 -0.30348131 0.52186096 0.46619987 0.21082656 0.47969422 0.43935832 -0.21074262 0.51501751 0.59891361 -0.13656044 0.46784571 0.59215373 -0.54857004 0.42693564 0.7673673 -0.30122116 0.38213661 0.76482368 -0.71784341
0.6304844 0.30065286 0.760611 0.58498245 0.26913726 0.00380746 0.62578309 0.40414783 0.8259517 0.60732377 0.37585124 -0.18673445 0.63365126 0.49195021 0.68722332 0.6191802 0.46887773 -0.32127532 0.52139664 0.46342537 0.21879709 0.47958454 0.43855006 -0.21874493 0.52816212 0.60155487 -0.10130835 0.46305358 0.59077531 -0.56555408 0.41765803 0.76754951 -0.23243585 0.38049415 0.76544064 -0.71659833
0.63348567 0.29974338 0.77184999 0.58934623 0.26909611 0.04338683 0.62868565 0.4044207 0.83616614 0.60392267 0.37528571 -0.16139385 0.63845044 0.49118954 0.69700718 0.62153101 0.46627903 -0.28582308 0.51681805 0.46174213 0.2190799 0.47908872 0.43883753 -0.21899807 0.531349 0.6022523 -0.11400028 0.46348768 0.60200745 -0.51798314 0.39978108 0.76747042 -0.26061442 0.37958482 0.76726764 -0.6676026 
0.64490151 0.30034325 0.8145597 0.59135509 0.26900184 0.10700995 0.63806409 0.40971738 0.855667 0.60262078 0.37493858 -0.15437019 0.64462048 0.49642456 0.71956766 0.61744112 0.46538916 -0.30093336 0.52054793 0.4593496 0.21876948 0.48194066 0.42986408 -0.21870893 0.53326499 0.60377961 -0.12913202 0.46432579 0.59848195 -0.53737193 0.38959327 0.76809239 -0.29260838 0.37869829 0.7660231 -0.68216741
0.64938569 0.3005996 0.61585242 0.59469599 0.26957265 -0.09904394 0.63974649 0.41290563 0.69016212 0.60527742 0.38290527 -0.26522052 0.64207131 0.49777827 0.58278304 0.62009847 0.46888691 -0.3685976 0.52707291 0.46011367 0.21926972 0.48334911 0.43228006 -0.2192443 0.5485996 0.60403538 -0.11696992 0.46671066 0.5966168 -0.59029901 0.38932177 0.76666325 -0.161311 0.37794322 0.7654615 -0.74449128
0.65658617 0.30138245 0.32431871 0.5967927 0.27132139 -0.42375296 0.64697909 0.41711408 0.4681482 0.61058104 0.39180332 -0.46915033 0.64755428 0.50021267 0.40350783 0.63029861 0.47735113 -0.44334942 0.53076023 0.46018678 0.22201939 0.48127124 0.43442267 -0.22208188 0.56024319 0.60422069 -0.03342254 0.46886694 0.59899414 -0.59667403 0.39231735 0.76646954 -0.02869429 0.37922585 0.76740336 -0.70986074
0.66891259 0.30153039 0.2133338 0.59732872 0.27222195 -0.52924371 0.65639877 0.41846806 0.37783891 0.61573344 0.39833689 -0.54556978 0.65814543 0.50225049 0.3137852 0.63259709 0.48819879 -0.51997501 0.54041314 0.46078518 0.22233847 0.48200378 0.43737611 -0.22239545 0.55996126 0.61332685 0.02864693 0.4747315 0.5970313 -0.57541847 0.39343637 0.76663613 0.08600139 0.37298229 0.71171743 -0.59466124
0.6766392 0.30324352 0.18351959 0.60076141 0.27423894 -0.58483064 0.65999025 0.42036423 0.36295217 0.61994088 0.40289816 -0.58384103 0.66150749 0.50414777 0.29958314 0.64145088 0.49198714 -0.54809648 0.54796803 0.46140033 0.22617246 0.48299497 0.4430711 -0.22625065 0.55944127 0.61644763 0.03422958 0.47403485 0.59969932 -0.56228435 0.39391112 0.76825655 0.10059109 0.37529707 0.75012219 -0.5606209 
0.68075967 0.30336645 -0.00605458 0.60796779 0.27590448 -0.76533914 0.66259885 0.42058578 0.18395275 0.62815797 0.40417364 -0.76453143 0.66645354 0.50510162 0.10636425 0.65008265 0.49221036 -0.73970824 0.56779552 0.46076879 0.22610781 0.49402815 0.446935 -0.22627977 0.58902514 0.61581165 0.08887219 0.47414947 0.60447133 -0.55823612 0.52494454 0.76734859 0.19857365 0.37566948 0.76531726 -0.54953617
0.68665659 0.3039448 -0.06183614 0.61380935 0.27592897 -0.78935754 0.66560107 0.42076838 0.14458704 0.63020331 0.40247974 -0.77998966 0.66457963 0.50412458 0.06535972 0.65100503 0.48927599 -0.77311194 0.57587343 0.45863268 0.22122285 0.53174436 0.44571167 -0.22150625 0.59342682 0.61470962 0.06788969 0.47467458 0.60355568 -0.52639651 0.53150576 0.76466519 0.17376204 0.37638742 0.76646745 -0.507891 
0.6950171 0.30424654 -0.05446161 0.61515063 0.27595842 -0.76507264 0.66781366 0.42042971 0.13385209 0.63043994 0.40073103 -0.76246846 0.66658753 0.50334603 0.05688372 0.64933401 0.48717764 -0.73952669 0.59182328 0.45902473 0.21620481 0.53856546 0.44632328 -0.21652086 0.60069191 0.61554497 0.1418999 0.4746604 0.60656011 -0.46978822 0.54268748 0.76410735 0.29805097 0.37638664 0.76737517 -0.4425894 
0.70263392 0.30658552 0.0498562 0.62066418 0.2765809 -0.66508931 0.67146999 0.42232472 0.21029146 0.63333505 0.40479308 -0.67133284 0.67501146 0.51268077 0.15319368 0.65086049 0.49165595 -0.63136494 0.59594995 0.46651885 0.21250586 0.52568263 0.4583258 -0.21276999 0.59633994 0.62054116 0.11059716 0.47557163 0.61192483 -0.46485266 0.52348042 0.76925462 0.21418816 0.37634182 0.7708686 -0.43411991
0.71036333 0.30950558 -0.0246605 0.62612695 0.277978 -0.72340059 0.67351794 0.42562851 0.12221852 0.6331076 0.40856978 -0.73678529 0.67515433 0.51501775 0.05097943 0.65224677 0.49710286 -0.69659048 0.59975821 0.47172335 0.20713586 0.52007312 0.46346438 -0.20740703 0.58773047 0.62452406 0.15167749 0.47904935 0.61596394 -0.38092017 0.41913134 0.769126 0.28371119 0.37652227 0.77246529 -0.30441317
0.71952313 0.31093568 -0.05914943 0.63251746 0.27947789 -0.74424773 0.6783154 0.42524585 0.09307458 0.63340336 0.40879813 -0.7548089 0.6829704 0.51491302 -0.01556085 0.6497488 0.49480814 -0.74923825 0.60732317 0.47482648 0.2064081 0.52094179 0.46726999 -0.20663303 0.58683705 0.62730128 0.2013575 0.47927612 0.61900121 -0.39807516 0.40547585 0.76697916 0.37879115 0.37658945 0.77251697 -0.34545273
0.7249949 0.31167042 -0.06341773 0.64171654 0.28155383 -0.74797356 0.68309641 0.42749786 0.07564969 0.63407618 0.41537228 -0.7643857 0.68268514 0.51620919 -0.02282584 0.64819771 0.50289845 -0.75323105 0.60801554 0.47858077 0.20412807 0.52018428 0.47112864 -0.20435704 0.58645993 0.6339919 0.22343725 0.47023755 0.62093675 -0.35288084 0.40394813 0.76692677 0.4011561 0.37637216 0.77191108 -0.27362272
0.73114544 0.31359068 -0.10781142 0.64664537 0.28327271 -0.74704331 0.68740845 0.43083966 0.03246391 0.63428551 0.41902319 -0.76652944 0.69307482 0.52047646 -0.01293072 0.64729559 0.509332 -0.72324872 0.61017054 0.48128089 0.18406545 0.53674477 0.46932104 -0.18437198 0.55735701 0.63346487 0.18743542 0.46109575 0.6238811 -0.20395072 0.39133087 0.76640379 0.32219997 0.37632152 0.77171481 -0.08727076
0.7338922 0.31456307 -0.08682564 0.65326452 0.28532371 -0.81568241 0.68993461 0.43363675 0.04850206 0.6358428 0.42315486 -0.84837997 0.69139874 0.53023589 -0.0200935 0.6463269 0.51924002 -0.80944067 0.60745442 0.48210809 0.19032052 0.54302579 0.46947518 -0.1906573 0.57300377 0.63195306 0.2100471 0.46333227 0.6267699 -0.28446278 0.3991386 0.76643115 0.37522015 0.37518558 0.773238 -0.17503746
0.73739648 0.31884864 -0.07255375 0.65415108 0.28694934 -0.80863881 0.69334626 0.43826666 0.0561389 0.63560629 0.4260048 -0.84169823 0.69111687 0.53485304 -0.02921147 0.64592487 0.52301639 -0.80796683 0.60522515 0.48528636 0.19322133 0.53963524 0.47632039 -0.19353931 0.56500006 0.63409543 0.2300431 0.46590483 0.631051 -0.2866722 0.39381644 0.76642853 0.39967147 0.37441713 0.77587986 -0.16260305
0.73754382 0.32123476 -0.05022455 0.65757799 0.28963935 -0.81702089 0.69338268 0.44323161 0.07071048 0.63728297 0.4298867 -0.85292941 0.68906075 0.54029632 -0.00940619 0.64535725 0.53463 -0.80873036 0.602687 0.4877305 0.20569058 0.54008108 0.47657984 -0.20592907 0.55192244 0.63951719 0.27782106 0.46627244 0.63756168 -0.30109248 0.38821536 0.76695019 0.46941844 0.37322149 0.78003317 -0.19410777
0.73646122 0.3214885 -0.02571728 0.66528577 0.29365188 -0.77522904 0.69139779 0.44505504 0.0932019 0.63863301 0.43426436 -0.81188542 0.68525147 0.53956896 0.01087123 0.64493579 0.5343594 -0.77029365 0.60169631 0.49039203 0.20810956 0.53554702 0.48376736 -0.20831621 0.50257182 0.6418215 0.2652995 0.46160167 0.63979757 -0.2568869 0.38292581 0.76842433 0.44198242 0.37112558 0.78236014 -0.12096241
7.38751292e-01 3.24147969e-01 -3.03430799e-02 6.68429255e-01 2.96813488e-01 -8.23544979e-01 6.91590309e-01 4.48317826e-01 8.93461183e-02 6.39262438e-01 4.39244002e-01 -8.62650335e-01 6.84172153e-01 5.41188478e-01 -2.08100362e-04 6.49464190e-01 5.41481793e-01 -8.07858706e-01 6.00891948e-01 4.94044244e-01 2.18260318e-01 5.39441466e-01 4.84573364e-01 -2.18431875e-01 5.20270765e-01 6.43255174e-01 3.22617948e-01 4.60599095e-01 6.43768907e-01 -2.75223792e-01 3.83774906e-01 7.66665041e-01 5.42379975e-01 3.64451736e-01 7.82441318e-01 -1.67425781e-01
0.74306387 0.32830724 -0.01895802 0.6691367 0.29862791 -0.82174194 0.69439876 0.45143178 0.09824165 0.64078999 0.44312096 -0.86187267 0.68421769 0.54443079 0.01390346 0.65193516 0.54410034 -0.8137542 0.59686148 0.4965395 0.23299423 0.53093839 0.49191958 -0.23308882 0.52902216 0.64180386 0.32570603 0.46304339 0.64415926 -0.30162054 0.38617423 0.76564306 0.54259872 0.36452168 0.78191751 -0.2011458 
0.74504673 0.33145514 0.0179452 0.67016816 0.29914671 -0.79329079 0.69498718 0.45695418 0.11899616 0.64104486 0.44650018 -0.83565468 0.68494862 0.55242747 0.02229631 0.65226352 0.54947191 -0.79288107 0.59597468 0.50118691 0.2361204 0.52756959 0.49546084 -0.23621649 0.53353721 0.64081371 0.24733198 0.47032118 0.64186192 -0.30788049 0.38686207 0.7656492 0.38235694 0.36355552 0.78158152 -0.15205905
0.74803615 0.33782676 0.03741312 0.6683318 0.30007669 -0.77638656 0.69762129 0.45964399 0.13233276 0.64079887 0.44779402 -0.82445997 0.69124275 0.560489 0.02404815 0.65184128 0.54778975 -0.78522861 0.59546858 0.50607646 0.23362592 0.52447218 0.49943739 -0.23374578 0.53485489 0.64483321 0.20200628 0.4773975 0.64020234 -0.32327244 0.38259196 0.76602292 0.32206163 0.36372772 0.78109628 -0.14107935
0.7479831 0.33938834 0.06804121 0.66837078 0.30071124 -0.76802987 0.6985755 0.46068487 0.1730296 0.6409089 0.44945088 -0.81662911 0.6933471 0.5611183 0.05652474 0.65156114 0.55206221 -0.77993655 0.59419483 0.50924891 0.23597386 0.53901839 0.49937466 -0.23607747 0.56708449 0.64441961 0.19031756 0.48516235 0.64057887 -0.32404074 0.38435158 0.76610869 0.31866917 0.36433789 0.78066993 -0.13370574
0.74855703 0.34143201 0.06972536 0.66807139 0.30431762 -0.73621768 0.69866246 0.46302229 0.17176341 0.64069855 0.45458734 -0.79255009 0.69605333 0.56510228 0.05486323 0.6518802 0.55806243 -0.76467621 0.59376866 0.51224262 0.23493555 0.54396659 0.50157744 -0.23507294 0.57126409 0.64932704 0.19322136 0.48776591 0.64264596 -0.29644951 0.38539475 0.76274663 0.33433917 0.37061098 0.77986944 -0.08493639
0.74882066 0.34365806 0.06735201 0.67004919 0.30755538 -0.73574144 0.69882154 0.46677971 0.16774148 0.64110255 0.45937023 -0.7881732 0.6984691 0.56727356 0.05425087 0.65490639 0.56172532 -0.7572841 0.58849984 0.51348394 0.23396701 0.54593498 0.50330967 -0.23410159 0.56868905 0.64849299 0.21466279 0.48791018 0.64632142 -0.26881912 0.38635314 0.75718921 0.33703563 0.37310234 0.77334768 -0.07807652
0.74980831 0.34576204 0.08109265 0.66987389 0.30891475 -0.73217881 0.70014685 0.46931878 0.18240769 0.64105904 0.46049315 -0.78787524 0.70443666 0.57251006 0.05649189 0.66116387 0.56795269 -0.75789303 0.58293915 0.51501894 0.23388492 0.52408516 0.50737625 -0.23403248 0.57554048 0.65222549 0.19503878 0.4875164 0.64715731 -0.2784346 0.38701001 0.75645894 0.32960469 0.37379935 0.76898968 -0.08286837
0.75066549 0.34735805 0.09644442 0.67131042 0.31350374 -0.72145033 0.70193309 0.47262499 0.19974916 0.64103293 0.46428919 -0.78228098 0.708915 0.57547158 0.06134638 0.66205174 0.57285756 -0.7568379 0.5791207 0.51801717 0.23327093 0.50963122 0.51265711 -0.23341705 0.5888139 0.65541309 0.1583353 0.48310277 0.64900833 -0.30334583 0.38891423 0.75480121 0.32402802 0.37642822 0.76857287 -0.07177327
0.75189871 0.34877482 0.10346419 0.67370772 0.31710508 -0.75275755 0.70383638 0.47553247 0.21637057 0.6410048 0.46660545 -0.81197774 0.71459526 0.57842362 0.07991749 0.66331905 0.57662904 -0.77812159 0.58276868 0.51870596 0.24391793 0.522654 0.51024139 -0.24410033 0.60834014 0.65116346 0.16523385 0.49249956 0.65970993 -0.49826819 0.39012134 0.74570274 0.35070589 0.37683967 0.75907147 -0.10019114
0.75395477 0.35391876 0.14197299 0.67455965 0.32001925 -0.75237322 0.70542216 0.47973624 0.25974458 0.64094335 0.46803385 -0.80901766 0.7173503 0.58160108 0.10771521 0.6656689 0.57769316 -0.77547675 0.58682901 0.52384418 0.25385648 0.5169152 0.51767337 -0.25398028 0.61174095 0.6505217 0.16949748 0.49191618 0.67542958 -0.51233655 0.39299747 0.74546182 0.35627934 0.31226295 0.72110343 -0.10720307
0.75527948 0.36128923 0.14379629 0.67528933 0.32314911 -0.7532239 0.70961255 0.48611504 0.2627182 0.63969254 0.46972603 -0.8165729 0.72346574 0.58433408 0.11847363 0.66542608 0.58012384 -0.78657377 0.59445083 0.52938163 0.25974411 0.52825588 0.5185225 -0.25982651 0.63674676 0.65190732 0.17570627 0.51536328 0.67124838 -0.5569576 0.39763945 0.74661225 0.45762062 0.31408176 0.72571975 -0.15268995
0.75658083 0.36159828 0.1490128 0.67500705 0.32282975 -0.75192297 0.71255356 0.48427552 0.2734454 0.63917053 0.46775752 -0.80932367 0.72399181 0.58431643 0.12236173 0.66519374 0.58003402 -0.77783972 0.5959304 0.5271455 0.25793016 0.53158182 0.51586974 -0.25803313 0.63861787 0.65166223 0.13788547 0.51982117 0.66872293 -0.5833776 0.39946613 0.74794209 0.42932197 0.3156195 0.73808372 -0.16481957
0.7572208 0.36384907 0.14629959 0.67558563 0.32485008 -0.81198037 0.71256459 0.48525971 0.25207016 0.6386165 0.46901649 -0.8715775 0.72473919 0.58340299 0.1126603 0.66650087 0.5845204 -0.83702958 0.59869558 0.52841496 0.26312098 0.53576577 0.51622593 -0.26323199 0.64493155 0.65135312 0.22457856 0.52071005 0.66808397 -0.53815889 0.4065786 0.74883157 0.52162319 0.32668489 0.74083769 -0.15914468
0.75797594 0.3668476 0.13542609 0.67626202 0.32708421 -0.79237837 0.71208024 0.48788798 0.24846822 0.63860285 0.47189733 -0.85747522 0.72425491 0.58848059 0.11362815 0.66940546 0.59079689 -0.78704864 0.59861994 0.52881128 0.26041821 0.53689581 0.516747 -0.26050785 0.65053403 0.65213174 0.14035271 0.5543471 0.66640484 -0.50974673 0.41381136 0.74968189 0.3137238 0.36912289 0.75274622 -0.21188211
0.75857401 0.36874172 0.14004961 0.67740887 0.3304413 -0.76987392 0.71173018 0.48906037 0.26268658 0.63863844 0.47533926 -0.82238841 0.72385353 0.58789271 0.14840978 0.67138225 0.59327871 -0.74426472 0.59852237 0.53033936 0.26029888 0.53704321 0.51890111 -0.26035318 0.65822673 0.65250945 0.20242403 0.55875832 0.67431027 -0.39037502 0.47457287 0.76528907 0.4174301 0.38623771 0.76380318 -0.0863988 
0.75871438 0.37347183 0.16113311 0.67818564 0.33191007 -0.75434136 0.71155506 0.49422729 0.28629431 0.63760388 0.47786242 -0.80554688 0.7234171 0.59114492 0.1655816 0.67106307 0.59070587 -0.73513138 0.5810563 0.53111619 0.26415446 0.53263474 0.52003664 -0.26417595 0.64867169 0.65972358 0.25006512 0.58443975 0.68652165 -0.350683 0.46630028 0.77277088 0.47643059 0.38493919 0.76661181 -0.01481958
0.75939894 0.37854502 0.21990573 0.67940897 0.33433434 -0.64540058 0.71136498 0.49879152 0.32831645 0.63699329 0.47886992 -0.70712435 0.72357231 0.59412867 0.19411953 0.67061472 0.59131908 -0.66520715 0.58137214 0.53992945 0.26043215 0.53226441 0.52507836 -0.26026595 0.66149813 0.6741361 0.24067871 0.60442942 0.68827748 -0.3248263 0.46521392 0.77948397 0.40419525 0.39908689 0.7679376 -0.04239848
0.76034582 0.38094145 0.20107454 0.68049479 0.33644599 -0.66796499 0.71119356 0.50223202 0.31743509 0.63528746 0.47950661 -0.73574114 0.72422349 0.59979212 0.18375745 0.66598034 0.59222096 -0.69744432 0.5812391 0.54557836 0.25740629 0.53188634 0.52926362 -0.25718883 0.65871745 0.68274951 0.23064528 0.59201378 0.68884689 -0.30680782 0.46191105 0.78242475 0.4053525 0.41513348 0.78805417 0.00798071
0.76187187 0.38341904 0.21289834 0.68049133 0.33754873 -0.68475282 0.71108192 0.5042842 0.33959067 0.63351846 0.48018271 -0.74826795 0.72419941 0.59999013 0.19218047 0.65880686 0.5925293 -0.71028429 0.5816375 0.54428804 0.2659508 0.52964073 0.52995551 -0.26593611 0.68719369 0.67745233 0.22546715 0.62816179 0.68555909 -0.44053122 0.47098705 0.77378899 0.39051121 0.41070142 0.78167886 -0.13977611
0.76343811 0.38535529 0.24576503 0.68040365 0.33908811 -0.69381356 0.71100283 0.50582349 0.38576189 0.63327318 0.48270118 -0.75468898 0.7258265 0.60312057 0.22556737 0.65308195 0.59693444 -0.71593255 0.58150136 0.54492092 0.27961946 0.52653706 0.53051198 -0.27980277 0.71471077 0.67409927 0.22256543 0.63805139 0.68682152 -0.51320982 0.48551676 0.75739449 0.36947784 0.41464636 0.75730205 -0.13164024
0.76416039 0.38791424 0.24236181 0.68033308 0.3416115 -0.69661766 0.71093196 0.5096702 0.3814204 0.63320702 0.48673087 -0.75317532 0.73015696 0.60858703 0.20721883 0.64967304 0.60278726 -0.71838719 0.58164239 0.54593641 0.27742139 0.52389479 0.53082579 -0.27760687 0.74683076 0.67243356 0.12389888 0.61946595 0.68509287 -0.63676065 0.51188022 0.75248402 0.26829445 0.41195649 0.73795456 -0.21333662
0.76490384 0.39325914 0.23083414 0.68060076 0.34416535 -0.69945008 0.71087551 0.51473361 0.36486596 0.63313991 0.4883216 -0.75508773 0.73238975 0.61252248 0.19528806 0.64601201 0.60791528 -0.72673893 0.58667189 0.55104923 0.27535197 0.5240466 0.53452975 -0.27553618 0.75380647 0.67583829 0.1525488 0.63669401 0.68543667 -0.61359155 0.51760364 0.74611557 0.30385515 0.4339909 0.73218024 -0.18873563
0.76560885 0.39605948 0.23564881 0.6807698 0.34743592 -0.69212824 0.71154702 0.51819462 0.36879477 0.63390398 0.49265715 -0.74804956 0.73542911 0.61682695 0.20167291 0.64173108 0.61123633 -0.71356767 0.58667684 0.55410224 0.27387211 0.52240592 0.5373261 -0.2740396 0.74494076 0.67778122 0.15649901 0.62789756 0.68464547 -0.57845277 0.50681329 0.74685466 0.31810167 0.42931506 0.73635507 -0.1695876 
0.76627743 0.39862332 0.27056694 0.68139899 0.35078332 -0.68104255 0.71288848 0.52162713 0.41206524 0.63428438 0.4971641 -0.72809881 0.73769146 0.62158948 0.23085421 0.63603628 0.61596209 -0.69332743 0.58298403 0.55847031 0.27915278 0.52146602 0.54145771 -0.27936926 0.7287963 0.68555886 0.15976821 0.6212616 0.70268339 -0.56309336 0.4676753 0.74270535 0.32980722 0.38949338 0.73923683 -0.16212589
0.76749593 0.40302441 0.24994648 0.68182993 0.35351655 -0.68502384 0.7129218 0.52567077 0.38868028 0.63456219 0.50072199 -0.73210752 0.74019927 0.62444293 0.22018406 0.63734686 0.6185903 -0.70061791 0.58308363 0.55955738 0.27772057 0.52115524 0.54237431 -0.2779184 0.72437352 0.68549037 0.14729875 0.61661333 0.69834435 -0.61539346 0.4781715 0.74442297 0.33316445 0.40154603 0.74195272 -0.18835486
0.76962507 0.40442801 0.20481314 0.68374556 0.35569459 -0.69690055 0.71316808 0.52614284 0.35333934 0.63654119 0.50294131 -0.74756557 0.74174643 0.62608659 0.21568386 0.6384021 0.61968464 -0.70391631 0.58300644 0.55977762 0.27192968 0.52085227 0.5430463 -0.27203068 0.71787274 0.68641281 0.13603784 0.61520004 0.69660515 -0.55493808 0.47595039 0.74559253 0.3427923 0.39833969 0.76391792 -0.20311888
0.77063715 0.41143683 0.12484372 0.68436521 0.35919008 -0.76081496 0.71455806 0.53132486 0.25351351 0.63719779 0.50548285 -0.82305181 0.74100584 0.63059837 0.1222835 0.63914657 0.62803549 -0.77340496 0.58201492 0.56102943 0.26558405 0.51831281 0.54351586 -0.26556918 0.68783247 0.68755883 0.11519006 0.61429298 0.69445789 -0.55392015 0.47067082 0.75158018 0.36539397 0.38610294 0.77689576 -0.21013476
0.77279454 0.41639742 0.04235652 0.68437576 0.36349112 -0.80918628 0.71576428 0.53652978 0.16306841 0.63748443 0.50942582 -0.88009101 0.73930866 0.63679683 0.04362859 0.62747389 0.63322562 -0.8280558 0.57945502 0.5604068 0.25188103 0.50110382 0.54497647 -0.2517024 0.67914104 0.6796931 0.05830185 0.61922145 0.67429906 -0.55589807 0.47987971 0.75636482 0.34876713 0.42076305 0.77982718 -0.2178342 
0.77774578 0.41984138 0.00660083 0.68436491 0.36978531 -0.81329715 0.71647012 0.53952527 0.1192223 0.63862062 0.51441824 -0.87898135 0.73358738 0.6429857 -0.01321078 0.63024867 0.64091629 -0.80983448 0.57631689 0.55796522 0.23921771 0.50351554 0.53747737 -0.23925494 0.71117675 0.65045351 0.09297246 0.64133239 0.62251556 -0.5229134 0.54849386 0.75627476 0.33043304 0.5301401 0.76301962 -0.15381208
0.78167218 0.42776811 0.02188279 0.68557549 0.37705287 -0.78911865 0.71995008 0.5455296 0.12649804 0.6387527 0.51793951 -0.85411334 0.73080379 0.64814264 -0.01616541 0.62990755 0.64113724 -0.79335773 0.57444012 0.5578894 0.23412049 0.50415522 0.53572625 -0.23421197 0.7147522 0.64515609 0.10018784 0.65241987 0.61850411 -0.54644096 0.53947598 0.75551289 0.30686596 0.52589947 0.75687164 -0.15844052
0.78447902 0.43397492 0.0428822 0.69267672 0.38201049 -0.7781803 0.72150749 0.55122745 0.1503475 0.63791287 0.52121049 -0.84736943 0.72795415 0.65789294 0.01804187 0.63416243 0.64920211 -0.78551686 0.57470649 0.56333774 0.23222198 0.50439185 0.54807782 -0.23225105 0.70075405 0.65168607 0.10762421 0.6703276 0.63021255 -0.54022902 0.52639461 0.75647205 0.31621513 0.51025945 0.75889522 -0.15949012
0.78609324 0.43397862 0.04211139 0.6948083 0.38406008 -0.78221142 0.7243163 0.5512259 0.15951037 0.63740492 0.5243094 -0.85699278 0.7307961 0.65814435 0.02605539 0.64048195 0.66045731 -0.7905525 0.57081872 0.56384176 0.23536268 0.49933296 0.55113697 -0.23540558 0.70007604 0.65771395 0.15409744 0.66908324 0.63574874 -0.43312529 0.52153587 0.76528901 0.36235175 0.4903686 0.77194631 -0.0970456 
0.78892171 0.43263683 0.05592452 0.70028847 0.38543695 -0.78011996 0.72652483 0.55099976 0.17679493 0.63740468 0.52641249 -0.84422725 0.73285592 0.65702361 0.0422371 0.65006834 0.65898281 -0.75618291 0.5673973 0.56299478 0.23662829 0.49942288 0.55021757 -0.23670387 0.69126666 0.67089546 0.18488565 0.67319375 0.64354706 -0.38253373 0.51926148 0.77159101 0.39002782 0.48494747 0.77794009 -0.05743845
0.78893691 0.43096703 0.09864521 0.70411372 0.38578764 -0.76652586 0.72619402 0.54877198 0.23050629 0.63741618 0.52810866 -0.82312799 0.73346102 0.65510529 0.09725212 0.65909272 0.6570341 -0.72038984 0.5548417 0.55889136 0.24232212 0.49684766 0.54927534 -0.24248463 0.69169587 0.66755301 0.21352531 0.67588943 0.65347415 -0.37195635 0.51615673 0.77111566 0.43328744 0.48368123 0.77768725 -0.02266583
0.78841925 0.43019998 0.11791796 0.70488489 0.38761708 -0.73311996 0.72593725 0.54851407 0.24311993 0.63734049 0.53043026 -0.78837109 0.73239261 0.65584433 0.11371276 0.66225469 0.65677851 -0.69097888 0.54746526 0.5572933 0.24260864 0.49386337 0.54896605 -0.24277245 0.65943426 0.66753191 0.23629753 0.67062199 0.65651649 -0.34243038 0.48333058 0.76910681 0.45132244 0.48344523 0.77619213 -0.00725279
0.78799468 0.43005455 0.13511883 0.70573473 0.38953978 -0.72770411 0.72466409 0.54831493 0.257 0.63647187 0.53080583 -0.78127152 0.73236012 0.65873158 0.12332164 0.66702807 0.65749985 -0.67795873 0.54086065 0.55658478 0.24594554 0.49084195 0.54832691 -0.24611042 0.63708663 0.66990465 0.26353678 0.66978294 0.66969311 -0.375175 0.45248353 0.76065242 0.46819723 0.44474405 0.77345264 -0.02117151
0.78778738 0.43080872 0.12577419 0.7052846 0.38997844 -0.74394828 0.72395241 0.54786134 0.2505872 0.63573402 0.53007716 -0.78797716 0.73249191 0.65718764 0.10916997 0.66510046 0.65706158 -0.69899839 0.54193658 0.55281842 0.24861839 0.49110645 0.53366488 -0.24875417 0.64990389 0.66683877 0.26210782 0.66756701 0.66862023 -0.37222087 0.45329851 0.76130652 0.45268375 0.4568496 0.77280676 -0.01698523
0.78790665 0.43113035 0.12713419 0.70521921 0.39094585 -0.74447435 0.7232666 0.54768044 0.25218627 0.63402522 0.53031164 -0.79114586 0.73142403 0.65705752 0.11317963 0.6619668 0.65682536 -0.6920501 0.53867716 0.5465427 0.25409389 0.49025211 0.52742255 -0.25419819 0.65150774 0.65050769 0.29029566 0.66916603 0.65310192 -0.366864 0.49126711 0.75736797 0.43791842 0.5019967 0.75660729 -0.01241814
0.7878809 0.4315396 0.14283733 0.70545143 0.39155996 -0.74293667 0.72250527 0.54789078 0.26506492 0.6330986 0.53138095 -0.78932786 0.73077446 0.65880704 0.12138545 0.66173065 0.65904677 -0.69059116 0.54128194 0.54233992 0.26181006 0.48771584 0.52520567 -0.26189283 0.68429649 0.63870388 0.30589622 0.6687302 0.64529693 -0.37057906 0.53478229 0.75477999 0.43656111 0.54444569 0.75031203 0.00288494
0.78827453 0.43401697 0.1374943 0.70625454 0.39224541 -0.75160861 0.72081935 0.54869169 0.24653637 0.63122255 0.53055632 -0.80596143 0.72899371 0.65985 0.08534082 0.65316552 0.65850717 -0.71269077 0.54065913 0.54382306 0.26257497 0.48719314 0.52576518 -0.26266637 0.69574964 0.64307678 0.27990693 0.66603136 0.64755034 -0.37593362 0.53482759 0.75593847 0.41997665 0.52439791 0.75328624 -0.01652274
0.78848475 0.43677014 0.13445234 0.70660233 0.39347145 -0.72912103 0.72001755 0.55029655 0.25439033 0.63087398 0.53315634 -0.77500743 0.72826076 0.66189617 0.10868248 0.65330803 0.66000491 -0.67182845 0.54158235 0.54519707 0.25833029 0.48653936 0.52743357 -0.25839964 0.67222667 0.65439576 0.28806168 0.65337229 0.65865254 -0.33410233 0.50288165 0.75979722 0.43633175 0.48722354 0.75704592 0.02788449
0.78874809 0.4381735 0.13276538 0.70686132 0.39474413 -0.72233975 0.71902084 0.55121326 0.25532833 0.63037026 0.53448719 -0.76848412 0.72800767 0.66281354 0.113752 0.65026397 0.66008025 -0.66708189 0.54239196 0.5458712 0.25615281 0.48629767 0.52786934 -0.25618082 0.65908748 0.65434444 0.2861945 0.64592785 0.65898937 -0.33935127 0.47981066 0.75841993 0.44023785 0.47879261 0.75684124 0.02319838
0.78882384 0.43867317 0.12761411 0.70743531 0.39643201 -0.72026938 0.71736109 0.55221182 0.25173929 0.62978637 0.53588772 -0.76449305 0.72793728 0.66422707 0.11324486 0.6439411 0.66140789 -0.66521895 0.53744745 0.54608816 0.2502614 0.48625448 0.52710736 -0.25026631 0.64779747 0.6530382 0.28868753 0.64044559 0.65856332 -0.32010072 0.46182624 0.75263083 0.45874071 0.47151041 0.75121468 0.05888844
0.78901094 0.43895179 0.1226643 0.70788145 0.39725345 -0.72326159 0.71302259 0.55338669 0.2440552 0.62935823 0.53812146 -0.76878506 0.72638136 0.6651569 0.10552582 0.64181083 0.66374183 -0.66968429 0.5380069 0.54553604 0.25003806 0.48526797 0.52632684 -0.25005189 0.65129477 0.64667034 0.31260538 0.64105028 0.65447241 -0.33386156 0.4657653 0.74537951 0.46954072 0.47762343 0.7399174 0.05593946
0.78918886 0.43960458 0.12262655 0.70939517 0.39864054 -0.72264034 0.71007216 0.5539487 0.24265409 0.62920773 0.54037035 -0.77002293 0.72437292 0.6658957 0.10055484 0.6423943 0.66857761 -0.67363536 0.53830349 0.54420441 0.25024408 0.48486191 0.52574468 -0.25024155 0.7027595 0.63289833 0.32085329 0.66328561 0.64418346 -0.33531532 0.52745044 0.74248695 0.46001887 0.53978318 0.74281394 0.04539046
0.78954142 0.44052485 0.12713188 0.71062458 0.39970419 -0.69054615 0.70653611 0.55381191 0.24340905 0.62916332 0.5410918 -0.73777878 0.71914357 0.66551507 0.10974082 0.64278615 0.6684587 -0.64583117 0.54061991 0.54395294 0.24377921 0.4858568 0.52616936 -0.24370886 0.67362493 0.63720483 0.30924162 0.66227973 0.64955157 -0.28537601 0.49912217 0.74368113 0.46407667 0.53087705 0.74366307 0.06161765
0.78967869 0.44210961 0.12204733 0.71095854 0.40026045 -0.70029247 0.70449591 0.55437976 0.23390409 0.62917751 0.54281437 -0.74928784 0.7153579 0.66558731 0.09618157 0.64374846 0.67139471 -0.65717691 0.54081875 0.54415017 0.24407351 0.48620147 0.52636689 -0.24400535 0.66002923 0.64578778 0.30666617 0.657502 0.65509701 -0.30275366 0.47069234 0.7447111 0.46914414 0.48610604 0.7442854 0.04818564
0.79007465 0.44319761 0.12064688 0.71127862 0.40108675 -0.69331443 0.70306319 0.55429113 0.23251966 0.62943256 0.54317403 -0.73447764 0.71147579 0.66523463 0.09646173 0.64534098 0.6716783 -0.63921839 0.54459006 0.54418629 0.24056099 0.48675391 0.52661169 -0.24042293 0.66062462 0.65016669 0.30334282 0.65693319 0.65703553 -0.29589772 0.47373354 0.7463913 0.45777184 0.48550156 0.74947578 0.04319305
