0.7668429 0.26207429 -0.15471157 0.62205422 0.23075858 -0.78911412 0.73200607 0.3712205 -0.0031133 0.54345363 0.34938517 -0.82278889 0.72617161 0.46175271 -0.12116421 0.5236932 0.46800327 -0.77642435 0.52677029 0.3600871 0.20175615 0.44539991 0.37306035 -0.20170058 0.70847398 0.39882889 0.28391296 0.62899262 0.37979415 -0.62889671 0.6371159 0.52006733 0.49271715 0.55286676 0.51962483 -0.27223623
0.75760204 0.24563977 -0.20012096 0.62673986 0.22522567 -0.76230603 0.7255671 0.35376897 -0.0390615 0.55029672 0.35123789 -0.74734902 0.72644299 0.44854394 -0.15309033 0.52576065 0.47269037 -0.66301566 0.49445638 0.33229715 0.17077862 0.40862486 0.32280597 -0.17065234 0.70213521 0.39141056 0.18377197 0.62468714 0.3678216 -0.35135227 0.66884547 0.53350234 0.22449444 0.54670286 0.52016926 -0.08621443
0.75511879 0.2424821 -0.25315982 0.62772501 0.22293948 -0.74595791 0.72478843 0.35129106 -0.16101663 0.55504119 0.34143394 -0.73916125 0.72791219 0.44427541 -0.19171293 0.52614301 0.45307711 -0.66230363 0.50024074 0.32321483 0.15866432 0.40749639 0.31584051 -0.15838274 0.6994074 0.38795289 0.1767842 0.62560546 0.37447271 -0.24949813 0.67829549 0.51112026 0.23865238 0.57824486 0.52081889 -0.0427765 
0.74718827 0.24786468 -0.24272633 0.62641382 0.21949787 -0.71881574 0.72136748 0.35314593 -0.15655504 0.55240959 0.33853781 -0.72812229 0.72806931 0.44019261 -0.21288475 0.52909654 0.45633706 -0.66697818 0.50287527 0.32979769 0.15646191 0.4054361 0.32067996 -0.15630643 0.698883 0.38572869 0.141633 0.62540859 0.36212072 -0.30636731 0.67975509 0.51887786 0.18273358 0.58701581 0.51704353 -0.09440813
0.74140245 0.24730659 -0.2327334 0.62571067 0.2175643 -0.71941435 0.71573526 0.35173538 -0.15363659 0.55150837 0.33867165 -0.7379722 0.72793263 0.44173896 -0.21602234 0.52940822 0.45547351 -0.6769585 0.49831966 0.33208522 0.15897438 0.40366229 0.32109645 -0.15881144 0.6975522 0.38519505 0.12374128 0.62629521 0.35928169 -0.31711355 0.6784513 0.525635 0.1577471 0.58436924 0.51496416 -0.12939702
0.73936599 0.24403353 -0.22734392 0.62541074 0.21617895 -0.72176301 0.71093702 0.35120484 -0.14269476 0.55059481 0.33546188 -0.73973632 0.72692466 0.43796879 -0.20591894 0.52895093 0.45302254 -0.67292029 0.49813402 0.33158413 0.15972461 0.40231362 0.32070583 -0.159602 0.69747037 0.3896057 0.12727718 0.62751931 0.37688622 -0.26988551 0.68705815 0.52487987 0.192008 0.58740944 0.51191431 -0.07524245
0.73790824 0.24409969 -0.22018695 0.62534505 0.21589525 -0.72248238 0.70891011 0.35167724 -0.12736511 0.55059862 0.33506519 -0.74148512 0.72638619 0.43783963 -0.19520847 0.52860707 0.45150653 -0.68007851 0.49708098 0.33283371 0.16108739 0.40116817 0.32108656 -0.16096698 0.69743067 0.39135894 0.12889582 0.6283825 0.38049668 -0.27277243 0.68105459 0.53002107 0.19501373 0.58453429 0.5132243 -0.08111807
0.73642683 0.24098969 -0.20678711 0.62520409 0.2160496 -0.70761669 0.70664704 0.3481445 -0.10271091 0.55013412 0.33459127 -0.71352637 0.72459525 0.43418175 -0.16800103 0.52833581 0.45113522 -0.64791703 0.49491781 0.33143786 0.1620058 0.40071729 0.32047921 -0.16187066 0.69619721 0.39380899 0.13335979 0.62747008 0.38315111 -0.24421582 0.67699659 0.52793294 0.20306866 0.59290069 0.51824182 -0.07012907
0.7369923 0.23794293 -0.20026585 0.6255303 0.21567936 -0.71122259 0.6996302 0.34372774 -0.091847 0.5494948 0.3355113 -0.71151239 0.72146058 0.43459395 -0.15363969 0.52829653 0.45069039 -0.64617759 0.49426535 0.32860777 0.16261843 0.4009721 0.31941137 -0.16249251 0.69530272 0.39038345 0.1656667 0.6280266 0.38648266 -0.20794272 0.67924726 0.51726854 0.25085703 0.60559332 0.51914781 -0.01413364
0.73795265 0.2381182 -0.18985389 0.62617105 0.21458155 -0.70909649 0.69901502 0.34200063 -0.08278568 0.54913777 0.33559331 -0.70810652 0.7209034 0.43348292 -0.14215179 0.52818894 0.45247927 -0.64164209 0.49579987 0.3278276 0.16250731 0.40184775 0.31881544 -0.16234235 0.69572377 0.38614833 0.16391042 0.63235146 0.38162568 -0.22123437 0.68412709 0.51490366 0.23666395 0.60239249 0.51828843 -0.02602708
0.73778564 0.23354544 -0.18121761 0.62749821 0.21304841 -0.69851786 0.6974358 0.33836374 -0.07128111 0.54924786 0.33176976 -0.69206512 0.71912009 0.42842108 -0.13150191 0.52967668 0.44780207 -0.61870968 0.49563554 0.32825217 0.16221836 0.40238461 0.3181726 -0.16206823 0.69773602 0.38351551 0.17096588 0.63556391 0.38152558 -0.16301878 0.69669193 0.5095185 0.25439593 0.61856377 0.51080269 0.05899403
0.73771524 0.23175286 -0.18471749 0.62931794 0.21331546 -0.70515448 0.69724309 0.33879241 -0.07414915 0.55085629 0.33226243 -0.69823074 0.71679479 0.43340901 -0.13069431 0.52950573 0.44768539 -0.63094944 0.49573749 0.3258231 0.16254611 0.40416527 0.31843001 -0.16239646 0.69979858 0.3821196 0.16772504 0.63450122 0.3869206 -0.15740691 0.70355934 0.51003146 0.25338584 0.62631547 0.51751482 0.07135329
0.7378062 0.2323181 -0.17905456 0.63073659 0.21309805 -0.70613432 0.69752276 0.34157994 -0.06721135 0.55253822 0.3317 -0.69734538 0.71823418 0.43644014 -0.12624781 0.53159386 0.44736353 -0.63439548 0.49617445 0.32628301 0.16272862 0.4069193 0.31818214 -0.16255587 0.70161361 0.38374859 0.16533272 0.63370544 0.38948953 -0.14938436 0.7122395 0.51380223 0.25162083 0.63682538 0.52115673 0.05751579
0.737881 0.22880691 -0.18283169 0.63122284 0.21298437 -0.68621469 0.70286036 0.3396112 -0.07482326 0.55413824 0.33142033 -0.67309803 0.72032148 0.43529651 -0.13421981 0.53453451 0.44943383 -0.61014837 0.49752447 0.3230871 0.16185102 0.41088754 0.31581602 -0.16167003 0.70618266 0.37559921 0.16132607 0.63611001 0.38671619 -0.16439845 0.71462631 0.5059936 0.24369188 0.64573872 0.5168047 0.05071456
0.73797989 0.22515 -0.18620244 0.63173813 0.21318121 -0.69201547 0.70587587 0.33541435 -0.07859755 0.55466217 0.33219856 -0.67842591 0.72291487 0.43002626 -0.13771755 0.53726602 0.45134753 -0.61492419 0.50010002 0.32005808 0.16190383 0.41455626 0.31411555 -0.16170615 0.70585293 0.37968919 0.16048482 0.63546622 0.38866606 -0.15318032 0.71236795 0.50738031 0.2437526 0.64107078 0.5179227 0.04528649
0.738141 0.22129351 -0.18704849 0.63485366 0.21026546 -0.69288099 0.7024067 0.32662457 -0.07444527 0.55460328 0.327328 -0.68117428 0.7222833 0.415234 -0.12729658 0.53852844 0.44446337 -0.61379153 0.50055426 0.3179093 0.16173743 0.41614559 0.31062803 -0.16152668 0.70059305 0.37972447 0.17338352 0.63524765 0.38722047 -0.14820547 0.71207374 0.50621641 0.26316211 0.64435482 0.51491874 0.0312079 
0.73828334 0.2203861 -0.18728405 0.63675225 0.20823859 -0.67806858 0.70181227 0.32493165 -0.07443935 0.55484408 0.32301235 -0.67491585 0.72151637 0.4149971 -0.12867162 0.53989255 0.43908271 -0.61676639 0.50136811 0.31760892 0.16105013 0.41779813 0.31016427 -0.16080028 0.70002097 0.38161188 0.17081375 0.63498443 0.38780507 -0.15407185 0.71040487 0.5071798 0.25986835 0.65408325 0.51846015 -0.00785824
0.74162668 0.22114263 -0.20885755 0.63673705 0.20612273 -0.68100995 0.70809937 0.32745677 -0.1005166 0.55482811 0.31987873 -0.67770773 0.72375643 0.41858202 -0.16014142 0.53954506 0.43513408 -0.64197123 0.50499958 0.31686148 0.15795925 0.42075875 0.30836391 -0.15764713 0.69812959 0.38284218 0.17064318 0.6284861 0.39515686 -0.14769989 0.70879185 0.51068276 0.25291523 0.64691544 0.52531248 -0.01954152
0.74434114 0.21728206 -0.2535291 0.63664627 0.20420012 -0.7132501 0.70940363 0.32209539 -0.13553457 0.5547803 0.31813592 -0.72989964 0.72478682 0.4183118 -0.19358954 0.53933102 0.43053994 -0.69726002 0.51187992 0.31538522 0.15594588 0.42495513 0.30716658 -0.15560275 0.69660598 0.39514112 0.16941932 0.62248021 0.41106704 -0.14862818 0.6968196 0.51759332 0.25266472 0.61919427 0.5433172 -0.02017428
0.7462182 0.21317653 -0.25516 0.63678622 0.20112543 -0.72260159 0.7147162 0.31610301 -0.12482502 0.55604035 0.31592879 -0.74664557 0.73092276 0.41225371 -0.1826237 0.53934866 0.42494103 -0.71811223 0.52143824 0.31306472 0.15374434 0.429625 0.30593091 -0.15337165 0.67297375 0.41633686 0.14216736 0.60018945 0.42523208 -0.14456844 0.65225542 0.53043687 0.23407911 0.59344459 0.55069691 -0.02355766
0.75102139 0.21224339 -0.2503199 0.63808239 0.19653644 -0.71812057 0.72205132 0.31825814 -0.1234398 0.55679566 0.3118467 -0.73667717 0.73639727 0.41253778 -0.17934354 0.53922713 0.41805986 -0.70564914 0.52250844 0.31172153 0.1502336 0.43220469 0.30358425 -0.14992033 0.67280906 0.42373243 0.13831574 0.60170656 0.42976448 -0.14229459 0.64844787 0.53368598 0.25129536 0.58956015 0.54909402 0.00563392
0.75425273 0.21006331 -0.24938937 0.64033651 0.19159245 -0.6869337 0.72314721 0.3153573 -0.11330967 0.55977553 0.30868655 -0.7007491 0.73701334 0.41144398 -0.16060142 0.54144859 0.41874358 -0.67494899 0.53258854 0.30886611 0.15004374 0.43837705 0.3026748 -0.14972383 0.67069709 0.42071521 0.11236484 0.60314608 0.4290846 -0.16792405 0.65086097 0.53699267 0.21316829 0.58218515 0.54841429 -0.03706394
0.75448692 0.20544758 -0.24913968 0.64139068 0.18803069 -0.70362186 0.72554445 0.30915323 -0.11150889 0.56085539 0.30630177 -0.70753366 0.73874152 0.40863973 -0.15101887 0.54230285 0.41815293 -0.67256474 0.53848565 0.30648839 0.15034261 0.4425191 0.30240688 -0.15003614 0.67134404 0.41936821 0.1142759 0.60040742 0.42760402 -0.16798411 0.64359081 0.53669655 0.22606646 0.58396041 0.55107898 -0.02581087
0.75816023 0.20341232 -0.27772096 0.6411683 0.18559262 -0.76354462 0.72808921 0.30853242 -0.11792474 0.56252366 0.30621853 -0.73834229 0.74040419 0.40854296 -0.15012106 0.54424268 0.41863981 -0.67214215 0.54245043 0.30734426 0.15484814 0.4488349 0.3035467 -0.15456186 0.66802406 0.41697305 0.18052326 0.59590387 0.43148136 -0.16064715 0.62813914 0.53612107 0.35678482 0.57417637 0.55205274 0.04329695
0.76054358 0.19482276 -0.27658924 0.64460254 0.18038636 -0.76595062 0.72948176 0.29941648 -0.1177436 0.56544119 0.29872677 -0.7638033 0.74318582 0.39954266 -0.15040901 0.54406148 0.4088212 -0.72540104 0.55198032 0.30294058 0.15876921 0.45544231 0.29990518 -0.15851431 0.66911185 0.41617849 0.12580363 0.59740829 0.42968509 -0.18584418 0.62469876 0.53601527 0.32210958 0.56812006 0.55109507 0.02931113
0.7649132 0.19169837 -0.26879027 0.64556313 0.17492457 -0.75648361 0.73007804 0.29548523 -0.11448388 0.56744629 0.29096419 -0.75539511 0.74240059 0.39609113 -0.14774328 0.5425967 0.40360489 -0.708175 0.56195253 0.30154976 0.15976998 0.46170473 0.29641244 -0.15947825 0.67037588 0.41526094 0.08627375 0.59572327 0.42904872 -0.2104218 0.6322605 0.53633785 0.28299582 0.5586499 0.55095959 -0.00524939
0.76608211 0.18660975 -0.26671794 0.64668429 0.16741583 -0.76310164 0.73215657 0.2871505 -0.11160192 0.57110935 0.28373507 -0.76739383 0.74340439 0.38779125 -0.13533293 0.54166692 0.3972691 -0.73334318 0.56647289 0.2982884 0.16318268 0.46598461 0.29225388 -0.16283706 0.67054164 0.41431087 0.07673337 0.59973907 0.42135626 -0.2232725 0.63139981 0.53600448 0.28248334 0.55477744 0.54693872 -0.01034221
0.76759827 0.18459813 -0.20011547 0.65295327 0.16038702 -0.69728142 0.73133832 0.28536046 -0.01282054 0.57323503 0.27704984 -0.68267411 0.74294341 0.38944998 -0.01593309 0.54031408 0.39383608 -0.65350282 0.56891823 0.29873097 0.16612321 0.47318372 0.29455027 -0.16577686 0.6673736 0.41429362 0.22401464 0.58826154 0.42033368 -0.21064138 0.62831491 0.52932769 0.45307472 0.52814043 0.54685771 -0.01015706
0.76673847 0.18116242 -0.13444966 0.65315074 0.15730433 -0.69839203 0.73115879 0.28400522 0.05840302 0.57299858 0.2740224 -0.68565959 0.74434698 0.39188489 0.06367568 0.53913414 0.38910282 -0.64897478 0.56595349 0.2993156 0.17835315 0.47035047 0.29536763 -0.17782463 0.66604567 0.41368744 0.31423825 0.59196872 0.4133454 -0.20888738 0.6155237 0.52942723 0.54376972 0.53907394 0.54655719 -0.0250238 
0.76528656 0.17475674 -0.12624307 0.65434438 0.15092929 -0.7022773 0.72653002 0.2768347 0.08077132 0.57301909 0.26899463 -0.69491637 0.74423033 0.38031608 0.0918319 0.53871024 0.38293329 -0.65163976 0.56267703 0.30079845 0.18133706 0.47012603 0.29526836 -0.18086152 0.64616919 0.41734642 0.25744587 0.56605208 0.4202058 -0.09385401 0.58976692 0.52970034 0.49282593 0.54297191 0.54240078 0.15259071
0.76392776 0.17022474 -0.12685694 0.65412986 0.14592718 -0.7173382 0.72640008 0.27248377 0.06304584 0.57452118 0.26566178 -0.70021945 0.74425501 0.37563962 0.05975579 0.53870273 0.37986958 -0.65786511 0.56075847 0.30025595 0.18978706 0.47069326 0.29397219 -0.18936606 0.63699591 0.41727164 0.3166897 0.57390374 0.41627356 -0.10279849 0.58706516 0.53197253 0.56230009 0.54709548 0.54125518 0.12391081
0.7607637 0.16351053 -0.12729369 0.65557128 0.14020978 -0.71521479 0.71917892 0.26774395 0.05363237 0.57702804 0.2627379 -0.69448167 0.74402714 0.37011486 0.06258947 0.53891176 0.37788871 -0.64847761 0.56306612 0.29648122 0.1895937 0.47942063 0.28969702 -0.18914399 0.63165134 0.41160959 0.28372097 0.57784319 0.41380844 -0.12205675 0.58315146 0.53197742 0.51207405 0.5495348 0.54116613 0.08498401
0.75822759 0.15930475 -0.14315459 0.65515494 0.13489254 -0.73192257 0.7152853 0.26531187 0.02798264 0.57848305 0.255981 -0.7137174 0.74382514 0.37039134 0.02438576 0.53894573 0.37301105 -0.68207443 0.56662953 0.29739481 0.18338852 0.48345241 0.28915039 -0.18299547 0.59829259 0.4295691 0.30017805 0.53089416 0.42434824 -0.00575581 0.56199038 0.53214437 0.54289281 0.50832099 0.54108536 0.25122702
0.75826669 0.15934823 -0.14092079 0.6547001 0.13190983 -0.72809631 0.71669674 0.26468226 0.02686168 0.57903475 0.25228012 -0.7150895 0.75122446 0.36952505 0.01586512 0.53658569 0.36697757 -0.69507354 0.56843299 0.29702234 0.18234394 0.48208866 0.28767198 -0.18194593 0.60856819 0.43224767 0.20339705 0.54220396 0.42768395 -0.03038481 0.57709342 0.53654945 0.38142177 0.51182437 0.54520053 0.13213331
0.7586655 0.15685655 -0.13601698 0.65219373 0.12918536 -0.72245038 0.71782553 0.26181757 0.02540287 0.57892472 0.25124955 -0.70755857 0.74895662 0.36559489 0.0050166 0.53483051 0.36473435 -0.6917246 0.57298273 0.29709569 0.18583424 0.48221847 0.28849477 -0.18544263 0.61371595 0.42877564 0.18624677 0.5469957 0.43213204 -0.1803899 0.58388805 0.54015464 0.37905142 0.51583081 0.5553419 0.00941566
0.75866508 0.15280847 -0.14433244 0.65050203 0.12492928 -0.71891713 0.72007966 0.25613385 0.02036807 0.57860291 0.24376026 -0.70795166 0.74886233 0.35921621 0.00396309 0.5338487 0.35688075 -0.69226807 0.57943815 0.29753032 0.18547349 0.48309162 0.28756124 -0.18508765 0.61944771 0.42128971 0.17033707 0.54489189 0.43147594 -0.16387598 0.58754021 0.5427174 0.34522074 0.51805967 0.55383766 0.02793614
7.58910060e-01 1.50026381e-01 -1.47767082e-01 6.48631096e-01 1.19880907e-01 -7.29730546e-01 7.22534835e-01 2.56542563e-01 1.83045696e-02 5.76257229e-01 2.41195589e-01 -7.09570825e-01 7.48246014e-01 3.60469162e-01 -7.00649922e-04 5.31424165e-01 3.53696316e-01 -6.96947932e-01 5.80267131e-01 2.97825962e-01 1.88113019e-01 4.82353330e-01 2.88100600e-01 -1.87682703e-01 6.21763289e-01 4.20405209e-01 2.67952055e-01 5.38032234e-01 4.33735162e-01 -9.72600579e-02 5.88727713e-01 5.42981684e-01 4.84141320e-01 5.13238251e-01 5.53757966e-01 1.25169948e-01
0.76085526 0.14628364 -0.14847328 0.64642173 0.11456107 -0.73230559 0.72457963 0.25410554 0.01924427 0.57613546 0.23479591 -0.7182526 0.74771678 0.35438269 0.01839363 0.52972937 0.34721205 -0.72822636 0.58536148 0.29624903 0.19116598 0.48495358 0.28557217 -0.19072255 0.62221515 0.40948001 0.21481349 0.54439199 0.43076757 -0.13761957 0.58969432 0.54244655 0.40870389 0.51710117 0.55308616 0.06006904
0.76055223 0.14152154 -0.15001222 0.6448006 0.10965407 -0.72703046 0.72464508 0.2510511 0.0170008 0.57588243 0.22961827 -0.71761525 0.74733591 0.35113513 0.01110124 0.52896899 0.34302628 -0.72042537 0.58466673 0.29143533 0.19053051 0.48651943 0.28298014 -0.19007654 0.6238513 0.40461674 0.18457638 0.54720038 0.42640689 -0.15181822 0.59717071 0.54087889 0.32989728 0.54276013 0.55268419 0.01234124
0.75432229 0.13870177 -0.10909788 0.6425733 0.10332872 -0.68234807 0.71954393 0.24794179 0.05248574 0.57395458 0.22621354 -0.68858409 0.74568474 0.35090524 0.05878423 0.52735496 0.34147874 -0.70295846 0.57801992 0.28839228 0.19356777 0.48063508 0.27952418 -0.19300371 0.62496924 0.39969498 0.23320687 0.54842156 0.421262 -0.18268538 0.60332859 0.53926617 0.40018162 0.56073302 0.55102134 -0.04833877
0.75082457 0.13364357 -0.10950352 0.63855255 0.0993401 -0.66372764 0.71527839 0.24379648 0.06522121 0.56854302 0.22061838 -0.69071192 0.74246639 0.34791943 0.05660479 0.52542627 0.33926755 -0.70967907 0.56867081 0.2855846 0.19026318 0.47343862 0.27892333 -0.18966551 0.62194484 0.40246296 0.22128527 0.54688662 0.41594917 -0.17145698 0.60621971 0.53667283 0.36832064 0.56071389 0.54217416 -0.01586497
0.75009441 0.1320778 -0.10305196 0.63003653 0.09572469 -0.61346227 0.71425796 0.24141143 0.06002567 0.56703436 0.21623068 -0.66718429 0.74231708 0.33994982 0.04223353 0.52555484 0.33390066 -0.71382725 0.5662871 0.28511679 0.1848018 0.47088519 0.27668518 -0.18423697 0.6227845 0.39747939 0.12960403 0.54320145 0.41394442 -0.2207865 0.6073426 0.53652591 0.21915093 0.55939984 0.54271895 -0.13839616
0.73338097 0.11811516 -0.09286002 0.62994844 0.09112479 -0.63702911 0.7028082 0.23362112 0.09344657 0.55398941 0.21034405 -0.67101854 0.74024093 0.33262625 0.10355338 0.52565914 0.33031443 -0.71210319 0.53943026 0.27718243 0.18090792 0.454528 0.27248487 -0.1802662 0.60364485 0.3978385 0.1358069 0.50991964 0.41301975 -0.11852884 0.59870356 0.53430212 0.26283747 0.54661644 0.54276484 -0.016616 
0. 0. 0. 0. 0. 0. 0. 0. 0. 0. 0. 0. 0. 0. 0. 0. 0. 0. 0. 0. 0. 0. 0. 0. 0. 0. 0. 0. 0. 0. 0. 0. 0. 0. 0. 0. 0. 0. 0. 0. 0. 0. 0. 0. 0. 0. 0. 0. 0. 0. 0. 0. 0. 0. 0. 0. 0. 0. 0. 0. 0. 0. 0. 0. 0. 0. 0. 0. 0. 0. 0. 0. 0. 0. 0. 0. 0. 0. 0. 0. 0. 0. 0. 0. 0. 0. 0. 0. 0. 0. 0. 0. 0. 0. 0. 0. 0. 0. 0. 0. 0. 0. 0. 0. 0. 0. 0. 0. 0. 0. 0. 0. 0. 0. 0. 0. 0. 0. 0. 0. 0. 0. 0. 0. 0. 0. 0. 0. 0. 0. 0. 0.
0.76461357 0.1140587 -0.16106942 0.60297018 0.08259881 -0.63345879 0.73364413 0.2148889 -0.03334726 0.55681586 0.19540152 -0.67656034 0.73185217 0.31535605 -0.13937475 0.52809036 0.29985923 -0.75424439 0.65919989 0.28127652 0.16437638 0.57311887 0.27310142 -0.16430365 0.64346391 0.40792787 0.35965928 0.56722963 0.40903446 -0.09723143 0.61192298 0.52663469 0.69790959 0.57270539 0.54691356 0.15639196
0.7551173 0.1090185 -0.13039011 0.60464758 0.07994241 -0.61156708 0.72676229 0.21414572 -0.01136672 0.56705683 0.19508573 -0.63739622 0.73205274 0.31557906 -0.11437046 0.53052664 0.29648539 -0.67159867 0.64234012 0.28010377 0.16434409 0.57272482 0.2722674 -0.16428517 0.60837382 0.40792507 0.19598183 0.57650864 0.41111606 -0.09706096 0.60101372 0.53769875 0.43731901 0.58487511 0.54824632 0.16452299
0.75560153 0.10594797 -0.16927871 0.60211343 0.07444749 -0.62119699 0.72392589 0.21199448 -0.02266187 0.5673179 0.19209237 -0.63557196 0.73235363 0.3131156 -0.14727578 0.53219205 0.29191005 -0.67797655 0.64118701 0.27832854 0.15106489 0.56637657 0.26962796 -0.15124121 0.60846984 0.40784901 0.16469692 0.57660156 0.41110259 -0.0927081 0.59964341 0.54103309 0.40200597 0.58487839 0.55008423 0.17091005
0.75536448 0.10205448 -0.08331529 0.60130149 0.06820701 -0.58594078 0.7222178 0.20925637 0.04758336 0.56737542 0.18568601 -0.61385936 0.7336365 0.31076232 -0.09649656 0.53305233 0.28801939 -0.66344506 0.64152402 0.27412719 0.15720412 0.56660855 0.26596829 -0.15746498 0.60845333 0.40715322 0.15869634 0.580984 0.41097894 -0.13750775 0.59624499 0.54266137 0.33886856 0.58871198 0.55068427 0.05950385
0.75085139 0.09695599 -0.0010979 0.59892732 0.06098276 -0.59593582 0.7203145 0.20447497 0.13200706 0.56776053 0.17856957 -0.63892478 0.73449433 0.30910042 0.01056452 0.53358692 0.28381604 -0.683599 0.6410054 0.2685312 0.1804416 0.56600022 0.25903893 -0.18060493 0.6080566 0.40526369 0.18329683 0.58513701 0.40939128 -0.16679914 0.59404641 0.54271382 0.35717931 0.58795613 0.55060762 0.01953518
0.73861468 0.09223778 0.04799213 0.59806192 0.05811969 -0.54324079 0.71030509 0.19647008 0.17886993 0.56981635 0.17571422 -0.5882479 0.73279887 0.30328348 0.07670072 0.53544658 0.27972719 -0.58415991 0.63713706 0.26080707 0.18104592 0.56609297 0.25215346 -0.18118012 0.60964441 0.40253514 0.12950447 0.58792716 0.40647504 -0.18946165 0.59252101 0.54260921 0.24969473 0.5872947 0.55022943 -0.03835441
0.73043239 0.08507156 0.02256963 0.58787936 0.05300176 -0.55921817 0.70639169 0.19269748 0.17555702 0.56947643 0.17083593 -0.63064843 0.73249114 0.29893258 0.08286288 0.53673452 0.27610764 -0.62680662 0.636365 0.26200441 0.18667942 0.56244618 0.25289127 -0.18675654 0.61115134 0.4021295 0.15464608 0.58828193 0.40517589 -0.16723323 0.59094143 0.54479951 0.31462184 0.58679295 0.54940879 0.02591437
0.71572512 0.07981303 0.1024581 0.58200353 0.04904206 -0.5445438 0.70279127 0.18791141 0.25546688 0.57163525 0.16336128 -0.61301744 0.73150539 0.28881279 0.18985167 0.54008383 0.26680282 -0.62795162 0.63541031 0.26074517 0.19229554 0.5632208 0.25412032 -0.19231988 0.61070865 0.39966679 0.18444674 0.58845466 0.40339565 -0.15789007 0.58781528 0.54415005 0.37168625 0.58653522 0.54935491 0.04638344
0.70672965 0.07620461 0.17023793 0.57537544 0.04830575 -0.45716605 0.6998319 0.18448593 0.30291775 0.57164007 0.15881482 -0.52920341 0.73137617 0.28352123 0.23401551 0.54553825 0.26037726 -0.53388834 0.63572031 0.25663641 0.1902042 0.56998461 0.25279859 -0.19020638 0.61071181 0.39659005 0.14515984 0.58818376 0.39819029 -0.22668813 0.58829254 0.5436464 0.27349216 0.58623737 0.54906207 -0.04383683
0.67324555 0.0709766 0.09985021 0.57816702 0.05127447 -0.48879015 0.68660033 0.18231565 0.23537248 0.57420886 0.16205303 -0.52308983 0.72373688 0.27881962 0.18883501 0.55734116 0.25617737 -0.4821319 0.62409014 0.25671557 0.18954256 0.58543545 0.25373033 -0.18953088 0.60286641 0.3954266 0.19242097 0.58940232 0.39749283 -0.1046727 0.5886569 0.54159987 0.32846028 0.58808345 0.54811317 0.08308883
0.58559382 0.07229839 0.15194412 0.66290605 0.07055041 -0.32935101 0.62836385 0.17654458 0.20838794 0.62518358 0.1629253 -0.33511069 0.67481416 0.2707091 0.16738892 0.63191521 0.26036149 -0.2190558 0.60137057 0.26149148 0.17908594 0.61497462 0.26539496 -0.1791568 0.59857607 0.39581284 0.16197333 0.59502441 0.39785233 -0.10289075 0.58199424 0.54161841 0.22435862 0.58904058 0.54847795 -0.01018859
0.60356432 0.08550357 0.20982824 0.64461362 0.07098799 -0.418787 0.64474618 0.18007447 0.25157207 0.61077422 0.1658372 -0.4470363 0.68253255 0.27196464 0.1512516 0.6140793 0.25325716 -0.41298941 0.60421544 0.27018833 0.20420431 0.61285937 0.28274271 -0.20440513 0.59354502 0.39963776 0.33682278 0.5961625 0.40503085 -0.10597711 0.58246082 0.54169166 0.50706142 0.58934581 0.55089587 0.06826232
0.60039574 0.1303281 0.31004372 0.64151603 0.11004757 -0.21351962 0.63963556 0.20216252 0.33004647 0.62663907 0.1758576 -0.27745682 0.6894986 0.27256617 0.25416076 0.65931374 0.25560692 -0.15138675 0.60787463 0.28950337 0.19050512 0.62061077 0.2868928 -0.1909644 0.59521431 0.40497971 0.17974763 0.59662741 0.4094767 -0.14154366 0.5856455 0.54160649 0.21726945 0.59729707 0.55081403 -0.06699504
0.62476498 0.14480056 0.35851997 0.62833297 0.1248181 -0.01123056 0.64188677 0.20383677 0.38159791 0.58735085 0.18001913 -0.24541022 0.71360272 0.27422458 0.28588367 0.64025825 0.22120313 -0.23875774 0.63484776 0.29764262 0.13333654 0.6162433 0.28622198 -0.13371782 0.62964648 0.41385743 0.06309246 0.59598917 0.40952578 -0.1765459 0.59699523 0.54149276 0.05460967 0.59883833 0.5492807 -0.15383793
0. 0. 0. 0. 0. 0. 0. 0. 0. 0. 0. 0. 0. 0. 0. 0. 0. 0. 0. 0. 0. 0. 0. 0. 0. 0. 0. 0. 0. 0. 0. 0. 0. 0. 0. 0. 0. 0. 0. 0. 0. 0. 0. 0. 0. 0. 0. 0. 0. 0. 0. 0. 0. 0. 0. 0. 0. 0. 0. 0. 0. 0. 0. 0. 0. 0. 0. 0. 0. 0. 0. 0. 0. 0. 0. 0. 0. 0. 0. 0. 0. 0. 0. 0. 0. 0. 0. 0. 0. 0. 0. 0. 0. 0. 0. 0. 0. 0. 0. 0. 0. 0. 0. 0. 0. 0. 0. 0. 0. 0. 0. 0. 0. 0. 0. 0. 0. 0. 0. 0. 0. 0. 0. 0. 0. 0. 0. 0. 0. 0. 0. 0.
0. 0. 0. 0. 0. 0. 0. 0. 0. 0. 0. 0. 0. 0. 0. 0. 0. 0. 0. 0. 0. 0. 0. 0. 0. 0. 0. 0. 0. 0. 0. 0. 0. 0. 0. 0. 0. 0. 0. 0. 0. 0. 0. 0. 0. 0. 0. 0. 0. 0. 0. 0. 0. 0. 0. 0. 0. 0. 0. 0. 0. 0. 0. 0. 0. 0. 0. 0. 0. 0. 0. 0. 0. 0. 0. 0. 0. 0. 0. 0. 0. 0. 0. 0. 0. 0. 0. 0. 0. 0. 0. 0. 0. 0. 0. 0. 0. 0. 0. 0. 0. 0. 0. 0. 0. 0. 0. 0. 0. 0. 0. 0. 0. 0. 0. 0. 0. 0. 0. 0. 0. 0. 0. 0. 0. 0. 0. 0. 0. 0. 0. 0.
0.2988975 0.25452322 -0.45688111 0.34849119 0.20643923 -0.5952915 0.25352275 0.23995773 -0.3530156 0.29913282 0.19976805 -0.49485812 0.16191405 0.19376345 -0.37255868 0.13681066 0.19078833 -0.36433405 0.51236659 0.21035172 0.07010902 0.53391588 0.18555626 -0.06973188 0.58430564 0.18772873 0.2447045 0.56835943 0.16514561 -0.05013788 0.61671895 0.24587148 0.43873641 0.62811291 0.23145276 0.14217944
0. 0. 0. 0. 0. 0. 0. 0. 0. 0. 0. 0. 0. 0. 0. 0. 0. 0. 0. 0. 0. 0. 0. 0. 0. 0. 0. 0. 0. 0. 0. 0. 0. 0. 0. 0. 0. 0. 0. 0. 0. 0. 0. 0. 0. 0. 0. 0. 0. 0. 0. 0. 0. 0. 0. 0. 0. 0. 0. 0. 0. 0. 0. 0. 0. 0. 0. 0. 0. 0. 0. 0. 0. 0. 0. 0. 0. 0. 0. 0. 0. 0. 0. 0. 0. 0. 0. 0. 0. 0. 0. 0. 0. 0. 0. 0. 0. 0. 0. 0. 0. 0. 0. 0. 0. 0. 0. 0. 0. 0. 0. 0. 0. 0. 0. 0. 0. 0. 0. 0. 0. 0. 0. 0. 0. 0. 0. 0. 0. 0. 0. 0.
0. 0. 0. 0. 0. 0. 0. 0. 0. 0. 0. 0. 0. 0. 0. 0. 0. 0. 0. 0. 0. 0. 0. 0. 0. 0. 0. 0. 0. 0. 0. 0. 0. 0. 0. 0. 0. 0. 0. 0. 0. 0. 0. 0. 0. 0. 0. 0. 0. 0. 0. 0. 0. 0. 0. 0. 0. 0. 0. 0. 0. 0. 0. 0. 0. 0. 0. 0. 0. 0. 0. 0. 0. 0. 0. 0. 0. 0. 0. 0. 0. 0. 0. 0. 0. 0. 0. 0. 0. 0. 0. 0. 0. 0. 0. 0. 0. 0. 0. 0. 0. 0. 0. 0. 0. 0. 0. 0. 0. 0. 0. 0. 0. 0. 0. 0. 0. 0. 0. 0. 0. 0. 0. 0. 0. 0. 0. 0. 0. 0. 0. 0.
0.30499491 0.28047889 -0.49186575 0.30452621 0.25401363 -0.7171852 0.25252098 0.254421 -0.20572515 0.23746897 0.23617944 -0.50530463 0.19520676 0.21907672 -0.03023457 0.17061114 0.22647408 -0.18826352 0.48277798 0.26415011 0.06780247 0.48749843 0.24408415 -0.0675353 0.36544606 0.24352704 0.27816802 0.36868498 0.22012851 0.08219647 0.19984755 0.23621291 0.56947351 0.19507122 0.2415245 0.43923196
0. 0. 0. 0. 0. 0. 0. 0. 0. 0. 0. 0. 0. 0. 0. 0. 0. 0. 0. 0. 0. 0. 0. 0. 0. 0. 0. 0. 0. 0. 0. 0. 0. 0. 0. 0. 0. 0. 0. 0. 0. 0. 0. 0. 0. 0. 0. 0. 0. 0. 0. 0. 0. 0. 0. 0. 0. 0. 0. 0. 0. 0. 0. 0. 0. 0. 0. 0. 0. 0. 0. 0. 0. 0. 0. 0. 0. 0. 0. 0. 0. 0. 0. 0. 0. 0. 0. 0. 0. 0. 0. 0. 0. 0. 0. 0. 0. 0. 0. 0. 0. 0. 0. 0. 0. 0. 0. 0. 0. 0. 0. 0. 0. 0. 0. 0. 0. 0. 0. 0. 0. 0. 0. 0. 0. 0. 0. 0. 0. 0. 0. 0.
0. 0. 0. 0. 0. 0. 0. 0. 0. 0. 0. 0. 0. 0. 0. 0. 0. 0. 0. 0. 0. 0. 0. 0. 0. 0. 0. 0. 0. 0. 0. 0. 0. 0. 0. 0. 0. 0. 0. 0. 0. 0. 0. 0. 0. 0. 0. 0. 0. 0. 0. 0. 0. 0. 0. 0. 0. 0. 0. 0. 0. 0. 0. 0. 0. 0. 0. 0. 0. 0. 0. 0. 0. 0. 0. 0. 0. 0. 0. 0. 0. 0. 0. 0. 0. 0. 0. 0. 0. 0. 0. 0. 0. 0. 0. 0. 0. 0. 0. 0. 0. 0. 0. 0. 0. 0. 0. 0. 0. 0. 0. 0. 0. 0. 0. 0. 0. 0. 0. 0. 0. 0. 0. 0. 0. 0. 0. 0. 0. 0. 0. 0.
0. 0. 0. 0. 0. 0. 0. 0. 0. 0. 0. 0. 0. 0. 0. 0. 0. 0. 0. 0. 0. 0. 0. 0. 0. 0. 0. 0. 0. 0. 0. 0. 0. 0. 0. 0. 0. 0. 0. 0. 0. 0. 0. 0. 0. 0. 0. 0. 0. 0. 0. 0. 0. 0. 0. 0. 0. 0. 0. 0. 0. 0. 0. 0. 0. 0. 0. 0. 0. 0. 0. 0. 0. 0. 0. 0. 0. 0. 0. 0. 0. 0. 0. 0. 0. 0. 0. 0. 0. 0. 0. 0. 0. 0. 0. 0. 0. 0. 0. 0. 0. 0. 0. 0. 0. 0. 0. 0. 0. 0. 0. 0. 0. 0. 0. 0. 0. 0. 0. 0. 0. 0. 0. 0. 0. 0. 0. 0. 0. 0. 0. 0.
0. 0. 0. 0. 0. 0. 0. 0. 0. 0. 0. 0. 0. 0. 0. 0. 0. 0. 0. 0. 0. 0. 0. 0. 0. 0. 0. 0. 0. 0. 0. 0. 0. 0. 0. 0. 0. 0. 0. 0. 0. 0. 0. 0. 0. 0. 0. 0. 0. 0. 0. 0. 0. 0. 0. 0. 0. 0. 0. 0. 0. 0. 0. 0. 0. 0. 0. 0. 0. 0. 0. 0. 0. 0. 0. 0. 0. 0. 0. 0. 0. 0. 0. 0. 0. 0. 0. 0. 0. 0. 0. 0. 0. 0. 0. 0. 0. 0. 0. 0. 0. 0. 0. 0. 0. 0. 0. 0. 0. 0. 0. 0. 0. 0. 0. 0. 0. 0. 0. 0. 0. 0. 0. 0. 0. 0. 0. 0. 0. 0. 0. 0.
0. 0. 0. 0. 0. 0. 0. 0. 0. 0. 0. 0. 0. 0. 0. 0. 0. 0. 0. 0. 0. 0. 0. 0. 0. 0. 0. 0. 0. 0. 0. 0. 0. 0. 0. 0. 0. 0. 0. 0. 0. 0. 0. 0. 0. 0. 0. 0. 0. 0. 0. 0. 0. 0. 0. 0. 0. 0. 0. 0. 0. 0. 0. 0. 0. 0. 0. 0. 0. 0. 0. 0. 0. 0. 0. 0. 0. 0. 0. 0. 0. 0. 0. 0. 0. 0. 0. 0. 0. 0. 0. 0. 0. 0. 0. 0. 0. 0. 0. 0. 0. 0. 0. 0. 0. 0. 0. 0. 0. 0. 0. 0. 0. 0. 0. 0. 0. 0. 0. 0. 0. 0. 0. 0. 0. 0. 0. 0. 0. 0. 0. 0.
0. 0. 0. 0. 0. 0. 0. 0. 0. 0. 0. 0. 0. 0. 0. 0. 0. 0. 0. 0. 0. 0. 0. 0. 0. 0. 0. 0. 0. 0. 0. 0. 0. 0. 0. 0. 0. 0. 0. 0. 0. 0. 0. 0. 0. 0. 0. 0. 0. 0. 0. 0. 0. 0. 0. 0. 0. 0. 0. 0. 0. 0. 0. 0. 0. 0. 0. 0. 0. 0. 0. 0. 0. 0. 0. 0. 0. 0. 0. 0. 0. 0. 0. 0. 0. 0. 0. 0. 0. 0. 0. 0. 0. 0. 0. 0. 0. 0. 0. 0. 0. 0. 0. 0. 0. 0. 0. 0. 0. 0. 0. 0. 0. 0. 0. 0. 0. 0. 0. 0. 0. 0. 0. 0. 0. 0. 0. 0. 0. 0. 0. 0.
0. 0. 0. 0. 0. 0. 0. 0. 0. 0. 0. 0. 0. 0. 0. 0. 0. 0. 0. 0. 0. 0. 0. 0. 0. 0. 0. 0. 0. 0. 0. 0. 0. 0. 0. 0. 0. 0. 0. 0. 0. 0. 0. 0. 0. 0. 0. 0. 0. 0. 0. 0. 0. 0. 0. 0. 0. 0. 0. 0. 0. 0. 0. 0. 0. 0. 0. 0. 0. 0. 0. 0. 0. 0. 0. 0. 0. 0. 0. 0. 0. 0. 0. 0. 0. 0. 0. 0. 0. 0. 0. 0. 0. 0. 0. 0. 0. 0. 0. 0. 0. 0. 0. 0. 0. 0. 0. 0. 0. 0. 0. 0. 0. 0. 0. 0. 0. 0. 0. 0. 0. 0. 0. 0. 0. 0. 0. 0. 0. 0. 0. 0.
0. 0. 0. 0. 0. 0. 0. 0. 0. 0. 0. 0. 0. 0. 0. 0. 0. 0. 0. 0. 0. 0. 0. 0. 0. 0. 0. 0. 0. 0. 0. 0. 0. 0. 0. 0. 0. 0. 0. 0. 0. 0. 0. 0. 0. 0. 0. 0. 0. 0. 0. 0. 0. 0. 0. 0. 0. 0. 0. 0. 0. 0. 0. 0. 0. 0. 0. 0. 0. 0. 0. 0. 0. 0. 0. 0. 0. 0. 0. 0. 0. 0. 0. 0. 0. 0. 0. 0. 0. 0. 0. 0. 0. 0. 0. 0. 0. 0. 0. 0. 0. 0. 0. 0. 0. 0. 0. 0. 0. 0. 0. 0. 0. 0. 0. 0. 0. 0. 0. 0. 0. 0. 0. 0. 0. 0. 0. 0. 0. 0. 0. 0.
0. 0. 0. 0. 0. 0. 0. 0. 0. 0. 0. 0. 0. 0. 0. 0. 0. 0. 0. 0. 0. 0. 0. 0. 0. 0. 0. 0. 0. 0. 0. 0. 0. 0. 0. 0. 0. 0. 0. 0. 0. 0. 0. 0. 0. 0. 0. 0. 0. 0. 0. 0. 0. 0. 0. 0. 0. 0. 0. 0. 0. 0. 0. 0. 0. 0. 0. 0. 0. 0. 0. 0. 0. 0. 0. 0. 0. 0. 0. 0. 0. 0. 0. 0. 0. 0. 0. 0. 0. 0. 0. 0. 0. 0. 0. 0. 0. 0. 0. 0. 0. 0. 0. 0. 0. 0. 0. 0. 0. 0. 0. 0. 0. 0. 0. 0. 0. 0. 0. 0. 0. 0. 0. 0. 0. 0. 0. 0. 0. 0. 0. 0.
0. 0. 0. 0. 0. 0. 0. 0. 0. 0. 0. 0. 0. 0. 0. 0. 0. 0. 0. 0. 0. 0. 0. 0. 0. 0. 0. 0. 0. 0. 0. 0. 0. 0. 0. 0. 0. 0. 0. 0. 0. 0. 0. 0. 0. 0. 0. 0. 0. 0. 0. 0. 0. 0. 0. 0. 0. 0. 0. 0. 0. 0. 0. 0. 0. 0. 0. 0. 0. 0. 0. 0. 0. 0. 0. 0. 0. 0. 0. 0. 0. 0. 0. 0. 0. 0. 0. 0. 0. 0. 0. 0. 0. 0. 0. 0. 0. 0. 0. 0. 0. 0. 0. 0. 0. 0. 0. 0. 0. 0. 0. 0. 0. 0. 0. 0. 0. 0. 0. 0. 0. 0. 0. 0. 0. 0. 0. 0. 0. 0. 0. 0.
0. 0. 0. 0. 0. 0. 0. 0. 0. 0. 0. 0. 0. 0. 0. 0. 0. 0. 0. 0. 0. 0. 0. 0. 0. 0. 0. 0. 0. 0. 0. 0. 0. 0. 0. 0. 0. 0. 0. 0. 0. 0. 0. 0. 0. 0. 0. 0. 0. 0. 0. 0. 0. 0. 0. 0. 0. 0. 0. 0. 0. 0. 0. 0. 0. 0. 0. 0. 0. 0. 0. 0. 0. 0. 0. 0. 0. 0. 0. 0. 0. 0. 0. 0. 0. 0. 0. 0. 0. 0. 0. 0. 0. 0. 0. 0. 0. 0. 0. 0. 0. 0. 0. 0. 0. 0. 0. 0. 0. 0. 0. 0. 0. 0. 0. 0. 0. 0. 0. 0. 0. 0. 0. 0. 0. 0. 0. 0. 0. 0. 0. 0.
0. 0. 0. 0. 0. 0. 0. 0. 0. 0. 0. 0. 0. 0. 0. 0. 0. 0. 0. 0. 0. 0. 0. 0. 0. 0. 0. 0. 0. 0. 0. 0. 0. 0. 0. 0. 0. 0. 0. 0. 0. 0. 0. 0. 0. 0. 0. 0. 0. 0. 0. 0. 0. 0. 0. 0. 0. 0. 0. 0. 0. 0. 0. 0. 0. 0. 0. 0. 0. 0. 0. 0. 0. 0. 0. 0. 0. 0. 0. 0. 0. 0. 0. 0. 0. 0. 0. 0. 0. 0. 0. 0. 0. 0. 0. 0. 0. 0. 0. 0. 0. 0. 0. 0. 0. 0. 0. 0. 0. 0. 0. 0. 0. 0. 0. 0. 0. 0. 0. 0. 0. 0. 0. 0. 0. 0. 0. 0. 0. 0. 0. 0.
0. 0. 0. 0. 0. 0. 0. 0. 0. 0. 0. 0. 0. 0. 0. 0. 0. 0. 0. 0. 0. 0. 0. 0. 0. 0. 0. 0. 0. 0. 0. 0. 0. 0. 0. 0. 0. 0. 0. 0. 0. 0. 0. 0. 0. 0. 0. 0. 0. 0. 0. 0. 0. 0. 0. 0. 0. 0. 0. 0. 0. 0. 0. 0. 0. 0. 0. 0. 0. 0. 0. 0. 0. 0. 0. 0. 0. 0. 0. 0. 0. 0. 0. 0. 0. 0. 0. 0. 0. 0. 0. 0. 0. 0. 0. 0. 0. 0. 0. 0. 0. 0. 0. 0. 0. 0. 0. 0. 0. 0. 0. 0. 0. 0. 0. 0. 0. 0. 0. 0. 0. 0. 0. 0. 0. 0. 0. 0. 0. 0. 0. 0.
0. 0. 0. 0. 0. 0. 0. 0. 0. 0. 0. 0. 0. 0. 0. 0. 0. 0. 0. 0. 0. 0. 0. 0. 0. 0. 0. 0. 0. 0. 0. 0. 0. 0. 0. 0. 0. 0. 0. 0. 0. 0. 0. 0. 0. 0. 0. 0. 0. 0. 0. 0. 0. 0. 0. 0. 0. 0. 0. 0. 0. 0. 0. 0. 0. 0. 0. 0. 0. 0. 0. 0. 0. 0. 0. 0. 0. 0. 0. 0. 0. 0. 0. 0. 0. 0. 0. 0. 0. 0. 0. 0. 0. 0. 0. 0. 0. 0. 0. 0. 0. 0. 0. 0. 0. 0. 0. 0. 0. 0. 0. 0. 0. 0. 0. 0. 0. 0. 0. 0. 0. 0. 0. 0. 0. 0. 0. 0. 0. 0. 0. 0.
0. 0. 0. 0. 0. 0. 0. 0. 0. 0. 0. 0. 0. 0. 0. 0. 0. 0. 0. 0. 0. 0. 0. 0. 0. 0. 0. 0. 0. 0. 0. 0. 0. 0. 0. 0. 0. 0. 0. 0. 0. 0. 0. 0. 0. 0. 0. 0. 0. 0. 0. 0. 0. 0. 0. 0. 0. 0. 0. 0. 0. 0. 0. 0. 0. 0. 0. 0. 0. 0. 0. 0. 0. 0. 0. 0. 0. 0. 0. 0. 0. 0. 0. 0. 0. 0. 0. 0. 0. 0. 0. 0. 0. 0. 0. 0. 0. 0. 0. 0. 0. 0. 0. 0. 0. 0. 0. 0. 0. 0. 0. 0. 0. 0. 0. 0. 0. 0. 0. 0. 0. 0. 0. 0. 0. 0. 0. 0. 0. 0. 0. 0.
0. 0. 0. 0. 0. 0. 0. 0. 0. 0. 0. 0. 0. 0. 0. 0. 0. 0. 0. 0. 0. 0. 0. 0. 0. 0. 0. 0. 0. 0. 0. 0. 0. 0. 0. 0. 0. 0. 0. 0. 0. 0. 0. 0. 0. 0. 0. 0. 0. 0. 0. 0. 0. 0. 0. 0. 0. 0. 0. 0. 0. 0. 0. 0. 0. 0. 0. 0. 0. 0. 0. 0. 0. 0. 0. 0. 0. 0. 0. 0. 0. 0. 0. 0. 0. 0. 0. 0. 0. 0. 0. 0. 0. 0. 0. 0. 0. 0. 0. 0. 0. 0. 0. 0. 0. 0. 0. 0. 0. 0. 0. 0. 0. 0. 0. 0. 0. 0. 0. 0. 0. 0. 0. 0. 0. 0. 0. 0. 0. 0. 0. 0.
0. 0. 0. 0. 0. 0. 0. 0. 0. 0. 0. 0. 0. 0. 0. 0. 0. 0. 0. 0. 0. 0. 0. 0. 0. 0. 0. 0. 0. 0. 0. 0. 0. 0. 0. 0. 0. 0. 0. 0. 0. 0. 0. 0. 0. 0. 0. 0. 0. 0. 0. 0. 0. 0. 0. 0. 0. 0. 0. 0. 0. 0. 0. 0. 0. 0. 0. 0. 0. 0. 0. 0. 0. 0. 0. 0. 0. 0. 0. 0. 0. 0. 0. 0. 0. 0. 0. 0. 0. 0. 0. 0. 0. 0. 0. 0. 0. 0. 0. 0. 0. 0. 0. 0. 0. 0. 0. 0. 0. 0. 0. 0. 0. 0. 0. 0. 0. 0. 0. 0. 0. 0. 0. 0. 0. 0. 0. 0. 0. 0. 0. 0.
0. 0. 0. 0. 0. 0. 0. 0. 0. 0. 0. 0. 0. 0. 0. 0. 0. 0. 0. 0. 0. 0. 0. 0. 0. 0. 0. 0. 0. 0. 0. 0. 0. 0. 0. 0. 0. 0. 0. 0. 0. 0. 0. 0. 0. 0. 0. 0. 0. 0. 0. 0. 0. 0. 0. 0. 0. 0. 0. 0. 0. 0. 0. 0. 0. 0. 0. 0. 0. 0. 0. 0. 0. 0. 0. 0. 0. 0. 0. 0. 0. 0. 0. 0. 0. 0. 0. 0. 0. 0. 0. 0. 0. 0. 0. 0. 0. 0. 0. 0. 0. 0. 0. 0. 0. 0. 0. 0. 0. 0. 0. 0. 0. 0. 0. 0. 0. 0. 0. 0. 0. 0. 0. 0. 0. 0. 0. 0. 0. 0. 0. 0.
0. 0. 0. 0. 0. 0. 0. 0. 0. 0. 0. 0. 0. 0. 0. 0. 0. 0. 0. 0. 0. 0. 0. 0. 0. 0. 0. 0. 0. 0. 0. 0. 0. 0. 0. 0. 0. 0. 0. 0. 0. 0. 0. 0. 0. 0. 0. 0. 0. 0. 0. 0. 0. 0. 0. 0. 0. 0. 0. 0. 0. 0. 0. 0. 0. 0. 0. 0. 0. 0. 0. 0. 0. 0. 0. 0. 0. 0. 0. 0. 0. 0. 0. 0. 0. 0. 0. 0. 0. 0. 0. 0. 0. 0. 0. 0. 0. 0. 0. 0. 0. 0. 0. 0. 0. 0. 0. 0. 0. 0. 0. 0. 0. 0. 0. 0. 0. 0. 0. 0. 0. 0. 0. 0. 0. 0. 0. 0. 0. 0. 0. 0.
0. 0. 0. 0. 0. 0. 0. 0. 0. 0. 0. 0. 0. 0. 0. 0. 0. 0. 0. 0. 0. 0. 0. 0. 0. 0. 0. 0. 0. 0. 0. 0. 0. 0. 0. 0. 0. 0. 0. 0. 0. 0. 0. 0. 0. 0. 0. 0. 0. 0. 0. 0. 0. 0. 0. 0. 0. 0. 0. 0. 0. 0. 0. 0. 0. 0. 0. 0. 0. 0. 0. 0. 0. 0. 0. 0. 0. 0. 0. 0. 0. 0. 0. 0. 0. 0. 0. 0. 0. 0. 0. 0. 0. 0. 0. 0. 0. 0. 0. 0. 0. 0. 0. 0. 0. 0. 0. 0. 0. 0. 0. 0. 0. 0. 0. 0. 0. 0. 0. 0. 0. 0. 0. 0. 0. 0. 0. 0. 0. 0. 0. 0.
0. 0. 0. 0. 0. 0. 0. 0. 0. 0. 0. 0. 0. 0. 0. 0. 0. 0. 0. 0. 0. 0. 0. 0. 0. 0. 0. 0. 0. 0. 0. 0. 0. 0. 0. 0. 0. 0. 0. 0. 0. 0. 0. 0. 0. 0. 0. 0. 0. 0. 0. 0. 0. 0. 0. 0. 0. 0. 0. 0. 0. 0. 0. 0. 0. 0. 0. 0. 0. 0. 0. 0. 0. 0. 0. 0. 0. 0. 0. 0. 0. 0. 0. 0. 0. 0. 0. 0. 0. 0. 0. 0. 0. 0. 0. 0. 0. 0. 0. 0. 0. 0. 0. 0. 0. 0. 0. 0. 0. 0. 0. 0. 0. 0. 0. 0. 0. 0. 0. 0. 0. 0. 0. 0. 0. 0. 0. 0. 0. 0. 0. 0.
0. 0. 0. 0. 0. 0. 0. 0. 0. 0. 0. 0. 0. 0. 0. 0. 0. 0. 0. 0. 0. 0. 0. 0. 0. 0. 0. 0. 0. 0. 0. 0. 0. 0. 0. 0. 0. 0. 0. 0. 0. 0. 0. 0. 0. 0. 0. 0. 0. 0. 0. 0. 0. 0. 0. 0. 0. 0. 0. 0. 0. 0. 0. 0. 0. 0. 0. 0. 0. 0. 0. 0. 0. 0. 0. 0. 0. 0. 0. 0. 0. 0. 0. 0. 0. 0. 0. 0. 0. 0. 0. 0. 0. 0. 0. 0. 0. 0. 0. 0. 0. 0. 0. 0. 0. 0. 0. 0. 0. 0. 0. 0. 0. 0. 0. 0. 0. 0. 0. 0. 0. 0. 0. 0. 0. 0. 0. 0. 0. 0. 0. 0.
0. 0. 0. 0. 0. 0. 0. 0. 0. 0. 0. 0. 0. 0. 0. 0. 0. 0. 0. 0. 0. 0. 0. 0. 0. 0. 0. 0. 0. 0. 0. 0. 0. 0. 0. 0. 0. 0. 0. 0. 0. 0. 0. 0. 0. 0. 0. 0. 0. 0. 0. 0. 0. 0. 0. 0. 0. 0. 0. 0. 0. 0. 0. 0. 0. 0. 0. 0. 0. 0. 0. 0. 0. 0. 0. 0. 0. 0. 0. 0. 0. 0. 0. 0. 0. 0. 0. 0. 0. 0. 0. 0. 0. 0. 0. 0. 0. 0. 0. 0. 0. 0. 0. 0. 0. 0. 0. 0. 0. 0. 0. 0. 0. 0. 0. 0. 0. 0. 0. 0. 0. 0. 0. 0. 0. 0. 0. 0. 0. 0. 0. 0.
0. 0. 0. 0. 0. 0. 0. 0. 0. 0. 0. 0. 0. 0. 0. 0. 0. 0. 0. 0. 0. 0. 0. 0. 0. 0. 0. 0. 0. 0. 0. 0. 0. 0. 0. 0. 0. 0. 0. 0. 0. 0. 0. 0. 0. 0. 0. 0. 0. 0. 0. 0. 0. 0. 0. 0. 0. 0. 0. 0. 0. 0. 0. 0. 0. 0. 0. 0. 0. 0. 0. 0. 0. 0. 0. 0. 0. 0. 0. 0. 0. 0. 0. 0. 0. 0. 0. 0. 0. 0. 0. 0. 0. 0. 0. 0. 0. 0. 0. 0. 0. 0. 0. 0. 0. 0. 0. 0. 0. 0. 0. 0. 0. 0. 0. 0. 0. 0. 0. 0. 0. 0. 0. 0. 0. 0. 0. 0. 0. 0. 0. 0.
0. 0. 0. 0. 0. 0. 0. 0. 0. 0. 0. 0. 0. 0. 0. 0. 0. 0. 0. 0. 0. 0. 0. 0. 0. 0. 0. 0. 0. 0. 0. 0. 0. 0. 0. 0. 0. 0. 0. 0. 0. 0. 0. 0. 0. 0. 0. 0. 0. 0. 0. 0. 0. 0. 0. 0. 0. 0. 0. 0. 0. 0. 0. 0. 0. 0. 0. 0. 0. 0. 0. 0. 0. 0. 0. 0. 0. 0. 0. 0. 0. 0. 0. 0. 0. 0. 0. 0. 0. 0. 0. 0. 0. 0. 0. 0. 0. 0. 0. 0. 0. 0. 0. 0. 0. 0. 0. 0. 0. 0. 0. 0. 0. 0. 0. 0. 0. 0. 0. 0. 0. 0. 0. 0. 0. 0. 0. 0. 0. 0. 0. 0.
0. 0. 0. 0. 0. 0. 0. 0. 0. 0. 0. 0. 0. 0. 0. 0. 0. 0. 0. 0. 0. 0. 0. 0. 0. 0. 0. 0. 0. 0. 0. 0. 0. 0. 0. 0. 0. 0. 0. 0. 0. 0. 0. 0. 0. 0. 0. 0. 0. 0. 0. 0. 0. 0. 0. 0. 0. 0. 0. 0. 0. 0. 0. 0. 0. 0. 0. 0. 0. 0. 0. 0. 0. 0. 0. 0. 0. 0. 0. 0. 0. 0. 0. 0. 0. 0. 0. 0. 0. 0. 0. 0. 0. 0. 0. 0. 0. 0. 0. 0. 0. 0. 0. 0. 0. 0. 0. 0. 0. 0. 0. 0. 0. 0. 0. 0. 0. 0. 0. 0. 0. 0. 0. 0. 0. 0. 0. 0. 0. 0. 0. 0.
0.24926543 0.20377178 -0.54067534 0.3048279 0.27060366 -0.58110523 0.4191798 0.19790778 -0.36167672 0.43378729 0.26350829 -0.35879838 0.46227306 0.2195704 -0.21283844 0.43048722 0.25052774 -0.11962848 0.481565 0.20988454 0.02796753 0.50699538 0.25055933 -0.02791308 0.56796455 0.17182608 -0.27145103 0.59555227 0.24008766 -0.30394685 0.67605197 0.28810009 -0.13333344 0.65765458 0.28562462 -0.20240025
0.2336058 0.20393676 -0.58679891 0.30484271 0.27916735 -0.63418174 0.28537244 0.19292326 -0.30354589 0.4244253 0.26369679 -0.42682892 0.30004734 0.19797561 -0.02258977 0.42966688 0.25217876 -0.22427543 0.48763123 0.20925681 0.00446823 0.50608265 0.2592425 -0.00439023 0.57241547 0.18251638 -0.35781676 0.5659548 0.30579272 -0.22711831 0.67915493 0.29349253 -0.32702556 0.6491701 0.32437614 -0.26254821
0.2354473 0.2250143 -0.57467896 0.30981568 0.2794303 -0.62892085 0.23693328 0.19840191 -0.37012923 0.4149327 0.2553162 -0.51069057 0.19475546 0.19461517 -0.09302524 0.39162526 0.24772987 -0.37132052 0.50176615 0.22100089 0.00387002 0.51236475 0.26321918 -0.00379633 0.59657526 0.20938672 -0.34674588 0.57084137 0.30053255 -0.19871646 0.6838606 0.29240683 -0.24799559 0.66840631 0.31759015 -0.18736307
0.23509876 0.25551695 -0.66533267 0.31760794 0.25928104 -0.72974992 0.18432847 0.22754447 -0.41327214 0.34532663 0.22801216 -0.61185873 0.1489394 0.19950373 -0.1692369 0.26055032 0.22679925 -0.4704285 0.50068831 0.24507141 0.00635633 0.51182282 0.26152834 -0.00641175 0.60092854 0.22436899 -0.19513367 0.59489965 0.28319448 -0.0792293 0.69429958 0.30019113 -0.04457443 0.66992182 0.31070367 0.02142089
0.23307806 0.26138932 -0.63608205 0.3155677 0.26165882 -0.67392182 0.19110596 0.23285423 -0.36683962 0.32701153 0.23506121 -0.52393752 0.14547414 0.21043469 -0.12924603 0.22594166 0.22447962 -0.36076456 0.50165904 0.25479719 0.00559478 0.5128625 0.26702949 -0.00545229 0.60633111 0.24125895 -0.21505144 0.60065293 0.29117668 -0.11719297 0.66698885 0.32048124 -0.0900306 0.6697557 0.31221086 -0.0631555 
0.23666523 0.25959355 -0.61052543 0.30541602 0.3012791 -0.65998346 0.20487896 0.22428459 -0.38460073 0.28525168 0.28276366 -0.50618088 0.17412972 0.21835753 -0.11874107 0.2057815 0.24266943 -0.16431497 0.51207143 0.24307458 0.00528007 0.51809043 0.29116318 -0.00526951 0.58560014 0.21223788 -0.23106077 0.6010201 0.36844787 -0.15600455 0.61932892 0.30099151 -0.11222408 0.6074388 0.44448057 -0.28295866
0. 0. 0. 0. 0. 0. 0. 0. 0. 0. 0. 0. 0. 0. 0. 0. 0. 0. 0. 0. 0. 0. 0. 0. 0. 0. 0. 0. 0. 0. 0. 0. 0. 0. 0. 0. 0. 0. 0. 0. 0. 0. 0. 0. 0. 0. 0. 0. 0. 0. 0. 0. 0. 0. 0. 0. 0. 0. 0. 0. 0. 0. 0. 0. 0. 0. 0. 0. 0. 0. 0. 0. 0. 0. 0. 0. 0. 0. 0. 0. 0. 0. 0. 0. 0. 0. 0. 0. 0. 0. 0. 0. 0. 0. 0. 0. 0. 0. 0. 0. 0. 0. 0. 0. 0. 0. 0. 0. 0. 0. 0. 0. 0. 0. 0. 0. 0. 0. 0. 0. 0. 0. 0. 0. 0. 0. 0. 0. 0. 0. 0. 0.
0.66922259 0.08930477 0.06848917 0.55214792 0.06415318 -0.49773255 0.67923099 0.19652778 0.17780954 0.52475065 0.16780537 -0.61301798 0.70877033 0.29490417 0.09556118 0.5217064 0.26581275 -0.69381106 0.61341316 0.26775587 0.19626662 0.56487119 0.26679775 -0.19626057 0.62080914 0.4050996 0.18941875 0.61262035 0.40728366 -0.24968372 0.59747767 0.54593253 0.33909303 0.59747934 0.55766141 -0.08931307
0.68591142 0.08930797 0.20058091 0.55369347 0.06408281 -0.39239359 0.67920411 0.19708039 0.32143483 0.53106642 0.17095336 -0.4691568 0.70859289 0.29488096 0.24080853 0.52483642 0.27186447 -0.49488294 0.61952448 0.26766399 0.19610223 0.56493086 0.26438493 -0.19611065 0.63505739 0.4051083 0.12483715 0.61218244 0.40308797 -0.22637363 0.58976614 0.54593247 0.23010683 0.58916843 0.5548628 -0.08383276
0.69350922 0.09083332 0.0576812 0.5529229 0.06255948 -0.50208825 0.68183517 0.19934848 0.22440353 0.53086066 0.17295532 -0.53436285 0.70981455 0.29794708 0.12317465 0.52524209 0.273752 -0.530379 0.62493151 0.27073497 0.18518448 0.56299394 0.26450142 -0.18536031 0.63473874 0.40468797 0.15416412 0.60651428 0.40366614 -0.13937035 0.58727598 0.54643142 0.36161733 0.58718407 0.5538885 0.08227164
0.69830978 0.09714612 0.04995247 0.5529691 0.06315898 -0.50040621 0.68417031 0.20537303 0.22359832 0.53066033 0.17710038 -0.55364597 0.71025705 0.30174148 0.12107321 0.52546847 0.27675298 -0.60022658 0.62435865 0.2736108 0.17649187 0.55925512 0.26556069 -0.17672682 0.629242 0.40471247 0.15418482 0.60555476 0.40738878 -0.14956729 0.58267158 0.54656708 0.35696092 0.58649904 0.55375218 0.05443034
0.70407122 0.1062384 0.02477466 0.55297142 0.06566206 -0.55303711 0.6884554 0.21208903 0.18741107 0.52892423 0.18001093 -0.62350261 0.71206158 0.3070263 0.08463975 0.52539426 0.27921146 -0.70170635 0.62636471 0.27720371 0.17658748 0.55095083 0.26755753 -0.17680368 0.62858742 0.40466776 0.15905838 0.60201043 0.4074024 -0.16909729 0.58906502 0.54689443 0.35755402 0.58579683 0.55380803 0.03858399
0.70882636 0.11068687 0.00116984 0.5540036 0.07085301 -0.54657781 0.69173318 0.21656705 0.15038277 0.5279758 0.18295458 -0.62027943 0.71414036 0.3134124 0.05621753 0.52404529 0.2835007 -0.69597542 0.62732887 0.2805638 0.16873859 0.54352134 0.27138826 -0.1689239 0.63090324 0.40761754 0.1619512 0.58205688 0.40886405 -0.13105713 0.59524179 0.54816693 0.37574622 0.57745779 0.55382645 0.10634107
0.70748228 0.11169226 -0.04717088 0.5609107 0.07830155 -0.57387471 0.69146407 0.22043948 0.08458665 0.52952522 0.19028431 -0.63358456 0.71624047 0.31908262 -0.01524642 0.52293324 0.2910699 -0.6944353 0.62683856 0.28440943 0.16850644 0.54444838 0.27913177 -0.16867523 0.61858964 0.41125834 0.20125407 0.58263719 0.41331303 -0.11448492 0.59152234 0.54915434 0.41086477 0.58864921 0.55399382 0.11785939
0.71283871 0.11499245 -0.06751578 0.56326687 0.08235026 -0.61705136 0.6934371 0.22560167 0.08911107 0.52946508 0.19276081 -0.66714555 0.72033709 0.32586023 0.01637428 0.52087122 0.29841086 -0.70609313 0.62646329 0.28677291 0.1695832 0.5449239 0.28208953 -0.16975293 0.61736995 0.41512394 0.2600328 0.58346546 0.41649893 -0.08602574 0.59298527 0.55003732 0.51588166 0.58635533 0.55465299 0.20273048
0.71897566 0.12018219 -0.09548197 0.56445086 0.08762213 -0.62967443 0.69692832 0.22856694 0.07419542 0.52967584 0.19705559 -0.6732378 0.72170246 0.32817838 0.0158944 0.52076232 0.30448404 -0.7019164 0.62945747 0.28783277 0.16289017 0.54470044 0.28207433 -0.16305305 0.61894679 0.41498548 0.16337322 0.56530648 0.41678527 -0.09996855 0.59316719 0.55108148 0.36073616 0.57778758 0.5546056 0.15249254
7.23427534e-01 1.25901178e-01 -1.25054762e-01 5.65967858e-01 9.29911658e-02 -6.56409800e-01 7.00977325e-01 2.32825428e-01 4.85924780e-02 5.29839218e-01 2.03580722e-01 -6.93956614e-01 7.22639859e-01 3.32914710e-01 -4.45141544e-04 5.20713508e-01 3.11595410e-01 -7.12144375e-01 6.37109756e-01 2.93963820e-01 1.59672901e-01 5.45464933e-01 2.86685377e-01 -1.59816280e-01 6.25172317e-01 4.19915944e-01 1.82713494e-01 5.50125837e-01 4.19271886e-01 -7.70545155e-02 5.95463336e-01 5.52443922e-01 4.11109775e-01 5.70459247e-01 5.54625213e-01 1.95801854e-01
0.7246359 0.13072747 -0.11389846 0.56899416 0.09975748 -0.68531483 0.7039296 0.2377753 0.0584599 0.52980274 0.21099119 -0.71685159 0.72430366 0.33759263 -0.00338467 0.52076811 0.31904492 -0.7250486 0.64047837 0.30118355 0.16214684 0.54668683 0.29404011 -0.16227332 0.62513 0.4252694 0.30232599 0.54903442 0.42301089 -0.04627657 0.59618676 0.55308133 0.58180016 0.56617725 0.55515873 0.27790049
0.72840703 0.13557485 -0.1120658 0.57132596 0.10546315 -0.67512274 0.70710826 0.24234185 0.05344444 0.53123581 0.21612883 -0.70270616 0.72862047 0.33981162 -0.01828003 0.52118099 0.32319233 -0.71949494 0.64190537 0.30339953 0.16084711 0.54677856 0.29622093 -0.16089812 0.62509573 0.42411631 0.25923467 0.55281514 0.43165115 -0.01997674 0.59629279 0.55298024 0.4984259 0.56296897 0.55468184 0.32573766
0.73104554 0.1402766 -0.12741879 0.57336247 0.11104801 -0.71288174 0.70830375 0.2449948 0.05177105 0.53475475 0.22423793 -0.73112023 0.72881025 0.34076241 -0.00676818 0.52258492 0.32846648 -0.72542995 0.64086086 0.30739674 0.1619028 0.54724854 0.30104959 -0.1619767 0.62694657 0.42664295 0.33799371 0.55327445 0.43916425 -0.00348058 0.59793186 0.5529148 0.63764769 0.55949819 0.55470532 0.33953455
0.73443246 0.14565374 -0.15078248 0.57687902 0.11595597 -0.71483523 0.70928568 0.24962293 0.02211767 0.5374558 0.22736499 -0.73204827 0.72949082 0.34395525 -0.03890064 0.52345318 0.33320728 -0.72847962 0.64444625 0.30889642 0.15907183 0.55071002 0.30262539 -0.15908858 0.64056534 0.43479484 0.32156909 0.55648732 0.44069889 -0.012068 0.60647762 0.55281258 0.62050891 0.56116253 0.55487359 0.32986259
0.73503816 0.15129083 -0.12766379 0.58581746 0.12056041 -0.68845069 0.70935744 0.25306255 0.04133137 0.54314727 0.23201506 -0.71705669 0.73045683 0.34638414 -0.02240358 0.52628666 0.33573711 -0.68275613 0.64732987 0.30876037 0.15296888 0.55401748 0.3037003 -0.1527994 0.65836895 0.43250558 0.23624793 0.55675048 0.43216509 -0.03005108 0.61519092 0.55062479 0.48041716 0.56161368 0.55468231 0.27426627
0.73544443 0.15451555 -0.13113685 0.58955532 0.12502135 -0.68418372 0.70958269 0.25805488 0.03695977 0.54515982 0.23744802 -0.71062928 0.73148292 0.34737492 -0.02489369 0.52873665 0.34017935 -0.67448539 0.65362066 0.31344378 0.15045615 0.55901825 0.30682164 -0.15022275 0.66985422 0.43256682 0.23881777 0.55799168 0.42915714 -0.01897891 0.62503541 0.54976141 0.5071097 0.56268245 0.55468029 0.29459396
0.73477691 0.15897094 -0.12926087 0.59548891 0.13041002 -0.72053987 0.7093116 0.26422736 0.04484782 0.54824859 0.24532105 -0.73871589 0.73319817 0.35301402 -0.0235023 0.53024179 0.34661931 -0.73083723 0.65210009 0.3162975 0.1519873 0.56026834 0.31080773 -0.15183158 0.66864425 0.4381665 0.3079147 0.55621499 0.42869055 0.05077399 0.62168473 0.54993188 0.62904215 0.56296688 0.5547781 0.42308477
0.73592597 0.16792437 -0.168606 0.59858787 0.1377043 -0.75127709 0.7099095 0.27426177 0.00861758 0.55103958 0.25703293 -0.76454365 0.73598301 0.36513764 -0.05040568 0.53254372 0.35672721 -0.76464641 0.65096259 0.32205123 0.15222058 0.5613907 0.31614256 -0.15215288 0.66939151 0.44557363 0.33378091 0.55398005 0.42980853 0.07076127 0.62135178 0.55191463 0.6515162 0.56348366 0.5547927 0.45945454
0.74089444 0.17411003 -0.16401704 0.59942389 0.14606588 -0.74267644 0.71312195 0.28296307 0.00182692 0.55504209 0.26947609 -0.75942975 0.73730981 0.37435567 -0.0683877 0.53645563 0.36673608 -0.76601785 0.65298617 0.33489615 0.15308326 0.56400013 0.32621238 -0.15305914 0.66968453 0.4500843 0.38734505 0.55843669 0.43284485 0.17379868 0.61966538 0.55192864 0.75598896 0.57219982 0.55479628 0.64072341
0.74856234 0.18093385 -0.19774456 0.60141456 0.15449762 -0.77358782 0.71613431 0.28833199 -0.02607965 0.55747128 0.27738681 -0.77939886 0.73780304 0.37945479 -0.08452037 0.53793633 0.37459797 -0.76434457 0.65465492 0.33564392 0.15381004 0.56509292 0.33045807 -0.15374611 0.67508829 0.44817659 0.38672721 0.55671757 0.43884614 0.18445568 0.61876774 0.55197638 0.75809234 0.57324904 0.55481303 0.66363925
0.75235456 0.1857083 -0.21128631 0.60533375 0.16161534 -0.78253192 0.71645099 0.29299 -0.03798263 0.55813056 0.28567982 -0.77616304 0.73865163 0.38460064 -0.09451152 0.54156464 0.38452557 -0.75480294 0.65491742 0.33759156 0.15050003 0.56951118 0.33362064 -0.15035941 0.67594421 0.45025221 0.36794475 0.56891078 0.43811128 0.18922837 0.61078084 0.55244499 0.71481097 0.57505709 0.55303031 0.65785211
0.75974852 0.1933126 -0.18754418 0.6062606 0.17097481 -0.76651436 0.7203092 0.29952812 -0.01989806 0.55879653 0.29589459 -0.76795882 0.74143928 0.39014915 -0.08772966 0.54524386 0.39294368 -0.749686 0.65020853 0.3446348 0.14838414 0.56701541 0.33406565 -0.14813192 0.67398226 0.43356103 0.19426359 0.568811 0.43837145 0.15343006 0.6116035 0.56022847 0.46105832 0.57458699 0.55283195 0.58609295
0.76870674 0.20109217 -0.18653637 0.61499488 0.17757078 -0.75938082 0.72938704 0.30375198 -0.02397583 0.55837548 0.30554059 -0.76311541 0.74683738 0.39386156 -0.09471586 0.54817963 0.40294018 -0.74217081 0.66098452 0.3524313 0.14456844 0.56690621 0.35020217 -0.14427191 0.68415409 0.43807328 0.26340255 0.56891239 0.44083017 0.20622458 0.61410058 0.5636729 0.61775249 0.56827044 0.55287468 0.69258612
0.77641112 0.20925835 -0.22281292 0.61891425 0.18778639 -0.75981194 0.738258 0.31124988 -0.05672104 0.56405562 0.31387952 -0.75630385 0.74776459 0.39820582 -0.10873742 0.54933369 0.40835685 -0.6948418 0.66821116 0.35261324 0.13259451 0.56669366 0.35400379 -0.13233581 0.68095106 0.44783121 0.27368197 0.56788743 0.44518024 0.19752653 0.60916227 0.55910093 0.58106422 0.56097341 0.55086076 0.64843756
0.78809279 0.22143307 -0.21052778 0.62441963 0.19872603 -0.73824251 0.7532295 0.32718411 -0.07014482 0.56972331 0.32437798 -0.73912543 0.75527847 0.41701043 -0.14327219 0.54901201 0.42577821 -0.6795339 0.6802482 0.3526381 0.12903768 0.56656897 0.35709879 -0.12885833 0.69733655 0.44681722 0.1053413 0.55819291 0.4436695 -0.10218199 0.61697733 0.55114436 0.39759371 0.55634612 0.55099779 0.35219666
0.79128289 0.23338573 -0.14027579 0.6345306 0.21107681 -0.66849327 0.75792921 0.33621991 -0.06682833 0.57363105 0.33516419 -0.69844168 0.76496625 0.42696339 -0.12318553 0.54997009 0.44014931 -0.65170038 0.68033201 0.35819754 0.13179615 0.56643128 0.36075082 -0.13159037 0.72623754 0.43844178 -0.13659236 0.54275352 0.39098549 -0.60784531 0.63067824 0.53938335 0.11942075 0.55666697 0.52311474 -0.17035986
0.79331696 0.24718882 -0.12756471 0.64313626 0.22553144 -0.65845209 0.75955725 0.35501832 -0.04826171 0.57642233 0.35020378 -0.69757307 0.76381159 0.4515487 -0.14616318 0.55117595 0.45949465 -0.65675294 0.67688388 0.38083807 0.13289765 0.56635833 0.38008869 -0.13275194 0.74785137 0.40699562 -0.06274434 0.52517033 0.37126118 -0.62153673 0.65948594 0.51381409 0.08595572 0.57354134 0.50549209 -0.23507187
0.80685848 0.25175795 -0.13783018 0.6485638 0.23509505 -0.66062051 0.76605994 0.35737544 -0.02519318 0.5765757 0.35742509 -0.72609431 0.76403463 0.45126471 -0.13712898 0.55068719 0.46389833 -0.67717862 0.68467337 0.38417989 0.14113556 0.56822145 0.38300908 -0.14103264 0.76357323 0.41607681 0.05857478 0.51683754 0.37502483 -0.67102867 0.675978 0.50821179 0.30598035 0.57924414 0.48958752 -0.29438174
0.82272589 0.24790962 -0.16943324 0.65110791 0.2360279 -0.67524379 0.78692162 0.34829304 -0.0843288 0.57588869 0.34941635 -0.72638458 0.77899134 0.45004952 -0.21015054 0.54452693 0.45108852 -0.67899001 0.68317908 0.38040027 0.12994492 0.56586683 0.37234595 -0.12989689 0.76138729 0.39372289 -0.22713442 0.52403218 0.36275905 -0.76055741 0.67039764 0.50368661 -0.0647678 0.58838844 0.4974871 -0.41621661
0.83181053 0.2441611 -0.16930933 0.65741009 0.23251654 -0.67811698 0.78198004 0.34488741 -0.07607135 0.57508439 0.34558645 -0.7162118 0.77695507 0.44658387 -0.17438176 0.53781283 0.45064086 -0.67345798 0.68472099 0.37485936 0.1275418 0.56562787 0.36822543 -0.12757261 0.78454977 0.39653048 -0.1949086 0.50192708 0.35488468 -0.65913051 0.6787619 0.49326995 0.00338978 0.59686434 0.48190105 -0.29303983
0.83022302 0.23893353 -0.17436521 0.66905493 0.22470511 -0.67704815 0.77915579 0.34734318 -0.08406319 0.58288246 0.33906141 -0.71800536 0.8060168 0.45326167 -0.1916225 0.53868121 0.44866535 -0.67412168 0.6833607 0.3627784 0.12828246 0.56061894 0.36218798 -0.12832773 0.76590019 0.38525751 -0.26150814 0.47768068 0.32006967 -0.78594589 0.67494661 0.48828787 -0.06020012 0.59498984 0.47778848 -0.41482317
0.83318216 0.23611729 -0.11950449 0.67222238 0.21949217 -0.6575098 0.7756424 0.34481043 -0.02348421 0.59857738 0.33632702 -0.6988821 0.79344308 0.44931203 -0.18520789 0.54854989 0.44410813 -0.65856951 0.67885321 0.36219588 0.12922317 0.5559085 0.34720325 -0.12921445 0.77221984 0.39634469 -0.29938129 0.45885548 0.29795101 -0.80411774 0.66977632 0.50029463 -0.15006608 0.59274322 0.46969116 -0.46408123
0.8330487 0.23528978 -0.06752924 0.67914093 0.21311706 -0.65800661 0.7762596 0.34280112 0.05866033 0.61090732 0.33496538 -0.67988729 0.79187518 0.4440999 -0.05346559 0.56326157 0.44189343 -0.61566824 0.66014969 0.36040458 0.14654963 0.54654706 0.34440815 -0.14662528 0.77120095 0.4156976 -0.14749233 0.47250134 0.33517817 -0.81559789 0.65435284 0.49996436 0.05629662 0.59598047 0.48060217 -0.41488466
0.83304584 0.2286344 -0.05451591 0.67954403 0.20173097 -0.66164005 0.77428514 0.34048316 0.07145033 0.61486095 0.32373577 -0.68703938 0.77389985 0.4434112 -0.03337725 0.57231367 0.43426028 -0.63242167 0.64316159 0.35327139 0.15869266 0.54063219 0.3374756 -0.15865009 0.76617968 0.41676015 -0.11150227 0.54690963 0.3466081 -0.81245434 0.64749634 0.50118417 0.10336512 0.59464514 0.49846792 -0.43015179
0.83720994 0.2201874 -0.07874299 0.6767655 0.19194368 -0.70703799 0.7734319 0.33595169 0.04995126 0.61212879 0.31234667 -0.73204452 0.7572096 0.44184002 -0.04584527 0.57519561 0.42559651 -0.66530269 0.63306218 0.33880216 0.1723461 0.53156036 0.3287836 -0.17221284 0.75580001 0.39758196 -0.05512322 0.5875634 0.35818928 -0.70514375 0.68178505 0.50224894 0.14961338 0.62008226 0.51872265 -0.344863 
0.83290339 0.21172693 -0.06509491 0.67773604 0.17948474 -0.76485848 0.77280915 0.32201222 0.09459601 0.60817313 0.30109322 -0.78853232 0.75735229 0.42407641 0.03169366 0.57324547 0.41926464 -0.7299934 0.6128267 0.32639015 0.20982052 0.50745803 0.30611822 -0.2097836 0.73213792 0.40527576 0.0369143 0.64066291 0.40588957 -0.49196315 0.66916895 0.52405119 0.31052214 0.61469042 0.54185516 -0.08433158
