0.60842866 0.30977577 -0.26737523 0.45806423 0.29334193 -0.75497508 0.62808609 0.41298783 -0.10407134 0.40076566 0.41859362 -0.77619833 0.65629154 0.50302607 -0.06049141 0.37324348 0.53251243 -0.7279489 0.41156614 0.43207774 0.16314849 0.29805905 0.40253708 -0.16261663 0.57234234 0.45357782 0.09271579 0.41662583 0.47320169 -0.57180381 0.54719937 0.5961504 0.20166308 0.4148466 0.61633909 -0.44227412
0.59911036 0.29440477 -0.31350121 0.43454009 0.27290764 -0.75020671 0.61145192 0.40836418 -0.26515433 0.39193818 0.39837477 -0.76605737 0.64268738 0.50159949 -0.33971906 0.34533772 0.52097666 -0.72438848 0.39488676 0.38893387 0.13576072 0.28809786 0.38667861 -0.13535751 0.56034732 0.43556592 -0.16270961 0.46066403 0.43105057 -0.61321831 0.53566819 0.59306836 -0.00918786 0.39640841 0.58945161 -0.35578445
0.59931904 0.29269227 -0.3239814 0.43109798 0.27222902 -0.76598197 0.60774469 0.40575513 -0.26626334 0.38193887 0.39759219 -0.77940291 0.6383335 0.5088526 -0.33589196 0.34130374 0.51283675 -0.73342234 0.40184426 0.3930206 0.13756131 0.29442623 0.38843852 -0.13715622 0.55779105 0.44089827 -0.25689331 0.46216267 0.43096989 -0.71245545 0.52640891 0.59458536 -0.01692021 0.40304825 0.59414095 -0.34303707
0.59953582 0.29238549 -0.33847284 0.42996162 0.2702713 -0.74390382 0.60752404 0.40515369 -0.28686348 0.3781859 0.4036364 -0.75395787 0.63612992 0.50685877 -0.36550593 0.34621724 0.5151971 -0.73774457 0.4081099 0.39356485 0.13551998 0.29727724 0.38843447 -0.13525765 0.5638206 0.44044012 -0.26099437 0.46121314 0.43111414 -0.74984705 0.52178776 0.59286225 0.00680509 0.40373749 0.58115059 -0.32977343
0.59752083 0.29089326 -0.32197353 0.43225086 0.26806879 -0.73785615 0.60738331 0.40408054 -0.25409448 0.37949219 0.40048835 -0.75195205 0.63746059 0.50588787 -0.3417047 0.34524769 0.51167351 -0.74711943 0.40836096 0.39210457 0.14013684 0.2986441 0.38818854 -0.13985392 0.55824357 0.43735325 -0.22945596 0.46908531 0.4309608 -0.70544636 0.53026557 0.5930174 -0.00249501 0.41022706 0.5944891 -0.3418979 
0.59947562 0.28982905 -0.31421766 0.43487823 0.26691434 -0.75060207 0.60783261 0.40171948 -0.24884619 0.38324741 0.39694655 -0.76511365 0.63855046 0.50572032 -0.34928092 0.34635136 0.50807202 -0.79248148 0.40890241 0.3921437 0.14310732 0.29981935 0.38769463 -0.14279594 0.55873621 0.44052231 -0.25193781 0.47360697 0.42957896 -0.73470098 0.53117859 0.59355128 -0.03676533 0.41779149 0.59463173 -0.38331255
0.60270429 0.28783074 -0.31394917 0.43804157 0.26585475 -0.76050317 0.60691631 0.39941543 -0.25367323 0.38541278 0.39688933 -0.77350157 0.63972861 0.50447333 -0.35154849 0.3477498 0.50866973 -0.80696404 0.41235942 0.38986799 0.14469814 0.30132428 0.38630047 -0.14435084 0.55489546 0.43828574 -0.27591145 0.47461706 0.42966741 -0.74762106 0.53155822 0.59646994 -0.04295997 0.41642961 0.59823602 -0.39016116
0.60263246 0.28676254 -0.31234756 0.43934742 0.26458085 -0.76257348 0.60627627 0.39906052 -0.24653174 0.38489985 0.39778504 -0.77505356 0.64080459 0.5039643 -0.35014096 0.34798729 0.50733608 -0.81315011 0.41195241 0.3901698 0.14498813 0.30124256 0.38586664 -0.14472899 0.55264443 0.43604901 -0.28979841 0.47378355 0.43174303 -0.76862741 0.53276795 0.59596843 -0.061554 0.41642988 0.59867632 -0.41891992
0.60455781 0.28443244 -0.30044648 0.44058156 0.26267081 -0.76508957 0.6067245 0.39782646 -0.24216691 0.38763136 0.39592463 -0.77690393 0.64278972 0.50252956 -0.34309405 0.35025093 0.50346452 -0.82654601 0.41421333 0.38793895 0.14863026 0.30361742 0.38422406 -0.14822018 0.55455059 0.43649599 -0.30894408 0.47656217 0.43378398 -0.77275902 0.53100538 0.5976578 -0.08015634 0.41363373 0.60003608 -0.43769491
0.60596132 0.28205904 -0.30236578 0.44003505 0.26195401 -0.77117318 0.60741651 0.39638054 -0.24431348 0.38944763 0.39445272 -0.7912569 0.64451838 0.50211227 -0.34700355 0.35127786 0.50064623 -0.83576477 0.4163084 0.3862983 0.14914829 0.30532962 0.38317043 -0.14868893 0.55592638 0.43396419 -0.31506395 0.46872798 0.43802819 -0.77745527 0.53148633 0.59684765 -0.06459421 0.41261461 0.6013847 -0.4183124 
0.608832 0.28177962 -0.30208758 0.44070011 0.25949255 -0.76750898 0.6081298 0.39672118 -0.24902448 0.39099973 0.39270228 -0.79106575 0.64546514 0.50171828 -0.35777029 0.35213718 0.49989456 -0.83033293 0.41732571 0.38525021 0.14972846 0.30535707 0.38111082 -0.1492831 0.55456662 0.43338937 -0.32989851 0.47077149 0.43484208 -0.79026389 0.52908236 0.59721714 -0.07970013 0.40988091 0.6003415 -0.43150553
0.61077356 0.27990058 -0.3021847 0.44256562 0.2585828 -0.76576805 0.60845971 0.39504832 -0.24921174 0.39107516 0.39275366 -0.78883302 0.64619851 0.50079876 -0.3611581 0.35331208 0.49900812 -0.82292974 0.41830635 0.38472155 0.14982834 0.30603212 0.38059002 -0.14935561 0.55752033 0.43314055 -0.32256556 0.46941012 0.43611258 -0.78520519 0.53056902 0.59593451 -0.07075816 0.41191599 0.6000424 -0.42676431
0.61221039 0.27863085 -0.30272245 0.44306087 0.2583349 -0.75667733 0.60926378 0.39357424 -0.25468495 0.39203057 0.39157706 -0.78027755 0.64666963 0.49978867 -0.37010032 0.35468805 0.49491742 -0.8202123 0.41920128 0.38356096 0.15037823 0.30672389 0.38112605 -0.14991567 0.55967754 0.43221149 -0.29095098 0.44545099 0.43918225 -0.76783061 0.53165638 0.59603482 -0.05623375 0.41235685 0.59942991 -0.41590574
0.61321592 0.27629271 -0.32247859 0.44456348 0.25671101 -0.76732647 0.61014867 0.39127341 -0.27586105 0.39263639 0.39020607 -0.79378355 0.64688718 0.4972873 -0.38965958 0.35573003 0.49352396 -0.82812899 0.41978145 0.38111919 0.15099107 0.30684307 0.37947625 -0.15054688 0.56073713 0.43294463 -0.29463646 0.44111484 0.44110927 -0.76010597 0.53118777 0.59722066 -0.05321601 0.4125644 0.59926957 -0.40554282
0.61372489 0.27459335 -0.32071689 0.44564411 0.25308138 -0.76341999 0.61085039 0.3912968 -0.26741371 0.39317179 0.38830027 -0.78810763 0.64842576 0.49562994 -0.37959644 0.35662287 0.49150828 -0.82479089 0.42023581 0.37904131 0.15127704 0.30735922 0.3775667 -0.15084015 0.5616101 0.43331823 -0.32359505 0.44062468 0.44157535 -0.77050209 0.53033173 0.5980798 -0.06287519 0.41304043 0.59876209 -0.40944272
0.61397934 0.27107486 -0.32019293 0.44856018 0.24764633 -0.76000589 0.61139059 0.38774109 -0.26327062 0.39350539 0.38308838 -0.78225225 0.64994895 0.49286896 -0.37307051 0.356942 0.48682183 -0.81775886 0.42059347 0.37551153 0.15311325 0.30772573 0.37339008 -0.15269947 0.5621987 0.43269512 -0.30249164 0.44427994 0.43856722 -0.74359077 0.52981299 0.5973019 -0.01742231 0.41331664 0.5983392 -0.38630489
0.61532062 0.26874304 -0.31778017 0.45164666 0.24105328 -0.76050156 0.61180139 0.38388616 -0.26183462 0.3938224 0.37666759 -0.78374237 0.65040761 0.49045023 -0.37441525 0.35714152 0.48179102 -0.82026017 0.42051041 0.37218854 0.15664694 0.30791581 0.36877987 -0.15624832 0.56135458 0.43335134 -0.29329672 0.44556949 0.43767995 -0.74023533 0.53019315 0.59676725 -0.00162182 0.41044328 0.59911996 -0.38342977
0.61717713 0.26443785 -0.34199637 0.45440295 0.23947439 -0.79805732 0.6122883 0.37832329 -0.28088561 0.39388987 0.37386206 -0.81863558 0.65052569 0.4863686 -0.39093512 0.35764727 0.47927186 -0.84912628 0.42063114 0.36600029 0.16198672 0.30841041 0.36322176 -0.161633 0.55893606 0.43427998 -0.28937286 0.44746712 0.43810385 -0.73397905 0.53054959 0.59677988 0.0216752 0.41059068 0.5999862 -0.37231404
0.61883283 0.25986618 -0.37534446 0.45539615 0.23625375 -0.83643752 0.61451995 0.37358922 -0.31199375 0.39488325 0.36811316 -0.85945433 0.65043384 0.48147473 -0.42874271 0.35908461 0.47247821 -0.89991319 0.42155749 0.36085099 0.16586991 0.30944911 0.3577331 -0.16555913 0.55802643 0.43474495 -0.28856495 0.44398311 0.44089851 -0.75406444 0.5307548 0.59726179 0.05142247 0.40563464 0.60051858 -0.36298108
0.6208517 0.25618985 -0.39036909 0.45684835 0.23336317 -0.87443823 0.61539233 0.36720461 -0.32320672 0.39509392 0.36602381 -0.89770085 0.64768565 0.47793362 -0.4390808 0.36031166 0.47008675 -0.93713391 0.42177281 0.3578423 0.16949026 0.31031737 0.35322353 -0.16910449 0.55654317 0.43652746 -0.28438976 0.44152519 0.44118485 -0.75826812 0.53080785 0.59737033 0.0415925 0.40030912 0.60091203 -0.36364549
0.62302971 0.25271651 -0.38860366 0.45776147 0.22999339 -0.8665902 0.61617267 0.36217853 -0.31537759 0.39533517 0.36236614 -0.88016593 0.64484066 0.47407624 -0.42958322 0.36109599 0.46591586 -0.91102892 0.42184827 0.35419416 0.17069656 0.31135571 0.34850129 -0.17030078 0.55300409 0.43917266 -0.27045175 0.43684384 0.44182184 -0.75262141 0.52986526 0.59774548 0.0541274 0.39774051 0.60367554 -0.36721343
0.62564594 0.24860987 -0.40508237 0.45883057 0.22569834 -0.88971853 0.61705339 0.35746396 -0.32781249 0.3969216 0.3555806 -0.90496755 0.64268816 0.46997884 -0.45109624 0.36123151 0.46039528 -0.94341767 0.42232019 0.35101917 0.17279902 0.31197765 0.34493405 -0.17238198 0.55068445 0.44057301 -0.26176986 0.43360275 0.44349307 -0.75142813 0.52936804 0.59802341 0.06113945 0.39723268 0.60741156 -0.38140041
0.62758064 0.24495867 -0.38714147 0.46091282 0.21998692 -0.86446649 0.61799651 0.35316011 -0.30001462 0.39902839 0.35004395 -0.89340866 0.64162838 0.46706769 -0.41524825 0.36143419 0.45565918 -0.90468508 0.42376271 0.34882155 0.17350839 0.31294265 0.34256771 -0.17313506 0.54870999 0.44516441 -0.16674513 0.43150231 0.44707331 -0.69718552 0.52811289 0.59829527 0.16891152 0.39478195 0.60844231 -0.35287911
0.62882924 0.23898332 -0.38082629 0.46355897 0.21530671 -0.87394315 0.61893755 0.34775895 -0.29263824 0.40041214 0.34600502 -0.88272035 0.6403262 0.46393219 -0.40985462 0.3615731 0.45149502 -0.90148616 0.42395771 0.34480917 0.17797621 0.31387955 0.33970687 -0.17766857 0.54616201 0.4458361 -0.12802066 0.43043175 0.44873559 -0.67825395 0.52776992 0.59850681 0.21514289 0.3938863 0.60938126 -0.34473693
0.63004166 0.2360692 -0.38594794 0.4660902 0.21035168 -0.88296753 0.61921304 0.3419908 -0.29123983 0.40056947 0.34267458 -0.88727146 0.63978505 0.45908767 -0.3980414 0.3611348 0.44879261 -0.90706652 0.42557389 0.34094581 0.18220697 0.31596532 0.33584604 -0.18192515 0.54478812 0.44648764 -0.07976995 0.43136492 0.45443484 -0.63599503 0.52493125 0.59869027 0.26497397 0.39412156 0.60968745 -0.31652182
0.63096541 0.23138413 -0.39085221 0.46937177 0.20429848 -0.91702724 0.61906934 0.33844897 -0.28755939 0.40104851 0.34103769 -0.92105961 0.63895607 0.45707986 -0.39382187 0.36055294 0.44659439 -0.94447219 0.4265728 0.33851472 0.18716505 0.31778678 0.332636 -0.18684696 0.54209602 0.44533771 -0.08395451 0.4321411 0.45606843 -0.64302695 0.52470016 0.59896743 0.25941071 0.39497015 0.60990745 -0.32908982
0.63131082 0.2288508 -0.38617286 0.47102323 0.2022453 -0.9051401 0.61917716 0.33735049 -0.27674863 0.40118054 0.33850563 -0.904127 0.63752109 0.4542394 -0.38724104 0.35872653 0.44046488 -0.92836672 0.42737424 0.33729589 0.18866397 0.31994733 0.33244896 -0.18834977 0.54269004 0.44529617 -0.07528838 0.43396875 0.45517594 -0.65303481 0.52428025 0.59917355 0.26459906 0.39506918 0.60984284 -0.33594194
0.63189197 0.22480029 -0.38845739 0.47252965 0.19899586 -0.90574789 0.6196171 0.33518708 -0.27547809 0.40418687 0.32936034 -0.89635116 0.63625866 0.45070314 -0.37938392 0.35872036 0.42895833 -0.92017001 0.4282189 0.33431527 0.18759236 0.3208856 0.32931423 -0.18727866 0.54160225 0.44623691 -0.05724262 0.4341265 0.45668739 -0.60823929 0.52381921 0.60045844 0.26185736 0.39557597 0.60977787 -0.33125892
0.63270664 0.22331595 -0.34755528 0.47232881 0.1945747 -0.86499882 0.61979109 0.33089408 -0.23560697 0.40479994 0.32013568 -0.84564805 0.63443834 0.44527915 -0.35501647 0.36020261 0.41733044 -0.86216277 0.42898151 0.33446917 0.18731844 0.32101768 0.33049184 -0.18695931 0.53956443 0.4438512 -0.07346196 0.43438718 0.45127693 -0.6347242 0.52351105 0.60073799 0.22868136 0.39571968 0.60993618 -0.42191389
0.63340199 0.22083306 -0.34777328 0.47204676 0.19197169 -0.86365855 0.62053275 0.32907245 -0.24074548 0.40388128 0.31978458 -0.84739351 0.63226354 0.44297165 -0.36312008 0.36022857 0.41705754 -0.86193717 0.43010947 0.33331871 0.18639928 0.32101989 0.33030742 -0.18604705 0.53982532 0.44309005 -0.10668354 0.43476075 0.44802493 -0.68142372 0.52359706 0.60116416 0.20132212 0.39507148 0.60989034 -0.41496298
0.63305336 0.21647128 -0.35115489 0.47181851 0.18759999 -0.87643588 0.62115306 0.32657757 -0.24784425 0.40151474 0.31686667 -0.86216718 0.63155019 0.44226155 -0.3756341 0.35958973 0.41367194 -0.87376332 0.42992041 0.33269852 0.18710412 0.32144356 0.33003703 -0.18681213 0.5390994 0.44274902 -0.11174233 0.44298854 0.44809911 -0.67520338 0.52366948 0.60201436 0.19785838 0.39735439 0.60974973 -0.4035238 
0.63217962 0.21193193 -0.33054215 0.47188982 0.18063214 -0.83803195 0.62163138 0.32249168 -0.24550055 0.39844966 0.30967918 -0.84083694 0.63045204 0.43678242 -0.37706119 0.35829929 0.40601605 -0.86800188 0.42983472 0.33287191 0.18679492 0.3232941 0.32811877 -0.18648076 0.53526711 0.44097313 -0.1138849 0.44426662 0.44756573 -0.66983104 0.52369481 0.60266972 0.15721242 0.39946929 0.60897845 -0.41936481
0.63030624 0.20551442 -0.31578919 0.47175637 0.17683962 -0.82596737 0.62156636 0.31625423 -0.22463475 0.39585069 0.30537659 -0.82641506 0.62825376 0.42925403 -0.35210812 0.35717177 0.40053001 -0.85076553 0.42949373 0.33190298 0.18653835 0.32467252 0.32555065 -0.1862583 0.52565342 0.44100893 -0.03608189 0.45103699 0.44852227 -0.60298061 0.52371693 0.6028043 0.23768003 0.4044511 0.60729676 -0.40965405
0.62683427 0.20020442 -0.29761499 0.47168684 0.17229415 -0.80664998 0.62032282 0.31168807 -0.21159513 0.39381966 0.30221945 -0.81314456 0.62726957 0.42620948 -0.33265853 0.35709116 0.39901385 -0.83964837 0.4290989 0.33095461 0.18651681 0.32688984 0.32406199 -0.18627192 0.5203079 0.44129685 -0.01688871 0.45367992 0.44626018 -0.59683651 0.52418572 0.60280818 0.24100608 0.40476689 0.60455644 -0.40414914
0.6228621 0.19259557 -0.28783962 0.47157803 0.16746865 -0.79759872 0.61895245 0.30250004 -0.19988117 0.39237818 0.29604039 -0.80633545 0.62652969 0.41698024 -0.31530529 0.35680416 0.39260036 -0.82766813 0.42904139 0.32747921 0.1864654 0.32772839 0.32039934 -0.18625094 0.5223965 0.44122684 -0.05244684 0.45356676 0.44451302 -0.59500945 0.52659869 0.60244083 0.17853379 0.40610349 0.60304147 -0.4001734 
0.62116653 0.1875498 -0.29102421 0.47111282 0.16323413 -0.79255307 0.61832809 0.29906544 -0.20558619 0.38999188 0.29251856 -0.80778092 0.62592846 0.41384766 -0.32369503 0.35685897 0.38886645 -0.83292806 0.42983058 0.32553464 0.18637364 0.3287175 0.31866199 -0.18619797 0.52230722 0.44118851 -0.04255337 0.44711766 0.43444693 -0.59736508 0.52584386 0.6022101 0.18390368 0.40797329 0.60298526 -0.40568811
0.62026411 0.18308684 -0.3000057 0.46882239 0.15816037 -0.80291879 0.61808127 0.29580563 -0.21203731 0.38750103 0.28840515 -0.81469977 0.62538832 0.40986082 -0.32872012 0.35657802 0.39088964 -0.83870417 0.43076077 0.3219319 0.18470827 0.32857057 0.31502232 -0.18462956 0.52140689 0.44117987 -0.04569844 0.44282863 0.43170527 -0.59851176 0.525832 0.60220301 0.1830295 0.40710524 0.60312206 -0.40282163
0.61918586 0.17929204 -0.30366859 0.46674213 0.15412848 -0.80179536 0.61783683 0.29279345 -0.21594036 0.38631028 0.28405458 -0.8175652 0.62488955 0.40349185 -0.33064029 0.35758439 0.38662994 -0.84129322 0.4355163 0.31935298 0.18128335 0.32948184 0.31304505 -0.18124002 0.5214842 0.4406552 -0.05421839 0.43989748 0.43034065 -0.60138017 0.52581012 0.60122138 0.1529174 0.40452322 0.60302585 -0.40874025
0.61922425 0.17807569 -0.29881635 0.46218494 0.14891998 -0.78648871 0.6178208 0.29431084 -0.22204746 0.38213855 0.27852538 -0.81599557 0.62494874 0.40341419 -0.34619442 0.35759497 0.38333377 -0.84337533 0.43998346 0.31909603 0.17898898 0.32958138 0.31242463 -0.17890939 0.52171195 0.43738154 -0.10790343 0.43193984 0.4260982 -0.65968484 0.52350342 0.599433 0.11173783 0.40251604 0.60240614 -0.44103307
0.6180439 0.17583969 -0.29600495 0.4579607 0.14326718 -0.77922207 0.61763692 0.29211161 -0.22179782 0.37990803 0.27615437 -0.80544639 0.62505341 0.39844829 -0.33845878 0.35698771 0.38320753 -0.82949692 0.44492871 0.31978422 0.17539753 0.3306047 0.31216606 -0.17532529 0.52211934 0.43716219 -0.05090606 0.42855659 0.42640555 -0.65316826 0.52250898 0.5984084 0.22409007 0.40177727 0.60248196 -0.43286195
0.61623818 0.17276201 -0.29879293 0.45347479 0.13981846 -0.787368 0.617181 0.28818783 -0.2240413 0.37661347 0.27173731 -0.80622697 0.62511063 0.39371294 -0.34862268 0.35646135 0.38092998 -0.8381483 0.44596043 0.32055542 0.17554107 0.33328941 0.31275707 -0.1754512 0.51745766 0.43725094 -0.01959283 0.42459196 0.42629352 -0.64743835 0.51511246 0.59801292 0.25237218 0.40079015 0.60157603 -0.38678163
0.61304319 0.16587383 -0.29772714 0.45128161 0.1365204 -0.78949744 0.61577421 0.28321171 -0.22155833 0.37592995 0.2680231 -0.80922842 0.62453824 0.38974515 -0.34540549 0.35596222 0.3765167 -0.83930498 0.44911444 0.31989688 0.17567264 0.33968621 0.31160036 -0.17557395 0.51822627 0.43735692 0.04212154 0.42515051 0.4261831 -0.63460463 0.51380372 0.59832954 0.30182013 0.39907774 0.60209382 -0.41010547
0.61308044 0.1632667 -0.30820882 0.44545698 0.13320222 -0.791556 0.61423475 0.28145376 -0.22922109 0.37534454 0.26483056 -0.80982792 0.62389153 0.38504794 -0.36163533 0.35352057 0.37388295 -0.84683716 0.45344463 0.32015648 0.17487647 0.34231257 0.31099302 -0.17483555 0.51857442 0.43829784 0.07804267 0.42552605 0.42635784 -0.63168067 0.51433736 0.59835207 0.37810904 0.39742723 0.60128897 -0.39049798
0.61252701 0.1604988 -0.31604311 0.43732056 0.13094512 -0.79966497 0.61294895 0.28075603 -0.22997564 0.37348095 0.26448482 -0.81743586 0.62135053 0.38152084 -0.36026731 0.35278884 0.3721332 -0.85762513 0.45864719 0.31725401 0.17360374 0.34535739 0.30869678 -0.17359866 0.51958269 0.43648264 0.03800777 0.42469847 0.42675889 -0.64411646 0.51552421 0.59825546 0.33516011 0.39713967 0.60135341 -0.39855519
0.60923505 0.15441345 -0.29970497 0.43610966 0.12816353 -0.79901403 0.61003691 0.27502874 -0.20067777 0.37208205 0.26079601 -0.81753945 0.61878502 0.3761431 -0.32107902 0.34932414 0.36773443 -0.85744393 0.46530595 0.31601301 0.17372335 0.3525275 0.30897099 -0.1737171 0.52366996 0.43655193 0.0892764 0.42516169 0.42718476 -0.64342207 0.51787078 0.59686893 0.42867836 0.4011099 0.60139209 -0.39854315
0.60255986 0.15065737 -0.300749 0.43502247 0.12421097 -0.80246639 0.60394448 0.27389082 -0.19620506 0.37259552 0.2516247 -0.82073325 0.61672479 0.37583256 -0.31439549 0.34773889 0.36209172 -0.86609381 0.4685193 0.31655973 0.17382398 0.36148357 0.30944031 -0.17381871 0.52290916 0.44321117 0.19433577 0.42134801 0.43503952 -0.5199616 0.51710951 0.59695476 0.54406857 0.40441936 0.60135633 -0.28637788
0.59481442 0.14519273 -0.29307765 0.43358552 0.11775896 -0.74837667 0.59877062 0.26485726 -0.15244704 0.37053326 0.24188489 -0.72757822 0.6125012 0.36646932 -0.21699515 0.34398982 0.3564615 -0.75662929 0.47141945 0.31615713 0.16285394 0.36944824 0.3095738 -0.16301002 0.52301264 0.45025212 0.21851403 0.41533938 0.44578171 -0.29207304 0.51669914 0.59750056 0.52026391 0.40235028 0.60183436 -0.08560841
0.5900892 0.13990752 -0.25233078 0.43234751 0.11396597 -0.69061226 0.59685868 0.26130158 -0.09217866 0.36978698 0.23711655 -0.66910517 0.61207503 0.36353165 -0.14746362 0.34100524 0.35014248 -0.70003873 0.47478151 0.31457102 0.15817165 0.37529412 0.30899665 -0.15841691 0.5230642 0.45310554 0.18474539 0.41345757 0.44951007 -0.21803652 0.51651126 0.59813988 0.45954844 0.40174624 0.60187078 -0.0067048 
0.58357888 0.13327724 -0.20140021 0.4329567 0.10829652 -0.67078954 0.59181881 0.25172022 -0.04876066 0.36938998 0.23143692 -0.65985477 0.61100215 0.36069196 -0.11612345 0.33946127 0.34630987 -0.68965632 0.47641131 0.3131277 0.15953907 0.38224775 0.30781507 -0.15976252 0.52165413 0.45430365 0.16728002 0.41303939 0.44804901 -0.15601678 0.51289892 0.60063261 0.37881359 0.40199226 0.60074794 0.07825609
0.5816614 0.12995936 -0.21639216 0.42727387 0.10449532 -0.65747535 0.59045148 0.25091204 -0.06436702 0.36772168 0.22752555 -0.64285111 0.6108411 0.35965195 -0.13628963 0.33604261 0.34215668 -0.677845 0.48679239 0.31198439 0.1515418 0.38816753 0.30680946 -0.15187897 0.52297544 0.45741007 0.19127214 0.41080523 0.44799513 -0.07130213 0.51440144 0.60167891 0.42850932 0.40026203 0.60031807 0.21467167
0.57535756 0.12442565 -0.1575875 0.42030647 0.09869312 -0.62788081 0.58819735 0.24665117 0.02069618 0.36710289 0.22073722 -0.61412555 0.60906523 0.35144606 -0.02279862 0.33485773 0.33266878 -0.63531911 0.4909825 0.30963668 0.15326719 0.39487669 0.30472577 -0.15357596 0.52293336 0.45744139 0.21433054 0.41127467 0.44756889 -0.06944784 0.5145334 0.60262758 0.43056667 0.39972404 0.60010701 0.18646143
0.56642956 0.1191946 -0.10925114 0.41542548 0.0927386 -0.60960943 0.58299255 0.2412425 0.08798642 0.36677852 0.21610229 -0.59063315 0.6091814 0.34267652 0.07324485 0.33344284 0.32780066 -0.59659702 0.49453053 0.30660051 0.15460216 0.39548546 0.30112332 -0.15486269 0.52010685 0.45619205 0.18376485 0.41143882 0.44689855 -0.10397518 0.51542222 0.6030159 0.36922687 0.3999345 0.59986699 0.12559734
0.56788898 0.12208188 -0.0968292 0.40505689 0.09390416 -0.51545417 0.58296812 0.2400344 0.08562914 0.36238122 0.2150162 -0.50071579 0.6094929 0.33893162 0.04179053 0.33249551 0.32438239 -0.53381902 0.50202119 0.30731595 0.14943559 0.3982119 0.30127302 -0.1498435 0.51972437 0.45875052 0.16490407 0.41166595 0.44811484 -0.11333723 0.51597011 0.60416907 0.32592446 0.40095955 0.59994018 0.11670351
0.56087822 0.11832681 -0.00264373 0.39546737 0.08916469 -0.44181806 0.57884181 0.23158354 0.19393274 0.36023778 0.20975126 -0.42816859 0.60901672 0.32977095 0.16943462 0.33270717 0.32199639 -0.44492128 0.50567955 0.30690253 0.14465788 0.40086716 0.30078855 -0.14506449 0.51952249 0.45839956 0.16018572 0.41222915 0.44794619 -0.105223 0.51603591 0.60408819 0.30668527 0.40173265 0.59979975 0.12368205
0.5538817 0.11592861 0.0159355 0.38877022 0.08538076 -0.35613769 0.57579118 0.22897916 0.19880489 0.35824728 0.20653735 -0.3385489 0.60886151 0.32754168 0.19625898 0.33308783 0.32003206 -0.3538886 0.50893784 0.30403581 0.130869 0.40452802 0.29800454 -0.13132849 0.51954067 0.45779863 0.11113966 0.41047364 0.44754967 -0.10917997 0.51513946 0.6040228 0.19643198 0.40166262 0.59953851 0.06711163
0.53766406 0.11277955 0.12341427 0.38120127 0.08307382 -0.31976166 0.56828803 0.22512722 0.30020362 0.35494116 0.20368239 -0.33759579 0.60783428 0.32384679 0.27854326 0.3333106 0.31545395 -0.37025967 0.50891721 0.3022078 0.13432686 0.40414393 0.29590565 -0.13469912 0.52049839 0.45738369 0.11277051 0.40961251 0.44776252 -0.14458141 0.51519161 0.60402668 0.24369422 0.39834043 0.59953016 0.04425646
0.52405727 0.11042085 0.16372834 0.37007681 0.08301184 -0.32236588 0.56390649 0.22244798 0.33596218 0.35012004 0.2023015 -0.35857627 0.60792524 0.32195848 0.28823137 0.33577082 0.31154937 -0.39858437 0.50911063 0.30009773 0.14218833 0.40634581 0.29332998 -0.14268735 0.52036577 0.45704481 0.116843 0.40949425 0.44749016 -0.16251674 0.51718962 0.60515964 0.25739455 0.39825413 0.60055798 0.03718754
0.51644975 0.11067826 0.14468549 0.3578153 0.08335432 -0.32772201 0.56178826 0.22373666 0.30203712 0.34680742 0.20078133 -0.37811977 0.60806125 0.32250127 0.24651709 0.33602113 0.30492514 -0.43470868 0.51022613 0.29922333 0.14311258 0.40650755 0.29261461 -0.14363635 0.51877946 0.4551951 0.12342392 0.40934217 0.44422406 -0.16729595 0.51762909 0.60531181 0.26184258 0.39823714 0.60275227 0.0193437 
0.50809234 0.11160503 0.10954736 0.35059729 0.08546785 -0.37380522 0.55666244 0.22442029 0.26291519 0.34536013 0.20107859 -0.41871944 0.60811889 0.32237846 0.21530975 0.33765548 0.30645382 -0.46678072 0.50900626 0.29843697 0.14781053 0.40626085 0.29250661 -0.14831042 0.51017874 0.45049575 0.13419899 0.40950504 0.44405237 -0.17358203 0.51559085 0.60528916 0.26633325 0.39877337 0.60488164 -0.00881852
0.50266331 0.1125288 0.17023708 0.33958629 0.08682149 -0.29902649 0.55551922 0.22202323 0.3163662 0.34048387 0.19599716 -0.36492676 0.60816187 0.31665754 0.26704016 0.33782831 0.29536775 -0.44013566 0.50858271 0.29546049 0.14794065 0.40578499 0.28999159 -0.14843875 0.50830537 0.4490889 0.13671099 0.40966859 0.44281766 -0.1772016 0.5146988 0.60404605 0.24668248 0.40042216 0.60501748 -0.04022664
0.49899721 0.1135699 0.2265899 0.32881084 0.08924039 -0.17594665 0.55505288 0.22112356 0.36744416 0.33725229 0.19263257 -0.24159902 0.60893673 0.31440294 0.3396287 0.3383157 0.28897947 -0.3321324 0.50836653 0.29361609 0.14318842 0.40504551 0.28901502 -0.14361644 0.50870895 0.44730014 0.11207654 0.40946427 0.44274664 -0.17667292 0.51519185 0.60480249 0.1585758 0.40169746 0.60598409 -0.08751345
0.49041873 0.11372446 0.21728864 0.32221493 0.09362185 -0.16802676 0.55374593 0.22014304 0.36559373 0.33344713 0.19278698 -0.23668191 0.60966831 0.31057265 0.34529293 0.33863735 0.28739259 -0.33958405 0.50805968 0.29312897 0.14177254 0.40452817 0.28930876 -0.14220665 0.50888014 0.44709393 0.10885795 0.40950462 0.44274729 -0.17330112 0.51695752 0.60478783 0.15493053 0.40206623 0.60516912 -0.09261545
0.47836637 0.11474435 0.26713085 0.3163197 0.09614035 -0.15480313 0.54921561 0.21831724 0.41673142 0.32796916 0.19259843 -0.22134364 0.61004966 0.30684981 0.39756659 0.33917338 0.28918803 -0.31409591 0.50733876 0.29142913 0.14220621 0.40435377 0.28876209 -0.14258611 0.50900251 0.44615442 0.10226074 0.40830839 0.44237459 -0.17553963 0.52059424 0.60491192 0.13915995 0.40059119 0.60523033 -0.10857841
0.4704015 0.11550136 0.23073329 0.30704194 0.09851396 -0.19112436 0.54627734 0.21762115 0.38706169 0.32686454 0.1938435 -0.27146122 0.61101097 0.30645809 0.36869943 0.34084862 0.28822294 -0.3238346 0.50683022 0.28808358 0.1423384 0.4037953 0.28598443 -0.1427027 0.50912827 0.44625381 0.1024661 0.40451366 0.440348 -0.18765843 0.52257568 0.60564548 0.15412937 0.39716396 0.6052258 -0.10889455
0.46596688 0.11676993 0.25778881 0.30291504 0.09961466 -0.14991434 0.54436296 0.21785936 0.39796823 0.32156211 0.19415008 -0.24557066 0.61103058 0.30793655 0.37042034 0.34099746 0.28784111 -0.36590686 0.50465363 0.28426763 0.14209993 0.40366691 0.28168774 -0.14241794 0.50895524 0.44357732 0.08303259 0.40089303 0.4384338 -0.19416213 0.52275801 0.60553414 0.12209597 0.39628837 0.60519761 -0.11958693
0.46145725 0.11767163 0.33369252 0.29908285 0.10065801 -0.11370409 0.53846991 0.21718611 0.45666891 0.31807899 0.19485062 -0.24258666 0.60980833 0.30676875 0.40136692 0.34101659 0.28722632 -0.37189263 0.50221419 0.28129986 0.14840619 0.40345931 0.27872342 -0.14869374 0.50277519 0.44359449 0.07193251 0.40109435 0.43793076 -0.22393839 0.52268225 0.60565931 0.11286996 0.39633763 0.60518336 -0.14754353
0.46108928 0.12123975 0.31835461 0.29497391 0.10242978 -0.11680215 0.53534853 0.21909037 0.43213034 0.31716004 0.19527796 -0.2423428 0.60908335 0.30822715 0.37438944 0.34114167 0.28771126 -0.38497502 0.5008263 0.28290921 0.14894712 0.40330133 0.28004545 -0.14921598 0.49972281 0.44472697 0.06820066 0.40105972 0.43918359 -0.22171256 0.52263385 0.60642254 0.10952332 0.39637229 0.60458809 -0.13426329
0.45981455 0.12394325 0.29105598 0.28932905 0.10466306 -0.16130927 0.53144336 0.22169133 0.41117975 0.31531143 0.19649164 -0.24421537 0.6052289 0.30874649 0.35389984 0.34205037 0.28852263 -0.4257324 0.49921677 0.28389901 0.1540834 0.40317261 0.28045675 -0.15437146 0.49930364 0.44647267 0.07387374 0.40120873 0.44217506 -0.22532722 0.52257752 0.60641056 0.12949589 0.3980251 0.60526103 -0.12818892
0.46215242 0.12752858 0.29573637 0.28972077 0.1082308 -0.16398433 0.53084344 0.22607268 0.41066295 0.31638044 0.19957143 -0.26973873 0.60275412 0.30929419 0.35111329 0.34410712 0.28934202 -0.47108725 0.49973947 0.28412336 0.15814754 0.40384403 0.28059435 -0.15847062 0.49901071 0.44867328 0.07374974 0.40105724 0.44327262 -0.23174317 0.52168494 0.60646451 0.13687149 0.39826113 0.60537428 -0.12950325
0.46496743 0.13169509 0.27873528 0.29333737 0.11238268 -0.17524937 0.53236622 0.2310998 0.39257872 0.31685862 0.20480666 -0.28914335 0.60226989 0.31083289 0.3017292 0.34752816 0.29543689 -0.48633379 0.50097817 0.28701544 0.15826614 0.40430424 0.28152701 -0.15860379 0.49863842 0.45144093 0.07194716 0.40100789 0.44385716 -0.23248932 0.51990169 0.606736 0.14209644 0.3982724 0.60637099 -0.12445898
0.46693808 0.13369568 0.26812294 0.29620886 0.1150462 -0.17696317 0.5326401 0.23360568 0.38988042 0.31751323 0.21036842 -0.29119951 0.60052121 0.31100306 0.29109317 0.34991303 0.30297005 -0.48697317 0.50170207 0.28787881 0.15888855 0.40616041 0.28171045 -0.15925059 0.49723941 0.45198491 0.05392482 0.40115383 0.44385087 -0.24121103 0.51755297 0.6068337 0.13966124 0.39859331 0.60679805 -0.1300962 
0.46715367 0.13403895 0.31202316 0.29786992 0.11625855 -0.16414793 0.53065991 0.23398042 0.43893915 0.31780928 0.21402733 -0.29143089 0.59860051 0.31104964 0.35875803 0.35105366 0.30801913 -0.47653136 0.50244325 0.28806084 0.16535342 0.40964136 0.28191787 -0.16572846 0.49714741 0.45212299 0.04333694 0.40378657 0.44381621 -0.25854471 0.51601338 0.60695273 0.12693615 0.39926565 0.607023 -0.15804249
0.46801379 0.13469569 0.2529389 0.29883763 0.11803193 -0.18872738 0.5308851 0.23398867 0.39394295 0.31938523 0.21682172 -0.29459852 0.59732145 0.31123278 0.29003495 0.35259679 0.31089857 -0.47605109 0.50493896 0.28937587 0.16485727 0.41126412 0.28300536 -0.16521823 0.49758103 0.4526495 0.04348743 0.40369669 0.44383153 -0.25319779 0.51596487 0.60707951 0.13183244 0.39931047 0.60753399 -0.14678216
0.46822575 0.13571648 0.26192024 0.30083174 0.12005789 -0.18551427 0.53084338 0.23446636 0.39650744 0.32144785 0.21805789 -0.29453802 0.59518367 0.31135681 0.29509842 0.35356581 0.31161827 -0.47494298 0.50796211 0.29049608 0.16477586 0.41434413 0.283829 -0.16512924 0.49774328 0.45317391 0.04073058 0.40399131 0.44390637 -0.25820372 0.51586765 0.60719305 0.13370652 0.3995201 0.60759413 -0.14794584
0.46853903 0.13650866 0.27620476 0.3023847 0.12106605 -0.17737037 0.53119189 0.23418076 0.40894979 0.3220751 0.21762466 -0.29204229 0.59496617 0.31114033 0.29996401 0.3547309 0.31138623 -0.47388455 0.50950754 0.29091504 0.16540504 0.4163886 0.28410003 -0.16575958 0.49788904 0.45322043 0.04236311 0.40431646 0.44389299 -0.26187491 0.51587325 0.60710967 0.13449143 0.4008112 0.60747367 -0.14868312
0.46868405 0.13692877 0.28740087 0.30310369 0.1211935 -0.16984822 0.53143173 0.23413746 0.41939026 0.32226709 0.21735786 -0.29010823 0.59494388 0.31110305 0.32170784 0.35567579 0.31136405 -0.47199687 0.51030487 0.29133222 0.1658572 0.41730228 0.28418353 -0.16621801 0.49809724 0.45319983 0.04554525 0.40429124 0.44388613 -0.25959077 0.51630872 0.60693097 0.13477798 0.4014954 0.60745364 -0.14722711
0.46932781 0.13756759 0.30219236 0.30426326 0.12147291 -0.1497824 0.53156734 0.23435338 0.43148953 0.32236367 0.21713343 -0.27245602 0.5951131 0.31085724 0.33795241 0.35616493 0.31115252 -0.45541629 0.51087469 0.2920841 0.16579984 0.41762546 0.28454503 -0.16615848 0.49857172 0.45327917 0.04741446 0.40299976 0.44397891 -0.25716874 0.51661736 0.60692978 0.14457782 0.40142468 0.60740465 -0.14076892
0.47082263 0.13871904 0.31138507 0.30611384 0.12199225 -0.14414026 0.53206861 0.23482299 0.43719816 0.3224282 0.21677294 -0.26905498 0.5955106 0.31078303 0.34424031 0.35671315 0.31083795 -0.45280352 0.51145661 0.29282969 0.16618834 0.41779819 0.28488913 -0.16654447 0.49865943 0.45358449 0.04857841 0.401586 0.44412985 -0.25572562 0.51665562 0.60710549 0.14286578 0.40150297 0.60747284 -0.14050573
0.47202003 0.13972293 0.31082347 0.30760261 0.12219834 -0.15065563 0.53280389 0.23559348 0.43451899 0.32254648 0.21650854 -0.27912751 0.5969671 0.31118193 0.34086862 0.35699886 0.31059286 -0.4740912 0.51161367 0.29360023 0.16845538 0.41774502 0.28550112 -0.16881675 0.49877635 0.45381743 0.0511524 0.40119696 0.44416812 -0.2566061 0.51671755 0.60718209 0.14468284 0.40157163 0.60747236 -0.14166318
0.47303298 0.14030032 0.3128266 0.30944365 0.1227387 -0.1529402 0.53302926 0.23609318 0.43502787 0.32303864 0.2167311 -0.28015867 0.5972231 0.31142747 0.33787563 0.35731262 0.31041321 -0.47482407 0.51198053 0.29371557 0.17015707 0.41814533 0.28558525 -0.1705008 0.4994351 0.45403048 0.05127906 0.40118524 0.4441734 -0.26097852 0.51672542 0.60725749 0.1450828 0.40164849 0.60753328 -0.14538549
0.47460288 0.14089125 0.3559716 0.31295991 0.12300511 -0.11715078 0.53352648 0.23673724 0.47486487 0.32470748 0.21676967 -0.25635797 0.5973829 0.31165525 0.37106392 0.35733485 0.3103331 -0.4652859 0.51267838 0.29370204 0.17211963 0.41930333 0.28558618 -0.1724578 0.49951896 0.45401615 0.05082218 0.40186208 0.44415453 -0.26376426 0.51668537 0.60726094 0.14000891 0.40172705 0.60753608 -0.15944807
0.47707656 0.14112931 0.36337784 0.31543607 0.12299274 -0.10762378 0.53518128 0.23761044 0.48030785 0.32588404 0.21667263 -0.24655598 0.59740555 0.3121013 0.37936127 0.3572987 0.31025413 -0.44992581 0.51394588 0.29370448 0.1726113 0.42105395 0.28560397 -0.17295073 0.49958169 0.45397982 0.05082001 0.40246728 0.44415408 -0.26257992 0.51662153 0.60726166 0.13600117 0.40175179 0.60753453 -0.15947825
0.47906798 0.14121559 0.38188857 0.31760979 0.12308107 -0.10013674 0.53588444 0.23776408 0.50044662 0.326125 0.21662654 -0.24591793 0.59746087 0.31219897 0.40112102 0.3569245 0.31019598 -0.4501251 0.5146066 0.29361442 0.1741509 0.42264909 0.28545937 -0.17449665 0.4996452 0.45366871 0.05087139 0.40320539 0.44396883 -0.26284003 0.51661444 0.60724133 0.13069996 0.40209103 0.60753191 -0.16632107
0.48153976 0.14127582 0.43217295 0.32050091 0.12314547 -0.06131938 0.53726852 0.23787405 0.54702079 0.32616898 0.21610254 -0.22843511 0.59751415 0.31233296 0.44303933 0.35622185 0.31007937 -0.44993889 0.51523244 0.29302514 0.17538309 0.42442471 0.284679 -0.17572273 0.4997884 0.45326111 0.04310916 0.40470341 0.44338274 -0.26688963 0.51658177 0.6072377 0.0992615 0.40276363 0.60739398 -0.19046086
0.4842419 0.14122495 0.44432303 0.32179016 0.12309083 -0.0411922 0.53839648 0.23784646 0.55607581 0.32619774 0.21560679 -0.20797342 0.59748775 0.31244427 0.45018527 0.35552058 0.30958638 -0.43877888 0.51570159 0.29226342 0.1753393 0.42485109 0.28354639 -0.17567766 0.49984798 0.4523614 0.03989406 0.40563342 0.44245782 -0.267748 0.51623172 0.60724169 0.07323282 0.40401348 0.60678208 -0.20381102
0.48515624 0.14124939 0.44628319 0.32329687 0.12293848 -0.03539212 0.53840148 0.23784843 0.55735749 0.32623073 0.21490721 -0.20388035 0.59735858 0.31258771 0.46561831 0.35430974 0.309019 -0.42800131 0.5161351 0.29176426 0.17528038 0.42511985 0.28285959 -0.17562167 0.49987605 0.45213673 0.04084252 0.40612477 0.44222531 -0.26277283 0.51623571 0.60723418 0.07699449 0.40439066 0.60615295 -0.19459465
0.48618418 0.14132552 0.44261593 0.32439443 0.12291412 -0.02784872 0.53876185 0.2379472 0.55257559 0.32625705 0.21474041 -0.19871667 0.59749985 0.31294402 0.4609291 0.35339794 0.30879524 -0.42637178 0.51632249 0.29173404 0.1742813 0.42501706 0.28253329 -0.17462082 0.4998928 0.4520444 0.04125343 0.40614855 0.44195431 -0.25850365 0.51611388 0.60723907 0.07283904 0.40483946 0.60566044 -0.1893367 
0.48674911 0.14134829 0.47221237 0.32517478 0.12288357 0.00185034 0.53891402 0.23798551 0.57862115 0.32617414 0.21465696 -0.17891254 0.59759569 0.31295893 0.4820742 0.35218376 0.30818364 -0.41535559 0.51653564 0.29116145 0.1732384 0.42492846 0.28143016 -0.17357701 0.49993107 0.45176715 0.04033421 0.40613538 0.44152182 -0.2572965 0.51610833 0.60722286 0.06769928 0.4051944 0.6052807 -0.19170626
0.48693666 0.14138828 0.45360702 0.32600558 0.12279119 -0.02598728 0.53897488 0.23809522 0.56701714 0.32620087 0.21444982 -0.19405252 0.59772867 0.31316587 0.47396046 0.35103312 0.30755335 -0.4191511 0.51653433 0.29084426 0.17332706 0.42486256 0.28089982 -0.17366104 0.49995303 0.45151252 0.03621032 0.40602502 0.44138548 -0.25993073 0.51617914 0.60730374 0.0613156 0.40560979 0.6051715 -0.19882938
0.48722985 0.14164534 0.43331507 0.32665345 0.12275319 -0.06574869 0.5389812 0.23855594 0.55469537 0.3262226 0.21437076 -0.22639129 0.59780937 0.31402275 0.46268314 0.34964025 0.30717617 -0.43707618 0.51646394 0.29084867 0.1733416 0.4247674 0.28097615 -0.17367435 0.50002742 0.45146236 0.03674584 0.40565675 0.44138464 -0.25948349 0.51629204 0.60733861 0.06795768 0.40578067 0.60514539 -0.19584656
0.4873006 0.14195783 0.43757385 0.32670069 0.12272108 -0.06479681 0.53897738 0.23898865 0.55905193 0.32619643 0.21431836 -0.22841971 0.59806317 0.31453308 0.46576568 0.34778482 0.30687559 -0.44971767 0.51645285 0.29081571 0.17396945 0.42472851 0.28099126 -0.17429365 0.50040567 0.45140368 0.03250277 0.40520281 0.44132563 -0.26358929 0.5164271 0.60737127 0.06608905 0.40581188 0.60511184 -0.19792692
0.48739731 0.14239697 0.43590569 0.32694373 0.12262052 -0.0673529 0.53902417 0.23944555 0.55626112 0.32598153 0.21337281 -0.23903161 0.59882617 0.31531402 0.46603543 0.34543994 0.30477917 -0.46257231 0.51644361 0.29081789 0.17409296 0.42469701 0.28098553 -0.17441644 0.50075692 0.45141628 0.03283226 0.40497848 0.44132641 -0.26340815 0.51643407 0.60743201 0.06609971 0.40616637 0.60507077 -0.19680059
0.48778483 0.14277275 0.4420296 0.32740435 0.12255608 -0.06465355 0.53942162 0.23999117 0.56086922 0.32595342 0.21265377 -0.238381 0.60065597 0.31634372 0.47579712 0.34394881 0.30301607 -0.46375465 0.5163914 0.29083201 0.17462532 0.42443267 0.28097627 -0.17495503 0.50109309 0.4514944 0.03479163 0.40389213 0.4413617 -0.26336187 0.51642632 0.60740471 0.06872302 0.40544367 0.60505891 -0.19562981
0.48819336 0.14298972 0.44075245 0.32754931 0.12225183 -0.06063471 0.53978437 0.24045077 0.55835593 0.32595932 0.21171613 -0.23807774 0.60216498 0.3169964 0.47508562 0.34196457 0.30125365 -0.46235201 0.51621395 0.29084158 0.17450076 0.42371619 0.28092232 -0.17483149 0.50110912 0.45149389 0.03633315 0.40271276 0.44135988 -0.26080105 0.51640731 0.60736698 0.06940288 0.40513423 0.60505837 -0.19504452
0.48837468 0.14319967 0.43897244 0.32752723 0.12211725 -0.06489465 0.54008418 0.2411157 0.55654621 0.32596391 0.21159165 -0.24695937 0.60384804 0.31796902 0.47140014 0.34105104 0.30116889 -0.48191053 0.51591575 0.29103935 0.17515557 0.42260873 0.28095338 -0.17549014 0.50108731 0.4515065 0.03650193 0.4011533 0.44136098 -0.2624703 0.51643133 0.607328 0.07047796 0.40381724 0.60515171 -0.19512327
0.48872358 0.14342074 0.41398132 0.32724643 0.12191865 -0.08124556 0.54066843 0.24204949 0.52934784 0.32577664 0.21138339 -0.26118132 0.60667062 0.31963384 0.44052386 0.34016722 0.30127767 -0.50301623 0.51500905 0.29186583 0.17518209 0.42002547 0.28131485 -0.17551754 0.50094098 0.45160851 0.0378185 0.39914688 0.44138071 -0.26306322 0.51643592 0.60727245 0.08052011 0.40194491 0.60517639 -0.18885691
0.48959652 0.14341719 0.32681447 0.32564044 0.12152285 -0.14357083 0.54171044 0.24259308 0.43689141 0.32521841 0.21145338 -0.29863277 0.60954314 0.32169822 0.31821418 0.33971393 0.30186653 -0.53033048 0.5142172 0.29373968 0.1749388 0.41662341 0.28311715 -0.17527154 0.50071424 0.45184252 0.04336752 0.39741084 0.4414078 -0.26301914 0.51645106 0.60727179 0.10849635 0.39904249 0.60527956 -0.16299365
0.49057826 0.14339441 0.28925869 0.32480177 0.1196562 -0.18179233 0.54203677 0.2425905 0.39667872 0.32498139 0.21107033 -0.33222795 0.61085457 0.32267231 0.28492975 0.33937478 0.30209747 -0.54929841 0.51377004 0.29471982 0.17488959 0.41474438 0.28375098 -0.17522243 0.50071096 0.45210877 0.06097717 0.39666533 0.44147772 -0.25636792 0.51625961 0.60729474 0.12358683 0.39664739 0.6054756 -0.15109414
0.49203756 0.14339145 0.20887989 0.32436079 0.11867595 -0.2442458 0.54353833 0.24283725 0.33102474 0.32501012 0.21105765 -0.36717981 0.61370492 0.32445753 0.23778328 0.33912539 0.30278113 -0.55210805 0.51359463 0.29697472 0.17373534 0.41321358 0.28682363 -0.17410621 0.50101972 0.45405143 0.1031829 0.3957479 0.44248173 -0.23535334 0.51618338 0.60732186 0.17182468 0.39565632 0.60567093 -0.12075719
0.49391332 0.14339717 0.2200404 0.32412753 0.11806355 -0.23253547 0.54558915 0.24310835 0.34143731 0.32521299 0.21094076 -0.35511568 0.61606115 0.32631871 0.24635611 0.33820269 0.3028056 -0.54291624 0.51308757 0.2970359 0.17150161 0.41156811 0.28727973 -0.17190792 0.5014894 0.45404121 0.09384036 0.39562961 0.44264835 -0.23137034 0.51615709 0.60734463 0.15502395 0.39572528 0.60592467 -0.12179947
0.49646956 0.14313926 0.20989589 0.32397276 0.11738943 -0.23687114 0.54761714 0.24323849 0.33104628 0.32523254 0.21071903 -0.35290554 0.61757439 0.32703629 0.24294688 0.33653656 0.30273658 -0.53322804 0.51285487 0.29716089 0.16896066 0.41086829 0.28765589 -0.16943021 0.50215787 0.45401451 0.09039871 0.39597014 0.44264653 -0.22483739 0.51585722 0.60738623 0.14400071 0.39579138 0.60610646 -0.12512852
0.49888825 0.14247666 0.1804436 0.32405499 0.11437128 -0.27021447 0.54911125 0.24326769 0.31085733 0.32523453 0.20946626 -0.37201652 0.61914307 0.32806885 0.22219396 0.33543894 0.30263922 -0.54503423 0.51244843 0.29712433 0.16897461 0.41005793 0.28755534 -0.16944735 0.50283748 0.45384443 0.10492488 0.39614499 0.4425115 -0.22837749 0.515863 0.60737729 0.16076644 0.39555985 0.60638279 -0.13145705
0.50007993 0.13993138 0.22003563 0.32466459 0.10792255 -0.24572183 0.55024314 0.24245022 0.33535904 0.32526124 0.20522018 -0.35439056 0.62069923 0.32772541 0.24625084 0.33394945 0.30042604 -0.48198333 0.51116234 0.29546553 0.16892602 0.40999088 0.2866362 -0.169395 0.50293535 0.45345142 0.10653584 0.39797059 0.44250926 -0.22714402 0.51587933 0.60702676 0.15533125 0.39553887 0.60643232 -0.13419923
0.5028193 0.13533156 0.21962643 0.32611281 0.10335819 -0.25119859 0.551624 0.23858134 0.32732269 0.32517523 0.20192401 -0.34989667 0.6225419 0.32689902 0.22968446 0.33320642 0.29947904 -0.43626478 0.50918782 0.29410437 0.16895495 0.40888837 0.28628737 -0.16942236 0.50551444 0.45335013 0.11759558 0.3995617 0.44345278 -0.22308318 0.51598489 0.60674149 0.17371842 0.39563528 0.60646898 -0.13188556
0.50628573 0.13224092 0.2210311 0.33270451 0.09746604 -0.25537938 0.55628389 0.23686405 0.3473255 0.32523379 0.1983542 -0.3458674 0.62373763 0.32622474 0.25176978 0.33258766 0.29710278 -0.42607525 0.50727528 0.29303443 0.17381598 0.40870371 0.284655 -0.17421979 0.50557846 0.45332634 0.11420621 0.40216193 0.44345149 -0.22680268 0.51123285 0.60646176 0.18810725 0.39572674 0.60647315 -0.13130406
0.51109576 0.12680253 0.26284808 0.33960387 0.0865509 -0.24821907 0.55866659 0.23254967 0.38339338 0.32558885 0.19171381 -0.32327208 0.62393314 0.32308447 0.28303066 0.33200157 0.2927528 -0.4045701 0.50669122 0.28713292 0.17608252 0.40832046 0.27647778 -0.17648306 0.51142269 0.45135257 0.06994324 0.40833798 0.44120252 -0.25157773 0.51023304 0.60629028 0.17540704 0.39583632 0.60652107 -0.13232453
0.52024245 0.12312596 0.27249232 0.35078451 0.08267501 -0.24130839 0.56439769 0.22993296 0.39386684 0.32895955 0.18900916 -0.31049126 0.62451404 0.32102722 0.29822645 0.33159059 0.2906889 -0.40993309 0.50677931 0.2864292 0.1776076 0.40797439 0.27472395 -0.17800102 0.52047664 0.45123789 0.09180273 0.40909711 0.44074965 -0.25159001 0.51028609 0.60599834 0.17673969 0.39596027 0.60728353 -0.15648751
0.52895051 0.11947516 0.22956978 0.36300734 0.08069272 -0.27489853 0.56635928 0.22968301 0.35549319 0.33198038 0.18733077 -0.31285688 0.62646025 0.32085857 0.28238767 0.33133361 0.29084644 -0.40103516 0.50677806 0.28672263 0.17478436 0.40765023 0.27544338 -0.17510621 0.52552146 0.45112699 0.11896929 0.41332564 0.4407357 -0.22442079 0.51187599 0.60578483 0.19068949 0.39545983 0.60719806 -0.13602282
0.53463262 0.11504669 0.20286146 0.37031004 0.07812131 -0.30445504 0.56844485 0.22774056 0.32229406 0.33695355 0.18812858 -0.34660757 0.62782502 0.32092032 0.22751102 0.33127272 0.29130605 -0.41453606 0.50598347 0.28679356 0.17401092 0.40686405 0.27834076 -0.17429285 0.52774429 0.4513711 0.1405704 0.4131138 0.44171956 -0.20912507 0.51349545 0.60540855 0.23182556 0.39447874 0.60732388 -0.10742079
0.54000682 0.11422131 0.19555598 0.37803245 0.077018 -0.32148519 0.56972218 0.22785333 0.31929457 0.34221858 0.18933518 -0.3659783 0.62781012 0.32258213 0.23535609 0.33113012 0.29307207 -0.42048526 0.50551254 0.28806704 0.17352073 0.40696126 0.28129673 -0.1737711 0.52636409 0.45137855 0.14383812 0.41348109 0.44220391 -0.1982241 0.51023966 0.60514885 0.24327362 0.39463726 0.60730541 -0.08165552
0.54971266 0.11545097 0.15155923 0.38363644 0.07916061 -0.32563168 0.57464099 0.22837219 0.27028957 0.34535602 0.19019778 -0.36865881 0.62765867 0.32589942 0.19388968 0.33110952 0.29676345 -0.43021876 0.50456369 0.29104394 0.16697161 0.40691742 0.28560123 -0.16718265 0.52613884 0.45207396 0.14138278 0.41454229 0.44378451 -0.1819517 0.51010942 0.60485226 0.24770415 0.39823633 0.60734564 -0.04940383
0.56063342 0.11593963 0.07290003 0.38800833 0.08080491 -0.39674187 0.57898462 0.22861108 0.19418 0.34709477 0.19215168 -0.43882176 0.62802339 0.32880327 0.09960345 0.33071688 0.30193815 -0.50781679 0.50458533 0.29302418 0.16513121 0.40693566 0.28813952 -0.16535963 0.52591068 0.45257327 0.14087474 0.41429031 0.44409701 -0.18371432 0.51016778 0.60476941 0.26799583 0.40163746 0.6076225 -0.02704994
0.56864673 0.11649501 0.01686668 0.39612994 0.08168993 -0.50679088 0.58193213 0.22913869 0.15138343 0.35129625 0.19715331 -0.55148816 0.62935477 0.33459112 0.04605029 0.33054316 0.30924189 -0.60900784 0.5017246 0.29757664 0.16806161 0.40701911 0.29282466 -0.16830648 0.52571249 0.45313692 0.16047662 0.4149226 0.44542849 -0.1339328 0.50600863 0.60482615 0.33745652 0.40669468 0.6077683 0.12693301
0.57591689 0.11706016 -0.01416352 0.40330812 0.08175486 -0.50400883 0.58561409 0.23281384 0.12008753 0.35328457 0.20412228 -0.53051138 0.62973624 0.33900946 0.0306129 0.33051839 0.32034999 -0.5903458 0.49561226 0.29851714 0.16759448 0.40705353 0.29359534 -0.16787063 0.51052886 0.45202705 0.16432525 0.41888255 0.44546381 -0.14038946 0.48466107 0.60508698 0.34382099 0.4118447 0.6078499 0.07271432
0.58059144 0.12205589 -0.11762512 0.41100368 0.08539757 -0.59889364 0.59043068 0.24264051 0.03133263 0.35537031 0.21128382 -0.61357975 0.63018233 0.35205883 -0.03942747 0.33024427 0.33126336 -0.64666235 0.48978835 0.30320978 0.1638217 0.40269715 0.29694054 -0.16411619 0.51169991 0.4520947 0.18721618 0.41614684 0.44568905 -0.09142844 0.48820502 0.60509002 0.38851833 0.4072631 0.6082325 0.16526259
0.5870015 0.12507193 -0.19840822 0.41314441 0.09122321 -0.65313995 0.59710449 0.24752136 -0.04717017 0.35546485 0.21668239 -0.66628587 0.63214463 0.35816115 -0.13270161 0.3290495 0.33728936 -0.70727652 0.48991212 0.31030801 0.15819898 0.39752272 0.30307829 -0.15852997 0.52027929 0.45229629 0.26789066 0.41317475 0.44745731 -0.0184484 0.50336432 0.6050936 0.52764839 0.39945966 0.60759169 0.28768927
0.58777559 0.13121773 -0.20140055 0.41656503 0.09680819 -0.65657359 0.59940284 0.25203243 -0.04695219 0.35700107 0.2199652 -0.65528208 0.63241494 0.35922137 -0.11981173 0.32897347 0.33862337 -0.68028748 0.48997226 0.3142055 0.15409666 0.39289409 0.30591461 -0.15438184 0.52515489 0.45352033 0.27383882 0.40975744 0.45004091 -0.0142158 0.50670707 0.6050837 0.53698623 0.39622191 0.60695082 0.28285944
0.59465843 0.1359064 -0.2239147 0.41785145 0.10051464 -0.64591843 0.60361391 0.25793511 -0.06714156 0.35774508 0.22410437 -0.64660764 0.63233602 0.36239755 -0.1325061 0.32875744 0.34629551 -0.67783058 0.49046224 0.32014385 0.14238027 0.39247715 0.31144473 -0.14267769 0.52812141 0.45796627 0.3144986 0.40775847 0.45183322 0.08968838 0.50682104 0.60501677 0.60494822 0.39477351 0.60641801 0.44757226
0.5984152 0.14007024 -0.25771895 0.41855776 0.10600173 -0.71379954 0.60791481 0.26704177 -0.10711213 0.35968757 0.23117873 -0.70197701 0.63340569 0.37185809 -0.17963369 0.32854098 0.35322377 -0.71387136 0.49064037 0.32188669 0.14427574 0.39223593 0.31295604 -0.14456961 0.52841115 0.45853409 0.31376719 0.40722862 0.45199606 0.05296609 0.50682557 0.60509384 0.62365109 0.39533344 0.60627633 0.40022996
0.6018151 0.14692327 -0.25924054 0.41793823 0.11452246 -0.71436888 0.6099596 0.2722151 -0.11609419 0.36162704 0.23784585 -0.69972289 0.63451421 0.37817064 -0.19663163 0.32807598 0.35606375 -0.71493155 0.48841456 0.32453719 0.14582849 0.38467747 0.31545475 -0.14612737 0.53020602 0.45959038 0.28464881 0.4037815 0.45322844 0.0093204 0.50684041 0.60519063 0.56204891 0.39539525 0.60624921 0.32599235
0.60709113 0.15325688 -0.29438516 0.42098001 0.11810099 -0.72454327 0.61233956 0.27531812 -0.15312317 0.36404228 0.24311242 -0.71176428 0.63504732 0.38084286 -0.23485325 0.32796055 0.36136749 -0.72569561 0.48871166 0.32668412 0.14405192 0.38369256 0.31805652 -0.14442948 0.53010559 0.46137822 0.28316715 0.40163246 0.45316648 0.01818979 0.5068239 0.60512966 0.56194103 0.39988515 0.6059227 0.34270668
0.61381423 0.16243224 -0.31117845 0.42386353 0.12511328 -0.70851535 0.61508965 0.2810244 -0.17879498 0.36720085 0.24932365 -0.6896351 0.63553351 0.3851462 -0.23982307 0.32815167 0.36694929 -0.69759429 0.48830867 0.3259947 0.13507657 0.37717924 0.31676599 -0.13549246 0.53042114 0.45875898 0.14863428 0.40180343 0.45245552 -0.08983386 0.5110268 0.60500598 0.35557365 0.40013236 0.60457152 0.18023418
0.61858428 0.16889048 -0.30975193 0.43108594 0.13045739 -0.74421585 0.61711287 0.2865442 -0.20625682 0.37223801 0.25492328 -0.75098366 0.63705933 0.39137459 -0.31158534 0.33167967 0.37131616 -0.77683109 0.48284748 0.32497236 0.13944325 0.36875522 0.31582558 -0.13990197 0.53013819 0.45382041 -0.0259249 0.40530398 0.44757545 -0.35770458 0.51096237 0.60518813 0.11365838 0.40132207 0.60453039 -0.17485167
0.62402248 0.1760629 -0.36868128 0.43767238 0.13899684 -0.76255262 0.61965454 0.29328686 -0.26019007 0.37433845 0.26335585 -0.75912368 0.63915437 0.39997998 -0.3758094 0.33610672 0.37549841 -0.7950775 0.48235157 0.32428902 0.13865158 0.36851919 0.31533968 -0.13902143 0.52817875 0.45047769 -0.1215397 0.41049811 0.44163185 -0.4950842 0.51201618 0.60543501 0.07184222 0.40208811 0.60276705 -0.21897823
0.62804449 0.18590043 -0.34637311 0.44349635 0.14880386 -0.73907852 0.62217057 0.29835269 -0.25393856 0.37741932 0.27236888 -0.74491376 0.63982511 0.40156201 -0.41335461 0.34229371 0.38412362 -0.79234242 0.47458687 0.32828799 0.13941352 0.36612028 0.32114473 -0.13982315 0.528947 0.44278422 -0.21129963 0.41809052 0.44028232 -0.60750854 0.51420975 0.6052261 0.0150926 0.40211827 0.60280424 -0.31918484
0.63218403 0.19975917 -0.37522656 0.4437857 0.16496941 -0.75395954 0.62609738 0.31491295 -0.28732482 0.37715805 0.28835046 -0.76460838 0.64230502 0.41790861 -0.44994545 0.34722978 0.39291668 -0.8144322 0.46898308 0.33366042 0.13916381 0.35876021 0.32729909 -0.13947044 0.53017706 0.44019711 -0.27886537 0.41741988 0.43922418 -0.69220132 0.51620984 0.60532016 0.00354264 0.40236378 0.60315025 -0.35003355
0.63363039 0.21170735 -0.44744244 0.44353724 0.18107912 -0.85084766 0.62978894 0.32877904 -0.36297101 0.37870824 0.30343735 -0.88129103 0.64450043 0.42998379 -0.53172684 0.35025293 0.40687519 -0.94915229 0.46142778 0.33619407 0.14137526 0.35040122 0.32766303 -0.14160936 0.53132707 0.4419114 -0.26583457 0.40721601 0.43959847 -0.71670151 0.51807874 0.60532242 0.03243802 0.40084487 0.60320854 -0.37921375
0.63724864 0.22975482 -0.58615524 0.44256014 0.20095085 -0.95559514 0.63528025 0.34364909 -0.50785768 0.38299209 0.32318813 -1.00476635 0.64538246 0.44937822 -0.68821514 0.35380596 0.42467701 -1.11098456 0.45924407 0.33894238 0.14009479 0.34159514 0.32807973 -0.14028208 0.53287989 0.44264862 -0.40971875 0.39505658 0.44740731 -0.75267178 0.51864272 0.60501575 -0.05924765 0.40052319 0.6049391 -0.36053818
0.63557047 0.25095052 -0.51456743 0.44132435 0.22103296 -0.87705135 0.63693017 0.36864156 -0.45500696 0.38908076 0.35084146 -0.90885341 0.64577103 0.46843576 -0.60817826 0.36054474 0.45162904 -0.97876567 0.4559024 0.34737968 0.1348484 0.33733204 0.33661634 -0.13495378 0.53373325 0.44856331 -0.42745948 0.38399479 0.46336135 -0.75905031 0.51846671 0.60501009 -0.04192274 0.39950815 0.60530782 -0.33433717
0.63505405 0.26895809 -0.55855632 0.44053623 0.24767795 -0.91288358 0.63735878 0.3877587 -0.50049937 0.38824743 0.38318816 -0.93832654 0.64771092 0.48693725 -0.61978292 0.36318597 0.48767537 -0.99052304 0.45382455 0.35972464 0.13285097 0.33572584 0.35001907 -0.13280289 0.53912479 0.45062748 -0.41547602 0.40185246 0.46233362 -0.75917083 0.51716626 0.60483551 -0.03731633 0.39904714 0.60601687 -0.31349432
0.63702667 0.28889352 -0.60443711 0.44075069 0.26785463 -0.91762316 0.63869637 0.40545115 -0.57397622 0.38800138 0.39365512 -0.96615916 0.64778006 0.50170225 -0.67809784 0.36306626 0.51036268 -1.02492011 0.4550336 0.36877248 0.12169311 0.3384144 0.35878232 -0.12153143 0.54083514 0.444933 -0.45030102 0.40992811 0.46077463 -0.7691862 0.51741797 0.60116905 -0.05948395 0.39371759 0.59368885 -0.28687572
0.63987404 0.30176958 -0.60907853 0.44156411 0.28035626 -0.90905267 0.64597255 0.41070983 -0.59036332 0.39000723 0.39721307 -0.97352803 0.6567471 0.50785148 -0.74132586 0.36205277 0.51071209 -1.06042051 0.45556724 0.3750599 0.11144899 0.34026 0.37028939 -0.11117607 0.54650027 0.44423157 -0.46654075 0.42836896 0.45878538 -0.78417206 0.51820725 0.60021275 -0.10102023 0.39528286 0.5891543 -0.28459513
0.63907015 0.30279911 -0.6405437 0.44532678 0.27687165 -0.97815573 0.65811849 0.40719637 -0.6009059 0.38612247 0.39780343 -1.04814661 0.65958166 0.50114977 -0.78599036 0.35772794 0.50690877 -1.16055143 0.45497686 0.37171128 0.11550964 0.33951676 0.36398914 -0.11530839 0.5594694 0.44258222 -0.44271171 0.44490373 0.4581686 -0.76356393 0.51803547 0.60021383 -0.09923746 0.39663202 0.59784627 -0.29342672
0.6386956 0.29955119 -0.64227676 0.44475555 0.2689361 -1.00144637 0.65324938 0.40804672 -0.61527109 0.37717468 0.39171997 -1.08956611 0.65830231 0.49815425 -0.81319964 0.34887037 0.50225103 -1.21037447 0.45159152 0.37151578 0.11656209 0.33470139 0.36163965 -0.11659378 0.56339782 0.44279772 -0.43517187 0.43855041 0.45874184 -0.76064271 0.518507 0.59926766 -0.08222169 0.39670613 0.60158533 -0.30181262
0.63812673 0.29047588 -0.65914416 0.44371778 0.2591545 -1.00150764 0.64493543 0.40256351 -0.63380975 0.37757221 0.38487309 -1.06844831 0.65363353 0.50225049 -0.82062668 0.3489272 0.5053364 -1.1927259 0.45166889 0.3687143 0.11777043 0.3329961 0.35802445 -0.11789601 0.56109107 0.44301695 -0.42048416 0.43556514 0.46008 -0.75663131 0.51658589 0.59940219 -0.0707613 0.39394167 0.60235208 -0.28794459
0.6376844 0.28524762 -0.63610506 0.4425765 0.2520881 -0.98074061 0.63757986 0.40203172 -0.62212485 0.38660491 0.37564847 -1.03586996 0.64572448 0.50535899 -0.8053692 0.36739925 0.49338624 -1.14693904 0.45002583 0.36662543 0.1204435 0.32981637 0.35338339 -0.12007479 0.55874032 0.4407109 -0.49426174 0.41790798 0.43651792 -0.8533994 0.51707333 0.59798652 -0.13855758 0.38884589 0.59241569 -0.43360513
0.63737482 0.27958059 -0.60700238 0.44079453 0.25027153 -0.95457017 0.63333565 0.39699611 -0.598984 0.39812604 0.37176132 -1.00945544 0.63888389 0.50165403 -0.78149444 0.38017824 0.4877997 -1.12428474 0.44277278 0.36409113 0.12194734 0.32175058 0.34915325 -0.1212633 0.55806071 0.43696785 -0.50862372 0.40769348 0.43181762 -0.87134057 0.5185321 0.59732586 -0.14365152 0.38841712 0.59037268 -0.41618234
0.63552636 0.26618859 -0.59497815 0.43936622 0.23610528 -0.96016788 0.63054311 0.38709947 -0.57098663 0.40583673 0.36389449 -1.00341594 0.6304819 0.49596018 -0.74572057 0.38813406 0.46613953 -1.10760081 0.43744037 0.35429505 0.13231897 0.31793362 0.33998838 -0.1315167 0.55787498 0.43780765 -0.45430365 0.40841329 0.43643358 -0.81575733 0.52009052 0.59740353 -0.10244437 0.38993296 0.59136075 -0.38133466
0.63331765 0.24349512 -0.62722713 0.43667191 0.21256159 -0.99538147 0.62652636 0.36379564 -0.56940687 0.40725192 0.34065643 -0.99931425 0.62358433 0.48235807 -0.69934791 0.39002723 0.45153055 -1.06450927 0.43903667 0.33937517 0.13285771 0.31961238 0.326206 -0.13214415 0.55258447 0.43851215 -0.30453351 0.39507222 0.44432732 -0.66719228 0.52066833 0.59736562 0.06380269 0.39016321 0.59211463 -0.25155213
0.63261384 0.22687152 -0.64294052 0.43543264 0.19017115 -1.01592588 0.62332082 0.34681347 -0.58674884 0.40571645 0.3130984 -1.00770044 0.60876536 0.46468952 -0.74490356 0.38684973 0.41473243 -1.06512511 0.44008547 0.333855 0.13615213 0.3215217 0.31967068 -0.13571154 0.5515877 0.44739547 -0.22813514 0.39579585 0.4509297 -0.62826127 0.52068359 0.59750575 0.18892568 0.39040694 0.59291905 -0.19135505
0.63251019 0.2071898 -0.57418633 0.42757219 0.17208096 -0.96073121 0.6191138 0.32363358 -0.55612177 0.40280882 0.29723591 -1.00468206 0.59557903 0.4365485 -0.74540693 0.38436896 0.39882481 -1.07681012 0.44031879 0.32939866 0.14056961 0.32254732 0.3148455 -0.1402481 0.55391234 0.44987297 -0.32459223 0.40941504 0.4442127 -0.77721411 0.51940835 0.59613127 0.08382165 0.390062 0.59127897 -0.33789474
0.63220108 0.1892352 -0.49965623 0.41703534 0.15448245 -0.84762013 0.61343259 0.30656427 -0.44218507 0.39145327 0.28389281 -0.84939468 0.58566648 0.40773267 -0.62111086 0.38419446 0.38786703 -0.90986454 0.44171995 0.32455572 0.14021142 0.32286459 0.30820635 -0.14000876 0.55375361 0.44965068 -0.24796481 0.40257642 0.4403843 -0.68398631 0.51939684 0.59622842 0.09067566 0.39010289 0.59792036 -0.35690343
0.63098854 0.17213964 -0.44454637 0.4112426 0.13782473 -0.77781433 0.60537589 0.29317915 -0.38217455 0.38455099 0.26863661 -0.76675278 0.57150245 0.38725919 -0.55005258 0.37707755 0.3803468 -0.81633019 0.4494015 0.31649607 0.13703115 0.3274518 0.30253211 -0.13701436 0.55364609 0.44851258 -0.1838288 0.40158436 0.43608764 -0.71784365 0.51860297 0.59639418 0.16660503 0.38913584 0.59869474 -0.42883584
0.62875319 0.15499438 -0.39766881 0.40239647 0.12453497 -0.76062942 0.59718537 0.27495131 -0.30675554 0.37440953 0.26059169 -0.74530035 0.56300914 0.37512714 -0.44826424 0.35239366 0.37669906 -0.78386968 0.45552531 0.31132069 0.13625737 0.33303416 0.30003884 -0.13634777 0.55063003 0.44470468 -0.18858705 0.40204069 0.43427402 -0.71888798 0.52252388 0.59650803 0.20274115 0.38893563 0.59902447 -0.38140672
0.62508959 0.13887218 -0.42183459 0.39383784 0.10998446 -0.76262671 0.58841747 0.26130539 -0.29749724 0.3586525 0.23912308 -0.73658079 0.55840433 0.36557117 -0.44558895 0.32986999 0.3653644 -0.81529158 0.46365213 0.30459127 0.13495909 0.34008414 0.29351407 -0.13525403 0.54487771 0.44351295 0.03294139 0.39491254 0.43499163 -0.5527969 0.52248204 0.59568429 0.46885318 0.3867771 0.59688926 -0.25519043
0.61810988 0.12374428 -0.349502 0.38501006 0.09635194 -0.66143525 0.58276659 0.24606426 -0.1932852 0.34225851 0.22660062 -0.59849513 0.55602157 0.3435607 -0.2995027 0.31411147 0.35493648 -0.63009918 0.47338977 0.30471766 0.12658224 0.34996876 0.29436499 -0.12706441 0.53932452 0.44493377 0.17313606 0.39054033 0.43828318 -0.37645659 0.52241254 0.59579569 0.59586459 0.38522577 0.59904498 -0.08654685
