0.78246188 0.46223798 -0.30058971 0.61687988 0.43550065 -0.91142762 0.7301982 0.5831883 -0.19062862 0.54279286 0.57965958 -0.91349006 0.7217896 0.68392366 -0.27111647 0.52418113 0.70729095 -0.88196898 0.54385215 0.55107188 0.19783121 0.45169014 0.54309708 -0.1975076 0.69975853 0.61970729 -0.25018051 0.60843343 0.61062855 -0.76318151 0.61321449 0.77972037 -0.01604222 0.50443691 0.78159219 -0.32841963
0.78290617 0.46970704 -0.30411777 0.61763042 0.43685573 -0.93503726 0.73160827 0.58941585 -0.20613837 0.53229618 0.57742316 -0.94057089 0.72181559 0.68632036 -0.30193108 0.5088436 0.70751375 -0.90858448 0.54380929 0.55059755 0.20040813 0.44196105 0.54272097 -0.20023905 0.70872486 0.61396569 -0.22282469 0.61599499 0.59862226 -0.72678632 0.60829628 0.76733345 -0.00140337 0.51330131 0.76918781 -0.3199212 
0.78435105 0.47234046 -0.29044244 0.61958396 0.4376744 -0.90894765 0.73371327 0.58776021 -0.16936626 0.53271848 0.57894474 -0.89897335 0.72586191 0.68236578 -0.25157443 0.5105601 0.71205801 -0.85544151 0.54429114 0.54808861 0.19917001 0.44108075 0.54223508 -0.19892886 0.70603031 0.61627525 -0.14182971 0.59645587 0.61429268 -0.65246236 0.61144745 0.76064759 0.09639946 0.51876736 0.77248967 -0.27088657
0.78607088 0.47418112 -0.29252955 0.62350023 0.43665722 -0.87804657 0.73349828 0.58758432 -0.17916849 0.53401947 0.58061427 -0.86757064 0.72560388 0.6793986 -0.26039982 0.50848216 0.71048552 -0.8172856 0.54845452 0.54545331 0.19544147 0.4441483 0.54130709 -0.19517836 0.70722944 0.61376327 -0.09795262 0.60868317 0.60467637 -0.63104361 0.62553942 0.75386721 0.13615325 0.52584475 0.77265453 -0.25641611
0.78628385 0.4727343 -0.25498676 0.62338954 0.43970993 -0.88936895 0.73367268 0.58930761 -0.1409453 0.53307676 0.58596414 -0.86508763 0.72491831 0.68295884 -0.22188516 0.51115447 0.71149075 -0.81206721 0.54901791 0.54444182 0.20181134 0.44271496 0.5411253 -0.2016647 0.71119362 0.61027116 -0.10218715 0.61777729 0.60577244 -0.63947457 0.63653344 0.75453293 0.0928774 0.5182668 0.77375615 -0.27982891
0.78731084 0.47340187 -0.31647158 0.62281549 0.43905059 -0.93179357 0.73518693 0.58724207 -0.20154351 0.53265053 0.58148843 -0.91209817 0.72536361 0.68127728 -0.29364738 0.51326489 0.70744675 -0.87625408 0.55138636 0.5435819 0.20536244 0.44215894 0.54106182 -0.20519176 0.71458077 0.60931659 -0.07806664 0.61757165 0.60676062 -0.69442707 0.643556 0.75016665 0.10053744 0.51846272 0.77413291 -0.31350371
0.78806531 0.47201958 -0.3046973 0.62257224 0.43934602 -0.91682279 0.73666281 0.58538026 -0.18037783 0.53114736 0.58437371 -0.89034092 0.72543788 0.68040919 -0.25799564 0.51444435 0.70706004 -0.84365666 0.55431455 0.5421682 0.20556836 0.44261387 0.54093909 -0.2052878 0.71460462 0.61145961 -0.05421365 0.61763841 0.60413033 -0.72982115 0.64806634 0.75252515 0.14683957 0.52276248 0.77454537 -0.37832779
0.78826976 0.47063571 -0.3017233 0.6225403 0.43989542 -0.90526754 0.73765647 0.58536923 -0.16103974 0.53297496 0.58564073 -0.8859759 0.72601974 0.6805349 -0.22624207 0.51923996 0.70482332 -0.81162173 0.55589128 0.54127377 0.20260961 0.4425137 0.54030418 -0.20222582 0.71598715 0.60990685 0.03027749 0.61661226 0.60149455 -0.68532068 0.64950711 0.74985164 0.28172493 0.53117472 0.77740318 -0.34340954
0.78822583 0.47041729 -0.27173048 0.62431192 0.44035962 -0.89678615 0.73755831 0.58862126 -0.14334258 0.5338192 0.58729446 -0.88399667 0.72603279 0.68282908 -0.21714902 0.51850343 0.70511693 -0.80259997 0.55517387 0.54123288 0.20382589 0.4409475 0.54020077 -0.20351551 0.71497661 0.60992998 0.02123785 0.61958003 0.60146159 -0.6686613 0.63964909 0.75151211 0.27733618 0.52863151 0.77791536 -0.31899041
0.78819156 0.46932819 -0.25118259 0.62471789 0.44048211 -0.87706566 0.73758829 0.58885783 -0.13524213 0.53388894 0.58821291 -0.83021939 0.72558039 0.68404239 -0.18253827 0.51759899 0.70518231 -0.7479257 0.55412549 0.5414297 0.20404249 0.44036621 0.540169 -0.20365576 0.71393734 0.61080831 0.05008999 0.62086773 0.60480499 -0.64207679 0.63711089 0.75190634 0.26331276 0.52584213 0.77839977 -0.27846554
0.78809303 0.46935728 -0.24010496 0.62567824 0.44155774 -0.8220126 0.73781103 0.5878101 -0.11268041 0.53520536 0.58765972 -0.77472442 0.7255218 0.68324745 -0.14061455 0.51806682 0.70509017 -0.68799317 0.55409074 0.541596 0.20208016 0.44074869 0.54035419 -0.20172122 0.71302462 0.6093837 0.14118892 0.62087369 0.60541594 -0.56956208 0.63591981 0.75128216 0.34894568 0.52857226 0.7806738 -0.23311165
0.78806663 0.46938834 -0.23445997 0.62606299 0.4420813 -0.82781792 0.73812532 0.58792168 -0.10771021 0.535276 0.58840889 -0.78941381 0.72554189 0.68355012 -0.14627317 0.518987 0.70770139 -0.71309417 0.55405486 0.54150701 0.20118722 0.44076589 0.54032296 -0.20082141 0.71243036 0.60867268 0.12880497 0.62070817 0.60655051 -0.56177241 0.63409477 0.74992251 0.33939147 0.52691805 0.78366941 -0.23466288
0.78808337 0.46973774 -0.25985816 0.62678534 0.44270706 -0.86946118 0.73950428 0.58748317 -0.12174395 0.53437096 0.58924592 -0.83071506 0.72648144 0.68319261 -0.16929781 0.51751304 0.70827073 -0.76306355 0.55401665 0.54147434 0.20196635 0.44084859 0.54014564 -0.20163225 0.71262389 0.60638964 0.16011451 0.61869186 0.60438007 -0.6428299 0.63995433 0.74240243 0.42164096 0.52728879 0.78322625 -0.32537735
0.78798717 0.47069928 -0.25568253 0.62729079 0.44301403 -0.86915749 0.74014771 0.58738047 -0.12256266 0.53373075 0.5895744 -0.83371133 0.72679949 0.68268394 -0.18210793 0.51724571 0.70763808 -0.76750642 0.55351633 0.54152179 0.20233329 0.44077426 0.54013658 -0.20202222 0.71292925 0.60754782 0.14545378 0.61861885 0.60555178 -0.62580293 0.63887107 0.74444801 0.38103461 0.53032225 0.78500456 -0.30421501
0.78792012 0.47083423 -0.25432193 0.62764341 0.44308379 -0.86818886 0.74022573 0.58872753 -0.12455967 0.53355587 0.58924997 -0.8307516 0.72680527 0.68281013 -0.18263981 0.51669425 0.70708311 -0.76361114 0.55246341 0.54131812 0.2026933 0.44003314 0.54010409 -0.2023644 0.7131061 0.60716879 0.14659083 0.61695033 0.60626197 -0.62337291 0.63826197 0.74557692 0.38426846 0.52901697 0.78642964 -0.29837751
0.78792346 0.47122484 -0.2620405 0.62790149 0.44288239 -0.86759549 0.74047482 0.58869386 -0.13113888 0.5336709 0.58885741 -0.83454835 0.72712326 0.68288332 -0.19011313 0.51678401 0.70673758 -0.76903743 0.55252552 0.54143351 0.20225601 0.43997565 0.54008645 -0.2019252 0.71469826 0.6079213 0.12576883 0.61640877 0.60669827 -0.6120826 0.63657498 0.74599993 0.34306914 0.52810109 0.78607124 -0.2628603 
0.78790843 0.47112826 -0.26088417 0.62808502 0.44275776 -0.86928707 0.74058145 0.58850002 -0.12857264 0.53380066 0.58880532 -0.83935767 0.72713107 0.68281043 -0.18879902 0.51746446 0.7065292 -0.77266032 0.5524987 0.5417273 0.20241399 0.44014925 0.54047436 -0.20207708 0.71521109 0.6082567 0.12417532 0.61645472 0.60703117 -0.59694397 0.63555968 0.74640775 0.35107347 0.52793443 0.78566515 -0.23700652
0.78786898 0.47103557 -0.2636863 0.62813663 0.44283962 -0.87295663 0.74055529 0.58835781 -0.13268517 0.53354698 0.5891155 -0.84478152 0.72689342 0.6828292 -0.19383836 0.51750946 0.7063576 -0.77630371 0.55228847 0.54193074 0.20267291 0.4402833 0.5406996 -0.20233539 0.71520692 0.60834223 0.1175768 0.61686039 0.60724431 -0.57583225 0.6348176 0.74712723 0.34968811 0.52711934 0.78566062 -0.21809375
0.78766137 0.47101292 -0.26011243 0.62827075 0.44305781 -0.86877167 0.74049848 0.58825314 -0.13006786 0.5331952 0.58971524 -0.83871311 0.72582126 0.68276918 -0.19045286 0.51750124 0.70642608 -0.76163924 0.55171281 0.5421263 0.20284601 0.44038767 0.54131162 -0.20251381 0.71530104 0.60777897 0.16461368 0.61711115 0.60742074 -0.55370569 0.63566697 0.74736369 0.37875903 0.52658015 0.78649992 -0.20617348
0.78750539 0.4706493 -0.25981057 0.62836927 0.44355637 -0.85752922 0.74047571 0.58817023 -0.12866665 0.53335041 0.58951074 -0.82640308 0.72464663 0.68272859 -0.1791524 0.51724529 0.70610213 -0.74597335 0.55139762 0.54226851 0.20233768 0.44041741 0.54186434 -0.20201921 0.71532816 0.60728562 0.16979431 0.61746877 0.60782808 -0.53946304 0.63517249 0.74762499 0.37717792 0.52684313 0.7855894 -0.18250093
0.78662384 0.4705658 -0.25896996 0.62845308 0.44407445 -0.85089248 0.74026012 0.58821279 -0.12883522 0.53348076 0.58937466 -0.81671351 0.72349304 0.68304569 -0.17940496 0.51699072 0.70524824 -0.73715925 0.55110216 0.5426715 0.20194627 0.44048235 0.54269373 -0.201638 0.71563339 0.60647428 0.1695412 0.61784929 0.60868376 -0.55184335 0.63789797 0.74709892 0.39213246 0.52676994 0.78571773 -0.19666933
0.78504068 0.46945539 -0.25545964 0.62851417 0.44456443 -0.845357 0.73965108 0.58752066 -0.12874809 0.53351462 0.58848399 -0.81249213 0.72193915 0.68252653 -0.1763389 0.51703489 0.70389009 -0.73723829 0.55109245 0.54279506 0.20192707 0.44051442 0.54360461 -0.20161532 0.71559322 0.60638028 0.22377151 0.61786664 0.6111418 -0.55526274 0.63895297 0.74440306 0.47743687 0.5265162 0.78678912 -0.20987003
0.78273505 0.468986 -0.24979463 0.62855953 0.44453636 -0.84564966 0.73353171 0.58674049 -0.12783372 0.53338802 0.58754557 -0.81670856 0.71409225 0.6821655 -0.17864294 0.51636565 0.70358622 -0.74180532 0.54828161 0.54294592 0.2038022 0.44036183 0.54369444 -0.20345947 0.71515054 0.60615337 0.24597391 0.61717063 0.61125386 -0.57902443 0.6411323 0.74466485 0.49073142 0.5263285 0.78712052 -0.26460984
0.78033227 0.46839464 -0.23700178 0.62950975 0.44445989 -0.85291964 0.72604305 0.58662635 -0.11825647 0.53333694 0.5861364 -0.82872498 0.70629627 0.68183273 -0.17351478 0.51614606 0.70230234 -0.74664247 0.54488045 0.54295325 0.206487 0.44022566 0.54374683 -0.20612322 0.71317548 0.60543025 0.22137475 0.61735153 0.61131495 -0.57896918 0.64063257 0.7459709 0.44890767 0.52824783 0.7867741 -0.25754347
0.7788471 0.46537888 -0.23716038 0.62954658 0.4443897 -0.87081856 0.72348559 0.58660483 -0.11203888 0.53330022 0.58592516 -0.8424108 0.70581919 0.68110716 -0.17204706 0.51610357 0.70053989 -0.75873983 0.54285705 0.54267901 0.20771797 0.43988413 0.54370594 -0.20736709 0.71176386 0.60532063 0.20454277 0.61882955 0.61370444 -0.57475191 0.64057165 0.74878877 0.43366364 0.52871764 0.7862578 -0.22707108
0.77764189 0.46496934 -0.23835921 0.62889844 0.44436434 -0.88716912 0.72124606 0.58660024 -0.11177322 0.53279841 0.58605427 -0.85934526 0.70516247 0.68102723 -0.17229819 0.51575834 0.70056635 -0.77247572 0.5424512 0.54262292 0.20924297 0.43953872 0.54367989 -0.2089043 0.71131468 0.60508382 0.19684114 0.62291884 0.61367303 -0.57446647 0.64140642 0.75120622 0.42395866 0.52927941 0.78563541 -0.21963787
0.77613586 0.46363369 -0.26367298 0.62558651 0.44433784 -0.90599895 0.72077382 0.58560413 -0.12910186 0.53123873 0.58601093 -0.88332349 0.70548719 0.68082345 -0.19476464 0.51542872 0.70042139 -0.80343229 0.5423435 0.54240024 0.20919932 0.43914223 0.54351175 -0.2088623 0.71060556 0.60515237 0.18837737 0.62221128 0.61481315 -0.57308871 0.64263129 0.75357997 0.40796095 0.5296734 0.7844643 -0.20806038
0.77578843 0.46137112 -0.28096455 0.62333685 0.44398734 -0.90602559 0.72056186 0.58417517 -0.14480223 0.53111118 0.58579028 -0.88328075 0.70586604 0.67874825 -0.21028295 0.51539218 0.7000522 -0.80832988 0.54227954 0.54219782 0.20893639 0.43880495 0.54278159 -0.20860849 0.70775175 0.60710472 0.17055613 0.62008983 0.61599934 -0.5756129 0.6431703 0.75497246 0.40729612 0.52986407 0.78446555 -0.21205932
0.77519816 0.46046123 -0.28427827 0.62209564 0.44286072 -0.91814965 0.71889007 0.58237231 -0.14578292 0.53071028 0.5851289 -0.89643121 0.70604068 0.6779654 -0.21565588 0.51540565 0.69887966 -0.82511723 0.54193479 0.54208678 0.20980409 0.43848526 0.5423727 -0.20948248 0.70509583 0.60718721 0.18780999 0.61661458 0.61444873 -0.62502152 0.64295137 0.75582165 0.44262484 0.53038329 0.78218013 -0.26734158
0.77496105 0.45958382 -0.29496089 0.61948687 0.44142243 -0.91574901 0.71888167 0.58149922 -0.16391249 0.53031307 0.58513331 -0.8924399 0.70576638 0.67800909 -0.22877273 0.51611018 0.69910586 -0.82110828 0.54200375 0.54203016 0.20922695 0.43829769 0.54153442 -0.20891471 0.70469064 0.60892224 0.13295934 0.61665297 0.61441875 -0.62060153 0.64436048 0.75841302 0.37827379 0.53037244 0.78208518 -0.26316717
0.77309889 0.45552948 -0.3442145 0.61767972 0.4382107 -0.94406497 0.71905851 0.57666236 -0.21192876 0.53033745 0.57895029 -0.92149925 0.70610559 0.6726765 -0.28065977 0.51721352 0.69469929 -0.85493863 0.54195648 0.5399034 0.20525865 0.43704742 0.53815216 -0.20493355 0.70440108 0.61012185 0.10383827 0.61633766 0.61307269 -0.62362266 0.64417398 0.75874585 0.35596827 0.53033614 0.77650011 -0.25847805
0.77149361 0.4508234 -0.31957272 0.61782122 0.43467477 -0.93066025 0.71848917 0.56881428 -0.18690294 0.5303784 0.57182181 -0.90623367 0.70622528 0.66881841 -0.25316137 0.51733261 0.68790364 -0.83649099 0.54115343 0.53779739 0.20565489 0.43584278 0.53623223 -0.20535426 0.70076454 0.61011511 0.11562698 0.6199618 0.61037356 -0.60001916 0.63748831 0.75838339 0.35045934 0.5300898 0.77420193 -0.24155486
0.76825434 0.444745 -0.30835974 0.61716217 0.42981821 -0.9224475 0.71781945 0.56139874 -0.18452765 0.5306071 0.5652656 -0.90011173 0.70675242 0.66485 -0.25528511 0.51733345 0.67848682 -0.84083211 0.53980136 0.53540593 0.2056855 0.43378618 0.53336364 -0.20538525 0.69657379 0.61202598 0.09407037 0.59914112 0.63051063 -0.59961325 0.63763219 0.75832784 0.34117272 0.53005731 0.77487773 -0.25545409
0.76682121 0.43825519 -0.30597398 0.61738509 0.42129996 -0.92055225 0.7173242 0.5484938 -0.17987221 0.53067774 0.55396938 -0.90004021 0.70947325 0.65310866 -0.25190264 0.51658964 0.6699692 -0.84462589 0.5360772 0.53234649 0.20565391 0.4327693 0.52916133 -0.20536347 0.69386494 0.61381787 0.05848833 0.59995884 0.6353038 -0.52979159 0.6222564 0.76215959 0.29903439 0.52961403 0.77525234 -0.20319854
0.7638827 0.4300091 -0.30298406 0.61623877 0.41659752 -0.88961434 0.71693516 0.54185992 -0.16472349 0.53049642 0.55173236 -0.87191141 0.71431112 0.64514613 -0.21675128 0.5163331 0.66749012 -0.81458753 0.53277922 0.52735108 0.20534341 0.43069467 0.52642238 -0.20505334 0.69046897 0.61523241 0.08301572 0.61171001 0.63198167 -0.4320533 0.62180674 0.76299399 0.36115587 0.52663255 0.77558553 -0.09959523
0.75937092 0.42478034 -0.30085486 0.61399359 0.40971047 -0.89040565 0.71703696 0.53786778 -0.14258134 0.53018379 0.54448354 -0.8724032 0.72149724 0.64063233 -0.18346746 0.5155735 0.66275913 -0.81544852 0.53134221 0.52404517 0.2106387 0.42913488 0.52397007 -0.21036485 0.68768674 0.61957437 0.17795241 0.59899241 0.6471647 -0.42327207 0.62135714 0.7629984 0.52307153 0.52232438 0.7814191 -0.11858248
0.75790644 0.41721135 -0.33141333 0.61255759 0.39761859 -0.9573735 0.71701795 0.5311597 -0.18133187 0.52987027 0.53023046 -0.96350652 0.72424012 0.63627124 -0.26484805 0.51543945 0.65715063 -0.93340623 0.52863967 0.51960826 0.21881281 0.42765296 0.51982474 -0.21851392 0.68630904 0.61879629 0.16503407 0.60018575 0.6416142 -0.47723699 0.61644983 0.76269472 0.51107329 0.52247959 0.78112388 -0.14686368
0.75518656 0.40922877 -0.32095391 0.60873646 0.38571498 -0.94526947 0.71645617 0.52302033 -0.17933686 0.52847284 0.51503152 -0.95185059 0.72551322 0.6296072 -0.25224686 0.51435024 0.64170671 -0.91683012 0.52705193 0.51659524 0.21999711 0.42579809 0.51471448 -0.21972188 0.68121612 0.61863047 0.12295838 0.59730083 0.63887012 -0.47889072 0.61718428 0.76265371 0.47188801 0.51495659 0.78010947 -0.15766962
0.75537127 0.40174407 -0.33441672 0.60506487 0.37556988 -0.94494593 0.71564198 0.51579285 -0.19963945 0.52442205 0.49902448 -0.97262853 0.72722602 0.62051857 -0.2851142 0.51268995 0.62343419 -0.95971644 0.52759022 0.51165408 0.21984857 0.4259181 0.50618893 -0.21954523 0.67704892 0.61826408 0.01769905 0.59978539 0.62581158 -0.48211697 0.61205578 0.76302683 0.35871428 0.51319516 0.77895617 -0.19197886
0.75421518 0.38937396 -0.33404666 0.60294449 0.36563271 -0.91132569 0.71457869 0.50147849 -0.19499227 0.52030224 0.48893067 -0.96193838 0.72664702 0.60431653 -0.27632603 0.50955284 0.61416245 -0.91851074 0.52796775 0.50653011 0.21327408 0.42579773 0.50019181 -0.21293102 0.67598593 0.61650366 -0.03927855 0.60052133 0.61636668 -0.56169891 0.60732597 0.76285434 0.29280192 0.51167125 0.77807003 -0.30278221
0.75359863 0.38035345 -0.33345258 0.59978098 0.35618085 -0.94568646 0.7134425 0.49246484 -0.20491633 0.51783538 0.48339272 -1.00329483 0.72686493 0.59581476 -0.31627047 0.50905478 0.61107409 -1.01636672 0.52824521 0.50100172 0.21356285 0.42564556 0.49555239 -0.2132006 0.66995478 0.61431897 -0.08777703 0.60102791 0.61366838 -0.64356506 0.6071021 0.76272792 0.26569235 0.51209694 0.77812028 -0.39196512
0.75081652 0.36831331 -0.36737928 0.59504443 0.34915885 -1.01287961 0.71260512 0.4833957 -0.24098496 0.51589179 0.4757283 -1.08070946 0.7265321 0.59078044 -0.36639357 0.50850731 0.6032601 -1.10535431 0.52828419 0.49305505 0.21735549 0.42554083 0.48800552 -0.21696764 0.65481526 0.61431885 -0.11523706 0.58708304 0.61521244 -0.64926672 0.60587984 0.76318496 0.2593089 0.50927234 0.78073794 -0.35703748
0.74941021 0.36110622 -0.37440795 0.58929604 0.33829194 -1.0635823 0.71140474 0.47309694 -0.25779566 0.51434648 0.46510395 -1.15775299 0.72527611 0.58389419 -0.4336336 0.50664151 0.58993661 -1.21325231 0.5302332 0.48993406 0.22474766 0.42560452 0.48266825 -0.2243564 0.65224153 0.61394602 -0.16666134 0.57847631 0.61499113 -0.70925039 0.60491675 0.76402509 0.20837931 0.50733495 0.78212643 -0.39705679
0.74687243 0.35142753 -0.38285562 0.58518058 0.33009022 -1.08934128 0.71062481 0.46361437 -0.27274713 0.51388812 0.45477521 -1.18967235 0.72510576 0.57581341 -0.46343586 0.50332707 0.57153112 -1.26275241 0.53224862 0.48249775 0.23463331 0.42563245 0.47559422 -0.23418938 0.64543778 0.60862166 -0.18087092 0.56364614 0.61219418 -0.71784824 0.60564739 0.76394808 0.18742055 0.50245792 0.78256887 -0.42869633
0.74198174 0.34316999 -0.3298831 0.5830512 0.32189184 -1.03734076 0.70971459 0.45542955 -0.23171207 0.51433343 0.44718078 -1.10867059 0.72337955 0.56389064 -0.39311296 0.50189 0.55952299 -1.15477467 0.53248078 0.47756433 0.23509832 0.42565301 0.47084323 -0.23466699 0.63530582 0.60505903 -0.14802589 0.55117035 0.60771275 -0.70257628 0.6063503 0.76377171 0.17132765 0.50181413 0.78475451 -0.46017209
0.73658383 0.33720407 -0.2796866 0.57932055 0.31193417 -1.03444088 0.70508957 0.44842702 -0.18687351 0.51191056 0.43577474 -1.0920074 0.72026247 0.55592704 -0.37986198 0.49923581 0.54983598 -1.15873981 0.53273791 0.47488514 0.2355568 0.42622122 0.46701327 -0.23517646 0.62972116 0.59838855 -0.13511793 0.54697448 0.60153925 -0.73922193 0.60679519 0.76103657 0.15957703 0.5005545 0.78456229 -0.55943733
0.7336269 0.3313852 -0.22373736 0.57537806 0.29974404 -0.93137503 0.69979441 0.44155163 -0.11404055 0.51023149 0.42456722 -1.01481378 0.71651644 0.54614043 -0.2983858 0.49859217 0.53971958 -1.10390747 0.53452754 0.47553366 0.23457758 0.42872706 0.46555614 -0.23415107 0.62987673 0.6002261 -0.10779805 0.54188001 0.59995371 -0.70501304 0.60702163 0.762905 0.17037418 0.49774322 0.78443235 -0.55260104
0.72602379 0.32235295 -0.20511234 0.57123494 0.28998691 -0.89341468 0.69319415 0.43218884 -0.0804683 0.50581425 0.41765088 -0.96038163 0.71123022 0.53617787 -0.2359134 0.49757537 0.53160924 -1.01234233 0.5387041 0.47285062 0.23322736 0.43431982 0.46345323 -0.23292503 0.63002336 0.59976417 -0.10689851 0.53177613 0.59936011 -0.69141698 0.60554808 0.76325917 0.16052979 0.49438658 0.78444678 -0.50891781
0.72069538 0.31121668 -0.19546258 0.56930667 0.27690059 -0.8822549 0.68746674 0.42169383 -0.0647188 0.50528067 0.40610865 -0.95006734 0.70802772 0.52383363 -0.21069141 0.49481225 0.52402812 -0.99398011 0.54709905 0.47034153 0.23251817 0.44329712 0.4597801 -0.23226404 0.63755417 0.60247302 0.06130132 0.5291205 0.60122746 -0.59834558 0.60667831 0.76322752 0.34567562 0.49551472 0.78553253 -0.45418507
0.71249354 0.30047691 -0.17288125 0.5647127 0.26709288 -0.87407255 0.68245041 0.41342878 -0.03211142 0.49997282 0.39424959 -0.94694948 0.70545036 0.51793599 -0.17147364 0.48675001 0.51881528 -0.99507606 0.55840731 0.4691942 0.23408642 0.45160687 0.45797789 -0.23393668 0.63471353 0.60278898 0.13077891 0.52430701 0.60232282 -0.5395959 0.61080742 0.76322824 0.42050132 0.49442494 0.78572029 -0.33727756
0.70527744 0.29015806 -0.20482481 0.5552001 0.25952411 -0.85696685 0.6792627 0.40155298 -0.06471539 0.49524915 0.38680506 -0.92579758 0.70084602 0.50557643 -0.20183516 0.48417625 0.50945646 -0.98036575 0.57255065 0.46893418 0.2194009 0.46167153 0.45884719 -0.21944091 0.63433689 0.60241145 0.1412442 0.51953524 0.60420364 -0.55807489 0.61203367 0.75933403 0.46240515 0.49519682 0.78487861 -0.36123541
0.69516003 0.28211352 -0.1965486 0.54839033 0.24835816 -0.78548807 0.67309576 0.3995305 -0.03356217 0.49362046 0.37889034 -0.83422875 0.69890195 0.4967474 -0.12893204 0.47932926 0.49516723 -0.87681085 0.58260244 0.46694133 0.19122691 0.47359082 0.45852163 -0.19132496 0.63436651 0.60251391 0.15364259 0.5197565 0.60760504 -0.57772738 0.61345309 0.75405258 0.45780262 0.49550024 0.78285629 -0.45954353
0.68721801 0.28045538 -0.12682132 0.53853875 0.24521421 -0.68499428 0.66675645 0.39752278 0.05182314 0.49180529 0.37787512 -0.70658803 0.69393331 0.49125421 0.01062607 0.47983438 0.4930959 -0.72032279 0.59544069 0.46725988 0.16416484 0.48657718 0.45967907 -0.16412057 0.63481593 0.60278231 0.15689287 0.52083528 0.61196834 -0.36683083 0.61310053 0.75467867 0.40653744 0.49731478 0.78093803 -0.30740184
0.68649757 0.27294299 -0.06896608 0.5277223 0.23925981 -0.5725283 0.66797894 0.38680664 0.13387729 0.49111035 0.3711035 -0.57060647 0.69085062 0.47741121 0.11958018 0.477119 0.48293525 -0.57106942 0.60488373 0.46491733 0.14314231 0.495525 0.45801833 -0.1432921 0.626903 0.60748953 0.11542875 0.51909322 0.6137532 -0.15371859 0.6128332 0.75569123 0.2566987 0.49754634 0.77680862 -0.00956122
0.68257886 0.27417386 -0.04176045 0.52083731 0.2372845 -0.55207914 0.66805786 0.38582268 0.15324868 0.48947382 0.36554527 -0.55496806 0.69060194 0.47242504 0.1320499 0.47532579 0.47368041 -0.57468617 0.6060642 0.46237496 0.14640723 0.49637458 0.45444775 -0.1465926 0.61921936 0.60788608 0.08618467 0.51943767 0.61437219 -0.22013605 0.60978001 0.75760686 0.16851792 0.49800798 0.77704829 -0.09400438
0.67369217 0.27164376 0.0182055 0.51029074 0.23578466 -0.44691354 0.66350043 0.38254061 0.22117986 0.48636577 0.36372149 -0.45061615 0.69020647 0.47073713 0.20872888 0.47559497 0.47246078 -0.47054511 0.61203414 0.46350205 0.13738255 0.50279236 0.45584577 -0.13755718 0.61777782 0.61114955 0.14871097 0.51792336 0.61689174 -0.13164318 0.60979325 0.75774688 0.23456892 0.49855986 0.77565855 0.01670201
0.66766661 0.27250746 0.06024808 0.50994325 0.23553406 -0.46922308 0.66121185 0.38408798 0.25511956 0.48292831 0.36311758 -0.48618367 0.6903764 0.47162825 0.24287821 0.47599414 0.47146136 -0.50495535 0.61560428 0.46387473 0.14500947 0.50581241 0.45627263 -0.14513461 0.61787575 0.61227018 0.16630433 0.51785439 0.61805266 -0.13831411 0.60886461 0.75916266 0.29965073 0.49942848 0.77582514 0.00751641
0.65309554 0.27209261 0.131174 0.50537258 0.23644227 -0.45251849 0.65677327 0.38259563 0.32199004 0.4808566 0.36209351 -0.48741692 0.69097018 0.46959624 0.29216304 0.4763999 0.4688547 -0.50295681 0.61547869 0.46430445 0.15197679 0.50779116 0.45696908 -0.15205847 0.61844677 0.61249703 0.19758864 0.51713222 0.61825013 -0.18702902 0.60874957 0.75895023 0.36649296 0.49948415 0.77607286 -0.06974213
0.64823502 0.27165666 0.10655338 0.49439377 0.23698458 -0.46654648 0.65563995 0.38350138 0.29622674 0.4793475 0.36131096 -0.50893009 0.69184053 0.47004974 0.26088509 0.47695583 0.46829718 -0.53389454 0.61879194 0.46416175 0.15380496 0.50924844 0.4574376 -0.15386111 0.61866355 0.61230505 0.23418614 0.512757 0.61889434 -0.20342055 0.60824233 0.75898147 0.43370357 0.49806818 0.77708203 -0.11351509
0.64439315 0.27415484 0.16101314 0.48458755 0.23830111 -0.38018152 0.65506405 0.38452163 0.31194595 0.47369489 0.35906139 -0.44326735 0.69308245 0.47012821 0.23734236 0.47701168 0.46507043 -0.49350864 0.62095684 0.464156 0.15589787 0.51186782 0.45765692 -0.15595649 0.61616766 0.61319232 0.21942975 0.51216173 0.61904329 -0.21693496 0.60865325 0.76196766 0.39311028 0.49821228 0.77999407 -0.1317414 
0.63406223 0.27548316 0.22635078 0.48069826 0.23948957 -0.31846598 0.65090746 0.38362044 0.36320883 0.46889803 0.35459405 -0.41351673 0.69321728 0.46652901 0.28128842 0.47709793 0.45938084 -0.49130657 0.62146133 0.4638204 0.15626317 0.51434857 0.45792574 -0.15626703 0.61327159 0.61311132 0.22825503 0.51226586 0.6186555 -0.21885742 0.61346167 0.76186204 0.39127323 0.49830922 0.7797932 -0.13906817
0.62602031 0.27673846 0.28557727 0.47611028 0.24120188 -0.28670511 0.64765978 0.38280359 0.4331688 0.46369174 0.35627687 -0.38292775 0.69330418 0.46359846 0.35531846 0.4790217 0.4587588 -0.45455688 0.62249917 0.4636032 0.15855555 0.51767254 0.45812351 -0.15862343 0.6075809 0.61316609 0.23310301 0.50902563 0.61858249 -0.21755877 0.61369234 0.76092392 0.3875204 0.49824598 0.77894515 -0.1383065 
0.61825943 0.2773641 0.28735378 0.47502074 0.24207065 -0.20791343 0.64326787 0.38249466 0.43399701 0.45642209 0.35662812 -0.28732023 0.69353163 0.46289989 0.37459251 0.47980866 0.45909801 -0.36334962 0.62319541 0.46373671 0.15417583 0.51804733 0.45859036 -0.15427817 0.60682052 0.61467206 0.21776722 0.49921229 0.62231737 -0.18043575 0.61496228 0.76104927 0.3409178 0.49823835 0.78090107 -0.11497288
0.615403 0.27766517 0.29871169 0.47288993 0.24262279 -0.18591157 0.64319324 0.38344523 0.43757302 0.45452002 0.35710761 -0.26092437 0.69359058 0.46344721 0.37228671 0.48250976 0.45688614 -0.33215615 0.62305909 0.46384296 0.14934039 0.51808548 0.45871219 -0.14949131 0.60584456 0.61507916 0.20692073 0.49370089 0.62226039 -0.16088679 0.61597061 0.76170236 0.29008096 0.49761268 0.78136045 -0.08533329
0.60661155 0.27908006 0.32933185 0.46785501 0.24345042 -0.17055093 0.64069617 0.38420802 0.46119457 0.45392787 0.35674685 -0.26112142 0.69290155 0.46432275 0.39842567 0.48384699 0.45589828 -0.33362231 0.6220063 0.46398422 0.15088354 0.51900595 0.45895448 -0.1510108 0.60295898 0.61701941 0.20178023 0.49272779 0.62325418 -0.17305538 0.61685514 0.76336455 0.28888199 0.49694055 0.78263956 -0.1011711 
0.60046715 0.27924412 0.29360294 0.46626934 0.24575554 -0.18806894 0.63493127 0.38479841 0.4395991 0.45122892 0.35749307 -0.27128083 0.69095266 0.4638775 0.4004854 0.48393035 0.45671946 -0.34736297 0.62193555 0.46550569 0.15135773 0.520114 0.46126625 -0.1514857 0.60390753 0.61717612 0.19881216 0.49266613 0.62413651 -0.15870759 0.61755824 0.76333404 0.28452569 0.49657458 0.78255457 -0.08485843
0.59964752 0.27942953 0.32592082 0.46470797 0.24664448 -0.16154072 0.63295501 0.38520911 0.46971413 0.44793811 0.35756105 -0.25781703 0.68955284 0.46348035 0.42501375 0.48393995 0.45618397 -0.34285346 0.62139791 0.46540004 0.15154433 0.5202235 0.46125764 -0.15166424 0.6044699 0.61790341 0.18806967 0.49205294 0.6253947 -0.16606811 0.61693203 0.76361603 0.26348329 0.49660277 0.78252298 -0.08344065
0.5962857 0.27973935 0.29668194 0.46286932 0.24851862 -0.18883069 0.63181007 0.38542917 0.44923031 0.44559896 0.35793447 -0.28229421 0.68839216 0.46231684 0.41112477 0.48420727 0.45704886 -0.36514223 0.6221385 0.46668288 0.15186419 0.52198422 0.46408361 -0.152 0.60484129 0.61781013 0.21979643 0.49171856 0.62852883 -0.17270729 0.61834359 0.76349598 0.33173674 0.49701086 0.78288847 -0.09229629
0.59282696 0.27996927 0.31496194 0.46068928 0.25072035 -0.18085229 0.63210917 0.38565499 0.45421764 0.44484308 0.35833949 -0.28533754 0.6880092 0.46309268 0.40095377 0.48452955 0.45642388 -0.3770707 0.62288612 0.46812865 0.15307006 0.52364039 0.46549988 -0.15324295 0.60520047 0.61876994 0.22952594 0.492358 0.62898076 -0.17776571 0.61899185 0.76347125 0.35024282 0.49702567 0.78393155 -0.09416988
0.58999479 0.28030384 0.34239325 0.46003053 0.25150004 -0.16496828 0.63230842 0.38590127 0.48130968 0.44195879 0.35843679 -0.27457836 0.68787849 0.46356383 0.42894068 0.48455986 0.45643315 -0.3666037 0.6227448 0.46813524 0.15585017 0.52434838 0.46545431 -0.15604341 0.60535192 0.61867225 0.22251707 0.49291223 0.62855488 -0.17953523 0.61894912 0.7635898 0.34746462 0.49702159 0.78390402 -0.09823544
0.59095585 0.28037831 0.32153282 0.45739964 0.25171515 -0.18178754 0.6327222 0.38606548 0.46572354 0.44228175 0.35864848 -0.28194031 0.68791574 0.46387747 0.42066666 0.48477149 0.45642284 -0.37016448 0.62255913 0.4681378 0.15674932 0.5239563 0.46538007 -0.15697284 0.60571176 0.61867398 0.23040465 0.49326381 0.62850851 -0.1781956 0.61912888 0.76356828 0.34953114 0.49720877 0.78467995 -0.10041492
0.59183598 0.28095302 0.31452832 0.45390707 0.25212926 -0.17536514 0.63306808 0.38618654 0.45209384 0.44232857 0.35879245 -0.26217315 0.6879555 0.46405104 0.40402305 0.48496443 0.45663664 -0.33673364 0.62242061 0.46821719 0.15604851 0.52359641 0.46532381 -0.1562649 0.60578084 0.61885577 0.2287581 0.49370608 0.6283285 -0.16281804 0.61888075 0.76461875 0.32368031 0.4984405 0.78467149 -0.08414793
0.59249687 0.28117126 0.30538455 0.45337984 0.2521612 -0.18965109 0.63286626 0.38628626 0.44535521 0.44299027 0.35895106 -0.27884388 0.68801624 0.46425396 0.39845788 0.48602322 0.45683059 -0.35432523 0.62233728 0.46893644 0.15612996 0.52335703 0.46627238 -0.15634145 0.60702336 0.61912501 0.23419732 0.49456036 0.62855536 -0.15610968 0.61816365 0.76458418 0.35024849 0.49989346 0.78463709 -0.06689396
0.59310788 0.28170756 0.30364385 0.45343536 0.25237057 -0.17301862 0.63308662 0.38636124 0.44181696 0.44336519 0.35903201 -0.25850496 0.68806201 0.46435118 0.39399889 0.48617741 0.45704922 -0.34218812 0.62228024 0.46895757 0.15617466 0.52307326 0.46623626 -0.15638201 0.60809386 0.61922759 0.23074451 0.49589565 0.62851107 -0.1555831 0.61731678 0.76463085 0.34123197 0.5004347 0.78456557 -0.07355879
0.59379959 0.28261086 0.3367686 0.45428133 0.25232348 -0.13269234 0.6336419 0.38637838 0.47193933 0.44396308 0.35905367 -0.21587628 0.6884225 0.46442837 0.42870992 0.48566577 0.45669067 -0.3039856 0.62197143 0.46759427 0.15565759 0.52286255 0.46349356 -0.15584897 0.61002994 0.6190598 0.18832795 0.49703482 0.62919968 -0.15952824 0.61669356 0.76492977 0.27159271 0.50090116 0.78453898 -0.07485525
0.59515381 0.28271663 0.32707188 0.4549095 0.25123349 -0.14019968 0.63635176 0.38594908 0.46337837 0.44421563 0.35846457 -0.21813503 0.69043136 0.46450871 0.41876957 0.48471743 0.4567959 -0.30256367 0.62208939 0.46737534 0.15332535 0.52278239 0.46279144 -0.15350422 0.6139468 0.61904019 0.18750441 0.50062072 0.62911564 -0.15698366 0.61665398 0.76467961 0.27566135 0.50318593 0.78462321 -0.0740713 
0.59977788 0.2827577 0.31617841 0.45506305 0.25140628 -0.15132327 0.63938624 0.38423386 0.43352476 0.44647777 0.35877809 -0.23724787 0.6918819 0.46436778 0.37516129 0.48414901 0.45691055 -0.31885207 0.62355411 0.46763399 0.15246351 0.52262408 0.4632856 -0.15262635 0.61904979 0.61907774 0.18472669 0.50692582 0.62907368 -0.1526261 0.61664474 0.76421857 0.27154195 0.50433141 0.7846542 -0.06281267
0.60684246 0.28348812 0.3090151 0.45990753 0.25135761 -0.17739694 0.64123577 0.38433021 0.4265233 0.44983524 0.35867321 -0.24790365 0.69402146 0.46467665 0.37076989 0.48405841 0.45826969 -0.32682168 0.62473947 0.46854752 0.1520267 0.523049 0.46444643 -0.15217021 0.62531072 0.61904335 0.1801341 0.51479554 0.62903148 -0.14765172 0.61661685 0.76373392 0.2703217 0.50480425 0.78433663 -0.04753628
0.61690384 0.28410688 0.28718123 0.4659296 0.25134727 -0.21816806 0.64519036 0.38478652 0.4073607 0.45513201 0.35904557 -0.28246677 0.69733298 0.46609387 0.34836793 0.48456642 0.46019179 -0.35054266 0.6246804 0.4696866 0.1520828 0.52295589 0.46651313 -0.15221231 0.63175201 0.6190421 0.18218778 0.5218091 0.62934166 -0.14860854 0.61897326 0.76350224 0.27054253 0.50567818 0.78437257 -0.05020656
0.62649673 0.28461346 0.20287599 0.46974432 0.25132179 -0.29231754 0.65178502 0.38729522 0.33803454 0.46214291 0.3619504 -0.33914068 0.70233995 0.46880183 0.30459952 0.48606879 0.46512657 -0.37630773 0.62490952 0.46967214 0.14779608 0.52293217 0.46649349 -0.14786868 0.63905144 0.61742908 0.15451755 0.53096873 0.62764472 -0.15253088 0.61930591 0.76340556 0.21096757 0.50480491 0.78282231 -0.07277736
0.63368368 0.28503886 0.20232973 0.47536114 0.25127468 -0.32524633 0.65567362 0.38957727 0.35004589 0.46912697 0.36414179 -0.37655547 0.70489341 0.47290435 0.32527235 0.488296 0.46953434 -0.401544 0.62529874 0.46972737 0.14811413 0.52285963 0.46651337 -0.14818849 0.64683026 0.61709619 0.14907905 0.53779566 0.62679321 -0.1565567 0.61904085 0.76349103 0.21845742 0.50509763 0.78213561 -0.07271466
0.63916391 0.28549078 0.17299066 0.48467186 0.25260264 -0.38319239 0.65762103 0.39310706 0.32741046 0.47643071 0.37097284 -0.43660104 0.70790589 0.48019508 0.3151741 0.49116781 0.47850525 -0.45250407 0.62571913 0.47177961 0.14836809 0.52283376 0.46923912 -0.14838482 0.65072137 0.61709923 0.15038569 0.54209137 0.62762082 -0.16412541 0.6190213 0.76263875 0.24070932 0.5055455 0.78210199 -0.07623545
0.64858282 0.28776616 0.1165683 0.4932647 0.25631237 -0.4204812 0.66000408 0.39744478 0.26967329 0.47990853 0.37872905 -0.46823654 0.70854384 0.48773876 0.25725746 0.49294886 0.48529255 -0.48130566 0.62570119 0.47620443 0.1448334 0.52185422 0.47386557 -0.14478675 0.65316975 0.61594206 0.15423319 0.54517859 0.62857091 -0.15767571 0.62054199 0.76219869 0.24582228 0.50538105 0.78182602 -0.0446276 
0.65938777 0.29345661 0.0905166 0.50020492 0.26264864 -0.4287239 0.66659105 0.40594018 0.2500715 0.48171827 0.38427609 -0.46205598 0.7091434 0.49678907 0.24914664 0.49332914 0.48679292 -0.46433061 0.62505448 0.47794378 0.14275506 0.5196054 0.47517589 -0.14270943 0.65412939 0.61588097 0.14909291 0.54640847 0.62913567 -0.15017615 0.62063128 0.76245415 0.23151436 0.50599092 0.78142232 -0.03977792
0.67179382 0.30164662 0.0487714 0.50994939 0.27079898 -0.53695464 0.67575562 0.41482443 0.2096075 0.4853206 0.39193121 -0.58251721 0.71335548 0.50898135 0.15985529 0.49357894 0.50151116 -0.59457207 0.6235925 0.48336166 0.15322632 0.51606947 0.47933847 -0.15316334 0.65273458 0.61610264 0.19236027 0.54476583 0.62996441 -0.16085558 0.62005347 0.76246846 0.35291481 0.50591189 0.78148109 -0.03597357
6.81917071e-01 3.11231554e-01 -4.41464741e-04 5.21616340e-01 2.78309047e-01 -5.91103077e-01 6.84598327e-01 4.24030930e-01 1.69759572e-01 4.89166707e-01 4.02617604e-01 -6.21216714e-01 7.17485130e-01 5.21644235e-01 1.30905867e-01 4.93566155e-01 5.12898684e-01 -6.09382689e-01 6.17585957e-01 4.87422734e-01 1.56685561e-01 5.05739689e-01 4.81785983e-01 -1.56654492e-01 6.51498556e-01 6.14533305e-01 1.96827263e-01 5.43229997e-01 6.29984021e-01 -2.20861852e-01 6.15636051e-01 7.62542129e-01 3.71148169e-01 5.04634857e-01 7.82115281e-01 -1.18637197e-01
0.69073504 0.32007167 -0.05453448 0.53473395 0.2858718 -0.65129131 0.68774325 0.43351382 0.14310884 0.49744761 0.41333467 -0.67105919 0.71896732 0.53160155 0.12199987 0.49407384 0.52910173 -0.65673989 0.61200845 0.49317914 0.15817297 0.50161344 0.48720357 -0.15819824 0.65110469 0.6168611 0.30244648 0.54298049 0.63185906 -0.20468116 0.61518639 0.76393008 0.5572468 0.50434834 0.78675991 -0.10458628
0.7036671 0.32937163 -0.12323876 0.54767632 0.29491103 -0.71038443 0.69485909 0.44052833 0.06620219 0.50472599 0.42240965 -0.70503235 0.72194833 0.53990346 0.03915388 0.49415508 0.53805047 -0.66366822 0.60317391 0.49231136 0.16287309 0.49154732 0.48559257 -0.16303089 0.6471405 0.61686724 0.29525816 0.54189038 0.62749201 -0.37493497 0.61326259 0.76415485 0.47555253 0.50356388 0.78658873 -0.25096947
0.71430236 0.33540666 -0.23517534 0.56260145 0.30696324 -0.77769136 0.70497304 0.44899571 -0.06329373 0.51720107 0.43580195 -0.74705595 0.7257666 0.55360103 -0.08146952 0.49413645 0.54881692 -0.6951825 0.60163194 0.49083316 0.16085911 0.49242768 0.48460907 -0.16106701 0.63672304 0.61621374 0.26375702 0.53147793 0.62575918 -0.28896818 0.6124776 0.76397729 0.42871487 0.50434279 0.78652269 -0.17974208
0.72325766 0.34624061 -0.31195426 0.57404983 0.31843698 -0.9136098 0.71328998 0.45884311 -0.15297043 0.52034146 0.44927424 -0.90981221 0.72616112 0.57077831 -0.20467411 0.50048387 0.56616908 -0.86393708 0.59233969 0.48986492 0.16894841 0.48298293 0.48421505 -0.16907191 0.62963957 0.61298805 0.20157453 0.53134805 0.62174302 -0.48327246 0.61420101 0.76241046 0.44962656 0.50466877 0.78697354 -0.38051155
0.73217583 0.35456103 -0.36887395 0.58378327 0.32927397 -0.96300638 0.71552348 0.47103196 -0.22330341 0.52498698 0.46794751 -0.99009871 0.72532898 0.58139813 -0.28683877 0.50441271 0.58926469 -0.95278853 0.58009338 0.49078029 0.16960737 0.46468058 0.48519239 -0.1697332 0.61996174 0.61153299 0.09495199 0.53112519 0.61862171 -0.57400042 0.61406785 0.76118332 0.31650162 0.50466561 0.78821671 -0.48376313
0.74103242 0.36728784 -0.2895276 0.58712447 0.34841219 -0.96436924 0.71928167 0.48647314 -0.15038745 0.5375911 0.4923256 -1.00048566 0.72525066 0.595442 -0.23587081 0.50699323 0.60445362 -0.9582116 0.56018537 0.49693611 0.19524544 0.4481729 0.49178213 -0.19529603 0.62146258 0.61200064 -0.02222925 0.5317151 0.61923051 -0.60177416 0.61296648 0.76430804 0.21008794 0.50312573 0.78684747 -0.41907898
0.74455577 0.39177766 -0.28044215 0.58913392 0.36723062 -1.02223158 0.71765858 0.50828409 -0.1865478 0.53806448 0.50417167 -1.10711575 0.72542107 0.61269826 -0.34487581 0.5131703 0.62290138 -1.10550749 0.54419214 0.50502574 0.21966927 0.43810675 0.49656746 -0.21953379 0.62562382 0.6116699 -0.20114577 0.54089379 0.61969739 -0.73749274 0.61298019 0.76528299 0.05761212 0.50313288 0.78802264 -0.43871817
0.74373126 0.40852296 -0.30343151 0.59271157 0.38590834 -1.06363082 0.71985167 0.52237219 -0.20839562 0.5360297 0.52226228 -1.14446104 0.7254678 0.62045115 -0.34794089 0.51891577 0.64297307 -1.12994277 0.53404492 0.51307148 0.2304993 0.43427375 0.5055843 -0.23030418 0.64270753 0.6131202 -0.16330889 0.54701179 0.62199062 -0.69507456 0.61700237 0.76509684 0.10896066 0.49985328 0.78888857 -0.3748039 
0.74571592 0.42261729 -0.32347965 0.59271318 0.40442458 -0.98358053 0.7231884 0.54024714 -0.21588728 0.53797042 0.54445481 -1.01638055 0.72939783 0.64172161 -0.30696717 0.52380615 0.66865742 -0.97469562 0.52864105 0.51796323 0.21658191 0.43217888 0.5107339 -0.21648522 0.64570916 0.61653554 -0.1507699 0.59004587 0.61038822 -0.68010461 0.60705334 0.76810467 0.03171339 0.49990386 0.7814334 -0.3615334 
0.75279576 0.44123417 -0.37748984 0.59111023 0.42996258 -0.97015381 0.72507715 0.5535261 -0.25599656 0.53722626 0.56959158 -0.99727905 0.73563308 0.6613031 -0.34719869 0.52785736 0.69253439 -0.9709214 0.53412473 0.52171457 0.21168962 0.43362629 0.51784998 -0.21136183 0.65566033 0.61649197 -0.21869631 0.60340422 0.61242712 -0.63144177 0.60749912 0.76786846 0.04785538 0.51164883 0.78288764 -0.29298458
0.75324315 0.46237451 -0.30706087 0.5917024 0.44628313 -0.9263345 0.72363669 0.57694304 -0.18405077 0.53655982 0.58652431 -0.91611797 0.73702943 0.68633288 -0.27138418 0.53061634 0.71864665 -0.89051545 0.5312236 0.52816874 0.19815595 0.42864627 0.52585143 -0.19769311 0.67791039 0.60799426 -0.16782674 0.60417598 0.61036927 -0.5896824 0.6079427 0.76497829 0.06906097 0.5136978 0.78003871 -0.22651847
0.75851387 0.48101193 -0.3044337 0.60364789 0.45307168 -0.91961414 0.72217953 0.58976227 -0.18048327 0.5337044 0.58562827 -0.92033476 0.73626423 0.69175446 -0.24471015 0.52712131 0.71468979 -0.88937473 0.52892411 0.53544658 0.19545904 0.42828411 0.53048909 -0.19490059 0.68931633 0.60847074 -0.12644421 0.60224813 0.60893631 -0.55490041 0.62690914 0.7640934 0.10391542 0.52319098 0.77928787 -0.20200665
0.76304477 0.48779806 -0.25460789 0.60601062 0.4593426 -0.86190504 0.72309476 0.59011728 -0.10942861 0.51940411 0.58511978 -0.85218823 0.73646349 0.68336254 -0.19516495 0.52558172 0.70903707 -0.79952008 0.52895987 0.53920114 0.1927207 0.42713743 0.5333904 -0.19222149 0.69205624 0.60889834 -0.07478686 0.60132289 0.6010583 -0.54173803 0.62618202 0.76217163 0.06926928 0.52494526 0.77844405 -0.2431547 
0.76694453 0.48980448 -0.22496971 0.61243993 0.45348051 -0.84349012 0.72292387 0.59186721 -0.09754068 0.50348461 0.57740158 -0.84445471 0.72510231 0.68065047 -0.19007953 0.52000874 0.70143902 -0.78832549 0.52926511 0.54059792 0.1925312 0.42758089 0.53620571 -0.19209176 0.69876438 0.60910493 0.04547381 0.6158331 0.60153997 -0.46777457 0.62312067 0.76289093 0.10683084 0.52976334 0.7731927 -0.18650687
0.77069736 0.48480842 -0.23050268 0.61923558 0.44954386 -0.87181699 0.72036248 0.58423805 -0.09518056 0.50096947 0.57453179 -0.84700149 0.7219373 0.67983431 -0.18409723 0.51979011 0.70023954 -0.81884933 0.5319615 0.53818911 0.19411971 0.42981407 0.53454387 -0.19379172 0.69955009 0.60900867 0.11760873 0.61830002 0.60349411 -0.41521704 0.62390906 0.75998902 0.25485468 0.51715851 0.76147377 -0.13183695
0.7720589 0.48180807 -0.26745957 0.62159938 0.45103186 -0.93588459 0.72158861 0.58386904 -0.12010933 0.5019266 0.57936186 -0.94450653 0.72199959 0.68113768 -0.22381343 0.52104175 0.70601821 -0.90406603 0.53225023 0.53778917 0.19878803 0.43116313 0.53498447 -0.19848213 0.70081449 0.60838145 0.11816944 0.61491311 0.60253179 -0.45845264 0.62328511 0.75969809 0.28895542 0.51875746 0.76560217 -0.16865899
0.77464938 0.47912768 -0.24354623 0.62682617 0.45339411 -0.8756687 0.73054463 0.58704853 -0.10261524 0.51435834 0.58936846 -0.85272688 0.73135185 0.67957276 -0.18896936 0.52355975 0.71130317 -0.77399278 0.5329417 0.53800392 0.19585624 0.4317911 0.53475362 -0.19565162 0.70958102 0.60597098 0.0970486 0.61890066 0.5913375 -0.41010278 0.62475783 0.75640517 0.23706985 0.5188942 0.75179201 -0.15106083
0.77940398 0.48142618 -0.28806227 0.62562627 0.44838876 -0.89725119 0.73877662 0.59165883 -0.17889947 0.52116215 0.58345932 -0.87219095 0.73197919 0.68228114 -0.29447791 0.5237425 0.70714992 -0.80067605 0.53443789 0.54040813 0.19236152 0.43186399 0.5340836 -0.19213541 0.71027011 0.60629612 0.0833149 0.61832494 0.58941549 -0.46528313 0.62438267 0.75516963 0.13458441 0.51484758 0.75180876 -0.22464865
0.78227907 0.48155949 -0.32899374 0.62543261 0.44668528 -0.92133516 0.73874426 0.59176159 -0.22044997 0.52217621 0.58068639 -0.91486663 0.73190039 0.68226749 -0.33428848 0.52237183 0.70732611 -0.86463058 0.53946126 0.54026473 0.18960881 0.43220726 0.5334177 -0.18937163 0.70836586 0.60835105 0.03278154 0.62034988 0.59111363 -0.51779932 0.62182415 0.75563371 0.13581392 0.51123303 0.75035125 -0.23141465
0.78594929 0.47818229 -0.3213945 0.62723768 0.44437975 -0.90641892 0.73729044 0.58861125 -0.21166597 0.52320933 0.58070493 -0.89112616 0.73136854 0.6815725 -0.30548772 0.52235186 0.7073878 -0.82698977 0.54288173 0.53988177 0.18284853 0.43417373 0.5334025 -0.18265943 0.70781493 0.60880399 0.03804265 0.62324363 0.59307486 -0.48821235 0.62559992 0.75436562 0.19078495 0.51552302 0.75086522 -0.16626579
0.78682983 0.47526348 -0.31167376 0.6281547 0.44506633 -0.89583367 0.73771954 0.58671945 -0.19038557 0.52538788 0.58350682 -0.86696559 0.73162258 0.67969793 -0.29885301 0.52323622 0.70524395 -0.79732376 0.54516935 0.53901505 0.18074836 0.43521944 0.53333157 -0.1805619 0.70816517 0.60920835 0.07538273 0.6247775 0.59324783 -0.43493176 0.64075798 0.75246775 0.22262244 0.51848549 0.74870276 -0.14218265
0.78550768 0.47724521 -0.30077985 0.62737966 0.44354957 -0.89113379 0.73827183 0.58810532 -0.17865965 0.52795845 0.58345693 -0.86924255 0.73153996 0.68002689 -0.29525837 0.52382517 0.70377463 -0.80648816 0.54544777 0.54081386 0.1874962 0.43532854 0.53437442 -0.18730354 0.7103402 0.61019713 0.14103754 0.62283164 0.59436661 -0.4511995 0.63834518 0.75175995 0.2862331 0.52047396 0.75949383 -0.16390201
0.78653115 0.47823161 -0.2999551 0.6288529 0.44275099 -0.89032662 0.73898476 0.59081805 -0.17523211 0.53144562 0.58298719 -0.86939603 0.73095155 0.68259257 -0.27088892 0.52420866 0.70502341 -0.80706328 0.54711521 0.54209733 0.19167955 0.43596071 0.53518969 -0.19144715 0.71026653 0.6103465 0.18886758 0.62191153 0.5958162 -0.47616735 0.63587511 0.74983484 0.3718158 0.52087086 0.77150166 -0.19213624
0.78922671 0.47801116 -0.30056781 0.63016951 0.44250879 -0.90294498 0.73990893 0.59195423 -0.1813751 0.53328443 0.58349049 -0.89764041 0.72927499 0.68415856 -0.28080893 0.52548742 0.7068333 -0.85278004 0.54923499 0.54361576 0.1936003 0.43620083 0.53611702 -0.19334634 0.71151614 0.61093366 0.14441323 0.62248254 0.60091496 -0.4863323 0.63471556 0.75041133 0.29857764 0.52339447 0.77626598 -0.19286239
0.791053 0.47793922 -0.30426696 0.63064933 0.44235924 -0.90860873 0.73951417 0.59108508 -0.18543296 0.53296673 0.58556193 -0.90355957 0.72626376 0.6841504 -0.28566498 0.5250048 0.7068426 -0.85802078 0.55052674 0.54440635 0.19485217 0.43663219 0.53668892 -0.19459829 0.71229672 0.6110658 0.15145393 0.62263757 0.60344088 -0.49166927 0.63406318 0.75082904 0.29650038 0.5260877 0.7757194 -0.17642571
0.79145962 0.4779059 -0.31054497 0.63008875 0.44187006 -0.91070706 0.73918533 0.59105361 -0.19616193 0.53260952 0.58650535 -0.91137511 0.72096515 0.68559593 -0.28868574 0.52451056 0.70870513 -0.87027037 0.55133092 0.5451715 0.19422863 0.43718937 0.53753752 -0.19395751 0.71218121 0.61164635 0.13124096 0.62243897 0.60368943 -0.49953315 0.63369715 0.75239915 0.25939468 0.5263077 0.77671218 -0.17700094
0.7931245 0.47746274 -0.30922526 0.62970996 0.44170761 -0.91549373 0.73894733 0.59044659 -0.18792091 0.53269404 0.58884394 -0.90908587 0.72015107 0.68485272 -0.26069602 0.5240888 0.7082966 -0.86523879 0.55319899 0.54496127 0.19490671 0.43787909 0.53800255 -0.19461949 0.71332687 0.61200434 0.19873708 0.6219433 0.60355258 -0.5049383 0.63979089 0.75121778 0.36039039 0.52687824 0.77759916 -0.19761358
0.79453337 0.47719496 -0.31229129 0.62939441 0.44236872 -0.9313845 0.73887962 0.58994097 -0.17650281 0.53263986 0.5901863 -0.91707474 0.72015744 0.68435842 -0.24498735 0.5239687 0.70951641 -0.87518513 0.55511618 0.54497379 0.1970396 0.43932888 0.53846771 -0.1967013 0.71401852 0.61227298 0.21765853 0.6232338 0.60593766 -0.48167172 0.64423466 0.75112969 0.40321016 0.52791756 0.77878851 -0.18998346
0.79539192 0.4771921 -0.31473956 0.62921393 0.442215 -0.93254399 0.73912948 0.59029067 -0.17594539 0.53266853 0.59113908 -0.91911322 0.7196309 0.68389583 -0.24460536 0.52260584 0.71072561 -0.87515146 0.55626166 0.54532325 0.19694084 0.43984905 0.53866714 -0.19661435 0.71433693 0.61263645 0.1815691 0.62289065 0.60611814 -0.49488536 0.64259303 0.75218338 0.34670529 0.52775359 0.7780959 -0.17918795
0.79587102 0.47707739 -0.31519437 0.6295104 0.44206762 -0.93738711 0.73975247 0.59000874 -0.16955006 0.53343916 0.59067649 -0.92316699 0.719845 0.68372911 -0.24281059 0.52213299 0.71127588 -0.88061255 0.55713886 0.54523891 0.19754471 0.44040281 0.53864968 -0.19725761 0.71435326 0.61316526 0.15674217 0.62825906 0.60662109 -0.49277112 0.63346517 0.75511658 0.32492235 0.52768731 0.77762038 -0.14242412
0.7959497 0.47704574 -0.31454936 0.63007087 0.44190609 -0.93338597 0.74006873 0.58981854 -0.17002006 0.53486335 0.59006846 -0.92596936 0.72035176 0.68221062 -0.24795614 0.52191311 0.7113058 -0.89308298 0.55742842 0.54545224 0.19512703 0.4406234 0.53856778 -0.19481 0.7143687 0.61333686 0.05731514 0.62835312 0.60410976 -0.51843441 0.6326431 0.75665003 0.1684406 0.52751791 0.77624404 -0.22507104
0.7958436 0.47696677 -0.29784685 0.63073182 0.44180802 -0.93099415 0.74001503 0.58969861 -0.14979157 0.53617257 0.58968776 -0.92457795 0.71951514 0.6820932 -0.2287443 0.52189445 0.71123666 -0.88207 0.55734742 0.54534549 0.19775729 0.44069248 0.53852439 -0.19747609 0.7144137 0.61329973 0.11031783 0.62876767 0.60323924 -0.50464618 0.63266605 0.75658762 0.1811996 0.5274381 0.77605748 -0.19369242
0.79599917 0.47691062 -0.29459146 0.63124871 0.44189575 -0.92532951 0.73997128 0.58996969 -0.15045385 0.53651583 0.589921 -0.91528147 0.71921808 0.68239397 -0.23028409 0.52166992 0.71132749 -0.8667382 0.5572629 0.54539758 0.19737306 0.44081002 0.53862923 -0.19709848 0.71439308 0.61328655 0.11010477 0.63026309 0.60251087 -0.50483805 0.63266253 0.75694466 0.21209297 0.52752423 0.77594215 -0.19609757
0.79607749 0.47686419 -0.29763797 0.63117814 0.44193369 -0.92475647 0.73992366 0.59045666 -0.15835667 0.53652024 0.5907672 -0.91505152 0.71875155 0.68295819 -0.24002725 0.5216344 0.711272 -0.86692363 0.55719465 0.54552931 0.19714113 0.44081858 0.53892744 -0.19686495 0.71710914 0.61259139 0.11209285 0.63145143 0.60114104 -0.52341419 0.63644433 0.75483859 0.22260758 0.52847594 0.77585697 -0.21707684
