0. 0. 0. 0. 0. 0. 0. 0. 0. 0. 0. 0. 0. 0. 0. 0. 0. 0. 0. 0. 0. 0. 0. 0. 0. 0. 0. 0. 0. 0. 0. 0. 0. 0. 0. 0. 0. 0. 0. 0. 0. 0. 0. 0. 0. 0. 0. 0. 0. 0. 0. 0. 0. 0. 0. 0. 0. 0. 0. 0. 0. 0. 0. 0. 0. 0. 0. 0. 0. 0. 0. 0. 0. 0. 0. 0. 0. 0. 0. 0. 0. 0. 0. 0. 0. 0. 0. 0. 0. 0. 0. 0. 0. 0. 0. 0. 0. 0. 0. 0. 0. 0. 0. 0. 0. 0. 0. 0. 0. 0. 0. 0. 0. 0. 0. 0. 0. 0. 0. 0. 0. 0. 0. 0. 0. 0. 0. 0. 0. 0. 0. 0.
0.58415681 0.36137688 -0.71550232 0.42591676 0.37123117 -0.78299928 0.6085552 0.41978455 -0.72309911 0.40380335 0.4339762 -0.81587404 0.62093872 0.4846397 -0.95323688 0.39320362 0.49382147 -0.97489548 0.52714449 0.4123843 0.02520824 0.44370779 0.41377783 -0.02480618 0.58092082 0.44398975 -0.58425546 0.42046908 0.44878796 -0.62033433 0.55634463 0.54217213 -0.16945827 0.41850051 0.53666764 -0.19940913
0.58283842 0.36182463 -0.62602782 0.42905408 0.36774006 -0.66988778 0.60729945 0.42225641 -0.62879372 0.40454972 0.43396178 -0.70118582 0.61748827 0.48450708 -0.79436475 0.39202687 0.49319109 -0.85209113 0.52796435 0.41070727 0.01724496 0.44488764 0.41183656 -0.01683489 0.57386506 0.44305998 -0.57005161 0.42247638 0.44480893 -0.61681962 0.55593246 0.54216504 -0.21333154 0.41938296 0.52741879 -0.22960539
0.58240783 0.36170498 -0.62276411 0.43093187 0.36650482 -0.6594643 0.60729599 0.42323059 -0.63209069 0.40813467 0.43376675 -0.68347692 0.61727619 0.48443821 -0.79173958 0.39202309 0.49195445 -0.82928336 0.52947605 0.40648299 0.01260888 0.44647759 0.40819663 -0.01216314 0.57310498 0.44238493 -0.55406129 0.42589092 0.44232091 -0.5818671 0.55653042 0.54230487 -0.26303986 0.42119354 0.52423584 -0.25302377
0.58205378 0.36028326 -0.6256566 0.43232098 0.36463591 -0.65674168 0.60768539 0.42315862 -0.63348442 0.41331679 0.43269303 -0.67089182 0.61671215 0.48451254 -0.78836775 0.39267239 0.4908497 -0.81415415 0.52958959 0.40585175 0.00897792 0.44775403 0.40749314 -0.00852096 0.57293224 0.44215864 -0.55873781 0.42709321 0.44238561 -0.57168776 0.55735672 0.54239792 -0.24833468 0.42319715 0.52226204 -0.23861301
0.58195657 0.35952583 -0.60806292 0.43305674 0.36368835 -0.63495409 0.60769671 0.42305624 -0.61371666 0.41513234 0.43226093 -0.6453802 0.61633182 0.4844985 -0.76337045 0.39403093 0.49006125 -0.78114307 0.53004503 0.4035258 0.00715104 0.44886228 0.40440837 -0.00670144 0.57295913 0.44216162 -0.54386955 0.42679864 0.44225544 -0.55574208 0.55734843 0.54292268 -0.230958 0.42388302 0.52305901 -0.22978306
0.58195603 0.35935885 -0.60658604 0.43404412 0.36297381 -0.63960886 0.6082918 0.42273849 -0.61174268 0.41560504 0.43107706 -0.65302145 0.61637741 0.48402166 -0.7669028 0.39441541 0.48892495 -0.7947852 0.53107375 0.40358403 0.00808165 0.44936782 0.40406746 -0.00764425 0.57355505 0.44217643 -0.54922605 0.42729366 0.4423025 -0.5624125 0.55734044 0.54313785 -0.22462225 0.42591617 0.52384335 -0.22246705
0.58197582 0.35904357 -0.5939154 0.43571991 0.36222458 -0.6241982 0.60896438 0.42182583 -0.59883052 0.41675773 0.42972758 -0.63334858 0.61643386 0.48295361 -0.74862045 0.39569673 0.48749596 -0.76570415 0.53356004 0.40357861 0.00772486 0.45135596 0.40382707 -0.0073061 0.57541412 0.44215012 -0.55082732 0.42806306 0.43949464 -0.53784662 0.55804372 0.54313511 -0.23870881 0.42597678 0.51868743 -0.2094315 
0.5828833 0.35907376 -0.598059 0.43785831 0.36138788 -0.62270439 0.60961628 0.42130411 -0.60547692 0.41809544 0.42899781 -0.63393754 0.617212 0.48297635 -0.7565062 0.39696753 0.48709875 -0.77165169 0.53726649 0.40365151 0.00673316 0.45423052 0.40344822 -0.00631241 0.57632035 0.4420816 -0.56634915 0.42913169 0.43584728 -0.55211133 0.56126344 0.54291892 -0.24977525 0.42590851 0.51693559 -0.2147278 
0.58323568 0.35800651 -0.59976715 0.43934506 0.36141759 -0.63065296 0.61045229 0.41938612 -0.60378867 0.41971907 0.42846754 -0.64425516 0.6192894 0.48266211 -0.75290567 0.3986592 0.48673815 -0.78150195 0.53865415 0.40269372 0.0073701 0.45532063 0.403043 -0.00695405 0.57642502 0.44162127 -0.5674625 0.43039164 0.43567598 -0.54991597 0.56405407 0.54248732 -0.25140607 0.42925677 0.51873475 -0.2184397 
0.58357787 0.35668382 -0.5995487 0.44072834 0.361141 -0.63745439 0.61123234 0.41741595 -0.5959357 0.42087564 0.42764652 -0.64767492 0.62092358 0.48233977 -0.74254376 0.4008286 0.4862777 -0.77689606 0.53945339 0.40275642 0.00782979 0.45578796 0.40344551 -0.00741635 0.57644784 0.44166413 -0.5604589 0.43113393 0.43665758 -0.5163632 0.56549549 0.54297465 -0.2714878 0.43148845 0.51947612 -0.21043274
0.58393484 0.35560241 -0.59442955 0.44187471 0.36009917 -0.62945646 0.61164737 0.41613713 -0.59315413 0.42354342 0.42659944 -0.63589787 0.62138253 0.48137081 -0.74121708 0.4036569 0.48559582 -0.76688135 0.54021084 0.40248296 0.00791614 0.45702955 0.40357399 -0.00751275 0.57665056 0.44100106 -0.55609721 0.43176451 0.434809 -0.5320816 0.56705385 0.54297286 -0.27371073 0.4331032 0.52092415 -0.23429008
0.58483589 0.35454071 -0.59191203 0.44329965 0.3589105 -0.63124692 0.61272621 0.41618672 -0.58978707 0.42523158 0.42621145 -0.6422925 0.62320763 0.48094121 -0.73810953 0.40585059 0.48498693 -0.77220088 0.54062527 0.4014751 0.00803492 0.45798248 0.40288818 -0.00762414 0.57708138 0.44101381 -0.54820728 0.43177554 0.43552527 -0.52489293 0.56898052 0.54283965 -0.26286671 0.43532136 0.52183354 -0.23029687
0.58561552 0.35361665 -0.58028823 0.44400808 0.35815236 -0.61375326 0.61389166 0.41608351 -0.58198071 0.42560831 0.42560646 -0.62399435 0.62415349 0.48027223 -0.72822845 0.40763167 0.4837738 -0.75296628 0.54169095 0.40042391 0.00822183 0.45970073 0.40192863 -0.00781512 0.57734293 0.44104645 -0.54565382 0.43364608 0.43586099 -0.53062451 0.57055283 0.54259306 -0.26456162 0.43755499 0.5263986 -0.24263559
0.58668506 0.35287005 -0.58126122 0.44434899 0.35769588 -0.60772264 0.61549586 0.41568336 -0.58798754 0.42700472 0.42533058 -0.61607426 0.62502301 0.47897679 -0.73763096 0.41050631 0.48180348 -0.74809527 0.5427227 0.39876783 0.00797477 0.46066314 0.40060785 -0.00756848 0.57780826 0.44096521 -0.54925269 0.43527001 0.43620512 -0.53553271 0.57151872 0.54240286 -0.28297997 0.43961245 0.52790278 -0.25542206
0.58771807 0.35194942 -0.57738769 0.44571391 0.35611925 -0.5955714 0.61705387 0.41500252 -0.58333391 0.42826939 0.42374358 -0.59519875 0.6262123 0.47790596 -0.73059285 0.41264597 0.4804301 -0.72746599 0.5443064 0.39848268 0.00709044 0.46257675 0.39980793 -0.0066884 0.57806015 0.44055766 -0.55892599 0.43552783 0.43568155 -0.53765219 0.57232761 0.54224211 -0.31493279 0.44047928 0.53013414 -0.28500593
0.58980691 0.35088938 -0.57575828 0.44655961 0.35526693 -0.59170872 0.61912501 0.41464719 -0.58192074 0.42917222 0.42332852 -0.59037971 0.62775302 0.4767547 -0.73004562 0.41398451 0.48003438 -0.72257036 0.54641807 0.39759102 0.00620979 0.46409205 0.39897674 -0.00580148 0.57840252 0.44000256 -0.56663704 0.43704528 0.43594834 -0.53942686 0.57379967 0.54213965 -0.33283153 0.44225338 0.53080511 -0.29435247
0.59184104 0.35039714 -0.56548363 0.44764954 0.35456353 -0.58044779 0.62015361 0.41409189 -0.57087564 0.43059841 0.42291668 -0.57623017 0.62903875 0.47573191 -0.71775734 0.41572097 0.47902784 -0.70893669 0.54845178 0.39743534 0.00578861 0.46548676 0.39866135 -0.0053887 0.57874674 0.43937436 -0.5685004 0.43884498 0.43598354 -0.53990996 0.57632422 0.54146153 -0.33860832 0.44492289 0.53125197 -0.30042303
0.59453297 0.3492609 -0.57334387 0.44843593 0.35301575 -0.58285767 0.62138408 0.41376692 -0.57809287 0.43227646 0.42141575 -0.57458186 0.63042724 0.4747628 -0.72809261 0.41695687 0.47756177 -0.70688325 0.55124295 0.39652786 0.00434332 0.46808404 0.3971118 -0.00392942 0.57921535 0.43943152 -0.5686717 0.44024727 0.43518052 -0.54070026 0.57849193 0.54127812 -0.34168237 0.44682539 0.53268182 -0.30008221
0.59644055 0.34806684 -0.58139676 0.44930533 0.35140762 -0.5923301 0.62231076 0.41274446 -0.59511787 0.43457207 0.41960105 -0.58940428 0.63076699 0.47335508 -0.74773788 0.42048416 0.47531688 -0.72267318 0.55299032 0.39576563 0.00354624 0.46974084 0.39630574 -0.00313721 0.57990617 0.43947232 -0.57209307 0.44052103 0.43501472 -0.54617542 0.57945597 0.54114503 -0.34739965 0.44816625 0.53456724 -0.30615643
0.59939599 0.34659952 -0.60264099 0.45034254 0.35028741 -0.60945189 0.62402743 0.41194734 -0.61512953 0.4367002 0.41905037 -0.60218972 0.63203901 0.47206587 -0.76545233 0.42058715 0.47566941 -0.72795522 0.55470479 0.39495313 0.0037168 0.46993387 0.3955873 -0.00330954 0.58127791 0.43990073 -0.57091439 0.44227311 0.4391897 -0.53772503 0.58055484 0.54114813 -0.34666467 0.44908443 0.53760362 -0.29947162
0.60089737 0.34413105 -0.60045099 0.45159653 0.34826061 -0.60679859 0.62516952 0.40957794 -0.6108098 0.43704641 0.41659263 -0.59944999 0.63327324 0.47039396 -0.76158386 0.42043316 0.47447315 -0.72669458 0.55665535 0.39397177 0.00374296 0.47089019 0.39492542 -0.00333222 0.58308887 0.44024393 -0.55753946 0.44338539 0.44122496 -0.52755511 0.58200824 0.54153043 -0.34202594 0.44961038 0.54024464 -0.29989502
0.60307503 0.34229803 -0.60057825 0.45287678 0.34722137 -0.60720551 0.62628245 0.40793803 -0.60886472 0.4385587 0.41528934 -0.60129416 0.6356191 0.46900091 -0.76055551 0.424189 0.47333202 -0.73050499 0.55856538 0.39342105 0.00378991 0.47180641 0.39474192 -0.003391 0.58522087 0.44280532 -0.55280393 0.44535801 0.44442326 -0.52701575 0.58382845 0.5419178 -0.3355346 0.4505541 0.54036057 -0.29556647
0.6041137 0.34038487 -0.59184855 0.45410129 0.34563741 -0.60290629 0.62707043 0.40569404 -0.59263891 0.43952292 0.41386142 -0.59905398 0.6372174 0.46673632 -0.74218935 0.42452541 0.47281668 -0.72681421 0.55908465 0.39137655 0.00454337 0.4729428 0.39400145 -0.00419599 0.58691216 0.44361529 -0.53708887 0.44598797 0.44743389 -0.50828737 0.58479697 0.54194289 -0.31756818 0.45144698 0.53971893 -0.27108139
0.60531765 0.33658582 -0.57952243 0.455809 0.34416807 -0.59542257 0.62861949 0.40227759 -0.58473516 0.44108006 0.4119083 -0.59810376 0.63910884 0.46451861 -0.74124676 0.42493182 0.47159305 -0.72916824 0.56141913 0.39059845 0.00596095 0.47687265 0.39358145 -0.00564618 0.5888443 0.44463968 -0.54210865 0.44746703 0.44801715 -0.51047891 0.58704907 0.54194641 -0.31811851 0.45312223 0.53964609 -0.28681645
0.60633194 0.33413103 -0.57017463 0.45755598 0.34260395 -0.58917898 0.6295684 0.40059388 -0.57542133 0.44192785 0.41109848 -0.59407192 0.63995993 0.46271384 -0.73303741 0.42579812 0.47058725 -0.72580117 0.56411588 0.39049128 0.00630118 0.48003563 0.39359823 -0.00601135 0.58983928 0.44444904 -0.54461831 0.44830555 0.44688386 -0.51504314 0.58971852 0.54198015 -0.32576069 0.45483086 0.54040122 -0.3006368 
0.6081062 0.33215088 -0.57016015 0.45967686 0.33988565 -0.58783233 0.63195723 0.39832339 -0.57860768 0.4439384 0.40877122 -0.59561414 0.64143628 0.4613589 -0.7363168 0.42679343 0.46861249 -0.73487836 0.56725132 0.39038762 0.00647861 0.48263133 0.39333838 -0.0062008 0.59239233 0.44513616 -0.57297897 0.44857103 0.44686517 -0.55199522 0.59174252 0.54216456 -0.34216201 0.45561025 0.54029155 -0.31685379
0.61090523 0.33153751 -0.56183076 0.46143162 0.33811572 -0.58104265 0.63273543 0.39721164 -0.57326031 0.44515052 0.40724051 -0.5947805 0.64381933 0.45912507 -0.73808908 0.42890593 0.46662423 -0.73782051 0.56948525 0.39058515 0.00780086 0.48399007 0.39333931 -0.0075416 0.59441906 0.44611225 -0.58941817 0.44912311 0.44579995 -0.58157831 0.59203893 0.54322845 -0.33773908 0.45674443 0.53997803 -0.32233384
0.613087 0.32985154 -0.56386715 0.46256095 0.33667523 -0.58489895 0.63422573 0.39629918 -0.57486415 0.44534615 0.40554434 -0.60270232 0.64576161 0.45762575 -0.73921746 0.42955086 0.46551207 -0.74992889 0.57228178 0.39032573 0.01052269 0.48616475 0.39291245 -0.0102826 0.59564233 0.44762528 -0.58298981 0.45209327 0.44555363 -0.57178432 0.5932526 0.54374748 -0.31480646 0.45699188 0.54079139 -0.3136881 
0.61611259 0.32791173 -0.5666551 0.46374643 0.33580583 -0.58673698 0.63625866 0.39487886 -0.57696182 0.44571093 0.40504998 -0.60830963 0.64752817 0.45561543 -0.73984355 0.43009105 0.46373489 -0.76094687 0.57356793 0.38954857 0.01269458 0.48743987 0.39236441 -0.01245737 0.59724623 0.4500612 -0.57163304 0.45427617 0.44770572 -0.56458437 0.59396338 0.54475564 -0.30296931 0.45752004 0.54223973 -0.30985007
0.61725032 0.32603377 -0.56837589 0.46477839 0.33512747 -0.58776438 0.63851106 0.39166799 -0.57491994 0.44610894 0.40450037 -0.61689889 0.64962137 0.45257196 -0.73839802 0.43129054 0.46297577 -0.77388781 0.57360965 0.38827452 0.01419788 0.48816398 0.39151821 -0.01395511 0.60024023 0.45173833 -0.55919266 0.45499876 0.44812497 -0.56211114 0.59513068 0.54666257 -0.2905941 0.45793402 0.54272521 -0.30666155
0.61941022 0.32475421 -0.56647187 0.46524227 0.33360997 -0.58857799 0.64014339 0.38986367 -0.56761652 0.447202 0.40340224 -0.61471093 0.65064842 0.44996178 -0.7322014 0.43285245 0.46084636 -0.77058685 0.57468754 0.38817599 0.01443047 0.48898932 0.3912937 -0.01418448 0.60094196 0.45234838 -0.54420197 0.45570835 0.44793665 -0.56010967 0.59663182 0.54823434 -0.28860694 0.45921203 0.54315764 -0.30591565
0.62137216 0.32393643 -0.56488401 0.46545318 0.33319411 -0.58379173 0.64208907 0.38913441 -0.56543237 0.44816333 0.40265274 -0.60796684 0.65217042 0.44820282 -0.72465986 0.43404567 0.45931557 -0.7667104 0.57604051 0.38839734 0.01447961 0.49044064 0.39127138 -0.01423371 0.60190767 0.45273408 -0.53918946 0.45629734 0.45128724 -0.55469704 0.59751189 0.54930174 -0.2752746 0.46077725 0.54422414 -0.29052559
0.62182921 0.32233983 -0.55928528 0.46555364 0.33239892 -0.57643908 0.64419782 0.38788733 -0.55846506 0.44880641 0.40162632 -0.59283847 0.65419042 0.44728276 -0.71388501 0.43557832 0.45718592 -0.74693394 0.57750034 0.38829762 0.01452867 0.4917551 0.39073849 -0.01428094 0.60291344 0.45454007 -0.52043188 0.45786241 0.45369786 -0.53498036 0.5990904 0.55010772 -0.26819664 0.46179157 0.54510176 -0.28020009
0.62167042 0.32047126 -0.56073779 0.46588746 0.33117425 -0.57530391 0.64560401 0.38641012 -0.56236827 0.45010155 0.40031475 -0.58837825 0.65596586 0.44528198 -0.71598506 0.4388254 0.45535532 -0.74382526 0.57760632 0.38791865 0.0143922 0.49153149 0.39031887 -0.01414127 0.60352778 0.4553642 -0.51313502 0.45948222 0.45422646 -0.52850676 0.60000324 0.55127239 -0.26838106 0.46272436 0.54593283 -0.2771934 
0.62134123 0.31819984 -0.55628896 0.46672907 0.33019406 -0.57719779 0.64650393 0.38361612 -0.56330055 0.45103425 0.39917943 -0.59099889 0.65759289 0.4424302 -0.71884978 0.44061792 0.45408911 -0.74099094 0.57704276 0.38738889 0.01457256 0.49145123 0.38985583 -0.01434685 0.60382074 0.45637578 -0.48260176 0.46105075 0.45693073 -0.49987149 0.60154414 0.55283654 -0.26910111 0.4637917 0.54792213 -0.27334848
0.62197232 0.31611192 -0.5581376 0.46789834 0.32792181 -0.57738495 0.64851904 0.38013494 -0.56104934 0.45185387 0.3969866 -0.58000308 0.65937352 0.44012225 -0.71797216 0.44208261 0.45254537 -0.72611916 0.57672691 0.38619944 0.01388651 0.49135646 0.38868782 -0.0136987 0.60431689 0.45622832 -0.46566567 0.46240598 0.45955756 -0.47389057 0.60289836 0.55342633 -0.25738767 0.46517426 0.54966438 -0.25019675
0.62310237 0.31455266 -0.55688512 0.46910125 0.32587969 -0.57819092 0.64946038 0.3773233 -0.55646813 0.45274529 0.39538276 -0.58216047 0.66163033 0.43817142 -0.7151323 0.44397846 0.45202884 -0.73103917 0.57641023 0.38544807 0.0147284 0.4912006 0.38781947 -0.01458135 0.60481393 0.45706853 -0.46361127 0.46412846 0.46098927 -0.47817248 0.60306859 0.55467838 -0.24208182 0.46598026 0.55177939 -0.24335353
0.62505645 0.31355041 -0.54976916 0.47078809 0.32338163 -0.57598954 0.65064293 0.37671822 -0.54697311 0.45405078 0.39370286 -0.58272564 0.66299796 0.43674809 -0.70960313 0.44512016 0.45024934 -0.72940511 0.57649577 0.38507134 0.01497007 0.49154234 0.38720354 -0.01484227 0.6048274 0.45852321 -0.4659135 0.46533164 0.46190721 -0.47796115 0.60395032 0.55581951 -0.24595182 0.46664491 0.55275148 -0.24328531
0.62621152 0.31107274 -0.53913772 0.47175664 0.32013708 -0.57183254 0.65112352 0.3740612 -0.52139235 0.45470497 0.39093646 -0.57746202 0.66458732 0.4345907 -0.66374695 0.44535637 0.44702137 -0.71784747 0.57679617 0.38462767 0.01549199 0.49171102 0.3863762 -0.01538903 0.60501742 0.46092647 -0.43930626 0.46732068 0.46212757 -0.46611521 0.60515755 0.55627561 -0.20596097 0.46805802 0.55267888 -0.21662796
0.62744135 0.30926961 -0.54106241 0.47249186 0.31695142 -0.56978166 0.65226644 0.37228343 -0.52784556 0.45509234 0.38802418 -0.56873798 0.66601616 0.43378305 -0.67268097 0.44469497 0.44272193 -0.70370042 0.57865864 0.38451186 0.0154777 0.4937647 0.38591093 -0.0153752 0.60543972 0.46170843 -0.43316403 0.46973288 0.4617165 -0.46177778 0.60628694 0.55755043 -0.20248683 0.46948016 0.55280846 -0.21075901
0.62720925 0.30635723 -0.52151018 0.47258061 0.31303987 -0.55968368 0.65315354 0.36997396 -0.50227946 0.45536315 0.38489547 -0.55861044 0.66585886 0.43271491 -0.64485741 0.44421667 0.43897876 -0.69211119 0.57873929 0.38455012 0.01786463 0.49405903 0.38579428 -0.01781789 0.60536301 0.46297079 -0.39738703 0.47054693 0.46230537 -0.43791384 0.60718524 0.5585109 -0.17781433 0.47072449 0.5535078 -0.19584686
0.62682807 0.30298662 -0.49876827 0.47229373 0.311313 -0.53969967 0.65337282 0.36702049 -0.46293479 0.45569038 0.38196227 -0.53159744 0.6652863 0.43077058 -0.58996278 0.44373417 0.43527567 -0.65726721 0.57859522 0.38457537 0.01808095 0.49398035 0.38579112 -0.01806123 0.60543442 0.46629602 -0.36487409 0.47087738 0.46370512 -0.39818054 0.60764688 0.55998594 -0.1424145 0.47167277 0.55479217 -0.15611699
0.62675142 0.29985055 -0.46562383 0.47210765 0.30817837 -0.49863479 0.65372461 0.36378902 -0.4291653 0.4562645 0.37586606 -0.47650051 0.66646713 0.42772278 -0.5663684 0.44367182 0.42931253 -0.60228628 0.57919502 0.38464054 0.0181814 0.49449632 0.38568184 -0.01816784 0.60577321 0.46761444 -0.34836158 0.47246632 0.4630771 -0.37475127 0.60823053 0.56140369 -0.13367204 0.47271726 0.55528253 -0.14811435
0.62693185 0.29617634 -0.45015231 0.47292021 0.30413345 -0.47433907 0.65424675 0.36151928 -0.40413082 0.45661679 0.37171119 -0.43203795 0.66727847 0.42577407 -0.52911186 0.44348496 0.42564949 -0.5496375 0.58086669 0.38468093 0.01889835 0.49618661 0.38563713 -0.01889517 0.60634512 0.46857643 -0.31750536 0.47624788 0.46321097 -0.36507836 0.60938376 0.56331295 -0.11620415 0.47409409 0.55641365 -0.14918694
0.62744302 0.29345268 -0.44019857 0.47401756 0.30193698 -0.46994865 0.65453988 0.35828134 -0.38217399 0.4577089 0.36920574 -0.41923645 0.66746831 0.42161548 -0.49754623 0.44383159 0.42462033 -0.52384561 0.58211607 0.3847163 0.01995192 0.49798501 0.38566169 -0.0199923 0.60669398 0.46958244 -0.27833849 0.47889066 0.46609545 -0.32332313 0.6114043 0.56416249 -0.08226246 0.47636905 0.55702609 -0.11275327
0.62763429 0.28909084 -0.43389726 0.47540763 0.30013868 -0.47056171 0.65450484 0.35463592 -0.36449707 0.45863855 0.36603895 -0.41642696 0.66767859 0.41904262 -0.47988823 0.44379386 0.42355022 -0.51889181 0.58216369 0.38479587 0.02019686 0.49873307 0.38571933 -0.0202725 0.60663229 0.47240722 -0.25055999 0.48011616 0.47461203 -0.25710052 0.61195856 0.56652743 -0.04163596 0.47763616 0.558236 -0.04593258
0.62766087 0.28582013 -0.43479601 0.47587806 0.29604539 -0.47832301 0.65440249 0.35128972 -0.36841202 0.45914295 0.36315027 -0.43020344 0.66743165 0.41657257 -0.49839732 0.44372746 0.42318863 -0.54648954 0.58223015 0.38483813 0.02052762 0.49890092 0.38576311 -0.02062333 0.60652 0.47452137 -0.22833183 0.48037472 0.47657347 -0.25007519 0.61258078 0.568856 -0.00709393 0.47793698 0.56003535 -0.02287693
0.62771791 0.28383625 -0.42027795 0.47653911 0.29312932 -0.46330667 0.65413803 0.34818023 -0.35521019 0.45979682 0.36128333 -0.41257554 0.66732633 0.41260675 -0.48788232 0.44409156 0.42155609 -0.53223234 0.58264846 0.38509744 0.02047029 0.49963582 0.38578415 -0.02056563 0.60573322 0.47650239 -0.15509076 0.48123208 0.4799681 -0.19223562 0.61337525 0.56978768 0.03885613 0.47818169 0.56287634 0.01220389
0.62768596 0.28138793 -0.38450518 0.47711429 0.28830975 -0.43419042 0.65341634 0.34498352 -0.31755051 0.45968172 0.35865393 -0.38575682 0.66726911 0.4104121 -0.45800501 0.44436473 0.41839683 -0.5117237 0.58306581 0.38576376 0.02277533 0.50008112 0.38608062 -0.02288647 0.60446006 0.47781792 -0.13403109 0.48290783 0.48277152 -0.17907812 0.61398154 0.57041347 0.06351028 0.47894099 0.56410319 0.02383296
0.6274088 0.27859128 -0.34895664 0.47731599 0.28620484 -0.41449818 0.65204769 0.34179956 -0.2817384 0.45974788 0.35715225 -0.3730711 0.66689485 0.40730342 -0.42648911 0.44457778 0.41627821 -0.49795344 0.58329594 0.38617638 0.02664414 0.50054634 0.38612869 -0.0267515 0.60341585 0.47806531 -0.11037323 0.48448068 0.48425615 -0.16417068 0.61452007 0.57193726 0.0758554 0.47972894 0.56469804 0.03123428
0.62729168 0.27678344 -0.32095248 0.47752619 0.28437251 -0.38233224 0.65103173 0.34001786 -0.25168252 0.45970899 0.35519418 -0.33200917 0.66628432 0.4040097 -0.39841434 0.44455209 0.41423333 -0.45434994 0.58488762 0.38659936 0.02643608 0.50203615 0.38624391 -0.02653702 0.60264307 0.47899225 -0.05599829 0.48638985 0.48475415 -0.1204787 0.61538571 0.5730179 0.12201679 0.48041511 0.56579208 0.07095554
0.62726367 0.27568099 -0.31689307 0.47745633 0.28262982 -0.36120358 0.65062863 0.33839101 -0.25067344 0.45977318 0.35279912 -0.30289131 0.66619992 0.40306371 -0.40525374 0.44453976 0.41218641 -0.43004975 0.58587378 0.38696775 0.02474375 0.50249231 0.38633868 -0.02484932 0.6020546 0.47952801 -0.04501563 0.48891586 0.48503608 -0.10416871 0.6160199 0.5732339 0.13847092 0.48069355 0.56705272 0.09255034
0.62709814 0.27447334 -0.25498155 0.47742078 0.28193393 -0.30674097 0.65035605 0.336436 -0.18725805 0.45974237 0.35085699 -0.23895591 0.66638863 0.40208274 -0.34812403 0.44454578 0.41045025 -0.35494134 0.5858174 0.38737568 0.02558854 0.50283927 0.38686541 -0.02570432 0.60133713 0.48103389 -0.01291472 0.49157032 0.48554105 -0.11957659 0.61712188 0.57412708 0.154413 0.48133883 0.56838232 0.06347213
0.62707323 0.27357933 -0.23069678 0.47736296 0.28064331 -0.28676847 0.65007156 0.33519545 -0.16395147 0.4597103 0.34863746 -0.2155441 0.66654611 0.40064922 -0.3367236 0.445274 0.40700942 -0.33145663 0.58630478 0.38744485 0.02793642 0.50419891 0.38692233 -0.02806236 0.60081756 0.48165357 0.00516512 0.49369061 0.48573464 -0.10508195 0.61836672 0.57460022 0.17751403 0.48220831 0.56919378 0.07609303
0.62705076 0.27361435 -0.24201731 0.47725445 0.28056565 -0.30237895 0.65006697 0.33514553 -0.16424337 0.45969558 0.34671196 -0.22968987 0.66739583 0.39963832 -0.33250675 0.44604376 0.4042635 -0.34888649 0.58766544 0.38752231 0.02913834 0.5055325 0.38695785 -0.02927989 0.6006102 0.48235199 0.01915952 0.49538502 0.48586819 -0.09496802 0.62086213 0.57505256 0.19809021 0.48247337 0.56962907 0.09499843
0.62699664 0.2734696 -0.2528539 0.47703218 0.28000563 -0.30845284 0.65007508 0.33468243 -0.18165022 0.45973548 0.34491321 -0.23369119 0.66799301 0.39826152 -0.35795271 0.44672012 0.40306887 -0.35486689 0.58901829 0.38749963 0.02992434 0.50659961 0.38696417 -0.03008229 0.60035503 0.4819997 0.02244246 0.49774757 0.48609504 -0.10132586 0.6222381 0.57515937 0.20252332 0.48278129 0.5701831 0.08053909
0.62635845 0.27404973 -0.26326302 0.47700387 0.28015435 -0.32402787 0.65005529 0.33488068 -0.19253857 0.46009657 0.34426129 -0.25231442 0.66859269 0.39807162 -0.37285206 0.44830281 0.40248364 -0.37586114 0.59051549 0.38749662 0.03213387 0.50763112 0.38710621 -0.03232141 0.60002929 0.48210961 0.03489162 0.4991906 0.48614317 -0.11176659 0.62256241 0.57536161 0.22126585 0.48371369 0.57080531 0.07673368
0.62496734 0.27451035 -0.26814359 0.47655079 0.28103173 -0.33198518 0.64999557 0.33468398 -0.18973801 0.46026999 0.34449658 -0.25652802 0.66964722 0.39810866 -0.37496346 0.44929522 0.40224171 -0.38280815 0.59132123 0.38741434 0.03262501 0.50843203 0.38711736 -0.03280473 0.60028243 0.48284814 0.02037517 0.49949899 0.48636511 -0.07813473 0.62243098 0.57546943 0.19353637 0.48462987 0.57171279 0.10750014
0.62400639 0.27495834 -0.26304346 0.47638676 0.28165296 -0.32925877 0.64999151 0.33531415 -0.18231824 0.46065888 0.34562036 -0.24979745 0.67042816 0.39830914 -0.37323341 0.45096657 0.40286401 -0.37457833 0.59192842 0.38733345 0.03288191 0.50952226 0.38717186 -0.03305721 0.6010043 0.4843739 0.0197721 0.50106007 0.48696265 -0.04858802 0.62281251 0.57594055 0.19267099 0.48544601 0.57320958 0.13950238
0.62372577 0.27606398 -0.25666654 0.47636053 0.2817589 -0.32765684 0.64983755 0.33575961 -0.16777228 0.4616119 0.34612674 -0.24853913 0.67105353 0.39861032 -0.35295436 0.45252344 0.40287986 -0.37815219 0.59264261 0.38765118 0.03440332 0.51038104 0.38761029 -0.03458551 0.6017065 0.48617941 0.0139026 0.50229549 0.48757935 -0.05407256 0.62347603 0.57669002 0.19383803 0.48626998 0.57459152 0.1386424 
0.62357819 0.27760664 -0.23323239 0.47633645 0.28187528 -0.31441215 0.64949334 0.33652279 -0.13817774 0.46196982 0.34639558 -0.23579267 0.67192453 0.39908972 -0.31679043 0.45340097 0.40308917 -0.36710158 0.59273833 0.38832289 0.03794077 0.51030564 0.38830799 -0.03812271 0.60321176 0.48701504 0.0111887 0.50331002 0.48806396 -0.07432647 0.62396699 0.57774454 0.17766443 0.48740047 0.57583672 0.11115868
0.62349641 0.27924487 -0.25155666 0.47636545 0.28208792 -0.32138067 0.64923364 0.33854803 -0.156868 0.46236071 0.34678078 -0.24969977 0.67231941 0.39937371 -0.32676464 0.45391309 0.40358526 -0.37604877 0.59299338 0.38865042 0.03866488 0.51056665 0.38874945 -0.03884657 0.60471994 0.48787054 0.01137928 0.50380188 0.48879451 -0.0811611 0.62442613 0.5783959 0.17800927 0.48833054 0.57700515 0.10357898
0.62340915 0.28035909 -0.2507818 0.47667196 0.28262824 -0.32683483 0.64922649 0.33958113 -0.16119356 0.46303001 0.34685105 -0.2555204 0.67313188 0.399607 -0.33802524 0.45484716 0.40378439 -0.37634364 0.59367156 0.3891421 0.04037463 0.51132327 0.38909426 -0.04055514 0.60548526 0.48786128 0.00273772 0.50426304 0.48904827 -0.11580049 0.62477708 0.57951242 0.17493516 0.48879603 0.5779708 0.06468105
0.62366426 0.28162453 -0.22560315 0.47787634 0.2834506 -0.32604733 0.64957988 0.34088367 -0.13225572 0.46427271 0.34743923 -0.25549617 0.67393011 0.39987704 -0.31140897 0.45609257 0.4039337 -0.38208658 0.59444171 0.39011928 0.04739847 0.512299 0.38970691 -0.04758693 0.60660589 0.48878568 0.01738803 0.50459892 0.48902828 -0.14731129 0.62564582 0.58149892 0.18580018 0.48916978 0.57856184 0.02593462
0.62479168 0.28278542 -0.2177389 0.47927704 0.28391114 -0.31246307 0.65048999 0.34274828 -0.12056383 0.46512666 0.34801653 -0.24045554 0.6745224 0.40016267 -0.29601142 0.45810941 0.40460017 -0.37665889 0.59486908 0.39153165 0.04648079 0.51321077 0.39074716 -0.0466685 0.60745955 0.48971713 0.01153816 0.5046916 0.4890379 -0.1529839 0.62679774 0.58278155 0.17989622 0.48971263 0.57859206 0.0280147 
0.62601906 0.28343537 -0.2293815 0.48037076 0.28432405 -0.31618214 0.65137154 0.34349015 -0.13024054 0.46640414 0.34831232 -0.24299458 0.6748789 0.40038589 -0.30204549 0.45901835 0.40484744 -0.37946701 0.59518278 0.39189062 0.0454391 0.51404935 0.39100933 -0.04561549 0.6082226 0.49043548 0.00842536 0.50496811 0.48908895 -0.14543676 0.62788004 0.58343273 0.17830092 0.49031141 0.57878047 0.04169296
0.62733895 0.28393018 -0.21871138 0.481859 0.28452089 -0.30543604 0.65270334 0.34399912 -0.11713111 0.46711525 0.34849519 -0.2290581 0.67563021 0.40074015 -0.28739145 0.46008697 0.40508988 -0.3606683 0.59524274 0.39275804 0.0454005 0.51431763 0.3917667 -0.04560008 0.60872775 0.49147514 0.00713227 0.50543958 0.48962674 -0.12692851 0.62839216 0.58414716 0.17584929 0.49078369 0.57904458 0.06505291
0.6292311 0.28437477 -0.2202767 0.48342076 0.28467795 -0.30418471 0.65448332 0.34480557 -0.12131508 0.46739969 0.34896877 -0.22739556 0.67676902 0.40152448 -0.29378554 0.46132174 0.40630654 -0.35830542 0.59613055 0.39345127 0.04498889 0.51491487 0.39246511 -0.0451906 0.6097396 0.49196365 0.00562193 0.50556356 0.4898974 -0.12957439 0.62916684 0.58468473 0.17428194 0.49143699 0.57951355 0.06002235
0.63066512 0.28465143 -0.22545718 0.48443288 0.28481734 -0.30960825 0.65535605 0.34532028 -0.12995613 0.46791413 0.34932658 -0.22901659 0.6772157 0.40221378 -0.30134222 0.46260467 0.40744117 -0.36158487 0.59681976 0.39348778 0.04537785 0.51534301 0.39262772 -0.04557983 0.61050981 0.49233291 0.00456325 0.50611931 0.49026904 -0.12862301 0.62970746 0.58502692 0.17422496 0.49197519 0.58000195 0.0604056 
0.63188034 0.28498188 -0.23229833 0.48530963 0.28497511 -0.31772912 0.65615541 0.34583682 -0.13190651 0.46845827 0.34984598 -0.23563874 0.67773819 0.40276247 -0.30209234 0.46338031 0.40832883 -0.36616653 0.59736925 0.39355913 0.04555566 0.51560581 0.3928338 -0.04575747 0.61115664 0.49254078 0.00386575 0.50692087 0.49049008 -0.1281217 0.6302523 0.58518434 0.17691627 0.49267924 0.580347 0.06156009
0.63300353 0.285243 -0.23373701 0.48596683 0.28520927 -0.31897435 0.65765887 0.34623414 -0.1349843 0.46896118 0.35037217 -0.23681 0.67881531 0.40309656 -0.3057971 0.46393055 0.40903932 -0.3667655 0.59801865 0.39361921 0.04546639 0.51597959 0.39300862 -0.04566702 0.61154842 0.49254218 0.00260528 0.50746769 0.49078634 -0.1224666 0.63049346 0.58515602 0.17571379 0.49340618 0.5806126 0.06917384
0.63400865 0.2856068 -0.24134225 0.48684505 0.28525954 -0.32914177 0.65864682 0.3469722 -0.13687953 0.46994859 0.35045645 -0.24943186 0.67959964 0.40370581 -0.30793503 0.46495146 0.40952015 -0.37996888 0.59901035 0.39358979 0.04532215 0.51660788 0.39303386 -0.04552189 0.61216587 0.49268565 0.00677453 0.50777507 0.49101248 -0.11936284 0.63074201 0.5853945 0.18018004 0.49441239 0.58098382 0.06976928
0.63482338 0.28584394 -0.24131049 0.48797071 0.2852971 -0.3292565 0.65912604 0.34746763 -0.13812494 0.47062808 0.35051191 -0.25120297 0.6804477 0.40404189 -0.30813101 0.46581256 0.40993544 -0.38249722 0.59967649 0.39391747 0.04524459 0.51705009 0.39334634 -0.04544382 0.61282396 0.49286306 0.00784692 0.5083192 0.49109605 -0.12285654 0.63110054 0.58553022 0.18660325 0.49519649 0.58110136 0.06943732
0.63592255 0.28601635 -0.24715379 0.48893794 0.28537703 -0.3324025 0.6606952 0.34769517 -0.14734973 0.47129112 0.35075873 -0.25743705 0.68133307 0.40445489 -0.315763 0.46652922 0.41020057 -0.38826674 0.60050058 0.39388636 0.04477942 0.51772642 0.39333972 -0.04496815 0.61341697 0.49300039 0.00727043 0.50874329 0.49109104 -0.12231594 0.63147622 0.58546829 0.18428503 0.49573126 0.58130246 0.06808735
0.63700742 0.28622282 -0.24871795 0.48964882 0.28556186 -0.33226311 0.66181642 0.3479636 -0.15318 0.471883 0.35100701 -0.2571376 0.68157256 0.40477636 -0.32356796 0.46729663 0.41044155 -0.3873435 0.60133404 0.39399925 0.04450792 0.51824397 0.39344153 -0.04468998 0.61388427 0.49323109 0.00870688 0.50917685 0.4911074 -0.11888052 0.63165337 0.58561957 0.18332389 0.49625567 0.58143604 0.06805237
0.63805157 0.2864846 -0.24862069 0.49083602 0.28574237 -0.33244911 0.66198665 0.34859607 -0.15169451 0.47274357 0.3512322 -0.25792193 0.68212426 0.4051528 -0.31764355 0.46805239 0.41066819 -0.38721943 0.60206997 0.39438945 0.04454951 0.51906168 0.39373034 -0.04472902 0.6146608 0.49348947 0.01517385 0.50966638 0.49119288 -0.11898126 0.63187879 0.58558577 0.19026662 0.49682641 0.58166015 0.0657787 
0.63884884 0.28667417 -0.24743876 0.49181619 0.28591207 -0.3321597 0.66224384 0.34907171 -0.15111746 0.47375479 0.35155347 -0.25781646 0.68229294 0.40552253 -0.31611237 0.46815327 0.41099837 -0.38497949 0.60258615 0.39458606 0.0445335 0.51962584 0.39388949 -0.04471208 0.6155439 0.49369428 0.01451861 0.51014775 0.49131665 -0.11598621 0.63212299 0.58555472 0.18944621 0.49724939 0.58171076 0.06940356
0.63949174 0.2867361 -0.24623805 0.49258864 0.28600264 -0.33196193 0.66278291 0.34924987 -0.14881383 0.47486952 0.35176647 -0.25768769 0.68252164 0.40582719 -0.31271118 0.46849915 0.41100189 -0.38598007 0.60289109 0.39464709 0.04450388 0.52003813 0.39390904 -0.04468318 0.61614722 0.4938921 0.01339535 0.51052552 0.49134934 -0.11993268 0.63228142 0.5855425 0.18869723 0.4977521 0.58186364 0.06047276
0.64022189 0.28681716 -0.25081903 0.49317276 0.28602788 -0.3357645 0.66331834 0.34940067 -0.15038408 0.47552666 0.35189492 -0.26229557 0.68253797 0.40616438 -0.31279615 0.46891573 0.41100967 -0.39313751 0.60322571 0.3946633 0.04418265 0.52045983 0.39390513 -0.04436247 0.61632937 0.49392164 0.01261586 0.51072329 0.49144137 -0.11463424 0.63247287 0.5855329 0.18771183 0.49801296 0.58199096 0.07400817
6.40763760e-01 2.86855668e-01 -2.66064197e-01 4.93489414e-01 2.86068022e-01 -3.38254511e-01 6.63690805e-01 3.49557221e-01 -1.64456427e-01 4.76106256e-01 3.52089077e-01 -2.63761491e-01 6.82803094e-01 4.06279922e-01 -3.20081949e-01 4.69230175e-01 4.10998881e-01 -3.96769226e-01 6.04109466e-01 3.94838065e-01 3.94095033e-02 5.20986795e-01 3.93941760e-01 -3.95963006e-02 6.16637766e-01 4.93935615e-01 6.39685371e-04 5.10754347e-01 4.91461784e-01 -1.03988856e-01 6.32650197e-01 5.85511029e-01 1.86110377e-01 4.98259366e-01 5.81996918e-01 9.70449224e-02
0.641096 0.28684896 -0.26475546 0.49377465 0.28613138 -0.33305994 0.66402537 0.34981468 -0.15232152 0.47654477 0.35251799 -0.25786185 0.68303668 0.40653625 -0.30048022 0.46967676 0.41124424 -0.39381328 0.60522032 0.39507169 0.03737941 0.52143013 0.3940461 -0.03755914 0.61733264 0.49393561 -0.00404932 0.51092958 0.4914521 -0.10477584 0.63298875 0.58547395 0.18281099 0.49854878 0.58198333 0.09705017
0.64126116 0.2868214 -0.26950255 0.49404013 0.2862089 -0.33628756 0.66441905 0.35004899 -0.15980636 0.47707114 0.35297576 -0.26077271 0.68333095 0.40685707 -0.30393904 0.47013688 0.41153702 -0.39837611 0.60634035 0.39515898 0.03391027 0.52210909 0.39409649 -0.03408401 0.61755377 0.49386933 -0.01901795 0.51142466 0.49145219 -0.10626515 0.63344127 0.58540958 0.17696695 0.49909335 0.58187848 0.10166463
0.64122784 0.28653124 -0.25273573 0.49431798 0.28622618 -0.32938579 0.66455841 0.35007808 -0.13839123 0.4772813 0.35304746 -0.25265369 0.68340522 0.40689823 -0.2866779 0.47020635 0.4112407 -0.39056179 0.60661399 0.39525479 0.0343014 0.52261323 0.39412698 -0.03447005 0.61780757 0.49401063 -0.01562769 0.51178682 0.49145949 -0.10619385 0.63352686 0.5854615 0.17780337 0.49947262 0.58186984 0.10027304
0.64121717 0.28602129 -0.22624493 0.49450058 0.28624025 -0.30585629 0.66453719 0.35014457 -0.11579718 0.47754392 0.35305297 -0.22684176 0.68339324 0.4070366 -0.2704083 0.47017252 0.41082895 -0.36414033 0.60673797 0.39542779 0.03475419 0.52285671 0.39423549 -0.0349243 0.61821485 0.49413925 -0.00404237 0.51213622 0.4914549 -0.10681502 0.63423276 0.58539546 0.17715219 0.49964809 0.58180583 0.09788743
0.64144182 0.28572193 -0.23054737 0.49463388 0.28634083 -0.31153038 0.6649437 0.35022369 -0.12467504 0.47752285 0.35325798 -0.23429927 0.68351597 0.40739268 -0.27506232 0.4704043 0.41092047 -0.36894831 0.60716462 0.39544508 0.0359634 0.52313799 0.39423883 -0.03612739 0.61887711 0.49412289 -0.0037079 0.51281995 0.49142134 -0.12705131 0.63575071 0.58538181 0.18863437 0.49991584 0.58141458 0.09191805
0.64148968 0.28555435 -0.22875027 0.49505213 0.28635278 -0.3134535 0.66512674 0.35015264 -0.1183758 0.47752228 0.35311988 -0.23649797 0.68371409 0.40736857 -0.27574372 0.47049069 0.41031891 -0.37084484 0.60738039 0.39536276 0.03888991 0.52397972 0.39419752 -0.03906603 0.61957353 0.49405068 0.00442143 0.5136981 0.49112752 -0.11347327 0.63637406 0.58524841 0.19110169 0.50003886 0.58119506 0.0980307 
0.64155823 0.28524196 -0.21300583 0.49547553 0.28629529 -0.3115803 0.66522658 0.35002676 -0.10355968 0.47767091 0.35275486 -0.23533179 0.68386853 0.40716511 -0.26827484 0.47061411 0.40939537 -0.36783162 0.60761291 0.39510784 0.04366343 0.52477401 0.39402729 -0.04385512 0.62041736 0.49401081 0.01374154 0.51453674 0.49087083 -0.11349174 0.63673669 0.58523887 0.19014278 0.50038201 0.5811913 0.08973766
0.64163387 0.28500912 -0.2044342 0.49584559 0.28626198 -0.30663601 0.66526794 0.3499544 -0.09877399 0.47791702 0.3526229 -0.23163155 0.68412977 0.40684006 -0.2668516 0.4708854 0.40870613 -0.36237761 0.6079843 0.39490369 0.04731385 0.52558219 0.39392361 -0.04752213 0.62106448 0.49392429 0.01790548 0.51516855 0.49063647 -0.118535 0.63695139 0.58506769 0.18920289 0.50055552 0.5810408 0.08165272
0.64186227 0.28470287 -0.2117894 0.49642426 0.28621322 -0.30875376 0.66554755 0.34994236 -0.10601833 0.47820067 0.35262901 -0.23473443 0.68446994 0.40663907 -0.27281258 0.47149998 0.40874475 -0.36450517 0.60824448 0.39456326 0.04978418 0.526218 0.39360672 -0.05001155 0.62177461 0.49384719 0.01630736 0.51615196 0.49050316 -0.11535801 0.63706201 0.58470452 0.19495849 0.50121993 0.58023053 0.09345675
0.64226741 0.28430802 -0.2142905 0.49708185 0.28603533 -0.32809636 0.66600806 0.34989384 -0.11005764 0.4786118 0.35243556 -0.25352293 0.68496054 0.40657488 -0.27478814 0.47223476 0.40869752 -0.37874952 0.60888976 0.39372459 0.05362841 0.52744627 0.39259997 -0.05384983 0.62219095 0.49331248 0.02288093 0.51692873 0.49009636 -0.11535604 0.63738853 0.58439243 0.20146188 0.5016852 0.580033 0.09290055
0.6425513 0.28377935 -0.21718997 0.4975253 0.28589889 -0.32765386 0.66610223 0.34976533 -0.11237196 0.47891247 0.35209939 -0.25330317 0.68524277 0.40644905 -0.2756601 0.47258979 0.40843531 -0.37949932 0.60925764 0.39325044 0.05287343 0.52821553 0.39210266 -0.05309237 0.6229707 0.49255797 0.01617175 0.51728004 0.48966056 -0.12237062 0.63794315 0.58399087 0.19359486 0.50253522 0.57951951 0.08379374
0.64266926 0.28324285 -0.1973539 0.49813294 0.28552756 -0.31350705 0.66611451 0.34889609 -0.09696698 0.47949466 0.35096982 -0.23757485 0.68545938 0.40597579 -0.27483052 0.47285941 0.40737092 -0.36178181 0.60924935 0.39278045 0.05638411 0.52874106 0.39149076 -0.05661513 0.62347806 0.4921526 0.01913454 0.51743805 0.48918515 -0.1227314 0.63884115 0.58388633 0.18723761 0.50277221 0.57876784 0.07436512
0.64289308 0.28264645 -0.20075063 0.49852884 0.28504974 -0.31254196 0.66623038 0.34802976 -0.10019645 0.47996622 0.35020316 -0.23406553 0.68555111 0.4057115 -0.27672184 0.47311199 0.40671459 -0.35837755 0.60933495 0.39212143 0.05748241 0.52915365 0.3905735 -0.05772216 0.62406433 0.49169844 0.02118173 0.51769918 0.48843566 -0.12079652 0.63946003 0.58371848 0.18149701 0.50321764 0.57799828 0.07288776
0.64327288 0.28174821 -0.20057037 0.49895218 0.28469574 -0.30519035 0.66648376 0.34701654 -0.09807553 0.48074266 0.34953079 -0.22343799 0.68584502 0.40544418 -0.27745089 0.47363052 0.40579918 -0.347967 0.60939795 0.39190421 0.05669566 0.52925175 0.39040139 -0.0569331 0.62436628 0.49149507 0.03540324 0.5181753 0.48846087 -0.08403605 0.64043003 0.58275908 0.190614 0.50377393 0.57767034 0.10033581
0.64348137 0.28044304 -0.20377387 0.49958548 0.28375742 -0.30886063 0.66668206 0.34528357 -0.09564926 0.48162162 0.34823281 -0.22718768 0.68642032 0.40476897 -0.27176383 0.47418687 0.405076 -0.35269699 0.60939246 0.39150381 0.05673071 0.52928525 0.39014348 -0.05697025 0.62481385 0.49127346 0.03939589 0.51838744 0.48847947 -0.07675607 0.64121628 0.58197552 0.19235298 0.50419664 0.57713521 0.10419656
0.64376223 0.27950987 -0.20412481 0.50022376 0.28330585 -0.30732265 0.66668499 0.34394342 -0.08768402 0.48235232 0.3479847 -0.22132432 0.68666089 0.4041453 -0.25806203 0.47498345 0.40497246 -0.3471058 0.60922772 0.39133328 0.05636396 0.52922136 0.39011061 -0.05660455 0.62525457 0.4908095 0.03518056 0.51845914 0.48852909 -0.07905705 0.64137131 0.5815323 0.17839259 0.50452626 0.57670617 0.10131867
0.64433962 0.27903348 -0.23148236 0.50106078 0.28288394 -0.33772078 0.66712207 0.34392408 -0.09812583 0.48298141 0.34786108 -0.24631371 0.68692875 0.40374559 -0.26238123 0.47536293 0.40501052 -0.3713232 0.60871691 0.39050215 0.05616744 0.52920854 0.38976195 -0.05641456 0.62551576 0.48993111 0.02522168 0.51853865 0.48854411 -0.08192769 0.64144045 0.58119422 0.1605788 0.50470847 0.57619804 0.09464865
0.64506626 0.27790079 -0.26275605 0.5020203 0.28225669 -0.35168821 0.66868693 0.34365854 -0.12667961 0.48374164 0.34754336 -0.2561233 0.68776363 0.40374547 -0.27246055 0.47535679 0.40647221 -0.3849532 0.60844249 0.3903349 0.0509495 0.52904284 0.38978896 -0.05114518 0.62587821 0.48781365 0.00434491 0.51856083 0.48862299 -0.08317704 0.64164412 0.57985091 0.14083083 0.50490838 0.57552356 0.0845907 
0.64688331 0.27772903 -0.32264578 0.50253332 0.28226933 -0.40271837 0.67132914 0.34368822 -0.18588516 0.48545471 0.34938627 -0.30342394 0.68882477 0.40485665 -0.32452193 0.4761464 0.41140062 -0.43155262 0.6077736 0.39018697 0.0451191 0.52871758 0.38999864 -0.04527836 0.62691855 0.48675123 -0.01752367 0.51853782 0.48868009 -0.08328516 0.64182854 0.57862753 0.12248052 0.50520039 0.57468265 0.07850228
0.64786673 0.27820721 -0.34941438 0.50314319 0.28484786 -0.43095028 0.67345625 0.34534973 -0.21508388 0.48660228 0.35467228 -0.33328983 0.68960083 0.40774196 -0.35302922 0.47639498 0.41607893 -0.45642161 0.60735065 0.39020869 0.03822827 0.52839518 0.39084813 -0.03836748 0.62763023 0.48594183 -0.02716514 0.51791525 0.48875013 -0.07500659 0.64301735 0.57713115 0.12309655 0.50492257 0.57364857 0.08093314
0.64994609 0.2843537 -0.44419372 0.5046367 0.29233676 -0.53410369 0.67639208 0.35092983 -0.31490198 0.48713306 0.36082762 -0.44500861 0.69072002 0.41636148 -0.44636723 0.47638115 0.4243328 -0.57460076 0.60657823 0.39004239 0.03460578 0.52804798 0.39105231 -0.03470666 0.62781781 0.48575908 -0.04318487 0.51630652 0.48874995 -0.09084318 0.64454353 0.57628661 0.11983868 0.50424469 0.57274276 0.08066664
0.65177596 0.29411551 -0.46124947 0.50580406 0.30234918 -0.55407155 0.67923826 0.36041555 -0.3454715 0.48739144 0.36714336 -0.48215196 0.69088614 0.42486504 -0.4707956 0.47577876 0.42855209 -0.60816348 0.60587108 0.39007786 0.03101419 0.52788723 0.39156437 -0.03108853 0.62899858 0.48584571 -0.06612422 0.51551771 0.48853511 -0.11643451 0.64545047 0.57578582 0.07701314 0.5040977 0.57131279 0.04541003
0.65455115 0.30604473 -0.49678394 0.50723511 0.31069887 -0.56290615 0.68146235 0.37155393 -0.39968279 0.48739651 0.37530503 -0.49214777 0.69084996 0.43448222 -0.5203734 0.47551537 0.43222171 -0.61918914 0.60601431 0.39044482 0.027824 0.52798343 0.39189404 -0.02787296 0.63045919 0.484395 -0.10238639 0.5149945 0.48458531 -0.18256764 0.6465143 0.57532614 0.03140927 0.50421685 0.56998336 -0.0309799 
0.6571334 0.31810632 -0.53982604 0.50830698 0.32112733 -0.59960103 0.68415344 0.37966374 -0.45269603 0.48726887 0.38760099 -0.53919756 0.69216251 0.4444102 -0.57344544 0.47322041 0.44215181 -0.67119408 0.60596979 0.39092404 0.02573941 0.52784926 0.39256984 -0.02571681 0.6332199 0.48219386 -0.14170663 0.51307732 0.48081064 -0.26069602 0.64742774 0.57415754 -0.00177503 0.50427836 0.56833774 -0.08700179
0.65769398 0.32947657 -0.55598783 0.50875276 0.33556467 -0.63680005 0.68538165 0.3898986 -0.47106922 0.48828283 0.3992947 -0.59438896 0.6966508 0.45444697 -0.60151398 0.47376719 0.4538196 -0.71794474 0.60599732 0.39343295 0.0279 0.52784055 0.39575639 -0.02792229 0.64046675 0.48130387 -0.25515902 0.50995862 0.48013109 -0.40575185 0.6478231 0.57260251 -0.07572884 0.50437826 0.56791937 -0.19679911
0.66049683 0.34356755 -0.56258172 0.5096702 0.34933364 -0.64231575 0.68940133 0.40759659 -0.50659454 0.49145553 0.41706106 -0.62251443 0.69998187 0.4694581 -0.66389012 0.48025316 0.47369534 -0.76151532 0.60737485 0.40215865 0.02887203 0.52792144 0.40272909 -0.02883071 0.64646935 0.48109567 -0.40344456 0.50832474 0.48086023 -0.50889969 0.64772439 0.57259881 -0.18717901 0.5052014 0.56719589 -0.26043963
0.66491139 0.35830864 -0.6029247 0.51420671 0.35821715 -0.64167434 0.69236332 0.42268926 -0.57855421 0.49329337 0.42446163 -0.63443649 0.70070368 0.48016256 -0.74394518 0.48268348 0.48643106 -0.77668673 0.61316824 0.40930188 0.01699452 0.53016686 0.40696451 -0.01677397 0.64801681 0.47961935 -0.45863563 0.50675869 0.4813115 -0.51040524 0.64761215 0.57270253 -0.25071779 0.50543588 0.5661003 -0.27328464
0.66701072 0.37034744 -0.59914559 0.51682448 0.37237453 -0.63445079 0.69175595 0.43520182 -0.5857271 0.49844286 0.43575594 -0.63905162 0.70015341 0.49615434 -0.74665457 0.4857558 0.49786538 -0.77352411 0.61369503 0.41537943 0.0126565 0.5317046 0.41210726 -0.01241126 0.64947277 0.47821242 -0.50869405 0.50325936 0.47449461 -0.53409034 0.64655089 0.5727731 -0.3168304 0.50596249 0.56555021 -0.32244247
0.66818082 0.38800514 -0.59342635 0.51921386 0.38883907 -0.61591828 0.69107658 0.45081633 -0.58329797 0.49743298 0.44970748 -0.61565769 0.69999951 0.50967538 -0.72624093 0.48495132 0.51114118 -0.73892123 0.61573404 0.42363125 0.00954857 0.53236341 0.41949156 -0.00927239 0.65198499 0.47483647 -0.51110572 0.50114471 0.46400419 -0.5282557 0.64435542 0.57283807 -0.29652151 0.50663924 0.56369275 -0.30462933
0.67024559 0.40751404 -0.59656662 0.52120996 0.40742067 -0.62060457 0.69062424 0.46738127 -0.57304746 0.49717909 0.46668974 -0.61227751 0.70038956 0.5258081 -0.6843006 0.48346573 0.52915353 -0.71001494 0.61889595 0.43093222 0.0087474 0.53225005 0.42733431 -0.00845882 0.65576178 0.47582477 -0.45510978 0.50141627 0.47369042 -0.45195249 0.64429748 0.57218421 -0.25284398 0.50752562 0.56303614 -0.24539942
0.67182988 0.41747317 -0.57640785 0.52141058 0.41509235 -0.61030883 0.70185691 0.46649069 -0.5370822 0.49277231 0.46556368 -0.56700164 0.7043795 0.52095199 -0.65948945 0.47619584 0.52262127 -0.64007324 0.62179345 0.42942747 0.0090444 0.53467518 0.42672426 -0.00869013 0.65587336 0.47645426 -0.3983252 0.50160635 0.46874011 -0.44042271 0.64431632 0.57142425 -0.20357335 0.51006371 0.56226408 -0.23758596
0.67218679 0.42109841 -0.66018498 0.51851398 0.42380926 -0.71741855 0.71020758 0.46064201 -0.57034928 0.48492947 0.46374512 -0.59147316 0.70439768 0.51557064 -0.66932422 0.47611672 0.51576936 -0.57253361 0.62095249 0.42645392 0.01117617 0.53450215 0.42523593 -0.01035312 0.65964335 0.47660455 -0.39971837 0.50454402 0.47103077 -0.42416221 0.64525294 0.57096314 -0.22441255 0.51070839 0.5623973 -0.23959234
0.67189348 0.42056435 -0.5734511 0.51462817 0.420351 -0.63666385 0.70902008 0.45984185 -0.47571722 0.47654477 0.45986682 -0.49806896 0.70392758 0.512582 -0.57618374 0.4741784 0.51129168 -0.49543932 0.62219948 0.42404053 0.0127063 0.5350945 0.42321625 -0.01177064 0.66201836 0.47687179 -0.31986669 0.50462431 0.47105294 -0.3742674 0.6458261 0.5709812 -0.20342688 0.51145422 0.56256479 -0.22506839
0.67159635 0.41795599 -0.54536021 0.51241124 0.41916996 -0.59776807 0.7075308 0.4579545 -0.46049941 0.47487861 0.45736188 -0.47730771 0.70352042 0.51072955 -0.56729871 0.47308409 0.50866055 -0.48120382 0.62151462 0.41883194 0.0136696 0.53521663 0.42278576 -0.01271039 0.66399562 0.47540492 -0.32471505 0.50458205 0.46994936 -0.38072217 0.6462974 0.57074267 -0.2068406 0.51207912 0.56195098 -0.24048369
0.67121285 0.41567919 -0.63619941 0.51165211 0.41422477 -0.68483502 0.70617789 0.4579632 -0.60161036 0.4746694 0.45525008 -0.60990548 0.70328248 0.50957423 -0.7628755 0.47296911 0.50803125 -0.64619219 0.62115151 0.42191947 0.0161769 0.53495628 0.42194 -0.01526164 0.66480172 0.4761872 -0.36374807 0.50456643 0.47056544 -0.43212947 0.64628965 0.57065225 -0.20299387 0.51223403 0.56200671 -0.24580273
0.67094153 0.41384956 -0.62370539 0.51168996 0.41027606 -0.6633321 0.7052958 0.46025473 -0.59908921 0.47521126 0.45439604 -0.63232291 0.70217782 0.51293969 -0.75674009 0.47273916 0.51015204 -0.73159075 0.62206566 0.42312157 0.0163787 0.53522784 0.42143378 -0.01554878 0.66329151 0.47683078 -0.37526813 0.50486422 0.4712005 -0.43036479 0.6461131 0.57071346 -0.19645 0.5121851 0.5617556 -0.2378598 
0.67132843 0.41409311 -0.60108483 0.51168555 0.40869719 -0.60113913 0.70521688 0.46275261 -0.56168193 0.47628367 0.45728797 -0.59928364 0.70212036 0.51621795 -0.7038185 0.47254944 0.51493847 -0.67781115 0.62303513 0.42350024 0.01213895 0.53574944 0.42081538 -0.01155214 0.66002339 0.47696197 -0.38962871 0.50418937 0.46867579 -0.42020997 0.64601046 0.57049143 -0.2022804 0.51169789 0.55899745 -0.21277848
0.67016518 0.41333145 -0.61698055 0.5100227 0.4095864 -0.63545984 0.6959247 0.46568096 -0.60269779 0.47694075 0.46295339 -0.63428247 0.7021659 0.51879305 -0.73718756 0.47094473 0.51989615 -0.730102 0.62283736 0.42297065 0.01117602 0.53518516 0.42106479 -0.01068308 0.65878779 0.47700536 -0.41611543 0.50414497 0.46942273 -0.41676009 0.64599705 0.5698424 -0.21269213 0.51169527 0.55908233 -0.2021856 
0.66858989 0.41500932 -0.61094958 0.50996947 0.41143954 -0.63404244 0.69089997 0.46804661 -0.5869869 0.4773415 0.46369591 -0.61894381 0.70269448 0.52039111 -0.71182954 0.4709852 0.52067846 -0.70660919 0.62265748 0.42263144 0.01014685 0.53512228 0.42127135 -0.00972146 0.65875542 0.47734773 -0.39782742 0.50456637 0.47084731 -0.38326737 0.6460489 0.56965011 -0.19313806 0.51184613 0.55897039 -0.17045733
0.66831952 0.41402373 -0.62215066 0.50968468 0.41234773 -0.64393681 0.69152236 0.46576089 -0.60859656 0.47766045 0.46269938 -0.64176691 0.70383632 0.51907891 -0.7532025 0.47114632 0.51893735 -0.75913972 0.62312013 0.42545402 0.01009243 0.53533059 0.42416748 -0.00963684 0.65899593 0.47763222 -0.4227269 0.50561392 0.47106364 -0.42484841 0.64603776 0.56961662 -0.21614584 0.51189202 0.55972648 -0.20138623
0.66737694 0.41203901 -0.63144058 0.50916201 0.41066691 -0.65111709 0.69226128 0.46410424 -0.61812699 0.47714895 0.46122444 -0.65290898 0.70392269 0.51766884 -0.75781429 0.47087726 0.51762158 -0.77398419 0.62300867 0.42626616 0.01014408 0.53558528 0.42430693 -0.00966109 0.65885758 0.47766489 -0.44445863 0.5057106 0.47115177 -0.45077014 0.64584303 0.56910026 -0.21985403 0.5118795 0.55973679 -0.21839543
0.66619134 0.41100734 -0.63334662 0.50880873 0.40961021 -0.65007854 0.69234383 0.46289295 -0.61876065 0.4763132 0.46009904 -0.65053529 0.7038098 0.51663053 -0.75773418 0.47072697 0.51706713 -0.77123159 0.62325943 0.42611507 0.01007485 0.53589994 0.42420122 -0.00957195 0.65862477 0.47678182 -0.44931772 0.50589365 0.46966782 -0.45761222 0.64583504 0.56858146 -0.21940859 0.51186371 0.55980313 -0.22219588
0.66380495 0.41085824 -0.62915295 0.50861776 0.40898567 -0.64717102 0.69128811 0.4628866 -0.61870414 0.47653311 0.46002579 -0.64532673 0.70373243 0.51713914 -0.75605392 0.47056502 0.51754689 -0.76153135 0.62281871 0.42566168 0.00986073 0.53549618 0.42400125 -0.00935091 0.65688068 0.47666994 -0.43604976 0.50589496 0.46972838 -0.45036545 0.64546716 0.56801039 -0.21631166 0.51186174 0.55951607 -0.22036874
0.66381317 0.41073287 -0.61417222 0.50804538 0.40956947 -0.62765473 0.68877631 0.46471003 -0.59896195 0.4779397 0.46150097 -0.61268598 0.70367122 0.51943666 -0.70893663 0.4705767 0.51829749 -0.69853622 0.62317359 0.42478627 0.00994223 0.53548068 0.42390966 -0.00946339 0.65677452 0.47662923 -0.4228113 0.50609547 0.46992499 -0.39951852 0.64568019 0.567536 -0.2065977 0.51217872 0.5589304 -0.19049408
0.66387784 0.41082525 -0.61894751 0.50806749 0.40920851 -0.63180143 0.68908477 0.46442506 -0.60781014 0.47809884 0.46103522 -0.61931819 0.70404655 0.51872849 -0.73877275 0.47046039 0.51789522 -0.71791929 0.62362951 0.42469436 0.00993473 0.53608721 0.42313471 -0.0094606 0.657125 0.47644967 -0.42634836 0.50658911 0.46896389 -0.40660489 0.64567745 0.56615317 -0.20901421 0.5121665 0.55496991 -0.19290355
0.66457975 0.41054252 -0.65455669 0.50797349 0.40898159 -0.67674166 0.69020569 0.46425867 -0.65103984 0.47742316 0.46077815 -0.67839879 0.70406961 0.51841313 -0.79646355 0.47030425 0.51770115 -0.79372162 0.62489027 0.42454737 0.01002499 0.53782433 0.42271164 -0.00955309 0.6593399 0.47642624 -0.45504299 0.50613332 0.46847391 -0.44230136 0.64587712 0.56558174 -0.20541111 0.51215619 0.55422372 -0.19437644
0.66546828 0.41036347 -0.64460194 0.50799477 0.40883589 -0.66405487 0.69034052 0.46519855 -0.63959658 0.47741762 0.46104318 -0.6579839 0.70410317 0.51881129 -0.77952111 0.47008371 0.51778102 -0.76544178 0.62590551 0.42445028 0.00973813 0.53869522 0.42268464 -0.00926784 0.66013199 0.47642967 -0.44493014 0.50638199 0.46865538 -0.43666112 0.6458866 0.56521487 -0.20750602 0.51228786 0.55479079 -0.19612974
0.66534096 0.4099693 -0.61536384 0.50816739 0.40870324 -0.62757438 0.68985188 0.46498948 -0.60235924 0.47800756 0.46084589 -0.60820705 0.70407307 0.51875466 -0.72700459 0.46995923 0.51768279 -0.70140749 0.62585831 0.42406368 0.0094178 0.53871661 0.422607 -0.00897022 0.66018504 0.47627509 -0.42994663 0.50650913 0.46831325 -0.41406178 0.64604223 0.56525218 -0.19473305 0.51236701 0.55508024 -0.18299171
0.66534996 0.4098801 -0.61439419 0.50819099 0.4087401 -0.62762076 0.68998677 0.46474835 -0.60097581 0.47893789 0.46072131 -0.60801739 0.70442063 0.51853949 -0.72915816 0.46997115 0.51764375 -0.70680976 0.62615746 0.42403048 0.00918982 0.53861159 0.42254287 -0.0087509 0.66011602 0.47499081 -0.42956555 0.50689268 0.46802652 -0.41472498 0.64605457 0.5649671 -0.20366611 0.51238608 0.55476826 -0.18740951
0.66583574 0.40982026 -0.61461437 0.50825047 0.40867051 -0.62797922 0.69002253 0.46489128 -0.60233074 0.4795067 0.46063536 -0.61128396 0.70443529 0.51852214 -0.73259306 0.46997759 0.5175553 -0.7100963 0.62680191 0.4239766 0.00921265 0.53862685 0.42247453 -0.00877217 0.66008496 0.47489548 -0.42999026 0.50725055 0.46780854 -0.41642192 0.64600122 0.56495446 -0.19467513 0.5124377 0.55480695 -0.18162093
0.66680306 0.40978667 -0.63664895 0.50864261 0.40803969 -0.64705706 0.69010472 0.46506119 -0.63201034 0.47951066 0.45999399 -0.6343134 0.70436591 0.5184806 -0.76734877 0.46994528 0.51723379 -0.74137789 0.62764513 0.42395598 0.0090231 0.53954864 0.42222118 -0.00856734 0.66010886 0.47499242 -0.44035861 0.50756973 0.46775961 -0.43065456 0.646097 0.56500471 -0.19482754 0.51240522 0.55414814 -0.18445796
0.66726899 0.40910909 -0.60647446 0.50920588 0.40729237 -0.62226778 0.69025981 0.46472347 -0.59379882 0.47952351 0.45930961 -0.60068452 0.70461607 0.51818043 -0.72459167 0.46993774 0.51632357 -0.69880831 0.62823468 0.42374504 0.00887601 0.54001421 0.42191258 -0.00842844 0.66114652 0.47505531 -0.4262853 0.50772101 0.4677453 -0.41699368 0.64636624 0.56470066 -0.18815863 0.51243424 0.55398709 -0.1792247 
0.66776735 0.40868998 -0.60976177 0.50960094 0.40656856 -0.62306243 0.69031942 0.46455905 -0.60341179 0.47956672 0.4586677 -0.60778761 0.70468265 0.51811987 -0.73906511 0.46989086 0.51612592 -0.71118355 0.62889796 0.42370918 0.00889294 0.54051059 0.42190683 -0.00844537 0.66163146 0.47507375 -0.43426082 0.50812298 0.46778166 -0.4274801 0.64637363 0.5645349 -0.18646178 0.51243961 0.55395061 -0.18097872
0.66798139 0.40789837 -0.61088634 0.51008046 0.40602928 -0.62694019 0.69037682 0.46434844 -0.60639691 0.47968292 0.45857415 -0.60935581 0.70467329 0.51808161 -0.74184221 0.469688 0.51601249 -0.71583271 0.62912083 0.42366669 0.0089062 0.54081565 0.42190781 -0.00845887 0.66174918 0.47490945 -0.43775943 0.50911385 0.46791756 -0.43674481 0.64639729 0.56428337 -0.1879832 0.51258069 0.55399364 -0.1880893 
0.66829038 0.40683517 -0.60057139 0.51058829 0.40521827 -0.6112271 0.69048584 0.46415651 -0.58809048 0.48016018 0.45811737 -0.58890694 0.70466626 0.51804262 -0.71735328 0.46957362 0.51545906 -0.68972975 0.62947172 0.42363489 0.0088933 0.54127866 0.42189366 -0.00844778 0.66197407 0.47488829 -0.43700016 0.50957781 0.46830741 -0.43435726 0.64640021 0.56432945 -0.18850222 0.51266032 0.55409825 -0.18831077
0.66864395 0.40550271 -0.60107124 0.51128012 0.40373108 -0.61304176 0.69082427 0.46267605 -0.59005302 0.48123193 0.45790416 -0.59425175 0.70465583 0.51785302 -0.7196511 0.46957293 0.51495612 -0.69387472 0.62976354 0.42362326 0.00889625 0.54183978 0.42183393 -0.0084513 0.66239023 0.47481358 -0.43692929 0.50965518 0.46828479 -0.43436077 0.64610577 0.5643481 -0.19443968 0.51261729 0.55397952 -0.19382343
0.66941637 0.40335497 -0.60833085 0.5120092 0.40083843 -0.61633551 0.69086826 0.462533 -0.60770363 0.48275676 0.45749694 -0.61773109 0.70381451 0.51762217 -0.74455148 0.46927398 0.51448339 -0.72819698 0.6297124 0.42351544 0.00890089 0.54184169 0.42158079 -0.00845605 0.6627506 0.47506934 -0.45088264 0.50964403 0.46885693 -0.45164493 0.64610529 0.5644902 -0.20485917 0.51248038 0.55403453 -0.20599529
0.66939354 0.40007165 -0.60905313 0.51226461 0.3958607 -0.61841714 0.69089758 0.46044227 -0.60807437 0.48288879 0.45621973 -0.61642265 0.703587 0.51637095 -0.74317241 0.46836939 0.51378208 -0.72540402 0.62881368 0.42295066 0.00927479 0.54174578 0.42074665 -0.00881825 0.66287649 0.47500461 -0.45556754 0.51056671 0.46718132 -0.46148118 0.64620161 0.56451303 -0.20160095 0.5119881 0.55405545 -0.20510423
0.6692701 0.39455631 -0.61958134 0.51265156 0.38873595 -0.61948895 0.69091994 0.45753658 -0.61382854 0.48305833 0.45242012 -0.6163826 0.70078224 0.5139727 -0.74307454 0.46623394 0.51172084 -0.72756726 0.62744677 0.42104182 0.0104587 0.5415079 0.41823566 -0.01000936 0.66286618 0.47489482 -0.4612425 0.51132727 0.46726137 -0.47310019 0.64649749 0.56449145 -0.20458028 0.51151127 0.55447 -0.2206561 
0.6686359 0.38531163 -0.61432731 0.51279211 0.38250047 -0.61767983 0.68948752 0.44621241 -0.5957936 0.48464605 0.4451021 -0.59854811 0.69581604 0.50737673 -0.71498686 0.46564794 0.50588626 -0.71002632 0.62524945 0.41743296 0.01317508 0.54011917 0.41505107 -0.01276137 0.66251141 0.47345445 -0.45649639 0.5118838 0.46815243 -0.47172901 0.64649898 0.5636006 -0.21378346 0.5111807 0.55448538 -0.23524763
0.66863102 0.37519094 -0.59211123 0.51307255 0.37230623 -0.60204613 0.68870628 0.43403694 -0.57019126 0.48457116 0.43454087 -0.58649778 0.69202036 0.49389571 -0.69028848 0.4655025 0.49754703 -0.70006025 0.62335944 0.41500098 0.0146786 0.53892803 0.41254765 -0.01427365 0.6604358 0.46884444 -0.48385015 0.51205313 0.4666926 -0.48533201 0.64650548 0.56233728 -0.23584396 0.51096332 0.55459714 -0.24674615
0.6686269 0.36429647 -0.59474921 0.51329613 0.36041701 -0.6079722 0.68873835 0.42461967 -0.57659966 0.48448157 0.4216893 -0.59302586 0.69151109 0.48371533 -0.70345432 0.46642587 0.48512763 -0.70458823 0.6231842 0.41146687 0.01444189 0.5389787 0.40839401 -0.01404288 0.65774685 0.46928376 -0.47878271 0.51309085 0.46642464 -0.49544695 0.64708662 0.56149983 -0.23062953 0.51089609 0.55394882 -0.24652897
0.66789651 0.35273537 -0.58560872 0.51292473 0.35267547 -0.60875601 0.69018859 0.41541415 -0.55922616 0.48264483 0.41402137 -0.59587389 0.69245088 0.47524601 -0.69438493 0.4662571 0.47513008 -0.71783799 0.6229502 0.40613964 0.01629099 0.53907126 0.40393499 -0.01597037 0.65726525 0.46984929 -0.47695622 0.51547623 0.46640167 -0.48321015 0.64706099 0.56110454 -0.22356567 0.51082867 0.55363715 -0.23970054
0.66738731 0.34363288 -0.57215971 0.51289904 0.34274229 -0.59793448 0.69136238 0.40645686 -0.54034138 0.48012024 0.40365508 -0.57718605 0.69270474 0.46566388 -0.67479229 0.46563154 0.46401343 -0.70510268 0.62133157 0.39978066 0.01720259 0.53856671 0.39799562 -0.01692503 0.6555354 0.46857131 -0.47009334 0.51769173 0.46254805 -0.48090279 0.64664531 0.5607118 -0.22377275 0.51063102 0.55345911 -0.24288183
