0.43126789 0.43390712 -0.77176529 0.21380746 0.43770736 -0.25241718 0.46844724 0.5775004 -0.79431468 0.22714846 0.53330988 -0.07922534 0.45970279 0.69915694 -0.73487103 0.22521923 0.64210439 -0.13724443 0.52473801 0.54738605 -0.14842525 0.38222453 0.55467665 0.14824116 0.37877873 0.61170423 -0.80208677 0.2740542 0.61414462 -0.3210732 0.49728078 0.76309675 -0.42656595 0.36537257 0.74975318 -0.02274252
0.40628529 0.44469246 -0.97299093 0.18553647 0.44910172 -0.39724651 0.46720588 0.58909202 -0.98491865 0.21892691 0.55948269 -0.14654179 0.47647694 0.70708948 -0.93955624 0.22083192 0.664226 -0.30841354 0.49630663 0.56643522 -0.15644592 0.34904692 0.55973905 0.1561459 0.39225134 0.6274929 -0.8549419 0.26930958 0.63311934 -0.27234271 0.49062139 0.78639996 -0.5544126 0.37919015 0.75694674 0.2646817 
0.39527574 0.44717249 -0.91704124 0.1879999 0.45344412 -0.31691411 0.46139055 0.59143871 -0.94236565 0.23808105 0.56239057 -0.14649916 0.47750494 0.7153095 -0.91482794 0.23549315 0.67539829 -0.24618635 0.51140803 0.55605114 -0.16390955 0.37545249 0.56294876 0.16371582 0.38471356 0.62950307 -0.80672759 0.26997802 0.6309194 -0.19559127 0.48691961 0.78085214 -0.54323393 0.37826169 0.75049043 0.20470196
0.38862574 0.44280288 -0.86907202 0.18218763 0.45566085 -0.26191586 0.45553964 0.59130627 -0.90344197 0.23526976 0.55467838 -0.09117334 0.47710973 0.70961398 -0.8584457 0.23399059 0.65676218 -0.16762273 0.51702672 0.55446148 -0.16411343 0.3873913 0.57030118 0.16394745 0.37782425 0.62269878 -0.78875333 0.26611021 0.61946088 -0.25339037 0.48693803 0.78549743 -0.58991057 0.38362092 0.7549153 -0.02380732
0.38867533 0.43911886 -0.86234641 0.18776457 0.46031812 -0.24279533 0.45508891 0.58820367 -0.88559258 0.22133401 0.56204146 -0.0752778 0.4802036 0.70229232 -0.83013612 0.23488455 0.66514003 -0.1518344 0.52460849 0.55009198 -0.17056586 0.39887759 0.56817114 0.17041555 0.37362534 0.61546135 -0.82271743 0.26044622 0.61523795 -0.20201592 0.48308638 0.78341562 -0.66583407 0.38009962 0.75474399 0.05417527
0.38535827 0.43646556 -0.85147554 0.18852831 0.46059293 -0.23630214 0.45505959 0.58505857 -0.83442628 0.22134203 0.5711543 -0.07131089 0.48153624 0.69774938 -0.75730199 0.23956428 0.6696803 -0.13267983 0.53487784 0.54898816 -0.17260894 0.40892646 0.56060147 0.17240834 0.37066579 0.61328655 -0.80143648 0.2612845 0.61591828 -0.17543042 0.48534992 0.78153044 -0.60712916 0.37834391 0.74900085 0.08223765
0.38533399 0.43605104 -0.84704047 0.18690029 0.46543875 -0.25137299 0.45470184 0.58433306 -0.82434142 0.22707823 0.57561588 -0.09319568 0.47910511 0.70357734 -0.73739392 0.24171297 0.67985916 -0.14934509 0.54380709 0.5459891 -0.17105046 0.41901124 0.55680686 0.17087078 0.37878773 0.61525589 -0.79587871 0.26837254 0.61611015 -0.16365479 0.4849267 0.77769452 -0.57336766 0.38219449 0.75278664 0.09688724
0.38493556 0.43759796 -0.87642181 0.1850545 0.46682692 -0.25247547 0.4546482 0.58423764 -0.85261667 0.22812393 0.57464832 -0.11724605 0.48054132 0.70366001 -0.77443099 0.24662597 0.68067342 -0.19523925 0.54809141 0.54393327 -0.17127721 0.42915377 0.55469018 0.17110124 0.37516916 0.61492419 -0.82960147 0.27061731 0.61497766 -0.16747397 0.48324993 0.77645993 -0.58282852 0.38310319 0.752657 0.09246866
0.38365462 0.43772992 -0.85952091 0.18805343 0.46874005 -0.25994343 0.4547857 0.5832271 -0.82263088 0.22975388 0.57587349 -0.12756345 0.48228195 0.70048344 -0.76379347 0.25278786 0.67991436 -0.20246431 0.5530948 0.54160243 -0.16965134 0.43524992 0.5522874 0.16946153 0.37944663 0.61439186 -0.71370119 0.28085223 0.62096256 -0.14772721 0.48543826 0.77364045 -0.44707063 0.38435289 0.75291747 0.09363198
0.38396478 0.43819559 -0.86619067 0.18302278 0.47137642 -0.32285377 0.45674977 0.58519524 -0.8266151 0.2311389 0.58188951 -0.18255214 0.48337051 0.69923395 -0.77669513 0.25562602 0.68316424 -0.23684269 0.55632311 0.5412159 -0.16861841 0.43615368 0.55092335 0.16842395 0.38222736 0.61578065 -0.72850823 0.28666893 0.62030244 -0.11397517 0.4856855 0.77403027 -0.4933092 0.38285664 0.74994314 0.11746532
0.37988773 0.43872473 -0.98321682 0.18183708 0.46986547 -0.40196195 0.4577232 0.58361214 -0.98891896 0.22916922 0.58078933 -0.25548127 0.4832367 0.69593936 -0.97411555 0.25621453 0.68436933 -0.31974843 0.55928135 0.5370844 -0.17234378 0.43681797 0.55050296 0.17221756 0.38649932 0.61611176 -0.88400567 0.28559706 0.61979592 -0.14502199 0.48604918 0.7747463 -0.69339108 0.38936532 0.75619048 0.11671887
0.38009202 0.43962756 -1.03065205 0.18085854 0.47129291 -0.4301821 0.45850548 0.58466876 -1.04466248 0.22605832 0.57916075 -0.28949252 0.48360261 0.69816905 -1.04209197 0.25529441 0.68182033 -0.3755945 0.56090254 0.5347501 -0.17649184 0.43638313 0.55018926 0.17648003 0.38920766 0.61399138 -1.01361823 0.2814846 0.61872965 -0.13537718 0.48494312 0.77392083 -0.83788568 0.38684708 0.75272268 0.14535439
0.37941048 0.44141513 -1.15686464 0.18347092 0.47025362 -0.50544357 0.45856774 0.58401418 -1.20271313 0.22476551 0.57804364 -0.36249146 0.48416385 0.69624412 -1.24896121 0.2548013 0.68282962 -0.46395937 0.5625512 0.53217828 -0.18947609 0.43727538 0.54961467 0.18951496 0.39317265 0.61379331 -1.1590668 0.27944586 0.61796081 -0.19354624 0.48492506 0.77426732 -0.95123357 0.38544509 0.75469804 0.1438753 
0.37923437 0.44233009 -1.0832535 0.18224385 0.47169849 -0.47872749 0.4586536 0.58431816 -1.09872782 0.22419098 0.57963198 -0.35421702 0.48452872 0.69475663 -1.10357177 0.25671232 0.68338287 -0.45660144 0.56265229 0.53114611 -0.18699722 0.43681231 0.54918671 0.18699494 0.3933281 0.61356676 -1.04167521 0.27815422 0.61721122 -0.18224935 0.48676357 0.77461773 -0.84712213 0.38392395 0.7539795 0.11164733
0.37717637 0.44245917 -1.11705124 0.1816245 0.47180539 -0.48857918 0.4588984 0.58370376 -1.13173485 0.22196737 0.58040774 -0.3640295 0.48439354 0.69448376 -1.13288844 0.25879923 0.68375701 -0.47571355 0.56372452 0.52845496 -0.18985641 0.43690899 0.54861379 0.18989371 0.39474478 0.61351544 -1.04526937 0.27756113 0.62055951 -0.22348671 0.48705852 0.77300185 -0.79808486 0.38763225 0.75681871 0.07801388
0.37684005 0.44194612 -1.0866996 0.18073422 0.47387183 -0.48216015 0.45946804 0.58326501 -1.10177422 0.22152574 0.58410436 -0.3623344 0.48413703 0.69564891 -1.09787738 0.26096064 0.68598574 -0.4666245 0.56473535 0.52736598 -0.18789211 0.43763065 0.54855382 0.18791187 0.39648265 0.61189264 -1.00136781 0.27990294 0.61971653 -0.23151913 0.48373798 0.77248853 -0.76310033 0.38636565 0.7560088 0.03356604
0.37503964 0.44138488 -1.06233323 0.17989266 0.47427931 -0.46623597 0.45946148 0.58270031 -1.08255017 0.21968007 0.58337653 -0.35842568 0.48378065 0.69633764 -1.07454538 0.26150349 0.68512309 -0.46178272 0.56495667 0.52683252 -0.18676387 0.43768066 0.5484466 0.1867695 0.39671892 0.61009973 -1.00426435 0.27856457 0.62086934 -0.27996007 0.48281398 0.77239424 -0.74633598 0.38698444 0.75844723 -0.02854167
0.37434545 0.44100064 -1.05645823 0.17653678 0.47575185 -0.45661899 0.45948309 0.58263505 -1.07656968 0.22030179 0.58413202 -0.34674561 0.48392057 0.69574928 -1.07914174 0.26191837 0.68566215 -0.45512098 0.56459898 0.52642512 -0.18647622 0.43758076 0.54819942 0.18650292 0.39999759 0.61006093 -0.99498528 0.277758 0.62087953 -0.25876004 0.48082152 0.77161878 -0.74034256 0.38582677 0.75972664 0.00192524
0.37428463 0.4409095 -1.03794527 0.17582424 0.47497115 -0.44998395 0.45959276 0.58228379 -1.05085683 0.22099346 0.58322078 -0.33791593 0.48567471 0.69626653 -1.03144395 0.26331377 0.68480563 -0.43988791 0.56467199 0.52633858 -0.18474776 0.43741211 0.54809147 0.184715 0.40006503 0.611112 -0.93494433 0.2770372 0.62312293 -0.24060689 0.48145401 0.7713291 -0.69485545 0.39047432 0.76211315 0.01657401
0.37280899 0.44106644 -1.05064583 0.17572074 0.47531557 -0.45981148 0.45958734 0.58203006 -1.07450008 0.22120911 0.58420402 -0.34435976 0.48590946 0.69707322 -1.07823694 0.26325262 0.68494147 -0.43955657 0.56530362 0.5264104 -0.18472262 0.43795946 0.54787403 0.18469821 0.39737707 0.61098701 -0.94955468 0.27687293 0.62456924 -0.23755524 0.48165956 0.77101135 -0.69575536 0.39187771 0.76323986 0.01794012
0.37158915 0.44108248 -1.0505172 0.1761118 0.47546867 -0.47227287 0.45892203 0.58200133 -1.07415152 0.21655738 0.58452636 -0.36127734 0.48569262 0.69685417 -1.08306444 0.26253098 0.68514216 -0.45197701 0.56605494 0.52619958 -0.18463707 0.43814045 0.5467307 0.18460548 0.39760044 0.61089462 -0.95841146 0.27684864 0.62398136 -0.23087662 0.48206624 0.77077943 -0.73209822 0.39091146 0.76224017 0.0272375 
0.37111878 0.44099 -0.93557841 0.17668675 0.47537938 -0.41223413 0.45837241 0.57948989 -0.96190256 0.21490777 0.58517736 -0.32800764 0.48556665 0.69412988 -0.97380823 0.2621372 0.68607825 -0.39094484 0.56739491 0.5255965 -0.17668831 0.4401477 0.54440278 0.17652415 0.39796507 0.60980099 -0.88256752 0.27680069 0.62251824 -0.16742773 0.48115015 0.77061754 -0.72918522 0.39037886 0.76233554 0.02229161
0.37060723 0.44097033 -0.85238439 0.179979 0.47533804 -0.33882001 0.45817009 0.57899892 -0.8599323 0.21439724 0.58547002 -0.25202662 0.48544672 0.69402987 -0.86629868 0.26206213 0.68609822 -0.32287708 0.56924939 0.52559233 -0.17213489 0.4427518 0.54382682 0.1719047 0.39813399 0.61101502 -0.79212421 0.27642241 0.62212634 -0.13066036 0.47826305 0.77076334 -0.6286146 0.39082491 0.76256996 0.02719143
0.3707777 0.44164354 -0.79439044 0.1862532 0.47517988 -0.28199106 0.4579854 0.5789535 -0.77706218 0.21484868 0.58507997 -0.18333998 0.48148057 0.69257599 -0.77065593 0.26203889 0.6858412 -0.26029423 0.57019234 0.52579892 -0.16986012 0.44495025 0.54311383 0.16956055 0.3961077 0.61399519 -0.69957173 0.27640674 0.62199104 -0.100939 0.4760862 0.7712599 -0.4914107 0.39481816 0.76311618 0.04299095
0.3708227 0.44223896 -0.82939887 0.18787356 0.47528738 -0.30717668 0.45798281 0.5782665 -0.81976426 0.21502823 0.58482921 -0.21101652 0.47898448 0.68928653 -0.81611818 0.26230624 0.68565553 -0.28587064 0.57106292 0.52593946 -0.16971633 0.44585377 0.54310095 0.16943665 0.39577982 0.61598033 -0.73939717 0.27642414 0.62233508 -0.11105434 0.47632462 0.77242988 -0.52583063 0.39492354 0.76270735 0.04543311
0.37205347 0.44221053 -0.85793573 0.18873227 0.47519132 -0.33244717 0.45758104 0.5716756 -0.86060613 0.2199038 0.58178276 -0.22942519 0.46094671 0.68405187 -0.86039466 0.26270947 0.68411583 -0.30269527 0.57159448 0.52596146 -0.1696171 0.44637245 0.54281992 0.16935976 0.39069685 0.616754 -0.75191081 0.27726576 0.62699789 -0.12939209 0.47651055 0.77247351 -0.56087095 0.39518839 0.76271749 -0.00590677
0.37246794 0.44222036 -0.85989141 0.18972492 0.47514895 -0.33515492 0.45666572 0.57096809 -0.86841476 0.22892445 0.57925034 -0.22619992 0.46312749 0.68326634 -0.87044758 0.26309577 0.68207455 -0.292604 0.5715127 0.526061 -0.1696752 0.44706175 0.542656 0.16942963 0.38447097 0.61650586 -0.7389676 0.27898699 0.62642735 -0.12903924 0.47474223 0.77137762 -0.55106378 0.39532179 0.76289707 -0.00181871
0.37368417 0.44194934 -0.83093315 0.19188741 0.47497886 -0.33532119 0.45635858 0.56876785 -0.82838404 0.23486291 0.57769066 -0.22621027 0.46464658 0.67661822 -0.83724689 0.26582223 0.6799801 -0.29259756 0.57260168 0.52611065 -0.16614366 0.44904131 0.54247111 0.16587201 0.38459617 0.61713624 -0.67395663 0.27981383 0.6268481 -0.13827989 0.47323319 0.77136523 -0.49467769 0.39544189 0.76274961 -0.04855593
0.37546462 0.44191343 -0.82428527 0.1954966 0.47475588 -0.31161496 0.45620731 0.56498641 -0.80606264 0.23655619 0.5769881 -0.19253401 0.46570697 0.67188525 -0.81605732 0.26575604 0.67870319 -0.26183239 0.57405144 0.52622223 -0.16629232 0.45183295 0.5417791 0.16605179 0.3830862 0.61989892 -0.60588574 0.28250432 0.62673277 -0.10591924 0.46949175 0.77157748 -0.39042309 0.39667085 0.76194859 -0.00289267
0.37741289 0.44192949 -0.84618723 0.19571188 0.47402817 -0.320862 0.45622405 0.56526673 -0.8290174 0.22884788 0.57495803 -0.19322057 0.46583951 0.67836744 -0.84053731 0.24169184 0.67443353 -0.25702205 0.57396328 0.52661282 -0.16637684 0.4515371 0.54140985 0.1661607 0.37944916 0.62477928 -0.58820039 0.2825655 0.62718743 -0.10392722 0.46669957 0.77374858 -0.32772592 0.39611968 0.76212555 0.05263271
0.37924933 0.44076782 -0.86293131 0.19658421 0.47136119 -0.33572674 0.45659828 0.56609505 -0.83583623 0.22827446 0.57400441 -0.20641755 0.46764019 0.67888921 -0.86889631 0.24009651 0.67371976 -0.27430135 0.57389015 0.52661043 -0.1666539 0.45129722 0.53963107 0.16644606 0.37144956 0.62635601 -0.58185625 0.28254008 0.62701958 -0.10534094 0.46683779 0.7741251 -0.31282642 0.39611992 0.76119626 0.0810826 
0.37976742 0.44024783 -0.86432725 0.19867405 0.46880636 -0.33741641 0.45673114 0.56620544 -0.84620446 0.22913839 0.57380009 -0.21090201 0.46922332 0.67938918 -0.88972396 0.24243529 0.67337763 -0.28044084 0.57382578 0.52565205 -0.16781455 0.45241112 0.53650212 0.16761312 0.37244606 0.6197654 -0.56788844 0.28335544 0.62611163 -0.09704036 0.45948106 0.77306205 -0.38107339 0.39932269 0.76172376 0.04807563
0.38126332 0.43998232 -0.86713886 0.20061687 0.46614477 -0.33376712 0.45678696 0.56621581 -0.84936851 0.22910398 0.57124424 -0.18939507 0.47068325 0.67949134 -0.87387466 0.24282549 0.67002201 -0.25196043 0.57326961 0.52521533 -0.169186 0.45242739 0.53502125 0.16904373 0.36167809 0.62087238 -0.51558632 0.28327641 0.62517929 -0.06299407 0.45820582 0.77360469 -0.30342013 0.40081948 0.75961512 0.09108412
0.38138056 0.43758386 -0.87827665 0.20263514 0.4629389 -0.3264142 0.45678332 0.56607819 -0.88548434 0.22944015 0.56813461 -0.1954031 0.47071046 0.68292397 -0.91421044 0.23763473 0.66721755 -0.26290116 0.57318723 0.52301872 -0.17568751 0.45308444 0.53233618 0.17563336 0.36224657 0.6133253 -0.54083651 0.28322849 0.61828554 -0.06246542 0.45755142 0.77293301 -0.32919356 0.40223017 0.76017171 0.0354381 
0.38184261 0.43197539 -0.84792662 0.20539759 0.45893946 -0.32005137 0.45668992 0.56097943 -0.84241259 0.24072014 0.56628793 -0.18475436 0.47083354 0.6765061 -0.87464088 0.25140783 0.66646093 -0.25292173 0.57311738 0.52011424 -0.17512216 0.4558554 0.53040558 0.175044 0.36500156 0.61372906 -0.54461533 0.28319412 0.61838686 -0.07365126 0.4585146 0.76948386 -0.35755977 0.40413964 0.7601757 0.03562274
0.38216335 0.42893186 -0.82452726 0.20908162 0.45590717 -0.30144009 0.45667082 0.5546391 -0.80307853 0.2512472 0.56124872 -0.16989422 0.46948734 0.66941231 -0.81424463 0.25233507 0.66268736 -0.22817113 0.57352602 0.51774716 -0.17407857 0.4580676 0.52719468 0.17401832 0.3850795 0.61390483 -0.55227643 0.28872606 0.61831158 -0.04215293 0.46424612 0.77157265 -0.37468475 0.40511146 0.76017869 0.0700113 
0.38205528 0.42285055 -0.76260614 0.21277757 0.45105973 -0.26550293 0.45673686 0.55050623 -0.71839905 0.25573173 0.55834037 -0.13584861 0.46957535 0.66013092 -0.71642989 0.25223193 0.65680826 -0.18797633 0.57381111 0.51568401 -0.17154795 0.45837989 0.52283442 0.1714624 0.38498467 0.61405843 -0.46838522 0.28842089 0.61724383 -0.01307745 0.4643459 0.77291936 -0.31943044 0.40495083 0.75985169 0.07904584
0.38177696 0.41505039 -0.75599867 0.21527618 0.4412567 -0.25152424 0.4566507 0.53978688 -0.71530843 0.25990278 0.55278111 -0.12191807 0.47066006 0.65335196 -0.71923327 0.25157037 0.65011656 -0.1717618 0.57391113 0.51136714 -0.16929428 0.46128273 0.51729006 0.16925436 0.38590664 0.61351907 -0.4220925 0.29878631 0.61689085 -0.00892551 0.464531 0.77394515 -0.27595723 0.40640655 0.76172602 0.09072733
0.38173503 0.40893066 -0.78839552 0.21642582 0.43415987 -0.25528949 0.4566699 0.52870548 -0.75193119 0.26422685 0.5459677 -0.10998555 0.47265989 0.64529502 -0.74573356 0.25210294 0.64578742 -0.15286303 0.57453835 0.50761181 -0.17580482 0.46286574 0.51101625 0.17584302 0.38641962 0.61351353 -0.42086712 0.30192792 0.61656135 -0.01051763 0.46452445 0.77581787 -0.25659224 0.41397408 0.7655046 0.12029382
0.38007873 0.40466657 -0.83078051 0.21827103 0.42556891 -0.26177755 0.45667431 0.52424437 -0.78928578 0.26632163 0.54099059 -0.10808823 0.47530881 0.63768476 -0.7762717 0.2540887 0.64230841 -0.16473687 0.57532042 0.50450754 -0.18452388 0.46569291 0.50886691 0.18464628 0.38800231 0.61362779 -0.45159802 0.30498642 0.61667687 -0.01443081 0.46351016 0.77552152 -0.24288709 0.41420794 0.76526761 0.13206367
0.37937331 0.39821509 -0.78365064 0.21985932 0.42277962 -0.2317363 0.45670465 0.51829237 -0.73372918 0.265201 0.53628904 -0.09209763 0.47544092 0.63389415 -0.72559696 0.2553452 0.63474572 -0.14575943 0.57580131 0.50081575 -0.18406093 0.46604764 0.50491267 0.18414149 0.39674908 0.60970426 -0.45832452 0.30904928 0.61662805 -0.02108336 0.46288142 0.77496785 -0.28485084 0.41352403 0.76506066 0.11358645
0.37934023 0.3894853 -0.88266838 0.2197268 0.41513327 -0.32912767 0.45670751 0.5086773 -0.84341997 0.26379696 0.52970403 -0.18690345 0.47806373 0.62156141 -0.84072882 0.25699738 0.63157833 -0.2422794 0.57490158 0.49486345 -0.18437555 0.46525705 0.49846369 0.18442686 0.41299504 0.60905033 -0.50424767 0.31667212 0.61431426 -0.02804403 0.46293765 0.77624357 -0.39920512 0.41319004 0.76532561 0.10576649
0.37967536 0.38413385 -0.92003262 0.22185387 0.40824953 -0.34480995 0.45590603 0.50839084 -0.91277826 0.26266131 0.52296835 -0.20815541 0.47806007 0.61882269 -0.94553041 0.26323888 0.624336 -0.28527713 0.57481915 0.49259081 -0.18668279 0.4650858 0.49454623 0.18672113 0.42485625 0.60703844 -0.58024645 0.3155494 0.61180174 -0.04767178 0.46822792 0.77732927 -0.49890277 0.409435 0.76512599 0.10009696
0.38037848 0.37562716 -0.94438636 0.22444628 0.39717871 -0.33692032 0.45591053 0.50095409 -0.90418655 0.26730174 0.50975424 -0.20719542 0.47992593 0.61004448 -0.90324652 0.27154848 0.61281204 -0.26308465 0.57486081 0.48864076 -0.1959881 0.46477669 0.48972896 0.19609001 0.44896778 0.60906476 -0.56574643 0.31718612 0.60594636 -0.03173364 0.47173196 0.78042716 -0.44209343 0.40373132 0.76362997 0.16558082
0.38035119 0.36510229 -0.96209264 0.22521682 0.3863841 -0.34524518 0.45563069 0.49459845 -0.93595093 0.27137282 0.49510428 -0.1988018 0.46668851 0.6070174 -0.93008035 0.27791411 0.60135609 -0.2764146 0.57308 0.48250389 -0.19623946 0.46049157 0.4814406 0.19628617 0.44148311 0.61294538 -0.53284663 0.32488719 0.60284072 -0.01427673 0.47151002 0.78094065 -0.421112 0.39428824 0.76149589 0.16492055
0.38132188 0.35463437 -0.93981367 0.22799599 0.37446153 -0.31949204 0.45577317 0.48081669 -0.91571057 0.27574387 0.48141524 -0.1576896 0.4802739 0.59496248 -0.87275684 0.28093719 0.58772528 -0.25168726 0.57219774 0.47546926 -0.19486821 0.45725515 0.47646579 0.19490659 0.44514984 0.61293828 -0.52520597 0.32996014 0.59985387 -0.02084846 0.47146145 0.78067237 -0.39053431 0.39207378 0.75841659 0.14893633
0.38219163 0.34361601 -0.87890553 0.23130597 0.36624807 -0.30471388 0.45578596 0.46820191 -0.83120769 0.28507462 0.47731695 -0.15075053 0.4962717 0.5820623 -0.81958264 0.28297967 0.58235914 -0.2438805 0.57220042 0.46914238 -0.1910791 0.45661905 0.47282568 0.19101636 0.45412549 0.6096465 -0.5154053 0.34119579 0.59958458 -0.02457525 0.4734506 0.7748186 -0.3882111 0.39235961 0.75690633 0.14318079
0.38442978 0.34284809 -0.72318828 0.23170206 0.36181054 -0.25160483 0.4556078 0.46914119 -0.64595282 0.28621134 0.47707415 -0.10789891 0.50149155 0.58312964 -0.61915559 0.2827982 0.58226901 -0.1608218 0.57192069 0.46918392 -0.17149875 0.45585525 0.47372314 0.17125444 0.46018291 0.60954863 -0.43848729 0.35032669 0.60091919 -0.01652965 0.47341198 0.77476215 -0.3198891 0.39389294 0.75709629 0.10939573
0.38642031 0.33269319 -0.80660546 0.23345883 0.35640574 -0.31351212 0.45651242 0.46029302 -0.6939829 0.28685039 0.47381303 -0.14781107 0.50344354 0.57713211 -0.75330925 0.28200451 0.57685524 -0.19944119 0.57116884 0.46537849 -0.17062254 0.45226857 0.47017246 0.17035826 0.46731362 0.6089831 -0.54538643 0.347637 0.59683853 -0.04710269 0.48176083 0.77399498 -0.39347962 0.39354169 0.75598699 0.14571147
0.39199132 0.32500479 -0.79127908 0.23500146 0.35161486 -0.30640513 0.45688799 0.45654398 -0.72850144 0.28832081 0.46890298 -0.14205343 0.50683701 0.57402784 -0.7480247 0.2814382 0.57005304 -0.19447449 0.56964701 0.46193174 -0.16429214 0.4489699 0.46759331 0.16395897 0.46686548 0.60779107 -0.52360606 0.35064021 0.59808218 -0.11947381 0.48618454 0.77376932 -0.37344915 0.39388311 0.75638086 0.01771149
0.39877453 0.31775481 -0.84123397 0.2418479 0.34323692 -0.32974041 0.46069366 0.44788548 -0.80785209 0.29238752 0.45899826 -0.14702849 0.50648832 0.56671309 -0.84269804 0.28146061 0.56116593 -0.2001863 0.56960464 0.45809847 -0.16454071 0.4492498 0.46376562 0.16420294 0.46856248 0.60695899 -0.44209772 0.35689905 0.59640598 -0.09322368 0.49115613 0.77285933 -0.30546522 0.38949353 0.75636929 0.06142914
0.40324864 0.30658764 -0.89680338 0.25054753 0.33579645 -0.28984892 0.46895653 0.43730995 -0.88202763 0.29742393 0.45238087 -0.08381823 0.50794774 0.55463028 -0.92616522 0.28295246 0.55234772 -0.19169511 0.56952405 0.46017006 -0.18345279 0.44945827 0.46367615 0.18323512 0.46528602 0.6067186 -0.50506556 0.35859764 0.59487981 -0.08084894 0.49584672 0.77189445 -0.31079057 0.38461384 0.75427777 0.17411299
0.41246778 0.29466712 -0.86640602 0.25869638 0.33345643 -0.21738929 0.48105344 0.42742416 -0.85728216 0.30502093 0.44732767 -0.02329725 0.51283377 0.54089767 -0.88487536 0.28292102 0.54412013 -0.12840027 0.57169467 0.46301448 -0.19020626 0.45235646 0.46636042 0.18994972 0.46689242 0.60641408 -0.4459081 0.36040476 0.59541863 -0.047782 0.50065899 0.77610356 -0.29842353 0.38734981 0.75448346 0.16676769
0.42606196 0.28876808 -0.85286611 0.26469469 0.32779968 -0.24156013 0.48803377 0.4228844 -0.8526355 0.31062594 0.44272906 -0.06119735 0.51781255 0.53512686 -0.8699975 0.28268719 0.53646547 -0.15423319 0.57055873 0.46381649 -0.18907952 0.45092514 0.46613649 0.18883568 0.46935105 0.60593921 -0.41535765 0.36392903 0.59596241 0.03039167 0.50091296 0.77749801 -0.30505893 0.38799751 0.75541365 0.21801914
0.43597344 0.28144154 -0.73128575 0.27458304 0.32033312 -0.20703602 0.49029779 0.4182975 -0.70224452 0.31236863 0.43344527 -0.03236071 0.51952583 0.53340656 -0.70016414 0.28506646 0.5280838 -0.09923173 0.5653339 0.46032646 -0.17625324 0.44719648 0.46280119 0.17582756 0.46818015 0.60493678 -0.39848152 0.3720707 0.59824789 0.0466931 0.50182205 0.77807993 -0.32407492 0.39048848 0.76018405 0.19109704
0.44651803 0.2720246 -0.74250257 0.28387225 0.31387186 -0.22892176 0.49582762 0.40166563 -0.74337131 0.31349719 0.42606792 -0.05088717 0.52365744 0.51519859 -0.75567675 0.28785744 0.52203077 -0.19036961 0.55606085 0.455672 -0.16814746 0.43877944 0.46093017 0.16774884 0.47577718 0.60234159 -0.42520607 0.37855828 0.59697229 -0.0282275 0.50061834 0.77623403 -0.39582461 0.39120173 0.76042151 0.05386388
0.45987019 0.26517752 -0.67766964 0.29751024 0.3049725 -0.18925829 0.50744313 0.3939994 -0.66505122 0.31675988 0.41595915 -0.04649702 0.53019804 0.50543755 -0.65102005 0.29485899 0.51101553 -0.15618047 0.54985774 0.45712644 -0.16002913 0.4306953 0.46215579 0.15974617 0.48525333 0.60342824 -0.40981683 0.37950155 0.60020441 0.10512305 0.50233412 0.77570999 -0.3896313 0.39129832 0.7603904 0.23459128
0.47182095 0.25931197 -0.73231047 0.30700919 0.29744598 -0.18394957 0.50544369 0.39426887 -0.70775402 0.32308933 0.40824226 -0.04699682 0.53012741 0.50578743 -0.71986467 0.29864848 0.50493455 -0.15989824 0.53700286 0.45817453 -0.16300291 0.41769201 0.46302271 0.16274545 0.49231523 0.60901302 -0.3733553 0.38283581 0.60568243 0.27046987 0.50175726 0.77671677 -0.29609075 0.39143673 0.76086843 0.49435821
0.48313695 0.25374255 -0.67210943 0.3194817 0.29263687 -0.07214231 0.51101077 0.38474068 -0.68318713 0.3294965 0.40240175 0.07370764 0.53155977 0.4934372 -0.66899949 0.30275136 0.49443758 -0.07746741 0.52756184 0.45874235 -0.17017561 0.40975869 0.46360391 0.17003244 0.49356768 0.61002141 -0.34675652 0.38983357 0.60730726 0.28097472 0.50468212 0.77671319 -0.25745106 0.38786727 0.76196688 0.5031473 
0.49490312 0.24939518 -0.58625209 0.33349314 0.28514811 -0.00392648 0.51722068 0.37766728 -0.60205328 0.33864093 0.39288774 0.14149392 0.53124869 0.48370171 -0.5930115 0.30519405 0.48183823 -0.00625564 0.52226561 0.45901024 -0.17305556 0.40761322 0.4640581 0.17286359 0.4932563 0.61178625 -0.28419638 0.39121169 0.6097964 0.21414362 0.50499886 0.77665925 -0.16306293 0.38802046 0.7602855 0.39262375
0.50678098 0.24898444 -0.49610874 0.3473379 0.28060088 0.06483294 0.52535892 0.37542993 -0.54523462 0.34736434 0.39143923 0.19799821 0.53032911 0.48051605 -0.59003079 0.30807284 0.47772831 0.0490145 0.51905376 0.45936978 -0.17162517 0.406174 0.46450534 0.1714236 0.4982501 0.61568242 -0.28243741 0.39271614 0.61271077 0.22326826 0.50542307 0.78154594 -0.20238411 0.38885561 0.7604211 0.40175459
0.51516873 0.24557191 -0.41207147 0.35648626 0.2809796 0.15507698 0.53476989 0.36654311 -0.48396534 0.35228479 0.38964722 0.28241616 0.53340536 0.47648558 -0.55748248 0.30678663 0.47248706 0.14039825 0.51997948 0.45961884 -0.1694929 0.40641245 0.46470726 0.16926332 0.49933472 0.6153844 -0.24286892 0.3921521 0.61240041 0.17893972 0.50545108 0.78134114 -0.16102637 0.38949582 0.76037419 0.34731779
0.52605307 0.24410011 -0.3599956 0.36384702 0.27891016 0.20786121 0.54184967 0.3636632 -0.42566499 0.35775989 0.38965914 0.34055045 0.53447729 0.47105753 -0.49805954 0.30778864 0.47300157 0.21544744 0.52174824 0.45927089 -0.16610767 0.40576091 0.4648509 0.16585138 0.50313628 0.61510652 -0.23110329 0.39108792 0.61181635 0.16282433 0.50610107 0.78146553 -0.15321451 0.38958156 0.76031309 0.33912665
0.5332399 0.24434838 -0.36242041 0.36993134 0.27892867 0.20444341 0.54449731 0.3628341 -0.42056623 0.35915458 0.38832787 0.34320837 0.53368592 0.46759835 -0.48339623 0.30833027 0.47112912 0.21188149 0.5194326 0.45948333 -0.16562511 0.40341821 0.4649868 0.1653306 0.50215554 0.61490631 -0.2134459 0.39173824 0.6121332 0.15561816 0.50645125 0.78036338 -0.11606307 0.38967499 0.7596519 0.30383721
0.54196125 0.24419394 -0.3549425 0.38025498 0.27852848 0.21345782 0.54792976 0.35985029 -0.41552445 0.35872158 0.38808438 0.34708413 0.5327794 0.46233815 -0.45657921 0.30880883 0.46817902 0.22706534 0.51636797 0.45964041 -0.16495582 0.40247554 0.46505281 0.164645 0.50268531 0.61478633 -0.20477334 0.39267343 0.61267686 0.15847939 0.5062831 0.78127968 -0.1284034 0.38866544 0.75970399 0.28730044
0.54587585 0.24517825 -0.38049695 0.38532436 0.2804077 0.21491119 0.55438429 0.35641855 -0.44160753 0.36178562 0.38782769 0.35515562 0.53230125 0.45844719 -0.46602139 0.30832428 0.46622676 0.23629239 0.51208985 0.46099493 -0.16442794 0.4005473 0.46699464 0.16411647 0.50635779 0.61608219 -0.19000319 0.39742291 0.61550486 0.15651006 0.5068925 0.78130108 -0.09525362 0.38863453 0.76261884 0.25379398
0.55509245 0.24755628 -0.37740386 0.38660651 0.28236187 0.21386138 0.56161439 0.35641283 -0.44945022 0.36143342 0.38928738 0.37362653 0.53201783 0.45583358 -0.49974585 0.29309893 0.4527294 0.23890129 0.50703442 0.46432924 -0.16465802 0.39581913 0.47031838 0.16434322 0.50915724 0.61757737 -0.19559355 0.40072039 0.61647606 0.15890096 0.5070734 0.78171515 -0.08226194 0.38839868 0.76416397 0.26108316
0.55727124 0.24897426 -0.35365319 0.39121345 0.28374293 0.24237555 0.56768906 0.35514513 -0.42898682 0.36598307 0.39048079 0.39795679 0.53178263 0.45400044 -0.47881532 0.2931084 0.45135444 0.26613185 0.50643969 0.46493301 -0.16551885 0.39542806 0.47124866 0.16521904 0.51148975 0.61757368 -0.2026673 0.40867329 0.6160683 0.16175444 0.50825554 0.78164893 -0.10676376 0.38885328 0.76400679 0.25145754
0.55951208 0.24979018 -0.27303183 0.39509583 0.28460205 0.3094818 0.57352191 0.35264173 -0.35911047 0.36923018 0.38931447 0.43866867 0.53274333 0.45170486 -0.39908016 0.29320437 0.44994715 0.30677113 0.50808495 0.46471015 -0.1646232 0.39561826 0.47118515 0.16436481 0.5134877 0.61742556 -0.19483842 0.40942037 0.61577588 0.15770057 0.50837994 0.78159177 -0.11558334 0.39026228 0.7642327 0.22703463
0.56162262 0.24996617 -0.23258895 0.39832863 0.2851547 0.32849666 0.57551569 0.354408 -0.323466 0.37253579 0.38882113 0.43752339 0.53266078 0.45226049 -0.36163706 0.29653633 0.45269763 0.29856017 0.50788349 0.46370047 -0.1636028 0.39541531 0.4695957 0.16338103 0.51233262 0.61731118 -0.20604675 0.40846884 0.61565119 0.13292614 0.50828379 0.78155482 -0.12476811 0.39028838 0.76483285 0.19284181
0.56681424 0.25288484 -0.26009285 0.39580962 0.2854597 0.2943466 0.57434607 0.35666275 -0.3456592 0.37025705 0.38912448 0.42149955 0.53193784 0.45444912 -0.404764 0.29693741 0.45370063 0.27763557 0.50568306 0.46369952 -0.16269338 0.39169481 0.46938181 0.16250099 0.51178086 0.61792207 -0.20658779 0.40753371 0.61604202 0.13410455 0.50822657 0.78128135 -0.12776946 0.38967204 0.76474839 0.20688196
0.565494 0.25381809 -0.29305243 0.39987558 0.28575668 0.29260847 0.57436699 0.35796165 -0.37159184 0.37017035 0.38959706 0.41869456 0.53190839 0.45593271 -0.41435605 0.29752249 0.45439118 0.27744445 0.50251526 0.46368366 -0.16278124 0.39117944 0.46919 0.16260432 0.51128101 0.61788201 -0.21225925 0.40686443 0.61792004 0.13193126 0.51029199 0.7798264 -0.13174327 0.38976389 0.76571083 0.18525061
0.56425327 0.25389495 -0.29946512 0.40284094 0.2859062 0.28729448 0.5758785 0.35841766 -0.37592459 0.37220231 0.38985872 0.40811282 0.53189945 0.45608905 -0.42497733 0.29937109 0.45438248 0.26769504 0.50018734 0.46324605 -0.16289067 0.39150992 0.46850368 0.16271327 0.51142931 0.61784685 -0.21517447 0.40660068 0.61862934 0.13386154 0.51186705 0.77967304 -0.14021342 0.3921102 0.76564014 0.19641265
0.56412452 0.25460896 -0.31117147 0.40223455 0.28596863 0.26939878 0.57646358 0.35886362 -0.38805383 0.37163979 0.39011118 0.39675489 0.53183883 0.45677948 -0.4698593 0.29945973 0.45437813 0.25669464 0.49981663 0.46368161 -0.16297738 0.39130962 0.46858826 0.16280004 0.5119077 0.61819994 -0.21552478 0.40643343 0.6196909 0.15393062 0.51227045 0.77980745 -0.13910557 0.39242464 0.76556933 0.23450425
0.56452656 0.25552431 -0.35150075 0.40052554 0.28609711 0.254152 0.57630414 0.35917243 -0.42802194 0.37108502 0.39029682 0.38800341 0.5314368 0.45727003 -0.50053179 0.30136117 0.45525134 0.24556772 0.49931148 0.46464613 -0.16302317 0.39079207 0.46871927 0.16284963 0.51169568 0.61905456 -0.21508354 0.40599304 0.62067944 0.18151721 0.51219511 0.78097987 -0.13736406 0.39204958 0.76574534 0.29350385
0.56307203 0.255548 -0.35087392 0.39975268 0.28584677 0.25189885 0.57531428 0.35938671 -0.41658193 0.370574 0.3904129 0.38415927 0.53131288 0.45747232 -0.46449515 0.3064082 0.45775419 0.24312453 0.49965441 0.46467671 -0.16550501 0.39105129 0.46864346 0.16530643 0.5101862 0.61895484 -0.21587537 0.40574643 0.62053102 0.19082379 0.51212353 0.78160703 -0.14830749 0.39200217 0.76521885 0.29331669
0.56210834 0.25545689 -0.37414208 0.39874899 0.28525388 0.24324208 0.57480747 0.35954672 -0.43781084 0.37032917 0.39047787 0.36724171 0.53058803 0.4575446 -0.48658064 0.30726308 0.45961905 0.23581244 0.4996351 0.46469209 -0.16669682 0.39123178 0.46859798 0.16650407 0.50735688 0.61906046 -0.21497445 0.40427372 0.62109506 0.1966912 0.5120703 0.78255922 -0.14270097 0.39201769 0.76518625 0.30711171
0.55948496 0.25474852 -0.38567448 0.39854395 0.28478256 0.25164273 0.57237899 0.35817897 -0.4684085 0.3693727 0.39042351 0.37934738 0.52934021 0.45678246 -0.53869551 0.30682755 0.46141717 0.24990356 0.49988347 0.46468544 -0.17104225 0.39148095 0.46851164 0.1708212 0.50178754 0.61900681 -0.20049562 0.39990607 0.62111121 0.19081743 0.51177901 0.78259474 -0.0731969 0.39188084 0.76515216 0.29467103
0.55341226 0.25284433 -0.37993553 0.39821339 0.28320536 0.25342187 0.5669319 0.35719442 -0.46200836 0.36358821 0.3897635 0.38035938 0.52701646 0.45683339 -0.50586909 0.30452174 0.4632048 0.25808537 0.49996597 0.46339086 -0.17096698 0.39165762 0.46718946 0.17074539 0.4954356 0.61896461 -0.19104704 0.39591286 0.6210438 0.15433812 0.51123506 0.78247333 -0.06252681 0.39123824 0.76549071 0.26767486
0.54830337 0.25190982 -0.37241089 0.39307898 0.28266722 0.26209617 0.56050724 0.35732979 -0.44507152 0.35863999 0.38958848 0.38592714 0.52639383 0.45742318 -0.47174987 0.30382064 0.4650144 0.26990172 0.49943215 0.46301711 -0.17093599 0.39176694 0.4671469 0.1707218 0.48848042 0.61858457 -0.18727222 0.39112705 0.62059647 0.13694336 0.51038349 0.78062838 -0.05469901 0.39013144 0.76555985 0.26059112
0.5426625 0.25134644 -0.3716045 0.38587594 0.28274497 0.25893903 0.55193895 0.3578366 -0.43965682 0.35415235 0.38962692 0.37828672 0.52638471 0.46053329 -0.4619278 0.30361706 0.46887115 0.26528618 0.4995054 0.46289846 -0.17031766 0.39146185 0.46712562 0.17006652 0.48273495 0.61866128 -0.18484019 0.38545385 0.62065923 0.13052483 0.50674695 0.7794441 -0.03895007 0.39088884 0.7656036 0.26468331
0.53306425 0.25101244 -0.35470697 0.37739745 0.28253847 0.25743842 0.54219806 0.35853282 -0.39817888 0.34838513 0.38964069 0.37973216 0.52515364 0.46471605 -0.39839134 0.30270374 0.47224131 0.26566285 0.49922824 0.46337217 -0.17006688 0.38987786 0.4681941 0.16978183 0.47747114 0.61906344 -0.18112779 0.37547711 0.62079942 0.12844284 0.50396568 0.77928847 -0.01337858 0.39170209 0.76554149 0.28094169
0.52461511 0.25142947 -0.46220657 0.36596313 0.28355506 0.11757188 0.53307068 0.36433023 -0.47017625 0.34283888 0.39244834 0.26997185 0.52335727 0.47279957 -0.41514391 0.30174378 0.47912428 0.16052929 0.49994969 0.46528026 -0.17002094 0.38992962 0.47056231 0.16973516 0.47402304 0.62192649 -0.16994159 0.36573055 0.62115353 0.12778841 0.50331545 0.77787679 0.04479995 0.39170039 0.76552415 0.33269134
0.51842815 0.25517884 -0.49245623 0.35847002 0.28574389 0.06979309 0.52200234 0.37144718 -0.49566731 0.3365373 0.39847326 0.24226506 0.51761746 0.47705567 -0.4336465 0.29851261 0.48853472 0.14127491 0.50258756 0.4668079 -0.16996218 0.39056122 0.47329274 0.16963698 0.4740546 0.62383074 -0.16762683 0.36161283 0.62113506 0.12174784 0.50287795 0.77790254 0.04522419 0.39215621 0.76551241 0.33773077
0.50740278 0.2606971 -0.57207721 0.35086274 0.29214451 0.03029792 0.52000892 0.38063636 -0.58309412 0.33286989 0.40637463 0.21980081 0.51744658 0.48694527 -0.54936779 0.29605889 0.4977062 0.1142977 0.50411898 0.47504678 -0.17654924 0.39504966 0.48205 0.1760703 0.4729549 0.62962055 -0.14440283 0.35959324 0.62341505 0.17237909 0.50306439 0.7783578 0.14303583 0.39224452 0.76552767 0.48260164
0.49946272 0.26946172 -0.59262127 0.34094211 0.3009302 0.00146467 0.51335919 0.38730955 -0.60166788 0.33024123 0.41345963 0.18819468 0.5152604 0.49595991 -0.56795955 0.29303271 0.50620472 0.08992655 0.50865954 0.48039234 -0.17996678 0.39726892 0.48784202 0.17950931 0.47338992 0.62982333 -0.14622967 0.35883918 0.62332463 0.17681959 0.5019809 0.78142184 0.08006852 0.39088577 0.76537341 0.43643793
0.49467394 0.27874824 -0.6721676 0.33240759 0.30975607 -0.08510458 0.50720346 0.40394419 -0.66938072 0.32711956 0.42046401 0.09693224 0.5145818 0.51635945 -0.60816151 0.2931287 0.51729667 -0.00753943 0.5126065 0.48142806 -0.18301715 0.39939362 0.49024451 0.18257175 0.47354805 0.62919176 -0.19881161 0.35929254 0.62227386 0.04964301 0.50227302 0.78144515 0.03462967 0.3909322 0.76554817 0.32160595
0.48297119 0.28667656 -0.68561614 0.32030144 0.31807244 -0.1090253 0.49812967 0.41190952 -0.69452614 0.31979561 0.42875436 0.07962929 0.51050031 0.52579969 -0.6520533 0.2898736 0.53151107 -0.00228106 0.522771 0.48194686 -0.18288097 0.40474853 0.49186474 0.18245974 0.47125307 0.62641817 -0.35300198 0.35872379 0.61543763 -0.04530999 0.50231761 0.7814247 -0.23909016 0.39029291 0.76518363 0.19522735
0.46844611 0.29337177 -0.74749202 0.31013921 0.32444006 -0.18183702 0.48901486 0.41901338 -0.73195684 0.31244591 0.43545607 0.01704979 0.5051468 0.53432721 -0.68140811 0.28554791 0.53934503 -0.04343772 0.52790886 0.48096073 -0.18250269 0.40760675 0.49004209 0.1821107 0.47166052 0.62222838 -0.30922365 0.35965639 0.61249709 0.02390342 0.50236332 0.78029293 -0.17004952 0.39023179 0.76178384 0.34117439
0.45886508 0.30263081 -0.76553339 0.29952312 0.33380803 -0.20193352 0.48473549 0.43350491 -0.75342548 0.30757636 0.44578773 -0.02336659 0.50016236 0.54595029 -0.72842371 0.28407982 0.55090135 -0.10448969 0.53215015 0.48007056 -0.17498796 0.410043 0.48943514 0.17477971 0.47570947 0.61919039 -0.45379075 0.36018476 0.60944003 0.04474871 0.50240707 0.78092301 -0.38082373 0.39221674 0.76129371 0.30754596
0.44920424 0.31326944 -0.76102382 0.29015565 0.33953649 -0.19874331 0.48108736 0.44635206 -0.73175538 0.30415183 0.45603529 -0.01181351 0.49858794 0.5530237 -0.69775593 0.27727547 0.55710781 -0.07889916 0.54041439 0.48074895 -0.16699228 0.4141489 0.49009237 0.16683576 0.48278385 0.61939102 -0.54161918 0.36207864 0.60974818 0.06017012 0.50243455 0.78166854 -0.47854677 0.39219257 0.76005054 0.30242091
0.44055086 0.32583639 -0.79601109 0.28056508 0.34916922 -0.26452139 0.48047107 0.46448359 -0.76170075 0.29810244 0.46139061 -0.06922416 0.49114221 0.57303751 -0.71681333 0.27163121 0.56305873 -0.11247342 0.54426885 0.48323074 -0.15487587 0.41690874 0.49054071 0.15467346 0.48348162 0.62120056 -0.57576346 0.36233541 0.61087835 -0.01273785 0.50214195 0.78200436 -0.48194703 0.3950792 0.7594291 0.19642037
0.42972618 0.34166664 -0.87475574 0.27036032 0.36227491 -0.34306636 0.4763647 0.48381212 -0.83985597 0.28873789 0.47236925 -0.15289511 0.48589727 0.59302974 -0.78148037 0.27082363 0.5732559 -0.21711132 0.54853618 0.48732623 -0.15203682 0.41870657 0.49221975 0.15180911 0.46986517 0.61968869 -0.7185083 0.35565761 0.60957456 -0.05767317 0.49899423 0.78191119 -0.65367031 0.38940722 0.75927418 0.17228824
0.42052951 0.35146645 -0.78114766 0.25976914 0.38240641 -0.26014575 0.47150645 0.4932006 -0.76154596 0.28305763 0.48820165 -0.08020388 0.48239338 0.60443771 -0.72064406 0.27094015 0.58536983 -0.14081348 0.55572313 0.49074736 -0.1470838 0.42745751 0.50074452 0.14680547 0.47952554 0.61783499 -0.58454508 0.34742773 0.60933143 -0.01508148 0.49429587 0.78179818 -0.59335852 0.38919395 0.75936168 0.14741288
0.41595331 0.36980504 -0.87052715 0.24942426 0.40074098 -0.3185859 0.4700166 0.50853199 -0.87331605 0.27527708 0.50866175 -0.15314658 0.4845615 0.62265217 -0.86147046 0.27220672 0.60320747 -0.24247965 0.56362152 0.49651727 -0.15276822 0.43660316 0.50595427 0.15252879 0.45075387 0.61693233 -0.68595648 0.32784709 0.60945159 -0.16613199 0.4952673 0.78024936 -0.60148746 0.38784871 0.75813258 0.01963565
0.41554001 0.38960177 -0.92797047 0.23860818 0.40736026 -0.37908745 0.4698469 0.53051931 -0.92824471 0.26580361 0.52128303 -0.2302926 0.48455602 0.64906269 -0.91528171 0.26557949 0.62107563 -0.3640478 0.56349587 0.50381035 -0.15836236 0.43469942 0.51419222 0.15825136 0.45591938 0.62546241 -0.66622239 0.30549002 0.61738849 -0.22067805 0.49153453 0.78029329 -0.4990899 0.38765997 0.75674146 0.03167744
0.41787559 0.41588837 -0.93437958 0.24045379 0.41688174 -0.39758217 0.47209686 0.55242133 -0.92531079 0.25894308 0.53349912 -0.24895988 0.48554641 0.66484088 -0.89758456 0.26600021 0.64014012 -0.34639618 0.56308913 0.50728756 -0.15836829 0.43729967 0.51689273 0.15820418 0.43180934 0.61414891 -0.62851465 0.30405492 0.61719543 -0.17800362 0.4858261 0.77802247 -0.47116783 0.38765553 0.75696391 0.00216578
0.41666523 0.43687254 -0.94331229 0.22809333 0.43702114 -0.41932115 0.47338128 0.58100188 -0.92902154 0.25482935 0.56132573 -0.27893293 0.48446202 0.69702142 -0.91432637 0.26590088 0.67256641 -0.35846969 0.564542 0.5132072 -0.15709288 0.4409093 0.52292126 0.15688132 0.43344665 0.60809743 -0.81613523 0.30339542 0.61277556 -0.12333784 0.48758817 0.78248578 -0.70881319 0.37500992 0.75554693 0.11527937
0.41004694 0.45200053 -0.98777568 0.21125042 0.46519324 -0.5022034 0.47429475 0.58340949 -0.99823833 0.24462011 0.5825212 -0.40784425 0.48458043 0.70108575 -1.01427042 0.26217583 0.67684358 -0.50747961 0.56303591 0.52178299 -0.15726069 0.43881527 0.53626162 0.15701959 0.4352386 0.60966468 -0.83101529 0.29305857 0.61696255 -0.20025784 0.48683992 0.77881789 -0.72044754 0.37779775 0.75567192 -0.03074331
0.4010559 0.45228606 -1.13460517 0.21521512 0.47845325 -0.54904914 0.48533228 0.58181173 -1.19088566 0.23963235 0.58428311 -0.43763506 0.48495999 0.70859587 -1.25356817 0.25854197 0.67408472 -0.59847176 0.56718242 0.52412641 -0.18071005 0.44982773 0.5413236 0.18061122 0.43827036 0.61020035 -0.96101099 0.28979129 0.61687028 -0.19609037 0.48409814 0.77758634 -0.7761001 0.37696993 0.75249732 0.04508863
0.4008064 0.44956625 -0.99451578 0.22120619 0.48151028 -0.3784855 0.50185591 0.57314134 -1.04752553 0.24737857 0.5799439 -0.24752057 0.48700008 0.69262815 -1.07426429 0.2615864 0.66638321 -0.36330196 0.57470119 0.5247035 -0.18765207 0.46613187 0.54102516 0.18761556 0.41869658 0.6046142 -0.80671793 0.29743537 0.61999005 -0.10305371 0.46258464 0.76965964 -0.72085875 0.37930453 0.75463355 0.07010739
0.39600042 0.44649979 -0.96823663 0.22250773 0.48141155 -0.32647344 0.5068692 0.56899172 -1.02470529 0.25074884 0.58278006 -0.13754371 0.49047783 0.6906811 -1.0540489 0.2659522 0.66876817 -0.19909973 0.57853788 0.52495539 -0.19807327 0.47093391 0.54207325 0.19810775 0.40075594 0.60597032 -0.74081373 0.30125475 0.62579697 -0.0591775 0.45738572 0.77077281 -0.61818802 0.40554848 0.75510764 0.07795583
0.38598332 0.44607177 -0.93668431 0.22297475 0.4798559 -0.29647055 0.50390285 0.57618904 -0.99200666 0.25106308 0.58740336 -0.14598012 0.49100348 0.69853294 -1.00588751 0.26624882 0.67651457 -0.21149875 0.5786851 0.52534771 -0.2007785 0.46827176 0.54123676 0.20072319 0.38005707 0.60496867 -0.69015366 0.29542622 0.62513739 -0.04768812 0.46161798 0.75071228 -0.43996543 0.40799591 0.75519156 0.10395384
0.38174465 0.44477323 -0.99627334 0.21453859 0.48047039 -0.42651317 0.49118704 0.57764083 -1.06822109 0.24643557 0.59102327 -0.34593901 0.49102032 0.69771725 -1.1425792 0.26646504 0.68228871 -0.45698464 0.57740051 0.5228346 -0.19600299 0.46419913 0.53831846 0.1959103 0.39517826 0.60525489 -0.77051723 0.29644549 0.62521702 -0.01784612 0.46440938 0.76457047 -0.65268701 0.40771568 0.75531745 0.17054363
0.37647122 0.44336927 -0.98775637 0.21363124 0.48062542 -0.39601657 0.47984615 0.57175791 -1.07758904 0.24328859 0.59156042 -0.3243241 0.49102756 0.69513673 -1.15138948 0.26653162 0.68443114 -0.43438035 0.57767409 0.5213331 -0.19882564 0.46486038 0.53697288 0.19877253 0.40312222 0.60488862 -0.8008703 0.29825899 0.62475234 0.0099442 0.46525544 0.76515132 -0.71080422 0.3993009 0.75896019 0.18276063
0.37155649 0.44307277 -0.97522175 0.21429905 0.47763032 -0.33204734 0.47790647 0.57315665 -1.04108953 0.23954079 0.59077078 -0.29708877 0.49103805 0.69895154 -1.08137369 0.26610911 0.68263358 -0.39481461 0.57738441 0.52089781 -0.20339876 0.46635863 0.53612155 0.20338963 0.3900995 0.59526181 -0.7821812 0.29439938 0.6243912 -0.01462523 0.45641783 0.76531285 -0.68558085 0.40554711 0.75703353 0.16966312
0.37084758 0.44054565 -0.92050481 0.21185139 0.47544327 -0.33061096 0.47704524 0.57090914 -0.99051279 0.23707429 0.58694088 -0.27917692 0.49217349 0.69881994 -1.04733503 0.26587769 0.68079811 -0.36576307 0.5773443 0.52032745 -0.20273685 0.46819577 0.53543949 0.20293163 0.38777664 0.59553963 -0.7596072 0.2929599 0.62081546 -0.02161163 0.45652199 0.76470941 -0.69570965 0.40473217 0.75631046 0.09470621
0.37011856 0.43929359 -0.87352949 0.20785087 0.47258517 -0.32965019 0.47674587 0.56978488 -0.89786887 0.23614123 0.58428657 -0.24798048 0.49263197 0.69805652 -0.93499863 0.26580682 0.67937785 -0.30472678 0.57703388 0.51995116 -0.19100845 0.46680716 0.53530866 0.19119895 0.38708416 0.60266227 -0.69812524 0.28702369 0.61959499 -0.02351936 0.45732644 0.76506925 -0.66732764 0.40425462 0.75632632 0.04219125
0.37335125 0.44040534 -0.87787092 0.20960729 0.47303894 -0.33637482 0.47699043 0.56979871 -0.91341007 0.23526008 0.58499634 -0.27278715 0.49314299 0.69642913 -0.94531941 0.26607254 0.68090141 -0.31529224 0.57666612 0.51996922 -0.18436408 0.46592453 0.53500062 0.18451631 0.38845187 0.6065461 -0.6875264 0.28789639 0.61821717 -0.00634162 0.45850185 0.76599705 -0.65140063 0.40099004 0.75845516 0.06318308
3.73833925e-01 4.39325601e-01 -8.36124599e-01 2.08405524e-01 4.72827733e-01 -3.14438194e-01 4.75636125e-01 5.68893075e-01 -8.57608736e-01 2.31898487e-01 5.84786415e-01 -2.35439196e-01 4.93136317e-01 6.96839392e-01 -8.73967528e-01 2.66211987e-01 6.81488335e-01 -2.86186963e-01 5.76557577e-01 5.20260751e-01 -1.77497819e-01 4.65702146e-01 5.34636736e-01 1.77582845e-01 3.87466133e-01 6.07421577e-01 -6.62844121e-01 2.85819501e-01 6.18004262e-01 -6.43169158e-04 4.59392279e-01 7.66239941e-01 -6.42140031e-01 4.00366426e-01 7.58605897e-01 6.30920529e-02
0.37382498 0.43870658 -0.81894684 0.20664386 0.47346395 -0.30022502 0.47379977 0.56526566 -0.83757681 0.23137623 0.58465326 -0.20248833 0.49290597 0.69643283 -0.86549944 0.26624 0.68170029 -0.25761986 0.57634681 0.52067941 -0.17562112 0.46536475 0.53440988 0.17563227 0.38395381 0.60899562 -0.64441675 0.28495696 0.61825699 0.01313249 0.4609738 0.76909089 -0.63644928 0.39435247 0.75858867 0.07196808
0.37450281 0.43826908 -0.81845981 0.20454457 0.47311029 -0.29814568 0.47279373 0.56472629 -0.83702964 0.22906567 0.58397287 -0.1960694 0.49234205 0.69672227 -0.86532491 0.26624972 0.68149346 -0.25674495 0.57606518 0.5212602 -0.17558558 0.46494895 0.53425211 0.17557278 0.38631091 0.61125839 -0.62777156 0.28551951 0.61917299 0.02887052 0.46134061 0.7694959 -0.61169273 0.39431077 0.75894415 0.08324597
0.37486583 0.43781742 -0.79605782 0.203188 0.47332546 -0.29964018 0.47264907 0.56468225 -0.80161667 0.22993997 0.58401805 -0.20338744 0.49127159 0.69591802 -0.82886976 0.26678351 0.68212157 -0.26238346 0.5758723 0.52137578 -0.17217588 0.4640258 0.53433412 0.1721489 0.38868493 0.61366558 -0.61539412 0.28600317 0.62012565 0.02246737 0.46173504 0.77355838 -0.57839334 0.39348564 0.75988466 0.08475629
0.37494004 0.43747646 -0.81699407 0.20087546 0.47303095 -0.30327675 0.47262084 0.56704402 -0.82957596 0.23066255 0.58387047 -0.20769747 0.49095827 0.69672126 -0.85809052 0.26686454 0.68154925 -0.26244763 0.57542938 0.52221161 -0.17161727 0.46151596 0.53477728 0.17164326 0.3927173 0.61866146 -0.63520914 0.2865307 0.62063801 0.06178959 0.46585628 0.77857369 -0.64519811 0.38051161 0.75872922 0.1333015 
0.37352931 0.43724838 -0.81216669 0.20073245 0.47290576 -0.3065449 0.47221786 0.56814879 -0.81783754 0.23170714 0.5834325 -0.20912963 0.4907026 0.69753635 -0.84430891 0.26705903 0.68136489 -0.26695994 0.57523781 0.52224195 -0.17066015 0.46018615 0.53480738 0.17072423 0.39347702 0.61918885 -0.62937427 0.28718147 0.6216771 0.04861916 0.46673208 0.77969629 -0.6382758 0.37720129 0.75900567 0.12397689
0.37364331 0.43711999 -0.82204992 0.20093983 0.47279146 -0.31467184 0.47085923 0.56778604 -0.83674163 0.23211929 0.58320767 -0.23037098 0.49022919 0.69710243 -0.86350787 0.26720592 0.68126941 -0.28337482 0.57519531 0.52219129 -0.17098638 0.46010515 0.5348689 0.17104544 0.39469004 0.61854362 -0.63515848 0.2934857 0.6221565 0.04300411 0.46502796 0.77919936 -0.68179548 0.37838665 0.76149362 0.12010959
0.37354559 0.43703794 -0.82574058 0.20097502 0.47264305 -0.31803566 0.46954596 0.56760627 -0.84501302 0.23235315 0.58305079 -0.23531461 0.48989049 0.69680917 -0.86983109 0.26679438 0.68107665 -0.28633428 0.57516128 0.52215534 -0.1711656 0.46003917 0.53487366 0.17123948 0.39947468 0.61859554 -0.64987981 0.29709744 0.6222021 0.06602966 0.46504632 0.77950674 -0.73063189 0.37863684 0.76230752 0.12802008
