0.37915826 0.25332573 -0.50459015 0.24625976 0.27055162 0.05498099 0.46258354 0.34953609 -0.51200145 0.26427132 0.36884344 0.15938 0.49108627 0.45710087 -0.53879553 0.26681218 0.46608227 0.08961163 0.57660365 0.3638055 -0.18229312 0.49977818 0.39979663 0.18288161 0.37830347 0.40980217 -0.59343398 0.34766746 0.45671225 0.29640234 0.40850577 0.5538131 -0.41941455 0.38061431 0.5589233 0.47413975
0.3977913 0.22931795 -0.6735155 0.26087433 0.24061783 -0.13603723 0.46006635 0.34645742 -0.69120145 0.28367501 0.34837598 -0.04863896 0.49230883 0.45688912 -0.6724534 0.26646295 0.45897543 -0.11124412 0.60605031 0.32004768 -0.17807323 0.51103258 0.33176759 0.17846265 0.42424124 0.37765989 -0.61198694 0.33901942 0.40656731 0.3213098 0.41881642 0.54441935 -0.56167322 0.36179292 0.51894742 0.51648581
0.39950716 0.22816439 -0.57935756 0.27316445 0.2465224 -0.13243152 0.46047714 0.34267575 -0.55047941 0.28553253 0.35482815 -0.03779426 0.49392366 0.45572814 -0.52729481 0.26898909 0.45392293 -0.05413696 0.62010145 0.31843516 -0.16365929 0.52201331 0.32913771 0.16377375 0.40909284 0.37671345 -0.32904297 0.33498004 0.40677106 0.22325981 0.40422344 0.53970724 -0.19875821 0.35546193 0.53673398 0.34085163
0.40088072 0.22622453 -0.574736 0.27092394 0.24317612 -0.09306113 0.46032843 0.34194788 -0.54972327 0.28566027 0.35305968 -0.00176304 0.49398419 0.45526591 -0.52952778 0.26897907 0.45270392 -0.03386705 0.62150961 0.31876385 -0.1644004 0.52529061 0.32689312 0.16450723 0.40919945 0.37022087 -0.36635369 0.33071715 0.3924728 0.2399798 0.41335043 0.5210939 -0.24798736 0.3604126 0.51939791 0.3070851 
0.40115419 0.2246545 -0.6313774 0.27073476 0.24256638 -0.11216959 0.46073195 0.34351406 -0.62484342 0.28475228 0.35437787 -0.02615182 0.49595886 0.45899478 -0.62384242 0.27092198 0.45482779 -0.06095697 0.61882323 0.3178719 -0.16748102 0.5237329 0.32614097 0.16760162 0.41104361 0.37198716 -0.47547105 0.32861289 0.39598113 0.21160293 0.41628399 0.52264428 -0.39484772 0.3573451 0.52663594 0.28644213
0.40343937 0.22476605 -0.65711242 0.26984522 0.24203783 -0.14044583 0.46089771 0.34233889 -0.64800638 0.28524372 0.35358462 -0.04337823 0.49616361 0.45723251 -0.63334787 0.27205175 0.45369112 -0.07803895 0.61603034 0.3171033 -0.16898166 0.52124852 0.32624319 0.16917643 0.41035244 0.37473476 -0.5019697 0.32856327 0.39549798 0.23475976 0.40833399 0.52955765 -0.43038207 0.34355724 0.51859272 0.32014042
0.40476564 0.22194977 -0.66724759 0.26857364 0.24285929 -0.15437342 0.46123216 0.33796918 -0.66377366 0.28663313 0.3574827 -0.05801279 0.49628922 0.45405099 -0.65809727 0.2731353 0.45521295 -0.09653003 0.61430842 0.31506136 -0.1681125 0.51974618 0.3255173 0.16837241 0.41268575 0.37790987 -0.5055002 0.33295962 0.39910427 0.24541429 0.39245722 0.53185475 -0.45239922 0.3331185 0.52111077 0.32167476
0.40533587 0.22180444 -0.66035128 0.26806191 0.24101692 -0.15669727 0.46154198 0.33708543 -0.65509361 0.28808302 0.35500205 -0.06087464 0.49627018 0.45405176 -0.66253924 0.27365047 0.45411035 -0.09643825 0.6127643 0.31565544 -0.16783924 0.51753354 0.32689935 0.16812362 0.40993956 0.3800754 -0.46960837 0.33275884 0.40183055 0.23436105 0.38738722 0.53459543 -0.44689316 0.33428866 0.52605933 0.30098084
0.40540341 0.2208515 -0.66269666 0.2684972 0.24068123 -0.15166317 0.46352342 0.33746725 -0.65419453 0.29019001 0.35516739 -0.05273766 0.49635068 0.45559651 -0.66228664 0.27472115 0.45538056 -0.08819151 0.61215889 0.31610921 -0.16787738 0.5161097 0.327057 0.16816676 0.40620828 0.37910604 -0.47202396 0.33176693 0.40258873 0.22312881 0.38839796 0.54018903 -0.39872003 0.34559494 0.52894789 0.29629341
0.40524319 0.22001234 -0.68872839 0.26911515 0.23920275 -0.15507738 0.4658373 0.33873451 -0.68036222 0.29304764 0.35347429 -0.05206268 0.496573 0.45887253 -0.69146603 0.27569345 0.45397186 -0.09297878 0.61155391 0.31560346 -0.17096099 0.5151177 0.32559377 0.1712261 0.4048914 0.37835914 -0.48055664 0.33111376 0.40092593 0.20182469 0.39233476 0.54008871 -0.37580156 0.35826507 0.53088218 0.29287857
0.40484351 0.21864785 -0.70226842 0.26925075 0.23821226 -0.15560272 0.46688139 0.33671039 -0.69734192 0.29464647 0.35212526 -0.04861389 0.49622753 0.45794287 -0.70844173 0.27718812 0.4528718 -0.09181377 0.61108381 0.31466961 -0.17466933 0.51460654 0.32470638 0.17494436 0.40310997 0.37669578 -0.48766226 0.33076346 0.39934435 0.2086322 0.39520618 0.53705537 -0.39501411 0.35824046 0.53005397 0.30025646
0.40460172 0.21761519 -0.69596016 0.27097258 0.23667288 -0.13631578 0.46706361 0.3349438 -0.68361872 0.29546058 0.35134158 -0.02275243 0.49590787 0.45406336 -0.68871433 0.27708977 0.45176569 -0.07260977 0.61074889 0.31550443 -0.17896262 0.51466191 0.32464203 0.17915596 0.38852826 0.38263622 -0.38978758 0.33049348 0.4018544 0.19987915 0.39783308 0.53307873 -0.1817643 0.36228389 0.53040278 0.29655054
0.4044722 0.2161326 -0.68877655 0.27070016 0.2353778 -0.12618642 0.46733555 0.33506516 -0.67070311 0.29535303 0.34958282 -0.01840656 0.49395832 0.45462924 -0.66255695 0.27658707 0.45207801 -0.06261491 0.61060822 0.31460798 -0.18114819 0.51483506 0.32413766 0.18132895 0.38569885 0.38270238 -0.371966 0.33034426 0.40035301 0.19711024 0.39300695 0.52986246 -0.14124981 0.36174819 0.52716923 0.29836002
0.40429789 0.21570624 -0.68337375 0.27060491 0.23265198 -0.13363102 0.46734115 0.33492538 -0.65826213 0.29558921 0.34523776 -0.02811088 0.49000379 0.45485011 -0.64806372 0.27463177 0.44911164 -0.06957025 0.60971504 0.31373677 -0.18081132 0.5146594 0.32189119 0.18099698 0.38512206 0.38011521 -0.36514917 0.33013868 0.3993012 0.21093792 0.38727355 0.52924514 -0.16451347 0.36057004 0.52636814 0.32337186
0.4041377 0.21450187 -0.63551325 0.27230272 0.22890908 -0.11725355 0.46703133 0.33140585 -0.60780972 0.29649898 0.34199888 -0.01497709 0.4875316 0.45159468 -0.59408802 0.27450055 0.44602191 -0.04744887 0.60954595 0.31489441 -0.18031189 0.51524818 0.32095894 0.18052925 0.38229257 0.38193226 -0.27894977 0.33221278 0.40087795 0.24140993 0.38247171 0.53478801 -0.10208763 0.36029509 0.5293352 0.34606129
0.40402219 0.21001528 -0.58921009 0.27355552 0.22678882 -0.09092992 0.46584624 0.32492009 -0.56198007 0.29613733 0.33973408 0.00483116 0.48450091 0.44131029 -0.54507226 0.27290875 0.44223276 -0.0261688 0.60951388 0.3148306 -0.17867684 0.51764542 0.32093316 0.17890827 0.37636948 0.38280508 -0.25997683 0.33323574 0.40181971 0.23160006 0.38144189 0.53572071 -0.07648329 0.36041012 0.53065467 0.33714899
0.40334925 0.20701908 -0.59218448 0.27354178 0.22614804 -0.08655802 0.46439418 0.32130086 -0.56248569 0.29612252 0.33839431 0.01724804 0.47994938 0.43404758 -0.54153723 0.27186278 0.43840894 -0.01745568 0.60791504 0.3133941 -0.17826666 0.51775581 0.31938323 0.17850119 0.37290469 0.38266033 -0.27110222 0.3337394 0.40238011 0.22822984 0.38299605 0.53675419 -0.087418 0.36794183 0.53194976 0.31751627
0.40285707 0.20246631 -0.60588926 0.27326784 0.2231095 -0.09825463 0.46233794 0.31826687 -0.57719529 0.2961666 0.33540556 0.00589875 0.47918051 0.42787287 -0.55331302 0.27186808 0.43804967 -0.02904069 0.60447037 0.31138831 -0.1781407 0.51684433 0.31828028 0.17837629 0.3687796 0.3831273 -0.25798064 0.33336511 0.40262491 0.22729084 0.38517681 0.53777105 -0.07219566 0.36775652 0.53279728 0.31450444
0.4024252 0.19634032 -0.6371333 0.27267817 0.2205417 -0.13607584 0.46111766 0.31305012 -0.61079353 0.29619357 0.33197981 -0.00894354 0.47810012 0.42461875 -0.60341334 0.27193171 0.43429783 -0.04326402 0.60135174 0.30791682 -0.17795381 0.51560313 0.31634143 0.1782006 0.39106345 0.3842918 -0.37593323 0.34305155 0.40286648 0.27188781 0.39509398 0.53842312 -0.31387421 0.36746529 0.53236115 0.38641548
0.40220875 0.19234975 -0.66959274 0.27165452 0.21496017 -0.14672264 0.45859 0.30930874 -0.64336479 0.29607773 0.32475919 -0.00985242 0.47822163 0.41900414 -0.62995207 0.27448049 0.42863217 -0.04625215 0.59961468 0.30572107 -0.17805751 0.51479036 0.31109324 0.17830655 0.39373699 0.38510028 -0.37114689 0.34189296 0.40406176 0.26615554 0.40302885 0.53872788 -0.26283163 0.37131447 0.53100371 0.41970378
0.40209448 0.18889436 -0.72095919 0.2705034 0.20996316 -0.18647371 0.45781681 0.30722484 -0.69372386 0.29625282 0.31966496 -0.04143754 0.47822142 0.41653487 -0.67525667 0.27949756 0.42267594 -0.0671055 0.59693193 0.30121452 -0.17798887 0.50979167 0.30553129 0.1782369 0.39409545 0.38546422 -0.3713823 0.3411088 0.40359291 0.25796622 0.40808758 0.53885591 -0.21496682 0.37144932 0.52976418 0.42128175
0.4018946 0.18750913 -0.75769269 0.26948601 0.20781848 -0.19638634 0.45731121 0.30589056 -0.72774756 0.29718092 0.31683171 -0.04496212 0.47692153 0.41626206 -0.71087492 0.27972704 0.4222942 -0.0718746 0.5947572 0.29994211 -0.18342389 0.50634438 0.30499154 0.18365967 0.39496624 0.38819849 -0.35527974 0.34222564 0.40484616 0.25098547 0.40783629 0.53932947 -0.16718042 0.37101778 0.53026336 0.41662312
0.40064281 0.18463008 -0.74450409 0.2641122 0.2058208 -0.20143954 0.45658895 0.30460405 -0.71434522 0.29547024 0.31438109 -0.05400428 0.4750022 0.41753736 -0.69522226 0.27976039 0.41986486 -0.08138905 0.58939892 0.29880148 -0.18310709 0.49781105 0.30415949 0.18333155 0.39629459 0.38909236 -0.32160139 0.34115592 0.40687147 0.24570997 0.41372448 0.54225355 -0.10661195 0.39685497 0.52997178 0.41877779
0.40001848 0.18001483 -0.77314973 0.25740677 0.202509 -0.2314138 0.45556039 0.30240867 -0.73766565 0.29067096 0.30948633 -0.07957637 0.47517604 0.41561154 -0.71888578 0.27842665 0.41362792 -0.10989692 0.5848974 0.29592079 -0.18233824 0.49054503 0.30144843 0.18251108 0.39633161 0.3890003 -0.34965491 0.33570662 0.40887329 0.16904233 0.42304808 0.54215217 -0.09522662 0.39114547 0.53122896 0.40498543
0.39976832 0.17645468 -0.81276989 0.25432944 0.19823366 -0.26050738 0.45459732 0.29831678 -0.78346992 0.2846491 0.30414677 -0.11031076 0.47499791 0.40778837 -0.77229816 0.277215 0.40714887 -0.144232 0.58077109 0.29142258 -0.18214446 0.48701409 0.29557955 0.1823124 0.40009308 0.38952637 -0.35330766 0.3353436 0.40851596 0.15931481 0.42851183 0.54246807 -0.12396024 0.39576456 0.53021365 0.40028673
0.39904332 0.17093641 -0.81586355 0.24835479 0.19675794 -0.27917531 0.45408216 0.29324314 -0.79146194 0.279199 0.30321065 -0.13382664 0.47486663 0.40161955 -0.78716189 0.27408972 0.4088977 -0.1667884 0.57609421 0.28899485 -0.18199942 0.47859722 0.29631391 0.18218514 0.40211108 0.38944972 -0.36671257 0.3313027 0.40820268 0.12828332 0.43210286 0.54237574 -0.11986154 0.40000987 0.52971262 0.37576041
0.39816684 0.16805506 -0.81425303 0.24621432 0.19474465 -0.25444373 0.45420977 0.2916733 -0.77161384 0.27708614 0.30182955 -0.10839178 0.47558329 0.40276921 -0.74883956 0.27418903 0.41091308 -0.14035654 0.57648373 0.2906948 -0.17892009 0.476419 0.29853672 0.1791424 0.47149077 0.40781227 -0.34035093 0.33317256 0.41242328 0.14366929 0.57370567 0.52555293 0.07431823 0.39726707 0.5353601 0.52891326
0.39295113 0.16294222 -0.78972417 0.24376665 0.19305128 -0.24405125 0.45423529 0.28640535 -0.7542513 0.27749991 0.30052552 -0.09991094 0.47615626 0.39692408 -0.73808485 0.2743516 0.4103649 -0.13539055 0.57487118 0.28692874 -0.17894186 0.47044447 0.29891729 0.17914994 0.44839713 0.40686786 -0.30394951 0.33433011 0.40909803 0.1609527 0.49196643 0.53133613 -0.01914524 0.39515543 0.53527093 0.46550211
0.38741282 0.15517519 -0.8184377 0.24344055 0.19075483 -0.25337732 0.45374024 0.275684 -0.80108047 0.27810156 0.29932705 -0.11227002 0.47646666 0.38848856 -0.79175228 0.27722508 0.40836805 -0.16834576 0.57292992 0.28517804 -0.18294895 0.4697859 0.29889473 0.18310946 0.45856845 0.40406084 -0.29383114 0.33635199 0.40910354 0.17066695 0.49512476 0.53929752 -0.0101998 0.39332011 0.53869176 0.49544734
0.38741121 0.15298586 -0.85081953 0.24254908 0.18749955 -0.29681432 0.45380872 0.27209824 -0.83761048 0.27810407 0.29841641 -0.15345088 0.47743684 0.38726103 -0.84085512 0.27719778 0.40603679 -0.20878589 0.57150716 0.28343332 -0.18382667 0.46436924 0.29817158 0.18395016 0.44967943 0.40117437 -0.29956818 0.35060203 0.40913031 0.2175888 0.49117336 0.54263282 0.01858908 0.3926734 0.53837425 0.56456244
0.38568071 0.14689058 -0.83188534 0.24299404 0.1840674 -0.2195656 0.4539586 0.26631969 -0.82281774 0.27837989 0.29623845 -0.0621391 0.47821113 0.38248807 -0.80322021 0.27611843 0.40096048 -0.10528726 0.57236713 0.28512314 -0.18703431 0.46658626 0.30007252 0.18716252 0.49659526 0.40546075 -0.14291821 0.35961363 0.41142339 0.31855896 0.5757814 0.51913452 0.22438364 0.39078423 0.53915924 0.70111793
0.38269657 0.14070573 -0.82363713 0.2435533 0.18117364 -0.19157343 0.45389912 0.25945398 -0.81472969 0.27952915 0.29033279 -0.02961501 0.47991824 0.3770248 -0.82669115 0.27478027 0.39295149 -0.09584745 0.56826341 0.28586724 -0.20813112 0.4669134 0.30265382 0.20827845 0.47344595 0.41077042 -0.08978705 0.36421773 0.41360369 0.37691185 0.50252062 0.55224514 0.25572354 0.39067596 0.54033929 0.77659947
0.38146952 0.13687591 -0.81716764 0.24394955 0.17767724 -0.150515 0.45367122 0.25391591 -0.79734868 0.28309068 0.2862131 0.01126062 0.48109955 0.37049472 -0.81575185 0.27453864 0.38619426 -0.06985965 0.56214988 0.28601849 -0.21425031 0.46528658 0.30318868 0.21443941 0.46512207 0.41710481 -0.10796212 0.36839288 0.41476533 0.34588429 0.46067214 0.56248099 0.20903423 0.39916715 0.54115707 0.71212918
0.38127238 0.13338633 -0.86048001 0.24394082 0.17482294 -0.15962237 0.453657 0.25264725 -0.85480851 0.2830897 0.28506276 -0.01811005 0.48135737 0.36882272 -0.88197517 0.27454042 0.38543966 -0.10550472 0.55792499 0.28500021 -0.21874453 0.46029627 0.30316618 0.21903129 0.47075695 0.42074054 -0.14734814 0.37024274 0.4146997 0.33697999 0.45950219 0.56504804 0.21702972 0.39764893 0.54094166 0.75955045
0.38166323 0.12966888 -0.84310353 0.24414921 0.17219143 -0.15193261 0.45367259 0.2484636 -0.8425867 0.28294417 0.28063983 0.01874009 0.48185685 0.3668918 -0.8636744 0.27383384 0.38184956 -0.04531702 0.55856979 0.28530663 -0.21512453 0.45838451 0.30427733 0.2153669 0.55034983 0.4217743 -0.23998241 0.36744156 0.41607803 0.25642875 0.65286839 0.51638263 0.16818026 0.39263186 0.54318327 0.67718536
3.81984144e-01 1.25541061e-01 -8.39401245e-01 2.46355012e-01 1.67925507e-01 -1.67236567e-01 4.53733832e-01 2.42863789e-01 -8.41534853e-01 2.84039348e-01 2.73482293e-01 -6.57561977e-05 4.82710719e-01 3.61675829e-01 -8.73234510e-01 2.73824722e-01 3.72939765e-01 -6.56168014e-02 5.52202165e-01 2.83306539e-01 -2.15524465e-01 4.57480669e-01 3.03607762e-01 2.15785712e-01 5.36020041e-01 4.20231014e-01 -1.97197437e-01 3.65633696e-01 4.15072232e-01 2.57410228e-01 4.84839082e-01 5.19676447e-01 1.43325597e-01 3.91649306e-01 5.42962313e-01 6.54865265e-01
0.38779414 0.12478688 -0.8525784 0.24961424 0.16457058 -0.2416997 0.45382985 0.24156053 -0.84060508 0.28405753 0.27080917 -0.05148585 0.48306179 0.35826361 -0.88779151 0.27472696 0.37121585 -0.12137279 0.5473603 0.2801744 -0.21404444 0.45590556 0.30073541 0.2144099 0.49067169 0.40763706 -0.25305933 0.36628303 0.41419685 0.19430794 0.45532531 0.52924365 0.00670402 0.39174688 0.5434922 0.54119283
0.39470705 0.12365473 -0.84960854 0.25168371 0.159245 -0.28470212 0.45385304 0.24092674 -0.83111542 0.28403535 0.26588991 -0.09742594 0.48167741 0.35594565 -0.86975372 0.27661285 0.36365905 -0.16510414 0.54173815 0.2768617 -0.20063703 0.44575465 0.29681519 0.20096213 0.46675122 0.39937624 -0.33933508 0.35797799 0.40826818 0.059374 0.45196444 0.5304175 -0.11607236 0.39200991 0.5434202 0.3697958 
0.4008002 0.12092582 -0.8423956 0.25540534 0.15915543 -0.30888468 0.45392543 0.24050032 -0.82242358 0.28423592 0.2657837 -0.12120994 0.48006514 0.35303923 -0.8551513 0.28012669 0.36667374 -0.18258326 0.53379047 0.27655634 -0.19008394 0.43430004 0.29700723 0.19034488 0.45542857 0.39638692 -0.31985784 0.35225141 0.4078902 0.13686848 0.44926706 0.53472912 -0.11632323 0.39168218 0.54278195 0.45584619
0.40709332 0.11890566 -0.79478353 0.25850019 0.15492223 -0.281542 0.45412663 0.23914629 -0.76002675 0.28437015 0.26184815 -0.10071708 0.47653273 0.35195029 -0.82323688 0.28012583 0.35867158 -0.16227485 0.52914393 0.27735031 -0.18727459 0.42517895 0.29715556 0.18744251 0.43928909 0.39631864 -0.37850186 0.33820733 0.41135454 0.07083295 0.44357377 0.53907186 -0.20042564 0.38727966 0.53931153 0.3552939 
0.41049951 0.11573961 -0.70622444 0.2603285 0.1513207 -0.27321845 0.45433497 0.23777021 -0.68095607 0.28436843 0.25960508 -0.11397231 0.47460848 0.3520239 -0.71975225 0.28055033 0.3600972 -0.15322699 0.52100211 0.27787867 -0.16811506 0.41570821 0.29891664 0.16801277 0.43825051 0.39275488 -0.41246712 0.33920455 0.41666022 0.12003765 0.44520003 0.53913504 -0.28795612 0.38729718 0.53711349 0.3961637 
0.41782841 0.1125259 -0.70528477 0.2643418 0.14830396 -0.26722977 0.4614141 0.23730081 -0.68655157 0.2858994 0.25546744 -0.11661305 0.47296387 0.35098994 -0.71450132 0.28308764 0.3580341 -0.15061438 0.52183288 0.2779654 -0.16798504 0.41537267 0.29905954 0.16791578 0.43916076 0.39364657 -0.41085389 0.34037605 0.41678399 0.02896336 0.44264922 0.5425244 -0.2654478 0.38889876 0.53964442 0.27882716
0.41890094 0.10737742 -0.65123063 0.2717666 0.1444127 -0.19397958 0.46529928 0.22965254 -0.66197282 0.2880626 0.24837258 -0.07508177 0.47531959 0.34560731 -0.69356954 0.28427717 0.35430786 -0.10184637 0.52272707 0.27807075 -0.16822305 0.42067018 0.29725197 0.1681592 0.43282327 0.3904666 -0.42229557 0.34050238 0.41430968 -0.02650501 0.43910721 0.54416674 -0.33861974 0.39052495 0.54035097 0.11003321
0.41879207 0.10262172 -0.69979656 0.27341682 0.13536479 -0.20739588 0.46545586 0.22128686 -0.68251002 0.28874943 0.24135932 -0.07914763 0.47909355 0.33685449 -0.72721386 0.2852025 0.34571204 -0.12587063 0.51349223 0.27738684 -0.17026095 0.41556728 0.29470873 0.17027363 0.43509921 0.39100105 -0.48907724 0.34466398 0.41410223 0.04727461 0.4375951 0.54643708 -0.39358884 0.3836816 0.5332725 0.29202858
0.4209283 0.10004487 -0.71705067 0.2754485 0.1321599 -0.19267522 0.46704504 0.21928288 -0.69386089 0.29009536 0.23683685 -0.07319337 0.48257706 0.33663973 -0.73552042 0.28540412 0.34128675 -0.12979127 0.51494139 0.27802911 -0.17312175 0.41537264 0.29495847 0.17303887 0.43390587 0.39559481 -0.45715871 0.36776045 0.41140166 0.03558999 0.43685383 0.55107331 -0.35165757 0.38735577 0.53383058 0.23074375
0.42413315 0.09589911 -0.64825785 0.27535734 0.12925342 -0.16178572 0.46775967 0.21467522 -0.634251 0.29045838 0.23393621 -0.05100871 0.48623732 0.33420986 -0.6409899 0.28602877 0.34100798 -0.12254627 0.51222497 0.27823111 -0.17412022 0.41079733 0.29500976 0.1740378 0.42708999 0.39543825 -0.54659945 0.36921421 0.40913603 0.02531703 0.4334026 0.55435318 -0.44157457 0.3873677 0.5341289 0.24645674
0.42477435 0.0924402 -0.64879978 0.27659824 0.12585665 -0.17322777 0.46749139 0.21166547 -0.61628163 0.2916483 0.23086719 -0.05242242 0.48766857 0.32793868 -0.58871114 0.28611529 0.33611509 -0.10229376 0.50805765 0.27826968 -0.17430392 0.40745759 0.29238209 0.17414281 0.4254005 0.3986229 -0.45014855 0.35508102 0.40920088 0.20487526 0.43100682 0.55548757 -0.34932104 0.37556693 0.52786309 0.48480564
0.42746797 0.08899926 -0.67514098 0.27994329 0.11950859 -0.16151276 0.46725708 0.20734617 -0.63957679 0.29282242 0.22373481 -0.04830818 0.49139059 0.3223969 -0.60647446 0.28704956 0.32842618 -0.10693273 0.50385332 0.27676684 -0.18415697 0.40725011 0.2901189 0.18399563 0.42687562 0.40025234 -0.4510951 0.35549879 0.40890136 0.23814821 0.42979252 0.55859578 -0.3669554 0.37653488 0.52903146 0.49986362
0.42940494 0.08585355 -0.6876865 0.28192329 0.11183994 -0.16638154 0.46714881 0.20262177 -0.65942371 0.29425055 0.2207389 -0.05032765 0.49388483 0.31921795 -0.62489361 0.28744802 0.32300442 -0.11033787 0.49985537 0.27447075 -0.18408294 0.40289989 0.28632492 0.1839266 0.42794773 0.40048343 -0.4424504 0.3502171 0.4089525 0.1945359 0.43090478 0.55791938 -0.35760602 0.3752642 0.52776754 0.41310936
0.43543339 0.08194418 -0.70432061 0.28323126 0.1071109 -0.19713582 0.46692505 0.19751577 -0.69912243 0.29641771 0.21696474 -0.07951659 0.49424314 0.31248489 -0.65367901 0.28759861 0.32225758 -0.14882632 0.49784151 0.26891905 -0.18042558 0.39751732 0.28073323 0.1801917 0.42862502 0.39926085 -0.44608912 0.35036168 0.40636092 0.10717179 0.43168205 0.55764771 -0.35612899 0.37753141 0.52841139 0.2847493 
0.4388741 0.07675011 -0.63335258 0.28489789 0.1046815 -0.20081156 0.46687856 0.19055972 -0.61940491 0.30211166 0.2128115 -0.08304387 0.493976 0.30716598 -0.62152129 0.28774008 0.31990707 -0.1447223 0.49597755 0.26331666 -0.1684604 0.38998237 0.27722678 0.16824491 0.43013915 0.39556426 -0.29983822 0.3434023 0.40470061 0.07201838 0.43183532 0.55711263 -0.18951039 0.37631521 0.52892333 0.24125795
0.43789816 0.07063758 -0.63274539 0.28959164 0.10009771 -0.17820811 0.46679646 0.18340151 -0.62077355 0.30808306 0.20843711 -0.04479155 0.49376199 0.30338201 -0.63152373 0.2885935 0.31546751 -0.08103082 0.49462518 0.26217037 -0.16938075 0.38918605 0.27541578 0.16919173 0.43112922 0.3951492 -0.2575064 0.34070495 0.40147129 0.18530247 0.43242198 0.55670625 -0.12746152 0.36449099 0.52089846 0.40076858
0.43894398 0.06617926 -0.58555764 0.29508168 0.09639963 -0.14564285 0.46686092 0.17839514 -0.57048351 0.31440037 0.20401677 -0.02724962 0.49359697 0.29621562 -0.59715205 0.28969795 0.31050307 -0.07902153 0.49522752 0.26180679 -0.17011738 0.39194298 0.27091748 0.16994022 0.43225375 0.3943201 -0.26261666 0.36225674 0.38954052 0.2217198 0.43263653 0.5549587 -0.13736455 0.36488289 0.51933515 0.46885446
0.43808392 0.06042812 -0.59614795 0.30690372 0.0909778 -0.07984428 0.46642086 0.17402223 -0.60800499 0.32539064 0.19822483 0.02540093 0.49510983 0.29263532 -0.62933838 0.2896542 0.30756238 -0.04120025 0.49538884 0.25897256 -0.18520813 0.4046939 0.26877791 0.18507889 0.43308887 0.39369094 -0.2843121 0.38296527 0.39147493 0.13731737 0.4358907 0.55497199 -0.15953201 0.38786849 0.52716547 0.30678713
0.44330916 0.05532601 -0.56736398 0.30652288 0.08861252 -0.07359836 0.46714461 0.16970417 -0.5810535 0.32836694 0.19635643 0.03980348 0.49559817 0.28744021 -0.61053509 0.28973743 0.30503598 -0.02275405 0.49955839 0.25569531 -0.18512432 0.40079623 0.26635638 0.18498382 0.43435013 0.3919872 -0.29186448 0.38486621 0.39109474 0.12170698 0.43666625 0.55489182 -0.18142851 0.38951901 0.52728796 0.27331209
0.45307565 0.05141186 -0.52962279 0.31198964 0.08398596 -0.09290502 0.47583318 0.1634201 -0.51368475 0.33196342 0.19228823 0.02463536 0.49702251 0.27608618 -0.52035278 0.29115376 0.30159143 -0.00982931 0.50420868 0.25390366 -0.17857142 0.39711049 0.26439887 0.17836756 0.43446362 0.39193043 -0.28877103 0.38372192 0.38934976 0.11127446 0.43680876 0.55482596 -0.19057807 0.37874088 0.52643794 0.27992162
0.46345407 0.04825656 -0.54490066 0.32486737 0.08422319 -0.08323594 0.48117474 0.15570079 -0.54903388 0.3315917 0.19087784 0.04765758 0.49720177 0.26944271 -0.57635754 0.29321167 0.29714358 -0.00801416 0.50360328 0.25474292 -0.1766662 0.39435288 0.2655569 0.17660779 0.43480015 0.39122397 -0.30173099 0.38562119 0.39039028 0.11398797 0.43336105 0.55307591 -0.18627208 0.37914526 0.52716678 0.29839799
0.46021208 0.04614759 -0.45068973 0.34738871 0.0775776 -0.06907953 0.48156714 0.15186745 -0.45824093 0.35478243 0.18868023 0.03389885 0.49668172 0.26748329 -0.5202511 0.32948974 0.28832358 -0.02690756 0.50066209 0.24972966 -0.15724139 0.39469773 0.25670937 0.15731846 0.4307707 0.38986221 -0.28695127 0.3939046 0.39112076 0.05761746 0.42371318 0.54981178 -0.19871205 0.39098087 0.53048444 0.15615745
0.45738858 0.05022912 0.09434656 0.42101866 0.07995593 0.30463883 0.50061917 0.15398602 0.0609878 0.40100801 0.19239309 0.27599666 0.49160421 0.25925791 -0.04767691 0.34140998 0.28137869 0.14972478 0.50306737 0.22855663 -0.09840174 0.46653253 0.2421298 0.09812403 0.42903659 0.38169131 -0.22182651 0.40233231 0.38376129 -0.03947309 0.41423464 0.53854334 -0.30145511 0.39305016 0.52647144 -0.13417387
0.47270247 0.0460006 -0.27257255 0.38414928 0.0778067 0.09181892 0.49913076 0.14772438 -0.16332075 0.37694788 0.18570367 0.21155842 0.49156019 0.25620657 -0.46465328 0.31695047 0.28178939 0.16572523 0.50319916 0.23289318 -0.10973537 0.43892005 0.24692106 0.11074403 0.43017212 0.38400456 -0.22008665 0.40371349 0.38561812 0.01609279 0.41554996 0.53930932 -0.16053134 0.39301166 0.52656186 0.10425844
0.47772613 0.04669427 -0.17546767 0.43288139 0.0792162 0.18515062 0.49732405 0.13790026 -0.20586197 0.40524307 0.18887685 0.26169759 0.4895049 0.24692897 -0.28664798 0.3135657 0.27781442 0.18423679 0.52745241 0.23028766 -0.12618786 0.47828341 0.24720198 0.12658146 0.4365702 0.37858346 -0.2462807 0.40722439 0.37435052 -0.03967455 0.41903582 0.54026741 -0.28670165 0.40334365 0.52880061 -0.06189695
0.5258671 0.05384438 -0.26918307 0.46382916 0.09030195 0.09390576 0.49784398 0.13543957 -0.24285085 0.41776672 0.18942623 0.2412544 0.47862205 0.24005388 -0.25210422 0.3518295 0.27803639 0.12122854 0.55436426 0.22463287 -0.12237793 0.49551266 0.24434839 0.12244114 0.45153579 0.37869045 -0.21452354 0.42391625 0.38053176 -0.0074886 0.42709225 0.53954381 -0.24481788 0.41660473 0.53433973 0.01142065
0.56495559 0.0717015 -0.17715715 0.50465131 0.11147685 0.12367239 0.52586502 0.14213575 -0.16645265 0.41440946 0.19393183 0.18753672 0.48209754 0.22971012 -0.16399407 0.30300194 0.281151 0.09817349 0.56858218 0.22007313 -0.1069276 0.52444732 0.24401402 0.10700662 0.50343257 0.34755671 -0.21133411 0.43648461 0.3814815 -0.02174309 0.56629395 0.46060207 -0.2445465 0.42469546 0.52095461 -0.06221354
0.56036508 0.17299105 -0.5977971 0.63565487 0.16913928 -0.45730311 0.38860929 0.20782848 -0.31552818 0.62044758 0.19741997 -0.31896815 0.3138217 0.2477373 -0.28648758 0.58795977 0.24193455 -0.25124171 0.53744447 0.22312881 -0.0521892 0.57959235 0.22832479 0.051867 0.4761582 0.37592226 -0.08283427 0.44847372 0.38148594 0.04102032 0.42176688 0.48890829 0.03652154 0.42258194 0.52102351 0.12024461
0.55732203 0.15461151 -0.69590539 0.63495147 0.15332644 -0.55019569 0.41248322 0.19292681 -0.40067986 0.57364398 0.19175145 -0.37664747 0.38487142 0.23194869 -0.23788042 0.4970195 0.21740539 -0.27858528 0.55447024 0.22731642 -0.06441189 0.60469037 0.23232874 0.06399959 0.47234446 0.37714046 -0.06684675 0.50939435 0.37380281 0.16354458 0.42522815 0.51548779 0.05495277 0.43524486 0.52150273 0.25150579
0.55559564 0.12714264 0.31563362 0.55419976 0.15863749 0.46423557 0.51240396 0.12115724 0.35880688 0.51134437 0.20980573 0.44270399 0.45018905 0.08427894 0.50627232 0.46840441 0.23480648 0.37672347 0.54901779 0.22657485 -0.08072465 0.55429542 0.23587972 0.08010763 0.47039491 0.36760342 -0.10926358 0.4801811 0.3704654 0.10961079 0.42621571 0.53001511 -0.42272243 0.43031162 0.53063822 -0.16647139
0.544541 0.11787485 0.32042265 0.52503651 0.14792208 0.43116993 0.53552002 0.13524164 0.31596372 0.46509933 0.21106838 0.40452027 0.4559758 0.10642691 0.3791503 0.41542071 0.24520411 0.32681602 0.52444428 0.22767258 -0.08060753 0.5076561 0.23781158 0.07979709 0.46213236 0.37951288 -0.14889295 0.46801615 0.37231299 0.04870554 0.42813629 0.53295749 -0.378701 0.42712671 0.53217536 -0.147283 
0.55009729 0.1158183 0.24165802 0.51422882 0.14457284 0.38829613 0.59761024 0.14831656 0.21141525 0.46247599 0.21120188 0.34641209 0.55716699 0.15126544 0.16928355 0.44018424 0.24625066 0.25397462 0.52467412 0.22827855 -0.08166821 0.50748068 0.23906294 0.08093263 0.46160361 0.3789143 -0.15311229 0.4638584 0.37187773 0.04282652 0.42900059 0.53642654 -0.30725279 0.4251425 0.53211957 -0.09744567
0.53984976 0.11308167 0.23447275 0.47923303 0.13907404 0.25564796 0.56571984 0.15718624 0.26849002 0.42233032 0.21428362 0.25149587 0.52770525 0.14799404 0.29968399 0.40974036 0.26206318 0.18884261 0.50250024 0.25512704 -0.06702036 0.48315272 0.25899637 0.06617726 0.45473561 0.39507827 -0.06415921 0.46204627 0.38961509 0.07428838 0.42922458 0.53901869 -0.15229329 0.4242169 0.53500706 -0.01491419
0.49050367 0.11555719 0.24672084 0.54443771 0.13421959 0.35841736 0.51675141 0.16801411 0.15564522 0.59573781 0.18244791 0.22452095 0.49597326 0.15700701 0.25691909 0.63595825 0.17829856 0.08595819 0.49718836 0.25872198 -0.06976003 0.52043676 0.25813201 0.0696319 0.45559394 0.39380291 -0.08254263 0.48903182 0.38159144 0.03910215 0.43176964 0.53934324 -0.35558897 0.43923342 0.53484559 -0.16554971
0.49487531 0.12241804 0.28324029 0.53872442 0.14132816 0.42582107 0.51109499 0.1258823 0.19588423 0.58046991 0.17338254 0.29734144 0.48780659 0.09222396 0.17701881 0.60340393 0.13149479 0.1037337 0.50077206 0.26218319 -0.07157776 0.51788127 0.25865325 0.07094565 0.45846304 0.3937065 -0.14256695 0.50803316 0.35815969 -0.01922706 0.43135861 0.5380885 -0.39615479 0.48111334 0.51076698 -0.23847699
0.48470017 0.12121508 0.15590508 0.49385631 0.11512761 0.21588339 0.51118624 0.12785491 0.19095683 0.54584903 0.10997571 0.16556093 0.48709631 0.08135948 0.00261179 0.54419422 0.05426665 0.07617329 0.48678476 0.28188571 -0.05770173 0.50082165 0.27548847 0.05690271 0.45988786 0.40031326 -0.11225276 0.51545739 0.36325625 0.00066404 0.4302136 0.53745085 -0.17938001 0.48603725 0.51384181 -0.0683807 
0.58870083 0.163605 -0.04939543 0.57049012 0.17505662 0.0422251 0.5406056 0.12938838 -0.08339181 0.58062541 0.16808718 0.07076139 0.49982831 0.09882853 -0.13570833 0.58688354 0.14327382 0.02592705 0.57599843 0.26131567 -0.03812248 0.56221241 0.25009587 0.03782956 0.53829682 0.23634563 -0.04144371 0.57902282 0.19275908 0.1382471 0.50412077 0.30903766 -0.07523728 0.57641935 0.22898079 0.06487138
0.50991398 0.12131588 -0.02093631 0.40610313 0.12105311 -0.02158315 0.5423376 0.18170437 -0.06091424 0.36040971 0.19502629 -0.01054468 0.48997509 0.16186906 -0.00660436 0.30940437 0.26478297 -0.03201973 0.46283746 0.28164306 -0.04878229 0.41705009 0.27616313 0.04833122 0.4382208 0.40084982 -0.03722944 0.448037 0.39310133 0.1057568 0.44261041 0.52500135 0.00105661 0.44333488 0.51961112 0.15434174
0.5366658 0.13741893 -0.21439892 0.43991542 0.12718648 -0.18113087 0.58956838 0.17196116 -0.18387455 0.39602795 0.1924642 -0.12598071 0.56264281 0.13637072 -0.13817678 0.38221282 0.24682361 -0.11222298 0.495112 0.27344513 -0.03721803 0.44481903 0.27059799 0.03686608 0.47984439 0.36074957 -0.01995385 0.50335467 0.36116552 0.12555243 0.49295563 0.46309453 0.03511043 0.51917922 0.45582011 0.18068105
0.50287181 0.10161829 -0.13786066 0.39246118 0.10981347 -0.26873121 0.58892804 0.171432 -0.13724475 0.32105079 0.20069383 -0.2437446 0.57567215 0.14094169 -0.01172814 0.27604344 0.27614191 -0.23474261 0.46577442 0.2808004 -0.00355785 0.39433166 0.27671054 0.00325666 0.46451479 0.39764491 0.02839602 0.43146876 0.39598811 0.02829015 0.45032221 0.52929556 0.11938898 0.43836293 0.52227569 0.13653634
0.48160931 0.10146206 -0.07151205 0.36434087 0.10912986 0.0837144 0.54056698 0.17944454 -0.08306684 0.3196235 0.20167917 0.1022201 0.51751202 0.20503327 -0.14374852 0.26102912 0.27903613 0.03296037 0.44432351 0.27981287 -0.07860453 0.37686348 0.27968818 0.07873134 0.43635181 0.40357116 -0.18132326 0.3773644 0.40403292 -0.01685637 0.43404186 0.5414505 -0.19297878 0.4119629 0.54040039 0.00701411
0.48108509 0.10506602 0.04130957 0.3699846 0.10406207 0.08146118 0.52804524 0.17740282 0.10177851 0.30179515 0.20242357 0.09952702 0.48775646 0.18490908 0.15597694 0.24353702 0.28258857 0.02264541 0.43792641 0.2786085 -0.06098009 0.36711746 0.27780968 0.06079218 0.41795176 0.40397784 -0.10306162 0.36728096 0.40632913 0.01044272 0.42573664 0.54580599 -0.05029713 0.38887706 0.53633791 0.08817187
0.45501044 0.11094495 0.1909 0.36918241 0.11851613 0.13844886 0.50852084 0.10707864 0.21552157 0.3291021 0.19609338 0.19490904 0.4705891 0.02166111 0.36035511 0.29570046 0.23882365 0.28173834 0.42110077 0.28100452 -0.03635954 0.37482065 0.27900809 0.0357559 0.39647043 0.41283721 -0.05913245 0.36725363 0.41099933 0.02158275 0.409062 0.54699731 -0.03023297 0.38550565 0.53908366 0.10254939
0.46681166 0.08755668 -0.17771538 0.37440434 0.10203636 0.11891603 0.51024204 0.14275585 -0.20333712 0.3230781 0.19229332 0.13661297 0.46441844 0.19205669 -0.27876332 0.28407881 0.26003647 0.12616579 0.43401098 0.27874103 -0.11846096 0.36535245 0.27731153 0.11842706 0.41229737 0.40986884 -0.2111865 0.36824948 0.40815386 0.02755778 0.41073006 0.54675651 -0.15264443 0.39502037 0.54110593 0.12973627
0.47218329 0.09337355 -0.11029372 0.37776268 0.10104415 -0.04475079 0.51259667 0.16569479 -0.10929899 0.29798967 0.1961613 -0.02911817 0.46618876 0.17240807 -0.12754606 0.2547543 0.27899286 -0.06740028 0.43383273 0.27864969 -0.09960388 0.36135834 0.27777004 0.09938718 0.4178192 0.40978011 -0.18805373 0.3518112 0.40896067 -0.00858345 0.41668883 0.54936194 -0.16939823 0.39408895 0.54357344 0.08485955
0.47450182 0.09137651 -0.15116532 0.37921685 0.09975464 0.04230443 0.51342338 0.16458464 -0.30204844 0.30331725 0.1961294 0.06667853 0.46692947 0.14357446 -0.44289222 0.26136348 0.27575877 -0.03137906 0.42793402 0.27810508 -0.12598678 0.36052847 0.27661172 0.12597458 0.41119152 0.40662104 -0.22584318 0.34588 0.40515158 0.00261871 0.41877705 0.54837805 -0.20892057 0.39252439 0.54019666 0.08294344
0.47999483 0.08247693 -0.16045204 0.38530314 0.09759165 0.16153461 0.51550889 0.15171762 -0.30436653 0.31952327 0.19029102 0.19970778 0.48521727 0.14363787 -0.45840141 0.31190765 0.26885909 0.11002119 0.43441314 0.2765483 -0.14933191 0.37310916 0.27554834 0.14940216 0.41525009 0.4064903 -0.23765069 0.358022 0.40195176 0.00806186 0.4204787 0.54929554 -0.22597925 0.39565244 0.53586227 0.08734961
0.48055407 0.08194575 -0.16027649 0.38784361 0.09733714 0.13225229 0.51066864 0.15545748 -0.24891029 0.3235718 0.18971464 0.16591389 0.47359711 0.17115377 -0.35221353 0.27835101 0.27221829 0.09251644 0.43754336 0.27235603 -0.14344487 0.37353358 0.27316788 0.14352043 0.41603133 0.40545061 -0.24204513 0.34842536 0.40013236 0.01004145 0.42224467 0.54934531 -0.23123227 0.38475272 0.53392321 0.08726726
0.48119688 0.07991008 -0.15309884 0.38844523 0.09267786 0.18251006 0.47991627 0.15719366 -0.22742882 0.32886007 0.18542592 0.21669437 0.45691946 0.21898405 -0.31506628 0.27168667 0.2718493 0.12228296 0.43946841 0.26507503 -0.14369264 0.37784702 0.26722059 0.14373198 0.41330943 0.40439171 -0.25352067 0.35156038 0.39954752 0.01174396 0.42001137 0.54945242 -0.25980616 0.38626724 0.53422445 0.06213284
0.48154759 0.07165737 -0.19936965 0.39784679 0.0897016 0.32418996 0.48788679 0.15446533 -0.33541551 0.34238198 0.17851567 0.38467631 0.45845395 0.22208694 -0.45406851 0.27263394 0.27173266 0.2731503 0.44017643 0.26167244 -0.18803769 0.37596375 0.26553959 0.18801504 0.40896624 0.40429491 -0.30079374 0.3548789 0.39977011 0.05625621 0.42115724 0.55080307 -0.31177887 0.40129274 0.5413993 0.0768912 
0.48189601 0.07076179 -0.16749704 0.39820242 0.09128165 0.22967713 0.48774114 0.15448768 -0.27997723 0.34209946 0.17997628 0.26350883 0.45719141 0.22034317 -0.42000255 0.26700684 0.28005996 0.18305311 0.44134596 0.25751692 -0.16944699 0.38203651 0.26160258 0.16938138 0.4046528 0.40050921 -0.28415579 0.35947543 0.39648658 0.06078105 0.4219504 0.54982287 -0.2825121 0.40164614 0.54032898 0.09223486
0.49607515 0.06680015 -0.15486704 0.39809427 0.08663552 0.23424199 0.4893834 0.15411535 -0.26737782 0.34322846 0.18028775 0.25487116 0.45971256 0.21864127 -0.40231064 0.27401814 0.27727219 0.15228163 0.45759186 0.25525206 -0.16690233 0.38397616 0.25868961 0.16686535 0.40664631 0.39998141 -0.2885232 0.36200494 0.39598686 0.05624632 0.42249888 0.54893601 -0.26897702 0.40183491 0.53600353 0.10435347
0.49882299 0.06288795 -0.16853872 0.41705036 0.07978609 0.27567431 0.48277751 0.13853662 -0.29121262 0.36869785 0.17265925 0.32532391 0.45998934 0.22078195 -0.41325253 0.27683473 0.27554604 0.25488502 0.46130905 0.2521345 -0.17064661 0.40176105 0.2560468 0.17070013 0.40346411 0.40234029 -0.27464598 0.37297392 0.39660972 0.08225261 0.42196384 0.55036074 -0.28394476 0.4144311 0.5396148 0.10075821
4.92715120e-01 6.39501885e-02 -1.59697577e-01 4.27725315e-01 8.15992728e-02 1.18325979e-01 4.86738086e-01 1.51859850e-01 -1.48753509e-01 3.66561204e-01 1.73569456e-01 1.74759954e-01 4.57902133e-01 2.11066246e-01 -1.29091546e-01 2.76780576e-01 2.76790619e-01 1.16166681e-01 4.61139023e-01 2.38435686e-01 -1.58951879e-01 4.19868469e-01 2.47637644e-01 1.58185825e-01 3.99363399e-01 3.95255506e-01 -2.83285260e-01 3.72793436e-01 3.78574222e-01 -3.84812069e-04 4.21759278e-01 5.49929202e-01 -3.76133025e-01 4.17059481e-01 5.39072216e-01 -6.58712685e-02
0.49258977 0.06272843 -0.06239744 0.42854026 0.08446677 0.2893962 0.48891217 0.13439918 -0.16373239 0.36525589 0.17546736 0.31096789 0.46658057 0.20751221 -0.38564074 0.26383048 0.27922705 0.24143597 0.46062443 0.24353455 -0.15599467 0.4171021 0.25540149 0.15548457 0.40019667 0.39631405 -0.29208955 0.36199269 0.38034713 -0.03612161 0.42230761 0.54999381 -0.40511465 0.41574997 0.53831506 -0.10077722
0.49307877 0.04999619 -0.27021182 0.4020443 0.07181147 0.28906223 0.4901787 0.12998866 -0.4143011 0.3561919 0.17597011 0.37748617 0.47034281 0.21965674 -0.54890144 0.2650432 0.27858451 0.2898373 0.44344732 0.24587457 -0.19516693 0.38668713 0.25358489 0.19491838 0.39924759 0.39645016 -0.30126759 0.36941078 0.38971955 0.06293894 0.42243823 0.55204993 -0.34222081 0.41706139 0.54334456 0.07771417
0.48857117 0.05082951 -0.29635757 0.38959038 0.07252095 0.27467179 0.49077347 0.12907064 -0.4326278 0.35148385 0.17667224 0.37801057 0.47143173 0.22864893 -0.54816234 0.26763302 0.27806246 0.29793763 0.43604645 0.2466834 -0.19970275 0.37635922 0.25423121 0.19954331 0.39744663 0.39579791 -0.32192686 0.36948216 0.39127004 0.05846856 0.42129314 0.55233306 -0.35979277 0.41732925 0.54425782 0.07339764
0.488603 0.04754474 -0.47162074 0.36696959 0.07057526 0.15398496 0.49107638 0.13043326 -0.5488205 0.33377644 0.17856555 0.36753756 0.4725211 0.2377415 -0.60931307 0.26915151 0.27983418 0.24507703 0.43774408 0.24696282 -0.20410593 0.3688423 0.25442758 0.20400009 0.39837709 0.3959032 -0.304593 0.3663651 0.39192936 0.08729392 0.42163613 0.55318844 -0.21947034 0.41568473 0.54415303 0.20138198
0.47558543 0.04559256 -0.44124278 0.37405223 0.06717601 0.1703064 0.48978499 0.13155548 -0.51418597 0.34353501 0.17517902 0.33026075 0.47246033 0.24036118 -0.55246669 0.27047893 0.28175598 0.23488657 0.43630826 0.24757622 -0.20661314 0.3724798 0.25484195 0.20646825 0.39494777 0.39470288 -0.29894656 0.366593 0.39149579 0.08853617 0.41979533 0.55326599 -0.23324028 0.41554999 0.54441494 0.18121591
0.47056887 0.04459734 -0.48365423 0.36149573 0.06581978 0.15648986 0.49005342 0.13208148 -0.55419856 0.33767772 0.17569502 0.31309676 0.47246361 0.24957229 -0.58085227 0.27221489 0.28182676 0.22755845 0.43677804 0.24766201 -0.20816466 0.36921832 0.25520828 0.20801103 0.3957296 0.39483622 -0.28015336 0.36648893 0.39185256 0.13385338 0.4198592 0.55392361 -0.15116058 0.41347694 0.54502094 0.27619216
0.44074526 0.04670055 -0.45663166 0.39807895 0.06399482 0.15047385 0.47478282 0.14041863 -0.51607913 0.36974755 0.17780787 0.27813876 0.41312444 0.26572034 -0.52658135 0.30846602 0.28150266 0.2055836 0.42263201 0.25034705 -0.20864055 0.39288375 0.26019117 0.20844358 0.3909243 0.39643994 -0.19138993 0.38134995 0.39383641 0.22208628 0.4094047 0.55401075 -0.05677212 0.4234165 0.54605758 0.372076 
0.44935834 0.04758887 -0.54257685 0.33016306 0.06533454 0.05054874 0.47559798 0.14980526 -0.60716248 0.33023596 0.18129863 0.18932979 0.45178974 0.26549271 -0.64300597 0.29339308 0.29017907 0.09172909 0.43644023 0.25562456 -0.20366484 0.37073043 0.26456368 0.20348339 0.40398189 0.39862791 -0.24594671 0.3643949 0.39702526 0.09754039 0.4219813 0.55499554 -0.12316722 0.41378263 0.54636884 0.27416623
0.4489103 0.04825532 -0.56873482 0.33131951 0.06699277 0.04036235 0.47780427 0.15514165 -0.61803567 0.32250538 0.18658517 0.17854311 0.45634118 0.27212054 -0.64352947 0.28080761 0.29784858 0.08625045 0.43800068 0.25750303 -0.20753516 0.37149075 0.26669616 0.2073905 0.40265784 0.40117902 -0.19782172 0.37263855 0.40067661 0.23080297 0.42178932 0.55530798 -0.01922645 0.41773164 0.54809147 0.4305034 
0.45102218 0.04899243 -0.55217171 0.32184976 0.07217821 0.04846781 0.47923392 0.16247314 -0.60679096 0.32022738 0.1916073 0.18443862 0.46524727 0.27817488 -0.63348883 0.27495244 0.30354887 0.07850181 0.4527342 0.25910017 -0.20509458 0.37289038 0.26734468 0.20496702 0.40415052 0.4006297 -0.34202957 0.36872229 0.39680797 0.11741245 0.4281449 0.55546159 -0.17158711 0.41840455 0.54764801 0.37145698
0.45131275 0.05195659 -0.58800286 0.30309707 0.0796553 -0.00782792 0.48124486 0.17011157 -0.6269486 0.31562087 0.19854838 0.14806987 0.47837168 0.28125927 -0.63487136 0.27152029 0.30791488 0.04044679 0.45802194 0.26336086 -0.20428695 0.36553434 0.27211723 0.20413123 0.40692958 0.40151596 -0.31417274 0.3664476 0.39783081 0.09596705 0.43149081 0.55535585 -0.12371092 0.41670364 0.5474304 0.3071152 
0.44023034 0.05856049 -0.53835022 0.31955117 0.08121654 0.00496678 0.47984666 0.17853755 -0.58290124 0.3159171 0.20319463 0.12021401 0.47777191 0.2859292 -0.6071105 0.27204645 0.31027573 0.00882567 0.4570494 0.2702589 -0.20288642 0.38696691 0.27597386 0.20273864 0.40406111 0.40274608 -0.24268609 0.38460967 0.39944217 0.16627236 0.42458677 0.55568951 -0.0841478 0.41900083 0.54727757 0.33837083
0.44239098 0.06412412 -0.59499031 0.2956591 0.09318589 -0.07244346 0.48020235 0.18077596 -0.61746895 0.31770489 0.20727724 0.07049113 0.48364231 0.28772548 -0.62051964 0.2720626 0.30953714 -0.036906 0.46512824 0.27494824 -0.18817788 0.38150606 0.28255945 0.1881063 0.42483377 0.40387711 -0.24634108 0.37206459 0.40379852 0.08969188 0.43432671 0.55581897 -0.03736709 0.40022752 0.54767865 0.33252075
0.44433618 0.06929695 -0.56629038 0.27802911 0.09903643 -0.07376878 0.48011577 0.18193457 -0.60014832 0.30706796 0.21287341 0.07302257 0.48430803 0.28927478 -0.54792464 0.27047035 0.31411999 -0.01768684 0.46599072 0.27491099 -0.17443497 0.36399764 0.28748503 0.17431834 0.43338552 0.40378878 -0.34656417 0.35639796 0.40625188 0.06268127 0.44231623 0.55641192 -0.17854464 0.39122298 0.54786885 0.31568134
4.44549590e-01 7.47648776e-02 -5.88043869e-01 2.71617979e-01 1.06986396e-01 -8.55282545e-02 4.79957074e-01 1.87047526e-01 -5.87976396e-01 3.02411348e-01 2.21203521e-01 8.19573626e-02 4.84343678e-01 2.99753845e-01 -5.46971500e-01 2.70768762e-01 3.19590062e-01 -3.69456771e-04 4.67626154e-01 2.76244372e-01 -1.70086712e-01 3.59218419e-01 2.90192604e-01 1.70025140e-01 4.40310180e-01 4.04705673e-01 -3.27526271e-01 3.47805709e-01 4.10484910e-01 1.71484053e-02 4.45123464e-01 5.56362391e-01 -1.67570680e-01 3.82982939e-01 5.48357010e-01 2.35460326e-01
0.44216269 0.07880725 -0.61956316 0.27154616 0.11015023 -0.08030583 0.47552902 0.19206305 -0.60782492 0.29935798 0.22536848 0.08859064 0.48612076 0.30725461 -0.54753715 0.27120534 0.3232069 0.00233916 0.46731263 0.27624473 -0.17227705 0.36002213 0.29009628 0.1722012 0.44765973 0.40687448 -0.31628522 0.35037711 0.4146266 0.03113707 0.45131135 0.55615777 -0.12280288 0.37879044 0.54851156 0.29256654
0.44097137 0.08316226 -0.60286701 0.26627955 0.11818962 -0.10423251 0.4760823 0.1966714 -0.60051477 0.29657334 0.23119535 0.08028115 0.4914856 0.31340656 -0.52703214 0.27079704 0.33266681 0.0156913 0.47383168 0.2779552 -0.16881394 0.3606928 0.29252633 0.16887917 0.45680916 0.40742782 -0.30635491 0.3519389 0.41806895 0.04819331 0.45896903 0.55437624 -0.07632682 0.37760848 0.54845887 0.28804705
0.43921641 0.09068768 -0.63135999 0.26208857 0.12286481 -0.13019864 0.47874954 0.20965986 -0.59153146 0.29549783 0.23616639 0.06113682 0.49425694 0.31919795 -0.51592964 0.27094898 0.33737004 0.0085157 0.4726842 0.28430241 -0.1656636 0.35777178 0.29703099 0.16574347 0.46375656 0.41234437 -0.33153448 0.35296637 0.42057768 0.06385674 0.4588038 0.55578649 -0.08814169 0.37723094 0.54845619 0.34884578
0.43608916 0.09634038 -0.63820297 0.26045236 0.12723602 -0.10475186 0.47891739 0.21730247 -0.59012115 0.29481623 0.2407515 0.07553121 0.4940311 0.32563522 -0.47856659 0.27105376 0.34057516 0.01505003 0.47330305 0.28456119 -0.16689362 0.35869971 0.29840925 0.16698387 0.46192253 0.41212812 -0.51832962 0.35368472 0.41983792 0.093238 0.45822904 0.5566231 -0.35071856 0.37645853 0.54810727 0.36642918
4.31603968e-01 1.02696143e-01 -6.40005171e-01 2.59583801e-01 1.34103119e-01 -1.06909081e-01 4.77651417e-01 2.24605337e-01 -5.87554812e-01 2.93356031e-01 2.45258138e-01 5.96344434e-02 4.93394196e-01 3.30323070e-01 -4.65837985e-01 2.71341085e-01 3.43613923e-01 -4.66919068e-04 4.73668903e-01 2.86835283e-01 -1.67240083e-01 3.58947426e-01 3.01766187e-01 1.67322516e-01 4.66591060e-01 4.11370814e-01 -4.61613059e-01 3.58034819e-01 4.20096129e-01 9.87850055e-02 4.59141463e-01 5.56900024e-01 -2.99326956e-01 3.78285766e-01 5.47715843e-01 3.56699198e-01
0.42493069 0.10684706 -0.63563156 0.2612648 0.13767107 -0.10298336 0.47366086 0.22547409 -0.58643657 0.29434994 0.24837202 0.04932297 0.49192244 0.33433378 -0.46077648 0.27220234 0.34770021 -0.01272252 0.47315493 0.28647438 -0.16738182 0.3592619 0.3020542 0.167455 0.47039431 0.41093579 -0.52546448 0.35820192 0.41903412 0.12206925 0.45807642 0.55688 -0.41322532 0.37905183 0.5454706 0.3809813 
0.4216328 0.11182637 -0.65225011 0.26133147 0.14420564 -0.13289019 0.4711802 0.23091583 -0.59371424 0.29353288 0.25492749 0.0121815 0.48912591 0.33871639 -0.46132901 0.27194551 0.35721397 -0.04847775 0.47418237 0.28678975 -0.16634002 0.35946715 0.30358896 0.16645874 0.47510117 0.41104931 -0.47901848 0.34908837 0.4260608 0.08949772 0.46062827 0.55893332 -0.35219282 0.38410151 0.54897672 0.31228337
0.42121056 0.11851973 -0.63680989 0.2630046 0.149174 -0.10572399 0.47030947 0.24129774 -0.5893712 0.29269955 0.26078859 0.03461086 0.48628652 0.34757414 -0.47149861 0.27193764 0.36404863 -0.04365488 0.47427103 0.29544497 -0.16645017 0.3595002 0.31067941 0.16657352 0.47361311 0.41465968 -0.57942557 0.33841118 0.43158662 0.11205608 0.45982492 0.56061465 -0.44189808 0.384278 0.54888117 0.40526262
0.41802156 0.12550613 -0.59964037 0.26453951 0.15637507 -0.10085994 0.46848434 0.2486518 -0.53004503 0.29334816 0.26575482 0.04514023 0.48450261 0.3536199 -0.41411224 0.27180853 0.37132066 -0.0321263 0.47704631 0.30274802 -0.15716977 0.36368152 0.31373146 0.15731628 0.4711186 0.41508585 -0.5539102 0.3301487 0.43166864 0.07266059 0.45817003 0.56221122 -0.36819488 0.38199541 0.54920304 0.30407044
0.41703105 0.13233131 -0.62958103 0.26561379 0.15877761 -0.08376748 0.46560356 0.25516307 -0.5575164 0.29354683 0.26597017 0.05331794 0.48368597 0.36013821 -0.4418371 0.27145416 0.37103826 -0.01930757 0.48118895 0.30085054 -0.15772636 0.36609325 0.31089965 0.15795806 0.46510267 0.41288659 -0.62250572 0.32603779 0.43141368 0.18648262 0.45574927 0.56222039 -0.52023518 0.37103337 0.54339975 0.49381351
0.41755548 0.13995065 -0.70804334 0.26593167 0.16419798 -0.1030505 0.46412835 0.26430589 -0.65292025 0.2939755 0.27271053 0.03665581 0.48366565 0.36482197 -0.55977863 0.27010947 0.37412402 -0.03546726 0.49016672 0.30290705 -0.16472569 0.39078203 0.30920026 0.16497947 0.45766395 0.41270638 -0.59017426 0.32197043 0.42827991 0.16172537 0.44696507 0.5620873 -0.43400028 0.3653155 0.54044044 0.46259719
0.41808018 0.14614064 -0.71604079 0.26591793 0.17316769 -0.10948758 0.46461821 0.27266264 -0.66277164 0.29287711 0.28340846 0.0297485 0.48403692 0.37927726 -0.57048535 0.27004266 0.38845989 -0.03843432 0.51715946 0.30235064 -0.17470373 0.41749173 0.31211343 0.17486472 0.45812121 0.41152295 -0.56815004 0.3256503 0.42757159 0.25161678 0.44516686 0.56115621 -0.40076381 0.36710864 0.54033673 0.57604331
0.41549182 0.15082376 -0.69146812 0.2625742 0.18063514 -0.14116988 0.46652535 0.27768165 -0.63531113 0.29272288 0.28679496 0.00431964 0.48573354 0.38847777 -0.56802338 0.27100337 0.39175355 -0.04672218 0.5206449 0.30155468 -0.17261465 0.42381611 0.31420282 0.17272539 0.43509361 0.40687278 -0.55185735 0.32800123 0.41899773 0.23465899 0.43595558 0.55844253 -0.35667789 0.3681412 0.53665358 0.56248522
0.41444623 0.15739532 -0.6800136 0.25525197 0.18730058 -0.14584163 0.46661526 0.28125042 -0.60802329 0.29222578 0.29129902 0.00417762 0.48565277 0.39388168 -0.50865525 0.2718007 0.39493951 -0.04445986 0.52621478 0.30091101 -0.16321774 0.42923269 0.31587318 0.16314095 0.43404493 0.40261036 -0.63352937 0.3275637 0.41781086 0.07443406 0.44653872 0.55818361 -0.43739182 0.36779112 0.53890437 0.35554054
0.40932491 0.16377431 -0.66920561 0.25329316 0.19176435 -0.13361384 0.46636859 0.28731814 -0.59722698 0.29286492 0.29510593 0.01504305 0.48484343 0.40102023 -0.50657737 0.27657479 0.40153727 -0.04183225 0.5319435 0.30115667 -0.16358148 0.42618412 0.31481951 0.16352379 0.45574987 0.40305886 -0.5885846 0.32863826 0.41778985 0.09102467 0.44521043 0.55573601 -0.37371686 0.36744833 0.5388065 0.41323727
0.40287694 0.16649562 -0.65840614 0.25305104 0.19733381 -0.12823065 0.46541351 0.29070178 -0.59420162 0.29299259 0.30147919 0.02052678 0.48422229 0.40366188 -0.50726199 0.28728709 0.40422189 -0.0290477 0.53903395 0.30133235 -0.1634236 0.43223512 0.31515086 0.16336347 0.45560029 0.4011358 -0.6205188 0.33087176 0.41605282 0.17494695 0.43991688 0.55428129 -0.44839239 0.3682363 0.53812832 0.48276117
0.39654109 0.17266442 -0.65767527 0.25303993 0.19960909 -0.12332957 0.46527421 0.29870203 -0.5945164 0.2914862 0.30548534 0.03674421 0.48453709 0.40512997 -0.5088836 0.28685623 0.40755862 0.00208194 0.54561126 0.30124709 -0.16455345 0.44272313 0.3145768 0.16443278 0.45562881 0.39934096 -0.60891223 0.33114991 0.41175222 0.22082433 0.44636744 0.55141813 -0.42702153 0.37129444 0.53822941 0.53054112
3.90471965e-01 1.77598789e-01 -6.75282776e-01 2.48429820e-01 2.06096515e-01 -1.17980450e-01 4.60603029e-01 3.03912908e-01 -6.34813011e-01 2.87359864e-01 3.16767991e-01 3.67747955e-02 4.84543592e-01 4.13110584e-01 -5.64101636e-01 2.85913020e-01 4.23538297e-01 -1.54266454e-04 5.51871598e-01 3.01364630e-01 -1.71764895e-01 4.64066058e-01 3.17922473e-01 1.71655983e-01 4.52698469e-01 3.92365992e-01 -6.45900309e-01 3.31634611e-01 4.11962837e-01 2.43388817e-01 4.68116999e-01 5.45334101e-01 -4.38897163e-01 3.71882826e-01 5.39768040e-01 5.55697203e-01
0.38544834 0.1851856 -0.77458239 0.24811992 0.20917146 -0.18338382 0.456595 0.31453931 -0.73620117 0.28908768 0.31913823 -0.04237614 0.4813076 0.42515856 -0.65602338 0.29115441 0.42056602 -0.10584719 0.55567873 0.30210382 -0.17831402 0.47114205 0.31818244 0.17829172 0.44021198 0.3931568 -0.63220513 0.33032361 0.41259983 0.22497982 0.44944403 0.54581666 -0.42385972 0.36575428 0.53960139 0.55955511
0.38574958 0.19390294 -0.82135218 0.24211216 0.22033276 -0.19719894 0.45664454 0.32367238 -0.82500702 0.27915034 0.33316991 -0.06561074 0.48057958 0.4333609 -0.80480111 0.27831402 0.43444738 -0.15508892 0.55935013 0.30284864 -0.18228759 0.46033627 0.31772682 0.18230249 0.42947528 0.38671309 -0.68817759 0.32614598 0.41205767 0.03406989 0.44760904 0.53576243 -0.41715825 0.36647573 0.53964686 0.33268076
0.38148418 0.19987911 -0.7999258 0.23774923 0.22693472 -0.20990017 0.45567617 0.32604331 -0.82565778 0.27100527 0.33901981 -0.09749006 0.48068458 0.43821037 -0.82899654 0.27354306 0.44354457 -0.18610375 0.56240052 0.30279386 -0.17878823 0.46038932 0.31747094 0.17882983 0.43233815 0.38345519 -0.80434394 0.32684624 0.41103429 0.00143946 0.45337391 0.53355855 -0.58367032 0.36492372 0.54108787 0.28953084
0.37825993 0.20828676 -0.78148752 0.2346589 0.23580536 -0.23041061 0.45421585 0.33540881 -0.81835496 0.26339263 0.34569553 -0.12621312 0.4807376 0.4502441 -0.83558989 0.27046528 0.45279261 -0.23396248 0.56355298 0.3031401 -0.17042109 0.4579204 0.3190265 0.17058708 0.4473967 0.37980476 -0.8774209 0.32334599 0.40692738 -0.09164006 0.44774145 0.53463703 -0.6696552 0.36471313 0.53562027 0.16496414
0.37139601 0.21838078 -0.76547408 0.23362389 0.24219929 -0.21108755 0.45457584 0.34499258 -0.80631262 0.26219657 0.35355821 -0.10411894 0.47974199 0.45869824 -0.83095968 0.27091026 0.46102631 -0.18754512 0.56873196 0.30370572 -0.16943459 0.46251196 0.32167467 0.16960976 0.43672383 0.3749491 -0.84693778 0.32056576 0.3995508 -0.01631713 0.43847421 0.53177631 -0.70470738 0.35537723 0.53584957 0.2095869 
0.36967519 0.22642662 -0.73267686 0.2350945 0.24881074 -0.18001959 0.45476669 0.35417044 -0.77080226 0.26456574 0.35702223 -0.08030572 0.47967377 0.46216604 -0.78394997 0.26726532 0.46231169 -0.16829689 0.57181031 0.30363944 -0.1704859 0.46715614 0.32119834 0.17069666 0.41903266 0.37202507 -0.69557339 0.31989902 0.39995909 0.02810725 0.42423013 0.52607793 -0.62560433 0.35638475 0.53427547 0.20508379
0.36939231 0.2287375 -0.72984523 0.23304076 0.25926945 -0.15693408 0.45729467 0.3547844 -0.76878351 0.26091501 0.36316597 -0.06653176 0.48014641 0.46479866 -0.78906554 0.26485169 0.46405014 -0.15163842 0.57256341 0.30337271 -0.17304844 0.46572065 0.32247069 0.17318957 0.41090956 0.36808723 -0.67156976 0.32017195 0.40027332 0.03924104 0.42129663 0.52004415 -0.61232507 0.35319641 0.53736967 0.18636887
0.36297628 0.22658697 -0.69389069 0.23041114 0.26103222 -0.11428061 0.45594749 0.35530096 -0.73633111 0.25465533 0.36561003 -0.03455557 0.48019382 0.4693611 -0.74335486 0.2648885 0.46708578 -0.1185744 0.57787544 0.30211517 -0.17573982 0.47310176 0.32214302 0.17579167 0.40873954 0.35737702 -0.66586721 0.32075569 0.40920135 0.07684967 0.42180589 0.51272625 -0.56551927 0.35963085 0.53998548 0.21684881
0.3554205 0.22518274 -0.70214683 0.22772472 0.2578623 -0.12684302 0.45013878 0.35448742 -0.74372238 0.25106829 0.36378366 -0.03638321 0.47965816 0.46930608 -0.73406541 0.26437199 0.46338332 -0.1248413 0.57795721 0.29878032 -0.18331045 0.47276825 0.31741971 0.18323803 0.4071551 0.36008972 -0.66269511 0.31979588 0.40653867 0.07013112 0.42461517 0.51534384 -0.55282861 0.36156896 0.53483862 0.18530394
0.34771484 0.22331356 -0.68297321 0.22477408 0.25800213 -0.10859256 0.43839455 0.34897393 -0.69986039 0.24870691 0.36445573 -0.02843194 0.47845668 0.46574736 -0.67431223 0.2647154 0.46309394 -0.10830709 0.57733196 0.29730457 -0.18670723 0.47350395 0.3153519 0.18668553 0.40081215 0.35937116 -0.61475194 0.31592277 0.40551093 0.07431462 0.42486811 0.51688111 -0.49350765 0.36845797 0.53929931 0.16889206
0.34366575 0.22484994 -0.6925717 0.22048663 0.26104179 -0.14714162 0.43431467 0.34910271 -0.70781291 0.24662982 0.36586142 -0.08577136 0.47555611 0.46910042 -0.69328678 0.26305839 0.46146899 -0.15588686 0.57648176 0.29517284 -0.18186425 0.47233528 0.31246185 0.18207863 0.40414834 0.35626757 -0.63786542 0.31438664 0.40214294 0.07432409 0.41283771 0.51832181 -0.53624767 0.33788672 0.53363872 0.16550861
0.34028563 0.22495614 -0.72246212 0.21814406 0.25970218 -0.16068064 0.43131581 0.34691137 -0.74338692 0.24534209 0.36525029 -0.09164286 0.47255963 0.46639115 -0.74332732 0.26222524 0.45920241 -0.16445412 0.57571179 0.29369715 -0.18273258 0.47172484 0.31021971 0.18304524 0.40640745 0.3593674 -0.63265944 0.31481346 0.4023554 0.08946519 0.41520855 0.5220769 -0.55513507 0.3422488 0.53648591 0.17643325
0.33791003 0.22586969 -0.70368868 0.2173149 0.25875458 -0.10349833 0.42849758 0.34555611 -0.69605803 0.24490766 0.36474556 -0.01007691 0.4710567 0.46395463 -0.67827642 0.26062852 0.45796448 -0.07465877 0.57683724 0.29311171 -0.18684685 0.47442225 0.30905816 0.1873247 0.39189285 0.36104023 -0.43377432 0.31633502 0.40314844 0.16666235 0.4051457 0.52252829 -0.27375692 0.34175041 0.5382176 0.21481784
0.33582437 0.22660266 -0.69221538 0.21590573 0.25892332 -0.08504739 0.42611635 0.34493029 -0.68578458 0.245638 0.36334601 0.00773167 0.47026244 0.46225107 -0.6703037 0.25994205 0.45728788 -0.05900053 0.57668477 0.29301482 -0.18903227 0.47642398 0.30858785 0.18953694 0.39238372 0.36134589 -0.4576481 0.31646809 0.40333349 0.16891521 0.40726969 0.52228612 -0.30073434 0.34143394 0.53928179 0.22819948
0.33476424 0.22784916 -0.68848097 0.21574974 0.25799096 -0.07168096 0.42257953 0.34737951 -0.68599403 0.24617042 0.36205551 0.02115717 0.46995988 0.4611868 -0.66799361 0.25810161 0.45687675 -0.04474402 0.57646585 0.29269636 -0.19251134 0.47616565 0.30723864 0.19302633 0.39369038 0.36220518 -0.45184556 0.31540564 0.40321091 0.16465777 0.40706065 0.52050859 -0.29759341 0.34003609 0.53912568 0.22862197
0.33494407 0.2288084 -0.67340761 0.2160358 0.25735086 -0.06776796 0.42081478 0.34972858 -0.67341995 0.24589445 0.36129457 0.01755397 0.46977434 0.46051663 -0.65859741 0.25786984 0.45609093 -0.05074501 0.57636023 0.29280436 -0.19261971 0.47675347 0.30724782 0.19314212 0.39507332 0.3617149 -0.48703793 0.3156921 0.40306443 0.1655962 0.40554416 0.52075964 -0.34083354 0.33610386 0.53902721 0.20831257
0.33501586 0.22867097 -0.67730439 0.2152238 0.25744402 -0.07143758 0.41876161 0.35141361 -0.68091315 0.24383935 0.36112553 0.00843905 0.466252 0.46007335 -0.66674793 0.25644997 0.45580614 -0.06291684 0.57612807 0.2928654 -0.19386536 0.47697297 0.30753461 0.19436604 0.3962566 0.36175051 -0.50777131 0.31688476 0.40473548 0.15179722 0.40695381 0.52082467 -0.36545333 0.33765551 0.54041469 0.19178176
0.33502787 0.22814819 -0.66756797 0.21496852 0.25722 -0.07057878 0.41807616 0.35114366 -0.67103893 0.24279638 0.36079749 0.00766179 0.46489838 0.45980632 -0.66254759 0.25389659 0.45570147 -0.06561611 0.57610679 0.29241812 -0.19359383 0.47754133 0.30701429 0.19408058 0.39706776 0.36197281 -0.47740421 0.32190323 0.40656698 0.17089006 0.4077847 0.52119362 -0.38165921 0.33861974 0.54063767 0.20018613
0.33504751 0.22759773 -0.67155159 0.21436284 0.2575525 -0.0699492 0.41739607 0.35050052 -0.67690444 0.24228176 0.36063036 0.00906362 0.4649826 0.4576672 -0.66672355 0.25148606 0.45536527 -0.06658424 0.57601738 0.29175538 -0.19497149 0.47836983 0.30709469 0.19545762 0.39752376 0.3613309 -0.50078189 0.32504049 0.40836465 0.16966724 0.40789589 0.52134007 -0.40950206 0.33924121 0.54092413 0.20906648
0.33497813 0.22741665 -0.6741668 0.21376343 0.25756699 -0.07091445 0.41581437 0.3502149 -0.67987776 0.24247016 0.36045697 0.00841719 0.46485078 0.45760995 -0.66796929 0.25066638 0.45471564 -0.06858022 0.57596755 0.29155254 -0.19574343 0.4782407 0.30715543 0.19624256 0.39780051 0.36070219 -0.51841241 0.32610509 0.40843961 0.16186242 0.40854132 0.52191526 -0.47310945 0.33983696 0.54100746 0.20301349
