0.47919294 0.48434797 0.17515862 0.62626237 0.50841057 0.26451436 0.39709514 0.53542894 0.14404336 0.59993541 0.5615204 0.20103262 0.40017477 0.55898708 0.15925306 0.53283912 0.60043067 0.1054632 0.51137382 0.58673549 -0.0382788 0.58507425 0.59599411 0.03851133 0.46593079 0.64189202 0.25019535 0.52041888 0.65368909 0.34418416 0.46671155 0.7466802 0.59007114 0.49592534 0.74530995 0.66512197
0.48514682 0.48196557 -0.28919426 0.65263265 0.49548954 -0.40266094 0.45072058 0.55096024 -0.15176362 0.62996089 0.58102596 -0.38912085 0.42679465 0.58451355 -0.07850744 0.58697563 0.63481551 -0.25792286 0.52385801 0.59425002 0.05516114 0.60267252 0.6007002 -0.05523794 0.49830261 0.65300614 0.51017004 0.55443454 0.66110843 0.38299733 0.47514141 0.74034941 1.03125322 0.51692545 0.74697566 0.88536531
0.62033904 0.47782367 -0.07322232 0.64071149 0.47933367 -0.35797161 0.51245672 0.53006715 0.03665693 0.52681875 0.53311652 -0.32054785 0.44734383 0.56924731 0.08086354 0.51278645 0.58148479 -0.19584082 0.5776577 0.6048122 0.05821266 0.59242934 0.60253888 -0.05813735 0.51664495 0.66976833 0.37087035 0.52484208 0.66545546 0.26125324 0.48454323 0.7466346 0.73216301 0.4872205 0.74777848 0.6423797 
0.67222232 0.48101884 0.0198193 0.62637872 0.46763197 -0.32782364 0.59475565 0.55074733 0.08418681 0.51240158 0.53029287 -0.3241733 0.50809449 0.59882522 0.04903285 0.47006097 0.57343137 -0.23902842 0.58376718 0.6097244 0.0795944 0.57393706 0.60627228 -0.07946279 0.50760186 0.67428142 0.33469021 0.52035892 0.66699636 0.17141764 0.46469465 0.74604225 0.62023407 0.46951416 0.74681276 0.50449854
0.62332034 0.47030422 0.18826006 0.66509312 0.49051529 -0.27054667 0.55090624 0.54223359 0.2066699 0.5874002 0.56818563 -0.18668234 0.50569427 0.58980685 0.15022685 0.57081097 0.60603637 0.06055097 0.51228452 0.60968435 0.14922003 0.54749256 0.61423057 -0.1493945 0.47576532 0.67396033 0.52657199 0.5368861 0.67417973 0.2261325 0.43398705 0.74590331 0.87265015 0.47734058 0.75224537 0.61825669
0.60847366 0.46824855 0.23418806 0.66141051 0.48843709 -0.27520967 0.53837901 0.5390951 0.26820591 0.60326326 0.57137531 -0.19271949 0.50842881 0.59733707 0.22511646 0.61020714 0.6155712 0.076705 0.4768891 0.60759705 0.176476 0.52478856 0.61382467 -0.17698996 0.49774137 0.66738075 0.53773361 0.56372195 0.67200661 0.12253644 0.4483839 0.74565196 0.79037744 0.49140149 0.75669307 0.36891013
0.60453236 0.46328494 0.17917617 0.65789521 0.48258719 -0.35370609 0.54047912 0.54457259 0.220339 0.61534268 0.57558292 -0.25881466 0.52147955 0.60602349 0.16118135 0.60850579 0.61990434 0.06108085 0.43282372 0.60635245 0.18198268 0.46648958 0.61206979 -0.18246432 0.48410231 0.6667642 0.58123106 0.59007818 0.6690315 0.13773151 0.45424467 0.74383634 0.83065319 0.50416619 0.7616818 0.39406267
0.59980834 0.46397638 0.2421311 0.66345495 0.48112509 -0.28539786 0.52829421 0.55019855 0.30236581 0.61341995 0.57721716 -0.17085643 0.50579709 0.60907614 0.30373123 0.59615815 0.62553579 0.19609013 0.40354654 0.6006521 0.17653544 0.44948572 0.61008149 -0.17730409 0.47469047 0.64208913 0.62539786 0.59096354 0.66848457 0.15131977 0.41913521 0.7254023 0.75366843 0.53940952 0.78771168 0.34119046
0.59905142 0.46552292 0.26709011 0.65570229 0.4771947 -0.32621282 0.52859658 0.54767102 0.33632252 0.61058801 0.57622355 -0.22224778 0.5240007 0.60568708 0.30453855 0.59383667 0.628344 0.14582938 0.35362577 0.58939338 0.19340037 0.40746853 0.60186571 -0.19402407 0.46499291 0.63902944 0.60711962 0.59583116 0.66753024 0.16891029 0.39833379 0.7113601 0.76995122 0.50776029 0.77471566 0.39570704
0.60918051 0.46895039 0.28198174 0.65539086 0.46929741 -0.30450615 0.54334193 0.54697978 0.34122479 0.61150301 0.56584322 -0.21178055 0.54530078 0.60528523 0.26573482 0.59574324 0.61840016 0.14679037 0.34691185 0.58041072 0.18363084 0.39278817 0.58957583 -0.1839993 0.47813648 0.62990296 0.55321884 0.59884602 0.66599041 0.13961361 0.41266593 0.71184993 0.71289754 0.52865356 0.78635311 0.35340741
0.61239481 0.46919468 0.29275125 0.66358143 0.47302037 -0.33078235 0.56734717 0.54715329 0.36079445 0.61538732 0.56958574 -0.25616065 0.57154173 0.60085595 0.25000864 0.59380972 0.62232238 0.07847917 0.34499094 0.5781464 0.19865786 0.37588724 0.58755356 -0.19881113 0.49458218 0.62750566 0.52584082 0.59961623 0.66548288 0.11168476 0.42266655 0.71804982 0.72990513 0.5120784 0.78910935 0.33298367
0.61008817 0.46839398 0.30941746 0.66820884 0.47741637 -0.3155643 0.56568748 0.5395475 0.43112108 0.61452556 0.57061207 -0.23925006 0.56446421 0.58075935 0.41792238 0.59339148 0.62410468 0.10846362 0.33500051 0.57490474 0.19630146 0.37146822 0.58693504 -0.19648339 0.49860963 0.62850243 0.51580524 0.59360135 0.66056097 0.09132482 0.4301509 0.7191413 0.71862561 0.50002366 0.78542525 0.32588989
0.60784161 0.46876478 0.3997778 0.66612399 0.47727856 -0.27378756 0.56679398 0.54094177 0.52974814 0.62234128 0.56935388 -0.18188608 0.57509321 0.57647198 0.52690613 0.60472739 0.61663413 0.2266735 0.33515865 0.57608724 0.21272925 0.37196991 0.58600324 -0.21283357 0.50192964 0.62713057 0.50247067 0.59413856 0.65854651 -0.00477391 0.43128172 0.72169149 0.65639114 0.49275592 0.79371816 0.17719026
0.60738188 0.46807626 0.38436428 0.66412193 0.4772948 -0.29019746 0.56733388 0.5409196 0.57208312 0.62486213 0.56928879 -0.20412044 0.59432989 0.56752765 0.62114209 0.61232835 0.6146524 0.20274763 0.33685446 0.57352191 0.21573341 0.3661769 0.58554864 -0.21569179 0.50823998 0.62727809 0.46439514 0.5933432 0.65716815 -0.10218944 0.43936759 0.72294265 0.63210583 0.48971885 0.78841126 0.06935133
0.61113542 0.47010374 0.36643583 0.65897876 0.47761017 -0.31130633 0.57926565 0.54257029 0.49729112 0.62379068 0.57016379 -0.23897256 0.59147328 0.57836837 0.44442937 0.60786986 0.61702138 0.10625369 0.34301376 0.57371616 0.22217157 0.35929534 0.5832932 -0.22196618 0.51654851 0.62732482 0.44964799 0.59049082 0.65617543 -0.15367043 0.43673652 0.72380418 0.62236798 0.48696011 0.79508686 0.01823455
0.6099357 0.46891439 0.41929233 0.66319132 0.47869077 -0.27528828 0.57813227 0.54197913 0.59443849 0.62586486 0.57503915 -0.18592021 0.60242319 0.57023203 0.61903048 0.62006253 0.61054289 0.24629833 0.33814934 0.57157296 0.22486714 0.36683199 0.58235323 -0.22474986 0.51406372 0.62261254 0.48402122 0.59057128 0.6555301 -0.14726217 0.42849922 0.72164047 0.64910752 0.4882305 0.80884767 -0.04061009
0.61046559 0.46875396 0.36760661 0.66058809 0.47830442 -0.28893006 0.57880163 0.53896976 0.54529554 0.62738478 0.5745526 -0.20940155 0.60520011 0.56394422 0.55435294 0.62347132 0.60474795 0.18148935 0.33931857 0.57254726 0.22706422 0.35921916 0.5834223 -0.22683272 0.51369143 0.6195634 0.5024907 0.5863179 0.65384406 -0.17540067 0.42323682 0.71455693 0.68385839 0.49065852 0.80728316 -0.05611227
0.60998142 0.46819037 0.3432633 0.66010821 0.47879976 -0.30957067 0.57763022 0.53779775 0.52186263 0.62598419 0.57459122 -0.22481786 0.60458755 0.56167299 0.52888787 0.62285668 0.60545576 0.1724299 0.33740941 0.57252002 0.22251898 0.35766682 0.58412158 -0.2223272 0.51271802 0.61862236 0.49021167 0.5854913 0.65183234 -0.16459082 0.41933063 0.71207112 0.67166698 0.48419228 0.80405599 -0.01252157
0.60974419 0.46779624 0.3379069 0.65948683 0.47933531 -0.31155184 0.58210915 0.53647554 0.51933551 0.62583959 0.57645196 -0.20820744 0.60875249 0.55811411 0.54719311 0.62481225 0.60389107 0.25118959 0.33535397 0.57220864 0.21630354 0.35661322 0.58458668 -0.21620893 0.51089919 0.61802012 0.47243214 0.58445299 0.65080518 -0.13778913 0.42359546 0.7133134 0.61895436 0.47664434 0.79739541 0.02263509
0.60938829 0.46792221 0.34783393 0.65842634 0.47897154 -0.31287307 0.58562315 0.53672349 0.51368117 0.62490207 0.57658136 -0.21572186 0.60679638 0.56139404 0.50902027 0.62399489 0.60239792 0.22937143 0.33532202 0.57181728 0.21514866 0.3570224 0.58450335 -0.21502472 0.51232964 0.61859035 0.46632576 0.58335274 0.65095812 -0.15344661 0.42650694 0.71953225 0.62239242 0.47789612 0.79911238 -0.00516744
0.60912728 0.46820274 0.35383755 0.65805072 0.47888544 -0.31502774 0.58594793 0.53749818 0.5106765 0.62379467 0.5771876 -0.21701486 0.60399222 0.56451762 0.49130577 0.6219874 0.60358834 0.23895976 0.3339085 0.57196045 0.21691594 0.35853979 0.58473068 -0.2167947 0.51272422 0.61869121 0.47874829 0.58264571 0.65122545 -0.14005461 0.42747658 0.72051483 0.658831 0.48003128 0.80528194 0.02241827
0.60904688 0.46830606 0.3530232 0.65810788 0.47887653 -0.31584093 0.57211888 0.53797907 0.50444829 0.6226902 0.57846195 -0.22136398 0.60242617 0.56630099 0.48136693 0.61939043 0.60703278 0.22447796 0.33384648 0.57153356 0.21730234 0.35751256 0.58469117 -0.21716499 0.51381856 0.61887181 0.47220802 0.58218229 0.65136945 -0.14324485 0.42854637 0.72461855 0.65386897 0.48133555 0.80724448 0.02394218
0.60892904 0.46791112 0.34443191 0.658234 0.4788681 -0.32073045 0.57796007 0.53756738 0.50142312 0.62216479 0.58157623 -0.22315082 0.60155684 0.56595808 0.48360664 0.61981899 0.60584986 0.2341387 0.33214295 0.57072932 0.21695055 0.35598546 0.58445764 -0.21682768 0.5143708 0.61920702 0.46962696 0.58196968 0.65139985 -0.13712713 0.42880356 0.72669113 0.64761859 0.48181593 0.80636668 0.03042446
0.60883242 0.46743539 0.34025821 0.65806144 0.47866297 -0.32273638 0.56858528 0.53770679 0.49491385 0.62169528 0.58161503 -0.22764726 0.60123861 0.56675321 0.4793852 0.61958474 0.60517859 0.21674639 0.331916 0.57018477 0.21593685 0.35376796 0.58424056 -0.21580914 0.51482356 0.61990541 0.46728852 0.58191812 0.65149558 -0.13881667 0.42980555 0.72661817 0.64089221 0.48224747 0.80575913 0.03225664
0.60888273 0.46665594 0.34203038 0.65782392 0.47821823 -0.32300872 0.56865948 0.53756291 0.49780884 0.62141132 0.58154029 -0.2299017 0.60078543 0.56677133 0.47663841 0.6193524 0.60534763 0.20880747 0.33354959 0.56923985 0.21535368 0.35394922 0.58384341 -0.21521728 0.5178346 0.62065023 0.45190096 0.58164907 0.65187335 -0.15365434 0.43146974 0.72677022 0.61360133 0.48343912 0.80646229 0.00924924
0.60884786 0.46585619 0.34215671 0.65778893 0.47753054 -0.33588788 0.56842184 0.5376237 0.49360454 0.62101263 0.58143556 -0.23850408 0.60050547 0.56716663 0.46180803 0.61903679 0.60586149 0.21099187 0.33269194 0.56834769 0.2174848 0.35253066 0.58308274 -0.21732441 0.51839149 0.62120843 0.45684141 0.58147937 0.65159351 -0.15692064 0.42788553 0.72459424 0.62340599 0.48136592 0.80559313 0.01294895
0.60891449 0.46544245 0.3432368 0.65770757 0.47700998 -0.33615896 0.57157904 0.54073906 0.4932541 0.62087148 0.58170778 -0.23605563 0.60071605 0.56736189 0.44022244 0.6187886 0.60615325 0.23564239 0.33273062 0.56764036 0.21819665 0.350153 0.58274215 -0.21801004 0.5152812 0.61889273 0.46629828 0.5813387 0.65204072 -0.16129358 0.42417881 0.71960372 0.64061785 0.48136511 0.80727309 -0.00678388
0.60891277 0.465078 0.34851083 0.65763545 0.47678119 -0.34272617 0.57061857 0.54518121 0.47125524 0.62052381 0.58183372 -0.2360597 0.59644717 0.57705957 0.37361562 0.61851615 0.60636008 0.24791144 0.33269233 0.56719571 0.22107995 0.35019493 0.58229649 -0.22086568 0.51197892 0.61758143 0.49467552 0.58074874 0.65183604 -0.15576743 0.4201079 0.71370834 0.69085604 0.48083636 0.80671346 0.00228862
0.60888851 0.46453378 0.34620723 0.65754694 0.47667611 -0.34899822 0.56969923 0.54701394 0.44082463 0.62032562 0.58179402 -0.24028645 0.58242011 0.58661866 0.31881219 0.61654299 0.61030376 0.23606694 0.33263186 0.56650889 0.22131197 0.35098353 0.58139515 -0.22111981 0.50952208 0.61705953 0.49335819 0.5802806 0.65166771 -0.12640478 0.42110229 0.71400708 0.69620657 0.47820559 0.80269396 0.09183376
0.60887438 0.46331769 0.3179124 0.65807432 0.47634873 -0.34724092 0.56973583 0.54761612 0.384765 0.61497164 0.58391833 -0.24111173 0.58131796 0.5956229 0.27120063 0.6073367 0.62523532 0.16187243 0.33273011 0.56561148 0.20781346 0.3512564 0.58105373 -0.20771284 0.51543015 0.61790824 0.48139524 0.57963836 0.65169305 -0.04126286 0.42158523 0.71462256 0.69466889 0.46924588 0.77614486 0.25786319
0.60850799 0.46131003 0.30868262 0.65876931 0.47583145 -0.34612271 0.5697251 0.54768062 0.38532418 0.61309195 0.5850758 -0.24102636 0.58052486 0.59507835 0.27993014 0.60379821 0.6288963 0.15855445 0.33216286 0.56465143 0.20458071 0.3512086 0.58037066 -0.20453817 0.5133422 0.61686128 0.48583475 0.57809478 0.65170765 -0.0132459 0.4197605 0.70988834 0.72390664 0.46563169 0.77094251 0.28891316
0.60785317 0.45948908 0.31191567 0.6601035 0.47492784 -0.34654862 0.56942165 0.54755801 0.38303497 0.61181694 0.58494723 -0.24516782 0.56341577 0.6003437 0.26319224 0.6010235 0.6292159 0.13822055 0.33226994 0.56347311 0.20516743 0.35146984 0.57892841 -0.20511572 0.51091713 0.61664671 0.49118686 0.57589155 0.65198964 0.00274472 0.41858456 0.70997041 0.748236 0.46664998 0.77518785 0.30497217
0.60783774 0.45966336 0.32556421 0.6618219 0.47426781 -0.34598255 0.56931376 0.54745555 0.39825737 0.61038864 0.5814541 -0.24488147 0.56730425 0.60013241 0.28307918 0.59827089 0.62709796 0.15147416 0.33241057 0.56308901 0.21068819 0.3520031 0.57792926 -0.21063334 0.51124948 0.61810464 0.50157458 0.5725835 0.65217918 -0.01419201 0.41917202 0.71067578 0.75937724 0.46865228 0.7894696 0.26848757
0.60788208 0.45990613 0.3515121 0.66167122 0.4728764 -0.33198795 0.57022524 0.54740471 0.41003907 0.61025244 0.57707322 -0.23609515 0.56904042 0.59869754 0.29813275 0.59711498 0.62658256 0.15951788 0.33275855 0.56301254 0.21460973 0.35218224 0.57636344 -0.2145101 0.51034683 0.6215412 0.49010915 0.56964236 0.65353423 -0.05552503 0.42822587 0.720707 0.72512645 0.47775206 0.80072373 0.17209378
0.60813302 0.46007928 0.34795898 0.65909517 0.47043592 -0.32766727 0.57093602 0.5474233 0.40937316 0.60930306 0.5740276 -0.23753159 0.57002097 0.59767234 0.2713657 0.5951581 0.62600154 0.14755535 0.33476922 0.56273776 0.21482451 0.35202476 0.57491887 -0.21470602 0.51599216 0.62627208 0.42788127 0.56706333 0.65384012 -0.09687472 0.45261857 0.73538804 0.61201513 0.49683759 0.80601585 0.10944682
0.61132562 0.46073204 0.32416344 0.65540749 0.46787637 -0.33189526 0.57094085 0.5473721 0.37980217 0.60885894 0.56846273 -0.26809639 0.57152826 0.59710526 0.21459174 0.59461749 0.62515187 0.08945287 0.34167123 0.56273288 0.21421374 0.35112235 0.573075 -0.2140398 0.52337974 0.62841374 0.37433234 0.56465381 0.65292859 -0.15422688 0.46513307 0.74460393 0.5122053 0.49876601 0.80715406 0.00781981
0.61163634 0.4609662 0.33116886 0.65467709 0.4661271 -0.31102353 0.57102853 0.54696381 0.38684344 0.60703582 0.56112987 -0.26325074 0.57265282 0.59600091 0.23729864 0.59397328 0.62393177 0.06898707 0.34535733 0.56208712 0.21414647 0.35122925 0.57042778 -0.21394657 0.52937317 0.63455939 0.33411264 0.56083828 0.65245634 -0.17019808 0.47352567 0.75431675 0.45227307 0.50421697 0.81096303 -0.04001788
0.61286783 0.46106818 0.32135192 0.65284497 0.46461692 -0.31533426 0.57245284 0.54693681 0.3661654 0.60629487 0.5584029 -0.26611874 0.5730049 0.59568048 0.22037742 0.5939784 0.62275505 0.05031101 0.34840283 0.56060094 0.21267074 0.35115203 0.5678522 -0.21233381 0.53219956 0.63624662 0.31225529 0.55768424 0.65163505 -0.16379505 0.48006174 0.7577132 0.4295238 0.50438017 0.81000686 -0.01202931
0.61296844 0.46054155 0.32186285 0.65086186 0.46217379 -0.31683338 0.57258135 0.54489607 0.37000415 0.60515755 0.55276066 -0.27833772 0.57214034 0.59542888 0.21989402 0.59302795 0.61946309 0.04148342 0.34881574 0.56043458 0.21277863 0.34997475 0.5666914 -0.21242483 0.53092241 0.63838261 0.32291472 0.5554412 0.65057361 -0.16911812 0.47552666 0.75666994 0.4479064 0.5064193 0.81180292 -0.0278393 
0.61294317 0.45953226 0.33279398 0.65022922 0.46158066 -0.31901604 0.57265538 0.54338276 0.37180108 0.60450619 0.55201954 -0.28038681 0.57224387 0.59522861 0.22971612 0.59311867 0.61740363 0.04354332 0.34906489 0.55990505 0.21427172 0.34999356 0.56651181 -0.21392566 0.53001148 0.63824773 0.31807619 0.55471206 0.65012759 -0.16323178 0.4769524 0.75568891 0.43344134 0.50928903 0.81233108 -0.01131178
0.61291051 0.45867828 0.32592621 0.65026426 0.46149626 -0.32360977 0.57305992 0.54605746 0.36251658 0.60385203 0.55340004 -0.28043294 0.56812555 0.60159796 0.20845349 0.59245354 0.61752027 0.03436777 0.34887955 0.55945045 0.21408388 0.35132274 0.56601322 -0.21374018 0.52977914 0.63790858 0.32886237 0.55434453 0.64992768 -0.15988472 0.48169053 0.76414317 0.47109917 0.51094097 0.81251657 0.01938323
0.61380506 0.45814526 0.31147465 0.65030295 0.45947737 -0.32378963 0.57383585 0.54668307 0.34585401 0.60302067 0.55100244 -0.28265911 0.5674324 0.60283673 0.18951237 0.59211081 0.61732024 0.01084151 0.35072276 0.55837721 0.21010901 0.35151884 0.56419748 -0.20974088 0.53219432 0.63960272 0.29758647 0.5548535 0.64823383 -0.16170362 0.4830763 0.76585984 0.41334924 0.50927418 0.81202292 0.00369394
0.61374944 0.45643187 0.30699283 0.65007901 0.45847049 -0.3383981 0.57383782 0.54677302 0.34923232 0.60220569 0.55134571 -0.2897957 0.56768143 0.6034351 0.19522054 0.59208399 0.6167863 0.02530894 0.35139629 0.55665839 0.21017194 0.35153747 0.56205809 -0.20980908 0.53154999 0.63902092 0.31515136 0.55520695 0.64768559 -0.15562572 0.48256609 0.76483053 0.45416659 0.50873441 0.81181824 0.0155867 
0.61376166 0.45412907 0.30268976 0.64970881 0.4576073 -0.34492269 0.57567614 0.5467326 0.35126349 0.60106373 0.55261165 -0.29430643 0.57520658 0.60255027 0.19035402 0.59202868 0.61539578 0.02083818 0.35253167 0.55542928 0.21018422 0.35161003 0.56152523 -0.20982362 0.53133637 0.63833851 0.32545546 0.55517572 0.64750683 -0.14540638 0.48406157 0.76465988 0.47045252 0.50800252 0.81167352 0.04862235
0.6137411 0.45272896 0.29707178 0.6495949 0.45586398 -0.34448853 0.57618225 0.54671609 0.34437793 0.60029376 0.55331784 -0.29063082 0.57469869 0.60210603 0.18552564 0.59179491 0.61529756 0.03046725 0.35239303 0.5543524 0.20658834 0.35203588 0.56050313 -0.20628583 0.53089821 0.63806236 0.32133898 0.55541873 0.64744288 -0.14277044 0.4859218 0.76457554 0.46474171 0.50726449 0.81125778 0.05694606
0.6156671 0.45287362 0.28214747 0.64761323 0.45300591 -0.34992507 0.57660836 0.54670471 0.33064598 0.59918946 0.55323148 -0.29811296 0.57417005 0.60221124 0.16511661 0.59055883 0.61393416 0.01260164 0.35673761 0.55431044 0.20539595 0.35359761 0.5588178 -0.20510659 0.53585821 0.63874459 0.29736924 0.55717885 0.64743978 -0.15697829 0.49341103 0.77110469 0.41323102 0.51222718 0.8126052 0.00673335
0.61452651 0.45093605 0.28692701 0.64769161 0.45308834 -0.34866673 0.57479775 0.5421114 0.33208048 0.59752148 0.55360401 -0.29500237 0.57116473 0.60196078 0.16515847 0.5826574 0.6140433 0.02251379 0.3564634 0.55410475 0.20541014 0.35652733 0.55890572 -0.20514239 0.53525144 0.63973564 0.29763603 0.55793566 0.64916313 -0.15622911 0.50812703 0.78046173 0.41098148 0.52041531 0.8172971 0.00453503
0.6132009 0.44790733 0.28996754 0.64786512 0.4509092 -0.35234964 0.57506692 0.54222542 0.33620775 0.59752494 0.55339867 -0.29388469 0.57036042 0.60175699 0.1752229 0.57993972 0.61159122 0.04852151 0.35622957 0.55347431 0.20507561 0.35729137 0.55848533 -0.20484723 0.53531426 0.64536041 0.27090496 0.56237751 0.64985532 -0.1737507 0.52880782 0.79626864 0.36002505 0.52995199 0.8197425 -0.02348977
0.6150775 0.44828451 0.2619454 0.64526838 0.44898182 -0.37641725 0.57635444 0.54235119 0.30765477 0.59627175 0.55325484 -0.31365666 0.57037473 0.60165536 0.13361074 0.57912338 0.61137885 0.0138233 0.3590692 0.55292702 0.20213448 0.35623652 0.55652928 -0.2019601 0.54480273 0.64426404 0.22706558 0.56405783 0.64980274 -0.19451225 0.54162461 0.80092788 0.29807109 0.53399253 0.8191238 -0.05212883
0.61176193 0.44597569 0.27034566 0.64588934 0.44877803 -0.36975408 0.56807905 0.54067326 0.31890866 0.59631044 0.55332446 -0.30942646 0.56894082 0.60179293 0.14801952 0.57739198 0.6115526 0.02800976 0.35767972 0.55132973 0.20066366 0.35965472 0.55562431 -0.20053105 0.54451424 0.64603215 0.25811246 0.56656551 0.6514799 -0.17965458 0.53923303 0.80076981 0.35999259 0.54244757 0.82270265 -0.0386802 
0.611377 0.44384366 0.27542302 0.64609516 0.4474929 -0.36919463 0.56941164 0.53426373 0.32352978 0.59642828 0.55078399 -0.30473778 0.57018226 0.59442461 0.15483473 0.57779652 0.61090839 0.02916677 0.35768309 0.55002701 0.20028074 0.36036682 0.55528587 -0.20018236 0.54329282 0.6467697 0.23850919 0.56642044 0.65272743 -0.18687825 0.53733027 0.80085188 0.3079952 0.53899753 0.82150781 -0.05839546
0.6128462 0.44276926 0.26831403 0.64602673 0.44336423 -0.36631745 0.56962425 0.53238279 0.31612355 0.5961287 0.54692692 -0.32043031 0.56845915 0.59122473 0.13828453 0.5792281 0.61060584 -0.02180867 0.35839117 0.54906589 0.19893941 0.36026683 0.55390382 -0.19882812 0.54259038 0.64663315 0.24698843 0.56591123 0.65269023 -0.18441021 0.53178883 0.79592115 0.33027127 0.53344733 0.81963676 -0.04620565
0.61328423 0.44167843 0.26055226 0.6473996 0.44356844 -0.37526706 0.56980556 0.53150529 0.30264792 0.59647059 0.54749775 -0.31892982 0.56650478 0.5889889 0.1264669 0.57952625 0.61047083 -0.00653089 0.35833448 0.54801965 0.1991335 0.36050844 0.55376267 -0.19901539 0.54198003 0.64623934 0.25504977 0.56603742 0.65261918 -0.18078782 0.52984983 0.79319865 0.34711906 0.54103017 0.81913739 -0.03775195
6.13080442e-01 4.39786971e-01 2.73334265e-01 6.47445321e-01 4.41057861e-01 -3.72108370e-01 5.69961429e-01 5.29350102e-01 3.17875266e-01 5.96755147e-01 5.42361200e-01 -3.15625250e-01 5.65734804e-01 5.85587561e-01 1.29625246e-01 5.82406759e-01 6.06129348e-01 -6.98504969e-04 3.58323723e-01 5.47960937e-01 2.00720608e-01 3.62735689e-01 5.53883195e-01 -2.00593054e-01 5.35437584e-01 6.54292941e-01 2.66974747e-01 5.66317976e-01 6.52417779e-01 -1.78355709e-01 5.27942002e-01 7.92479813e-01 3.69695723e-01 5.44969380e-01 8.17506492e-01 -2.42529921e-02
0.61255175 0.43826377 0.27601933 0.64748096 0.44018897 -0.37048733 0.56999069 0.52780575 0.32249048 0.59679854 0.54167593 -0.31631196 0.56539184 0.58337796 0.1346457 0.58262974 0.60564482 0.00437328 0.35865963 0.54775208 0.20331542 0.36354527 0.5539844 -0.20319135 0.53265685 0.65480518 0.28748673 0.56582463 0.65216076 -0.17472626 0.52446842 0.78573501 0.40232825 0.5437898 0.80900609 -0.00287677
0.61221451 0.43740177 0.27333254 0.6475516 0.43970981 -0.38257313 0.5665046 0.52854782 0.32190093 0.59673005 0.54271287 -0.32363325 0.5644033 0.58387744 0.14179064 0.58157867 0.60666484 0.00663216 0.35867056 0.5477398 0.20575948 0.36558118 0.55408573 -0.20564653 0.53506225 0.65052754 0.30253395 0.56688249 0.65186417 -0.17260405 0.52402794 0.78203166 0.42674056 0.53799313 0.80682123 0.01455659
0.60758948 0.43534076 0.27383661 0.64811271 0.44002956 -0.38040343 0.56342733 0.52790439 0.32255787 0.59673899 0.54302806 -0.32097197 0.56258136 0.58309615 0.14972605 0.58153099 0.61062151 0.00832656 0.35728529 0.54782271 0.20712659 0.36725426 0.55424112 -0.20698208 0.53610808 0.64629191 0.3329868 0.56761461 0.65190244 -0.14948025 0.50033402 0.76907378 0.48172212 0.51777977 0.80432898 0.06134449
0.60541236 0.43474331 0.27299714 0.64770418 0.43897775 -0.37922758 0.56254435 0.52764302 0.32301772 0.59658259 0.54355991 -0.32177436 0.5635621 0.58352846 0.16251168 0.58155721 0.61177963 0.00658772 0.35716704 0.54788947 0.20702223 0.36981505 0.55430561 -0.20687689 0.53744042 0.6453613 0.32488164 0.56757677 0.6518873 -0.1480795 0.50012857 0.76855159 0.45890927 0.51406544 0.80253452 0.05107283
0.60555279 0.43419987 0.26833645 0.64759523 0.43708536 -0.37890586 0.56162864 0.52751005 0.31441352 0.59653723 0.54227346 -0.32175475 0.55851352 0.58955473 0.16168815 0.58155733 0.61389124 -0.02994529 0.35938901 0.54659778 0.20472211 0.37247351 0.55327964 -0.20453382 0.52443224 0.65083206 0.30132654 0.56744516 0.65167153 -0.14945012 0.50042289 0.77037638 0.42225891 0.51457489 0.8030265 0.04134397
0.60436606 0.43390861 0.25830555 0.64723223 0.4371669 -0.37809649 0.56185639 0.52950406 0.30844703 0.59653574 0.54253733 -0.32095936 0.54997593 0.59703356 0.16787328 0.58200431 0.6178149 -0.02652175 0.36023417 0.54657638 0.20306121 0.37670273 0.55223763 -0.20289715 0.52441692 0.65713412 0.28827697 0.56853539 0.65275109 -0.15212175 0.51048589 0.77826858 0.40855435 0.5164603 0.80341655 0.03446302
0.6011911 0.43054599 0.25277928 0.64613634 0.43555462 -0.38327479 0.56096405 0.52697331 0.30610353 0.59587026 0.54267538 -0.32470974 0.55606794 0.59289145 0.16902843 0.58285171 0.61772031 -0.02498787 0.36016831 0.54490501 0.20254204 0.37706405 0.55105746 -0.20238087 0.51981598 0.65765005 0.28845787 0.56374884 0.65359688 -0.14849608 0.51068288 0.77866679 0.41474584 0.52394241 0.80285996 0.03989869
0.60005039 0.42817897 0.24818887 0.64552379 0.43432105 -0.39319828 0.56013334 0.52437532 0.30497846 0.59571135 0.54241455 -0.32793963 0.55865377 0.58850414 0.16982751 0.58276325 0.61341119 -0.02285052 0.36043784 0.54360497 0.20061557 0.37694812 0.55064714 -0.2003857 0.51849031 0.65913475 0.28432164 0.54651731 0.66529483 -0.1456878 0.51184046 0.77996641 0.4139711 0.53217441 0.80322582 0.03974864
0.59853715 0.42684299 0.25003463 0.64577156 0.43313214 -0.39066643 0.55730414 0.52360362 0.30569243 0.59573758 0.54245013 -0.32670757 0.5570094 0.58905697 0.18091515 0.58027321 0.61412436 -0.01508053 0.35984361 0.54353082 0.20039511 0.37682223 0.55078506 -0.20018892 0.5195111 0.65857846 0.28482473 0.54840106 0.66797048 -0.14573412 0.52161133 0.78197837 0.41807887 0.54151201 0.80331653 0.04485368
0.59798056 0.42630571 0.24994811 0.64406061 0.43146005 -0.39217868 0.55727839 0.52232015 0.30400139 0.59534627 0.54165542 -0.32602787 0.55925262 0.588579 0.18415563 0.57979566 0.61379081 -0.01385407 0.3598111 0.54363179 0.20074582 0.37661105 0.5508948 -0.20053469 0.52323163 0.65805489 0.29095948 0.54958612 0.66699493 -0.14566751 0.52130592 0.7807833 0.4334932 0.54073995 0.80238467 0.05620848
0.59815782 0.42512003 0.22278117 0.64107573 0.4288359 -0.40040803 0.55167228 0.52222097 0.27546549 0.59356391 0.53965157 -0.33950293 0.54879415 0.59505004 0.15942985 0.57970625 0.6135022 -0.04954755 0.36079854 0.54369301 0.19959442 0.37677416 0.55073297 -0.19943747 0.52344036 0.65796852 0.2884253 0.55010623 0.66806245 -0.14450544 0.52269769 0.78109658 0.43180153 0.54341513 0.80197406 0.06170658
0.59466386 0.42222807 0.23081647 0.64121842 0.42694876 -0.39823556 0.54088628 0.51801246 0.28298914 0.59289813 0.53812057 -0.33774254 0.53087115 0.59554613 0.16903995 0.57484806 0.61370105 -0.04891118 0.36083087 0.54278874 0.19924651 0.37863749 0.55017161 -0.19912703 0.52369606 0.65894955 0.27527246 0.54987496 0.66897106 -0.15024772 0.52718729 0.78248298 0.40278357 0.53816676 0.80040836 0.06065627
0.59389263 0.42045671 0.23225226 0.64035261 0.42444858 -0.39659637 0.54061067 0.5179649 0.29089472 0.59032536 0.53474277 -0.33608273 0.53575373 0.59523928 0.18851925 0.57501596 0.61199361 -0.0412546 0.36175016 0.54276943 0.19955757 0.38280261 0.54928184 -0.19943386 0.52381414 0.65989321 0.27799419 0.55014896 0.66825569 -0.13795879 0.53216255 0.78518331 0.42203668 0.55788922 0.80374151 0.06304603
0.59268266 0.4196268 0.23442349 0.63990837 0.42384318 -0.40135288 0.5403803 0.51853418 0.29241756 0.58902442 0.53342819 -0.33950338 0.52228528 0.59735304 0.19326769 0.57361436 0.61202461 -0.04540626 0.362216 0.54281169 0.20046403 0.38539898 0.5490672 -0.20033616 0.52238077 0.66040283 0.27821723 0.54989028 0.66835368 -0.13136108 0.53113997 0.78850996 0.42928526 0.55499107 0.80411655 0.07057801
0.59059316 0.41722688 0.23369892 0.63997787 0.42217743 -0.40514076 0.53519678 0.51816487 0.29288155 0.58729374 0.53298545 -0.35065505 0.51685703 0.59869504 0.19743273 0.57380909 0.61410934 -0.06246274 0.36307058 0.5424875 0.20139246 0.38801154 0.54889828 -0.20125055 0.52046895 0.65945661 0.30759624 0.54682249 0.66819531 -0.10763048 0.52631974 0.78618824 0.4845472 0.55356592 0.80421788 0.11025853
0.58765423 0.41460785 0.23385203 0.64053905 0.4203496 -0.40375802 0.5287326 0.51767415 0.2927303 0.58688408 0.53256893 -0.34762448 0.50746137 0.59846455 0.20780315 0.57322592 0.61341512 -0.05511074 0.36190823 0.54126656 0.20132877 0.38890767 0.54762238 -0.20118459 0.50968057 0.65792203 0.31608793 0.54446256 0.66826522 -0.08394737 0.49227381 0.78073227 0.50295597 0.54340744 0.80518895 0.1348359 
0.5870145 0.41185296 0.29721653 0.64154792 0.41712201 -0.35723227 0.52683342 0.51216036 0.34944323 0.58724487 0.52852964 -0.31550178 0.50928771 0.59537518 0.24672224 0.57329518 0.61136782 -0.01931822 0.35970357 0.53996366 0.20431328 0.39186707 0.54656255 -0.20430003 0.49664602 0.65575767 0.32765454 0.54490465 0.66945463 -0.08092172 0.47906488 0.77627194 0.50925875 0.55145991 0.80895519 0.12490673
0.5867303 0.41124073 0.29320997 0.6415633 0.41529635 -0.36466482 0.52213001 0.51267594 0.33789438 0.58735514 0.52770066 -0.31799471 0.50107414 0.59644234 0.24078347 0.57334667 0.611072 -0.03741189 0.36034152 0.53857517 0.20280968 0.39199767 0.54531693 -0.2027957 0.50007945 0.65588707 0.32006729 0.54420853 0.67027909 -0.07939635 0.48272774 0.77875519 0.49009845 0.55880338 0.8149671 0.12038005
0.58601362 0.40922838 0.281176 0.64153033 0.41315466 -0.36525938 0.5224489 0.51059037 0.33456871 0.58680433 0.52547449 -0.31539127 0.49727422 0.58601964 0.24529716 0.57311529 0.59722847 -0.01198531 0.3603389 0.53730118 0.20203546 0.39149401 0.54434568 -0.20197225 0.49434075 0.65587205 0.31659889 0.53814536 0.67088777 -0.06318177 0.48828351 0.7735948 0.49111515 0.55862153 0.81465793 0.13105492
0.58291727 0.40680906 0.2922937 0.64139634 0.4123376 -0.34515995 0.51090491 0.50425273 0.34139886 0.58669579 0.52627784 -0.28810248 0.48835453 0.57922363 0.25284943 0.5764792 0.59463567 0.02527088 0.36074561 0.53681684 0.19953632 0.39276165 0.54430526 -0.19954446 0.49318299 0.65589112 0.30229798 0.53651291 0.67362893 -0.05873391 0.48953965 0.77722585 0.48137897 0.56250489 0.8166495 0.12298694
0.58274418 0.40420753 0.2913208 0.64138663 0.41108447 -0.35146013 0.50918192 0.49428636 0.32963899 0.58672094 0.5245313 -0.29250032 0.48335311 0.56643814 0.2370124 0.57570004 0.59487361 0.01754399 0.36071911 0.53597194 0.19373792 0.39397797 0.54348493 -0.1937618 0.48806196 0.65590322 0.28788489 0.5365724 0.67633164 -0.06025037 0.49668229 0.78019273 0.46308857 0.56716466 0.81982964 0.12146305
0.58142143 0.39929512 0.28454089 0.6413939 0.40935466 -0.33584586 0.5032078 0.48137504 0.32403478 0.58677453 0.52005523 -0.29243082 0.48205975 0.55111796 0.21182838 0.57861602 0.58915651 0.01625314 0.36072952 0.53144652 0.18757109 0.39704457 0.54102457 -0.18762133 0.4808622 0.65583891 0.21336325 0.53708762 0.67597961 -0.08149797 0.49814731 0.79160678 0.32139021 0.56135696 0.81920892 0.03510074
0.5750187 0.39582473 0.30688363 0.64159679 0.40743509 -0.29850653 0.49340254 0.48109305 0.34353536 0.58703011 0.51993632 -0.25709146 0.46621668 0.55482197 0.24969409 0.57006967 0.59036118 0.029211 0.3559953 0.53140837 0.18489578 0.40240327 0.54069036 -0.18498181 0.4625935 0.65599567 0.24138342 0.53844362 0.67623556 -0.05658778 0.48098743 0.79048455 0.37729058 0.56091666 0.82219619 0.05547868
0.57411975 0.39442596 0.29862893 0.64155322 0.40611491 -0.3179881 0.49382758 0.48027739 0.33728263 0.58723015 0.52080774 -0.27316904 0.47038859 0.55660933 0.23446523 0.56907356 0.59166127 0.00373477 0.35545158 0.53169513 0.18457034 0.4047786 0.53951007 -0.18461996 0.45850122 0.65899259 0.23010749 0.53992999 0.67583901 -0.06394158 0.48522261 0.79491478 0.35987011 0.56483841 0.82224351 0.05905865
0.57263017 0.39154148 0.31186295 0.64158285 0.40476733 -0.30202734 0.49271533 0.47518891 0.34876311 0.58793664 0.51909357 -0.26081678 0.46340451 0.54718381 0.25791687 0.56829172 0.58865243 0.03941423 0.35511664 0.53161317 0.18530174 0.40834936 0.53900826 -0.18533257 0.4509635 0.65714592 0.24145782 0.54850727 0.67553198 -0.06254317 0.4713971 0.77674264 0.36990526 0.56490701 0.82159531 0.05716439
0.57271731 0.39025047 0.30732438 0.64169687 0.40355727 -0.31080845 0.49469605 0.47661179 0.3490887 0.5891366 0.51911467 -0.26987472 0.46832362 0.55189598 0.25892568 0.56836116 0.58913642 0.02935672 0.35453987 0.5310778 0.18583235 0.40720809 0.53777194 -0.18585467 0.44548592 0.65743995 0.24313572 0.54847252 0.67530388 -0.06464829 0.47342914 0.77741235 0.37859252 0.56237292 0.82109761 0.06087512
5.73175371e-01 3.88755828e-01 3.08436513e-01 6.41329646e-01 3.99924129e-01 -3.09391290e-01 4.94383186e-01 4.74805802e-01 3.46679688e-01 5.89602590e-01 5.12809336e-01 -2.72964299e-01 4.69802707e-01 5.52980602e-01 2.53132403e-01 5.67092896e-01 5.90505421e-01 3.45573353e-04 3.54855895e-01 5.31078339e-01 1.86191395e-01 4.06443477e-01 5.36304533e-01 -1.86203048e-01 4.49668556e-01 6.57937825e-01 2.24746540e-01 5.49512029e-01 6.73189282e-01 -8.48529711e-02 4.76658583e-01 7.77261794e-01 3.39097381e-01 5.63755095e-01 8.20789993e-01 2.35166568e-02
0.5735122 0.38798609 0.31345901 0.64147395 0.397966 -0.30924219 0.48892516 0.47429889 0.34801781 0.58968145 0.50985277 -0.2882081 0.45932448 0.55440927 0.25038356 0.56511885 0.59127325 -0.03329497 0.35576603 0.53113878 0.18743877 0.40645981 0.53610402 -0.18742198 0.45295629 0.65929621 0.22069858 0.54896897 0.67292881 -0.09227369 0.47808883 0.77722198 0.33867556 0.56451595 0.82125175 0.01627509
0.5715186 0.38511598 0.31130826 0.64180493 0.39654413 -0.30983481 0.48097682 0.46928921 0.34632447 0.59045029 0.50832874 -0.30638805 0.44971004 0.55057657 0.25374052 0.56121665 0.59143895 -0.03511821 0.3567054 0.53063643 0.18799889 0.40901655 0.53633332 -0.18803644 0.44804937 0.65873545 0.26502284 0.54598731 0.67261052 -0.03860789 0.47438788 0.77257252 0.38807166 0.56421435 0.8212136 0.07611429
0.57078195 0.38345245 0.30891797 0.64284718 0.39546362 -0.31190026 0.47413838 0.46581322 0.34527767 0.59044987 0.50777978 -0.31617481 0.4347575 0.53935367 0.25174499 0.55155355 0.58771211 -0.04272162 0.3575989 0.52940899 0.19166422 0.40967906 0.53637445 -0.19171982 0.4590072 0.65795314 0.25952896 0.53462857 0.67280716 -0.04715381 0.47501311 0.77341402 0.39499849 0.56386757 0.82328916 0.08562767
0.56881005 0.3813062 0.34921154 0.64382726 0.39270785 -0.2971544 0.47159374 0.46463048 0.38193202 0.59072828 0.50584948 -0.29767984 0.44031081 0.54334509 0.29793695 0.54902118 0.58680862 -0.02113667 0.35762462 0.52852386 0.19546032 0.41263041 0.53551829 -0.19553658 0.45947272 0.65911072 0.23966785 0.53399229 0.67546856 -0.05101054 0.47808143 0.77375633 0.36489636 0.56674528 0.82861584 0.0644125 
0.56634796 0.37830436 0.34463713 0.64597154 0.38966039 -0.29783046 0.47040066 0.46062571 0.37942472 0.5910216 0.49895719 -0.29685465 0.44469514 0.54243582 0.29924354 0.54940981 0.58500808 -0.02052888 0.3581053 0.52770525 0.1980975 0.41647652 0.53508514 -0.1981505 0.46372414 0.65907073 0.24050784 0.52753174 0.67825115 -0.0492631 0.47886714 0.77397263 0.38149756 0.56760693 0.83201975 0.06906607
0.56803918 0.37760648 0.36576867 0.64557457 0.38590088 -0.28909698 0.47296235 0.46210569 0.38982666 0.59093237 0.49374816 -0.29922315 0.4440923 0.54393744 0.28945759 0.54286909 0.57689857 -0.05150776 0.36642742 0.52723306 0.19827542 0.41594204 0.53261429 -0.19829857 0.46879837 0.66043174 0.16644794 0.52115655 0.6779511 -0.10326212 0.5009762 0.7995128 0.23509675 0.57236403 0.83277518 -0.03610478
0.56772137 0.3750197 0.36611366 0.64607126 0.38247329 -0.29239023 0.47201401 0.46181816 0.3985658 0.59093696 0.49000847 -0.3058272 0.44028175 0.54442012 0.31183928 0.53956711 0.56873012 -0.04789455 0.36758283 0.52719748 0.20230862 0.41637498 0.53223103 -0.20222655 0.46989772 0.66077429 0.19087 0.51255882 0.67895538 -0.09603777 0.49944338 0.79834372 0.2962845 0.5743891 0.83312649 -0.00399896
0.5645982 0.37082455 0.36680606 0.64808267 0.38161886 -0.29537931 0.46687394 0.45847878 0.39489314 0.59109187 0.49055228 -0.30552694 0.43484899 0.53669649 0.30842096 0.54129016 0.57231724 -0.04191511 0.36736661 0.52694172 0.2045501 0.42019188 0.53217012 -0.20446447 0.46986604 0.66071635 0.22727294 0.50967842 0.68116361 -0.07671241 0.49968487 0.79162055 0.36159268 0.57378852 0.83258671 0.02444696
0.5645076 0.37034136 0.36454281 0.64802831 0.37843177 -0.29275799 0.46547505 0.45905086 0.39326736 0.59100676 0.48662344 -0.2956731 0.43446442 0.53758794 0.31724358 0.53831697 0.57197165 -0.02585162 0.36792496 0.52687901 0.20633978 0.42291266 0.53213036 -0.20621876 0.47130737 0.66049373 0.23562294 0.51246417 0.67223507 -0.06166371 0.48728475 0.79053634 0.38512418 0.57361829 0.83334225 0.02872887
0.55811471 0.36835432 0.41941145 0.64858645 0.37492219 -0.24155988 0.46329972 0.45738637 0.44364277 0.5910936 0.4837347 -0.2449256 0.43153816 0.54019374 0.38599828 0.53969014 0.56944919 0.02818188 0.36760047 0.52677566 0.20934886 0.4294278 0.53210372 -0.2093005 0.47130236 0.6605882 0.26660153 0.51632243 0.67100161 -0.04050575 0.48576406 0.77713472 0.43709594 0.57498908 0.83556652 0.06346114
0.55325449 0.36702529 0.3950291 0.64823967 0.37152234 -0.25914407 0.46184152 0.45720091 0.42351785 0.59099436 0.48188737 -0.25813439 0.43255916 0.54284561 0.36273611 0.54066759 0.56703776 0.02355813 0.36778846 0.52681553 0.21076728 0.43021256 0.53219938 -0.210711 0.47422022 0.66097355 0.28607053 0.52070898 0.67121476 -0.02864906 0.48285636 0.78028667 0.46440697 0.57564288 0.83663464 0.09067376
0.55220556 0.36434776 0.38705534 0.64708668 0.36603338 -0.26625362 0.45541736 0.45161816 0.41753557 0.59050977 0.47477308 -0.26442909 0.42559099 0.54013914 0.35257775 0.54134542 0.56105518 0.0075237 0.37093496 0.5266214 0.2103599 0.43175909 0.5318439 -0.21029933 0.46768925 0.66078198 0.28525686 0.51441574 0.67420024 -0.03601572 0.48303127 0.7878955 0.46300453 0.57617027 0.83657628 0.09011822
0.55050075 0.36296356 0.35628614 0.64453632 0.36335626 -0.30097672 0.44993389 0.45040736 0.39182246 0.58985174 0.47187015 -0.30780298 0.42635152 0.53896219 0.33387262 0.54164845 0.56387484 -0.04902899 0.37159082 0.52655417 0.2100589 0.43638399 0.53155071 -0.20999223 0.46783486 0.6604951 0.2753906 0.50983554 0.67862934 -0.03813245 0.48892426 0.78288859 0.43581203 0.57604045 0.83564103 0.08946368
0.54351163 0.35955617 0.34134319 0.64422888 0.3607038 -0.31454113 0.44877979 0.44833773 0.37705824 0.5898028 0.46912214 -0.32533759 0.42763388 0.53708911 0.32466874 0.54187047 0.56101346 -0.0715118 0.37176657 0.52642673 0.21040438 0.43878296 0.5313766 -0.21033198 0.46792555 0.66047412 0.27943218 0.50933164 0.68028599 -0.03928608 0.48895347 0.77792299 0.43386322 0.57546723 0.83545572 0.08111023
0.53744483 0.35681894 0.39299089 0.64362538 0.35650101 -0.26738006 0.44210926 0.44445556 0.4153679 0.5897007 0.46377808 -0.29881775 0.42306307 0.53234512 0.35626128 0.54154825 0.55677593 -0.05730262 0.37212649 0.526218 0.21249762 0.4414058 0.53030354 -0.21242373 0.46940038 0.66014141 0.27605796 0.5133788 0.67461467 -0.04978543 0.48894885 0.77528375 0.40967685 0.57419664 0.83472073 0.0326664 
0.53885096 0.35661417 0.39943683 0.63999408 0.35535628 -0.26585978 0.4406243 0.44636351 0.41451398 0.58709258 0.46475405 -0.29987854 0.42275819 0.53638273 0.34773964 0.54048157 0.55892247 -0.0881279 0.37532973 0.52619469 0.21401425 0.44291937 0.52956617 -0.21391113 0.47658783 0.66143441 0.2248178 0.52115631 0.67022264 -0.07921055 0.48974693 0.7960133 0.33091357 0.57394141 0.83453643 -0.02140161
0.53932619 0.35532713 0.32373887 0.63534212 0.3509413 -0.2920768 0.44312054 0.44751343 0.34053251 0.58598959 0.4612568 -0.31906438 0.42382678 0.539994 0.27125591 0.53950119 0.55761987 -0.11441816 0.38273984 0.52515149 0.20851983 0.44489443 0.52749473 -0.20827289 0.48849991 0.66165 0.20764525 0.52197313 0.6696533 -0.09421908 0.51328009 0.79962915 0.30974171 0.57324332 0.83165354 -0.03899535
0.53787649 0.3531903 0.38053972 0.62696147 0.34755561 -0.23808043 0.44573587 0.44721588 0.40198395 0.58305794 0.4567987 -0.256017 0.42792061 0.53999609 0.35484672 0.54072762 0.54958159 -0.04553102 0.38418317 0.52377087 0.20870592 0.44803846 0.5252853 -0.20848207 0.47945619 0.65354294 0.21207294 0.5205946 0.67284274 -0.08763909 0.51028967 0.77996123 0.32412434 0.57201588 0.82987612 -0.0165247 
0.53430665 0.35055932 0.40704915 0.62183434 0.34333876 -0.20054632 0.44611385 0.44240558 0.4161 0.58192092 0.45088708 -0.21224557 0.4280569 0.53108323 0.355584 0.54326451 0.54188025 0.0087606 0.38571125 0.52292591 0.20536813 0.45381847 0.52346873 -0.20526752 0.47633594 0.65370697 0.2109713 0.5147357 0.67387336 -0.08516754 0.51047683 0.79139519 0.31972748 0.56953847 0.82820547 -0.0231966 
0.52347505 0.34660175 0.3769778 0.61727953 0.33845109 -0.21290705 0.44561863 0.43806511 0.39474475 0.57662523 0.44703966 -0.2335308 0.42796841 0.52385032 0.35421863 0.54381418 0.53644019 0.01814358 0.38880694 0.52274489 0.2053899 0.4540616 0.52386045 -0.20530441 0.48118675 0.65405601 0.25820407 0.51756155 0.67067945 -0.0296807 0.50892591 0.78520221 0.40744361 0.56975561 0.82841492 0.06725632
0.51795834 0.34468094 0.37764308 0.60814619 0.33456865 -0.21461064 0.43846306 0.43411392 0.39179394 0.57297754 0.44244322 -0.22571315 0.42803523 0.5185433 0.34988841 0.54412687 0.53488791 0.02846987 0.39227277 0.52040511 0.20430905 0.45613045 0.52163017 -0.20432189 0.48772317 0.65623409 0.20365922 0.5175885 0.66955018 -0.06526142 0.50856805 0.80302578 0.28123879 0.56610745 0.82842988 -0.03688741
0.51191527 0.34265125 0.38729909 0.60355997 0.33206165 -0.21501364 0.43506512 0.43411052 0.39567882 0.5709579 0.44161457 -0.22521713 0.42451429 0.52025729 0.34972069 0.54404348 0.53473645 0.03710453 0.39511377 0.51906639 0.20513241 0.46168292 0.51874954 -0.20523232 0.48708564 0.65619576 0.21184663 0.51825309 0.66764176 -0.07203554 0.50360566 0.8038072 0.30134392 0.5658893 0.82849103 -0.03156547
0.49965307 0.34050593 0.33870554 0.5971874 0.32665056 -0.25273094 0.42571399 0.43486646 0.34808922 0.56780094 0.43777144 -0.22753794 0.42042685 0.51797706 0.30916724 0.54479659 0.53016591 0.03621181 0.39498797 0.51927179 0.20394799 0.46226469 0.51942426 -0.20410416 0.48489091 0.65676719 0.23326281 0.51910841 0.66788381 -0.04667981 0.50082934 0.80506384 0.32192075 0.56126904 0.82838118 0.00729745
0.49152318 0.33786792 0.34481105 0.59615636 0.32388547 -0.25191727 0.41866419 0.43508759 0.35559881 0.56597584 0.43669912 -0.23265579 0.4173184 0.51986521 0.31038058 0.5450412 0.52977949 0.03938616 0.39560422 0.51831847 0.20425442 0.4675864 0.51770204 -0.2044587 0.47770765 0.65507394 0.25830966 0.52221334 0.66788459 -0.04893561 0.48368248 0.80176848 0.36647522 0.56127578 0.82829672 -0.01172926
0.49616161 0.33392426 0.34813243 0.58734637 0.31928959 -0.252832 0.42183226 0.43354413 0.3558169 0.56277138 0.4322446 -0.23666506 0.4174228 0.51683313 0.31091335 0.54519641 0.5259003 0.03491746 0.40300515 0.51581895 0.20755528 0.46946576 0.51502812 -0.20776238 0.47248325 0.65172356 0.26936451 0.52348852 0.66768771 -0.09497846 0.48406637 0.78712595 0.38408235 0.56184435 0.8284986 -0.1041521 
0.49298236 0.33295727 0.38956699 0.57730162 0.31787106 -0.23348129 0.42203856 0.43274662 0.37810451 0.56093091 0.42932025 -0.23395036 0.43272442 0.51602995 0.31005496 0.54730272 0.52456897 0.02954294 0.40760824 0.51167887 0.20914902 0.47039095 0.51064986 -0.20931111 0.47261736 0.65189302 0.13866013 0.52347952 0.66535765 -0.13625267 0.49079934 0.81130785 0.12022989 0.56353843 0.82832211 -0.17695497
0.47734651 0.33149061 0.30037597 0.57140124 0.31592435 -0.28997144 0.41262701 0.43320429 0.30977854 0.55863434 0.43026859 -0.24246719 0.43900213 0.51523125 0.28320679 0.54727471 0.51954651 0.05070998 0.40885463 0.51249796 0.20799702 0.4701952 0.51185912 -0.2081378 0.46314713 0.6500833 0.35143206 0.52682257 0.66336131 -0.11921583 0.4794614 0.78215599 0.52888256 0.56468213 0.82832623 -0.12527473
0.46730322 0.33072516 0.3059355 0.56913245 0.31465054 -0.28049201 0.40666753 0.43357027 0.31170857 0.55534655 0.42706129 -0.24803777 0.43838367 0.51201802 0.28273064 0.54950738 0.51744372 0.01650751 0.41410324 0.51230091 0.20748705 0.47563121 0.51126802 -0.20764728 0.46009755 0.64969093 0.50937128 0.53323746 0.6623854 -0.19376889 0.47426113 0.77238548 0.78042418 0.56699312 0.83096427 -0.30224067
0.45370722 0.33120596 0.31027731 0.5612272 0.31435817 -0.2612122 0.39891613 0.43376186 0.31580669 0.55314362 0.42463249 -0.24414003 0.43770233 0.51021463 0.28716901 0.5519622 0.51166922 0.01625344 0.41476732 0.51247138 0.2027155 0.47556248 0.51191628 -0.20297904 0.45483404 0.64953381 0.52234781 0.5389753 0.66240859 -0.17023209 0.4756892 0.7718336 0.78975332 0.57035774 0.83161968 -0.25827599
0.45977014 0.32788455 0.31846356 0.54986334 0.31162727 -0.26118809 0.40328422 0.43127459 0.32411516 0.54676062 0.42124698 -0.25070053 0.44240206 0.50685912 0.28472897 0.55266821 0.50615388 0.00518862 0.42534506 0.51187909 0.2040007 0.47701055 0.51012105 -0.20425609 0.46287706 0.6453324 0.54592627 0.546161 0.66233385 -0.24504524 0.4748764 0.76308 0.82249856 0.57211769 0.83226657 -0.40175092
0.45815423 0.32500204 0.30116159 0.53981763 0.31089815 -0.27013963 0.40494502 0.42774242 0.30844307 0.54114509 0.42051041 -0.26823917 0.4432866 0.50585455 0.26305819 0.55258173 0.5067206 -0.02190221 0.43109396 0.51216346 0.20344187 0.47759438 0.51046723 -0.20368001 0.4653284 0.64557463 0.52183253 0.5537976 0.66323471 -0.23864062 0.47254881 0.76141226 0.78495693 0.57379788 0.8327837 -0.36422995
0.46192041 0.32188091 0.27061254 0.52870119 0.31010455 -0.28596565 0.40518132 0.42576095 0.27398926 0.53493166 0.41917819 -0.28803676 0.44616008 0.5071547 0.20920022 0.55256748 0.50944114 -0.07445233 0.43780553 0.51188487 0.1994133 0.47950399 0.51006901 -0.19964941 0.46903387 0.64567089 0.49022177 0.5584777 0.66418916 -0.23679514 0.47340247 0.76197839 0.73573667 0.57561624 0.83276439 -0.3575806 
0.46253783 0.31944305 0.2238602 0.50514853 0.30840552 -0.33086383 0.42010242 0.4253208 0.2308948 0.52826434 0.42028639 -0.31935796 0.4519358 0.50722212 0.14283563 0.55300879 0.51100689 -0.1322381 0.44830036 0.51198208 0.19229761 0.47882912 0.51034302 -0.19257273 0.47649023 0.64564794 0.46170995 0.5582037 0.66494447 -0.22261824 0.47366622 0.76333767 0.69568974 0.5774681 0.83215368 -0.32247144
0.46263334 0.31882694 0.25238934 0.49868038 0.3062281 -0.31557345 0.42201555 0.42509753 0.26516312 0.52468127 0.41947889 -0.30376637 0.46492466 0.50546759 0.19642924 0.55477703 0.51018953 -0.08807456 0.4469668 0.51213413 0.19211249 0.47845358 0.51042289 -0.19235675 0.48463061 0.64299518 0.47298774 0.5565967 0.66496211 -0.24895152 0.47413862 0.7609759 0.71851951 0.57718897 0.83224791 -0.38124514
0.45726675 0.31958786 0.2656998 0.48956513 0.30711275 -0.30733502 0.41692209 0.42545074 0.27795964 0.52204233 0.42041007 -0.28049308 0.46344569 0.50553882 0.20879087 0.55367166 0.50838482 -0.07526109 0.44773814 0.51312739 0.18826 0.47806522 0.51093787 -0.1884681 0.48894998 0.6387738 0.48741558 0.5564419 0.66488773 -0.28142428 0.47453117 0.75787467 0.74710822 0.57626975 0.83238709 -0.45436692
0.4504624 0.31810877 0.26371941 0.48225591 0.30743536 -0.3050212 0.41608354 0.42447785 0.27669889 0.51914018 0.42101061 -0.28021339 0.4631629 0.5027439 0.2088429 0.55322933 0.50021523 -0.04149111 0.44640064 0.51368147 0.18581471 0.47778094 0.51223701 -0.18601111 0.48776269 0.63971424 0.49631467 0.55593324 0.66667914 -0.26383829 0.4780452 0.75970936 0.76472962 0.57622874 0.8327173 -0.41005599
0.42787203 0.31899226 0.26749143 0.47987014 0.3070423 -0.29856694 0.40317875 0.42613572 0.27830556 0.52104026 0.42112085 -0.26629528 0.46162355 0.50200677 0.21963945 0.55268246 0.49527782 0.00644205 0.44510651 0.51700401 0.18636805 0.47835118 0.51483226 -0.18657342 0.4867205 0.64031237 0.5429517 0.55509424 0.66801053 -0.25308803 0.47809273 0.76075339 0.83058518 0.57616532 0.83320564 -0.40664172
0.41651568 0.31956011 0.26855168 0.46711886 0.30750731 -0.29476231 0.39935157 0.42647257 0.28132299 0.51756704 0.42150918 -0.25174588 0.46054861 0.49888328 0.24618259 0.54814684 0.49292549 0.0332873 0.44373971 0.51918238 0.18128242 0.47870389 0.51678544 -0.18146117 0.49123383 0.64210457 0.52786958 0.5550043 0.66937554 -0.23593819 0.48009744 0.76547652 0.75551927 0.57608742 0.8334446 -0.37341207
0.40372372 0.31993878 0.24432048 0.46534133 0.30754423 -0.29430038 0.39226526 0.42643583 0.27887464 0.5181852 0.42357501 -0.23505265 0.45993367 0.48752195 0.26307043 0.54829758 0.49583191 0.07046339 0.44295391 0.51936972 0.17388618 0.47941557 0.51728052 -0.17412245 0.49073496 0.64229912 0.52087247 0.55688179 0.668751 -0.2322039 0.48170453 0.76578689 0.74851459 0.5760572 0.83343774 -0.35631511
0.40496495 0.3202247 0.24547727 0.45233816 0.30759227 -0.31155723 0.39362055 0.42420474 0.27907318 0.51234025 0.42411482 -0.23735145 0.46169344 0.4831045 0.23837835 0.55090284 0.49735385 0.05179364 0.4423629 0.51937157 0.17571937 0.4793365 0.51724672 -0.17595151 0.49009445 0.64196056 0.50147939 0.55800569 0.66871488 -0.22568996 0.48099348 0.76382905 0.73865789 0.5755797 0.8346563 -0.30823061
0.40270567 0.3210288 0.24520102 0.4408356 0.30783701 -0.32080826 0.4008621 0.42367795 0.27605852 0.50784528 0.42414424 -0.26166278 0.46315232 0.48059508 0.2090601 0.55371898 0.49826825 0.01914817 0.4451181 0.51930887 0.17697832 0.47845539 0.51721555 -0.17720442 0.4901942 0.64206451 0.46166044 0.55917495 0.66869926 -0.22429691 0.47988281 0.76317805 0.6931923 0.57554066 0.83537716 -0.28197482
0.38971633 0.32316399 0.24397713 0.43963325 0.30822966 -0.31534767 0.3980464 0.42440897 0.27747566 0.50927156 0.42656761 -0.26102149 0.46382999 0.48320141 0.21819378 0.5550527 0.49887365 0.02136519 0.44449827 0.51945281 0.17758211 0.47837967 0.51760274 -0.17781903 0.49036717 0.6421271 0.46177641 0.55882645 0.66894913 -0.21686634 0.4799813 0.76319408 0.69723046 0.57507402 0.83538324 -0.27229854
0.37883705 0.3252494 0.24732734 0.43928465 0.30981323 -0.31276679 0.39472666 0.42443666 0.29079765 0.51048952 0.42789397 -0.2610313 0.46428469 0.48057941 0.27042133 0.55814308 0.49928147 0.02593547 0.44421351 0.51941311 0.178139 0.47930428 0.51793039 -0.17837131 0.49013147 0.64219344 0.47353148 0.55860007 0.66940057 -0.21861881 0.48001155 0.76325828 0.71540004 0.57506275 0.83540618 -0.28324914
0.37191361 0.32641122 0.24689254 0.43930116 0.31193551 -0.31099796 0.39575058 0.42542443 0.29137561 0.51116699 0.42879727 -0.2603212 0.46830177 0.48042917 0.27009332 0.55946112 0.49891272 0.0283307 0.44294921 0.51951206 0.17851084 0.48189867 0.51836717 -0.17872767 0.4895311 0.64248544 0.50218803 0.55951303 0.67787987 -0.21888193 0.47932169 0.7599839 0.7627328 0.57591259 0.83587855 -0.28934166
0.37102482 0.32880718 0.24810687 0.43755147 0.31443587 -0.30985996 0.39614916 0.4267008 0.30152825 0.5116685 0.42947021 -0.25570562 0.47041458 0.47845519 0.28369004 0.56232411 0.49807656 0.04664642 0.44263977 0.51966608 0.17864551 0.48188329 0.51911688 -0.1788799 0.48937237 0.6435191 0.50802696 0.55717844 0.67770666 -0.22840072 0.48051932 0.75991082 0.764597 0.57833487 0.835926 -0.31449315
0.36937293 0.33020243 0.24762347 0.43629855 0.3144075 -0.30970997 0.39334577 0.42824167 0.29991823 0.51136309 0.42941996 -0.25366196 0.47014689 0.47980779 0.27767107 0.56262535 0.49785647 0.04847488 0.44219431 0.52086478 0.17842525 0.48276824 0.52022231 -0.17868844 0.48956463 0.64651167 0.50089788 0.55547816 0.67673004 -0.21134229 0.48076534 0.76162136 0.73581117 0.57908392 0.83636457 -0.26626867
0.3711831 0.33043239 0.25278407 0.43697789 0.31469071 -0.30969056 0.3925693 0.42787358 0.31050676 0.5114181 0.42930302 -0.25398606 0.46982986 0.47605741 0.28615701 0.56289238 0.49752894 0.05555889 0.44205725 0.52087575 0.18274471 0.4826785 0.52015072 -0.18303743 0.48962492 0.64716583 0.50076926 0.55409867 0.67419529 -0.21646833 0.48133817 0.76527464 0.74793559 0.5793606 0.83628011 -0.27619332
0.3692995 0.33078548 0.25191593 0.43818927 0.31466475 -0.30898863 0.38946593 0.42824286 0.30821395 0.51153296 0.42926475 -0.25421104 0.46920618 0.47730029 0.29033974 0.56286752 0.49729598 0.05618697 0.44059175 0.52147114 0.18281925 0.48261261 0.52063417 -0.18312165 0.49049011 0.64778644 0.49902666 0.55345708 0.67410868 -0.20300351 0.48396093 0.76810008 0.74415535 0.57928991 0.83602196 -0.23424663
0.37233841 0.3306995 0.25210842 0.43797129 0.31453255 -0.30646592 0.38915524 0.42919251 0.30489045 0.5117386 0.42881769 -0.25431618 0.46874619 0.47886744 0.28750584 0.56302977 0.4972052 0.0527962 0.44046783 0.52154231 0.18283375 0.48255688 0.52062851 -0.18313594 0.49102715 0.64780742 0.48461083 0.55262411 0.67362976 -0.20053239 0.48546273 0.76952571 0.71661711 0.57921398 0.83569723 -0.23446451
0.37440315 0.33063754 0.25217557 0.4386684 0.3144328 -0.30385748 0.38888344 0.42969957 0.30207524 0.51181257 0.42810899 -0.25330856 0.46697637 0.47942254 0.28405002 0.5629738 0.49670964 0.05006926 0.44028828 0.52152026 0.18284711 0.48252314 0.52058971 -0.18315195 0.49162918 0.64778173 0.48364025 0.55251646 0.67290336 -0.2009016 0.48541865 0.76856685 0.71649891 0.57917482 0.83522314 -0.23997648
0.37497094 0.33051339 0.25206119 0.44231007 0.31415719 -0.29264075 0.38520187 0.42969474 0.29946226 0.51228249 0.42618084 -0.24387187 0.46581146 0.48085082 0.28505117 0.56291103 0.4967804 0.05108818 0.43996209 0.52150428 0.18278693 0.48246866 0.52056056 -0.183099 0.49193183 0.64759606 0.48100361 0.55212063 0.67263073 -0.19571482 0.48491341 0.76748604 0.71449655 0.57900143 0.8348521 -0.23453441
0.3811782 0.32986218 0.25185543 0.45501414 0.31456947 -0.29295209 0.38575506 0.42921075 0.30267212 0.51438522 0.42615682 -0.23663203 0.46593279 0.47914165 0.29700953 0.56153178 0.48489204 0.06983204 0.4397414 0.52124619 0.18535273 0.48224449 0.52090985 -0.18566084 0.49290511 0.64731789 0.49477494 0.5518567 0.67248839 -0.21010809 0.48474103 0.76698661 0.74734855 0.57894093 0.83477235 -0.27017662
0.39165556 0.3285538 0.26035413 0.46204999 0.31456238 -0.29264104 0.38987526 0.42715317 0.30850875 0.51589447 0.42428523 -0.2318746 0.46634096 0.47737572 0.29881266 0.56140339 0.48069865 0.09860193 0.4408651 0.52129716 0.18732059 0.48220202 0.52164161 -0.1875869 0.49337983 0.64730269 0.49432898 0.55185235 0.67237979 -0.21376556 0.48456755 0.76696968 0.74448764 0.57999372 0.83476251 -0.27904844
0.40702972 0.32563505 0.27812222 0.46802154 0.31415352 -0.28996497 0.40519571 0.42277831 0.31751454 0.51594239 0.42186755 -0.23406874 0.47553581 0.47288057 0.29523382 0.56134307 0.47906727 0.07216128 0.44401443 0.52112013 0.18863758 0.48213071 0.5218327 -0.18885268 0.49408457 0.64516741 0.45614603 0.5511626 0.67194504 -0.20879686 0.48423195 0.76355565 0.66547835 0.58041704 0.83468699 -0.2630794 
0.43044838 0.32323864 0.29247639 0.47713608 0.3135125 -0.29016903 0.41332006 0.41672638 0.32223281 0.51573783 0.41564837 -0.23436035 0.4751879 0.4725216 0.2924282 0.55944479 0.46267429 0.05507447 0.44561645 0.52216792 0.19065158 0.4815605 0.52377415 -0.19082692 0.49430305 0.64506906 0.44614729 0.55109447 0.6719892 -0.2044231 0.48201442 0.76385552 0.65940475 0.58035266 0.83473337 -0.25600022
0.43867308 0.32333797 0.29413983 0.49471667 0.31350961 -0.29026368 0.4111523 0.4172678 0.33856717 0.52491158 0.41535491 -0.23219876 0.47506815 0.46865031 0.31846088 0.5649004 0.44879791 0.0815873 0.4464393 0.52270979 0.20003818 0.4777627 0.52469295 -0.20011704 0.49547154 0.63901323 0.49371457 0.55152029 0.67213893 -0.20444599 0.47830844 0.75466025 0.7496624 0.57768434 0.83451504 -0.26472738
0.45139742 0.32341543 0.27866 0.51267833 0.31481856 -0.29290062 0.42009199 0.41838342 0.28601211 0.53414869 0.4211413 -0.23854896 0.47590265 0.48823705 0.23771244 0.56457651 0.47408825 0.03465626 0.44521788 0.52271885 0.19944347 0.46923128 0.52459979 -0.19953755 0.49439427 0.63854814 0.48557377 0.54933035 0.67810214 -0.21333583 0.47579548 0.75546604 0.74223864 0.57661724 0.83457941 -0.30039126
0.46512154 0.32415047 0.25235251 0.53589219 0.32133311 -0.28960392 0.41859138 0.42105293 0.27031338 0.540564 0.43390495 -0.21400344 0.47017139 0.49558544 0.23662259 0.55930161 0.48941219 0.06876855 0.44017363 0.52147812 0.19435878 0.46592513 0.52305818 -0.19440454 0.4943808 0.63895762 0.47901973 0.5455184 0.68062693 -0.22541717 0.47595069 0.75616473 0.73750788 0.57595843 0.83441693 -0.34996599
0.47470522 0.32799256 0.26222438 0.55751908 0.32564643 -0.2725296 0.41837791 0.42323217 0.30241209 0.5494132 0.43789992 -0.19526912 0.46086654 0.50042915 0.31015831 0.55942035 0.48842171 0.08522926 0.43043402 0.52211213 0.1996762 0.46137413 0.52376777 -0.19972581 0.49431857 0.63803524 0.5105263 0.53695887 0.678321 -0.22088683 0.4791235 0.7564922 0.7918278 0.57538104 0.83347571 -0.33834201
0.48373058 0.33273077 0.21952243 0.57912701 0.33871552 -0.3152115 0.41745335 0.42763981 0.28787577 0.55766791 0.45153666 -0.2048593 0.46075752 0.50417799 0.31112662 0.55935735 0.50171667 0.10870434 0.41938862 0.52590811 0.19954722 0.45839897 0.53081405 -0.19961359 0.49490407 0.63824075 0.53479367 0.53332686 0.67793316 -0.09664922 0.48016003 0.75396669 0.84204012 0.57437706 0.83356202 -0.09188481
0.50013936 0.34267056 0.23053513 0.59275138 0.34780583 -0.31155297 0.41656354 0.43654692 0.28101492 0.56205732 0.45687142 -0.21976647 0.45216852 0.51728791 0.30805549 0.55872434 0.51524252 0.04514888 0.41370758 0.52931809 0.20186795 0.45145997 0.53369814 -0.20190719 0.49110118 0.64631504 0.52438319 0.53412199 0.68972647 -0.10536149 0.47856599 0.75653201 0.80136579 0.57442743 0.83356506 -0.1172299 
0.52533048 0.35357532 0.22827683 0.60610133 0.36192867 -0.32143164 0.42999312 0.43929258 0.26505503 0.56957227 0.46399468 -0.23407182 0.45088139 0.51978099 0.27041489 0.54850376 0.52775759 0.04801265 0.41286588 0.53089142 0.20265965 0.43822813 0.53636587 -0.2026758 0.48574847 0.64978439 0.47512105 0.52366626 0.68325591 -0.07389939 0.4785102 0.75677991 0.73473519 0.57368273 0.83339119 -0.03502028
0.54699051 0.36954173 0.21071713 0.62081981 0.37643176 -0.33307728 0.44522056 0.44986314 0.24005172 0.57852775 0.47536811 -0.25116608 0.44936958 0.53948963 0.22893248 0.54531592 0.5468896 0.03540267 0.40945584 0.53494698 0.20290062 0.4298943 0.53957456 -0.2029057 0.48816437 0.65347898 0.41713306 0.51228309 0.69665742 -0.02028669 0.48045361 0.7556026 0.66277003 0.57120943 0.83332914 0.07865597
0.5668698 0.38508359 0.24777067 0.63509107 0.39026466 -0.32265142 0.45766756 0.46222359 0.2428254 0.578843 0.4877944 -0.24976583 0.43627444 0.55659032 0.24204721 0.53665745 0.56795949 0.01923371 0.40325797 0.54070872 0.20580973 0.4256964 0.54371208 -0.2058464 0.48336855 0.66396958 0.35549271 0.51163876 0.69878113 -0.0167467 0.48227024 0.77112603 0.57327628 0.57069147 0.83320552 0.08463551
0.57787931 0.40279007 0.26725706 0.64767426 0.41662583 -0.29786456 0.46598628 0.48126045 0.27134863 0.58921927 0.51554108 -0.23267871 0.43508512 0.57205558 0.2426922 0.54387325 0.592233 0.03128667 0.39287716 0.54542547 0.19566469 0.41237015 0.55092168 -0.19578291 0.48367581 0.6720807 0.28377593 0.52317542 0.70108742 0.01496832 0.51364952 0.78903729 0.46194643 0.57647139 0.83234793 0.14495863
0.5815559 0.4192073 0.30856466 0.66914868 0.43634051 -0.20925575 0.4912875 0.50381577 0.32723582 0.60828125 0.53047037 -0.16203506 0.4457958 0.59263194 0.3201265 0.55857944 0.60884917 0.08439948 0.36402938 0.55030262 0.17961089 0.4182418 0.56000835 -0.17989267 0.47908241 0.67118376 0.30448669 0.57162392 0.68797648 0.03328244 0.50862718 0.78270793 0.41742268 0.58091849 0.82944608 0.11900143
0.59479976 0.43895707 0.36332509 0.67659134 0.45435432 -0.2311058 0.5214076 0.53201646 0.38250968 0.61713624 0.54532361 -0.17984308 0.49311817 0.61683846 0.33985803 0.58021134 0.61869735 0.12431313 0.34763339 0.55364835 0.1868847 0.41758797 0.56246829 -0.18730743 0.47322693 0.66059643 0.33359346 0.56404293 0.6939832 0.03720106 0.47270933 0.76928127 0.47492579 0.58056486 0.83522606 0.11209515
0.61869705 0.46510983 0.29407188 0.68559349 0.48768574 -0.29349869 0.55330515 0.55075032 0.35845515 0.62542617 0.58120531 -0.2126434 0.55135876 0.62262684 0.34907115 0.60656089 0.64894581 0.11137931 0.34927911 0.56115621 0.18492886 0.41726586 0.57553303 -0.18520014 0.47445482 0.64277071 0.38191721 0.56733978 0.69436938 0.02082469 0.45780435 0.74394745 0.52119124 0.54308736 0.82528472 0.20397054
0.6317488 0.49353364 0.40468588 0.69790596 0.50778323 -0.2661671 0.55686373 0.56804138 0.46810603 0.63447744 0.58757186 -0.18778259 0.53808719 0.6386078 0.39501062 0.62259573 0.63243574 0.19839236 0.34698549 0.56986141 0.21025482 0.41679412 0.57917827 -0.21064612 0.47512636 0.64532924 0.45045507 0.57688868 0.67739475 0.03813415 0.46287891 0.74544966 0.62216425 0.52862322 0.82475245 0.2469724 
0.6554386 0.50954038 0.37882969 0.71481234 0.52449906 -0.29294798 0.56534404 0.57711208 0.42814907 0.61935347 0.58826315 -0.23189908 0.53174198 0.62922919 0.31618729 0.5625146 0.62865806 0.14491464 0.34669873 0.57259828 0.22163264 0.40306333 0.58438194 -0.22187805 0.51236045 0.6409626 0.47732052 0.58629823 0.67023391 0.03691329 0.47505906 0.74267185 0.73464513 0.53313398 0.8169235 0.33322749
0.66192466 0.52095115 0.39401892 0.71263587 0.52793407 -0.31571987 0.56091118 0.58418369 0.42623946 0.59432864 0.5862698 -0.34110826 0.52051926 0.64227659 0.29193807 0.53323799 0.64842165 -0.11792814 0.34781858 0.57716632 0.2259797 0.38281411 0.58079749 -0.22606131 0.52801412 0.64164263 0.4357343 0.58127958 0.66516846 -0.02639871 0.49397764 0.72869569 0.66243607 0.53750694 0.81435955 0.20986295
0.66530347 0.51387078 0.43765682 0.71632671 0.52459723 -0.24442638 0.56871581 0.56682235 0.53908205 0.60977215 0.57626277 -0.32397354 0.52194762 0.62997121 0.49887028 0.54247564 0.63110918 -0.14384389 0.34708574 0.57601732 0.22178805 0.38162845 0.58076781 -0.2219061 0.52904868 0.64924663 0.31280822 0.57805783 0.65920854 -0.08994079 0.5229395 0.75444585 0.41523319 0.53975827 0.80796492 0.07958534
0.66816914 0.50566316 0.41554758 0.7224825 0.52102798 -0.22768824 0.57843679 0.55805683 0.50430566 0.6170851 0.58069766 -0.2751826 0.53815889 0.6028071 0.44323772 0.54847664 0.62331277 -0.03063016 0.35004932 0.57312459 0.21247283 0.38031167 0.57833409 -0.21286854 0.52390325 0.6574952 0.30395141 0.57590443 0.66303331 -0.06817721 0.52673006 0.77210289 0.42130756 0.53763598 0.81073678 0.0925484 
0.67020607 0.50562197 0.44123849 0.7214765 0.51449293 -0.24236789 0.56912434 0.56008202 0.51570362 0.61654848 0.57754654 -0.26884851 0.52920651 0.59245777 0.43335927 0.55179 0.61821043 -0.01053147 0.35198951 0.57123655 0.21463624 0.37216187 0.57608056 -0.21494426 0.54161805 0.65792316 0.24487084 0.57923567 0.6562199 -0.15712209 0.54434258 0.78576696 0.29952365 0.53880876 0.80186683 -0.0115119 
0.66755551 0.49891627 0.43060905 0.72154319 0.5150376 -0.25780654 0.57067972 0.56033927 0.51810765 0.62210131 0.58506835 -0.23483218 0.52623695 0.5932346 0.42138174 0.56027484 0.62338519 0.17740893 0.35326138 0.56992638 0.21907745 0.37584496 0.57492375 -0.21937579 0.55518389 0.64569861 0.34558147 0.58571702 0.6563043 -0.11219195 0.49620768 0.73507398 0.50637108 0.51449263 0.79612166 0.12433134
0.66596866 0.49831444 0.41925165 0.72095269 0.51744902 -0.29318351 0.57833976 0.56912929 0.50562185 0.62185317 0.59550565 -0.23132923 0.54375184 0.60698974 0.35270768 0.56094658 0.6430456 0.18566041 0.35398984 0.56841469 0.21826212 0.37788591 0.57452428 -0.21857406 0.54443294 0.63319248 0.45941094 0.59127134 0.65879023 -0.01552152 0.42714825 0.67874312 0.70302904 0.47687656 0.78064811 0.28126347
0.66871464 0.50300688 0.44348654 0.71975648 0.51759166 -0.28580555 0.60254031 0.57001197 0.5516293 0.63006157 0.5997234 -0.1860306 0.6017555 0.60367185 0.50071472 0.58266586 0.63358968 0.28718787 0.35620794 0.56802589 0.22625378 0.37715596 0.57317257 -0.22630455 0.56002384 0.63526863 0.36044157 0.59491283 0.65874785 -0.11515045 0.41251484 0.68136483 0.43609631 0.48666981 0.78967184 0.01211016
0.67370397 0.50105995 0.44832072 0.73083436 0.51698065 -0.26763541 0.60497838 0.56026542 0.56172985 0.65993828 0.5932492 -0.15631676 0.59989101 0.58188832 0.4748928 0.60973412 0.624075 0.35931253 0.35620338 0.56757712 0.22474912 0.37854111 0.57458508 -0.22491781 0.55142868 0.63655186 0.48875728 0.59455562 0.65914661 -0.0488853 0.42661026 0.68482417 0.66705143 0.45431158 0.74081594 0.30900273
0.67420512 0.49890795 0.43367141 0.73142302 0.5177173 -0.2750378 0.59447873 0.55847251 0.53391635 0.65198588 0.59456944 -0.17515537 0.57911628 0.58430153 0.44958678 0.60189342 0.63297993 0.32681793 0.35634717 0.567487 0.22364764 0.38025907 0.57689744 -0.22384112 0.54820848 0.63696551 0.49708861 0.59689438 0.65984428 -0.01793663 0.43490526 0.68806636 0.70528638 0.46588191 0.75308108 0.33109787
0.67267376 0.49779302 0.42940313 0.7287026 0.51729643 -0.27839217 0.59487712 0.55898488 0.54177469 0.64571512 0.60362661 -0.17367566 0.58549291 0.58565271 0.49255201 0.59976351 0.63440335 0.32184985 0.35586652 0.56735379 0.21924356 0.38109961 0.57946819 -0.21959382 0.54545021 0.62438792 0.52396411 0.60217804 0.6603514 0.03209026 0.43343586 0.68027997 0.75912637 0.47427177 0.76533586 0.34105092
0.6697008 0.49721429 0.43625155 0.72697079 0.51682484 -0.25663382 0.59483391 0.56232536 0.55940306 0.64214599 0.60794473 -0.13311338 0.59582525 0.58645159 0.53069115 0.5989725 0.63178343 0.36652291 0.35455045 0.56714177 0.21752422 0.38029397 0.58099312 -0.21789531 0.5416941 0.62141407 0.51620394 0.60612828 0.66007119 0.01286043 0.42887917 0.67947 0.6889478 0.48019144 0.76910478 0.31730533
0.66844124 0.49706027 0.45590937 0.72580075 0.5165177 -0.2477271 0.59418344 0.56400716 0.56483811 0.64014113 0.60902625 -0.11963928 0.59429139 0.59152776 0.52194989 0.59812409 0.63493991 0.39605656 0.35456741 0.56736636 0.2173833 0.38034856 0.58137625 -0.21774504 0.54124248 0.62474674 0.52208519 0.61106819 0.65863329 0.00180562 0.41953558 0.67941356 0.66751075 0.47383571 0.76821131 0.2361002 
0.66709149 0.49757168 0.48605913 0.72419041 0.51643181 -0.21876898 0.59986472 0.55621523 0.67052686 0.64311981 0.6093325 -0.08652793 0.61630106 0.57654208 0.73384476 0.61608607 0.623604 0.46067974 0.35372218 0.56928474 0.22132166 0.37842125 0.58120263 -0.22171293 0.5500986 0.62625402 0.42237592 0.6114912 0.65658057 -0.10116067 0.42463782 0.68436539 0.52642035 0.48421359 0.77057624 0.07776682
0.66634268 0.49709576 0.48427773 0.72452331 0.51576734 -0.22491588 0.60445815 0.55013871 0.71446896 0.64489627 0.6080237 -0.10762866 0.639395 0.56407374 0.80871093 0.63409275 0.60762584 0.415481 0.35221326 0.56933975 0.22507055 0.37650973 0.58085769 -0.22548535 0.55133712 0.62721753 0.4127233 0.6099084 0.65675831 -0.10959318 0.42910242 0.69232053 0.53753066 0.48487034 0.77278423 0.09028335
0.66594279 0.49736759 0.49110779 0.72374469 0.51554185 -0.20194283 0.60510486 0.55043197 0.68447232 0.64666271 0.60890204 -0.0879482 0.64345932 0.56435597 0.74011588 0.63910502 0.60347104 0.44013605 0.35144088 0.57006943 0.22461578 0.37468827 0.58069485 -0.22501232 0.55038047 0.62739271 0.39524433 0.60919315 0.65664905 -0.11495512 0.43154573 0.69263583 0.4973608 0.48211375 0.77232045 0.06619242
