0.6449405 0.51007879 -0.78723943 0.45684358 0.50731587 -0.79122144 0.67458928 0.60625803 -0.74700391 0.38299939 0.59270263 -0.74113756 0.68376243 0.6950019 -0.85363549 0.36441031 0.68830162 -0.82063192 0.63177836 0.46078035 -0.05752899 0.52270639 0.46370554 0.06023476 0.60683042 0.58223182 -0.15603568 0.52296919 0.57642674 -0.05165713 0.62740356 0.65535241 0.17380953 0.55994123 0.65182567 0.19578595
0.62678474 0.50712025 -0.48948815 0.37774283 0.50006986 -0.52598441 0.66309005 0.59781706 -0.4057624 0.38532835 0.59833241 -0.41987681 0.68494821 0.69401717 -0.4960278 0.36780405 0.69243723 -0.4502629 0.58610457 0.46282572 -0.01984958 0.4546684 0.46446094 0.02143664 0.62999672 0.58097142 -0.05041278 0.37990057 0.58142191 -0.04608553 0.6040318 0.67010456 0.21965949 0.45479029 0.68548191 0.1889561 
0.63310826 0.50732082 -0.57086581 0.38450161 0.49345076 -0.61546779 0.66305286 0.60399979 -0.40795866 0.36285934 0.59097451 -0.39920709 0.67738688 0.69655681 -0.50190562 0.35049674 0.68936986 -0.40342006 0.57987869 0.49034193 -0.01764526 0.43992215 0.49024487 0.01912008 0.64218962 0.59863842 0.05566049 0.39381734 0.6029796 0.05458271 0.56007802 0.67218989 0.45316318 0.43225724 0.67442828 0.43833116
0.60884374 0.50027621 -0.49461308 0.3805131 0.490612 -0.4404445 0.64822167 0.60321975 -0.2541095 0.36460385 0.5644905 -0.23043463 0.66619509 0.68422836 -0.33032817 0.37366495 0.60513383 -0.14687882 0.57027799 0.49680594 -0.01203912 0.44285175 0.49404466 0.01306601 0.64233834 0.61074525 0.0477142 0.41148862 0.59731597 0.04296694 0.54530954 0.67189938 0.36055019 0.44814515 0.66548097 0.33478406
6.34903729e-01 4.96843904e-01 -5.17541647e-01 3.83848310e-01 4.88705069e-01 -5.91324091e-01 6.64538205e-01 5.95968366e-01 -3.66736293e-01 3.57559949e-01 5.75009942e-01 -4.16626245e-01 6.48953199e-01 6.83795273e-01 -4.87078518e-01 3.53246182e-01 6.51598334e-01 -3.53959799e-01 5.80986142e-01 5.02563834e-01 5.46361203e-04 4.49305594e-01 4.97961432e-01 2.48210650e-04 6.22409821e-01 6.12314999e-01 9.86770540e-02 3.97008181e-01 6.12233460e-01 6.49655759e-02 5.33285797e-01 6.72647178e-01 4.99233037e-01 4.28863972e-01 6.67583764e-01 4.59900290e-01
0.63791406 0.49513072 -0.92012531 0.383064 0.48645633 -0.97894865 0.65302438 0.5954147 -0.83406866 0.35397598 0.58108795 -0.85929269 0.63581336 0.6822288 -1.0419842 0.34487629 0.67169106 -0.94780189 0.58958644 0.52035671 -0.00297781 0.45121607 0.5209493 0.00343257 0.60940605 0.63299686 0.19152039 0.40678763 0.634152 0.21810171 0.52335477 0.6798017 0.83339691 0.42917559 0.66652775 0.84728926
0.63024312 0.48593557 -0.77524376 0.38528222 0.48929754 -0.84349763 0.63357353 0.5779857 -0.64203632 0.34887904 0.58736187 -0.7212643 0.6075545 0.66275221 -0.77795291 0.33819911 0.68454975 -0.79120147 0.57974815 0.51965636 -0.00437135 0.44165114 0.51445776 0.00467473 0.61234558 0.61673164 0.29917681 0.39720815 0.60835528 0.28033331 0.53105325 0.63558179 0.97482085 0.42018354 0.62524736 0.97204328
0. 0. 0. 0. 0. 0. 0. 0. 0. 0. 0. 0. 0. 0. 0. 0. 0. 0. 0. 0. 0. 0. 0. 0. 0. 0. 0. 0. 0. 0. 0. 0. 0. 0. 0. 0. 0. 0. 0. 0. 0. 0. 0. 0. 0. 0. 0. 0. 0. 0. 0. 0. 0. 0. 0. 0. 0. 0. 0. 0. 0. 0. 0. 0. 0. 0. 0. 0. 0. 0. 0. 0. 0. 0. 0. 0. 0. 0. 0. 0. 0. 0. 0. 0. 0. 0. 0. 0. 0. 0. 0. 0. 0. 0. 0. 0. 0. 0. 0. 0. 0. 0. 0. 0. 0. 0. 0. 0. 0. 0. 0. 0. 0. 0. 0. 0. 0. 0. 0. 0. 0. 0. 0. 0. 0. 0. 0. 0. 0. 0. 0. 0.
0.63679087 0.48246506 -0.74439669 0.36289108 0.48334244 -0.70444369 0.66612345 0.59908521 -0.73805076 0.35725427 0.58414674 -0.65189922 0.6833427 0.68926841 -0.81738365 0.33927101 0.67976856 -0.74009115 0.57455015 0.55730993 0.00562148 0.44189107 0.55778176 -0.00559422 0.61437744 0.66469944 -0.60869163 0.40441826 0.65028965 -0.54189914 0.60464644 0.76453739 -0.19156106 0.41728237 0.77283043 -0.17564383
0.6385358 0.48099497 -0.78355175 0.36297482 0.48059437 -0.72537047 0.66358554 0.59884846 -0.78422451 0.35373056 0.58415717 -0.6837033 0.68297666 0.68514717 -0.86721963 0.33909646 0.6798861 -0.78728473 0.57976443 0.55641866 0.00298599 0.44254014 0.55718154 -0.00287822 0.61564577 0.66413951 -0.65717417 0.40216583 0.64556527 -0.59997642 0.60549015 0.76474577 -0.18238935 0.4193421 0.77165359 -0.17390168
0.63894582 0.47761482 -0.71204609 0.36299664 0.47693732 -0.66460508 0.66188669 0.59679598 -0.73065907 0.35253951 0.58263606 -0.64975959 0.68458837 0.68305677 -0.79024988 0.33790225 0.67923856 -0.73988396 0.58375317 0.55432898 0.0026665 0.44296181 0.55549318 -0.00265599 0.62246066 0.66361696 -0.57969713 0.40121919 0.64582574 -0.52248842 0.60531431 0.76475364 -0.10578528 0.42080593 0.77119637 -0.11581604
0.63904196 0.47392768 -0.73606062 0.36289549 0.4749904 -0.67778915 0.66085261 0.59433252 -0.73978966 0.35198164 0.58022827 -0.65911299 0.6867699 0.68166161 -0.79329449 0.33657345 0.67804748 -0.75610387 0.58485311 0.55414778 0.0026053 0.44349748 0.55527407 -0.00260423 0.62771887 0.66387093 -0.58915508 0.40092018 0.65128022 -0.52500981 0.6053108 0.76506209 -0.06048087 0.42343274 0.77093816 -0.08623246
0.6392464 0.47203583 -0.76219934 0.3627741 0.47448027 -0.7115165 0.66080761 0.59342206 -0.77123773 0.3524037 0.57889497 -0.68200672 0.68737131 0.6815632 -0.85422051 0.33649591 0.67578995 -0.79275459 0.58544117 0.55280817 0.00226837 0.44351074 0.55389911 -0.00226877 0.62712806 0.66331214 -0.61814642 0.4026311 0.65235656 -0.52675432 0.60518712 0.76538259 -0.10751749 0.42427844 0.77094519 -0.10070392
0.63992685 0.46955571 -0.64690018 0.36392561 0.47220886 -0.6175375 0.66204876 0.59234869 -0.67558265 0.35249415 0.57689899 -0.60986972 0.69024605 0.68132329 -0.74252647 0.33651468 0.67413694 -0.69794124 0.58711511 0.55107045 0.00229409 0.44437954 0.55179441 -0.00228307 0.62698954 0.6630072 -0.49108899 0.40402311 0.65182698 -0.42854273 0.60509366 0.76506537 -0.07782378 0.4256281 0.77142203 -0.08676845
0.64164603 0.46910566 -0.59561068 0.36675525 0.47143117 -0.56117332 0.662085 0.59228742 -0.63027847 0.35470051 0.57712352 -0.5541743 0.69097799 0.68154013 -0.70586836 0.33682409 0.6735639 -0.64416271 0.59071982 0.54960269 0.00222269 0.44692567 0.55009806 -0.00228121 0.62839854 0.66185945 -0.47479728 0.40886009 0.64825976 -0.39907655 0.60494548 0.76507086 -0.08280986 0.42551032 0.77113217 -0.08450509
0.64376301 0.46811908 -0.69153589 0.36877841 0.46999726 -0.6414777 0.66221607 0.59252298 -0.71836835 0.35536852 0.57603061 -0.6177792 0.69103187 0.68172199 -0.7664836 0.33716384 0.6728366 -0.6940245 0.59583724 0.5467605 0.00201006 0.44927076 0.54696161 -0.0020979 0.6314823 0.66000789 -0.52406591 0.40935552 0.64816779 -0.44835737 0.60450041 0.76302254 -0.09444525 0.42538169 0.770154 -0.08242182
0.64681625 0.46824604 -0.72148669 0.3709971 0.46966761 -0.66592282 0.66235971 0.59265161 -0.74562162 0.35584086 0.57520735 -0.64064854 0.69238859 0.68187624 -0.80096346 0.33746079 0.6720407 -0.72689486 0.59762263 0.5430811 0.00135802 0.45044857 0.54324639 -0.00148203 0.63104522 0.65875965 -0.53748816 0.41097051 0.6433233 -0.4661583 0.60416085 0.76332623 -0.09528953 0.42527089 0.77000052 -0.09437823
0.64920419 0.46776059 -0.55051649 0.37233952 0.46983582 -0.52354884 0.66246659 0.59206611 -0.57022154 0.35770285 0.57553405 -0.50589365 0.69257325 0.68137532 -0.63331747 0.33811751 0.67162031 -0.57303435 0.59771132 0.53907257 0.00134757 0.45095989 0.53989911 -0.00149715 0.6284436 0.64135897 -0.36185983 0.41375163 0.64191622 -0.29119679 0.60415739 0.76429105 -0.09456519 0.4252283 0.76989067 -0.07310314
0.65146756 0.46714553 -0.48948297 0.37316203 0.46862561 -0.46624145 0.66286755 0.58930963 -0.51306587 0.36006072 0.57573813 -0.45668638 0.69744444 0.67847943 -0.58168346 0.33986023 0.67161733 -0.52573663 0.59831393 0.53738332 0.00111666 0.45118666 0.53790122 -0.0013947 0.62826389 0.6381045 -0.33416143 0.41712999 0.64093471 -0.23984537 0.60426503 0.76429683 -0.08541919 0.4251751 0.76918787 -0.05253378
0.65230006 0.46491092 -0.48971197 0.37419266 0.46706751 -0.46468446 0.66442496 0.58727068 -0.52096975 0.36102864 0.57577163 -0.46205351 0.70124513 0.67594445 -0.59547448 0.34023103 0.67059338 -0.53431976 0.59989142 0.53424728 0.00112203 0.45227179 0.5353967 -0.00141349 0.62810624 0.63453728 -0.3388932 0.42296794 0.63398862 -0.24085928 0.60427535 0.76430231 -0.09244049 0.42510435 0.76906067 -0.06054953
6.52389288e-01 4.62768942e-01 -4.94453937e-01 3.74626219e-01 4.66149360e-01 -4.57887053e-01 6.68014228e-01 5.84542632e-01 -5.29000163e-01 3.63325834e-01 5.76019108e-01 -4.51489866e-01 7.04875946e-01 6.71308339e-01 -6.07650399e-01 3.42213035e-01 6.70774817e-01 -5.20977974e-01 6.00652456e-01 5.32645226e-01 -1.79257127e-04 4.53244388e-01 5.34606218e-01 -3.37891513e-04 6.27902567e-01 6.32299662e-01 -3.48485649e-01 4.24717844e-01 6.33402646e-01 -2.31798917e-01 6.05175257e-01 7.64312446e-01 -9.46608782e-02 4.26193297e-01 7.70332515e-01 -5.70466556e-02
6.52148604e-01 4.61986959e-01 -4.98788059e-01 3.74882936e-01 4.64721560e-01 -4.59088832e-01 6.68738127e-01 5.82507253e-01 -5.27305305e-01 3.64138246e-01 5.75868607e-01 -4.44526404e-01 7.04892874e-01 6.69471025e-01 -6.02130055e-01 3.42806339e-01 6.67778015e-01 -5.12479663e-01 6.00157082e-01 5.30386090e-01 -1.71899490e-04 4.53129143e-01 5.32640338e-01 -3.57949379e-04 6.27764404e-01 6.33550406e-01 -3.34863782e-01 4.23440188e-01 6.34842813e-01 -2.25958586e-01 6.05249405e-01 7.64322162e-01 -7.56906942e-02 4.26062882e-01 7.70103097e-01 -3.69933434e-02
6.51972234e-01 4.58437026e-01 -4.94803071e-01 3.75000119e-01 4.60674256e-01 -4.51936364e-01 6.69535935e-01 5.79150558e-01 -5.23491621e-01 3.63984108e-01 5.72146535e-01 -4.34273332e-01 7.04183400e-01 6.67864025e-01 -5.97999275e-01 3.43238235e-01 6.65562391e-01 -4.97286946e-01 6.00008309e-01 5.28435111e-01 -2.04854397e-04 4.53306735e-01 5.30719280e-01 -3.59314086e-04 6.36697114e-01 6.38697922e-01 -3.13674182e-01 4.23274964e-01 6.35330081e-01 -2.24391580e-01 6.05786443e-01 7.64331639e-01 -7.87011534e-02 4.26384777e-01 7.71434546e-01 -4.97947074e-02
6.51770353e-01 4.57001328e-01 -5.04522979e-01 3.75025898e-01 4.58432704e-01 -4.74852622e-01 6.69778526e-01 5.77697635e-01 -5.28922677e-01 3.63824695e-01 5.69853127e-01 -4.60922986e-01 7.04484820e-01 6.64674878e-01 -6.03970766e-01 3.43631566e-01 6.61457837e-01 -5.31660974e-01 5.99731028e-01 5.25765121e-01 -8.29314195e-06 4.52995420e-01 5.28918982e-01 -6.32251205e-04 6.30545080e-01 6.33823097e-01 -3.16945851e-01 4.23424333e-01 6.34604454e-01 -2.29079098e-01 6.06262505e-01 7.64401376e-01 -8.28504413e-02 4.26445544e-01 7.71409631e-01 -4.91973758e-02
6.51298225e-01 4.53718215e-01 -5.23303986e-01 3.74956250e-01 4.54923838e-01 -4.93536890e-01 6.69715166e-01 5.75607836e-01 -5.50241947e-01 3.64652723e-01 5.67333639e-01 -4.73394185e-01 7.04204321e-01 6.62476659e-01 -6.16286099e-01 3.45198214e-01 6.59113467e-01 -5.33788621e-01 5.99922359e-01 5.23040712e-01 1.51173794e-04 4.52967018e-01 5.26325941e-01 -8.34917417e-04 6.38995111e-01 6.37400985e-01 -3.31648380e-01 4.23165590e-01 6.34601235e-01 -2.50602037e-01 6.06716573e-01 7.64901280e-01 -9.82339829e-02 4.26425874e-01 7.71576285e-01 -5.41587137e-02
6.49625361e-01 4.50088620e-01 -5.12453973e-01 3.74880075e-01 4.49889302e-01 -4.76303935e-01 6.69144809e-01 5.71809471e-01 -5.36110282e-01 3.64541024e-01 5.62117040e-01 -4.58413661e-01 7.04136670e-01 6.60244107e-01 -6.08730257e-01 3.46320182e-01 6.54770792e-01 -5.23468256e-01 5.99769533e-01 5.21568596e-01 -1.35322025e-05 4.52920973e-01 5.24603903e-01 -7.10422173e-04 6.40001237e-01 6.38058066e-01 -3.23619574e-01 4.22933102e-01 6.31716907e-01 -2.35406443e-01 6.06813014e-01 7.64904559e-01 -1.25184163e-01 4.26656574e-01 7.72034943e-01 -7.50498846e-02
0.64749479 0.44636816 -0.48689389 0.37414277 0.44659618 -0.47563601 0.66703224 0.56834441 -0.50582129 0.364088 0.55687362 -0.46351603 0.70284879 0.65672326 -0.58940428 0.34860396 0.65086478 -0.53440279 0.59964174 0.5197981 0.00125493 0.45199504 0.52281594 -0.00207502 0.6428538 0.63889718 -0.28633934 0.41969997 0.63198167 -0.21710424 0.60768807 0.76491755 -0.12003919 0.42663556 0.77228242 -0.07706023
0.64608955 0.44065759 -0.47202274 0.37317213 0.44232005 -0.46298525 0.66627526 0.56187761 -0.47993785 0.36417663 0.5529331 -0.43757772 0.70267934 0.65260583 -0.56425864 0.35253066 0.64771515 -0.50749248 0.59956914 0.51815552 0.00113569 0.45157003 0.5211795 -0.00195584 0.63366359 0.63398051 -0.26388323 0.41578308 0.63240367 -0.1927136 0.60798556 0.76553982 -0.12661313 0.4266071 0.77226281 -0.08385649
6.45619929e-01 4.35640544e-01 -4.78959829e-01 3.71114731e-01 4.40603346e-01 -4.62722212e-01 6.65793955e-01 5.56884408e-01 -4.82277244e-01 3.64204586e-01 5.50119042e-01 -4.26248759e-01 7.02646732e-01 6.49819314e-01 -5.61591804e-01 3.55379611e-01 6.45273089e-01 -4.86621201e-01 5.99479496e-01 5.15936732e-01 1.14646056e-04 4.51310158e-01 5.19039035e-01 -9.49282316e-04 6.28112197e-01 6.26167834e-01 -2.78575122e-01 4.14762408e-01 6.32484376e-01 -1.71175167e-01 6.08227909e-01 7.63491035e-01 -1.30527437e-01 4.26046044e-01 7.71796823e-01 -7.86049888e-02
6.43397689e-01 4.26978022e-01 -4.76286948e-01 3.70421976e-01 4.34252173e-01 -4.58077729e-01 6.65842652e-01 5.49061656e-01 -4.64777738e-01 3.63535374e-01 5.41223466e-01 -4.05550867e-01 7.04929471e-01 6.46928430e-01 -5.22614896e-01 3.56230319e-01 6.40969992e-01 -4.50189352e-01 5.98510027e-01 5.14079034e-01 -2.51257996e-04 4.50085908e-01 5.16659975e-01 -5.96573460e-04 6.20286763e-01 6.23386681e-01 -2.72878706e-01 4.14427042e-01 6.32404745e-01 -1.58073977e-01 6.08183920e-01 7.62886345e-01 -1.59872547e-01 4.25258070e-01 7.71898508e-01 -8.15549716e-02
6.42466307e-01 4.21795368e-01 -4.76704061e-01 3.69442791e-01 4.26888376e-01 -4.58994389e-01 6.64920509e-01 5.44261992e-01 -4.53726172e-01 3.63545805e-01 5.34018457e-01 -4.00232047e-01 7.05224216e-01 6.42619908e-01 -5.12664258e-01 3.56026381e-01 6.33263350e-01 -4.45108682e-01 5.97623467e-01 5.10665715e-01 -4.63168544e-04 4.50100094e-01 5.12193382e-01 -3.69995745e-04 6.20427430e-01 6.23006701e-01 -2.73810506e-01 4.14278924e-01 6.28929555e-01 -1.66644022e-01 6.08017027e-01 7.62272835e-01 -1.52981132e-01 4.25090522e-01 7.71347761e-01 -8.66112038e-02
0.64171541 0.41573915 -0.48463237 0.36928785 0.41877213 -0.46163222 0.6642462 0.53794634 -0.46841624 0.36287352 0.53026617 -0.41734803 0.70439798 0.63457149 -0.53127599 0.35572475 0.63026279 -0.47219479 0.59546244 0.5082652 0.00097785 0.44942102 0.50951087 -0.00171533 0.62081778 0.6224997 -0.28698081 0.41363564 0.62871033 -0.18669975 0.60801852 0.76120019 -0.15391022 0.42387521 0.771236 -0.10064819
0.64177233 0.41157684 -0.48782077 0.36897999 0.41461203 -0.46575585 0.6643607 0.53247595 -0.47902206 0.36280623 0.5269801 -0.42305517 0.70433557 0.62519699 -0.54470438 0.35617959 0.62643039 -0.48270693 0.59525722 0.50602061 0.0015744 0.44979349 0.50671214 -0.00224703 0.6211971 0.61571223 -0.35288104 0.4131304 0.62462109 -0.2580716 0.6086992 0.76066136 -0.20302306 0.42236733 0.77114713 -0.16564368
0.64141697 0.40167242 -0.45407394 0.36884063 0.40716952 -0.44711 0.66443801 0.52559912 -0.42955017 0.36271665 0.51979423 -0.38082325 0.7042253 0.62439156 -0.47623953 0.35598183 0.61953616 -0.41913632 0.59318304 0.50514668 0.00163181 0.4495821 0.50562733 -0.002291 0.61909431 0.61079651 -0.30335313 0.41304746 0.62124145 -0.19342858 0.60919708 0.75974715 -0.20316301 0.42221409 0.7704674 -0.14390522
0.64145172 0.39386362 -0.44643262 0.36898589 0.40031141 -0.44265005 0.66453952 0.51856387 -0.41876763 0.36226311 0.51325303 -0.37451184 0.70416498 0.6213432 -0.4652082 0.35558137 0.61241752 -0.41397047 0.59322053 0.50319588 0.00169064 0.45111459 0.50393552 -0.00232471 0.61905795 0.61305088 -0.26464701 0.4145923 0.61717987 -0.16568176 0.60932606 0.75929588 -0.19267417 0.42203116 0.7689932 -0.13347726
0.64147788 0.38839015 -0.44194591 0.37028387 0.38945541 -0.43543002 0.66597432 0.51398784 -0.4024213 0.36102983 0.50439823 -0.35729384 0.70410436 0.61234289 -0.43103713 0.35441801 0.60305393 -0.39036855 0.59278053 0.50100678 0.00192023 0.45132694 0.50136715 -0.00251875 0.61956781 0.61368984 -0.21260615 0.41601562 0.61665231 -0.12811369 0.60932118 0.75843567 -0.10757885 0.42236105 0.76785636 -0.07497018
6.41704023e-01 3.81165326e-01 -4.42455560e-01 3.71903270e-01 3.83256972e-01 -4.30971920e-01 6.66924059e-01 5.06057680e-01 -4.02067840e-01 3.60644996e-01 4.98956352e-01 -3.48048002e-01 7.03771889e-01 6.04277372e-01 -4.29983377e-01 3.52520853e-01 5.98521471e-01 -3.85086954e-01 5.92656314e-01 5.01197875e-01 6.63493352e-04 4.51744765e-01 5.01301289e-01 -1.15018862e-03 6.20819151e-01 6.13374710e-01 -2.31534481e-01 4.17378336e-01 6.16518557e-01 -1.40442446e-01 6.09352589e-01 7.58575976e-01 -1.00067168e-01 4.22243774e-01 7.68344164e-01 -7.77855888e-02
6.41730607e-01 3.75463277e-01 -4.19471979e-01 3.71991426e-01 3.79084289e-01 -4.15835291e-01 6.67283654e-01 4.96698469e-01 -3.77165824e-01 3.60559762e-01 4.92497027e-01 -3.35042030e-01 7.01715946e-01 5.95939875e-01 -4.02425855e-01 3.52466285e-01 5.94448268e-01 -3.72740537e-01 5.92958868e-01 5.00070691e-01 2.74806196e-04 4.53222901e-01 4.99632061e-01 -7.19566480e-04 6.21303439e-01 6.11454904e-01 -2.38978803e-01 4.24851835e-01 6.13751292e-01 -1.36547476e-01 6.09387994e-01 7.58632064e-01 -1.11752599e-01 4.23449218e-01 7.68075287e-01 -8.12449455e-02
0.64171374 0.36736533 -0.3910577 0.3720724 0.37173578 -0.40661219 0.66737181 0.48773852 -0.35073012 0.35938555 0.48286152 -0.33736557 0.69928908 0.58701193 -0.3853468 0.34988272 0.58830374 -0.37743554 0.59298056 0.49872568 0.00145844 0.45360291 0.49832758 -0.00185163 0.62350482 0.60750556 -0.24966204 0.42985064 0.60924399 -0.14988755 0.60979933 0.75809562 -0.10893498 0.42390463 0.76660526 -0.08273768
0.64174139 0.36164701 -0.37200019 0.3733288 0.36276463 -0.3841036 0.66726422 0.4803699 -0.33205426 0.35801736 0.47658074 -0.32664728 0.69539225 0.58188623 -0.36779004 0.34629855 0.58200157 -0.36355266 0.59313267 0.49779853 0.00080472 0.45359728 0.49773553 -0.0011927 0.62385798 0.60423028 -0.29647508 0.43136981 0.60423785 -0.1899983 0.61056471 0.75746542 -0.11503424 0.42425734 0.76449341 -0.0927358 
6.41164362e-01 3.53822201e-01 -3.68470579e-01 3.74561518e-01 3.53783578e-01 -3.65086287e-01 6.65599883e-01 4.70730811e-01 -3.15879971e-01 3.56916249e-01 4.70297694e-01 -3.00032079e-01 6.92116439e-01 5.68186343e-01 -3.48072022e-01 3.43915135e-01 5.75461745e-01 -3.40793341e-01 5.93146086e-01 4.96706396e-01 -5.28328819e-04 4.53207493e-01 4.96810019e-01 1.32814836e-04 6.24552369e-01 6.05515480e-01 -3.22255969e-01 4.29662138e-01 6.06303632e-01 -2.30296552e-01 6.11449182e-01 7.56742060e-01 -1.16633639e-01 4.24535781e-01 7.63872743e-01 -1.03706039e-01
6.39875293e-01 3.44413102e-01 -3.91573340e-01 3.75371069e-01 3.47737491e-01 -3.82089645e-01 6.63430452e-01 4.62310880e-01 -3.37771297e-01 3.56882155e-01 4.66294318e-01 -3.08992952e-01 6.92207515e-01 5.64062715e-01 -3.59511346e-01 3.43409806e-01 5.70121229e-01 -3.53974968e-01 5.93525290e-01 4.93253022e-01 -6.64865482e-04 4.53512102e-01 4.92902011e-01 2.70890450e-04 6.26199424e-01 6.06705129e-01 -3.74408156e-01 4.29168612e-01 6.07825279e-01 -2.63269782e-01 6.12190366e-01 7.56025136e-01 -1.16256475e-01 4.24986660e-01 7.63493538e-01 -9.63946059e-02
6.39708281e-01 3.37893695e-01 -3.60814452e-01 3.75360996e-01 3.40680242e-01 -3.47687542e-01 6.63036227e-01 4.57403541e-01 -2.94074506e-01 3.56974334e-01 4.58694100e-01 -2.71931976e-01 6.92373574e-01 5.59149861e-01 -3.21013212e-01 3.45863611e-01 5.64063430e-01 -3.20780188e-01 5.94343662e-01 4.94159997e-01 -2.56551575e-04 4.53520656e-01 4.93118823e-01 -1.20051649e-04 6.26036227e-01 6.10884726e-01 -3.81965458e-01 4.28933561e-01 6.08215272e-01 -3.16631436e-01 6.13082707e-01 7.57729292e-01 -1.31810069e-01 4.25466746e-01 7.63688028e-01 -1.15751244e-01
0.63973033 0.32893357 -0.37794659 0.37614551 0.33288848 -0.35477886 0.66343552 0.45068514 -0.30761898 0.358345 0.45184335 -0.26599193 0.69246936 0.55171394 -0.32101762 0.34668884 0.55768436 -0.30743474 0.59739858 0.49457303 -0.0065941 0.45513871 0.49318534 0.00616576 0.62552047 0.61590058 -0.27884588 0.4316043 0.61344361 -0.19827783 0.61342472 0.75809532 -0.08122224 0.42589757 0.76278514 -0.01843135
0.63971686 0.32444829 -0.36859 0.37629649 0.32653645 -0.33710223 0.66347837 0.4485456 -0.28466082 0.35909373 0.44486284 -0.24675731 0.69235277 0.54761887 -0.3138741 0.34656525 0.5501157 -0.30355912 0.59907275 0.49511558 -0.01002648 0.45569292 0.49324143 0.00962544 0.62152034 0.61594236 -0.36079791 0.43280104 0.61717403 -0.19820313 0.61340767 0.7581417 -0.14398742 0.42596665 0.76266897 -0.03594413
0.63973409 0.31820092 -0.3649357 0.37775993 0.32057241 -0.32920879 0.66430283 0.4397932 -0.28098646 0.35976836 0.43928418 -0.2373544 0.69156373 0.54016632 -0.32181412 0.34659401 0.54625493 -0.2962639 0.60034615 0.49502149 -0.01318362 0.45604655 0.4925569 0.01275219 0.6210497 0.61660016 -0.30595484 0.43236873 0.62107694 -0.14263254 0.61343157 0.75814945 -0.03710464 0.42718491 0.76107824 0.07045931
0.63992286 0.31248352 -0.32538754 0.3790727 0.31700352 -0.29646575 0.66611171 0.43307045 -0.22480591 0.35997438 0.4292627 -0.19126034 0.69122243 0.5342986 -0.26769722 0.34667677 0.53283399 -0.23359813 0.60142761 0.4952676 -0.01242049 0.45657256 0.49307302 0.01198383 0.61940897 0.61660612 -0.28304833 0.43516955 0.62342519 -0.07470626 0.6132915 0.75949371 -0.03501146 0.42887598 0.76395482 0.16332613
0.63992542 0.30567208 -0.2780816 0.37930468 0.31268439 -0.25057569 0.66767853 0.4220964 -0.18467064 0.35915017 0.42352858 -0.14788832 0.68961269 0.52276623 -0.251616 0.34648091 0.52435291 -0.20219532 0.60261148 0.49549383 -0.01432898 0.45669866 0.49335116 0.01389133 0.6160031 0.61686814 -0.31410334 0.43555784 0.62310588 -0.04218814 0.61480522 0.76099682 -0.095547 0.43093354 0.76416814 0.20873451
0.64162332 0.30118555 -0.19706322 0.37984416 0.30750683 -0.18385787 0.67026103 0.41490164 -0.1333217 0.35836574 0.41686684 -0.1181704 0.68773288 0.51369327 -0.22874887 0.34667689 0.51714784 -0.19689567 0.60309857 0.49482074 -0.01322885 0.45668447 0.49363911 0.01274831 0.61338907 0.61654544 -0.31977582 0.43752119 0.62291783 -0.16632509 0.61452973 0.76270497 -0.09773478 0.43326733 0.7662434 0.06115343
0.64199525 0.29665807 -0.17259094 0.38154218 0.30313158 -0.16634026 0.67408055 0.4092395 -0.11935661 0.358345 0.41020906 -0.10983622 0.68785852 0.50929946 -0.22338624 0.34650767 0.50707912 -0.19707397 0.60136575 0.49069768 -0.01035719 0.45499474 0.49101079 0.00979292 0.61121881 0.61611491 -0.26824716 0.43798175 0.62210274 -0.16797191 0.61444032 0.76705402 -0.10751208 0.43415692 0.76945859 -0.00908358
0.64206362 0.29354027 -0.17557636 0.38570088 0.29419261 -0.15924244 0.67528653 0.40755409 -0.10759555 0.35830316 0.40306696 -0.09238075 0.68789732 0.50900662 -0.17678654 0.34651792 0.50131309 -0.16292012 0.5997963 0.48940986 -0.01082233 0.45390534 0.48932251 0.01022273 0.60893744 0.6201008 -0.07978532 0.43839124 0.62151986 -0.07111517 0.6141268 0.76736003 0.04605982 0.43402535 0.76976687 0.0912828 
0.64202106 0.29011461 -0.12032157 0.38978338 0.28922451 -0.10692582 0.67573863 0.40049314 -0.0713927 0.36020905 0.39753029 -0.04428421 0.68815529 0.49996158 -0.15747193 0.34661272 0.49209514 -0.1149926 0.59648907 0.48609912 -0.00779785 0.45303753 0.48525918 0.00714387 0.60743618 0.62297064 -0.04772329 0.4399367 0.6214636 -0.04008162 0.61329156 0.76791316 0.03128163 0.43392456 0.77121282 0.11304899
0.64119416 0.28631625 -0.09560684 0.39343894 0.28507489 -0.07885231 0.67585701 0.39113551 -0.04454678 0.36281171 0.39401975 -0.01169891 0.68877488 0.49390373 -0.14604251 0.34763902 0.48727152 -0.08172512 0.5947963 0.4834871 -0.00640971 0.45170617 0.482566 0.00576611 0.60706353 0.62247741 -0.0889475 0.43975529 0.62003332 -0.05008171 0.61280596 0.76865602 -0.01010914 0.43392247 0.7720803 0.11350985
0.64040667 0.28528863 -0.11573293 0.39592826 0.28261617 -0.0817927 0.67577624 0.39021596 -0.06305175 0.36378756 0.39028063 -0.0057003 0.69011152 0.49193829 -0.16147491 0.34762383 0.48336375 -0.07271773 0.594625 0.48146576 -0.00924256 0.45017228 0.4801771 0.0085844 0.60641694 0.6221419 -0.10875894 0.43960059 0.61923528 -0.02462553 0.6124295 0.76879334 -0.0254045 0.43386325 0.77244973 0.16522381
0.63945717 0.28444198 -0.07390322 0.39734825 0.28089461 -0.05100272 0.67571872 0.38755506 -0.03389318 0.36382753 0.3896063 0.00894732 0.69119805 0.48778924 -0.15092242 0.34766084 0.47950259 -0.07640196 0.59250909 0.47753412 -0.01099759 0.44806802 0.47663707 0.01034721 0.6045838 0.62191111 -0.08664656 0.43943658 0.61710346 -0.02576819 0.61199135 0.76862985 -0.03245836 0.43436351 0.77336389 0.12801695
0.63834995 0.28306013 -0.05951423 0.39820448 0.28037637 -0.03455251 0.676139 0.38454691 -0.01569003 0.36378938 0.38752955 0.02395639 0.69527489 0.48507765 -0.12316716 0.34769282 0.47253689 -0.06434883 0.5926019 0.47661868 -0.01091093 0.44786304 0.47502023 0.01026717 0.6037994 0.62191397 -0.06300735 0.43820953 0.61609143 -0.03910368 0.61336654 0.76859462 -0.01143443 0.43434682 0.77480018 0.04338168
6.37798548e-01 2.83201307e-01 -3.60107534e-02 3.99819970e-01 2.80512452e-01 -1.06903752e-02 6.76462710e-01 3.84114236e-01 -5.46283612e-04 3.63592088e-01 3.85909349e-01 4.16308343e-02 6.96865916e-01 4.81854111e-01 -1.21721804e-01 3.47696811e-01 4.70916599e-01 -5.85626028e-02 5.93497515e-01 4.76674706e-01 -1.09815812e-02 4.47959751e-01 4.75539714e-01 1.03666522e-02 6.01926565e-01 6.21802449e-01 -4.84297387e-02 4.38116878e-01 6.15907550e-01 -3.85756083e-02 6.13388777e-01 7.68526673e-01 1.26165943e-02 4.31260437e-01 7.74673164e-01 5.25506511e-02
0.63764638 0.2835986 -0.00112527 0.40055114 0.28145525 0.01574075 0.67849714 0.38098958 0.0273322 0.3634403 0.3852061 0.06692021 0.69758606 0.47784233 -0.09539508 0.34791625 0.46888047 -0.02904119 0.59477639 0.47610858 -0.01086124 0.4482953 0.47500688 0.01026532 0.60078382 0.62177342 -0.05563545 0.43836915 0.61572069 -0.04597285 0.61360914 0.76867527 0.00240782 0.43101168 0.77460104 0.05556792
0.63670009 0.28418764 0.0130655 0.40190151 0.28303069 0.02074493 0.67916816 0.38007766 0.04570564 0.36372054 0.38505983 0.07129574 0.69769049 0.47710773 -0.06353986 0.34841353 0.46782878 -0.0205081 0.59542578 0.4737125 -0.00788355 0.44831672 0.473075 0.00728994 0.60041648 0.62086993 -0.05420608 0.43835956 0.61515903 -0.06015942 0.61575812 0.7686311 -0.00555366 0.42955485 0.77453929 0.01160372
0.63659263 0.28520504 0.03800994 0.40276524 0.2844961 0.03035636 0.67913032 0.3822788 0.06047997 0.36435387 0.38664997 0.07869256 0.69743723 0.47752491 -0.06520011 0.34892568 0.4694272 -0.01770772 0.59531993 0.47287828 -0.00657997 0.44787624 0.47267255 0.00603914 0.59905547 0.62054527 -0.06323048 0.43832454 0.61516672 -0.07852195 0.6169008 0.7685883 -0.02443575 0.42967156 0.7745018 -0.0272162 
0.63652486 0.28603315 0.06741758 0.40560541 0.28530449 0.04579128 0.67907602 0.38267186 0.08117719 0.36493608 0.38607436 0.08696488 0.69739771 0.47620374 -0.05256153 0.34906742 0.46982151 -0.01215513 0.59493381 0.4720847 -0.00314909 0.44762892 0.47104821 0.00273421 0.59898102 0.61965239 -0.07296041 0.43829554 0.61428612 -0.09151955 0.61737448 0.76856899 -0.05100143 0.42971936 0.77441555 -0.05130027
0.63654721 0.28650725 0.06230678 0.40722731 0.28545225 0.05420725 0.6791274 0.38349256 0.05933452 0.36513191 0.38496453 0.09091257 0.69782364 0.47660193 -0.07732703 0.34905869 0.46739715 -0.02021303 0.59470183 0.47230694 -0.00360626 0.44760504 0.47131675 0.00324995 0.59834743 0.6166957 -0.07910337 0.4382706 0.61320978 -0.09674622 0.61735296 0.76827997 -0.0787715 0.43038455 0.77531493 -0.07276339
0.63663524 0.28684857 0.06138993 0.40837964 0.28689334 0.05200812 0.67934608 0.38419759 0.05302685 0.36562267 0.38557577 0.08659042 0.69787484 0.47748846 -0.08847412 0.34904858 0.46821818 -0.02358124 0.5947386 0.47223008 -0.00379759 0.448138 0.47117606 0.00347397 0.59692353 0.61395401 -0.08200967 0.43824017 0.61109221 -0.10644018 0.61667395 0.76825613 -0.08804765 0.43058804 0.77606076 -0.08668698
0.63672149 0.28703561 0.05253282 0.40893513 0.28913993 0.04528274 0.67938018 0.38467637 0.05002676 0.36660895 0.38635448 0.0852308 0.6978569 0.47787324 -0.0953441 0.34855977 0.46945095 -0.01755363 0.59474313 0.47229096 -0.00382038 0.4483209 0.47144312 0.00349214 0.59579915 0.6139183 -0.08475216 0.43797842 0.61116993 -0.1039597 0.61538643 0.76882523 -0.08490457 0.43093762 0.77495044 -0.06071465
0.63687664 0.28713295 0.055438 0.40945268 0.29106209 0.04845468 0.67936563 0.38467878 0.05078158 0.36767399 0.38686854 0.08453037 0.69784254 0.47814602 -0.09787386 0.34853312 0.47006872 -0.01972407 0.59472895 0.47256634 -0.0032759 0.44857123 0.47172624 0.0029356 0.59578115 0.61404705 -0.08147351 0.43783602 0.61122102 -0.10233575 0.61535805 0.76881099 -0.07977224 0.43140477 0.77454001 -0.05159576
0.63691354 0.28730863 0.05919619 0.41009307 0.29246423 0.05112346 0.6793533 0.38474411 0.0577296 0.36852878 0.387153 0.08536565 0.69782251 0.47819141 -0.09048557 0.34873906 0.47070417 -0.0181437 0.59473282 0.47279704 -0.00198849 0.44940221 0.47173792 0.00163496 0.59591204 0.61412811 -0.07379685 0.43780401 0.61133033 -0.10050754 0.61534339 0.76908022 -0.06249254 0.43140161 0.7738145 -0.04392089
6.36959910e-01 2.87393749e-01 5.13230748e-02 4.10087466e-01 2.92812854e-01 4.70240824e-02 6.79368556e-01 3.84852588e-01 5.44828549e-02 3.69104892e-01 3.87446821e-01 8.15527588e-02 6.97750628e-01 4.78291154e-01 -8.97606164e-02 3.48953515e-01 4.71139759e-01 -2.15317532e-02 5.94637752e-01 4.72964466e-01 -9.96626914e-04 4.49419141e-01 4.71711367e-01 6.21319399e-04 5.96378565e-01 6.14843786e-01 -5.64335622e-02 4.37857926e-01 6.11710548e-01 -9.78498161e-02 6.15936816e-01 7.69121170e-01 -2.57152747e-02 4.31744576e-01 7.73733318e-01 -3.26596014e-02
6.36908233e-01 2.87604868e-01 4.86304760e-02 4.09998208e-01 2.92815238e-01 4.49575968e-02 6.79332256e-01 3.84980381e-01 5.04478961e-02 3.70230913e-01 3.87528837e-01 7.84305409e-02 6.97554588e-01 4.78585660e-01 -9.22285467e-02 3.49154383e-01 4.71444666e-01 -2.38376409e-02 5.94337225e-01 4.72706914e-01 -1.98120280e-04 4.49381322e-01 4.70913738e-01 -1.87923069e-04 5.96838176e-01 6.15065277e-01 -5.12917861e-02 4.38254267e-01 6.11731529e-01 -9.74737555e-02 6.16001129e-01 7.69036651e-01 -2.11622287e-02 4.31849271e-01 7.73537874e-01 -3.16791609e-02
6.36422038e-01 2.88173050e-01 5.59362583e-02 4.09890532e-01 2.92814136e-01 4.89895120e-02 6.78993165e-01 3.85231137e-01 4.83167917e-02 3.70341867e-01 3.87638241e-01 7.80530274e-02 6.96937799e-01 4.78659570e-01 -1.02670699e-01 3.49175304e-01 4.71657187e-01 -2.49289162e-02 5.93657076e-01 4.72773433e-01 -2.21400842e-04 4.49178964e-01 4.71020997e-01 -1.62804281e-04 5.96857071e-01 6.14609361e-01 -5.38317002e-02 4.38246220e-01 6.11765802e-01 -9.68673527e-02 6.15993381e-01 7.68732309e-01 -5.02971373e-02 4.31627631e-01 7.73596883e-01 -5.27685285e-02
0.63613433 0.28854692 0.05737311 0.40975949 0.29278603 0.04986741 0.67866498 0.38549799 0.0467993 0.37032139 0.38771617 0.07812425 0.69650066 0.47880694 -0.11362576 0.3491959 0.47183177 -0.0262228 0.59348649 0.47283834 -0.00211509 0.44916704 0.47104686 0.00177606 0.59624094 0.61330116 -0.07235313 0.4382337 0.61167938 -0.09381115 0.61599559 0.76853913 -0.07487717 0.43155336 0.77399468 -0.06580175
0.63583601 0.2887437 0.06010399 0.40956056 0.29274511 0.05095838 0.67847538 0.38558492 0.04608894 0.37022021 0.38776433 0.07897326 0.69613993 0.47891679 -0.11555344 0.34920144 0.47200155 -0.02686629 0.59327912 0.47288701 -0.00385444 0.4491128 0.47110996 0.00352766 0.59546876 0.61213148 -0.0852375 0.43823808 0.61140418 -0.09358563 0.61609286 0.7682755 -0.08741549 0.43142918 0.77435553 -0.07309563
0.63559204 0.28896871 0.06314624 0.40937242 0.29269898 0.05540378 0.67828554 0.38567063 0.04592094 0.37017685 0.38783932 0.08256906 0.69554538 0.47899988 -0.1158114 0.34920451 0.47212914 -0.02553459 0.59269625 0.47293049 -0.00500323 0.4487243 0.47101524 0.00467183 0.59477174 0.61195201 -0.0900756 0.43844187 0.61070657 -0.09487542 0.61609197 0.76828182 -0.09027451 0.43151563 0.7743867 -0.0742158 
0.63539302 0.28909746 0.06422525 0.40928853 0.29270065 0.05823855 0.67805296 0.3857404 0.04890573 0.37001437 0.38788968 0.08768804 0.69496042 0.47905841 -0.1096324 0.34914982 0.47237027 -0.01945635 0.59166962 0.47287312 -0.00520166 0.44772869 0.47073585 0.00486752 0.593669 0.61197346 -0.09270809 0.43851519 0.61011922 -0.09706549 0.61604857 0.76858139 -0.08988999 0.431539 0.77437663 -0.0744186 
0.63530278 0.28937399 0.06156965 0.40902302 0.29270419 0.05610653 0.67791754 0.3857899 0.04952797 0.36973235 0.38791689 0.08617239 0.69423145 0.47911695 -0.10476337 0.34866667 0.4724429 -0.02016726 0.59034777 0.47319087 -0.00437927 0.44613752 0.47092888 0.00403418 0.59356701 0.61203039 -0.09237862 0.43852732 0.61014122 -0.09716524 0.61628562 0.7685762 -0.08601935 0.43168989 0.77390838 -0.06986005
0.63516784 0.28971255 0.06006961 0.4087151 0.29276589 0.05550042 0.67773712 0.38582429 0.05015646 0.36951739 0.38800785 0.08538929 0.69295025 0.47908783 -0.10011322 0.34788373 0.47247368 -0.02096157 0.58986193 0.47360238 -0.00319366 0.44516081 0.4716469 0.0028374 0.59363127 0.61249453 -0.0878593 0.43848336 0.61040723 -0.09869964 0.61638504 0.76826572 -0.07522285 0.43175337 0.77279663 -0.06384528
0.6346513 0.28983366 0.05987364 0.40850309 0.29280922 0.05456154 0.67726249 0.38581902 0.05349893 0.36943752 0.38804966 0.08461275 0.69196403 0.4790062 -0.08430604 0.347747 0.47256014 -0.02034722 0.58966666 0.47365049 -0.00166115 0.44472221 0.47165552 0.00129129 0.59449446 0.61375099 -0.06963713 0.43848774 0.61066854 -0.10259619 0.61692506 0.76766235 -0.04613169 0.43203709 0.77189249 -0.05576183
0.63392317 0.28987586 0.0419512 0.40841818 0.29290944 0.04839474 0.67715043 0.3857426 0.04884418 0.36927435 0.38809413 0.08381315 0.69136685 0.47888535 -0.08567744 0.34736791 0.47265911 -0.01997107 0.58968627 0.4742609 -0.00166633 0.44464993 0.47221944 0.00129093 0.59593004 0.61532015 -0.04923519 0.43851382 0.61115551 -0.10212687 0.61724854 0.76689106 -0.00981852 0.43236399 0.77115196 -0.03725193
0.63335758 0.28989476 0.03163811 0.40838242 0.29293901 0.04246385 0.67707342 0.38573888 0.04661448 0.36863682 0.38812143 0.08091047 0.69107932 0.47889608 -0.07766479 0.34573865 0.47271013 -0.01917652 0.58968842 0.4742814 -0.00152516 0.44460931 0.47222701 0.0011205 0.59685516 0.61632526 -0.05029598 0.43851754 0.61206764 -0.10230658 0.61765248 0.76663601 -0.01574607 0.43236989 0.7710973 -0.03876502
0.63275915 0.28994277 0.02593902 0.40835375 0.29294479 0.03858304 0.67689413 0.38573778 0.04112324 0.36787295 0.38808674 0.0759499 0.69068742 0.47906733 -0.08031077 0.34464034 0.47279498 -0.01944249 0.58957499 0.47438198 -0.00149798 0.44460812 0.47226506 0.00108064 0.59752578 0.6170072 -0.05139742 0.43852478 0.61241823 -0.1027425 0.61789459 0.76647258 -0.01897376 0.43253788 0.77102184 -0.03970004
0.6324442 0.28997678 0.02337708 0.40831354 0.29294732 0.0371261 0.67657614 0.38575158 0.03441597 0.36735344 0.38809469 0.07300812 0.69014484 0.47954592 -0.08350774 0.34385669 0.47286284 -0.01961543 0.589477 0.47442982 -0.00156285 0.44459578 0.47226653 0.00113223 0.59797329 0.61716193 -0.05202086 0.43856841 0.61242878 -0.1073142 0.61790001 0.76644969 -0.01783048 0.43331775 0.77104801 -0.04031069
0.63224864 0.28999412 0.02450422 0.40828916 0.292952 0.03615502 0.67608202 0.3858853 0.03155649 0.36680031 0.38810968 0.06960862 0.6899516 0.48019457 -0.09149966 0.3433044 0.47303554 -0.02351073 0.5893454 0.47460377 -0.0016463 0.44453478 0.47228006 0.00120578 0.59807914 0.61719215 -0.05312855 0.43856153 0.61230457 -0.11171419 0.61788374 0.76644987 -0.01860832 0.43456459 0.7714901 -0.04250173
0.63191491 0.29000959 0.02744479 0.40823102 0.29294643 0.0386008 0.67576087 0.38595507 0.03218985 0.36657718 0.38807711 0.0697595 0.6897499 0.48057002 -0.09391285 0.34313956 0.47311258 -0.02347349 0.58914191 0.47465315 -0.00181765 0.44450405 0.47226128 0.00136854 0.59814417 0.61718845 -0.05649688 0.43856239 0.61222637 -0.11919446 0.61758208 0.76646769 -0.0211494 0.43599564 0.77227759 -0.04921184
0.63173342 0.29005575 0.0282792 0.40818399 0.29294932 0.04125372 0.67549318 0.38613537 0.03131217 0.36649716 0.38808295 0.07087278 0.68924576 0.48103008 -0.10011923 0.34300274 0.47319883 -0.02337122 0.58866608 0.47468022 -0.00208965 0.4443779 0.47224182 0.00163635 0.59816718 0.61723167 -0.05900335 0.43854102 0.61222482 -0.12129323 0.6171537 0.76648271 -0.02325128 0.43707052 0.77264035 -0.04989108
0.63162851 0.29026854 0.02959846 0.40816662 0.29309452 0.04132997 0.67529076 0.38643965 0.03136764 0.36648634 0.38827306 0.0709966 0.68912506 0.48160446 -0.09986483 0.34289655 0.47347924 -0.02310534 0.58837944 0.47488669 -0.00201084 0.44429371 0.4722707 0.00155284 0.59830737 0.61730218 -0.07019868 0.43854582 0.61219472 -0.12360368 0.61702102 0.76655078 -0.04055288 0.43736702 0.77264035 -0.05499267
0.63155705 0.29057115 0.03793336 0.4081468 0.29315946 0.04277412 0.6749084 0.38683924 0.03683612 0.36645296 0.38830575 0.0722939 0.68872195 0.48209155 -0.09424637 0.34281158 0.47352973 -0.0204566 0.58755887 0.47507629 -0.00167823 0.44359252 0.47234523 0.00119982 0.59922558 0.61737651 -0.07839407 0.4385373 0.61213708 -0.12852928 0.61701691 0.7666375 -0.0554799 0.43725395 0.77265763 -0.06054213
0.63151437 0.29075557 0.04351852 0.40810323 0.29318154 0.04563525 0.67483318 0.38689715 0.03972262 0.36644521 0.38831106 0.07608862 0.68798655 0.48228982 -0.09359977 0.34277827 0.47357056 -0.01553406 0.58730698 0.47512117 -0.00164547 0.44319624 0.47246531 0.00116255 0.59971213 0.61736751 -0.08751161 0.43836376 0.61218369 -0.13164315 0.61714423 0.76660824 -0.06532944 0.43706 0.77267718 -0.06426083
0.63128668 0.29097492 0.04651368 0.40800795 0.29329789 0.04577125 0.67481673 0.38692206 0.04417137 0.36643833 0.38841698 0.07661507 0.68735874 0.48247263 -0.08970513 0.34273061 0.47358444 -0.01469195 0.58716494 0.47550762 -0.0013607 0.44303384 0.47326791 0.00087441 0.59989405 0.61735564 -0.08922371 0.43819785 0.61261117 -0.13211137 0.61716998 0.76658183 -0.06603828 0.43705025 0.77270859 -0.06517275
6.31258547e-01 2.91267037e-01 4.67458107e-02 4.07941312e-01 2.93423176e-01 4.38915454e-02 6.74802005e-01 3.86937797e-01 4.93367054e-02 3.66333127e-01 3.88493627e-01 7.34681413e-02 6.86746716e-01 4.82493669e-01 -7.60418326e-02 3.42700154e-01 4.73609656e-01 -1.61927007e-02 5.87134480e-01 4.75750148e-01 4.59695118e-04 4.43031281e-01 4.73702997e-01 -9.62888065e-04 6.00142598e-01 6.17624462e-01 -8.82053822e-02 4.38163459e-01 6.13116324e-01 -1.30767420e-01 6.17062807e-01 7.66601622e-01 -6.52608350e-02 4.36462432e-01 7.72799671e-01 -6.47976696e-02
0.63126767 0.29159892 0.04692077 0.4079212 0.2936247 0.04246503 0.67484313 0.38694367 0.0513003 0.36632389 0.38854036 0.07146722 0.68661445 0.48249766 -0.07229599 0.34270218 0.47364452 -0.01872326 0.58716094 0.47582069 0.00138995 0.44314045 0.47384194 -0.00188596 0.60013288 0.61769295 -0.08617494 0.43813187 0.61339223 -0.12765972 0.61692405 0.76627696 -0.05587522 0.43659437 0.77299434 -0.06463023
0.63130534 0.29201502 0.04675093 0.40790132 0.2939707 0.0411082 0.67492145 0.38699576 0.05149135 0.36636096 0.38865465 0.07122667 0.68660247 0.48249894 -0.07041141 0.34270558 0.47370031 -0.01863748 0.58723748 0.47589037 0.00192266 0.44342151 0.47396517 -0.00241854 0.59994626 0.61767232 -0.08486024 0.43820879 0.61339366 -0.12419742 0.61651421 0.76615334 -0.0526237 0.43658015 0.77306855 -0.06434244
0.63135409 0.29258412 0.04865487 0.40799591 0.29444256 0.04146237 0.67496318 0.38724801 0.05338161 0.3670733 0.38885987 0.07224125 0.68665636 0.48251495 -0.06775625 0.34273717 0.47388047 -0.01613137 0.58726215 0.47587618 0.0024146 0.44374874 0.47392619 -0.00291451 0.59955609 0.61752492 -0.08428222 0.43841544 0.61328477 -0.12155072 0.61603248 0.76612318 -0.05272019 0.43657836 0.7730515 -0.0640934 
0.63146037 0.29327747 0.04852049 0.40801993 0.29500544 0.04131919 0.6750254 0.38770264 0.05540403 0.36783174 0.38939905 0.07248598 0.68674749 0.48254442 -0.06223917 0.34273899 0.47418344 -0.01520012 0.58737016 0.47588122 0.00314997 0.44419682 0.47392067 -0.0036596 0.59953868 0.61752516 -0.08165245 0.43889755 0.61324024 -0.11797187 0.61561942 0.7660954 -0.05255881 0.43676901 0.77300775 -0.06395604
0.63153678 0.29377097 0.0483873 0.40802509 0.29563314 0.04050262 0.67499578 0.38816839 0.05566422 0.36818126 0.38988942 0.07250779 0.68689299 0.48253906 -0.06294327 0.34273702 0.47457752 -0.01525606 0.58757997 0.4758859 0.00335351 0.4445231 0.47392383 -0.00386668 0.59955543 0.6176011 -0.07973645 0.4395411 0.61316687 -0.11691677 0.61548012 0.76609504 -0.05238014 0.43719393 0.77303708 -0.06431575
0.6317417 0.29417267 0.04835841 0.40803176 0.29630822 0.0390387 0.67492294 0.3887161 0.0556518 0.36933774 0.39067444 0.07262403 0.68709344 0.48254478 -0.06448847 0.34281322 0.47496942 -0.01532959 0.58781505 0.47588906 0.00351706 0.44466981 0.47392425 -0.00402907 0.59960532 0.61759704 -0.07715588 0.44065672 0.61297488 -0.11614894 0.61541927 0.7659992 -0.05201966 0.43744117 0.77301943 -0.06404804
0.63197517 0.29441056 0.0464601 0.40803343 0.29673955 0.03652598 0.67486233 0.38895366 0.05519249 0.37024119 0.39126757 0.07275356 0.68739522 0.48251659 -0.06635902 0.34300259 0.47559863 -0.01538946 0.58813363 0.47588247 0.00357469 0.4448283 0.47392446 -0.00408323 0.59959155 0.61743367 -0.0766997 0.44145069 0.61239839 -0.11383402 0.61536258 0.76568538 -0.0530054 0.43736166 0.7724179 -0.06400613
0.6324566 0.29459131 0.03748037 0.40809193 0.29698819 0.02656452 0.67465031 0.38932887 0.05231912 0.37088868 0.39176348 0.06775858 0.68812323 0.48254049 -0.06697542 0.34338135 0.47692588 -0.01842197 0.58820808 0.47588482 0.00405335 0.44496384 0.47391793 -0.00456695 0.59952873 0.61742282 -0.07601474 0.44239983 0.61210042 -0.11361306 0.61532587 0.76561928 -0.05399381 0.43731415 0.77203614 -0.06404888
0.63294429 0.29469618 0.03557359 0.40814906 0.29730311 0.02186408 0.67449665 0.38961411 0.05105498 0.37119108 0.39273605 0.06350256 0.68888783 0.48291671 -0.06976602 0.34391269 0.47818276 -0.02409534 0.58821309 0.47593781 0.00550625 0.44508618 0.47396836 -0.00600403 0.59949452 0.61735183 -0.07445442 0.44363448 0.61147654 -0.11341629 0.61451054 0.76569206 -0.05434727 0.43788069 0.77193087 -0.06306297
0.63333887 0.29475701 0.03221462 0.40815777 0.29745296 0.01688086 0.67416614 0.39026082 0.05072738 0.3711763 0.39324364 0.05493892 0.68957871 0.4829261 -0.0693327 0.34415635 0.47819975 -0.03379729 0.58821851 0.47616294 0.00646131 0.44524601 0.47421592 -0.00699177 0.59933615 0.61737627 -0.06388652 0.44404557 0.61138779 -0.10871585 0.6140011 0.76627386 -0.04825919 0.439199 0.77204627 -0.05548745
0.63351071 0.2947768 0.03341024 0.40816242 0.29749304 0.01629657 0.67390215 0.39057463 0.05617755 0.37116259 0.39356896 0.05332176 0.69045109 0.48293868 -0.05960676 0.34455332 0.47818002 -0.03447682 0.58823389 0.47616574 0.00784784 0.4454754 0.47426623 -0.00839052 0.59930801 0.61742848 -0.06266676 0.44410884 0.61138815 -0.10500006 0.61333114 0.76737648 -0.04875554 0.43953785 0.77251166 -0.05556755
0.63365006 0.2947892 0.03555741 0.40818813 0.29749471 0.01614474 0.67363322 0.39073983 0.05971097 0.37115103 0.39376658 0.05273053 0.69107074 0.48294115 -0.05669951 0.34496865 0.47815874 -0.03561585 0.58824158 0.47609857 0.00876243 0.44560885 0.47426891 -0.00930572 0.59935498 0.61741841 -0.06257077 0.44419533 0.61138946 -0.10289522 0.61293823 0.76784497 -0.04945587 0.43966472 0.77289432 -0.05563403
0.63372207 0.29478398 0.0379731 0.40820831 0.29749399 0.01615928 0.67346013 0.39077672 0.06161207 0.37114108 0.39396155 0.05171376 0.69141334 0.48294368 -0.05746946 0.34548521 0.47812924 -0.03988222 0.58829224 0.47597912 0.0097036 0.44575405 0.4742552 -0.01023756 0.5994612 0.61739933 -0.06187366 0.44430423 0.6114071 -0.10113786 0.61273396 0.76807845 -0.04947233 0.43975258 0.77323776 -0.05570299
0.63388842 0.29479095 0.03288303 0.40824753 0.29749918 0.01300657 0.67327756 0.39104789 0.06048217 0.37114593 0.39413676 0.05067181 0.69168729 0.48302665 -0.05841349 0.34581491 0.47811204 -0.04083963 0.58831525 0.47596568 0.00985436 0.44595194 0.47426116 -0.01039089 0.59960788 0.61752743 -0.05796352 0.44437954 0.61142659 -0.09813823 0.612593 0.76844698 -0.04351818 0.43992141 0.77326161 -0.05191333
0.63400215 0.29479301 0.02797188 0.40835285 0.29716116 0.01346346 0.67318875 0.39127868 0.05458216 0.37130246 0.39413166 0.05125014 0.69184965 0.48314273 -0.06488358 0.34615108 0.47803888 -0.04134863 0.5883252 0.47581998 0.00982179 0.44602248 0.47413465 -0.01035745 0.59962952 0.61751258 -0.05517314 0.44439036 0.61145532 -0.0957784 0.61245203 0.76848739 -0.03778618 0.43999431 0.77328652 -0.04962531
0.63415611 0.2947267 0.01340067 0.40846744 0.29654798 0.01318507 0.67297649 0.39142811 0.039293 0.37171733 0.39403376 0.05157855 0.69185013 0.48316297 -0.08502404 0.34679374 0.47801146 -0.04465755 0.58854312 0.47529179 0.0087999 0.44621399 0.47364452 -0.00936433 0.59955472 0.61764294 -0.04699454 0.44419122 0.61163342 -0.09308017 0.61237961 0.76847845 -0.02206426 0.43999457 0.77328169 -0.04521824
0.63438618 0.29429275 0.0011199 0.40846881 0.29451656 0.0078871 0.67296189 0.39139456 0.02613501 0.37190977 0.39338702 0.04758248 0.69182909 0.48322162 -0.10747984 0.34747723 0.47801387 -0.05630026 0.58873647 0.4750897 0.00763418 0.44622153 0.4734951 -0.00819911 0.59942484 0.61767983 -0.04239446 0.44370246 0.61172843 -0.0920722 0.61235428 0.76810342 -0.00992452 0.43998405 0.77320915 -0.03854201
0.63482475 0.29379591 -0.01169746 0.40808555 0.29276946 -0.00305372 0.67295539 0.39129451 0.01980888 0.37198138 0.39317542 0.04322719 0.69191784 0.48344997 -0.10997766 0.34765095 0.47926998 -0.06081921 0.58876836 0.47518075 0.00729495 0.44622248 0.47360507 -0.00785891 0.59900904 0.61766595 -0.04015617 0.4434714 0.61161053 -0.0928021 0.61230975 0.76790923 -0.00428032 0.43988141 0.77293408 -0.03483165
0.63534772 0.29262725 -0.03811765 0.40512553 0.28975382 -0.02670862 0.6729458 0.39041832 -0.00257821 0.37118563 0.3912496 0.01863652 0.6920374 0.48387331 -0.12747395 0.34762314 0.47933802 -0.08482777 0.58861679 0.47589698 0.00717001 0.44472557 0.47445822 -0.00773445 0.59900784 0.6177606 -0.03377098 0.44263878 0.61180365 -0.09339073 0.61213106 0.76765382 0.00982119 0.43967006 0.7726382 -0.02068124
0.6354444 0.29083127 -0.06221249 0.40019602 0.28727192 -0.05002655 0.67293185 0.38950539 -0.01935885 0.3692368 0.39037049 0.0034268 0.69164562 0.48388907 -0.13880779 0.34747499 0.47980636 -0.09556603 0.58867484 0.47918519 0.00679083 0.44421032 0.47895318 -0.00733777 0.59910059 0.6180824 -0.03573205 0.44136098 0.61276162 -0.0842776 0.61196405 0.76753408 0.01630296 0.43945888 0.77196318 0.02121427
0.63565981 0.28966507 -0.08239998 0.39622983 0.28711784 -0.06757083 0.6727773 0.38951784 -0.04260827 0.36857122 0.39088503 -0.01204822 0.69084203 0.48560381 -0.16850251 0.3471612 0.48149407 -0.11756628 0.58891815 0.4810023 0.00477749 0.44396651 0.4819423 -0.00526956 0.60027552 0.61886698 -0.04116412 0.44133174 0.61402828 -0.07034467 0.61185443 0.76754707 0.0114731 0.43975011 0.77178204 0.03895344
6.35775506e-01 2.88463503e-01 -1.11512572e-01 3.94084364e-01 2.87213206e-01 -9.85626206e-02 6.72493875e-01 3.90767932e-01 -7.09811524e-02 3.67295086e-01 3.92778188e-01 -4.43624370e-02 6.90032899e-01 4.88444924e-01 -2.04547316e-01 3.47853750e-01 4.85984504e-01 -1.61298558e-01 5.88878155e-01 4.82652873e-01 4.00191821e-05 4.42368358e-01 4.85263020e-01 -3.47438443e-04 6.01378858e-01 6.19505525e-01 -4.99088168e-02 4.41345423e-01 6.15961194e-01 -3.82972918e-02 6.11852407e-01 7.67543256e-01 5.82620800e-02 4.40612882e-01 7.71534562e-01 1.20696045e-01
0.6356985 0.28664795 -0.14295374 0.38940543 0.28719944 -0.11587954 0.67248249 0.39082009 -0.09847521 0.36497647 0.39341313 -0.05056509 0.68858159 0.48982871 -0.22747143 0.34789622 0.49118438 -0.1559656 0.58922613 0.48422226 -0.00686347 0.44240054 0.48726308 0.00668249 0.60222691 0.62008023 -0.10565893 0.43781567 0.61957151 0.00264383 0.6116932 0.76716125 0.01799062 0.44042125 0.77041876 0.13985196
0.63592803 0.28666076 -0.13911718 0.38519147 0.28724614 -0.10591635 0.6726045 0.39254317 -0.09273933 0.36232942 0.39522919 -0.04004434 0.68741333 0.49401292 -0.2121409 0.34793401 0.49699801 -0.14635147 0.59105641 0.48722798 -0.01268727 0.44241819 0.49027294 0.01266086 0.60497504 0.62051028 -0.0556462 0.43366587 0.62424701 0.02470114 0.61198038 0.76655698 0.06066623 0.4406347 0.77041608 0.13016322
0.63691002 0.28725302 -0.19520427 0.38125905 0.29005495 -0.15824196 0.67308432 0.39517418 -0.1384656 0.35774001 0.39837107 -0.08276765 0.68609232 0.49690136 -0.24111351 0.34772471 0.50243253 -0.17793682 0.59438229 0.48888645 -0.01413767 0.44326162 0.49143064 0.01411761 0.60636085 0.62208724 -0.04409458 0.43166521 0.62445354 0.01358042 0.61235875 0.76653028 0.05724297 0.43983638 0.77033448 0.10596488
0.63693351 0.2886816 -0.21647468 0.37807208 0.29496902 -0.20528008 0.67279834 0.39918992 -0.14792824 0.35497007 0.40605131 -0.13748099 0.68351024 0.50325 -0.23693617 0.34771648 0.51374906 -0.22115517 0.59716767 0.49078444 -0.01352367 0.44431075 0.49245766 0.01346032 0.60745895 0.62289089 -0.01933811 0.43197095 0.62472242 0.07375199 0.61253983 0.7647633 0.08358894 0.44033125 0.7697351 0.20825188
0.63717765 0.29651338 -0.26416919 0.37449041 0.3012853 -0.23406 0.67291206 0.40820113 -0.18324402 0.35318807 0.41206595 -0.15680218 0.68226159 0.51368225 -0.24894932 0.34714249 0.52049762 -0.23021534 0.59811163 0.49113652 -0.01588627 0.44600278 0.49189332 0.01573875 0.60763073 0.62284464 -0.00850585 0.43078423 0.62446624 0.03722487 0.61424214 0.76262337 0.09899009 0.43818647 0.76948559 0.17661601
0.63748634 0.31002036 -0.34893748 0.37202024 0.30966508 -0.30526128 0.67328238 0.41907996 -0.2413394 0.35260013 0.41868308 -0.18131855 0.68237734 0.52229524 -0.27039909 0.34715843 0.52442467 -0.21082921 0.5980249 0.49264586 -0.01512816 0.44595319 0.49192089 0.0149408 0.61021787 0.62290817 -0.03742544 0.42735815 0.62605298 -0.03611464 0.61528659 0.76223791 0.04636805 0.43461701 0.76916158 0.04702251
0.63893616 0.32206696 -0.38773426 0.3697955 0.32181665 -0.34725186 0.67370099 0.43401134 -0.31447169 0.35258257 0.43262848 -0.25001296 0.68298721 0.53903919 -0.34335229 0.34683535 0.54002887 -0.28215876 0.59791762 0.49470589 -0.01271203 0.44533756 0.4932864 0.01238109 0.61295819 0.62704128 -0.03165435 0.42756534 0.63091636 -0.02351053 0.61516243 0.76229626 0.05441792 0.43378326 0.77188927 0.04898747
0.63993031 0.33680102 -0.45039767 0.36660564 0.34292087 -0.44684705 0.67471081 0.44808093 -0.39753187 0.35204276 0.45150751 -0.38337365 0.68296677 0.55680144 -0.41749242 0.3468475 0.5608331 -0.40623805 0.59809417 0.49105087 -0.00625987 0.44561651 0.49104804 0.00569567 0.61959428 0.62562549 -0.05753234 0.42781997 0.62888402 -0.02434344 0.61544806 0.76127946 -0.01429396 0.4316445 0.77197909 -0.01610976
0.63991618 0.35353425 -0.45543486 0.36604232 0.35721046 -0.42980444 0.67802453 0.47177941 -0.42021531 0.35203597 0.46244624 -0.35397896 0.68265998 0.57262146 -0.43400601 0.34321359 0.57294631 -0.35975266 0.59790987 0.48385969 -0.00376814 0.44728503 0.48301071 0.0029652 0.61993986 0.62137866 -0.10136085 0.42778319 0.62098408 -0.03759401 0.61514449 0.76285559 -0.1148365 0.43070465 0.77074254 -0.07165732
0.64151394 0.37403208 -0.52061504 0.36621338 0.37735686 -0.50912428 0.68185318 0.48802862 -0.48682737 0.35041234 0.48325789 -0.43757415 0.68303192 0.58718759 -0.49657378 0.34263259 0.58814996 -0.43958145 0.59783888 0.48410305 0.00454197 0.44810721 0.48337439 -0.00547852 0.63146174 0.61977118 -0.08526065 0.42808259 0.61985123 -0.02736573 0.61462504 0.76275957 -0.08648467 0.42843717 0.77010465 -0.06084582
0.64106888 0.38992482 -0.53496844 0.36518076 0.39686838 -0.52820784 0.68318224 0.50343955 -0.50738996 0.34914342 0.5028438 -0.46515194 0.68393427 0.6041922 -0.52623463 0.34027287 0.60995138 -0.45515522 0.59487796 0.48434898 0.0058451 0.44801503 0.48413461 -0.0067913 0.63011122 0.61935294 -0.1115942 0.42569897 0.61778724 -0.05887046 0.61383444 0.76285625 -0.1318197 0.42771775 0.77109236 -0.10682041
0.64115417 0.40910473 -0.55019325 0.36468551 0.41914347 -0.56405497 0.68445283 0.53318626 -0.54422873 0.3518053 0.5264799 -0.52204955 0.68501401 0.62436789 -0.57655954 0.34031975 0.62988907 -0.52719235 0.59130615 0.48479754 0.00714606 0.44355237 0.48696908 -0.00798708 0.63010001 0.62026 -0.11179756 0.42009655 0.6179958 -0.09872348 0.61293101 0.76293308 -0.10668058 0.42668724 0.77108008 -0.09817519
0.64035153 0.42576516 -0.53037226 0.36517432 0.4391605 -0.53675598 0.68426567 0.55328465 -0.54556942 0.36249599 0.55767 -0.52074504 0.68603724 0.65216762 -0.58034933 0.33770207 0.65452313 -0.53633779 0.58901465 0.48696995 0.00673813 0.44136634 0.49243701 -0.00753791 0.62957823 0.61811352 -0.20924988 0.41162005 0.61815166 -0.18087466 0.61081022 0.76291841 -0.16755059 0.42601803 0.76960438 -0.13958791
0.63901365 0.44552729 -0.51392949 0.36529091 0.46397296 -0.51329607 0.67502981 0.57637632 -0.53819358 0.37711442 0.5806334 -0.51811761 0.68505305 0.66380662 -0.58406562 0.33191177 0.67850834 -0.54529452 0.58885777 0.49238837 0.00664348 0.43995678 0.49882212 -0.0074185 0.62909007 0.60991955 -0.21719716 0.41150069 0.61894518 -0.16149652 0.61031049 0.76292539 -0.20089538 0.42571676 0.76864457 -0.12261725
0.63901669 0.47495461 -0.48681426 0.36647755 0.48966721 -0.51067036 0.66596979 0.60417348 -0.49864045 0.37457293 0.60485256 -0.46021309 0.672997 0.70784694 -0.5565666 0.32552308 0.7179209 -0.5027293 0.59245592 0.49320158 0.00589802 0.43999922 0.49825773 -0.00656983 0.63563806 0.60716838 -0.2896803 0.40895325 0.61477387 -0.14456034 0.61032826 0.76295096 -0.26659942 0.41464812 0.76347083 -0.14028862
0.63799232 0.49270821 -0.43597499 0.37031886 0.50549817 -0.45649263 0.66716039 0.60578495 -0.4741011 0.37506604 0.6177544 -0.4415108 0.67815882 0.68058425 -0.52942502 0.33604193 0.74072534 -0.48954377 0.59120446 0.49784172 0.00681038 0.44009438 0.50307661 -0.0074336 0.63928604 0.6082803 -0.33412448 0.40559983 0.61505312 -0.18994325 0.61034793 0.76297003 -0.24617437 0.41393608 0.75951862 -0.14719923
0.63419849 0.48597175 -0.4716934 0.37254754 0.50199783 -0.46054977 0.7071045 0.57815522 -0.46597406 0.37389097 0.60066247 -0.44005156 0.68818176 0.6659922 -0.52634311 0.32896963 0.69455463 -0.47638172 0.59075481 0.50979567 0.0066873 0.44009155 0.51772761 -0.00730077 0.63907373 0.60863304 -0.31601712 0.39676037 0.61753976 -0.21032494 0.61034155 0.76271176 -0.21974339 0.4140377 0.76043499 -0.1503168 
6.37172103e-01 4.88123059e-01 -7.37600386e-01 3.76971245e-01 4.94018614e-01 -6.85223103e-01 7.20264792e-01 5.74150026e-01 -6.28714025e-01 3.66756350e-01 5.84799707e-01 -5.29052675e-01 6.91590726e-01 6.62422717e-01 -6.55272484e-01 3.29585046e-01 6.78764582e-01 -5.47644854e-01 5.89714944e-01 5.19643962e-01 1.76615795e-04 4.40265685e-01 5.23721755e-01 -4.00743418e-04 6.38221741e-01 6.19323492e-01 -4.77530301e-01 3.88548464e-01 6.24664962e-01 -3.71935427e-01 6.10587478e-01 7.62165606e-01 -2.41978422e-01 4.14743036e-01 7.61009514e-01 -1.67004630e-01
6.43220842e-01 4.79719639e-01 -6.75499916e-01 3.76817465e-01 4.90878403e-01 -5.70604503e-01 7.16261029e-01 5.71871519e-01 -4.90398377e-01 3.62015039e-01 5.85091591e-01 -4.13179517e-01 6.91596389e-01 6.60498083e-01 -5.14533579e-01 3.26282531e-01 6.73427343e-01 -4.32587415e-01 5.89840055e-01 5.18206716e-01 2.92149751e-04 4.40420032e-01 5.23837030e-01 -5.31834376e-04 6.37731850e-01 6.20812476e-01 -3.44926119e-01 3.91623646e-01 6.21955156e-01 -2.61419415e-01 6.09384835e-01 7.61745989e-01 -2.07644865e-01 4.14806426e-01 7.61336863e-01 -1.46353170e-01
0.64602119 0.46825594 -0.59750879 0.3767792 0.48241821 -0.54932129 0.70977074 0.57206786 -0.49281943 0.35949162 0.58323842 -0.44175446 0.69146824 0.6612739 -0.55618203 0.32673231 0.67282271 -0.47921571 0.59051621 0.51600021 0.00216154 0.44205445 0.52127385 -0.00240014 0.63762742 0.62011808 -0.31501487 0.39397514 0.61961961 -0.23146994 0.60917097 0.76165998 -0.21619757 0.41474202 0.76158261 -0.15411291
0.64833689 0.46489227 -0.56547785 0.37937343 0.47597829 -0.53860134 0.70294523 0.5729028 -0.52065855 0.36191449 0.58232242 -0.47237989 0.68057513 0.66278422 -0.57696158 0.32623911 0.67608011 -0.50665307 0.59172273 0.5173775 0.00362389 0.44877318 0.52235264 -0.00390308 0.63694882 0.61883247 -0.31153366 0.3953585 0.61936569 -0.2277219 0.60939264 0.76154727 -0.22017384 0.41489726 0.76399112 -0.15291181
0.65189606 0.45858577 -0.54126143 0.38063258 0.46469444 -0.52018619 0.69152886 0.5710175 -0.54186982 0.36472756 0.57901734 -0.48856771 0.66301763 0.660981 -0.59863442 0.33099514 0.67396152 -0.52387482 0.59341121 0.51658392 0.00504166 0.45352238 0.52089208 -0.0054791 0.6367836 0.61880451 -0.36404574 0.40011051 0.61887091 -0.25953445 0.60997641 0.76163572 -0.23033792 0.4150711 0.76427549 -0.14931431
0.65595937 0.44421485 -0.52452302 0.38191792 0.45287031 -0.49523523 0.68294251 0.56166345 -0.52735198 0.36501014 0.57131308 -0.47588986 0.65951592 0.6527186 -0.58237988 0.33566639 0.6663205 -0.51183355 0.59453052 0.51509249 0.00506122 0.45588508 0.51940989 -0.00553241 0.63733953 0.62010664 -0.33384678 0.40228653 0.61874664 -0.2425876 0.60995138 0.76093513 -0.20958568 0.41515964 0.76429093 -0.13497497
0.66193801 0.43126437 -0.59475839 0.38175675 0.43561327 -0.55562717 0.68352002 0.55280507 -0.60026932 0.36517274 0.55233365 -0.54487294 0.6550439 0.64489818 -0.6418792 0.33581367 0.65338504 -0.58062184 0.59822595 0.5145424 0.00525923 0.45802319 0.518987 -0.00576358 0.63730741 0.62016368 -0.42034858 0.40824965 0.61712092 -0.33581603 0.60996091 0.76142603 -0.20677052 0.41527477 0.76348746 -0.13328838
0.66597217 0.41141239 -0.56478721 0.38253364 0.41937554 -0.53252965 0.68532062 0.53210849 -0.55972767 0.36510491 0.53303105 -0.50768882 0.65110499 0.62380153 -0.63869154 0.33650079 0.64030427 -0.54623318 0.60331565 0.51001644 0.00484119 0.46451634 0.51211685 -0.00543885 0.63882548 0.61995339 -0.38635874 0.41958931 0.61561042 -0.26400292 0.61012203 0.76125044 -0.15335502 0.41554707 0.76214337 -0.06170034
0.66868246 0.39364654 -0.53262639 0.38513899 0.39941058 -0.49657881 0.69233268 0.51870984 -0.55696678 0.36318657 0.5123291 -0.50512648 0.65238714 0.6149959 -0.61231071 0.34309649 0.61470151 -0.53173459 0.60715276 0.50283176 0.0024269 0.46667814 0.50273126 -0.0031026 0.64097416 0.61740768 -0.3092238 0.43390635 0.60913366 -0.21093231 0.6105808 0.76040912 -0.14920929 0.41613001 0.76066822 -0.07412236
0.66949922 0.37655869 -0.45078173 0.38535252 0.38355002 -0.42506284 0.70301962 0.49409217 -0.43915904 0.35835209 0.48963279 -0.39058056 0.66327709 0.59102577 -0.48050663 0.34614071 0.59048265 -0.4373253 0.61141199 0.49781227 0.00243557 0.47008786 0.49643058 -0.00311174 0.64066517 0.61395657 -0.17765652 0.44741991 0.60481548 -0.13453002 0.61128765 0.75996268 -0.09785151 0.41616631 0.75588471 -0.06629629
0.67065299 0.36058888 -0.45227751 0.38840687 0.36582375 -0.41653469 0.7137118 0.4687843 -0.41466269 0.35631683 0.47076857 -0.36180267 0.68170995 0.56888241 -0.44962612 0.34986672 0.56983864 -0.40248641 0.61715859 0.49392018 0.00086809 0.47366211 0.49034432 -0.00158323 0.64049685 0.61097926 -0.13449256 0.45081273 0.6057812 -0.08877311 0.61275089 0.75675148 -0.09381269 0.41621864 0.7565847 -0.06134529
