0.65371937 0.49537018 -0.70379817 0.51544869 0.54785389 -0.73125637 0.68208444 0.57501322 -0.63256383 0.47519937 0.62596762 -0.73363578 0.69221818 0.67102033 -0.68415076 0.41075903 0.71507794 -0.80771691 0.59269863 0.50245827 0.00393029 0.52774912 0.53706992 -0.00334451 0.64456469 0.59243023 -0.0956491 0.54769021 0.63877839 -0.22793211 0.66005051 0.69573247 0.19436531 0.58235162 0.75385469 -0.09369373
0.69222689 0.4905459 -0.73292542 0.5287376 0.56674796 -0.82867825 0.73969442 0.50688326 -0.3216415 0.46572381 0.63995034 -0.74204946 0.79597205 0.57465535 -0.0089093 0.41947851 0.72701508 -0.72231507 0.59579527 0.50590682 0.03623888 0.51601636 0.54873544 -0.03548988 0.68077421 0.60692281 0.00783005 0.58314347 0.65096813 -0.21505487 0.63583529 0.72013897 0.3569957 0.57390392 0.77088749 -0.04121213
0.66733092 0.50301975 -0.7349087 0.51857448 0.56114203 -0.78004003 0.70864344 0.60641277 -0.62366849 0.47462288 0.63887393 -0.77982706 0.71281469 0.70411628 -0.67402095 0.42498663 0.72720557 -0.88418704 0.59784889 0.50719488 0.02030061 0.51629263 0.54587251 -0.01957719 0.66415352 0.60568005 -0.06174199 0.56161189 0.65428561 -0.27122578 0.62541968 0.70239317 0.28373283 0.57724202 0.7703191 -0.14735958
0.66880834 0.50238585 -0.73262328 0.50764573 0.56030381 -0.77349627 0.70493984 0.5798915 -0.57837033 0.47028959 0.63802201 -0.73168516 0.71815115 0.66948032 -0.61305904 0.42407605 0.73123986 -0.84134537 0.60977858 0.51855618 0.01840346 0.5224759 0.55083191 -0.01790628 0.68286568 0.62673515 -0.08382262 0.5600248 0.66075921 -0.31924403 0.60793918 0.72955829 0.19357689 0.57067883 0.78544056 -0.28249705
6.41583562e-01 5.09348214e-01 -8.04088116e-01 4.76462632e-01 5.55866778e-01 -7.70668745e-01 6.75351143e-01 5.87003648e-01 -7.25805283e-01 4.57776755e-01 6.29785120e-01 -7.31719494e-01 6.75071657e-01 6.83138192e-01 -7.85243869e-01 4.23506856e-01 7.26096928e-01 -8.54731858e-01 6.21080756e-01 5.22236526e-01 5.76763181e-04 5.26083708e-01 5.49985349e-01 -1.96714202e-04 6.75250053e-01 6.30919397e-01 -9.40744579e-02 5.56705475e-01 6.60039485e-01 -3.17256182e-01 6.28927469e-01 7.38942802e-01 2.06034333e-01 5.47713101e-01 7.86942482e-01 -1.95189655e-01
0.69384915 0.49599466 -0.90228748 0.50414973 0.55326343 -0.88310313 0.68985772 0.51856077 -0.29552507 0.45038202 0.6219632 -0.69254571 0.68414843 0.58543545 0.2915858 0.42315352 0.71943158 -0.58464241 0.63115472 0.52159226 -0.00343194 0.52498496 0.55216956 0.00397117 0.6686812 0.64189446 -0.02994924 0.55725908 0.67090136 -0.20433046 0.61274451 0.74983627 0.33690399 0.5243383 0.78876805 -0.06223975
0.70265579 0.47354805 -0.78214651 0.51101243 0.54921514 -0.92605132 0.75085753 0.48384893 -0.15344796 0.4508473 0.62624717 -0.83451247 0.79108155 0.54150927 0.31185052 0.4228622 0.71961099 -0.80885422 0.62069517 0.51098758 0.05426497 0.50533211 0.5472765 -0.05377699 0.69769764 0.62061793 -0.03483368 0.54840434 0.65630233 -0.28885159 0.63924986 0.7330212 0.36005387 0.50001615 0.78136671 -0.0816875 
0.69563699 0.46318948 -0.88217181 0.50971836 0.54680145 -1.02925658 0.75518417 0.46674478 -0.22721545 0.45490399 0.625269 -0.92106467 0.7959469 0.51888657 0.26386827 0.4233838 0.72132766 -0.92283022 0.61714238 0.50782126 0.04858041 0.50704443 0.54553419 -0.04828839 0.68581688 0.62548888 -0.11706004 0.57935441 0.66034275 -0.34099659 0.62492299 0.76442462 0.29262638 0.50565481 0.78118843 -0.00807453
0.68631136 0.46096489 -0.96787608 0.50918853 0.54265839 -1.07303476 0.72401297 0.4853259 -0.38216615 0.46575901 0.62317854 -0.98580539 0.72283828 0.55498856 -0.03854517 0.4262943 0.71369267 -1.02471578 0.61694497 0.50689197 0.03552514 0.51158613 0.54511452 -0.03495868 0.6804902 0.62625307 -0.22499634 0.56991571 0.66078281 -0.43932855 0.62255836 0.77080667 0.14520986 0.51167279 0.77600682 -0.12163167
0.68180889 0.45808315 -0.92655247 0.5009613 0.54024637 -0.97771031 0.71092784 0.51079959 -0.41623747 0.46613815 0.62926811 -0.93956155 0.70021409 0.57433182 -0.09044009 0.42712715 0.71824366 -1.03187978 0.61538118 0.50696552 0.02488699 0.51082498 0.54584426 -0.02419828 0.68125176 0.61926478 -0.4337239 0.563591 0.66721481 -0.44873467 0.62222821 0.76238728 -0.06794381 0.51460183 0.78390676 -0.16293769
0.68410879 0.46208698 -0.94272971 0.49545136 0.5348013 -0.99747849 0.69780862 0.56236136 -0.66507751 0.46403652 0.62516308 -0.96381801 0.69312048 0.63025975 -0.62082011 0.42715579 0.71277827 -1.08883834 0.61625594 0.50900424 0.02194853 0.51205701 0.54619956 -0.02121479 0.6877287 0.61073846 -0.4327921 0.55860543 0.6701473 -0.45553017 0.64400101 0.73934704 0.01645678 0.51614356 0.77992707 -0.07852002
0.68645859 0.46411106 -0.92167979 0.49261954 0.52717131 -0.97315574 0.70021969 0.58196127 -0.77744657 0.46141511 0.62290657 -1.00347447 0.69096965 0.66643482 -0.84025836 0.43161246 0.71017402 -1.13630879 0.61578894 0.50932145 0.02045739 0.50401074 0.54589546 -0.01987779 0.69061333 0.58983439 -0.63491613 0.54227895 0.66474736 -0.52730179 0.64888138 0.72476441 -0.24138384 0.51294237 0.7763117 -0.19040488
0.69583559 0.46498355 -0.98720747 0.492374 0.5209164 -1.00222313 0.69956148 0.5751152 -0.83434546 0.4601025 0.6209808 -0.99304253 0.68823993 0.65231448 -0.90243316 0.43017286 0.70920926 -1.12327898 0.61714989 0.50925118 0.01697882 0.50426537 0.54530895 -0.01637248 0.69090742 0.59553558 -0.45694748 0.54733735 0.66576648 -0.43956238 0.66210586 0.71322495 -0.09073132 0.51430297 0.76693571 0.05148636
0.69856805 0.46505085 -0.97492099 0.48629156 0.51131189 -0.99066603 0.70275277 0.57788062 -0.90962535 0.44463748 0.61840439 -1.02364373 0.71169442 0.66230947 -1.063182 0.42975372 0.70963281 -1.17376041 0.62099695 0.51087326 0.01502765 0.50588542 0.54492736 -0.01440976 0.68300194 0.59679127 -0.58462071 0.5649749 0.66614819 -0.5011977 0.64306921 0.7308411 -0.1746899 0.53045791 0.76702893 -0.06757739
0.70718414 0.46509695 -1.01813161 0.48534513 0.50704211 -1.03409612 0.70325285 0.58921981 -0.96073753 0.44407821 0.61816651 -1.06346893 0.70652008 0.69140542 -1.12648475 0.43069953 0.71158475 -1.22393823 0.63402647 0.51697862 0.01367677 0.50744385 0.54639906 -0.01309612 0.69766253 0.6134789 -0.57449168 0.56169057 0.68264019 -0.50330317 0.62281126 0.75981408 -0.13996574 0.50828141 0.77335042 -0.05831343
0.72420752 0.46657792 -1.06978822 0.48112828 0.50021899 -1.07564998 0.70200193 0.59678942 -1.05461395 0.44403809 0.60829979 -1.0933733 0.70447183 0.69361889 -1.24463069 0.43060505 0.71876985 -1.25488281 0.64115703 0.51926696 0.01660419 0.49572849 0.54464835 -0.01622022 0.70691037 0.6268267 -0.41543216 0.55033755 0.69194156 -0.41685116 0.62393558 0.75167125 0.24232745 0.4977833 0.76991403 0.31501487
0.72439331 0.48442015 -1.07165837 0.47973797 0.50150752 -1.03814685 0.70416033 0.60299379 -1.01054502 0.44647226 0.60647899 -0.99564958 0.70516163 0.69565982 -1.13355589 0.42944375 0.71774328 -1.11530721 0.65642393 0.52851731 0.01570462 0.49887916 0.54474199 -0.01529456 0.6882624 0.6538313 -0.32469535 0.57962489 0.68285042 -0.30178225 0.61236995 0.77743852 0.18453437 0.48416314 0.78562707 0.19106585
0.72821516 0.48738378 -1.08824766 0.48285297 0.50375783 -1.14531744 0.71123141 0.59820652 -1.08685851 0.44841236 0.60560375 -1.15297663 0.7046262 0.69154507 -1.24637973 0.42929873 0.71662992 -1.27246904 0.64864177 0.52719754 0.04967349 0.49794737 0.54169434 -0.04945245 0.68804753 0.66121602 -0.11693911 0.57353276 0.67881185 -0.46832576 0.61067724 0.7782138 0.48499608 0.48798782 0.78910518 0.13068643
0.72731304 0.48625743 -0.96481818 0.4838731 0.49906981 -1.05287731 0.71622157 0.59359068 -0.94850779 0.45225245 0.60219073 -1.06642902 0.70437801 0.68836188 -0.98802549 0.43011963 0.70595586 -1.21836483 0.64647615 0.52886009 0.05547166 0.48366445 0.54052716 -0.05547117 0.65300167 0.67047471 -0.04134806 0.52855337 0.675574 -0.52606016 0.61086875 0.77872968 0.56344998 0.48775741 0.78964478 0.010504 
0.72609878 0.48667845 -0.7725926 0.48759195 0.49464226 -0.83332264 0.71704346 0.59225219 -0.68704379 0.45603248 0.5986836 -0.77418488 0.70444649 0.68618643 -0.73162413 0.43000346 0.70052665 -0.79238158 0.6433636 0.53107649 0.04514181 0.4843033 0.54049301 -0.04508728 0.64562339 0.66298068 -0.0600866 0.51108354 0.6721611 -0.36564347 0.61081779 0.78104001 0.34908998 0.48930228 0.79070753 -0.01376578
0.72560447 0.4856146 -0.74643213 0.4871712 0.49009332 -0.84020668 0.71475393 0.59112954 -0.62080073 0.45648178 0.59469777 -0.76436049 0.70576209 0.68321586 -0.66507822 0.42993149 0.69505197 -0.77821177 0.62747967 0.52956665 0.04559124 0.46641031 0.53776067 -0.04590099 0.62910032 0.66661733 -0.06933738 0.47365013 0.67549837 -0.30262926 0.61082602 0.78072268 0.35841566 0.48913801 0.79513967 0.0839049 
0.73073548 0.48550332 -0.74532926 0.49108773 0.48371425 -0.83540636 0.71299529 0.59207851 -0.64138389 0.45681214 0.58888918 -0.78091729 0.7065624 0.68106967 -0.70164639 0.43112928 0.68889034 -0.82242465 0.62722164 0.52867258 0.04187376 0.47209391 0.53099185 -0.04207799 0.62471449 0.6667124 -0.11907028 0.48118502 0.66827136 -0.31701571 0.60855973 0.7822094 0.29377413 0.4875977 0.79306537 0.0793457 
0.73187757 0.48527446 -0.65739036 0.49509454 0.4761599 -0.77200788 0.71214813 0.59131247 -0.55442667 0.45663044 0.58252031 -0.72115135 0.7061401 0.68088353 -0.59782249 0.43157956 0.68039417 -0.73983276 0.62124032 0.52883893 0.04230915 0.46645686 0.52851945 -0.04273413 0.63172752 0.66342342 -0.2848165 0.4862316 0.66153842 -0.37411234 0.60869759 0.7817201 -0.03004975 0.48874754 0.79204744 -0.1231784 
0.7338981 0.48239574 -0.66331756 0.49651584 0.46762282 -0.79219937 0.71145946 0.59064394 -0.56103718 0.45820326 0.57675719 -0.73658448 0.70657551 0.67609763 -0.6149025 0.43261164 0.67311198 -0.75394374 0.62156451 0.53234518 0.05248533 0.46760261 0.52815521 -0.0530791 0.63579482 0.66218358 -0.25479037 0.48881203 0.65757197 -0.3352527 0.60869378 0.77953994 0.02286412 0.48960522 0.79081881 -0.0739421 
0.73539013 0.47934553 -0.65458024 0.49861196 0.46649784 -0.81293833 0.71100676 0.58770961 -0.55661392 0.45921245 0.57269084 -0.7706064 0.7065981 0.6749599 -0.58996671 0.43327105 0.66726559 -0.76717305 0.62123388 0.54204208 0.05440927 0.47488454 0.53445214 -0.05503549 0.63183177 0.66729009 -0.10537115 0.47837508 0.66359609 -0.22265938 0.6084742 0.77985185 0.05199053 0.48769525 0.79007435 0.03969359
0.73636401 0.4752501 -0.54757065 0.49937406 0.46205005 -0.70200032 0.7105642 0.58299345 -0.49131352 0.46009395 0.56847471 -0.67472464 0.70655566 0.6675604 -0.52925652 0.43310294 0.66358668 -0.65649462 0.61937094 0.54301232 0.05803298 0.47631583 0.53645027 -0.05874297 0.63029969 0.66040194 -0.13071157 0.47889981 0.65597022 -0.29123852 0.60624552 0.77915072 0.0950216 0.48661703 0.78960049 -0.06916661
0.73483366 0.46794137 -0.5349555 0.50099665 0.45524952 -0.70877039 0.71030116 0.57866651 -0.48404485 0.45995647 0.56228721 -0.69484484 0.70477623 0.66347635 -0.53078479 0.43456313 0.65874827 -0.69512808 0.61487025 0.54099596 0.06358264 0.47732753 0.53611958 -0.0642594 0.62977761 0.65772551 -0.14658374 0.48088622 0.64911723 -0.40919665 0.60631526 0.77994168 0.02716733 0.48563361 0.78932369 -0.15900169
0.73398632 0.461144 -0.54910117 0.50184047 0.4525829 -0.72147423 0.71145183 0.56808025 -0.46883965 0.4599494 0.55739599 -0.69386756 0.70481002 0.65741843 -0.54577839 0.4344615 0.65304244 -0.72847956 0.60645866 0.53960603 0.0651486 0.47676906 0.53581727 -0.06554288 0.63021994 0.64642388 -0.38360652 0.48251241 0.64924794 -0.59192765 0.60565728 0.77926451 -0.11601558 0.48587805 0.78916365 -0.27274945
0.73325098 0.45364904 -0.57336307 0.50197417 0.44911969 -0.75873369 0.71137363 0.56013948 -0.48013061 0.45985103 0.55786335 -0.72452432 0.70472819 0.65279418 -0.57272893 0.42998636 0.65328622 -0.78628218 0.60279244 0.53895926 0.07228304 0.47718686 0.53571153 -0.07245645 0.62934673 0.64215839 -0.42337516 0.48430237 0.64375764 -0.63865429 0.60492694 0.77881247 -0.08779231 0.48485023 0.78775156 -0.27288717
0.73197001 0.4493753 -0.5922032 0.50185341 0.4393416 -0.79390734 0.71117085 0.5566079 -0.49303356 0.46087503 0.55138695 -0.77658165 0.70356482 0.64695984 -0.5911653 0.42914391 0.64608985 -0.85805231 0.60268396 0.53831691 0.07325428 0.47772178 0.53549385 -0.07339497 0.63173318 0.64944845 -0.39719456 0.48335311 0.64636785 -0.58338588 0.60316914 0.77842593 -0.07785045 0.48353273 0.78763169 -0.24534014
0.72901607 0.4434624 -0.57619679 0.50174528 0.43354067 -0.79458457 0.71098757 0.55105603 -0.476648 0.46039385 0.54893875 -0.77579188 0.70322096 0.63974649 -0.57348084 0.42651305 0.64595807 -0.84310275 0.60184056 0.5382303 0.07816844 0.47784045 0.53574717 -0.07824501 0.63616776 0.65279746 -0.38131076 0.48444322 0.64813554 -0.59248191 0.60317981 0.77818865 -0.03269146 0.48311627 0.7875731 -0.23726809
0.72631359 0.43600368 -0.56861758 0.50153142 0.42418596 -0.79636216 0.71085858 0.54416835 -0.45451415 0.4574239 0.53461498 -0.77416855 0.70281804 0.63256878 -0.55389291 0.42494926 0.63034922 -0.83732301 0.60245502 0.5380494 0.08319819 0.48106208 0.53574491 -0.08336967 0.63286102 0.65684551 -0.35632423 0.48528132 0.64924812 -0.53705555 0.60310894 0.77798235 0.06800529 0.48201248 0.78661102 -0.22764476
0.72106212 0.42952517 -0.53557354 0.50144726 0.41805717 -0.78218043 0.71077031 0.5379253 -0.40906385 0.45213008 0.52649885 -0.7350927 0.70084077 0.62482512 -0.49627233 0.42224631 0.62147254 -0.76424265 0.60131478 0.53794974 0.08220135 0.48219091 0.53586334 -0.08236786 0.62409216 0.65790743 -0.23509072 0.48255 0.64987296 -0.5830276 0.60255706 0.77779037 0.18352367 0.48080963 0.78657019 -0.23807566
0.71096742 0.42313185 -0.50915259 0.50104988 0.41118366 -0.78006947 0.70965421 0.52902919 -0.35421458 0.45045647 0.51803464 -0.72344947 0.6995883 0.61613905 -0.42429659 0.42187497 0.6121217 -0.74721307 0.59673029 0.53797817 0.08639744 0.48045152 0.53610861 -0.08663289 0.62034738 0.65767449 -0.21867739 0.48134109 0.65119922 -0.55122799 0.60251898 0.77767473 0.22126606 0.47984812 0.78648132 -0.20400958
0.70685053 0.41479048 -0.35089585 0.49176341 0.40288073 -0.54741079 0.7085771 0.52208865 -0.2342644 0.44844583 0.51138943 -0.49255553 0.69865918 0.60926735 -0.2708478 0.4216426 0.60187048 -0.5038045 0.59773296 0.53874218 0.07751432 0.48094586 0.53660095 -0.07788597 0.61434233 0.65719861 -0.0375711 0.48187685 0.6508106 -0.36218339 0.60258174 0.77758229 0.23901285 0.47917011 0.78610235 -0.19651043
0.70483041 0.40651563 -0.31380016 0.48729843 0.39196393 -0.50930494 0.70665741 0.51356876 -0.20537344 0.4464719 0.50582099 -0.46405733 0.69796902 0.60168737 -0.25211561 0.42038035 0.59753102 -0.48889539 0.5984903 0.53929806 0.07414614 0.48137426 0.53671366 -0.07450665 0.61220318 0.65575349 -0.08421506 0.48131239 0.64981157 -0.37103125 0.60230446 0.77748519 0.17810881 0.47909179 0.7858398 -0.18720485
0.70501059 0.39876339 -0.34453055 0.48131329 0.38664293 -0.53860313 0.70548636 0.50454175 -0.21813057 0.44523618 0.5007934 -0.47618172 0.69777477 0.59088898 -0.26946291 0.42007983 0.58980918 -0.50083029 0.59954876 0.5390901 0.07204673 0.48194847 0.53556198 -0.07237507 0.61196047 0.65339625 -0.09328014 0.48164934 0.64725864 -0.40335333 0.60180891 0.77745968 0.22358546 0.47907269 0.78495598 -0.16846196
0.70345962 0.39362362 -0.34211305 0.47823939 0.3797082 -0.51764941 0.70366776 0.49904406 -0.22190446 0.44406065 0.49498636 -0.43657723 0.69776803 0.58526957 -0.29289016 0.41988271 0.58704495 -0.46004432 0.60005808 0.53711605 0.07149445 0.48199084 0.5329265 -0.07181345 0.61305237 0.65328991 -0.08335396 0.48180023 0.64677733 -0.39932203 0.60183007 0.7778514 0.25341979 0.47908095 0.78320825 -0.12708333
0.7012167 0.38406017 -0.29170042 0.47504124 0.37242565 -0.47484753 0.70324272 0.49086136 -0.1560363 0.43981442 0.48203582 -0.39134896 0.69815356 0.57832336 -0.19468938 0.41933981 0.57482314 -0.37866977 0.60042369 0.53542858 0.07145511 0.48204696 0.53101379 -0.07176433 0.61270279 0.65791702 0.05281163 0.48158416 0.64691961 -0.25333244 0.60184634 0.77845705 0.3534556 0.47917536 0.7820887 -0.03597945
0.6991058 0.3772985 -0.22493634 0.47050256 0.36395681 -0.38206965 0.7031467 0.48416722 -0.10433024 0.43406153 0.46873248 -0.31541434 0.69946808 0.56881934 -0.14080293 0.4186824 0.56373131 -0.32448626 0.60063773 0.53260386 0.06520663 0.48149064 0.5287981 -0.06565796 0.61233395 0.65747422 0.05425633 0.47850358 0.64922267 -0.19151714 0.60259879 0.77840203 0.29323313 0.47945708 0.78212458 -0.03509026
0.69629741 0.3680968 -0.21909994 0.4659304 0.35547417 -0.36876261 0.70290977 0.4765794 -0.09720613 0.42828655 0.46129608 -0.29934859 0.70001608 0.56445038 -0.12283369 0.41722137 0.5559321 -0.30117607 0.60028046 0.53147447 0.05996102 0.4795222 0.52781487 -0.06047805 0.61037713 0.65826279 0.05207239 0.47721133 0.65573949 -0.07578517 0.60327578 0.77823776 0.2528297 0.47971451 0.78275532 0.07053573
0.6931318 0.36301693 -0.19215707 0.46212271 0.34854776 -0.35742339 0.70258665 0.47101846 -0.06595633 0.42595929 0.4558942 -0.29547927 0.70062679 0.56012785 -0.09046207 0.41655993 0.55120623 -0.29960459 0.60035175 0.53046244 0.0599471 0.47769091 0.52668297 -0.06044797 0.6105637 0.65867734 0.10037277 0.47683287 0.65938509 -0.03453967 0.60316736 0.77817953 0.24035068 0.48088616 0.78304058 0.08544725
0.69061488 0.35794204 -0.21395309 0.46053481 0.33995566 -0.3567923 0.70282948 0.46586838 -0.08437085 0.42187095 0.44795445 -0.29628947 0.70093733 0.55593705 -0.10806812 0.41507879 0.54307038 -0.30429426 0.60130769 0.53034306 0.05350173 0.47784498 0.52661818 -0.05400664 0.61018533 0.6618498 0.12533769 0.476684 0.66285121 -0.02275716 0.60241789 0.77814996 0.27962154 0.48273051 0.78431457 0.09751169
0.68805063 0.3512778 -0.18310799 0.45915791 0.33302021 -0.35893932 0.70250803 0.45955092 -0.04678237 0.42039412 0.44123739 -0.31203851 0.70096999 0.55123341 -0.07859116 0.41471374 0.53704953 -0.32510707 0.6025396 0.52763009 0.05717782 0.47865596 0.52426267 -0.05774549 0.61054862 0.65271389 0.11822443 0.47681025 0.66252953 -0.01927681 0.60230941 0.77797246 0.26942098 0.47996792 0.78403735 0.13466728
0.68529332 0.34341756 -0.21388111 0.45706451 0.32868522 -0.40093258 0.70156199 0.45131138 -0.06360271 0.41821644 0.43739504 -0.35333177 0.70099032 0.53998369 -0.10597419 0.41455257 0.53283626 -0.3712821 0.60707444 0.52276742 0.06418074 0.48155838 0.52061486 -0.06474672 0.61079085 0.65181047 0.12989698 0.47815433 0.65917498 -0.02914141 0.60236514 0.7774139 0.33476597 0.47893101 0.78365397 0.16056995
0.68298775 0.34014967 -0.2272491 0.45640597 0.32371286 -0.42339298 0.69960886 0.44453576 -0.05954728 0.4164198 0.43314692 -0.36561626 0.7008794 0.53100741 -0.14119808 0.41434374 0.52261299 -0.42925221 0.60725456 0.52150482 0.07533419 0.48156485 0.51838368 -0.07590652 0.6105389 0.65192628 0.17515349 0.47791415 0.65758651 -0.02423263 0.60352874 0.77739722 0.50896925 0.47820729 0.78353864 0.26360372
0.67949075 0.33728322 -0.18584201 0.45537564 0.32159388 -0.37253767 0.69700938 0.43982974 -0.03078999 0.41424724 0.42916095 -0.32639581 0.70119071 0.52203047 -0.11294065 0.4143987 0.51614249 -0.37070903 0.60784471 0.52005893 0.07464901 0.48152635 0.51686364 -0.07519735 0.6105181 0.65199584 0.14500512 0.47795755 0.65734118 -0.02632381 0.6052804 0.77720141 0.4103722 0.47834739 0.78296661 0.21626629
0.67425179 0.33521351 -0.19716385 0.45508623 0.31895083 -0.38321763 0.69511795 0.43702438 -0.04166159 0.41050813 0.42665952 -0.34158897 0.70122081 0.51998794 -0.10779722 0.41443914 0.51455557 -0.37928081 0.60903293 0.5186187 0.07380647 0.4824594 0.51522797 -0.07436863 0.61056709 0.65205532 0.15058886 0.47858745 0.65715599 -0.02617689 0.60582954 0.7768715 0.40077782 0.47940385 0.78297007 0.19235474
0.66968185 0.33456758 -0.19660537 0.44890779 0.31979463 -0.32113814 0.69490725 0.43508068 -0.0602655 0.40730476 0.42717597 -0.27584583 0.70194459 0.51942134 -0.10751137 0.4150157 0.51511848 -0.29856139 0.6108194 0.51772958 0.05446726 0.48310581 0.51467723 -0.05498543 0.61008638 0.65218318 0.12970994 0.47946957 0.65569037 -0.03499037 0.60682243 0.77687567 0.32783389 0.47976837 0.78303474 0.17842835
0.66464871 0.33532825 -0.15928884 0.4450672 0.32046276 -0.27520812 0.69390923 0.4354389 -0.04261415 0.40567416 0.42526376 -0.23912528 0.70257998 0.51901406 -0.08007295 0.41513997 0.51544529 -0.27360412 0.61272573 0.51585954 0.04874409 0.48508504 0.51350254 -0.04925842 0.60914487 0.65211022 0.1203909 0.48082304 0.65385365 -0.04650331 0.60742801 0.77768725 0.22141145 0.47975966 0.78303403 0.09724177
0.65704983 0.33388004 -0.12278602 0.44017681 0.32120413 -0.25273356 0.69281834 0.43253043 -0.01280472 0.40585598 0.42409125 -0.22635446 0.70565468 0.51323473 -0.06838559 0.41516712 0.51424044 -0.27394584 0.61423981 0.51440656 0.04927525 0.48801434 0.51319551 -0.04974749 0.60897547 0.65188634 0.11220086 0.48269022 0.65375984 -0.04772305 0.60767657 0.77796018 0.20436604 0.47983986 0.78312975 0.08219773
0.65359402 0.33415505 -0.15316939 0.43411937 0.32249063 -0.28858665 0.69288266 0.43248859 -0.01491944 0.40514868 0.42552429 -0.2570146 0.70688844 0.51518112 -0.07492325 0.41514614 0.51424688 -0.30262122 0.61622506 0.51510328 0.05035349 0.48996091 0.51376754 -0.05082647 0.6090275 0.65180326 0.11348918 0.48299509 0.65379375 -0.05660526 0.60778236 0.77943152 0.22410898 0.48091063 0.78389126 0.08214835
0.65206361 0.33590502 -0.16430148 0.43237913 0.32290858 -0.31390962 0.69294107 0.43204305 -0.02531925 0.40494126 0.42239067 -0.27447745 0.70985734 0.51349872 -0.07949495 0.41581511 0.51057994 -0.32111233 0.61775988 0.5154162 0.04886676 0.49066666 0.51416296 -0.04929625 0.60906291 0.6517908 0.10576996 0.48312339 0.65403861 -0.03160917 0.6073491 0.78039014 0.23561718 0.48048419 0.78361499 0.13005273
0.65211403 0.33724859 -0.15881379 0.43212205 0.32400072 -0.26861203 0.69303763 0.43183699 -0.04274713 0.40490732 0.42102113 -0.23525664 0.71016151 0.51013815 -0.13150716 0.41607803 0.50784999 -0.32254812 0.61996436 0.51573694 0.04609275 0.49206561 0.51439166 -0.04645721 0.60910565 0.65181178 0.10498749 0.48204878 0.65482193 -0.04201093 0.60623395 0.78111756 0.24541697 0.47969779 0.78393358 0.10368824
0.65036756 0.33746243 -0.12203776 0.4304854 0.32456085 -0.20142888 0.69276148 0.43072626 -0.0326206 0.40491211 0.42115226 -0.16379952 0.71098119 0.50927377 -0.12133879 0.41701987 0.50751233 -0.24242461 0.62177062 0.51478738 0.04402687 0.49276677 0.51389843 -0.04443714 0.60929537 0.651241 0.07684673 0.48183769 0.65482861 -0.0469521 0.60544318 0.78214437 0.15808527 0.47732797 0.78495681 0.02900727
0.65045935 0.33791894 -0.13662772 0.43103465 0.32497874 -0.22663529 0.69278491 0.43068165 -0.03431921 0.40517831 0.42059726 -0.18338355 0.71114647 0.50779361 -0.11752605 0.41779196 0.5040586 -0.2631917 0.62217534 0.51489991 0.04367366 0.49327591 0.51387721 -0.04409367 0.61104047 0.65079695 0.07529625 0.4813967 0.65477586 -0.04368511 0.60502529 0.78216988 0.18890068 0.47552773 0.7849502 0.05079913
0.65009677 0.33791441 -0.14686272 0.43158036 0.32531258 -0.25694749 0.69283098 0.42981195 -0.04027527 0.40528399 0.42122203 -0.21164672 0.71186453 0.50698072 -0.11694755 0.41835058 0.50455874 -0.2824235 0.62337822 0.51387727 0.04314247 0.49498206 0.51317728 -0.04355759 0.6124897 0.65044349 0.07459148 0.48127368 0.65476501 -0.04167503 0.60444212 0.78214657 0.19944799 0.47511083 0.78495371 0.05803849
0.65048265 0.33801937 -0.15145871 0.43122634 0.32545808 -0.26902828 0.69285685 0.43024153 -0.03174058 0.40534475 0.42215493 -0.22448799 0.71214068 0.50709879 -0.11325224 0.41885972 0.50534481 -0.28929228 0.62425107 0.51384377 0.0435189 0.49573699 0.51321924 -0.04393068 0.61386091 0.65045875 0.07553203 0.4813475 0.65498066 -0.04309066 0.60444719 0.78203547 0.20628594 0.4750677 0.78494895 0.07994699
0.6507231 0.33761805 -0.12118226 0.43028969 0.32562631 -0.23134162 0.69324994 0.43060526 -0.00936048 0.40550807 0.4226853 -0.19344783 0.71276122 0.50826937 -0.0754252 0.41894922 0.50664461 -0.26047507 0.62587208 0.51398522 0.04372876 0.49679112 0.51364368 -0.0441229 0.61522835 0.65083867 0.09390986 0.4821732 0.65533811 -0.03805641 0.60430765 0.78197092 0.21413247 0.47508398 0.78534967 0.071984 
0.65115738 0.33647373 -0.13239825 0.42945448 0.32575092 -0.24763526 0.6939857 0.43111905 -0.01946366 0.40621361 0.42411178 -0.20625179 0.71349066 0.50898415 -0.0818705 0.41925386 0.50841486 -0.27467877 0.62645453 0.51418352 0.04470885 0.49692333 0.51433855 -0.04514729 0.61552823 0.65106946 0.11725149 0.48219514 0.65631038 -0.03139064 0.60430712 0.78188765 0.24989635 0.47501504 0.78600866 0.07215425
0.65247732 0.3366296 -0.14020154 0.42981392 0.32516077 -0.25451472 0.69511783 0.43141526 -0.02277202 0.4064247 0.42473918 -0.21508585 0.71359098 0.50918174 -0.08730815 0.41925737 0.51034445 -0.28151628 0.62637067 0.51544726 0.0452567 0.49683946 0.5154075 -0.04570586 0.61652499 0.65114409 0.12078876 0.48226956 0.6572659 -0.03096429 0.60430551 0.78185755 0.25764498 0.4750416 0.78645241 0.07325022
0.6550132 0.33672917 -0.18076231 0.43088889 0.32469422 -0.33756775 0.6952098 0.43389693 -0.04391326 0.40673366 0.4263109 -0.29829001 0.71341145 0.51428354 -0.09155419 0.41925597 0.51511401 -0.3280254 0.62624365 0.51788175 0.04982301 0.49610817 0.51739848 -0.05025848 0.61786854 0.6511789 0.14304745 0.48231104 0.65883708 -0.03226405 0.60432172 0.78183568 0.32031858 0.47514123 0.78690183 0.09771068
0.66090053 0.33677319 -0.18040381 0.43648458 0.32334957 -0.32174656 0.69625282 0.43538922 -0.03956442 0.41075295 0.42749152 -0.28253841 0.71374983 0.51729852 -0.06858708 0.41988599 0.51892728 -0.32763898 0.626158 0.52006739 0.05151093 0.49608991 0.5178712 -0.05198608 0.61933172 0.65156215 0.13845403 0.48248032 0.65907955 -0.01697775 0.60438991 0.781712 0.295793 0.4750759 0.78674233 0.12915052
0.66732216 0.33725408 -0.19450323 0.44145584 0.32291976 -0.35341835 0.69630498 0.4392862 -0.05405958 0.41317129 0.42958543 -0.32238111 0.71372581 0.52442706 -0.07537487 0.42003945 0.52343976 -0.35901234 0.62630451 0.52290648 0.05540768 0.49669981 0.51942968 -0.05589499 0.62064165 0.65314746 0.15754196 0.48309559 0.65982997 -0.00778425 0.60459262 0.78164834 0.33194625 0.47485092 0.7860918 0.15401046
6.75488770e-01 3.37483078e-01 -2.05167934e-01 4.49897647e-01 3.21764946e-01 -3.75207752e-01 6.96602702e-01 4.43306327e-01 -6.07123338e-02 4.15234476e-01 4.29576993e-01 -3.42201769e-01 7.13157594e-01 5.26375055e-01 -7.99356848e-02 4.20544446e-01 5.24444938e-01 -3.68077189e-01 6.26245320e-01 5.23736119e-01 6.08985983e-02 4.96924460e-01 5.19951046e-01 -6.14117645e-02 6.20923519e-01 6.53941035e-01 1.76225513e-01 4.83195335e-01 6.60624802e-01 -7.13919639e-04 6.04450107e-01 7.81534791e-01 3.72599363e-01 4.74858880e-01 7.85984039e-01 1.84119508e-01
0.68627858 0.33789247 -0.23122393 0.45865795 0.32172456 -0.41609615 0.69774783 0.44647807 -0.08051913 0.41958866 0.43057707 -0.39013907 0.71314496 0.52853054 -0.09888772 0.42072374 0.52751565 -0.42634815 0.62435418 0.52369726 0.06669097 0.49643245 0.52025235 -0.06718138 0.62089157 0.65428692 0.1659887 0.48306242 0.66172189 0.00223091 0.60437745 0.78149158 0.33968318 0.47455421 0.78563601 0.18108036
0.69760424 0.34038749 -0.23967008 0.46652189 0.32283634 -0.41340065 0.70198715 0.45151863 -0.10515145 0.4241243 0.43626213 -0.38514578 0.71309525 0.53306001 -0.13838372 0.42082292 0.53074902 -0.42184097 0.62429577 0.52538812 0.06565306 0.49639702 0.52247679 -0.06614058 0.62194568 0.65595227 0.16009378 0.48301709 0.6623289 0.0014184 0.60439211 0.78144735 0.29775089 0.47768402 0.78572315 0.1640162 
0.70744181 0.34390208 -0.25427195 0.47360083 0.32809913 -0.41288102 0.70441687 0.45379511 -0.1280309 0.43142736 0.44038031 -0.37134925 0.71250373 0.53605938 -0.15525255 0.4208236 0.53345579 -0.39876893 0.62373602 0.52606142 0.06669082 0.49641678 0.52314007 -0.06718206 0.62193978 0.65674472 0.15858109 0.48309457 0.6622085 -0.00180415 0.60403687 0.78134984 0.24916001 0.48106757 0.78540391 0.12328631
0.72171956 0.3537913 -0.28261831 0.48060253 0.33998588 -0.419238 0.70889062 0.4600825 -0.17047647 0.43524146 0.4493413 -0.36852238 0.71246219 0.54346454 -0.20162401 0.42090192 0.54553086 -0.38918757 0.62377042 0.52752757 0.06618556 0.49654666 0.52452779 -0.06667172 0.62201554 0.65674317 0.15433134 0.48333395 0.65972596 -0.01499138 0.60541916 0.78090984 0.23996161 0.48303324 0.78532368 0.04636139
0.72230041 0.36476898 -0.30443981 0.48773074 0.34880024 -0.47669101 0.71153998 0.46851274 -0.17631195 0.43920502 0.4595381 -0.41539979 0.71126264 0.553343 -0.21154432 0.42094091 0.55912095 -0.41523108 0.62376243 0.52893776 0.0690606 0.49762273 0.52557099 -0.06953695 0.62468666 0.65977192 0.17111424 0.48412934 0.65807891 -0.01865193 0.60554558 0.77890784 0.30513468 0.48292461 0.7845096 0.06452873
0.72672462 0.3822003 -0.29659495 0.49283081 0.36117283 -0.48676684 0.71475452 0.48185131 -0.15930068 0.44379559 0.47350547 -0.42796993 0.71016884 0.56773436 -0.2091358 0.4210659 0.57019264 -0.44744623 0.62561196 0.53885871 0.06987868 0.50039136 0.53392333 -0.07031301 0.62458193 0.65997243 0.17294943 0.48414865 0.65646565 -0.15013343 0.60481745 0.77875322 0.40241268 0.4818542 0.78419667 -0.01410911
0.72552651 0.39685088 -0.30083868 0.50406849 0.37819284 -0.49455047 0.71612751 0.498052 -0.17720434 0.44539714 0.49219799 -0.43913054 0.70750266 0.58363825 -0.22337534 0.42126781 0.58120072 -0.45511967 0.62494749 0.54566014 0.06961668 0.5003143 0.54062897 -0.07008228 0.62141168 0.66176742 0.15661077 0.48246956 0.65355629 -0.19878265 0.60443497 0.77860934 0.35944709 0.480021 0.78304857 -0.06641164
0.72343451 0.41050181 -0.42905399 0.50450295 0.40497702 -0.69786847 0.71668053 0.50795323 -0.2873489 0.44936413 0.51255316 -0.63604867 0.70643955 0.59269726 -0.32304591 0.42197487 0.59757113 -0.60157037 0.62109077 0.54501688 0.07653078 0.50025177 0.53798097 -0.07710624 0.61944783 0.66169178 0.12737486 0.48380929 0.65106714 -0.26874983 0.60413021 0.77849364 0.37058884 0.47856349 0.78170866 -0.092475 
0.73393309 0.4346692 -0.51418537 0.50591439 0.42573059 -0.71285564 0.71991622 0.53117728 -0.39647299 0.45321983 0.53369802 -0.64003456 0.70624644 0.61360461 -0.41942552 0.42113733 0.62324506 -0.60698056 0.62110794 0.5389418 0.07561041 0.49982315 0.53774196 -0.07607689 0.62545556 0.65380889 -0.11403998 0.48029187 0.6486119 -0.3426556 0.6034711 0.77721971 0.10237341 0.47852957 0.78150076 -0.09258717
0.74098706 0.45287499 -0.4244017 0.51125997 0.44517878 -0.61669976 0.72183967 0.5544892 -0.3557615 0.45721391 0.54903477 -0.58429146 0.69970536 0.63925648 -0.41134012 0.42118868 0.6375863 -0.56532365 0.62018877 0.54039371 0.07417256 0.4967992 0.5377509 -0.07479513 0.63738203 0.66942048 -0.01943917 0.47617164 0.64897227 -0.27368635 0.60294771 0.77733386 0.09667798 0.47898456 0.78168696 -0.09282731
0.74329883 0.47315022 -0.61827213 0.50671798 0.46873501 -0.86347395 0.72220588 0.57375258 -0.4668763 0.46199021 0.57003349 -0.82377547 0.69995934 0.65612876 -0.54090607 0.42511922 0.66576713 -0.87371129 0.61443108 0.53821599 0.08313 0.48505649 0.53393692 -0.08335073 0.64161581 0.66544086 -0.22905713 0.47654819 0.65225041 -0.46408033 0.60401314 0.77734816 0.08014242 0.48292914 0.78419369 -0.17732844
0.74789184 0.4924691 -0.67601174 0.50709367 0.48225006 -0.89418519 0.72264045 0.59742719 -0.53675508 0.46556541 0.58749539 -0.86692804 0.70032823 0.68062913 -0.58620811 0.43122023 0.68451369 -0.89055711 0.6151585 0.53602517 0.08340812 0.4820329 0.52416921 -0.08348621 0.65608907 0.65662503 -0.27125356 0.47600973 0.6491577 -0.49717775 0.60486591 0.77649701 0.02984622 0.48372254 0.78626925 -0.21724257
0.74317348 0.50858057 -0.66344857 0.50517821 0.49537131 -0.89653993 0.72249085 0.61832047 -0.57130903 0.46266842 0.61360049 -0.92037737 0.70035702 0.71367985 -0.65970528 0.43063998 0.73236483 -0.96722436 0.60938531 0.52903771 0.08741779 0.46888831 0.51829934 -0.08739963 0.6593073 0.64266115 -0.35703358 0.48253971 0.64004505 -0.55588198 0.60545182 0.77421957 -0.13014132 0.47798073 0.78617632 -0.3292087 
0.75380117 0.52069813 -0.64821976 0.51128644 0.51546443 -0.91336948 0.72209007 0.62367082 -0.50671107 0.4627353 0.63435113 -0.90811855 0.68940294 0.72593802 -0.58083671 0.43511221 0.74820995 -0.95719129 0.61306757 0.52711636 0.10507131 0.46747935 0.51970935 -0.10480316 0.66738617 0.64540792 -0.27297226 0.48668426 0.64091951 -0.47718081 0.6078667 0.76939487 0.03699062 0.47777981 0.78421849 -0.20486911
0.74867409 0.53740394 -0.57761496 0.51368469 0.51688933 -0.92144877 0.71701705 0.619326 -0.3588908 0.46152925 0.63160443 -0.90975887 0.68734503 0.71333152 -0.37390906 0.43848926 0.74680912 -0.95525593 0.60661173 0.52633113 0.13114773 0.45830184 0.51777041 -0.13073784 0.68046468 0.63525665 -0.32923746 0.52240276 0.63129324 -0.5942235 0.60792422 0.76879895 -0.06398197 0.47586083 0.77634698 -0.35177591
0.74620581 0.53624684 -0.65144509 0.51492441 0.52641356 -0.99662101 0.68784344 0.62715542 -0.45557642 0.45363826 0.6436252 -1.00612211 0.67749059 0.70401436 -0.50033993 0.45488819 0.76530707 -1.06571162 0.60022789 0.5345248 0.14819892 0.4629235 0.52659947 -0.14776134 0.68007559 0.63889527 -0.27099529 0.56576705 0.63915867 -0.48480508 0.60795414 0.74692369 0.24505985 0.49283955 0.74943262 -0.08499192
0.74700445 0.53423864 -0.64672935 0.51974839 0.52310485 -0.95584738 0.70141423 0.61783218 -0.45627484 0.44838142 0.62446576 -0.96520704 0.67988169 0.69524103 -0.51492077 0.45236194 0.7394132 -1.04238081 0.60200262 0.53878456 0.13674961 0.46151546 0.52888769 -0.13638772 0.67408741 0.63965404 -0.29755628 0.54876184 0.63959396 -0.58470058 0.60796338 0.74978065 0.17919581 0.48824853 0.75823694 -0.16032617
0.74623466 0.52496392 -0.63054085 0.5205943 0.51403016 -0.93713176 0.70443118 0.61308724 -0.47134522 0.4484244 0.61049867 -0.95188779 0.68162775 0.70204836 -0.55389589 0.44998294 0.71985793 -1.02886569 0.58935124 0.53786933 0.129298 0.4630459 0.53398961 -0.12900616 0.66993695 0.65924859 -0.24598435 0.54119307 0.6631223 -0.51336616 0.61067742 0.76201499 0.15457566 0.48934445 0.78518921 -0.2483293 
0.74625421 0.51373601 -0.61319751 0.54067719 0.51051849 -0.89861888 0.716492 0.60485923 -0.46348262 0.45412973 0.608118 -0.89816284 0.68779492 0.69405121 -0.5335905 0.4492462 0.71373206 -0.95021975 0.59289122 0.53758973 0.12452171 0.46319172 0.53457636 -0.12393307 0.6726976 0.65997976 -0.24966721 0.53508079 0.66048473 -0.50272572 0.61159962 0.76993424 0.0198049 0.4886682 0.79329604 -0.27118537
0.75095314 0.51151723 -0.69442791 0.53670573 0.50432229 -1.01705122 0.72314638 0.608298 -0.58726329 0.45992586 0.61005485 -1.05441833 0.69339412 0.7079376 -0.72238189 0.44823155 0.72495085 -1.14550579 0.594221 0.54546267 0.12369771 0.4637301 0.54210562 -0.12275443 0.66901898 0.66243875 -0.3601388 0.52167642 0.65901101 -0.6480692 0.6138252 0.77177578 -0.05855688 0.48151872 0.79277289 -0.36862177
0.74976152 0.51724499 -0.66913193 0.543118 0.50251228 -0.99442816 0.72640753 0.61232018 -0.55940461 0.47034448 0.61301833 -1.02230895 0.7043311 0.71331131 -0.66766018 0.4476437 0.73638451 -1.08914793 0.59519571 0.54430383 0.11516997 0.46437579 0.54143029 -0.11445025 0.66037792 0.66065294 -0.31528097 0.49377978 0.65388334 -0.59755021 0.61703867 0.77735752 -0.1249506 0.47857949 0.79132092 -0.37301099
0.7488597 0.52153498 -0.70158029 0.54897183 0.50472939 -1.00358987 0.72764039 0.61138719 -0.618406 0.47297287 0.61163735 -1.0425688 0.70768648 0.71320707 -0.73326564 0.47120252 0.72870564 -1.11416078 0.59561759 0.54388237 0.11360102 0.46479404 0.54274195 -0.11285482 0.67103428 0.65559316 -0.28187796 0.49267554 0.65097517 -0.60344416 0.63355517 0.77637511 -0.04069909 0.46886086 0.79066551 -0.36858544
0.74829215 0.52670234 -0.70027679 0.54876149 0.50881201 -1.00174797 0.72744167 0.61952591 -0.62136334 0.48185158 0.61282092 -1.04119575 0.70877409 0.72259206 -0.73460424 0.45130345 0.74232501 -1.11291707 0.59485245 0.54722154 0.11269975 0.46337432 0.54606014 -0.11193807 0.6693393 0.65721434 -0.26829436 0.49534759 0.64856529 -0.57532579 0.63111693 0.77580589 -0.01282485 0.45750618 0.78055185 -0.33943796
0.74811625 0.53361255 -0.69058055 0.55013812 0.51390237 -1.02230418 0.72736073 0.619268 -0.59615278 0.46838835 0.61342996 -1.05465829 0.71122599 0.72054189 -0.70131689 0.44648996 0.74725151 -1.12615228 0.59226847 0.55396384 0.1124386 0.46337298 0.54751366 -0.11175685 0.66823167 0.65705675 -0.24260274 0.4864468 0.65201312 -0.59280992 0.62923032 0.77604139 0.02763372 0.45336342 0.77364558 -0.21892835
0.74827081 0.53252333 -0.70213372 0.5534085 0.51888549 -1.05001843 0.72793037 0.6255793 -0.61183017 0.47199237 0.62289804 -1.08441913 0.71118915 0.72322696 -0.72597617 0.44151828 0.74249035 -1.17159855 0.59300721 0.55710626 0.11231572 0.46359116 0.55040061 -0.11168788 0.6635775 0.66148746 -0.20228092 0.46579847 0.65396202 -0.61306202 0.6212104 0.77977335 0.0798872 0.45338476 0.7714054 -0.17167634
0.74821448 0.53233355 -0.7281481 0.55045211 0.52339864 -1.07455385 0.73248291 0.62446719 -0.6315943 0.47159496 0.61936718 -1.1199646 0.71491861 0.71889335 -0.75299329 0.43164775 0.71332425 -1.20929515 0.59285432 0.55920696 0.11220047 0.46262082 0.54896104 -0.11158802 0.66061157 0.65944976 -0.22618698 0.47455886 0.64723611 -0.67500359 0.61777967 0.77909619 0.02102526 0.45207107 0.77015567 -0.21593124
0.74813074 0.53459352 -0.75542086 0.54965675 0.51899981 -1.13382638 0.73391569 0.62574261 -0.65082806 0.47121426 0.61324793 -1.18238509 0.71519184 0.71694368 -0.78300279 0.42771679 0.71702045 -1.28350937 0.58823693 0.55663782 0.11349792 0.46194446 0.5484094 -0.11292001 0.65512502 0.65810615 -0.21178316 0.47450283 0.64718664 -0.64004856 0.61448854 0.77863491 0.02382543 0.4367145 0.75949126 -0.21123312
0.74785191 0.53348064 -0.75535309 0.55155325 0.51730388 -1.12076819 0.73325098 0.63063705 -0.64508927 0.47117901 0.61146641 -1.1690613 0.71454018 0.71851861 -0.7728458 0.41643178 0.69416755 -1.27699316 0.58739269 0.55596387 0.11378993 0.46193123 0.54482758 -0.11322605 0.6550315 0.65848815 -0.19364093 0.47683635 0.64599502 -0.67288566 0.6145156 0.77840328 0.02944124 0.43275654 0.7591821 -0.259718 
