0.50499064 0.51814795 -0.75498688 0.36609322 0.48556048 -0.61399585 0.54565257 0.58615458 -0.67238635 0.38088027 0.56975037 -0.37010479 0.56955272 0.66699928 -0.7327286 0.34511864 0.65656525 -0.29807255 0.48185927 0.54714578 -0.07494725 0.3931466 0.52897042 0.07543198 0.42921704 0.67527884 -0.31231636 0.35294184 0.6193589 -0.04153773 0.48041603 0.74888492 0.05902396 0.4091441 0.71585196 0.32176647
5.05788684e-01 5.13858199e-01 -7.86393940e-01 3.54833722e-01 4.95502114e-01 -6.47877336e-01 5.47615588e-01 5.91361761e-01 -6.87849462e-01 3.49248648e-01 5.81114173e-01 -3.73301923e-01 5.70416331e-01 6.67829633e-01 -7.19225943e-01 3.20398629e-01 6.66141093e-01 -3.08026940e-01 5.04728317e-01 5.45336187e-01 -8.51463601e-02 3.96648556e-01 5.37129283e-01 8.56816545e-02 4.60871279e-01 6.60861075e-01 -2.91436672e-01 3.49002540e-01 6.42899275e-01 1.95098619e-04 5.00511944e-01 7.38559425e-01 -1.67914964e-02 3.67831081e-01 7.37512827e-01 3.77759963e-01
0.51437765 0.51804078 -0.78626025 0.36843216 0.50728041 -0.62581569 0.55547684 0.59565991 -0.76951724 0.37228775 0.59328866 -0.40770572 0.57118809 0.67260808 -0.89288658 0.3684603 0.69088477 -0.37297857 0.46334299 0.56460017 -0.09084196 0.39428037 0.55213863 0.09106485 0.43083221 0.67229104 -0.23621473 0.35833418 0.64265543 -0.01892824 0.49622634 0.74332923 0.09802744 0.4122411 0.73962492 0.38885838
0.51390821 0.51666754 -0.67371035 0.344807 0.49881765 -0.54802376 0.55515999 0.59284908 -0.60221207 0.34886798 0.58521944 -0.30383989 0.56922615 0.67207968 -0.63408732 0.32658774 0.67276782 -0.26475665 0.50181705 0.55157417 -0.08642327 0.40201226 0.54456401 0.0867086 0.45312566 0.6707018 -0.27144867 0.35925183 0.64979023 -0.03766762 0.49978992 0.74319136 0.01350156 0.39697322 0.73267585 0.37171778
0.51405871 0.5131796 -0.71094191 0.34047207 0.49580553 -0.55579275 0.55481207 0.59297734 -0.6615746 0.34057862 0.57705188 -0.2753441 0.56873697 0.67546421 -0.73181468 0.31937683 0.65957946 -0.19386287 0.48549625 0.55665141 -0.08385673 0.40332928 0.54039466 0.08435004 0.45973343 0.66549379 -0.25347871 0.36891446 0.6383391 -0.05882776 0.5036273 0.73965508 0.02128701 0.40119335 0.72615057 0.32150659
0.51105803 0.50833595 -0.72327954 0.33102596 0.4915514 -0.5464443 0.55300403 0.59399951 -0.70491797 0.32754847 0.5721854 -0.29058468 0.56940049 0.67287451 -0.78673154 0.30561101 0.65277606 -0.21602845 0.48281288 0.55005944 -0.0962232 0.41013116 0.53587383 0.09674227 0.45432347 0.64881063 -0.37351051 0.38871038 0.63347447 -0.05813031 0.50155586 0.73844433 -0.17804705 0.42115477 0.72669828 0.26123127
0.5144003 0.50345993 -0.72696888 0.32865477 0.49581209 -0.55113631 0.55198604 0.59222227 -0.69332445 0.32633713 0.57387221 -0.31620005 0.56871992 0.67285007 -0.75777674 0.30735251 0.65575403 -0.28296438 0.48900303 0.54802221 -0.08695886 0.40126994 0.53515017 0.08734962 0.47363472 0.64729315 -0.44548669 0.37840226 0.63114822 -0.11364919 0.50206447 0.74168813 -0.20452456 0.39846039 0.72955126 0.18930884
0.51685935 0.50227237 -0.74875921 0.32677627 0.49007285 -0.54671401 0.5508374 0.59216923 -0.70646751 0.32405207 0.57165778 -0.30296513 0.56816715 0.67139435 -0.74858969 0.30266401 0.65492326 -0.27724969 0.5270015 0.54728872 -0.10171688 0.41841727 0.53366888 0.10212608 0.47581634 0.6470691 -0.39738172 0.38170323 0.63073385 -0.06044519 0.50215191 0.74249727 -0.15130481 0.39725909 0.7280497 0.25873417
0.51675469 0.50038892 -0.81311035 0.322245 0.48836476 -0.54778951 0.54857177 0.58982682 -0.77637351 0.32349768 0.57760257 -0.33441293 0.56776595 0.66972673 -0.81972057 0.30409828 0.65622652 -0.34876308 0.53039348 0.54584974 -0.11947814 0.41253838 0.5340693 0.11991272 0.47597876 0.64527726 -0.39198515 0.38770351 0.63862914 -0.03585559 0.50895208 0.74545139 -0.17402761 0.40166956 0.73661864 0.25877112
0.51624972 0.49900976 -0.82744044 0.31825411 0.48722404 -0.5508613 0.54811621 0.58913624 -0.78746361 0.32569024 0.57576221 -0.35979816 0.56814331 0.66875082 -0.82663834 0.30418152 0.65484154 -0.37703356 0.52672082 0.54049569 -0.1175627 0.40940383 0.53306645 0.11783468 0.47421965 0.64519048 -0.37950391 0.38890547 0.63703746 -0.04606776 0.51394695 0.74552274 -0.14643271 0.39807263 0.7391867 0.25688514
0.51302677 0.49507967 -0.85685515 0.31632832 0.48881927 -0.59377962 0.54682606 0.58748019 -0.8132959 0.32729182 0.57689649 -0.41730496 0.56825995 0.6677742 -0.87111467 0.30269194 0.65531069 -0.46366632 0.53142506 0.53558367 -0.11342569 0.40991467 0.53262126 0.11371012 0.47430125 0.64484113 -0.3320629 0.3872093 0.63843995 -0.04936459 0.51562071 0.74586201 -0.11296654 0.40083602 0.74096197 0.25169745
0.5129872 0.49394459 -0.83930069 0.3182576 0.48836008 -0.59881425 0.54553854 0.58629346 -0.80642861 0.3253994 0.57583982 -0.41376016 0.56813139 0.66739976 -0.83348233 0.30145797 0.65484214 -0.4213399 0.53528219 0.53540933 -0.10329039 0.41563299 0.53371555 0.10357584 0.46957868 0.6316902 -0.52284807 0.38907197 0.63784313 -0.05605052 0.51603681 0.74583995 -0.36014196 0.40337658 0.7422756 0.18800139
0.51321161 0.49341837 -0.86174423 0.31556311 0.48864985 -0.62157875 0.54560256 0.58180439 -0.81691164 0.32233781 0.57734364 -0.45442674 0.56985116 0.66637039 -0.8546887 0.30561414 0.65502375 -0.51048565 0.53596276 0.53475595 -0.09587335 0.41476676 0.53421909 0.09616975 0.47769758 0.62968105 -0.47951689 0.3902337 0.63661987 -0.13183483 0.51642424 0.74564201 -0.26530546 0.40034503 0.73871708 0.14110239
0.51221085 0.48775107 -0.85770273 0.31838843 0.48820522 -0.60085732 0.54440725 0.57642841 -0.80612588 0.31991729 0.57618821 -0.44124031 0.56980592 0.66404128 -0.84013605 0.30555263 0.65357435 -0.51036191 0.53469336 0.53444099 -0.10109595 0.41551131 0.53423327 0.10146666 0.47402427 0.62913698 -0.55918705 0.3847841 0.63584292 -0.15573752 0.51844776 0.74572122 -0.36614347 0.40282735 0.73950607 0.10872098
0.51042962 0.48204997 -0.88320887 0.31890365 0.48480567 -0.62400252 0.54364264 0.56891 -0.83214217 0.3195971 0.57584137 -0.49238157 0.57110977 0.65887439 -0.87544787 0.30466321 0.64702731 -0.58693486 0.53710085 0.53355175 -0.09921891 0.42234784 0.5341984 0.09957545 0.474282 0.62330371 -0.58898222 0.38503844 0.62708831 -0.22591759 0.51968163 0.74453557 -0.32144976 0.40241218 0.73800951 0.05797622
0.50950927 0.47695151 -0.86593682 0.32124308 0.48323521 -0.62340176 0.54374385 0.56386632 -0.81936389 0.32039949 0.57294232 -0.50415158 0.5712918 0.65158331 -0.86055112 0.30492565 0.6449222 -0.60164958 0.53901029 0.53363162 -0.09629478 0.42673114 0.53544515 0.09664539 0.47481763 0.61418122 -0.60783088 0.38431248 0.62513608 -0.22791059 0.52298546 0.74411756 -0.38660544 0.40322834 0.73672539 0.0444242 
0.50598884 0.47156367 -0.82496387 0.32068557 0.47755459 -0.61037445 0.54376245 0.55808175 -0.77906895 0.31980971 0.56607312 -0.48176146 0.57100856 0.64546925 -0.82455897 0.30413997 0.64168125 -0.57950318 0.53630632 0.5324229 -0.08476635 0.42806295 0.53474444 0.08497776 0.48957011 0.60802394 -0.60992068 0.38149261 0.61856574 -0.22438 0.52359349 0.74423963 -0.44604251 0.40379697 0.73646259 -0.015733 
0.50320035 0.46397066 -0.81169516 0.32109261 0.47133255 -0.58360261 0.54397643 0.55195075 -0.7690618 0.3195712 0.55720353 -0.46301538 0.56827736 0.64075381 -0.81611061 0.30409321 0.63826507 -0.54309231 0.53696823 0.52999192 -0.08474328 0.43318704 0.53346866 0.08495936 0.48841128 0.61149603 -0.53809845 0.37686005 0.6201061 -0.17737937 0.52351511 0.74433923 -0.37765923 0.40391287 0.73600757 0.03393394
0.50233424 0.46246296 -0.88672435 0.321776 0.46301395 -0.62514055 0.54400092 0.5499751 -0.86063457 0.31986794 0.55372357 -0.50925291 0.5655815 0.63769716 -0.92629158 0.30563119 0.63587391 -0.63540262 0.53973258 0.52977127 -0.08939902 0.43617716 0.53280622 0.08956276 0.49845564 0.6130296 -0.58416289 0.38784128 0.61838603 -0.11549253 0.52445275 0.74445945 -0.41352075 0.40437213 0.73567456 0.11965089
0.50255936 0.46064913 -0.89213604 0.32089639 0.456716 -0.63478708 0.54434514 0.54618001 -0.8487519 0.32123554 0.54706323 -0.49731225 0.56233037 0.63327348 -0.90549618 0.30613217 0.6291607 -0.61180347 0.5383113 0.52774924 -0.08923786 0.43744043 0.52957422 0.08943978 0.50304669 0.61462027 -0.57633787 0.38547873 0.61934221 -0.13226692 0.52470887 0.74542433 -0.40844333 0.40466052 0.73551613 0.08140713
0.4999029 0.45466059 -0.867935 0.320436 0.44664428 -0.62580228 0.54437029 0.53928882 -0.82079005 0.32213616 0.54354745 -0.48587987 0.55913031 0.62791657 -0.8713733 0.3069813 0.62603784 -0.57608342 0.53849095 0.52736735 -0.08865375 0.43937165 0.52804387 0.08874041 0.50246561 0.61746788 -0.54927605 0.39415222 0.61788368 -0.13406441 0.52502 0.74607658 -0.39386177 0.40486252 0.73556978 0.07331761
0.49966791 0.45248425 -0.86182052 0.31995797 0.44211614 -0.61121732 0.54294533 0.53870243 -0.81403309 0.32238808 0.53857815 -0.45978817 0.55868226 0.62476981 -0.86210477 0.30729419 0.62341601 -0.56963044 0.53918713 0.52599758 -0.08659025 0.44086781 0.52428102 0.08655795 0.50751728 0.61655509 -0.54606527 0.39411774 0.61029297 -0.20668808 0.52517259 0.74609876 -0.41269416 0.40496656 0.73525131 -0.02773041
0.49963158 0.45051411 -0.85482395 0.31980488 0.44005814 -0.61107141 0.5414893 0.5366078 -0.8089394 0.32292688 0.53564095 -0.46947998 0.55749828 0.62104207 -0.84494871 0.30780539 0.61956871 -0.57068741 0.5395208 0.5223316 -0.08128352 0.44079199 0.52007544 0.08114928 0.50569218 0.61916435 -0.46992451 0.39488104 0.61159641 -0.18578339 0.52619857 0.74628365 -0.3459295 0.403635 0.73519045 0.00447729
0.49939266 0.44401473 -0.8510679 0.31949753 0.4339245 -0.61696279 0.53987259 0.5303244 -0.8024804 0.32326323 0.52969098 -0.48084202 0.55646342 0.61590368 -0.83793163 0.30814809 0.61321539 -0.58344311 0.53897327 0.51957917 -0.07391065 0.43969813 0.51665002 0.0737562 0.50500804 0.61969054 -0.43909657 0.3973273 0.6125952 -0.17754479 0.52680635 0.74613577 -0.31367958 0.40312538 0.73537606 -0.00351523
0.49953315 0.44026676 -0.8656013 0.31952626 0.42967594 -0.62838739 0.53670031 0.52664649 -0.81221819 0.32347363 0.52335238 -0.48310089 0.55290842 0.61078268 -0.87235612 0.30834597 0.60566556 -0.59556699 0.5397101 0.51556784 -0.07322016 0.44017306 0.51341999 0.07312425 0.50725359 0.62003082 -0.42117688 0.39726332 0.61348134 -0.18210539 0.52748215 0.74605423 -0.29155281 0.40315062 0.73580831 -0.01942972
4.99973148e-01 4.35040921e-01 -8.69263828e-01 3.19562286e-01 4.29686159e-01 -6.31555498e-01 5.36141396e-01 5.23190677e-01 -8.17600727e-01 3.24019969e-01 5.20319343e-01 -4.90505695e-01 5.52354515e-01 6.09129965e-01 -8.76593769e-01 3.08919132e-01 6.01455033e-01 -6.00312769e-01 5.40259778e-01 5.13481557e-01 -7.36026689e-02 4.40028846e-01 5.11940479e-01 7.35242143e-02 5.06264269e-01 6.18941724e-01 -4.26988810e-01 3.97001266e-01 6.13619208e-01 -1.62276983e-01 5.27420998e-01 7.45858908e-01 -2.93231666e-01 4.03218180e-01 7.35764325e-01 -2.20787551e-04
0.50014681 0.4307546 -0.88524878 0.31962192 0.42729256 -0.65289634 0.53480667 0.5205518 -0.84125173 0.32418782 0.5169335 -0.52540827 0.55059206 0.60480732 -0.90033036 0.30907929 0.59873962 -0.64786446 0.54144818 0.51248896 -0.07368886 0.44022867 0.51113164 0.07362158 0.5056597 0.61900246 -0.42849714 0.39884457 0.61773515 -0.21319558 0.52776605 0.7454291 -0.27332911 0.403341 0.73563677 -0.02809382
0.50027168 0.42614222 -0.88029236 0.31995401 0.42247412 -0.64321381 0.53448111 0.51706916 -0.82006586 0.32431945 0.51120239 -0.50908148 0.54998732 0.59954154 -0.86052382 0.30914184 0.59325802 -0.62468302 0.54153717 0.51123893 -0.07391345 0.44028741 0.51008523 0.07387774 0.50782067 0.619021 -0.38108954 0.39887121 0.61591721 -0.19276874 0.52791452 0.7444886 -0.22148882 0.4034082 0.73480934 -0.01814473
0.50035387 0.42127147 -0.85219955 0.320981 0.42098793 -0.63989091 0.53319454 0.51334894 -0.79459202 0.32439309 0.50981331 -0.50953531 0.55006874 0.59427828 -0.83182436 0.30920288 0.59051776 -0.63063294 0.54148751 0.51080883 -0.07394882 0.44010818 0.50980192 0.07389202 0.50924629 0.61862952 -0.40768567 0.4010556 0.61750525 -0.18486676 0.52805656 0.74386442 -0.25095883 0.40339684 0.73370767 -0.00107292
0.50066882 0.41514853 -0.79845965 0.3220745 0.41827911 -0.60708886 0.53310084 0.51023233 -0.73319519 0.3244842 0.50542277 -0.49543869 0.55030006 0.58901912 -0.75771713 0.30923352 0.586712 -0.62212098 0.54092699 0.50898021 -0.0719746 0.43898275 0.50781006 0.07180116 0.509179 0.61809897 -0.370942 0.40470937 0.6174978 -0.18207063 0.52860093 0.74374032 -0.25162309 0.40342808 0.7336418 -0.02283286
0.50084144 0.41196999 -0.78905749 0.32331371 0.41444585 -0.5941807 0.53189737 0.50725001 -0.72050554 0.32456991 0.50075686 -0.47826669 0.55040425 0.58501911 -0.74543089 0.30925915 0.58163399 -0.58874166 0.538369 0.5061394 -0.07222689 0.43636411 0.50547874 0.07208389 0.50901312 0.61764431 -0.34604901 0.40412343 0.61370301 -0.14041208 0.52867991 0.74360877 -0.23557292 0.40342456 0.73374158 0.00325257
0.50173062 0.40698752 -0.77926886 0.32538852 0.4106701 -0.56962359 0.53208131 0.50405377 -0.70308119 0.32491416 0.49300849 -0.43940657 0.55102813 0.58247679 -0.72341555 0.30931225 0.57451439 -0.53447628 0.53283978 0.50536478 -0.07327138 0.43120146 0.50445205 0.07301496 0.50871027 0.61772442 -0.33682939 0.40399653 0.61368191 -0.10716322 0.52870387 0.743891 -0.24010149 0.40344924 0.73431182 0.05824956
0.50218064 0.4027932 -0.78677905 0.3279044 0.40554863 -0.56432039 0.53229976 0.50001949 -0.71873993 0.32519197 0.48792705 -0.43099105 0.55217934 0.57984626 -0.74856031 0.30943176 0.57088488 -0.51802802 0.529957 0.50396413 -0.0752001 0.42912805 0.50349396 0.07483356 0.50850773 0.61637849 -0.35633513 0.40259215 0.61349416 -0.08486027 0.52882439 0.74394053 -0.2520436 0.40287814 0.73494899 0.08049549
0.50402129 0.39567602 -0.7822364 0.32858941 0.4019016 -0.57528532 0.53364557 0.49533394 -0.71388751 0.32524815 0.48570475 -0.43656424 0.55474907 0.57609838 -0.73860836 0.30946833 0.56968784 -0.53736091 0.52612293 0.50058895 -0.07524679 0.42533737 0.50147253 0.07488257 0.50845277 0.61650264 -0.29344693 0.40234119 0.615125 0.00384658 0.52889603 0.74447334 -0.20232408 0.40266445 0.73683673 0.18706621
0.50481582 0.39099905 -0.78301388 0.32888409 0.39647314 -0.57940066 0.53370792 0.48845679 -0.70640677 0.32529938 0.48031732 -0.44077706 0.55731207 0.56591254 -0.74253237 0.30990106 0.56300789 -0.53849715 0.5212028 0.49993345 -0.076183 0.42163649 0.50057042 0.07579318 0.50837016 0.61737376 -0.29573426 0.40220761 0.61614376 -0.05649611 0.52874172 0.74552023 -0.19950308 0.40172222 0.73808378 0.12400425
0.50540483 0.38493723 -0.75959492 0.32952255 0.39309725 -0.57019252 0.53380257 0.48173067 -0.66957492 0.32578835 0.47636938 -0.42540982 0.56061739 0.55856544 -0.71358633 0.3107087 0.5577457 -0.52983665 0.51581407 0.49894279 -0.07713821 0.41653341 0.49946171 0.07674364 0.50768203 0.61695164 -0.29457635 0.40201434 0.61654735 -0.07346924 0.52797753 0.74564874 -0.19028518 0.40041399 0.73884374 0.10771646
0.50800449 0.38178065 -0.75321871 0.33079284 0.39158973 -0.52989006 0.53371888 0.47771826 -0.67456871 0.32605952 0.47550884 -0.37444913 0.56079537 0.55592376 -0.71194524 0.31189528 0.55628908 -0.4643743 0.51371026 0.50015086 -0.08150188 0.41285309 0.50013506 0.08119266 0.50762618 0.61701894 -0.34923851 0.4020097 0.61742139 -0.08314512 0.52797621 0.74549025 -0.24892908 0.40220794 0.73858929 0.11138246
0.50967413 0.37927434 -0.72576749 0.33187559 0.38593706 -0.46622205 0.53370178 0.47389266 -0.65888464 0.32621771 0.47216016 -0.31013158 0.56068689 0.55580389 -0.68267441 0.31317377 0.55269939 -0.39127776 0.51057476 0.50078207 -0.08460805 0.40778881 0.50073546 0.08431152 0.50737375 0.61789912 -0.38758603 0.40171647 0.61724436 -0.11799913 0.52837336 0.7453354 -0.2770783 0.40488434 0.73846066 0.07704236
0.51065487 0.37579766 -0.67112762 0.33492661 0.38100773 -0.38964885 0.53442651 0.46708676 -0.59878999 0.32741293 0.46605667 -0.23811218 0.56128526 0.54658985 -0.62526125 0.31370211 0.5456199 -0.34528852 0.50615954 0.50127953 -0.09389842 0.4047927 0.50110233 0.09362248 0.50439471 0.62278092 -0.30664626 0.40124223 0.6208303 -0.05584709 0.52841109 0.74527895 -0.19081376 0.40484917 0.73893929 0.13253558
0.51170087 0.37235558 -0.64468288 0.33718461 0.37882963 -0.36422464 0.53517264 0.46408385 -0.58348632 0.3278783 0.46425146 -0.2268254 0.56149673 0.54691488 -0.60975111 0.31374639 0.54456002 -0.33028564 0.50656778 0.50165635 -0.09705856 0.40505144 0.50103211 0.09676944 0.50393867 0.62536305 -0.25374919 0.4012033 0.6214186 -0.04942342 0.52807415 0.74531627 -0.11397406 0.40474799 0.73972046 0.1393522 
0.51173639 0.36715081 -0.59932935 0.33846599 0.37550342 -0.35577875 0.53700978 0.45778146 -0.54190737 0.32816434 0.46264929 -0.2234728 0.5625121 0.53822774 -0.58790511 0.31383413 0.54456484 -0.33469132 0.50352973 0.50097829 -0.09641615 0.40267065 0.5000639 0.09612625 0.50322449 0.62515527 -0.24414396 0.40117973 0.62135011 -0.04533138 0.52798545 0.74548382 -0.11662076 0.40465724 0.73967808 0.16402395
0.51187152 0.36362207 -0.55064315 0.34055832 0.37126145 -0.31499863 0.53846395 0.45503643 -0.48495489 0.32919866 0.45859006 -0.19100568 0.56267989 0.53571546 -0.5316304 0.31388432 0.53980994 -0.31021425 0.50306869 0.50054663 -0.09538995 0.40198722 0.49957016 0.09512247 0.50322455 0.62566501 -0.21674941 0.40043801 0.62098372 -0.05594133 0.52843475 0.74552286 -0.07307283 0.40535814 0.73958433 0.14543983
0.51246703 0.36262989 -0.49457633 0.34221953 0.36801493 -0.2762973 0.53945118 0.4511424 -0.43212155 0.33069912 0.45450276 -0.15119213 0.56262791 0.52914494 -0.4780013 0.31387717 0.5354026 -0.26509583 0.5031091 0.49978426 -0.08877585 0.40138659 0.49896535 0.08849157 0.50311852 0.62542516 -0.2172028 0.39941385 0.61808592 -0.11831254 0.52964795 0.74551487 -0.08805978 0.40544409 0.73950428 0.07379531
0.51370472 0.35992235 -0.42557183 0.34472397 0.36643738 -0.22710316 0.5403983 0.44813457 -0.35786155 0.33201927 0.45253503 -0.10426764 0.56250149 0.52681309 -0.40539625 0.31382167 0.53307343 -0.21210335 0.50269508 0.49936947 -0.08250631 0.400343 0.49873045 0.08217593 0.50306481 0.62510204 -0.2001148 0.39844972 0.61797678 -0.11472585 0.53033268 0.74567991 -0.07739313 0.40544751 0.73947394 0.06080387
0.51587814 0.35818371 -0.41234484 0.34637028 0.36546171 -0.23062301 0.54220557 0.44621885 -0.33290198 0.3334536 0.45091102 -0.1112863 0.56250447 0.52710146 -0.39311618 0.31378016 0.53039229 -0.22596991 0.50279623 0.49922639 -0.07658504 0.40047759 0.49880427 0.07622207 0.50347394 0.62517315 -0.16924192 0.39788112 0.61969501 -0.11172605 0.5303182 0.74563986 -0.02444284 0.40523657 0.73951995 0.06738529
0.51928467 0.35724732 -0.38458788 0.34830284 0.36494204 -0.22041307 0.54309613 0.44512182 -0.30234575 0.33478931 0.44915724 -0.106777 0.56247532 0.52659237 -0.35375112 0.31355149 0.528561 -0.20609623 0.50304657 0.49915597 -0.06926665 0.400453 0.4988845 0.06886019 0.50389016 0.62554872 -0.1535956 0.39760417 0.6215508 -0.10940573 0.5295049 0.74562603 -0.01297906 0.40470263 0.73944503 0.07461606
0.52378005 0.35709807 -0.35711172 0.35094866 0.36381492 -0.17575163 0.54390556 0.4453375 -0.28142878 0.33556411 0.44806769 -0.07043891 0.56249094 0.52663237 -0.33044302 0.31337053 0.52781469 -0.16876774 0.50336623 0.49942991 -0.0692138 0.40041813 0.49972534 0.06879693 0.50473404 0.62732518 -0.1431509 0.39754122 0.62449932 -0.05996877 0.52883035 0.74581349 0.00162615 0.40331605 0.739407 0.11294343
0.52624851 0.35658556 -0.33150187 0.35261461 0.3626644 -0.1621376 0.54513514 0.44524333 -0.25703156 0.3362695 0.44769338 -0.0552886 0.56269228 0.52491397 -0.30908033 0.31334558 0.52719176 -0.14627984 0.50350773 0.50001407 -0.06602792 0.39999461 0.500561 0.06563201 0.50494367 0.62760437 -0.13347007 0.39725733 0.6245932 -0.06654852 0.52846789 0.74580824 0.01585956 0.40301493 0.73937613 0.11077215
0.52816075 0.35647422 -0.35385835 0.35474175 0.36097354 -0.15585858 0.54626983 0.44536594 -0.27745855 0.33675891 0.44618171 -0.04558774 0.56314296 0.52506536 -0.3310366 0.31338871 0.52497756 -0.15146697 0.50355554 0.50045395 -0.06704409 0.39978784 0.50111711 0.06665822 0.5054667 0.62843949 -0.12848946 0.39778173 0.62526059 -0.02851532 0.52830857 0.74574488 0.03663847 0.40205353 0.73936278 0.15259755
0.52963668 0.35563251 -0.34148568 0.35589293 0.35984907 -0.1382387 0.54732621 0.44411248 -0.26262137 0.33741012 0.44499829 -0.02680417 0.56362432 0.52390808 -0.32197979 0.31344715 0.52384371 -0.13374344 0.50369072 0.50078899 -0.06750272 0.39984339 0.501647 0.06713285 0.50614369 0.63010693 -0.10683514 0.39866501 0.6264661 -0.00364657 0.5280053 0.74583703 0.07561672 0.40162876 0.73936594 0.19303283
0.53085876 0.35447347 -0.33923253 0.35724664 0.3587988 -0.13692187 0.54794192 0.44291756 -0.25777784 0.33835259 0.44270146 -0.02739116 0.5636161 0.52239788 -0.30832714 0.31362426 0.52220351 -0.12601839 0.50442833 0.50080669 -0.06772507 0.39996859 0.50165725 0.06735505 0.50639087 0.63020015 -0.1070291 0.39960954 0.62615579 -0.00083247 0.52735329 0.7459504 0.06711882 0.40094504 0.73930043 0.19142817
0.53090161 0.35297045 -0.32399684 0.35766253 0.35819703 -0.12226756 0.54862064 0.44073528 -0.24022056 0.33888653 0.44249073 -0.00875173 0.56361216 0.5215109 -0.30067489 0.3137528 0.5216701 -0.11385453 0.5048067 0.50081593 -0.06809948 0.40000489 0.50163615 0.06773379 0.50639582 0.63024163 -0.11324324 0.3999542 0.62594658 0.00964145 0.5262394 0.74623734 0.05678944 0.40000132 0.73927987 0.19577585
0.53090608 0.35189754 -0.32078421 0.35889953 0.35737139 -0.09698874 0.54941744 0.43958855 -0.24625349 0.33943582 0.44220123 0.01530011 0.56363571 0.52120513 -0.30074057 0.31380621 0.52056938 -0.08535209 0.50496262 0.50045848 -0.07081942 0.40005529 0.50109649 0.07047556 0.50640631 0.63042933 -0.12351014 0.40009981 0.62580144 0.01860251 0.52603453 0.74657249 0.04149342 0.39936173 0.73925221 0.19672439
0.53160608 0.35131568 -0.31716388 0.36015615 0.35692984 -0.09782661 0.54999536 0.43848243 -0.24183986 0.34048718 0.44090444 0.01965619 0.56378984 0.52078623 -0.30470681 0.31430563 0.5183996 -0.09041916 0.50536066 0.49998501 -0.07137456 0.40010065 0.50068998 0.07104693 0.50633049 0.63039809 -0.12172959 0.40020809 0.62570328 0.02548271 0.52586138 0.74666435 0.04875322 0.3990407 0.73926049 0.20413956
0.53228533 0.35074726 -0.30451283 0.36094415 0.3562015 -0.09451055 0.55054498 0.43780336 -0.23028649 0.34093246 0.44051921 0.02116018 0.56404471 0.52053946 -0.30507335 0.31438988 0.51734716 -0.09128667 0.50545555 0.49924943 -0.07074144 0.40014514 0.50002539 0.07042321 0.50632328 0.63037139 -0.11600472 0.40016216 0.62562728 0.01997958 0.5256027 0.74671876 0.05855105 0.39901811 0.73929226 0.2008457 
0.53311574 0.34986508 -0.28881359 0.36265078 0.35461739 -0.08058791 0.55110025 0.43730873 -0.21801198 0.34163722 0.43859169 0.02918711 0.56408721 0.5206973 -0.29561806 0.31465432 0.51549125 -0.0868255 0.50537497 0.49861291 -0.07073719 0.39991906 0.49932051 0.07042407 0.50627691 0.63030875 -0.11348873 0.40017056 0.62564582 0.02764171 0.52559835 0.74680734 0.06437144 0.39909962 0.73947728 0.20517246
0.53414917 0.34919435 -0.2879377 0.36483696 0.35381475 -0.07426897 0.55161262 0.43688256 -0.22003654 0.34232903 0.4371691 0.03681493 0.56412274 0.52061421 -0.29903209 0.3148714 0.51460546 -0.08274344 0.50537533 0.49823377 -0.07066492 0.39975825 0.4986895 0.07035784 0.50627381 0.63028175 -0.10915026 0.40015712 0.62560868 0.02857758 0.52615696 0.74669182 0.07541119 0.3990716 0.73969167 0.21078168
0.53563535 0.34893429 -0.2857247 0.36676267 0.35304773 -0.08241592 0.5518865 0.43635827 -0.21001573 0.34310129 0.4359192 0.0290968 0.56411397 0.52014261 -0.28818631 0.31501248 0.51325381 -0.08754245 0.50546598 0.49761593 -0.06961145 0.39977664 0.49790782 0.06930864 0.50627196 0.63014024 -0.11029544 0.40013403 0.62538582 0.02126661 0.52674747 0.7464388 0.06891303 0.39877343 0.73967046 0.20475194
0.5371902 0.34916037 -0.28262672 0.36966306 0.35318431 -0.08139438 0.55184335 0.43645242 -0.20613813 0.34408602 0.43510723 0.03164935 0.56409603 0.51967484 -0.27798083 0.31522727 0.51318848 -0.07990331 0.50549197 0.49726114 -0.06724855 0.39982685 0.49716082 0.06695303 0.50628376 0.63007158 -0.11282869 0.40012932 0.62490135 0.01700847 0.52708697 0.74642539 0.06244421 0.39879113 0.73961127 0.20235172
0.5380621 0.34862226 -0.26600146 0.37209684 0.35292134 -0.08625917 0.55200982 0.43584189 -0.18404509 0.34558886 0.43460211 0.02875322 0.56420708 0.51867783 -0.27062306 0.31573975 0.51247466 -0.08743642 0.50558811 0.49678352 -0.0601562 0.39997962 0.49641678 0.05987187 0.50635684 0.62970382 -0.11004032 0.40067053 0.6243338 0.01495424 0.52761668 0.74642909 0.06401575 0.39901093 0.73951495 0.20054667
0.53841561 0.34857661 -0.26413727 0.37403196 0.35290676 -0.07921358 0.5521093 0.43543583 -0.18482167 0.34759492 0.43413249 0.03763949 0.56432277 0.51815391 -0.2721197 0.31632954 0.51152903 -0.08100329 0.50558668 0.49634394 -0.05879989 0.4000195 0.49602729 0.05854447 0.50636113 0.62896609 -0.11207937 0.40071896 0.62419635 0.01859824 0.52779007 0.74642473 0.06171227 0.39952445 0.73949707 0.19817026
0.53959423 0.34849298 -0.2660448 0.37608483 0.35269818 -0.08115378 0.55265248 0.43554106 -0.18386345 0.34958294 0.43386269 0.03557613 0.56460249 0.51775402 -0.26968136 0.31692559 0.51004004 -0.08336896 0.50560468 0.49555346 -0.05835062 0.40010172 0.49536398 0.05811242 0.50640154 0.62888074 -0.11198993 0.40068388 0.62418956 0.02447019 0.5278762 0.74634892 0.06551503 0.40055856 0.73937261 0.20206259
0.54124671 0.34815404 -0.26592746 0.37805417 0.35257232 -0.0650112 0.55340821 0.4355458 -0.1893331 0.35189438 0.43326458 0.05309374 0.56460756 0.5177207 -0.27305952 0.31710514 0.50910395 -0.06831475 0.50565284 0.49544033 -0.05854731 0.40050101 0.49522772 0.05827918 0.50673276 0.62928367 -0.10973603 0.39991057 0.62430161 0.0301624 0.52841443 0.74600118 0.07493436 0.40056181 0.73919511 0.21061218
0.54336405 0.34825113 -0.26203477 0.37935376 0.35269144 -0.06967147 0.55425775 0.43532011 -0.1798653 0.35297006 0.43359116 0.04644925 0.56463778 0.517286 -0.25707346 0.317307 0.50871557 -0.07395786 0.50566614 0.4948152 -0.05791541 0.40055481 0.49466771 0.05765312 0.50705153 0.6292215 -0.10640426 0.39977312 0.62426597 0.02808363 0.52868444 0.74574959 0.0738371 0.4007625 0.73880792 0.20939192
0.54658711 0.34832495 -0.23475111 0.3818517 0.35304871 -0.05719308 0.55543369 0.4341217 -0.16135243 0.35422409 0.43374318 0.05221418 0.56456625 0.51560009 -0.2398711 0.31796089 0.50744194 -0.06233798 0.50608861 0.49485189 -0.05831829 0.4010146 0.49466684 0.0580594 0.50713694 0.62910098 -0.10637989 0.39965197 0.62426162 0.02638546 0.52951378 0.7453326 0.0731753 0.40149707 0.73880446 0.20840754
0.54995948 0.34836346 -0.17981765 0.38505459 0.35326317 -0.00268256 0.55680984 0.43340951 -0.12441479 0.35633817 0.43378446 0.09423376 0.56430262 0.51377374 -0.20722024 0.31890094 0.50597233 -0.0170076 0.50648177 0.49441049 -0.05966769 0.40156919 0.49421468 0.05946231 0.5071283 0.62907261 -0.1214598 0.39960063 0.6237148 0.02019598 0.53012609 0.74519032 0.04801898 0.40182379 0.73880136 0.18867216
0.55361456 0.34864908 -0.17873833 0.38768959 0.35366029 -0.00708181 0.55768651 0.43346849 -0.12060971 0.35818365 0.43389645 0.08843884 0.56430632 0.51288348 -0.19794117 0.31959161 0.5053066 -0.02136184 0.50650913 0.49444464 -0.0597071 0.4016571 0.49419394 0.05950425 0.50723708 0.62909418 -0.12519601 0.39938492 0.62363058 0.01693958 0.53014201 0.74513209 0.04159616 0.40230942 0.73881036 0.17855576
0.55459797 0.34867224 -0.17152908 0.39100105 0.35434204 0.02897407 0.55993152 0.43327269 -0.12442545 0.35957998 0.43397442 0.12714115 0.56466073 0.5118596 -0.20986202 0.32053185 0.50469863 0.01132247 0.50653768 0.49436936 -0.06589101 0.40190497 0.49403477 0.06570367 0.50718874 0.62869537 -0.13129561 0.39894676 0.62364072 0.01586813 0.53011221 0.74511361 0.03580695 0.40230685 0.73849803 0.1790628 
0.55596179 0.34901956 -0.10938907 0.39295456 0.35624704 0.09384394 0.5617612 0.43322185 -0.08551484 0.36092582 0.43437803 0.17246674 0.56540924 0.51175946 -0.17723458 0.32152426 0.50418115 0.05308126 0.50654429 0.49533507 -0.07000239 0.40190506 0.4948633 0.06984641 0.50706989 0.62872368 -0.13507642 0.39894024 0.62369823 0.00807383 0.52986205 0.74507934 0.03136672 0.4025203 0.73848814 0.17131329
0.55895954 0.35028869 -0.16211405 0.3969653 0.35799167 0.04196355 0.56324023 0.43325016 -0.11006158 0.36380348 0.43442681 0.14721432 0.56663692 0.51139265 -0.21600454 0.32267663 0.50292307 0.0191013 0.50652361 0.49531803 -0.07286784 0.40221649 0.49485049 0.07271579 0.50701493 0.62840348 -0.13614225 0.39933109 0.62369502 0.01493993 0.52974743 0.74496019 0.03432414 0.40250731 0.73854119 0.17811857
0.56116933 0.35196409 -0.15514223 0.40004247 0.36048281 0.08479829 0.56587553 0.43362236 -0.12430352 0.3646763 0.43474075 0.19835573 0.56799221 0.51143801 -0.24742955 0.3228398 0.5017882 0.04880336 0.50652367 0.49531642 -0.07744505 0.40247279 0.49484414 0.0773533 0.50729823 0.62770188 -0.14869976 0.40017727 0.62362117 0.01611151 0.53002983 0.74493432 0.02582006 0.40229061 0.73870593 0.17890444
0.56201273 0.35353106 -0.13967018 0.40257269 0.3624028 0.09722646 0.56817901 0.43364611 -0.1197107 0.36526838 0.43553457 0.20994054 0.56955034 0.51133198 -0.24864456 0.32316723 0.50139296 0.06270634 0.50699526 0.49553633 -0.07666158 0.40263587 0.49498522 0.07656165 0.50888425 0.6277805 -0.14281856 0.40167886 0.62372965 0.01939197 0.5298506 0.744923 0.04422143 0.40134421 0.73863578 0.18722098
0.56408495 0.35586482 -0.1478399 0.40381014 0.36406031 0.0817704 0.57033724 0.43408358 -0.11558948 0.36535719 0.43711016 0.19877371 0.57078069 0.5104124 -0.24502835 0.32326663 0.50152898 0.04969891 0.50756538 0.49548057 -0.07615174 0.40280578 0.49498466 0.07605691 0.51023144 0.62759185 -0.14084987 0.40248737 0.62374812 0.02212194 0.5287742 0.74495435 0.04566297 0.40132242 0.73864394 0.19441922
0.56503022 0.35733134 -0.11071619 0.40545881 0.36550418 0.13847429 0.57251531 0.43470404 -0.07652686 0.36584502 0.43869248 0.25177437 0.57184434 0.51040518 -0.17687672 0.32332122 0.50166267 0.11145746 0.50822902 0.49548295 -0.07979774 0.4033668 0.49505469 0.07977567 0.51088661 0.62759727 -0.14575385 0.40343395 0.62362128 0.02681077 0.52858347 0.74495834 0.04176882 0.4010697 0.73862588 0.19679266
0.5661599 0.35921961 -0.0931358 0.40653366 0.36704007 0.15359324 0.57331097 0.43580952 -0.05923657 0.36595511 0.43966568 0.2640709 0.57227695 0.51043874 -0.14847928 0.32311675 0.50182402 0.12677518 0.50852358 0.49506724 -0.08005447 0.40349206 0.49416211 0.08007251 0.511334 0.62749493 -0.16258009 0.40432212 0.62331486 0.021576 0.52859455 0.74544615 0.01256744 0.40061858 0.73922163 0.17658967
0.56817091 0.36104316 -0.08804164 0.40766054 0.36850822 0.13658994 0.57462817 0.43739203 -0.04521539 0.36680633 0.44139686 0.24166653 0.57371306 0.51108819 -0.1290857 0.32315654 0.50195152 0.10265591 0.50927103 0.4947519 -0.07980918 0.40377736 0.49383014 0.07983064 0.51164114 0.62723327 -0.16788383 0.40536892 0.62293154 0.01994365 0.5282954 0.74581468 -0.00226231 0.40051728 0.73967803 0.16589752
0.56831115 0.36175016 -0.09149489 0.40799019 0.36945149 0.12609155 0.57645416 0.43762928 -0.03706051 0.36799923 0.44263658 0.23196207 0.57427758 0.51110166 -0.10927061 0.32348171 0.50205594 0.0962503 0.51033002 0.49461004 -0.07847443 0.40410098 0.49368897 0.07852239 0.51208591 0.62724221 -0.16227837 0.405509 0.62255222 0.01938688 0.52752459 0.74584234 0.00663455 0.40081397 0.73998666 0.16591932
0.56780708 0.36169663 -0.0449669 0.40788555 0.3699303 0.18583106 0.57708824 0.43760505 -0.00481013 0.36812681 0.4430927 0.28114316 0.5743531 0.51116365 -0.0777937 0.32354364 0.50213021 0.1402818 0.51052999 0.49431911 -0.07831117 0.40414733 0.49353978 0.07834911 0.51244438 0.62724274 -0.16853319 0.40560788 0.62238133 0.01728595 0.52708459 0.7461707 -0.01394048 0.40097639 0.74025553 0.15298888
0.56774181 0.36180443 -0.05783956 0.40780178 0.37003672 0.17922902 0.57691669 0.43794453 -0.01541557 0.36799303 0.44393957 0.28060266 0.57433188 0.51156682 -0.08178302 0.32354051 0.50276619 0.14740095 0.51035893 0.49445489 -0.07815026 0.40409952 0.49385709 0.07818066 0.51258373 0.62725759 -0.16935252 0.40569687 0.62238252 0.01557006 0.52690536 0.74652332 -0.01678737 0.40107268 0.74039656 0.14780304
0.56697941 0.36160359 -0.07089943 0.40747827 0.36982569 0.16350958 0.57659709 0.43811038 -0.02575456 0.36793324 0.44430429 0.26696518 0.57430464 0.51200789 -0.09280246 0.32353753 0.50322711 0.13504769 0.51021105 0.49458885 -0.07807914 0.40409464 0.49427274 0.07810087 0.51261204 0.62725872 -0.16672 0.40586823 0.62236542 0.01559136 0.52682048 0.74678874 -0.01261128 0.40114722 0.74045217 0.1491265 
0.56463796 0.36112911 -0.0680725 0.40757832 0.36967674 0.19328962 0.57639134 0.43805256 -0.02885195 0.36762273 0.44415945 0.29647604 0.57427078 0.51230931 -0.09114359 0.32355496 0.50324655 0.16679195 0.50953412 0.49453446 -0.08246507 0.40405241 0.49429929 0.08248217 0.51261955 0.6272527 -0.17591767 0.40595147 0.62233251 0.01896581 0.52679455 0.74703509 -0.03251987 0.40129969 0.74054092 0.14879617
0.56212723 0.35992199 -0.07466415 0.40745431 0.36890537 0.20560923 0.57602292 0.43800682 -0.03313622 0.36702114 0.44405192 0.30309772 0.57424307 0.51265752 -0.09884628 0.32356232 0.50325501 0.17538722 0.50863552 0.49450761 -0.08952086 0.4038496 0.49430877 0.08948882 0.51261449 0.62722373 -0.18071821 0.40599006 0.62225217 0.02846969 0.52678156 0.74721646 -0.04261711 0.40132499 0.74054807 0.15160385
0.56047821 0.35732895 -0.07387111 0.40642017 0.36668503 0.23254977 0.57536799 0.4378514 -0.05484484 0.36574265 0.44391677 0.32700124 0.57421988 0.51301563 -0.11952285 0.3234067 0.50327903 0.19827963 0.50802052 0.49442428 -0.09544718 0.40349123 0.4943119 0.09537024 0.51259696 0.62718546 -0.18720932 0.40598512 0.62208968 0.03299125 0.52677196 0.74733073 -0.05611089 0.40134251 0.74053884 0.15237868
0.56013399 0.35494891 -0.12143733 0.40356272 0.36392301 0.20310007 0.57507014 0.43771949 -0.10642631 0.36324337 0.44190946 0.31629795 0.57420421 0.51331341 -0.17966749 0.32293156 0.50314194 0.18080588 0.5079183 0.49416262 -0.09349716 0.40310219 0.49403799 0.09342638 0.51255614 0.62711751 -0.18595302 0.40598065 0.6218673 0.03270492 0.52673459 0.74733257 -0.04597219 0.40140778 0.74053389 0.15454669
0.55894232 0.35284567 -0.16709524 0.39722383 0.36096302 0.11308226 0.57420212 0.43770677 -0.14001651 0.36064667 0.44118989 0.22229503 0.57407165 0.51354206 -0.2111342 0.32208827 0.50321823 0.09746265 0.50788361 0.49460056 -0.09338026 0.4026126 0.49449423 0.093329 0.51255071 0.62712234 -0.15822725 0.40608248 0.62180203 0.04136591 0.52661574 0.74735951 0.00503692 0.40146247 0.74055481 0.1772548 
0.55536854 0.35039493 -0.24548648 0.39110395 0.35757998 0.02642106 0.56984776 0.43712431 -0.19328611 0.35624593 0.44012558 0.14554337 0.57305664 0.51376414 -0.24302579 0.31957331 0.50363761 0.03347915 0.5078088 0.49492866 -0.09234335 0.401721 0.49478379 0.09219178 0.5125457 0.62711984 -0.1398841 0.40627939 0.62177056 0.05453804 0.52648872 0.74708039 0.03580648 0.40134132 0.74014556 0.19970651
0.55134314 0.34917846 -0.25375423 0.38208324 0.35617954 0.01751284 0.5641343 0.4364242 -0.19751008 0.35190868 0.43994707 0.13798891 0.57081342 0.5141896 -0.24433571 0.31793213 0.50494069 0.02281959 0.50757545 0.49546507 -0.09217084 0.40124309 0.49572608 0.09201466 0.51254112 0.62717843 -0.13195112 0.40718079 0.62176675 0.0700314 0.52675307 0.74677783 0.05499762 0.4010745 0.74013537 0.22821112
0.54705948 0.34753752 -0.24925818 0.37386349 0.35426798 0.03107391 0.56023544 0.43560454 -0.1960572 0.34837884 0.43851289 0.1422905 0.56921476 0.5144676 -0.23243789 0.31628782 0.50709391 0.03064213 0.50747645 0.49589151 -0.0930389 0.40081891 0.49617529 0.09286099 0.51248729 0.62719101 -0.12745874 0.40720966 0.62181646 0.07753308 0.52682495 0.74666405 0.0607438 0.40110511 0.73989493 0.2365779 
0.54219681 0.34636432 -0.34459326 0.36660561 0.3536571 -0.05273017 0.5561316 0.43511164 -0.27950338 0.34341523 0.4376272 0.08442794 0.56827116 0.51465529 -0.33678436 0.31512979 0.50861114 -0.0378817 0.50752306 0.49599537 -0.09161328 0.40064919 0.4964405 0.09138597 0.51246804 0.62715852 -0.12554656 0.40609938 0.62190348 0.08264426 0.5272246 0.74596614 0.12146043 0.400962 0.73937541 0.27911773
0.53581274 0.34671098 -0.33421916 0.35918221 0.35313433 -0.0457108 0.55283087 0.43536663 -0.27018213 0.33919439 0.43758255 0.0768726 0.56759191 0.51717049 -0.28422573 0.31470495 0.51154053 -0.01618272 0.50484741 0.49599132 -0.09054225 0.3987667 0.49643534 0.09023395 0.512371 0.62688154 -0.12959954 0.40514961 0.6219151 0.07539269 0.52782202 0.745763 0.10496729 0.40105739 0.73937243 0.26881278
0.5282439 0.34660619 -0.31696457 0.35174376 0.35268009 -0.0139746 0.55140167 0.4349682 -0.26693344 0.3348518 0.436923 0.10406354 0.56654292 0.51747501 -0.28632018 0.3142969 0.51370329 0.00796057 0.50351024 0.49598667 -0.09045961 0.39782274 0.49644718 0.09011657 0.51222169 0.62683463 -0.13218455 0.40363979 0.6214503 0.05984547 0.52821821 0.74564099 0.0588849 0.40117455 0.73913598 0.21666101
0.52188557 0.34678951 -0.41736418 0.34566998 0.35276762 -0.07474933 0.54765636 0.43583059 -0.37751693 0.32980582 0.43714368 0.05178151 0.56617677 0.5206362 -0.38988817 0.31436539 0.51806635 -0.03390888 0.5026179 0.496528 -0.09690192 0.39770856 0.49743161 0.09660775 0.51134968 0.62637287 -0.15468206 0.40197134 0.62132412 0.06426408 0.52975243 0.74466413 0.0023108 0.40152335 0.73901683 0.21297483
0.50997102 0.34778363 -0.44081971 0.33640552 0.35324568 -0.13657178 0.54500395 0.4384889 -0.3919704 0.3256278 0.44166711 -0.01899335 0.56579262 0.52399772 -0.38926488 0.31439194 0.52432144 -0.08949256 0.50273985 0.49739531 -0.09632615 0.39825603 0.49993345 0.09608878 0.51132804 0.62605286 -0.16155438 0.40111119 0.62155896 0.03220776 0.52982068 0.74475342 -0.01655445 0.40117678 0.73894918 0.17460074
0.50388271 0.35239631 -0.41526321 0.33042282 0.36085531 -0.13528611 0.54373276 0.44425765 -0.35998708 0.32161909 0.44928116 -0.00990883 0.56588477 0.52804846 -0.34749576 0.31429124 0.53168541 -0.05963716 0.50507885 0.50142127 -0.09519216 0.40041989 0.50475216 0.09483438 0.51089513 0.62606835 -0.15938663 0.40117267 0.62164778 -0.00354366 0.52862656 0.7450856 -0.02770505 0.40076974 0.73891562 0.13251184
0.49766874 0.36113521 -0.4211902 0.32524151 0.36716667 -0.15707712 0.54147959 0.45030719 -0.3553355 0.31794259 0.45407346 -0.02032543 0.56590521 0.53220874 -0.33763897 0.3139866 0.53619307 -0.05227012 0.50829399 0.50198066 -0.09074972 0.40445369 0.50482291 0.09025649 0.51079577 0.62506264 -0.15806477 0.40071082 0.62165034 -0.0127257 0.52791137 0.74511462 -0.04928818 0.40116996 0.73891509 0.10230865
0.49532893 0.37059629 -0.43001205 0.31677061 0.37510806 -0.18286973 0.53706229 0.46181887 -0.35512879 0.3132292 0.46242607 -0.04186271 0.56378484 0.54158455 -0.32847288 0.31120378 0.54477692 -0.05647489 0.50931603 0.50182313 -0.08537609 0.4051792 0.50466168 0.08488914 0.51079488 0.62455487 -0.15547729 0.40072533 0.62175554 -0.01893871 0.52879369 0.74508512 -0.05398155 0.40275168 0.7389791 0.08960342
0.4919402 0.38180831 -0.48527148 0.31141356 0.38639894 -0.23051925 0.53577703 0.47396401 -0.42099315 0.3086904 0.47359046 -0.08991814 0.56189644 0.5485934 -0.39596111 0.30884326 0.55661565 -0.09633073 0.50937843 0.50398064 -0.08583783 0.40558895 0.50563079 0.0853434 0.50893915 0.62275785 -0.17374744 0.39832568 0.61948955 -0.02130355 0.52982819 0.74483627 -0.09458425 0.40403292 0.73765796 0.08586786
0.4866254 0.39919668 -0.65611923 0.30600169 0.39905339 -0.41431728 0.53504431 0.49058324 -0.58517224 0.30791494 0.48497662 -0.26034901 0.56191003 0.56856215 -0.55286723 0.30683762 0.56595719 -0.27745765 0.50815803 0.50362474 -0.08548568 0.40569156 0.50551784 0.0850035 0.5080266 0.62060916 -0.24960873 0.39839846 0.61909503 -0.03336939 0.52961302 0.74448383 -0.18052889 0.40471357 0.7371437 0.08954462
0.48080641 0.41249296 -0.74301171 0.30412143 0.41251278 -0.48271123 0.52802265 0.50033492 -0.67226774 0.30525932 0.49784559 -0.32590508 0.55434883 0.57679439 -0.66623724 0.30538347 0.57615572 -0.38570553 0.51189435 0.51014054 -0.08741564 0.40894091 0.51079756 0.08708846 0.50624108 0.61959881 -0.37087199 0.39882851 0.61833948 -0.04609314 0.52960688 0.74434948 -0.25090122 0.40428552 0.73715675 0.09750296
0.47848025 0.43039635 -0.74587196 0.30215982 0.4258261 -0.47474369 0.52844596 0.51826006 -0.69482243 0.30456102 0.50915611 -0.32133639 0.5539006 0.59802288 -0.69695032 0.30330077 0.58281589 -0.37722951 0.51777172 0.51533139 -0.08176485 0.41665405 0.51605022 0.0815558 0.5062564 0.6197471 -0.37193131 0.39960763 0.61362088 -0.11547335 0.52880639 0.7434209 -0.26484752 0.40410376 0.73699927 0.03067186
0.47515416 0.44622946 -0.82652885 0.29856572 0.4441838 -0.54763573 0.5294652 0.53005302 -0.77132863 0.29885891 0.52824271 -0.38154075 0.55092949 0.61323971 -0.81679499 0.30345133 0.6019125 -0.47345284 0.5218572 0.51918346 -0.08663324 0.42031986 0.51818734 0.08679167 0.50497317 0.61980563 -0.36152864 0.39801633 0.61420697 0.01805355 0.52822411 0.74620497 -0.27210072 0.40409014 0.73659062 0.25789961
0.47841662 0.46509501 -0.83027488 0.29799008 0.45725 -0.57764226 0.52959913 0.54249656 -0.77400136 0.29636699 0.5432359 -0.42440718 0.55091351 0.62834007 -0.7947588 0.30049357 0.6191256 -0.51326495 0.52363116 0.52285689 -0.08643775 0.42394921 0.5264141 0.08664545 0.50564092 0.6298942 -0.32637221 0.39810216 0.62457716 0.00810154 0.52819371 0.74652427 -0.20851557 0.40445638 0.73758572 0.22043467
0.47731346 0.47658402 -0.81556183 0.29297608 0.47741079 -0.59650058 0.52958483 0.55777842 -0.80061549 0.29480261 0.56446779 -0.48939711 0.55011523 0.64254493 -0.84295642 0.29882413 0.64266467 -0.59248471 0.52478403 0.52202499 -0.07542107 0.42311615 0.52857608 0.07576409 0.50725359 0.6318205 -0.3269012 0.39851236 0.6305781 -0.12636496 0.52631837 0.7465173 -0.15527339 0.40483537 0.73793954 0.08186952
0.47894824 0.48807052 -0.95729768 0.28833297 0.49572453 -0.68945307 0.52883047 0.57661265 -0.99349284 0.29331496 0.58154589 -0.63358724 0.55018651 0.66937023 -1.07214832 0.2973119 0.66263938 -0.78860962 0.52414542 0.525585 -0.08478258 0.42273772 0.5293507 0.08535156 0.50568277 0.63081968 -0.39541164 0.39282677 0.62890822 -0.1257384 0.52526116 0.74651468 -0.15281589 0.40383133 0.73650068 0.16438796
0.47978696 0.50228721 -0.94390815 0.29218996 0.5174135 -0.73028225 0.52923816 0.58914149 -0.99987298 0.29180399 0.60523009 -0.74031872 0.54582918 0.68291736 -1.07594955 0.29707429 0.68796086 -0.88139647 0.52659166 0.53392732 -0.06736691 0.42283967 0.54364014 0.06781416 0.50569612 0.62975413 -0.53758192 0.38120547 0.62828481 -0.31235436 0.53369588 0.72821331 -0.20055841 0.40439034 0.73414254 -0.01215872
0.47627428 0.51080239 -0.97183442 0.28986624 0.51723033 -0.72173095 0.53221887 0.58550107 -1.01774693 0.28187457 0.59332198 -0.67959231 0.54120654 0.67568702 -1.08755004 0.29294303 0.67121822 -0.81019038 0.52018458 0.55264121 -0.06755048 0.41098034 0.56203938 0.06856462 0.50568551 0.63125306 -0.61730701 0.34627426 0.62834704 -0.36574718 0.53141296 0.72957867 -0.31803495 0.40087095 0.73110986 -0.06796889
0.47461259 0.51295114 -0.91856235 0.28665411 0.52918124 -0.65079361 0.54195875 0.57692569 -0.9320696 0.26603517 0.59253138 -0.58961374 0.54177696 0.66509992 -0.97620273 0.28789321 0.66091722 -0.72011405 0.51669651 0.55677682 -0.07675443 0.40690196 0.56637257 0.07793265 0.50609124 0.63190269 -0.66309547 0.35126469 0.62861264 -0.38774312 0.52828974 0.7372942 -0.40356842 0.40013388 0.73011786 -0.13194865
0.48208317 0.51305735 -0.88431245 0.28729755 0.53141063 -0.61443812 0.55992264 0.57134265 -0.90082186 0.27000952 0.58783543 -0.46372768 0.54284096 0.65807569 -0.94235599 0.28922498 0.65193927 -0.45388815 0.52832317 0.55509049 -0.09586869 0.41748196 0.56480628 0.0968509 0.50068939 0.6338855 -0.64979458 0.3427678 0.625543 -0.33769554 0.52215093 0.74328673 -0.42236137 0.39495823 0.73038155 -0.13865355
0.4883987 0.51736093 -0.84739596 0.28830025 0.54467684 -0.54135019 0.5636366 0.56722838 -0.82114208 0.27362061 0.59653264 -0.3259882 0.54368937 0.65426195 -0.80601448 0.29804823 0.6554985 -0.26488936 0.53434896 0.55408782 -0.09948303 0.42255417 0.5663017 0.10043813 0.50084352 0.62730038 -0.61705422 0.35216498 0.62629688 -0.27535164 0.51892424 0.74491119 -0.42977953 0.39419308 0.73062545 -0.14980626
0.48564741 0.51052684 -0.81728065 0.28104809 0.54712778 -0.54298139 0.56044263 0.56531906 -0.82466298 0.27659339 0.6127069 -0.56509727 0.54418188 0.65560138 -0.84313804 0.30202505 0.65014839 -0.79627663 0.53418797 0.5569815 -0.09785356 0.42126727 0.56796098 0.09887685 0.50083423 0.62884235 -0.55442911 0.35517454 0.63033974 -0.15999578 0.51761895 0.74502742 -0.34608254 0.39263004 0.73129523 -0.07511383
0.47243586 0.50331038 -0.81535673 0.28889892 0.54435551 -0.53726143 0.55770504 0.56591266 -0.83361924 0.28403151 0.60869777 -0.52430904 0.54449278 0.66116184 -0.8913154 0.304241 0.64773464 -0.69888759 0.53243953 0.56170779 -0.0973653 0.42089361 0.57036799 0.09830026 0.49716011 0.62874526 -0.60628068 0.34232676 0.61869651 -0.18123917 0.5133425 0.74407977 -0.37506434 0.38307431 0.72011721 -0.04880468
0.47386596 0.50020856 -0.86007935 0.30356669 0.54279107 -0.58518964 0.5567655 0.5724982 -0.91607255 0.29293269 0.62534684 -0.65605438 0.54671621 0.66751397 -0.99359471 0.29327181 0.63140696 -0.87969261 0.53291184 0.55819732 -0.09338019 0.42276898 0.56962764 0.09403332 0.49109027 0.62146187 -0.65913087 0.34639707 0.61980945 -0.28290462 0.51415437 0.74026287 -0.37832889 0.38503355 0.72270375 -0.08027187
0.47510743 0.50208253 -0.85364592 0.29635936 0.53764915 -0.60347986 0.55497813 0.58173966 -0.90249687 0.29029524 0.61289799 -0.5825839 0.54823142 0.67962605 -0.9633832 0.29425278 0.6724562 -0.72004074 0.53287053 0.55557823 -0.08433174 0.42258564 0.56601304 0.08488671 0.48766807 0.61598885 -0.5982452 0.35549894 0.62274671 -0.33165967 0.53754503 0.7255258 -0.35767692 0.4123283 0.72398227 -0.13155426
0.47558898 0.50500327 -0.8487643 0.29143944 0.54073489 -0.60853469 0.54938418 0.59455472 -0.89519966 0.29400587 0.61806601 -0.60751134 0.54864383 0.69280463 -0.96482396 0.29192096 0.66666675 -0.78521991 0.53130859 0.55532825 -0.0696003 0.41994125 0.56410629 0.07006179 0.47948658 0.61376584 -0.51026183 0.35438833 0.62058967 -0.2908119 0.53854585 0.71869653 -0.2066047 0.40929961 0.71825618 -0.02225747
0.47580335 0.50860918 -0.85622847 0.28976998 0.53584796 -0.59820706 0.54619759 0.58800018 -0.90226185 0.28646332 0.61392391 -0.57534152 0.54866409 0.68631995 -0.97134125 0.29255977 0.67024553 -0.71519399 0.5334692 0.56025261 -0.07054586 0.42286739 0.56483352 0.07101318 0.48004788 0.61361784 -0.70198941 0.33162782 0.61569017 -0.30658013 0.53678656 0.72449952 -0.42786363 0.39886156 0.71639454 -0.03654543
0.47603688 0.50976187 -0.87757748 0.29270965 0.54571354 -0.60290629 0.54939997 0.5845499 -0.91368443 0.27810267 0.61464304 -0.52032107 0.55213553 0.68037498 -0.97618997 0.30003753 0.67658341 -0.59267586 0.53300065 0.57181948 -0.07514529 0.41712865 0.57182753 0.07564496 0.47958833 0.61958355 -0.69312489 0.33710486 0.61730975 -0.29479811 0.53138244 0.72584367 -0.37610015 0.39253908 0.71791238 0.02328832
0.47878668 0.50936633 -0.91902131 0.29219446 0.54185426 -0.64792335 0.55616671 0.58248085 -0.97570246 0.28152576 0.61794132 -0.60995704 0.55470389 0.67727649 -1.06719089 0.30086368 0.67850679 -0.74439389 0.53267622 0.56836438 -0.08765753 0.42025098 0.58339989 0.08815759 0.48922867 0.63140762 -0.70772964 0.33811828 0.62448066 -0.2736339 0.52830851 0.72849119 -0.39681226 0.39498892 0.71663886 0.07469318
0.48205742 0.51033825 -0.92839885 0.29134667 0.54034746 -0.6605863 0.55499899 0.58643109 -0.98960155 0.28471628 0.61572003 -0.6325326 0.55560029 0.68095803 -1.08938646 0.304923 0.68060952 -0.77746201 0.53251487 0.56557363 -0.08932558 0.42027232 0.57761288 0.08985628 0.48821762 0.62970024 -0.76247221 0.33473861 0.62348276 -0.31227383 0.52784848 0.72855639 -0.46930119 0.39213032 0.71656293 0.041676 
0.48388588 0.50993079 -0.95317203 0.29165891 0.54000455 -0.68854386 0.55216599 0.58988303 -1.014112 0.27984253 0.61404616 -0.65439332 0.55722004 0.68586767 -1.10120785 0.30770248 0.67998564 -0.77745795 0.53313327 0.56090564 -0.08904596 0.42256784 0.57443458 0.08956312 0.48825148 0.62122744 -0.760584 0.33174086 0.61894804 -0.32547107 0.52874416 0.72855377 -0.4652774 0.39155188 0.7143954 0.01198899
0.48550358 0.50979459 -0.94347882 0.29438633 0.53951937 -0.68997931 0.54798752 0.59155214 -1.00600672 0.27996317 0.61426038 -0.67089617 0.55741245 0.68703026 -1.09008825 0.30742943 0.68372226 -0.79693532 0.53374594 0.5572288 -0.08883277 0.42683959 0.56483608 0.08934925 0.48829442 0.61722213 -0.71594059 0.33413103 0.618774 -0.3559159 0.53257489 0.72235453 -0.42698187 0.3948915 0.71535748 -0.05569687
0.48581776 0.50988853 -0.92520845 0.29452059 0.53948683 -0.66414416 0.54797369 0.58955538 -0.97792101 0.28056434 0.61505413 -0.63719499 0.55808502 0.68565655 -1.05312657 0.30581602 0.68234509 -0.77489412 0.53405911 0.55809468 -0.08908274 0.42649004 0.56553078 0.08955446 0.4815498 0.6171844 -0.69792378 0.33825052 0.61890155 -0.34914532 0.5299176 0.72297162 -0.42086601 0.39662203 0.71726012 -0.0860279 
0.48592281 0.51100075 -0.8761639 0.29430622 0.54018062 -0.61018485 0.54816788 0.58971512 -0.92278564 0.28087151 0.61714274 -0.57560498 0.56054187 0.68498921 -0.97718209 0.30559 0.6809094 -0.70426339 0.53395951 0.56304419 -0.08901572 0.42628321 0.57397252 0.08946514 0.48091263 0.61764371 -0.67952323 0.33947197 0.6189388 -0.33135897 0.52807027 0.72344053 -0.39863056 0.3966468 0.71721148 -0.0675372 
0.48659271 0.51117527 -0.86693949 0.31072241 0.54568744 -0.57474548 0.54995966 0.59055454 -0.9155401 0.29913911 0.6193049 -0.54831249 0.56286991 0.6846807 -0.98640859 0.30510801 0.6663726 -0.70369977 0.53376389 0.56325793 -0.09024724 0.42809695 0.57740617 0.09067079 0.48143023 0.62012643 -0.68605518 0.33986977 0.61899769 -0.30075341 0.52743834 0.72954565 -0.41301915 0.3964074 0.71740073 -0.06015147
0.48789951 0.51107264 -0.8967765 0.31808284 0.54838634 -0.5929693 0.55205089 0.59069699 -0.96350902 0.30931389 0.62293619 -0.59653264 0.56468821 0.68485457 -1.04872131 0.3056376 0.66089761 -0.78772229 0.53450722 0.56362605 -0.09410466 0.43306869 0.57802546 0.09451184 0.48150736 0.62015986 -0.70721471 0.34004271 0.61884266 -0.2322669 0.52578086 0.73430437 -0.4083187 0.39186546 0.71649742 0.06595527
0.48783863 0.51113063 -0.90412003 0.31650931 0.54918021 -0.59779894 0.55388147 0.59013349 -0.96304047 0.31559289 0.62198734 -0.57651919 0.56466848 0.68479365 -1.04567242 0.32904464 0.66256225 -0.70678025 0.53467506 0.56296074 -0.09498498 0.43212748 0.57659149 0.09543408 0.48162052 0.62161463 -0.74719322 0.33693105 0.61894411 -0.25193045 0.52560115 0.73524433 -0.43659383 0.38766566 0.71665704 0.02676224
