0.69536513 0.4553484 0.24135965 0.63865995 0.44722736 -0.41935575 0.6242547 0.54634356 0.29268613 0.56556076 0.55188096 -0.37372816 0.5970881 0.62463027 0.17960371 0.53102064 0.63718468 -0.16498217 0.39276829 0.4776569 0.20396426 0.33716172 0.47760215 -0.2040863 0.60791254 0.55845702 0.26643375 0.58857405 0.56002933 -0.17692626 0.58487344 0.64782238 0.43256712 0.58268517 0.64247447 0.14845821
0.69992822 0.44431627 0.19870508 0.6458928 0.4455573 -0.42545721 0.63416594 0.54426879 0.25513637 0.57809985 0.55142516 -0.38766211 0.6090765 0.62242407 0.16850466 0.53742677 0.64062423 -0.16905685 0.40046576 0.47761256 0.19186033 0.34519023 0.4785684 -0.1918983 0.61355633 0.5627948 0.27119541 0.59330779 0.57115871 -0.19727954 0.56757659 0.6344884 0.42737645 0.55441117 0.62603605 0.15685505
0.70310551 0.44104767 0.15540379 0.64890599 0.44474116 -0.422593 0.63413167 0.5430035 0.21348518 0.58361655 0.55037689 -0.37569728 0.61044633 0.6211946 0.14094856 0.53641671 0.64043456 -0.17179997 0.40095079 0.47763348 0.17372219 0.34484261 0.47853181 -0.17372878 0.61463904 0.56438881 0.26924607 0.59208059 0.5733484 -0.18917841 0.52030236 0.62782055 0.40776777 0.5075202 0.62037319 0.16864534
0.70565987 0.44031236 0.18923011 0.65157598 0.44413513 -0.42235175 0.63798583 0.54100269 0.23979023 0.58463812 0.54980719 -0.38425532 0.61573845 0.6184454 0.14148892 0.53947264 0.63912034 -0.18099333 0.40248188 0.47774026 0.18052359 0.34575427 0.47882435 -0.18053967 0.61668736 0.56474787 0.26943782 0.59191871 0.57412702 -0.19611879 0.54373491 0.6304695 0.40394312 0.54208779 0.62365854 0.18818632
0.70552218 0.43977928 0.18543737 0.65284449 0.4437533 -0.41107318 0.63917238 0.53740573 0.23464012 0.58854491 0.54965997 -0.38778314 0.61167663 0.61740476 0.14658006 0.54024279 0.63804895 -0.2243851 0.4029772 0.47780469 0.17656481 0.34832942 0.47894496 -0.1765561 0.61364758 0.5614627 0.26716641 0.59103996 0.57390237 -0.17304042 0.54706097 0.63332373 0.39060527 0.54460633 0.62433726 0.20414878
0.705845 0.43934041 0.15418226 0.6516276 0.44296756 -0.44588521 0.63909221 0.53653717 0.20301376 0.58508444 0.54921359 -0.4232046 0.60618961 0.61866128 0.10911527 0.53930944 0.63793439 -0.27570534 0.40549457 0.47778219 0.17948642 0.3490319 0.47892639 -0.17951906 0.61190504 0.55991161 0.26337913 0.59085429 0.57332665 -0.17838566 0.55982441 0.63541049 0.36858553 0.55528742 0.62521845 0.21241814
0.70700383 0.43892848 0.1612523 0.65134364 0.4423247 -0.46857643 0.63832718 0.53592032 0.21615455 0.58421183 0.54904586 -0.44013047 0.60769272 0.61843419 0.11935117 0.54111278 0.63845646 -0.2755166 0.40535098 0.47776482 0.18149316 0.34909746 0.4790653 -0.18157901 0.61154175 0.56245989 0.27248651 0.59041119 0.57384163 -0.18032129 0.56098574 0.63606465 0.40169868 0.55703962 0.62669027 0.21609582
0.70656049 0.43827268 0.15525045 0.65248889 0.44180742 -0.4668352 0.6377424 0.53369206 0.20631428 0.58492267 0.54840505 -0.44252872 0.60777533 0.61799914 0.10780034 0.54093575 0.63844311 -0.28774539 0.40432158 0.47775859 0.18349706 0.3502889 0.47930431 -0.18356828 0.61096621 0.55904663 0.27244836 0.59012407 0.57350129 -0.18157387 0.5640071 0.63518196 0.39912245 0.56160742 0.62703794 0.21362248
0.70696098 0.43839458 0.16254044 0.65335613 0.43987495 -0.46758878 0.6376586 0.53322679 0.20748024 0.58473361 0.54701227 -0.44751278 0.60914856 0.61758441 0.10207728 0.54153645 0.63837647 -0.29850015 0.40480265 0.47829029 0.18501459 0.35049143 0.47935185 -0.18508445 0.61109859 0.5600732 0.25633216 0.59019798 0.57346058 -0.17868339 0.57720387 0.64916986 0.36221981 0.57001549 0.63112003 0.20889641
0.70767659 0.43841323 0.16968568 0.65396649 0.43594858 -0.46162361 0.63833368 0.53327835 0.21489541 0.58413762 0.54462183 -0.44281799 0.60802281 0.61812031 0.11167586 0.54298902 0.63851744 -0.30121171 0.40473959 0.47911456 0.18398687 0.35045597 0.47934416 -0.18406609 0.61136091 0.56168997 0.23679101 0.59021831 0.57254058 -0.18063395 0.57118255 0.65455323 0.31967461 0.56180805 0.63545048 0.17914939
0.70786458 0.4392828 0.17437263 0.65392691 0.43423036 -0.4599514 0.6379987 0.53762907 0.21727754 0.58471775 0.54213899 -0.43968463 0.60722297 0.61829358 0.10488071 0.54511315 0.63833249 -0.29533535 0.40506765 0.48032761 0.18477884 0.35037491 0.47916263 -0.18485497 0.61167175 0.5619815 0.23157561 0.59012645 0.5658769 -0.19326299 0.58889085 0.66271824 0.31174916 0.58048874 0.63971066 0.16142255
0.7092098 0.43932915 0.15847428 0.65319365 0.43425027 -0.46579617 0.63881636 0.53884089 0.1986673 0.5837422 0.54299438 -0.44209361 0.60738599 0.61796474 0.07945272 0.54634452 0.63839817 -0.30361331 0.4096401 0.48067054 0.18525226 0.35059616 0.47914985 -0.18533295 0.6121574 0.56007904 0.23308021 0.59032357 0.56600589 -0.21658449 0.61659223 0.6607365 0.31416246 0.61158526 0.64189136 0.1419954 
0.70995575 0.4382115 0.09185553 0.65290403 0.43433291 -0.48192778 0.63855428 0.53822696 0.13517648 0.58320856 0.54384303 -0.45692658 0.60725999 0.61789739 0.01568714 0.54686391 0.63968652 -0.3089228 0.40954348 0.48063949 0.17973036 0.35056826 0.47926217 -0.17988595 0.61208767 0.55964023 0.23068137 0.58921462 0.56638408 -0.21247205 0.58073914 0.64730418 0.29781476 0.58011836 0.64144009 0.1493696 
0.70934784 0.43804443 0.11820462 0.6528278 0.4343743 -0.48427835 0.63845032 0.5383814 0.14623575 0.58275819 0.54550058 -0.453989 0.60703194 0.6177296 0.05753505 0.54664844 0.64069366 -0.30034399 0.4087745 0.48058519 0.18248354 0.35039821 0.47955865 -0.18262088 0.62663698 0.5653438 0.23111594 0.59087902 0.56747252 -0.2101195 0.56368804 0.648296 0.31274733 0.56118166 0.64708072 0.15295179
0.70913339 0.43801749 0.13100794 0.65268123 0.43455225 -0.48777878 0.63797545 0.53743047 0.17238034 0.58230919 0.54554963 -0.45962015 0.60706145 0.61599964 0.07100482 0.54631346 0.64104909 -0.31228712 0.40826136 0.48053789 0.18301241 0.35027412 0.47956911 -0.1831443 0.62306845 0.56483263 0.23217353 0.5900504 0.56767976 -0.20497389 0.56063467 0.63648379 0.31726345 0.56068659 0.63835615 0.17574003
0.70920473 0.43773258 0.12708403 0.65259773 0.43556896 -0.49561507 0.6377371 0.53708851 0.17622007 0.58195603 0.5466246 -0.46523082 0.60730731 0.61517829 0.07395424 0.54609603 0.64150637 -0.31610811 0.4080883 0.48048288 0.18332152 0.3501853 0.47969097 -0.18345848 0.62031919 0.56413049 0.23252271 0.59000558 0.57031703 -0.20425463 0.55225098 0.63054448 0.31980303 0.55771142 0.63632578 0.18985677
0.70899749 0.4372631 0.12867026 0.65251577 0.43687689 -0.49750388 0.63882571 0.5376249 0.1806315 0.58188027 0.54766357 -0.46642724 0.60794777 0.61431277 0.07830397 0.54587173 0.64175075 -0.31957474 0.40817922 0.48039755 0.18383539 0.35012627 0.47982472 -0.18394676 0.61753684 0.55924588 0.24297698 0.58992386 0.57200116 -0.2042848 0.55019635 0.62658924 0.3425509 0.55711395 0.63293725 0.20212309
0.70895457 0.43655616 0.12867215 0.65248483 0.43843135 -0.49964231 0.63901329 0.53756589 0.17909327 0.58164036 0.54843074 -0.4677301 0.60880512 0.61324561 0.0726636 0.54569328 0.64166737 -0.31819868 0.40826827 0.48032084 0.18512504 0.35009256 0.4800868 -0.18521151 0.61657894 0.55677396 0.25444901 0.58988255 0.57348126 -0.20906128 0.5559634 0.62465549 0.3601191 0.56472296 0.62929046 0.2040551 
0.70882636 0.43641537 0.132157 0.65247196 0.43869746 -0.49947432 0.63929582 0.53762949 0.18204696 0.58141953 0.54853129 -0.46728054 0.60965401 0.61266214 0.07563981 0.5457015 0.6416328 -0.31731552 0.40830469 0.48019457 0.18857591 0.35007372 0.4803082 -0.18864742 0.61595184 0.55597848 0.25446293 0.58989567 0.57417393 -0.21395716 0.56482816 0.62766492 0.35831973 0.57378978 0.62961978 0.19602908
0.70878553 0.4364405 0.14162976 0.65259838 0.4393838 -0.49744341 0.63769692 0.53626305 0.19013882 0.58154303 0.54931861 -0.45894384 0.60822213 0.61585373 0.08780786 0.5459516 0.64162832 -0.29512519 0.40821058 0.47979563 0.19118094 0.3501744 0.48043153 -0.19123021 0.61492324 0.55530834 0.25448033 0.58995098 0.57458431 -0.21284038 0.57220739 0.63231474 0.35783669 0.57983953 0.63623077 0.18914947
0.70827734 0.43648717 0.17624027 0.65383184 0.43936059 -0.46787986 0.63617134 0.53606296 0.21578263 0.58149117 0.54954827 -0.43191296 0.60547101 0.61970484 0.11592518 0.54602122 0.64160633 -0.27500936 0.4079524 0.47963911 0.19375098 0.35030907 0.48053133 -0.19377789 0.61340278 0.55517083 0.25926739 0.58993322 0.57478893 -0.20265388 0.5876196 0.64303684 0.36403328 0.58965355 0.6401208 0.19027762
0.70820564 0.43720734 0.19859502 0.65503395 0.4382388 -0.44960365 0.63615495 0.53578538 0.23894759 0.5818401 0.5490129 -0.4211055 0.60439336 0.62167144 0.13906138 0.54603893 0.64120972 -0.26894099 0.40769506 0.47985762 0.19568723 0.3503142 0.48055789 -0.19571385 0.61249703 0.55532283 0.2569963 0.5904128 0.57400006 -0.20144205 0.60067308 0.65839738 0.34566885 0.59947586 0.64878929 0.17403947
0.70812476 0.43834454 0.19355188 0.65565151 0.43771186 -0.44903696 0.63603753 0.53572613 0.23406769 0.58186507 0.54865068 -0.42042252 0.60431832 0.62066859 0.13397948 0.54618675 0.64097649 -0.27029204 0.40765345 0.48019159 0.1955934 0.35034004 0.4805783 -0.19562021 0.61221153 0.5573557 0.25327778 0.58974016 0.57332635 -0.20183411 0.5967924 0.65851951 0.33468783 0.59411258 0.64757353 0.17025739
0.70820302 0.43900308 0.18938693 0.65583849 0.43709189 -0.45847109 0.63603467 0.53547609 0.22965446 0.58188123 0.54773313 -0.43233022 0.60445601 0.61968583 0.12906514 0.54651576 0.64059734 -0.28690177 0.40759483 0.48042992 0.19550566 0.35035777 0.48057991 -0.19553317 0.61215657 0.55882227 0.24913169 0.58883321 0.5724991 -0.20187484 0.59298033 0.65664381 0.33027077 0.59070557 0.64698178 0.17039551
0.70817471 0.43910068 0.18621567 0.65596032 0.43686682 -0.45868316 0.63597333 0.53503662 0.22644222 0.58184767 0.54721183 -0.43295109 0.60407561 0.61833167 0.12505399 0.5465312 0.63932866 -0.29099959 0.40755746 0.48056808 0.19505145 0.35033232 0.4805811 -0.19507968 0.61201453 0.55936676 0.24913321 0.58845878 0.57287508 -0.20511168 0.5923062 0.65573484 0.3314296 0.58082336 0.63780087 0.18811151
0.70795196 0.4390786 0.187829 0.65616024 0.43684372 -0.46994352 0.63538331 0.53468484 0.23283073 0.58201796 0.54683292 -0.44678843 0.60389328 0.61782676 0.12432145 0.54709464 0.63882786 -0.29985726 0.40713668 0.48060974 0.19782923 0.35021132 0.48054084 -0.19788954 0.61160135 0.55985934 0.25286376 0.58766705 0.57290363 -0.20519987 0.59047711 0.65473205 0.33556914 0.57677436 0.63667065 0.19364692
0.70772982 0.43877894 0.19254448 0.65625483 0.43690783 -0.49576342 0.63499796 0.53424776 0.2475432 0.58206552 0.54683024 -0.46906051 0.6038717 0.61708474 0.13967399 0.54736775 0.63880455 -0.30502596 0.40685752 0.48060283 0.20679677 0.35002467 0.48050576 -0.20689811 0.61152828 0.55995983 0.2617313 0.58743232 0.57224602 -0.20537253 0.6027844 0.65917879 0.36093828 0.58544898 0.63763446 0.19665989
0.70768946 0.43877548 0.19910409 0.65634716 0.43690926 -0.49590114 0.63493323 0.53382295 0.26257071 0.58216041 0.54676265 -0.46952558 0.60443574 0.6163134 0.16288023 0.54792768 0.638807 -0.30431092 0.40669209 0.48064378 0.21044117 0.34966335 0.48048079 -0.21053667 0.61148167 0.56028301 0.26094109 0.58871055 0.57184446 -0.20537649 0.61142689 0.66774577 0.35834894 0.59585178 0.64678705 0.18328254
0.70765072 0.43872568 0.19489513 0.6563375 0.43698254 -0.49856523 0.6349054 0.53365105 0.25422713 0.58215338 0.54685575 -0.47069222 0.60494912 0.61593837 0.15315811 0.54819471 0.6390779 -0.30468145 0.40654191 0.4806014 0.21066843 0.34920985 0.480483 -0.2107403 0.61140603 0.56044209 0.25988606 0.58815461 0.57185853 -0.20481005 0.61826164 0.67009193 0.35681188 0.60509771 0.6512301 0.17409147
0.70762008 0.43872029 0.19342431 0.65632999 0.4369846 -0.49659199 0.63491112 0.53351116 0.24995854 0.58214885 0.54691184 -0.46798167 0.60523915 0.61583799 0.14779024 0.54865021 0.63947016 -0.3024849 0.40638146 0.48058861 0.2096224 0.34896496 0.48048407 -0.20969173 0.61137521 0.56049424 0.25932091 0.58807862 0.57300049 -0.20480172 0.61312014 0.66954345 0.35903597 0.59941471 0.64975744 0.17510115
0.70769215 0.43866903 0.16723996 0.65622365 0.43697128 -0.49481151 0.63544196 0.53350818 0.22000435 0.58232403 0.54720616 -0.46512172 0.60919142 0.61591625 0.12243457 0.54946226 0.64050937 -0.3031835 0.40634733 0.48059228 0.20046793 0.34884462 0.48065045 -0.20055503 0.61111712 0.55978787 0.25339448 0.58807117 0.57364243 -0.20480941 0.56702614 0.64363265 0.35064667 0.56220138 0.64143151 0.17563389
0.70751572 0.4378356 0.16101409 0.65419376 0.43742332 -0.4946059 0.63636881 0.53346908 0.21067831 0.58230776 0.54783213 -0.46458307 0.60928965 0.62095708 0.10303868 0.54967815 0.64093691 -0.30649 0.40619841 0.48059982 0.19951485 0.34828925 0.48100033 -0.1996007 0.61099136 0.55815774 0.25318649 0.588027 0.57362342 -0.20692013 0.57130867 0.63854682 0.35217193 0.56394273 0.6396454 0.17472251
0.70586514 0.43584016 0.18259987 0.65400302 0.43741977 -0.48477361 0.63376564 0.53331947 0.2250247 0.58140182 0.54839379 -0.45013627 0.60696059 0.6200186 0.12609003 0.54966003 0.64180619 -0.28370741 0.40407228 0.48060268 0.20062745 0.34824553 0.48117164 -0.20070827 0.6108762 0.55678946 0.25407878 0.59200341 0.57182795 -0.20635264 0.57240784 0.63921487 0.3554385 0.57859552 0.63965863 0.16455713
0.70340258 0.43469688 0.23852189 0.65387696 0.43626398 -0.46082658 0.62666529 0.53332353 0.28174505 0.57810122 0.54799688 -0.42135003 0.60114479 0.61975962 0.17831342 0.54999423 0.64157987 -0.23726317 0.40210915 0.48052201 0.20667171 0.34811974 0.48074117 -0.2067185 0.60916984 0.55669612 0.25175345 0.5919708 0.56803459 -0.20639095 0.58896017 0.65468633 0.36069661 0.59277713 0.6538251 0.12947683
0.70282406 0.43133032 0.22671376 0.65378511 0.4358725 -0.46459621 0.62415916 0.53234112 0.2703746 0.57661802 0.54772204 -0.42730707 0.6000945 0.61766464 0.16477986 0.55147207 0.6403836 -0.24572067 0.40107623 0.48053062 0.20726433 0.34813723 0.48077342 -0.20731287 0.60898578 0.55371672 0.2525557 0.59239435 0.56737113 -0.20292979 0.59935927 0.656609 0.3673937 0.5984475 0.65202719 0.14121385
0.70133436 0.43055266 0.21234447 0.65180051 0.43656102 -0.50553298 0.61957216 0.53240687 0.26405811 0.57492107 0.55031031 -0.44125369 0.59933281 0.61700648 0.14765096 0.55245709 0.64183027 -0.232357 0.40131155 0.48050985 0.21147513 0.34813175 0.48150265 -0.2114142 0.60783178 0.55277658 0.26029631 0.59330332 0.56733251 -0.19282623 0.6370309 0.65881985 0.39680338 0.63850683 0.65610731 0.14709587
0.69979125 0.42867753 0.23593397 0.65173244 0.43505439 -0.47118467 0.61896741 0.53122073 0.27855918 0.57493246 0.54999298 -0.41519919 0.60014188 0.61558896 0.16561158 0.55243266 0.64186537 -0.20934676 0.40073803 0.48098287 0.21327235 0.34705326 0.48210543 -0.21321641 0.60776699 0.55047888 0.27068558 0.59337282 0.56524241 -0.19336997 0.63556522 0.66226757 0.42003706 0.6395008 0.66322076 0.14492984
0.69968951 0.42828557 0.19260651 0.65135455 0.4338454 -0.50689656 0.61898941 0.53124017 0.23815115 0.57455856 0.55065697 -0.45290014 0.60183114 0.61553115 0.11743753 0.55242044 0.64255583 -0.24863803 0.40164641 0.48162168 0.21283104 0.34695271 0.48250932 -0.2127901 0.60722828 0.55495155 0.26430461 0.60456699 0.56961179 -0.19567686 0.62769306 0.6621114 0.39110586 0.62927079 0.66134816 0.14572811
0.69931203 0.42739502 0.19943154 0.64896673 0.43404096 -0.50664896 0.61879444 0.53124553 0.24494748 0.57237536 0.55188006 -0.45204234 0.60186774 0.61550313 0.12670322 0.55075407 0.64317584 -0.24562553 0.40178353 0.48168504 0.2152074 0.34646577 0.48254332 -0.21514657 0.60649544 0.55460423 0.26414549 0.59568781 0.56566709 -0.22445877 0.62826103 0.66228199 0.3901346 0.6267826 0.66019636 0.12684204
0.69834721 0.42767036 0.22521959 0.64891016 0.43215153 -0.48219261 0.61894643 0.53125983 0.26819175 0.57239985 0.55165631 -0.43855995 0.60040325 0.61572844 0.16676287 0.5494464 0.64315611 -0.24799426 0.40163711 0.4821808 0.21530089 0.34628814 0.48260048 -0.21524173 0.60591942 0.55458665 0.26408979 0.59557939 0.56296831 -0.22127795 0.62645447 0.66461635 0.38917667 0.62485087 0.66199535 0.12846702
0.69692177 0.42702475 0.22506601 0.64890999 0.43097258 -0.48321065 0.61875701 0.53073382 0.27065963 0.57250977 0.55128652 -0.44218817 0.59828711 0.61605698 0.16303179 0.54712439 0.64387858 -0.25494176 0.39886039 0.48249868 0.2151269 0.34578702 0.48271987 -0.21509109 0.60542905 0.55511105 0.2639026 0.59295988 0.56268853 -0.2195529 0.62619025 0.66375291 0.38752624 0.61662412 0.65666223 0.13644205
0.69655794 0.42729267 0.22197331 0.64449453 0.43092206 -0.48463824 0.61876512 0.53067702 0.26756379 0.57053256 0.55092591 -0.44307184 0.59712791 0.61607116 0.1556948 0.54155093 0.64404005 -0.26367989 0.39884925 0.48304224 0.21489829 0.34368429 0.48255765 -0.21486443 0.60487622 0.55511534 0.2652269 0.58896852 0.5595448 -0.24986112 0.62447166 0.66347641 0.38826549 0.61909634 0.6563828 0.13699818
0.69410455 0.42732003 0.22355326 0.64290488 0.42986754 -0.48962012 0.61867857 0.5306291 0.27126217 0.56993413 0.55065244 -0.44838104 0.59658021 0.61599582 0.15622498 0.53977466 0.64401525 -0.26363486 0.39862797 0.48454478 0.21825384 0.34212542 0.4828158 -0.21826322 0.60475147 0.55511719 0.26775545 0.58826846 0.55996037 -0.2496963 0.63632053 0.66290414 0.38762406 0.63335139 0.65607095 0.13551168
0.69281465 0.42747384 0.23424733 0.64111924 0.42845836 -0.49258226 0.62001866 0.53021234 0.29337776 0.56910831 0.54905403 -0.45244604 0.59714609 0.6150226 0.17744491 0.54004079 0.64189619 -0.26279667 0.39700806 0.48585016 0.22012444 0.33951777 0.48327106 -0.22015342 0.60489142 0.55500418 0.27104503 0.58766401 0.55982625 -0.26054218 0.64105773 0.66432738 0.39080814 0.63680786 0.65627408 0.14278521
0.69258577 0.42762995 0.22304089 0.63715678 0.42861536 -0.50658303 0.62288332 0.53018892 0.29291219 0.56841254 0.54870766 -0.47754923 0.60147506 0.61436611 0.17382026 0.54337096 0.64248401 -0.30497557 0.3961612 0.48612723 0.21988121 0.33653408 0.4836311 -0.21989471 0.60484797 0.55501276 0.26585168 0.58275336 0.56015319 -0.26192272 0.63756502 0.66419691 0.37840343 0.63459468 0.65710986 0.14209235
0.69011378 0.42754707 0.22074249 0.63532418 0.42832795 -0.51694691 0.62269616 0.52936012 0.28790355 0.56624979 0.54799682 -0.48757595 0.60233265 0.61339074 0.1839392 0.54344118 0.64249879 -0.30305198 0.39319101 0.48619059 0.2212391 0.33362442 0.48469955 -0.22119263 0.60342366 0.55467957 0.26799005 0.58020961 0.56090146 -0.2592684 0.64519829 0.66392678 0.39884421 0.64446473 0.65788239 0.14418092
0.68704253 0.42699233 0.22411601 0.63425404 0.42818132 -0.51355326 0.62236726 0.52911472 0.29279178 0.56542069 0.54691041 -0.48319712 0.60229158 0.61332852 0.18755953 0.54057002 0.64193898 -0.29571822 0.38876894 0.48628214 0.22187345 0.33145192 0.48625451 -0.22180222 0.60204858 0.55467689 0.26970923 0.5792895 0.56349987 -0.24137522 0.64941782 0.66376168 0.40545022 0.64790773 0.65829307 0.16425122
0.68559015 0.42708009 0.22567691 0.63232797 0.42755309 -0.51779222 0.62234294 0.52860981 0.31390202 0.56401604 0.54347295 -0.49350637 0.60284114 0.61237174 0.21499361 0.54072535 0.63857651 -0.30461943 0.38636419 0.48702151 0.22217055 0.32973847 0.48742872 -0.22212297 0.59993494 0.55462581 0.27367204 0.57699299 0.56383443 -0.23391098 0.6491968 0.65933961 0.41021922 0.64099067 0.65338343 0.18516852
0.68496412 0.42760459 0.23695804 0.63121414 0.42596406 -0.49377793 0.62236446 0.52752668 0.33184838 0.55987287 0.53935689 -0.48155332 0.60283172 0.61098313 0.25134486 0.54049605 0.6359899 -0.30123883 0.38435492 0.48801643 0.22026788 0.32761258 0.4879947 -0.22022785 0.59923524 0.55788416 0.27330622 0.5763967 0.56506646 -0.20431682 0.64689672 0.65898693 0.4032321 0.63528413 0.64898437 0.20220007
0.68388945 0.42801568 0.23442194 0.63119245 0.42411512 -0.49400902 0.62202346 0.52778602 0.31837609 0.55773103 0.53863543 -0.48049441 0.60214728 0.61113036 0.231967 0.53869784 0.63640898 -0.2976796 0.38381243 0.48889822 0.22021054 0.32679808 0.48820162 -0.22016969 0.59867042 0.5601517 0.26485157 0.57656437 0.56560093 -0.21642113 0.64625144 0.66415489 0.3762975 0.63284355 0.65311491 0.18499713
0.68249178 0.42777261 0.22962116 0.63084614 0.42409751 -0.50925392 0.62142098 0.52737123 0.31290936 0.55744874 0.53921008 -0.48733711 0.60214096 0.61114883 0.22009218 0.53843743 0.63662964 -0.30309635 0.38246179 0.48900747 0.21993534 0.3260783 0.48847839 -0.21991457 0.59872293 0.56028461 0.26526415 0.57679111 0.56614226 -0.22605455 0.62470806 0.65424955 0.38032061 0.61653656 0.64684582 0.1923041 
0.6808036 0.42663139 0.20689712 0.62919277 0.42427859 -0.5333758 0.62054735 0.52610469 0.28108424 0.55687529 0.53944212 -0.49340361 0.60213464 0.610551 0.17802072 0.53781688 0.63670218 -0.30183586 0.38291034 0.48908016 0.21986374 0.32607189 0.48852828 -0.21984346 0.59874666 0.56007284 0.27143165 0.5753051 0.56618953 -0.25587082 0.61724377 0.64619058 0.3918252 0.61370796 0.64145601 0.19694196
0.68021101 0.42550105 0.1938754 0.62832242 0.42439708 -0.54363281 0.62020928 0.52492923 0.25945225 0.55679727 0.53964436 -0.50649166 0.6020245 0.60934585 0.14598699 0.53666139 0.63661236 -0.31020576 0.38318914 0.48898831 0.21948686 0.32595539 0.48849723 -0.21949057 0.5987851 0.55994785 0.27149707 0.57448417 0.56728053 -0.25478759 0.59693623 0.64234531 0.38955235 0.58983588 0.63638514 0.20152618
0.67991799 0.42533064 0.1900419 0.62593657 0.42450061 -0.56034589 0.61952603 0.52488244 0.25880185 0.55601132 0.53981739 -0.52011186 0.59990329 0.60936737 0.14104632 0.53389454 0.63652223 -0.31318152 0.38333374 0.48899457 0.21969609 0.32528451 0.48846811 -0.21973026 0.5988093 0.56064349 0.27554661 0.57352161 0.56770527 -0.25692764 0.59758765 0.64402896 0.39445969 0.58918232 0.63418567 0.22741181
0.67893445 0.42493442 0.20496967 0.62414908 0.42433456 -0.54903954 0.6172207 0.52445513 0.28619564 0.55516803 0.53960216 -0.51127082 0.59615755 0.60853112 0.1786156 0.53211516 0.63641816 -0.31178278 0.3834109 0.48893294 0.22022414 0.32405064 0.48821813 -0.22027901 0.59847987 0.56058908 0.28019798 0.57049662 0.56603968 -0.25603577 0.60169488 0.64298838 0.40666616 0.5914675 0.63422984 0.2474166 
0.67644662 0.42378446 0.21703956 0.62364578 0.42413762 -0.54769701 0.6143685 0.52374947 0.29828653 0.55219448 0.53876865 -0.51206475 0.59481198 0.60811275 0.18813957 0.53106308 0.63624078 -0.3100079 0.38194084 0.48834655 0.22330321 0.32259232 0.48789832 -0.22335438 0.59662902 0.5608483 0.27975434 0.56981987 0.56675279 -0.25419909 0.62867767 0.6443426 0.40594813 0.63022316 0.63490778 0.23936963
0.6760422 0.42236364 0.19359863 0.6227476 0.42394003 -0.58185542 0.61433524 0.52064794 0.27967274 0.5499301 0.53807127 -0.54833603 0.59529769 0.60298526 0.16827668 0.53132409 0.63572705 -0.35034809 0.38262096 0.48653686 0.22550656 0.32207248 0.48667362 -0.2255428 0.5951407 0.56080186 0.28176817 0.56663752 0.56773174 -0.28527761 0.60285473 0.63659465 0.40527582 0.60450131 0.62875664 0.23554447
0.67502284 0.42252654 0.19074917 0.62229973 0.41900259 -0.58199906 0.61415857 0.5209772 0.26332241 0.54886681 0.53685683 -0.54847533 0.5948444 0.60309613 0.13257559 0.53176934 0.63476068 -0.33950153 0.38243541 0.48560339 0.22552313 0.3208997 0.48447329 -0.22557005 0.59464133 0.5607872 0.27846617 0.56710541 0.56843585 -0.23254521 0.60480875 0.63746721 0.39662024 0.59134752 0.62337935 0.23131177
0.674281 0.42158726 0.17763373 0.62124556 0.41880673 -0.57547909 0.61438501 0.51838446 0.25705016 0.54866731 0.5361467 -0.54121423 0.59525299 0.60219347 0.14439714 0.53217632 0.63363165 -0.33918577 0.38246408 0.48234245 0.22451562 0.32032013 0.48224449 -0.2245332 0.59374487 0.55880576 0.26435366 0.56668526 0.5695734 -0.22645657 0.6061396 0.63708025 0.37606844 0.59308463 0.62382281 0.22770527
0.67242551 0.41920516 0.18290102 0.62110996 0.41609234 -0.56947958 0.61423367 0.51598996 0.26079255 0.54573983 0.53432626 -0.53508246 0.59516495 0.60101765 0.15473941 0.53099006 0.63356346 -0.33383438 0.38162404 0.48046297 0.22439715 0.31964812 0.48041826 -0.22441281 0.59251469 0.55706602 0.26469809 0.56657094 0.57002324 -0.22487383 0.61171031 0.63826126 0.37458771 0.59529167 0.62347466 0.23999225
0.67085838 0.4148078 0.1682415 0.6212576 0.41328067 -0.57259661 0.6142695 0.51103348 0.23510987 0.54615593 0.53074098 -0.54110742 0.5967043 0.59466493 0.11009586 0.53308672 0.62956375 -0.34706211 0.38137072 0.47597891 0.22006871 0.31962657 0.47786501 -0.22010382 0.59118879 0.55474871 0.26942953 0.56671679 0.57107705 -0.22603397 0.52897471 0.61017805 0.39190954 0.5167802 0.60346156 0.25716212
0.67011315 0.41177836 0.15477329 0.62031239 0.41088495 -0.57136011 0.61431551 0.50954568 0.21399461 0.54607171 0.53036106 -0.54042369 0.59784901 0.59262329 0.08180534 0.53664333 0.62639904 -0.34229004 0.38133401 0.47400516 0.21260245 0.31903291 0.47545311 -0.21264312 0.59039968 0.55381238 0.2665582 0.56635028 0.57132012 -0.22667511 0.52340865 0.60862267 0.38601193 0.48803729 0.59648991 0.24996878
0.66917461 0.41118124 0.14877306 0.61727953 0.40876547 -0.57386392 0.61305404 0.50889277 0.20931327 0.54589474 0.52813661 -0.54956639 0.59812665 0.59278929 0.07728607 0.53699762 0.62625206 -0.3694194 0.38159513 0.47346789 0.20756975 0.31786126 0.47342336 -0.20759624 0.58422017 0.55808693 0.2630173 0.55677193 0.57400137 -0.2366541 0.47830883 0.59862977 0.37139314 0.4561857 0.58980429 0.24645397
0.66870141 0.41066605 0.11953877 0.61462003 0.40739363 -0.58767223 0.61147881 0.50857943 0.18760888 0.54460734 0.52665281 -0.56423777 0.59815013 0.59351999 0.06556139 0.53754359 0.62614846 -0.40395671 0.38233247 0.47193453 0.20391798 0.31728983 0.47106913 -0.20389764 0.58012009 0.55837137 0.26362929 0.55793643 0.57577747 -0.25544497 0.43429637 0.58853382 0.37582847 0.41802081 0.58211064 0.24402574
0.66872972 0.4093613 0.10644848 0.61416936 0.40435547 -0.59621483 0.61155152 0.50692242 0.19692215 0.54461396 0.52336818 -0.56861728 0.59815019 0.59173316 0.0823319 0.536726 0.6203233 -0.39717373 0.3831999 0.4706468 0.20455363 0.31662917 0.46870771 -0.2043595 0.57483453 0.56054658 0.27419603 0.55217093 0.58032078 -0.31441516 0.34879044 0.58399338 0.41797483 0.29548237 0.58427471 0.14890459
0.66879547 0.40915391 0.08841757 0.61278558 0.40100259 -0.59284401 0.61064816 0.50651425 0.171848 0.54378515 0.52044743 -0.56381291 0.59578669 0.58996159 0.07492045 0.53493989 0.61716747 -0.39379933 0.38452089 0.46943274 0.20360753 0.31607875 0.46628475 -0.20339787 0.57168233 0.5584892 0.27617618 0.54875797 0.57936293 -0.3142015 0.36111423 0.57803226 0.41143888 0.30354944 0.57044357 0.1628172 
0.66988665 0.40479085 0.03348602 0.6111154 0.39715439 -0.64804417 0.611211 0.50290674 0.15323466 0.54404831 0.51527578 -0.61674106 0.59582978 0.58692926 0.06712031 0.53341246 0.61050665 -0.44421285 0.38849759 0.46676496 0.2045307 0.31683499 0.46281168 -0.20435399 0.56605721 0.56111515 0.28509334 0.53768343 0.57878464 -0.28085732 0.36733937 0.58698368 0.46432236 0.2881225 0.58012921 0.17300029
0.66994566 0.40213624 0.02996447 0.61021173 0.39256591 -0.65301341 0.61126882 0.50202107 0.13658731 0.54421508 0.51132494 -0.62752342 0.59438926 0.58724594 0.03352949 0.5332343 0.6075424 -0.46677887 0.3892149 0.46352729 0.2029812 0.31696799 0.46004021 -0.20283258 0.56298971 0.55892795 0.28576764 0.53762436 0.57855713 -0.22970456 0.38230848 0.58939523 0.46905792 0.32747263 0.58148676 0.24314874
0.66946572 0.3995809 0.06151768 0.60949332 0.39014199 -0.64106202 0.61116737 0.50150496 0.14805485 0.54432446 0.50884187 -0.62187994 0.59268874 0.58738172 0.01836505 0.53317702 0.60734981 -0.47422394 0.3898347 0.46183142 0.20201179 0.31705746 0.45864144 -0.20190305 0.56477529 0.55819643 0.27799895 0.5321216 0.57196814 -0.2261028 0.42023191 0.59857613 0.42459965 0.39498201 0.58355808 0.27163371
0.66881484 0.39698523 0.0732032 0.60695386 0.38776153 -0.63937521 0.60988128 0.49889404 0.16083345 0.54302365 0.5057146 -0.61401856 0.59132105 0.58366424 0.03227917 0.53233141 0.60373712 -0.47052121 0.39270541 0.45919281 0.20243593 0.31763718 0.45643792 -0.20233181 0.57370514 0.55562937 0.27791101 0.51507676 0.56946975 -0.24723785 0.4767555 0.60441053 0.41355595 0.46035546 0.58704382 0.28344348
0.66879678 0.39358762 0.07883598 0.60535085 0.38466036 -0.63584721 0.60913497 0.49597558 0.1635505 0.54184425 0.50244164 -0.60823047 0.59112054 0.58114415 0.03452426 0.53208035 0.6012848 -0.45377022 0.39449969 0.45703694 0.19898143 0.31884766 0.45403177 -0.19883062 0.58254796 0.55582869 0.24003129 0.52123183 0.56729758 -0.22454168 0.55379832 0.61840224 0.33987507 0.52083194 0.59253091 0.26824036
0.66860068 0.38961717 0.06310908 0.60416383 0.38068107 -0.6540637 0.60865384 0.4928067 0.15083462 0.54142845 0.49859399 -0.63437629 0.59116709 0.58062184 0.01200001 0.53408742 0.59830302 -0.50001913 0.39632496 0.45510224 0.19895303 0.31907064 0.45200416 -0.19880183 0.58680761 0.54997045 0.24627098 0.50873685 0.56323439 -0.22928938 0.54545534 0.60462654 0.35823742 0.52096134 0.5852195 0.27601871
0.66674989 0.38383019 0.06999667 0.6031875 0.3790212 -0.66125846 0.60806936 0.49058011 0.1561061 0.54019421 0.49655324 -0.64401543 0.59072876 0.57818347 0.01908463 0.53636616 0.59694803 -0.49807385 0.39612761 0.45357224 0.20024799 0.31920925 0.45125276 -0.20012937 0.59052086 0.549887 0.24900241 0.51181418 0.56308442 -0.23195025 0.53568316 0.60644782 0.36336014 0.50060886 0.58594239 0.28633058
0.66609156 0.38078287 0.05785829 0.60261101 0.37459034 -0.66200262 0.6069147 0.48911497 0.15673065 0.53935122 0.49262503 -0.64746237 0.59032607 0.57915902 0.02742176 0.53952837 0.59507 -0.5193547 0.39591774 0.45254472 0.20010523 0.31963432 0.4493995 -0.20002931 0.60080516 0.55038708 0.23891708 0.51322919 0.56213379 -0.23952411 0.52292401 0.6110633 0.34317198 0.49160466 0.59009016 0.30496788
0.66746545 0.38354942 0.06346505 0.60242754 0.37002394 -0.65141743 0.6067661 0.48279622 0.1778733 0.53814769 0.4880439 -0.62473947 0.58899146 0.57640338 0.06908542 0.5402028 0.58909696 -0.486393 0.39468583 0.45007741 0.1967849 0.31979647 0.447018 -0.19672397 0.59851086 0.55065286 0.22029127 0.51124185 0.56070423 -0.23996347 0.51868165 0.62216449 0.32940421 0.48531809 0.6028536 0.28952685
0.66789889 0.38422558 0.10793517 0.60253036 0.36387238 -0.61586481 0.60478657 0.48225752 0.21318831 0.53673905 0.48289189 -0.58822638 0.58842802 0.57451051 0.09446208 0.54107589 0.58286858 -0.42293781 0.39058331 0.45053947 0.19747411 0.31982782 0.44675544 -0.19745781 0.59312922 0.55862027 0.19587536 0.5101645 0.5604915 -0.25261351 0.50269657 0.64548385 0.25490957 0.46326327 0.61543548 0.25148407
0.67105263 0.38106358 0.10764311 0.6025213 0.35919598 -0.64282691 0.6036483 0.47931713 0.21907903 0.53596759 0.47763258 -0.60831541 0.58847815 0.57358629 0.10442016 0.54099524 0.57913691 -0.4317635 0.39035243 0.45002654 0.20416369 0.32028615 0.44477421 -0.20425822 0.57841182 0.55913264 0.22595744 0.49618015 0.55928952 -0.30760711 0.44965526 0.63715857 0.27450663 0.42282909 0.61127394 0.24056676
0.66644484 0.37229469 0.04432124 0.60140198 0.35442045 -0.66618204 0.60296702 0.47888184 0.17154872 0.53489786 0.47597954 -0.64155227 0.58850968 0.57438582 0.06266908 0.55002546 0.58018273 -0.50902718 0.39012459 0.45029065 0.20436369 0.32029462 0.44513899 -0.20447892 0.5767116 0.56952643 0.22731547 0.49523509 0.55520958 -0.36253953 0.43540263 0.658324 0.28703079 0.38750651 0.59920132 0.16299322
0.67101043 0.37519944 0.04571346 0.59885395 0.34894049 -0.66110945 0.60138035 0.47659117 0.17028576 0.53474206 0.47265509 -0.64121938 0.58861786 0.5750457 0.05918325 0.55346769 0.57976919 -0.51793051 0.39026076 0.45092386 0.2038779 0.32031253 0.44460148 -0.2040119 0.59790963 0.56876761 0.22888856 0.49847916 0.55087668 -0.36090842 0.4445352 0.61037201 0.30224916 0.4076547 0.58700335 0.16906354
0.66298336 0.36772269 0.05195467 0.59694922 0.34423706 -0.63248253 0.60045552 0.47402757 0.17100133 0.53413767 0.46998432 -0.61263484 0.59100008 0.57499188 0.06830699 0.55904418 0.58088619 -0.51214099 0.38994774 0.4511019 0.20137392 0.32032317 0.44502652 -0.2015394 0.6155476 0.56730306 0.19244307 0.50509852 0.5430907 -0.35644493 0.48244059 0.63835233 0.22393194 0.42325571 0.58855265 0.18499559
0.657929 0.35953104 0.05766007 0.59484476 0.34128803 -0.61262542 0.60043746 0.46657044 0.18567955 0.53355944 0.46392959 -0.59581649 0.59346598 0.57053542 0.07494629 0.5575211 0.57952315 -0.4956682 0.38905302 0.45085606 0.19945702 0.32089165 0.44364968 -0.19961916 0.61268115 0.56123948 0.20782804 0.51456898 0.54412824 -0.27254465 0.48221141 0.62516755 0.29203409 0.42573512 0.58906114 0.18821022
0.65513921 0.35782966 0.09004579 0.59508789 0.33583859 -0.6164149 0.59964532 0.46212262 0.22870615 0.53221142 0.45907897 -0.59610718 0.59272623 0.56216419 0.09839313 0.5566569 0.57079792 -0.45819834 0.38893655 0.45114172 0.20404346 0.32321298 0.44299254 -0.20430392 0.6093297 0.56105769 0.22611041 0.52398717 0.54468131 -0.26009795 0.48206198 0.61558712 0.32679132 0.4275966 0.58681262 0.21423084
0.65343529 0.35627672 0.05246257 0.59415615 0.33178821 -0.66725719 0.59960216 0.46217075 0.19394915 0.53202248 0.4575201 -0.65366948 0.5928207 0.5626604 0.06013138 0.55839384 0.5660429 -0.5250833 0.39059663 0.4514218 0.20745213 0.3236022 0.44191062 -0.20774736 0.61558217 0.5591585 0.25202826 0.5179612 0.53428543 -0.26414195 0.48165035 0.60999775 0.35033852 0.44658753 0.56193674 0.25116897
0.65163261 0.3505716 0.05653245 0.59151512 0.3286193 -0.61118066 0.59965938 0.45628148 0.18890794 0.53197908 0.45308411 -0.61033493 0.59331053 0.55853051 0.05607576 0.55763447 0.55796593 -0.51417673 0.39167896 0.44855559 0.1977509 0.32412621 0.44025913 -0.1979132 0.60639143 0.55622613 0.24015048 0.51470691 0.53485012 -0.22099154 0.4572607 0.59106344 0.34488285 0.39375386 0.56183243 0.2050281 
0.65209371 0.34472114 0.0564216 0.58938181 0.32272145 -0.61189485 0.60003084 0.44939968 0.18992294 0.53115815 0.44773057 -0.60993326 0.59378988 0.5487693 0.0692753 0.55417073 0.55281955 -0.5040127 0.39255276 0.44637287 0.19415069 0.32415232 0.43919632 -0.19431424 0.60608691 0.5454573 0.22441852 0.514413 0.52588922 -0.21289836 0.45706958 0.58694559 0.34407005 0.40286663 0.55956209 0.20740429
0.65153331 0.34195757 0.05586239 0.58769655 0.31580228 -0.61517447 0.59991914 0.44483364 0.18869603 0.52889675 0.44271147 -0.61491948 0.59194785 0.54428506 0.06686772 0.55400491 0.54495269 -0.50098002 0.3974593 0.4464317 0.19420655 0.32619745 0.43623599 -0.19431853 0.59537667 0.54565454 0.22445133 0.49455521 0.53061503 -0.22485603 0.44240466 0.58794808 0.34916833 0.36343187 0.56465858 0.1751291 
0.64818823 0.34054109 0.05722981 0.58675838 0.30949768 -0.55491364 0.59745687 0.44015637 0.16681381 0.52233982 0.43243796 -0.5833149 0.5823006 0.53278434 0.02111631 0.53757924 0.52449477 -0.51354271 0.40531281 0.44589993 0.18849134 0.32812145 0.43514124 -0.18856424 0.60429567 0.52806067 0.16377476 0.45569938 0.54343766 -0.27758193 0.50826961 0.61675185 0.22527598 0.32612097 0.62554765 0.00322502
0.64529556 0.33727875 0.08378216 0.58511066 0.30737635 -0.57128525 0.59514475 0.43855554 0.19133672 0.51782918 0.43431708 -0.58836704 0.58149254 0.53515178 0.04546441 0.52281463 0.52542895 -0.50770622 0.40725189 0.44774634 0.19498897 0.33214331 0.4358691 -0.19515309 0.62262881 0.53066647 0.13753244 0.45292619 0.55927527 -0.36464593 0.51117158 0.63288128 0.15857399 0.29083622 0.62809008 -0.04057625
0.66448921 0.34092343 0.09747355 0.58307552 0.30180138 -0.52129054 0.59305269 0.43995529 0.19352609 0.51704669 0.43212858 -0.5384798 0.57818329 0.53207195 0.0550821 0.5167948 0.52039826 -0.46185791 0.41830623 0.45312911 0.19500326 0.33427283 0.43592957 -0.19518767 0.63537288 0.54611701 0.04082174 0.39932063 0.57196039 -0.39360946 0.52812904 0.67845196 0.04490978 0.22744894 0.64267701 -0.08213609
0.6515075 0.33790985 0.11621004 0.58206904 0.2982215 -0.52327681 0.58855462 0.43803817 0.24759091 0.51626307 0.43089396 -0.51735061 0.5735538 0.5292353 0.15055624 0.51542568 0.52223206 -0.40685087 0.42034265 0.45387095 0.19549082 0.33744529 0.43641621 -0.19573565 0.63255984 0.55066282 0.06085835 0.45165107 0.57692236 -0.38428816 0.51563305 0.67368191 0.07204928 0.26383749 0.65568447 -0.05903877
0.6663413 0.33873791 0.11548781 0.58023435 0.29409322 -0.57660705 0.5850814 0.43461135 0.23811656 0.51497161 0.42504963 -0.53585362 0.57076895 0.52851075 0.14799955 0.51921189 0.51972699 -0.42352867 0.43156791 0.45426306 0.20533979 0.34289795 0.43636623 -0.2057739 0.62875974 0.55392855 0.02121706 0.45672554 0.5719716 -0.46148187 0.51153684 0.68302947 0.03832038 0.2945047 0.6486693 -0.1196321 
0.64816123 0.3330023 0.31424141 0.57897902 0.28798428 -0.36201248 0.58274895 0.43188843 0.44008768 0.51527846 0.41580981 -0.37348133 0.56543428 0.52244598 0.32115048 0.51885748 0.51065308 -0.24668862 0.43359053 0.45485961 0.21178946 0.34818521 0.43624705 -0.21217103 0.62725735 0.56143242 0.03707422 0.50327587 0.56866586 -0.51091754 0.50840271 0.68947262 -0.0239491 0.38800362 0.67063731 -0.36905339
0.64215755 0.3298021 0.22065979 0.57584029 0.28257895 -0.41688791 0.58128518 0.42802012 0.35031897 0.5156951 0.4095667 -0.43168032 0.56313926 0.52009177 0.25273761 0.51674473 0.50382882 -0.31600037 0.4448401 0.45480347 0.20406877 0.35461909 0.43385985 -0.20457193 0.63465023 0.55835682 -0.10069629 0.4383882 0.56063175 -0.56658435 0.51348829 0.69446069 -0.10350452 0.31063798 0.65681243 -0.28496635
0.62996727 0.32119673 0.48252434 0.57507312 0.27920166 -0.18346374 0.57683629 0.41999784 0.59330499 0.5157814 0.40278664 -0.2373395 0.56048381 0.50913811 0.46085006 0.52851963 0.49840927 -0.13501269 0.43967828 0.45348319 0.20426773 0.3565366 0.43284035 -0.20464399 0.6116811 0.55994314 -0.04793844 0.52542573 0.55159611 -0.51310581 0.44578543 0.68002796 -0.14937337 0.46595821 0.6921981 -0.57912898
0.62153101 0.31670091 0.49442336 0.57423419 0.27331981 -0.19417 0.5732379 0.41462845 0.5932731 0.51607478 0.38841486 -0.28303346 0.56171274 0.494445 0.43378666 0.53553402 0.48895577 -0.21706703 0.43677747 0.4516376 0.21390243 0.36715725 0.43235502 -0.21388833 0.60619301 0.56372446 0.00286035 0.60259962 0.54700577 -0.46470112 0.45843533 0.6867069 -0.06696216 0.48964986 0.69839382 -0.42170042
0.60602236 0.30307439 0.47040802 0.57428169 0.27358118 -0.23237891 0.56674105 0.40221611 0.57160741 0.51627088 0.38032791 -0.3206183 0.55273819 0.47419435 0.41234669 0.54095954 0.47319734 -0.24643758 0.43466875 0.45032117 0.21947597 0.37737408 0.43240595 -0.21947843 0.58365363 0.56234002 0.0125447 0.57717901 0.548015 -0.43983388 0.4613218 0.68855804 -0.01473999 0.49390134 0.68420327 -0.33500963
0.60328037 0.29607859 0.65006709 0.57048523 0.26520997 -0.03712491 0.5664112 0.3896651 0.68633991 0.51483572 0.35977334 -0.25003886 0.54860842 0.46637064 0.48160118 0.54154509 0.45614177 -0.27906156 0.43454692 0.4468514 0.21800525 0.38399923 0.42846817 -0.21805783 0.58919609 0.56183952 -0.02618711 0.57838351 0.54491818 -0.4345195 0.46575567 0.68932742 -0.2369961 0.50875217 0.68698537 -0.58349085
0.58638281 0.28540277 0.66166794 0.5684914 0.26009023 -0.0532168 0.54751688 0.37907803 0.70699048 0.51216513 0.35467115 -0.24214701 0.53153366 0.445241 0.5045566 0.54101723 0.45126575 -0.24870859 0.42486846 0.44160417 0.21947193 0.38764933 0.42612857 -0.21956633 0.59227908 0.56128478 -0.00395173 0.59036702 0.53842533 -0.3528772 0.46763304 0.68781286 -0.17154764 0.49941316 0.68282992 -0.47691989
0.57109761 0.27377325 0.50735527 0.56545079 0.25852019 -0.19251636 0.52855289 0.35497627 0.57963496 0.51062024 0.35047066 -0.28444314 0.51573724 0.4260731 0.45190135 0.54063904 0.4408372 -0.11298951 0.4173333 0.4322581 0.22036542 0.38923475 0.42532331 -0.22033735 0.55015165 0.55866307 -0.00974457 0.58599001 0.53924346 -0.37169418 0.46093509 0.68716657 -0.13271514 0.50494415 0.68667305 -0.45300943
0.56396967 0.26584697 0.53191555 0.560027 0.2517719 -0.22693364 0.5293262 0.35312954 0.59530503 0.50690007 0.34627599 -0.30295542 0.521842 0.42307159 0.41242686 0.53913116 0.43126339 -0.13250093 0.40904269 0.42709193 0.23153631 0.38833311 0.42285731 -0.23135425 0.54576546 0.55510658 0.02215914 0.58879203 0.54123485 -0.36200142 0.45238024 0.68307751 -0.07702383 0.49346793 0.69814092 -0.40153658
0.55298346 0.26271716 0.52713811 0.55315602 0.24813777 -0.22331007 0.52649456 0.35008022 0.57159299 0.50189781 0.33997098 -0.30829293 0.51774466 0.41678536 0.38873035 0.53813547 0.41637948 -0.16048165 0.39982894 0.42329219 0.2311738 0.39111021 0.41936004 -0.23103406 0.51265419 0.54952091 0.03653543 0.57937682 0.54163355 -0.3233819 0.44664869 0.68246847 -0.06723651 0.50019526 0.7032969 -0.38809377
0.55512172 0.26179788 0.56034774 0.54684037 0.24119025 -0.20280924 0.52481526 0.34414634 0.61627018 0.49755639 0.32535383 -0.31281382 0.52256334 0.41030112 0.42677155 0.53800553 0.41028774 -0.25686416 0.401968 0.42219076 0.23176235 0.38947713 0.41416839 -0.23164487 0.53090066 0.54847735 0.04672934 0.57428795 0.54216838 -0.2992146 0.48910654 0.68373674 -0.02437744 0.48861638 0.70205343 -0.37545013
0.55779117 0.25562969 0.40736127 0.54230964 0.23566504 -0.36713251 0.52623278 0.34247625 0.48373395 0.49787745 0.33192924 -0.42420861 0.52755564 0.41427898 0.28478369 0.53791279 0.41853699 -0.27686837 0.41874558 0.41084236 0.23756418 0.38907671 0.41129598 -0.23725604 0.54254919 0.54681641 0.07412206 0.53012985 0.54750091 -0.28301424 0.48479214 0.68538517 0.08068772 0.48374543 0.71382147 -0.2976062 
0.54201984 0.24474221 0.42525294 0.5354073 0.22931246 -0.33637857 0.51914561 0.33073294 0.50105232 0.48818371 0.32250261 -0.39646649 0.5289855 0.40120825 0.31413314 0.53753906 0.40841734 -0.2013552 0.41347954 0.40735847 0.23770232 0.38787752 0.40903029 -0.23740277 0.52244091 0.54157245 0.0710961 0.52501464 0.54861259 -0.26892427 0.47689837 0.68511212 0.04534291 0.4838036 0.71261936 -0.29965389
0.53343475 0.24458905 0.58843607 0.52399206 0.2225754 -0.20359547 0.51130128 0.33213532 0.60945684 0.47962877 0.31864902 -0.38268739 0.50941885 0.40699911 0.43384004 0.53501153 0.40590355 -0.30738166 0.40262416 0.41087469 0.24123417 0.38707978 0.40485635 -0.24108067 0.52262807 0.54096484 0.07451654 0.52035785 0.54885316 -0.27544624 0.49519077 0.68871039 0.02416055 0.48154563 0.72399294 -0.4182739 
0.52837092 0.24095553 0.61795777 0.51902401 0.21820305 -0.11942794 0.50777429 0.33198705 0.63194364 0.48199299 0.3051537 -0.37761867 0.4987919 0.4039388 0.47195068 0.52863705 0.38983968 -0.47003505 0.403458 0.40659556 0.23848639 0.39325809 0.39543784 -0.23842579 0.50887084 0.53824502 0.04480177 0.51255327 0.54917872 -0.2993879 0.49236241 0.68763745 -0.02004663 0.48378211 0.72167784 -0.41829902
0.49978542 0.24343212 0.76709914 0.51708674 0.21565679 0.04903281 0.46745235 0.33112416 0.73216552 0.46524611 0.30603179 -0.24320425 0.45605657 0.40128466 0.55490386 0.47773826 0.3747288 -0.38885137 0.38390854 0.40050802 0.23134023 0.40034294 0.38629588 -0.23159756 0.48843446 0.53910673 -0.01934398 0.52777189 0.53980708 -0.30894881 0.4903284 0.69304848 -0.25986737 0.4849295 0.71960741 -0.56358391
0.48626482 0.24270996 0.81242728 0.51035219 0.21045755 0.11541919 0.45065644 0.33131665 0.76555449 0.445254 0.29961953 -0.1956418 0.43595397 0.40333384 0.58222473 0.45508054 0.36776003 -0.37851757 0.372428 0.39430851 0.2200738 0.40131965 0.37912768 -0.22046201 0.47699285 0.53675401 -0.04973112 0.52825922 0.53253382 -0.33349112 0.48907402 0.69560629 -0.31851864 0.48458195 0.71899074 -0.62713891
0.48774138 0.22910661 0.82122129 0.50896013 0.20877746 0.11605861 0.45178965 0.32464731 0.763116 0.45596018 0.26755568 -0.24733771 0.44084525 0.39544356 0.57153559 0.47315413 0.33797184 -0.51752961 0.37125859 0.39103284 0.21926464 0.40381318 0.37481102 -0.21960481 0.46707344 0.52936524 -0.03482457 0.52897531 0.53377259 -0.34740889 0.48819321 0.68909889 -0.27346781 0.49148533 0.71853411 -0.62557769
0.49426427 0.2245637 0.82367569 0.49748722 0.20523486 0.11283296 0.46586841 0.31693628 0.79353714 0.44887614 0.27620879 -0.25465366 0.45682174 0.38432077 0.62026596 0.47782129 0.33707908 -0.50916511 0.37907428 0.38489425 0.2196027 0.40849522 0.36926717 -0.21990752 0.47575051 0.52894086 -0.02886227 0.50796235 0.53512245 -0.38349321 0.48989338 0.69100451 -0.23578104 0.48953274 0.71815741 -0.62734932
0.47469956 0.22930981 0.76373303 0.49434578 0.20997733 0.05074436 0.42703176 0.32396039 0.72954321 0.45146689 0.30097812 -0.22715536 0.41096839 0.39371485 0.55811495 0.4762488 0.3473773 -0.40294009 0.37465933 0.38832268 0.22280154 0.40251938 0.3767193 -0.2230569 0.47433749 0.53069985 0.01762532 0.49911284 0.53641456 -0.30770028 0.4892368 0.69099313 -0.07717782 0.48774096 0.72427016 -0.45687786
0.46172974 0.22898386 0.84490126 0.48690173 0.20974822 0.1140314 0.404506 0.32588866 0.78314292 0.44656172 0.30466229 -0.21369299 0.38147655 0.39670995 0.60925502 0.45691061 0.36162826 -0.41046342 0.37304047 0.39086425 0.22306135 0.40206826 0.38026303 -0.22334531 0.47793335 0.53170848 -0.01299325 0.50224221 0.53820461 -0.31496355 0.48885497 0.69670528 -0.22052108 0.4871881 0.72205681 -0.55468887
0.43913916 0.2294583 0.84790862 0.48320803 0.21143875 0.11615727 0.36577952 0.32780445 0.79576665 0.44118029 0.32646939 -0.20036215 0.32727072 0.40988368 0.6502288 0.44071099 0.40489292 -0.40467724 0.35198069 0.39256054 0.22367395 0.39707911 0.3867915 -0.22401112 0.45123246 0.53159815 0.04835311 0.49996734 0.53812033 -0.26429924 0.48656091 0.69628984 -0.08652639 0.48919311 0.72096324 -0.44972739
0.43325773 0.23173398 0.80371654 0.47773081 0.21269116 0.04859719 0.34830371 0.32885376 0.6986618 0.41931716 0.31268182 -0.32634306 0.32137752 0.41157314 0.5574646 0.42654234 0.37199429 -0.5619967 0.35392919 0.40356296 0.22876778 0.39019409 0.39690199 -0.22911908 0.46108621 0.53787845 0.06400536 0.49467909 0.54158503 -0.26388267 0.48640153 0.69807178 -0.03390793 0.48582137 0.7261377 -0.42396301
0.42630386 0.23190275 0.78595698 0.47328508 0.21283937 0.06898192 0.35790011 0.32957405 0.71107608 0.42714444 0.26881304 -0.40274471 0.34600961 0.41247001 0.55618525 0.43685618 0.29107955 -0.76081139 0.35396099 0.40525532 0.23124215 0.39017665 0.39673606 -0.23158851 0.46370795 0.53927332 0.08288556 0.49765903 0.54377598 -0.27980226 0.48629138 0.70303005 -0.06164533 0.48456863 0.72720474 -0.45917022
0.41409454 0.23317353 0.56462556 0.47872376 0.22756982 -0.16683502 0.32418373 0.33560523 0.54756081 0.40631741 0.33450735 -0.38683277 0.29527059 0.42506236 0.44676411 0.36142233 0.39149764 -0.64612299 0.3354553 0.41506475 0.2328427 0.3796069 0.41248882 -0.23324148 0.45174804 0.54645121 0.15514387 0.49475363 0.54507709 -0.16347496 0.48386219 0.70691109 0.17443815 0.48439336 0.72753429 -0.15595609
0.42758286 0.23516846 0.53892428 0.46227816 0.22713572 -0.22174308 0.34656221 0.34114853 0.53704494 0.35481685 0.32867482 -0.44323847 0.31598234 0.43230087 0.39934447 0.29443604 0.39048097 -0.58492935 0.34244579 0.42058542 0.23505941 0.36669511 0.41476509 -0.23543593 0.45629388 0.54861236 0.11003723 0.48944736 0.5451721 -0.21684141 0.48327711 0.70566291 0.0457839 0.48259452 0.72634315 -0.2867775 
0.43539286 0.23820505 0.53680801 0.45617408 0.22672668 -0.15238111 0.35968074 0.3526997 0.54453558 0.34121644 0.32671115 -0.41404957 0.33545554 0.44108695 0.42149404 0.25519726 0.38969776 -0.51149881 0.34742239 0.41934094 0.22836918 0.36641839 0.41204578 -0.22872351 0.46222177 0.55052978 0.09319616 0.48377374 0.54732829 -0.17078415 0.48311812 0.70537847 0.07215122 0.4818005 0.72560686 -0.19252582
0.43845186 0.24227214 0.58681482 0.45886993 0.22529043 0.02999104 0.3620441 0.35025641 0.54637486 0.32385194 0.31747437 -0.14901739 0.32216606 0.43646368 0.36413589 0.19622548 0.37830073 -0.27210382 0.35021579 0.41984448 0.19009565 0.36715519 0.41130814 -0.19063009 0.46368322 0.55096614 0.04528774 0.4859964 0.54583263 -0.14186436 0.48310253 0.70521384 -0.06328493 0.48111752 0.72546142 -0.26080778
0.41561645 0.24572282 0.71221656 0.46291915 0.2205207 0.17435004 0.35301092 0.34881514 0.59663981 0.35150498 0.3043648 -0.12384532 0.3311587 0.42811066 0.39542016 0.24374954 0.33687866 -0.33863023 0.3486639 0.41799882 0.18276767 0.37001446 0.39946356 -0.18319675 0.46390826 0.55038458 -0.03413055 0.48007649 0.54656255 -0.22381404 0.48355669 0.70476753 -0.30939624 0.4791061 0.7250064 -0.53968459
0.39529991 0.2320655 0.68520266 0.47766045 0.22154538 0.08978406 0.33327341 0.34670794 0.57639045 0.4189606 0.31123167 -0.16613166 0.33311158 0.42499581 0.41190639 0.39302716 0.34353602 -0.3176949 0.34139964 0.41526079 0.18830355 0.38030475 0.39860818 -0.18875156 0.45882925 0.54980642 -0.01033976 0.48227137 0.54651242 -0.21388368 0.48274198 0.7037735 -0.21311064 0.47908044 0.7243976 -0.45461479
0.3962279 0.22750045 0.64550936 0.46293631 0.22307666 0.08912916 0.32970974 0.34523222 0.54305768 0.43499407 0.31347883 -0.14882882 0.32857126 0.42344475 0.39208305 0.42997891 0.34449238 -0.27670285 0.34023452 0.40912226 0.18299471 0.38653079 0.39532596 -0.18344179 0.44873446 0.54969865 -0.02414927 0.47632244 0.54755032 -0.20967859 0.48217472 0.70351356 -0.23652463 0.47820655 0.72284669 -0.44167817
0.38928974 0.23060724 0.66485393 0.46957672 0.23220749 0.19809923 0.32510519 0.34496146 0.56469482 0.38634345 0.33315432 0.03325896 0.3106682 0.42045066 0.40952748 0.30577683 0.38815373 -0.04320507 0.33504257 0.41539392 0.16375406 0.38635585 0.40411109 -0.1643263 0.45019072 0.55106908 -0.01187825 0.47833624 0.5492695 -0.1007267 0.48217085 0.70341545 -0.22489712 0.47821158 0.72281277 -0.33529851
0.39652938 0.23997608 0.58481085 0.4495151 0.2314415 0.03003715 0.32594305 0.34976208 0.50777441 0.40857154 0.32995299 -0.11487893 0.33365422 0.42699137 0.3727794 0.3989813 0.36920562 -0.2217624 0.33652225 0.41739178 0.17309013 0.38447255 0.40633032 -0.17358457 0.45105651 0.5438062 0.02627499 0.4757258 0.5443626 -0.14969361 0.48217356 0.69754243 -0.237857 0.47793043 0.71902561 -0.43006405
0.3705065 0.24013366 0.43346325 0.46801746 0.24389443 -0.12928928 0.293369 0.34082592 0.40604833 0.44235677 0.35227498 -0.13631931 0.2879959 0.41300297 0.31302395 0.44257864 0.40167326 -0.08295556 0.31329602 0.42424491 0.1777962 0.38326982 0.42228469 -0.17817529 0.43641624 0.54741657 0.18504234 0.50375462 0.54432851 -0.00542387 0.48100185 0.69781685 -0.01647255 0.47828189 0.71669883 -0.17923827
0.3739197 0.24476036 0.51468003 0.47618103 0.24063307 0.02539891 0.30869591 0.34265545 0.47673854 0.43565857 0.34354925 -0.14472349 0.30023971 0.41308752 0.34761345 0.42632753 0.38565761 -0.16146401 0.31808022 0.42508137 0.17553772 0.38547608 0.41853568 -0.17619614 0.44010812 0.54534209 0.1174097 0.49603283 0.53888535 -0.09269151 0.48094884 0.69843316 -0.32633704 0.47865596 0.71559656 -0.51770961
0.3781316 0.24888399 0.51829803 0.47690663 0.24007004 0.05364537 0.33065659 0.34274596 0.50159019 0.4248887 0.32897007 -0.15544797 0.35382318 0.41258067 0.36537549 0.41459575 0.36071363 -0.24750064 0.32029292 0.42620623 0.17786686 0.3855882 0.4166953 -0.17849828 0.44228718 0.54493469 0.09436239 0.497747 0.53875786 -0.11885852 0.48103413 0.69905174 -0.24054317 0.47915542 0.71575773 -0.45142102
0.37962526 0.24835603 0.65404081 0.47696018 0.22872217 0.11490801 0.34609458 0.33451623 0.57116914 0.41622263 0.30900973 -0.13669443 0.3709484 0.39792663 0.41404465 0.41241062 0.35202998 -0.24872875 0.32007322 0.42158428 0.17922923 0.38561809 0.4058179 -0.17980054 0.43926743 0.54511148 0.06763197 0.49239349 0.53915429 -0.16939126 0.48086989 0.69908124 -0.21947083 0.47943771 0.71407408 -0.43734053
0.36916006 0.24643278 0.65329629 0.48318401 0.22646931 0.1369357 0.34545261 0.32599649 0.56601769 0.42390943 0.30713019 -0.11827195 0.37065142 0.38775626 0.41639122 0.41800082 0.34709969 -0.25436276 0.314684 0.41673574 0.17867421 0.39047948 0.40038639 -0.17930982 0.43531162 0.54443872 0.06181706 0.4898541 0.53783405 -0.16884032 0.48070729 0.69877315 -0.30380437 0.47983134 0.71283132 -0.50791353
0.37346125 0.2489626 0.66137522 0.46188182 0.23943931 0.13213195 0.34579006 0.33715627 0.58900404 0.42288631 0.32709777 -0.12278643 0.36729646 0.39573509 0.44276902 0.41420078 0.35879058 -0.25513911 0.31493559 0.4221715 0.18652579 0.38358042 0.40814736 -0.187255 0.43673307 0.54685473 0.08680604 0.49940863 0.53456765 -0.16586328 0.48098332 0.6978398 -0.30242938 0.47983456 0.71303344 -0.47484633
0.37260869 0.24811737 0.65525621 0.45077962 0.23798177 0.10347021 0.34914196 0.32546359 0.59146285 0.42404717 0.30455142 -0.21088122 0.3803491 0.37701789 0.4878673 0.4183943 0.32002178 -0.38910785 0.31566989 0.42095569 0.18694225 0.38471568 0.40601498 -0.18771523 0.43736976 0.54734939 0.0813873 0.5108853 0.53289968 -0.17834361 0.4800857 0.69788802 -0.36115876 0.4798058 0.71153802 -0.59748954
0.38509411 0.22885039 0.60728431 0.44005188 0.22855917 0.03638372 0.34982792 0.31891286 0.58421165 0.43129334 0.29690608 -0.22992694 0.37667426 0.3706913 0.50332433 0.43419009 0.30992746 -0.37621719 0.3207399 0.41296628 0.18498409 0.39053315 0.39724478 -0.18572156 0.43498057 0.54436994 0.0025465 0.50666863 0.53270388 -0.22276585 0.47979131 0.69881123 -0.37450626 0.47947502 0.71167314 -0.58596087
0.38763624 0.22917658 0.60981894 0.43674487 0.22856027 0.03306403 0.35668007 0.30852932 0.6832881 0.42779103 0.2996558 -0.23616152 0.38909718 0.33937064 0.69117445 0.42932647 0.30709016 -0.41892904 0.3229706 0.41246462 0.18794288 0.38818783 0.39654547 -0.18844049 0.43756312 0.5446074 -0.03669209 0.49020833 0.53284293 -0.24815303 0.47999492 0.69958133 -0.31895134 0.47944319 0.71179295 -0.54193479
0.3889108 0.22352882 0.61171228 0.43783388 0.22753498 -0.00207763 0.35693818 0.30603924 0.66862315 0.43927485 0.30219176 -0.22391273 0.39657274 0.34687105 0.66539532 0.4444496 0.31844282 -0.34377861 0.32309762 0.41110569 0.19327626 0.38640469 0.39703023 -0.19366436 0.43779486 0.54148269 -0.03504725 0.49083975 0.5295822 -0.27867034 0.47999761 0.69825202 -0.31310782 0.47944319 0.71106571 -0.54890138
0.40324336 0.22994322 0.62847167 0.43591771 0.22778459 0.0489261 0.38333976 0.3278895 0.60890359 0.41547561 0.30366504 -0.19950904 0.41315901 0.38609156 0.4801929 0.41312379 0.32187912 -0.34045297 0.33254316 0.41270792 0.19101471 0.3847807 0.39753589 -0.19133769 0.44058943 0.54031152 -0.01439431 0.47781181 0.53024197 -0.2743144 0.47982058 0.69734287 -0.32044852 0.47632688 0.71118581 -0.58633804
0.40870672 0.22985122 0.68336803 0.43495637 0.22683419 0.11542755 0.39643258 0.32938054 0.63219941 0.39715335 0.30055624 -0.16182224 0.42501882 0.38811758 0.49300629 0.39063853 0.32204637 -0.34174374 0.33668217 0.41281968 0.18959075 0.38048154 0.39634123 -0.18982153 0.44504452 0.53982979 -0.05022584 0.4743484 0.53030086 -0.31347287 0.47964087 0.69689173 -0.34068486 0.47395572 0.71128964 -0.60537547
0.40702647 0.22871362 0.66836679 0.4349747 0.22642641 0.03846603 0.39281365 0.32986099 0.62500298 0.39951846 0.30169404 -0.23085526 0.42399904 0.38789776 0.48933101 0.39358515 0.32426739 -0.39519179 0.33653089 0.41478908 0.19616298 0.37323344 0.39788672 -0.19633594 0.4473505 0.54022396 -0.03354136 0.47346795 0.53226393 -0.28048134 0.47914034 0.69682527 -0.21806514 0.4727174 0.71299928 -0.48895648
0.40869886 0.23657183 0.6647976 0.4357039 0.22680584 0.02608321 0.39941821 0.33637801 0.6217218 0.3985326 0.30662096 -0.24429171 0.43349612 0.39421025 0.46690831 0.39559487 0.32867482 -0.41243553 0.33798766 0.41993624 0.19936843 0.36952525 0.40267035 -0.19955741 0.44696563 0.54448032 -0.00583779 0.46906775 0.53848296 -0.25798935 0.47919604 0.6985901 -0.15675235 0.47277477 0.71526849 -0.40810162
0.40769413 0.24666804 0.68481785 0.43366998 0.2264424 0.10911623 0.39941958 0.33567965 0.64099342 0.37611029 0.306346 -0.14391422 0.42682606 0.39387497 0.49066457 0.37519038 0.32892194 -0.30770743 0.33791527 0.41984987 0.19401455 0.36885485 0.40040413 -0.19423495 0.44691071 0.54447103 -0.04400447 0.47337472 0.53400379 -0.2850531 0.47939968 0.69860184 -0.28789303 0.47415608 0.71482128 -0.51185793
0.3899774 0.25690553 0.61713719 0.43914852 0.24271439 0.10668247 0.35389736 0.3589347 0.57565808 0.37914675 0.35962364 -0.07627838 0.35975128 0.43789461 0.45896742 0.36660469 0.42742988 -0.08754464 0.3205328 0.43976232 0.19126083 0.36707866 0.43037856 -0.19186015 0.45130104 0.54443514 0.13616 0.49384883 0.53484422 -0.03594676 0.47943532 0.69882458 -0.00197596 0.47587579 0.71415532 -0.17192873
0.38996351 0.23267223 0.63140929 0.436932 0.22434193 0.11706255 0.34979653 0.32906178 0.56597912 0.40742853 0.2916266 -0.161442 0.35918969 0.39411315 0.42955902 0.40317416 0.32748407 -0.39781728 0.32142952 0.41962025 0.1840879 0.38796851 0.40258399 -0.18478405 0.42780358 0.54317576 0.05266807 0.4931227 0.53413391 -0.16877088 0.47789454 0.69864076 -0.29983315 0.47587958 0.7141484 -0.54001367
0.39775696 0.22099835 0.74115562 0.43047807 0.21255547 0.17478305 0.35196835 0.31682682 0.67539632 0.41775036 0.27419537 -0.16258314 0.36574417 0.37796417 0.55276191 0.43860471 0.3115958 -0.43925682 0.33380753 0.4011431 0.18423913 0.38894922 0.37961996 -0.18487659 0.42909896 0.53696138 -0.05621838 0.48455206 0.53262532 -0.36290756 0.47717834 0.69708365 -0.38633013 0.47530478 0.7127741 -0.70546383
0.40639275 0.2264425 0.70637482 0.43062919 0.21801946 0.15202811 0.39647862 0.32663855 0.65360099 0.39416918 0.28354883 -0.12237284 0.43599245 0.38083917 0.53379375 0.41230902 0.31953874 -0.32008818 0.34198937 0.4137201 0.17997383 0.38061765 0.3885484 -0.18045734 0.46505627 0.54598248 -0.08818996 0.49325517 0.5312987 -0.31747144 0.47678784 0.69775158 -0.42940989 0.47358301 0.71287292 -0.6192981 
0.40597105 0.22824316 0.6963985 0.43398419 0.2229564 0.13905805 0.39131203 0.32936975 0.64297432 0.39238292 0.2968432 -0.12716882 0.42447516 0.38761991 0.52560395 0.39925936 0.321531 -0.30002749 0.33996397 0.41833913 0.17919211 0.37736973 0.39702368 -0.17963648 0.46649852 0.54920566 -0.08567299 0.49523699 0.53355855 -0.29383874 0.47702372 0.70061624 -0.41122288 0.47358274 0.71766591 -0.59949738
0.40687668 0.25982153 0.62669337 0.4343259 0.22682092 0.1304426 0.40014872 0.34610653 0.56372786 0.35328504 0.29704973 -0.128107 0.43069923 0.41054812 0.38973847 0.3577936 0.32489187 -0.33572656 0.34081089 0.42773041 0.17836468 0.3722297 0.40208334 -0.17879206 0.46536097 0.54884338 -0.06951667 0.49409348 0.5332998 -0.28157195 0.4767023 0.70155752 -0.3378931 0.47176957 0.71758151 -0.48430249
0.40277046 0.25508481 0.63113159 0.43998712 0.22811453 0.19542776 0.36535838 0.34457743 0.56209636 0.37773252 0.3151255 -0.02147245 0.39188689 0.41178483 0.41446418 0.36403477 0.36229369 -0.15662561 0.34046954 0.41953346 0.16777438 0.38351572 0.40126485 -0.16824844 0.4635126 0.54696482 -0.06019695 0.49378178 0.53801858 -0.2732375 0.47747204 0.69934744 -0.39319307 0.47204781 0.71479928 -0.58809215
0.40104413 0.25493893 0.62798917 0.44134104 0.22964694 0.16343389 0.35969502 0.34486717 0.56064993 0.37938902 0.33386618 -0.04680794 0.38367403 0.42148864 0.40501603 0.36755964 0.39797434 -0.10481919 0.33753669 0.4183723 0.16782454 0.37897655 0.40183246 -0.16836211 0.46229991 0.54546678 -0.04049661 0.48909578 0.53873372 -0.19476503 0.47820169 0.69921809 -0.33817902 0.47231132 0.71171099 -0.48221108
0.40105489 0.25474188 0.63354814 0.43963936 0.22983441 0.1210752 0.36819425 0.34527585 0.5683198 0.38119835 0.3309353 -0.07730631 0.39238167 0.41955015 0.41324866 0.3706902 0.38411549 -0.16291761 0.33738402 0.4184061 0.16855015 0.37186676 0.40219882 -0.16913298 0.46367267 0.54543966 -0.02717544 0.48919639 0.53855491 -0.20602015 0.47852162 0.69889432 -0.29397297 0.47235206 0.71021897 -0.46447575
0.40910399 0.24142541 0.66741216 0.43903852 0.22499941 0.17479344 0.37981901 0.33165136 0.59824681 0.3816002 0.30440399 -0.07665682 0.41324571 0.39325973 0.44619557 0.37262762 0.32240066 -0.21456076 0.3424859 0.41154125 0.168997 0.37473056 0.39366356 -0.16943569 0.46461797 0.54448807 -0.03821098 0.48162028 0.54121 -0.26546726 0.47862685 0.6966753 -0.29196104 0.47230068 0.71147788 -0.50668985
0.40418288 0.23961309 0.66323447 0.44110373 0.22558154 0.18658401 0.36613032 0.33209604 0.57922679 0.39254951 0.32193911 0.01801194 0.39897752 0.40147838 0.43821788 0.37405565 0.36668238 -0.0498428 0.3352246 0.41143224 0.16699217 0.3757779 0.39470375 -0.16745569 0.46036315 0.54457599 -0.04057473 0.48184374 0.54268998 -0.23150624 0.47830951 0.69661337 -0.30057967 0.47230846 0.71171737 -0.49948743
0.39428768 0.23893707 0.60875869 0.44328016 0.2267115 0.17690372 0.33762297 0.3331773 0.54985034 0.42647979 0.34190077 0.01353026 0.37809485 0.4062863 0.43647957 0.42804638 0.38922393 -0.0125367 0.3290135 0.4119772 0.16706495 0.37664837 0.39804476 -0.16755126 0.45308745 0.54425275 -0.04617481 0.48104486 0.54425633 -0.22430955 0.47770232 0.69532883 -0.29116964 0.4720684 0.7117309 -0.46821496
0.39767045 0.22902934 0.6424675 0.44594043 0.22585447 0.17748898 0.34265041 0.33253706 0.56101727 0.42241457 0.33590207 -0.01001769 0.38161188 0.4071455 0.44463027 0.42011422 0.38172582 -0.09273311 0.32879826 0.41041687 0.16770317 0.3807241 0.39753586 -0.16819078 0.45138437 0.54332197 -0.04460263 0.48118076 0.5449456 -0.22543351 0.47770154 0.69473904 -0.28965202 0.47207609 0.71219552 -0.46929958
0.40103981 0.22639535 0.71833539 0.44740096 0.22367644 0.17497252 0.35315162 0.32136181 0.66684836 0.42685425 0.31895372 -0.04421348 0.39879188 0.37951076 0.54487383 0.4305867 0.35430324 -0.18694921 0.33372825 0.40798855 0.17542291 0.38693944 0.39417014 -0.17573069 0.45268217 0.54331678 -0.05096061 0.48141164 0.54517585 -0.29209825 0.47780237 0.6947459 -0.32830861 0.47192869 0.71236992 -0.58532572
0.40583739 0.22555616 0.72761488 0.45175713 0.22182629 0.22243513 0.3541027 0.31193024 0.6542362 0.43147132 0.29781646 -0.04679275 0.39698094 0.36824098 0.5210849 0.44012746 0.33137754 -0.21917665 0.3328875 0.40577367 0.17393336 0.39751828 0.39089563 -0.17428264 0.44800612 0.54335409 -0.05461305 0.48998222 0.54408318 -0.28623104 0.47755736 0.69476742 -0.39571455 0.47194639 0.71151769 -0.63029861
0.4155075 0.22656821 0.71964771 0.45286506 0.22178507 0.20126286 0.37932092 0.31634969 0.64934224 0.41455042 0.30103466 -0.0664105 0.41512895 0.37667781 0.50483453 0.43353733 0.33490717 -0.23768814 0.33810446 0.40580803 0.17545687 0.39721388 0.3901588 -0.17574501 0.4513095 0.54396242 -0.05671944 0.4845117 0.54466683 -0.27644974 0.47769752 0.69582742 -0.36721221 0.47197741 0.71276349 -0.59191138
0.43132114 0.22245882 0.73841625 0.45256853 0.21261065 0.14660244 0.41705123 0.31869456 0.67844111 0.43278804 0.29477206 -0.13946603 0.44529873 0.38103989 0.52157265 0.46763146 0.33405358 -0.31668612 0.36343664 0.3986212 0.18372691 0.39567855 0.3794952 -0.18381229 0.4542647 0.53859389 -0.05182538 0.47724774 0.54456598 -0.31164056 0.47771838 0.6966601 -0.28011605 0.47197405 0.71501923 -0.57268518
0.42778698 0.24431595 0.70930248 0.45357752 0.22337294 0.10330541 0.40202087 0.34004062 0.62953311 0.42893252 0.32174054 -0.1327033 0.38722613 0.42120904 0.46721199 0.45518315 0.38724867 -0.27885064 0.35906675 0.41422793 0.18489061 0.39501628 0.40043774 -0.18515731 0.46385947 0.54834056 0.02736516 0.48963776 0.55216283 -0.19249524 0.47869393 0.70407397 -0.16815639 0.47383282 0.72041065 -0.40247938
0.4523209 0.24321565 0.76515037 0.45478094 0.21872219 0.12249815 0.44402778 0.34164649 0.70499164 0.41085675 0.30851263 -0.12966311 0.44905835 0.41791517 0.52820772 0.45270649 0.37635392 -0.32233337 0.37662479 0.41168916 0.18561384 0.39393148 0.39127904 -0.18576577 0.46765622 0.54819185 -0.04289776 0.48941046 0.5511353 -0.29880947 0.47874457 0.70571834 -0.19375011 0.47426736 0.72070694 -0.51380342
0.46146357 0.23675914 0.76225865 0.45458204 0.21183001 0.12130928 0.46165368 0.33763984 0.74537569 0.41022938 0.30098718 -0.14605483 0.48318782 0.4131662 0.59459108 0.44460875 0.37145227 -0.3362973 0.39332214 0.40662631 0.19169343 0.39304575 0.38516176 -0.19166327 0.47406742 0.54802448 -0.05551427 0.47710881 0.55068511 -0.34221169 0.4799192 0.70527619 -0.2177844 0.47421435 0.72087866 -0.51624548
0.46483222 0.22850551 0.6962108 0.4570263 0.20900808 0.04453484 0.46221095 0.33339426 0.70932901 0.41509196 0.30111974 -0.16991383 0.48686522 0.40804046 0.56343156 0.45985597 0.37025398 -0.32435492 0.39937222 0.40136608 0.19662264 0.38995385 0.38324696 -0.19648886 0.47622165 0.54529035 -0.05868376 0.47564065 0.5503217 -0.34140906 0.48137817 0.70490116 -0.22978637 0.47422829 0.72067606 -0.54067349
0.46319363 0.2288938 0.72809839 0.46637374 0.21046647 0.10497483 0.44775471 0.33323395 0.69924116 0.43136832 0.29923013 -0.13521214 0.46928471 0.40759307 0.55355114 0.46204126 0.36861143 -0.31314558 0.39644811 0.40194714 0.19528043 0.3971017 0.38391247 -0.19522046 0.47497231 0.54674715 -0.05724814 0.48385248 0.55107427 -0.34132791 0.48187724 0.70711583 -0.2367025 0.47526306 0.72313637 -0.54683262
0.45788002 0.22218847 0.56310576 0.48228914 0.21077867 -0.08283696 0.4173916 0.31886435 0.63184005 0.45900306 0.30177721 -0.17954358 0.4660731 0.379978 0.57717961 0.48540315 0.36780182 -0.12732553 0.39035723 0.40274817 0.19960502 0.4382844 0.38961369 -0.19979976 0.46022746 0.55137414 0.00547732 0.4951967 0.55146295 -0.21810313 0.48201826 0.70994461 -0.14117254 0.47708869 0.72479439 -0.38724661
0.47330797 0.22339171 0.54054141 0.48768219 0.21138015 -0.15738794 0.4596177 0.30339971 0.71617126 0.45914638 0.29429573 -0.30394664 0.51552504 0.32593518 0.82405907 0.4914127 0.34696007 -0.29217359 0.41192561 0.40616819 0.20810288 0.42658585 0.39511845 -0.20838872 0.484267 0.55433881 0.00513327 0.50389618 0.55119914 -0.21953002 0.4829239 0.71013016 -0.10766579 0.47753969 0.72463679 -0.3335101 
0.46896017 0.22402638 0.51023984 0.50062084 0.21996661 -0.13052185 0.45633453 0.27182734 0.71955085 0.47638261 0.30121526 -0.31983957 0.51688772 0.28345755 0.90854716 0.50151336 0.33529246 -0.36006397 0.40325582 0.41176167 0.20687285 0.43741745 0.40280727 -0.20722947 0.47890788 0.55788523 0.00103107 0.51307553 0.55096298 -0.1806007 0.48328033 0.71436507 -0.1214148 0.47787803 0.72646511 -0.30225393
0.49672231 0.22998771 0.42284819 0.49916801 0.22335643 -0.25213051 0.46888518 0.29046777 0.55006444 0.46783629 0.30476582 -0.32098803 0.5014559 0.33948201 0.55833608 0.49520138 0.35063329 -0.24092253 0.43612951 0.41443616 0.21325845 0.4304153 0.41023219 -0.2133693 0.49978948 0.55739486 0.03142742 0.503793 0.56264722 -0.20956443 0.48753729 0.71164149 -0.01819289 0.47786334 0.72681385 -0.32397869
0.49893466 0.2321448 0.46090102 0.50634342 0.2286063 -0.27111715 0.46707994 0.30952054 0.54072273 0.4729653 0.31837052 -0.3075712 0.51610339 0.38020372 0.44844398 0.5178411 0.38368139 -0.14222904 0.43358582 0.41726905 0.22199316 0.44834143 0.40898484 -0.2219547 0.50289637 0.55904323 0.03813826 0.50649422 0.56344032 -0.21922214 0.49156755 0.71212637 -0.02189121 0.47808862 0.72979277 -0.30868766
0.50307429 0.24273324 0.41590995 0.51144534 0.23657273 -0.35303229 0.46811512 0.32832184 0.47588506 0.48033389 0.33538163 -0.3656128 0.52693915 0.40416282 0.36125809 0.52803797 0.41101882 -0.15000486 0.42918122 0.4297027 0.23401543 0.44706976 0.41941485 -0.23386979 0.50412363 0.56035924 0.08908722 0.50452256 0.56817621 -0.21380688 0.49316531 0.71173257 0.08700054 0.47827867 0.72957152 -0.23166914
0.52117962 0.24444048 0.3286117 0.5131079 0.23752555 -0.42927197 0.48726088 0.33613545 0.40131739 0.48306847 0.33605197 -0.43123981 0.5548926 0.40436524 0.29486147 0.53287315 0.40929306 -0.18063661 0.45333499 0.43356845 0.23958382 0.44463632 0.42291132 -0.23940141 0.51882559 0.56876308 0.18092549 0.49879286 0.57492524 -0.19809461 0.49526119 0.70774025 0.2421498 0.47840163 0.73002702 -0.12906179
0.51668757 0.24361461 0.26509643 0.52967817 0.24568462 -0.51760501 0.47965771 0.34751451 0.34440407 0.49850667 0.35342583 -0.50400037 0.53942239 0.41988915 0.22416645 0.54725486 0.426613 -0.27341056 0.44960341 0.44075862 0.25545889 0.44750184 0.43293247 -0.25552607 0.51259691 0.57214254 0.32725891 0.49243796 0.57881641 -0.13206403 0.49490768 0.70378053 0.51278359 0.47840145 0.73041469 0.06356397
0.54315257 0.25025111 0.28012532 0.53229344 0.24650259 -0.52553147 0.49936557 0.354269 0.36519134 0.50149095 0.3559213 -0.55490309 0.55705982 0.43524024 0.25646353 0.55367005 0.4307785 -0.37899548 0.4625521 0.43954358 0.26248449 0.45105606 0.43040055 -0.26248366 0.53588665 0.5700013 0.27154306 0.4934203 0.57592803 -0.16603713 0.4953981 0.70185757 0.4021371 0.47832614 0.73034406 -0.05056098
0.54382753 0.2566652 0.37095046 0.54531926 0.25026542 -0.39054486 0.49520773 0.36541516 0.3721016 0.50481176 0.3599883 -0.44778493 0.54995477 0.44720426 0.34228292 0.55668801 0.44074947 -0.26866466 0.45265552 0.44483837 0.25565836 0.44915345 0.43285096 -0.25573149 0.52883989 0.56891274 0.18620153 0.52819335 0.57162589 -0.19508345 0.4950344 0.70229226 0.31943738 0.47933665 0.72858882 -0.13975917
0.56286019 0.27089912 0.4971917 0.55506337 0.25717899 -0.33493552 0.49335733 0.37453786 0.52677774 0.50877851 0.36908567 -0.36345235 0.54200351 0.45536825 0.35517201 0.55432892 0.44591326 -0.21231352 0.45059538 0.44638926 0.2567898 0.43107042 0.44068566 -0.25677222 0.58848625 0.5562607 -0.00536167 0.55433571 0.5478707 -0.46105975 0.49086344 0.6880697 -0.1465607 0.47849953 0.72299606 -0.5755409 
0.59113866 0.29055849 0.53705406 0.5545119 0.26215208 -0.25931725 0.53540742 0.38835141 0.60614121 0.50708109 0.37676078 -0.29026148 0.56556946 0.45928112 0.41813871 0.56340617 0.45094067 -0.18614261 0.4531903 0.45328036 0.25425801 0.42247498 0.44683823 -0.25423682 0.60973299 0.55244869 -0.01632692 0.58465111 0.54417682 -0.48715904 0.50544149 0.68407464 -0.19306688 0.47849312 0.71044976 -0.63087535
0.60803658 0.29823658 0.50305766 0.55305052 0.26689503 -0.32285124 0.57298082 0.4061518 0.59047657 0.50337511 0.38308817 -0.39528295 0.58343655 0.48615745 0.42086282 0.56643289 0.46492577 -0.35440671 0.46743613 0.45753872 0.25317526 0.41419527 0.44792846 -0.25319263 0.67654395 0.54395217 -0.05590299 0.57079232 0.53426743 -0.58284819 0.5222587 0.68321055 -0.15234379 0.4882943 0.70385963 -0.60150373
0.61955863 0.30656344 0.54637665 0.56268895 0.27474117 -0.32119742 0.56790066 0.41305631 0.63801134 0.50382602 0.39352906 -0.38677749 0.57253408 0.49712998 0.46552408 0.5687353 0.48197326 -0.31085178 0.4656297 0.46258488 0.25404513 0.40817431 0.45069632 -0.2540614 0.67447859 0.54455316 -0.06928153 0.5920155 0.53755784 -0.53835464 0.52347875 0.68513924 -0.18661848 0.48753294 0.70001054 -0.58576626
0.62270951 0.31163883 0.52898103 0.5751375 0.28264761 -0.31800926 0.56269389 0.42024004 0.60166365 0.50690055 0.40348837 -0.38554439 0.56509888 0.50509155 0.44184843 0.57089365 0.49427024 -0.29508317 0.46193972 0.46948308 0.25335437 0.40901047 0.45857665 -0.25336662 0.64515489 0.55288005 -0.0301441 0.63508731 0.54072946 -0.46766591 0.51588237 0.69099617 -0.14166214 0.51364625 0.70296085 -0.52443123
0.63293105 0.32560602 0.54085171 0.58421069 0.29020968 -0.30558705 0.55220193 0.43421593 0.60635078 0.5138697 0.41800174 -0.34303805 0.56193608 0.51890242 0.43841565 0.56963325 0.51169628 -0.20135741 0.45747107 0.47354448 0.25426832 0.40655842 0.4650887 -0.2543084 0.63556355 0.57040149 -0.01843994 0.64269185 0.54086947 -0.47895768 0.49690726 0.69332665 -0.14018784 0.50872844 0.70569223 -0.5460518 
0.64123237 0.33244067 0.53056902 0.59625643 0.3005574 -0.31532088 0.57319432 0.43241236 0.60946304 0.51595402 0.42677152 -0.34869146 0.56247109 0.52131677 0.46356502 0.56637669 0.51718193 -0.21725811 0.44311616 0.4755469 0.25446346 0.40827593 0.46815965 -0.25454289 0.57854378 0.58314323 0.01070171 0.65922546 0.54796952 -0.45181334 0.43042234 0.69203502 -0.11491162 0.5277862 0.72480279 -0.50486225
0.64704996 0.3394559 0.46008435 0.60341358 0.31094667 -0.36302304 0.57432181 0.44691998 0.5480814 0.52252293 0.44353196 -0.38749996 0.57731539 0.53427714 0.44033787 0.56530339 0.52826989 -0.22318707 0.42574897 0.47600546 0.25402501 0.40136302 0.47216126 -0.25410229 0.56709355 0.57750386 0.14512528 0.65831047 0.55573624 -0.36667946 0.42429772 0.68063802 0.12697411 0.53729725 0.72619945 -0.30876118
0.64618665 0.34081134 0.46611786 0.61915278 0.32434905 -0.34779716 0.57729954 0.4487589 0.54462868 0.53233212 0.45537284 -0.38528627 0.5759846 0.54444253 0.43964556 0.56395757 0.54462999 -0.22895201 0.40874293 0.47548029 0.25366819 0.40324447 0.47236982 -0.25376406 0.46916139 0.5755322 0.16275525 0.65241069 0.55930912 -0.34856239 0.31729034 0.65093178 0.26898941 0.53349739 0.72501719 -0.22458601
0.65295476 0.35921875 0.32286328 0.61752158 0.33679488 -0.42179722 0.58528173 0.46303174 0.41412994 0.5302763 0.46644297 -0.4292573 0.5910033 0.55795848 0.28778568 0.56266224 0.55155259 -0.28690365 0.41493949 0.47689644 0.23920201 0.38730821 0.47916663 -0.23938155 0.6089949 0.57009244 0.25379473 0.63871646 0.56254923 -0.29484913 0.38517305 0.64622796 0.30988336 0.52265704 0.67895275 -0.03332004
0.65254831 0.36971232 0.23730592 0.62089443 0.35048983 -0.54831314 0.58398092 0.47717512 0.33096394 0.53673065 0.4851647 -0.55484498 0.59436405 0.5703764 0.20146506 0.56196469 0.5727303 -0.39408028 0.41288 0.48005387 0.23990571 0.38328508 0.47774282 -0.24005808 0.58946186 0.56985223 0.34141892 0.60656244 0.5760898 -0.24906984 0.43599245 0.65182549 0.50060403 0.51505888 0.6917358 0.046403 
0.65142089 0.36922243 0.20474616 0.62772524 0.36428282 -0.53068417 0.58227581 0.47648603 0.28774023 0.54294884 0.49146587 -0.54381287 0.58864927 0.56903845 0.1705119 0.5656749 0.58443803 -0.3972117 0.39783457 0.47767064 0.22608389 0.37840047 0.48362017 -0.22613092 0.50520861 0.57205385 0.32924262 0.57406437 0.57883394 -0.18265387 0.4069905 0.65482706 0.52208203 0.474545 0.69047338 0.11963015
0.66947943 0.37685516 0.11506858 0.62648964 0.37628749 -0.62413329 0.58590961 0.48818237 0.21228993 0.55282861 0.49684456 -0.64836586 0.58891863 0.57901937 0.11443095 0.57305181 0.60096455 -0.52437818 0.40393949 0.47646368 0.22456884 0.35992703 0.47958338 -0.22462101 0.59400499 0.56527501 0.26418999 0.57425505 0.57611567 -0.26620546 0.47514141 0.66187805 0.35785595 0.4389306 0.65860051 0.07715732
0.66512007 0.3936767 0.14769463 0.6269052 0.38565496 -0.62815398 0.58950406 0.49686831 0.23492868 0.5535996 0.50173348 -0.66923147 0.59040815 0.58446586 0.10480399 0.57135767 0.60524076 -0.56561118 0.40565038 0.47564608 0.22673599 0.35425606 0.46683916 -0.22676829 0.59344196 0.55312711 0.30816561 0.55478913 0.56639946 -0.29275689 0.50881952 0.64056557 0.42147824 0.45571858 0.62324101 0.09259448
0.67110926 0.40568992 0.16531825 0.62642264 0.39637062 -0.60667038 0.60472345 0.50031745 0.26968336 0.55629766 0.50806606 -0.6437912 0.59874165 0.58585817 0.15292178 0.56862479 0.61085451 -0.54412931 0.40418482 0.47526515 0.22810815 0.34636843 0.46239319 -0.22816971 0.595613 0.53848904 0.33934212 0.53941238 0.56504792 -0.39988354 0.51404244 0.61561561 0.45666254 0.45586145 0.58194333 0.17795572
0.66906142 0.41695127 0.14261426 0.6247471 0.41507408 -0.63449293 0.60422087 0.51646334 0.23288773 0.55604732 0.53191626 -0.6643405 0.5958432 0.60263747 0.10097401 0.55808884 0.62499714 -0.57764465 0.40452421 0.47420219 0.22828369 0.33761135 0.46273553 -0.22833864 0.59221953 0.54165566 0.34415475 0.52503818 0.5786429 -0.42946243 0.49341843 0.60894018 0.4606165 0.44354758 0.59721202 0.21068741
0.66517639 0.4334493 0.18844129 0.63100165 0.42932442 -0.58593208 0.602754 0.53544301 0.27920064 0.55408365 0.54805571 -0.61737585 0.58168352 0.62014019 0.15397198 0.5399974 0.64122444 -0.42947367 0.38507974 0.47391477 0.23307914 0.3331911 0.46514896 -0.23337926 0.59137481 0.54373616 0.30225691 0.55512184 0.55780005 -0.26221383 0.53620362 0.64810389 0.43641999 0.53870577 0.61514032 0.22559464
0.66652054 0.44568697 0.32323766 0.63711333 0.4360503 -0.50656599 0.59958971 0.54153675 0.36286241 0.55265111 0.55062592 -0.49611992 0.57725793 0.61944032 0.19254945 0.53375745 0.63518292 -0.2793819 0.37917462 0.47362322 0.24117626 0.3298054 0.46552435 -0.24147834 0.58960867 0.55311841 0.29231596 0.56667298 0.55888075 -0.21122201 0.56344604 0.66168016 0.43516594 0.57141685 0.64621925 0.24496935
0.66713142 0.45422122 0.3207688 0.64080226 0.44436204 -0.47232303 0.58624506 0.5408408 0.35986939 0.53366089 0.54595494 -0.46483779 0.57238555 0.6214751 0.16544153 0.5370841 0.6391378 -0.26978764 0.36690426 0.47348309 0.24061909 0.32805476 0.46560955 -0.24080595 0.56343007 0.55571437 0.28584757 0.56613159 0.5589177 -0.2190749 0.44102535 0.63074672 0.45616004 0.4263266 0.63007176 0.16857235
0.66856593 0.46317139 0.37469158 0.64428896 0.44189945 -0.47013229 0.57791173 0.5388943 0.46761027 0.51380813 0.53649181 -0.47136241 0.57187504 0.61854929 0.33046377 0.53624076 0.62884915 -0.24100044 0.36160362 0.47289413 0.25181746 0.3268486 0.46540964 -0.25192961 0.55448639 0.56054437 0.29197741 0.56554049 0.55931276 -0.15467004 0.53572714 0.64644492 0.47243345 0.54447734 0.65611076 0.2016018 
0.67043722 0.4654651 0.35684088 0.64459884 0.4433324 -0.48192155 0.57799065 0.54359847 0.45154044 0.51038778 0.53904414 -0.48135138 0.57033175 0.62024873 0.31469679 0.53302711 0.62855089 -0.30033135 0.36084613 0.47123322 0.25443548 0.32705188 0.46496251 -0.25446108 0.55755657 0.56136501 0.29095954 0.5620113 0.55947131 -0.15504198 0.56907803 0.66427916 0.45633286 0.5914309 0.671606 0.16301741
0.67002714 0.46082428 0.33764848 0.64822739 0.44795659 -0.44277218 0.57498902 0.5422256 0.35505921 0.51225454 0.54525799 -0.398637 0.56038743 0.61879486 0.16553555 0.52502584 0.62652242 -0.11585733 0.35982019 0.4703252 0.23903199 0.32874471 0.46495742 -0.23882028 0.55227709 0.56219608 0.28672594 0.56689376 0.55978549 -0.19273818 0.47999313 0.64020354 0.43993419 0.47585869 0.65241349 0.15847352
0.66925985 0.45774931 0.32996103 0.6464628 0.45051417 -0.4329938 0.57506651 0.54322457 0.35772365 0.51493484 0.55099511 -0.40080041 0.55932546 0.62157381 0.18747482 0.52312481 0.63365531 -0.13368326 0.35805127 0.46847448 0.22718933 0.32734686 0.46619803 -0.22719221 0.56926054 0.55092627 0.29687613 0.5788064 0.55418468 -0.18607605 0.5718233 0.6424939 0.51233125 0.58613563 0.6532408 0.23113026
0.67230862 0.45902196 0.3238225 0.64544553 0.4496347 -0.44441515 0.5795598 0.54528916 0.35823399 0.5165 0.55401778 -0.42245021 0.55306816 0.62259525 0.19287212 0.51300144 0.63605249 -0.17654324 0.36191991 0.46795693 0.22639553 0.32805315 0.46697435 -0.22641475 0.57745355 0.55200344 0.29275042 0.57828343 0.55465275 -0.17469929 0.60217804 0.65794361 0.5047304 0.61411422 0.67504209 0.19528772
0.67359108 0.45816451 0.32024261 0.64522153 0.45036647 -0.44004953 0.5799545 0.54495168 0.35239109 0.51744229 0.55272484 -0.40227744 0.54852206 0.61961174 0.17961395 0.50897449 0.6316731 -0.11385355 0.36400163 0.46712047 0.22497264 0.3291328 0.46698895 -0.22497611 0.58162904 0.55147588 0.29738659 0.57781154 0.55488622 -0.19067948 0.6071949 0.65945596 0.51363617 0.61280435 0.68310696 0.19008368
0.67830348 0.45948765 0.31142998 0.64529884 0.44856653 -0.4358815 0.58479607 0.54429716 0.35428786 0.51757699 0.55034149 -0.4059352 0.55025864 0.61886144 0.18782108 0.50791669 0.62971079 -0.13781944 0.36629477 0.46714821 0.2206714 0.32985705 0.46704465 -0.22066662 0.58525336 0.55191261 0.29630208 0.5774703 0.55505407 -0.19824015 0.61269569 0.65911329 0.51055753 0.62793797 0.67713523 0.19015142
0.68252301 0.45953074 0.30382991 0.6458447 0.44871414 -0.43787974 0.58787078 0.54436183 0.3546766 0.51812649 0.55089253 -0.41667691 0.55187088 0.62059462 0.19178301 0.51121742 0.63314468 -0.17428276 0.3666082 0.46718019 0.21787894 0.32985181 0.46828702 -0.21793823 0.58644038 0.5521124 0.29131818 0.57733423 0.55597442 -0.19902697 0.59686184 0.64288533 0.47868857 0.60077322 0.65880185 0.21972466
0.68383193 0.46034864 0.29747909 0.64760357 0.44783866 -0.43567652 0.58900201 0.54521841 0.35001871 0.52081239 0.55052859 -0.41916311 0.55224043 0.62379366 0.19212407 0.50840497 0.63352656 -0.18754104 0.36701152 0.4674927 0.21603 0.33021614 0.46900815 -0.21612968 0.5854525 0.55614561 0.28796586 0.57703036 0.55754554 -0.19693567 0.5827269 0.64428914 0.45852855 0.59176213 0.65473354 0.22608903
0.68383628 0.45952627 0.29615417 0.65135902 0.44683585 -0.43353918 0.58900172 0.54549009 0.34686494 0.52575439 0.55035979 -0.40617284 0.55290091 0.62283975 0.1773023 0.51026177 0.63302094 -0.15323649 0.36769831 0.46783152 0.21590595 0.33059418 0.46956408 -0.21599065 0.58947527 0.55447733 0.30323112 0.57878685 0.55669427 -0.19702163 0.59593046 0.64469713 0.51547951 0.61011118 0.65564233 0.22806497
0.68641454 0.45853052 0.29421279 0.65066761 0.4460409 -0.42836291 0.59816211 0.5464766 0.34833169 0.53401774 0.55157161 -0.40803701 0.55430496 0.62351418 0.18086582 0.5110032 0.63483334 -0.1704744 0.37192738 0.46835774 0.21518534 0.33064497 0.47037563 -0.21528238 0.58994401 0.55872494 0.30130368 0.57960266 0.55643076 -0.20866336 0.59779876 0.64841306 0.50070775 0.61288697 0.65850002 0.20568959
0.68870038 0.45822245 0.28757197 0.65021312 0.44528624 -0.42039829 0.60552257 0.54758161 0.34819838 0.54111671 0.55233699 -0.40205958 0.55824196 0.62401921 0.18423985 0.51216137 0.63491994 -0.17824961 0.37696493 0.46868524 0.21084011 0.33121899 0.47082299 -0.21094646 0.59251124 0.55898058 0.284482 0.57970136 0.55690777 -0.21690498 0.59535354 0.64960647 0.45685208 0.61245328 0.65829724 0.20178334
0.69081408 0.4583582 0.28823245 0.65062684 0.44524097 -0.42372271 0.60878092 0.54828715 0.35003349 0.54685563 0.55215126 -0.40140989 0.55955577 0.62450033 0.19288938 0.51351947 0.63482249 -0.17353904 0.37924004 0.47018909 0.21209869 0.3324056 0.47149387 -0.21220173 0.60046875 0.56498998 0.27637902 0.58603966 0.55693126 -0.211465 0.59303063 0.6586436 0.42815936 0.6091702 0.66125715 0.19059381
0.69241172 0.45795965 0.28882429 0.65103143 0.44403273 -0.42667544 0.6124742 0.54783553 0.35382986 0.54990262 0.5516414 -0.40426382 0.56458205 0.62412483 0.19244054 0.51605785 0.6344406 -0.19306874 0.38128567 0.47063389 0.21261497 0.3332161 0.47205594 -0.21272464 0.59899324 0.56708378 0.27682266 0.58548892 0.557374 -0.2156398 0.59796911 0.65881926 0.43591139 0.61328828 0.66047662 0.20431137
