0.45171398 0.44802192 0.62811863 0.5537343 0.4693538 0.18227357 0.3926754 0.52985483 0.61236531 0.53244835 0.58922368 0.06236625 0.33372867 0.60331476 0.57915336 0.52754122 0.70985913 0.17053913 0.2747086 0.5459314 0.1617997 0.33469546 0.55815929 -0.16260464 0.35401508 0.64929825 0.30478653 0.45246822 0.64782119 -0.00191434 0.29961252 0.7623896 0.48993984 0.40378651 0.78140765 0.2591491 
0.44552425 0.44576162 0.71033227 0.56479251 0.4704363 0.25629038 0.38779604 0.53802907 0.68026245 0.53287119 0.58901149 0.12106545 0.32484934 0.62967068 0.61647379 0.53893226 0.7092284 0.2243643 0.23381211 0.52779979 0.17653172 0.31956291 0.54136544 -0.17746557 0.34096131 0.65306628 0.25742349 0.47813347 0.63105136 -0.04812537 0.27874455 0.77307922 0.39327732 0.39712095 0.79037476 0.12655637
0.44035223 0.44934618 0.72014499 0.56239122 0.46619669 0.22406362 0.36261171 0.53195167 0.68022513 0.54192114 0.5909515 0.06913776 0.2752935 0.61548877 0.61844444 0.52760923 0.70701712 0.16536243 0.22400102 0.52300769 0.19079958 0.29989111 0.52995354 -0.19150886 0.35892093 0.64905608 0.26443529 0.47512811 0.62743729 -0.12191384 0.28394893 0.76906085 0.38035035 0.39628577 0.7903738 0.05136879
0.44444042 0.4488627 0.70621407 0.56321943 0.46962941 0.24688374 0.36934391 0.51362604 0.67595124 0.5424366 0.59188002 0.1373993 0.30785462 0.57667392 0.6488567 0.52248049 0.70595604 0.24096169 0.21078712 0.51951122 0.18181768 0.29237589 0.5235377 -0.18244918 0.3549341 0.64698017 0.21097448 0.48406705 0.62900364 -0.12939009 0.28270867 0.7683779 0.27269667 0.39255932 0.79226041 -0.03221699
0.43878335 0.44796315 0.72337437 0.56306046 0.47148496 0.26438963 0.3692649 0.50642627 0.68972719 0.54287034 0.59198982 0.16095212 0.31162104 0.5617255 0.65231448 0.52245605 0.70732218 0.25945428 0.19760108 0.51635593 0.17659262 0.2880832 0.51949191 -0.17734949 0.36564571 0.64606375 0.17529586 0.48552376 0.64035851 -0.13306464 0.28433299 0.77268547 0.17478357 0.39611131 0.79510975 -0.08907267
0.43327394 0.44964942 0.72627419 0.55972964 0.47285861 0.26421079 0.36790127 0.50426352 0.68439186 0.54510719 0.59242588 0.19481945 0.32088381 0.54607993 0.63442683 0.52233344 0.7049793 0.29222962 0.18548572 0.51864439 0.17189525 0.27917615 0.51986963 -0.17256117 0.36625415 0.64419442 0.16121618 0.48089468 0.64099562 -0.14613552 0.2861191 0.77664751 0.08524725 0.39266464 0.79740119 -0.1738687 
0.4333109 0.45173925 0.61402357 0.55812109 0.47371185 0.18751818 0.38814083 0.50630158 0.55638123 0.54399902 0.5906387 0.14594935 0.36021832 0.5365423 0.46464458 0.52687538 0.70413601 0.24550118 0.18015747 0.51802158 0.16837659 0.27542016 0.51828092 -0.16932046 0.36030719 0.64346039 0.17645594 0.47137636 0.63468295 -0.10568831 0.27445105 0.77415329 0.11884271 0.38865897 0.79740673 -0.11940155
0.43405399 0.45328328 0.59183007 0.55846906 0.47492945 0.152872 0.37796423 0.51169807 0.53449041 0.54292595 0.58992261 0.11924564 0.38124403 0.54851288 0.41652772 0.52777702 0.70401186 0.21265574 0.17524019 0.51851374 0.16763413 0.27193323 0.52066457 -0.16838616 0.35635331 0.6428507 0.18164465 0.48006836 0.62929207 -0.09972626 0.28568849 0.77848548 0.12008633 0.38890955 0.79720467 -0.13021655
0.43010789 0.45330614 0.58960664 0.55821782 0.47536451 0.14544791 0.37453833 0.51102048 0.51125544 0.54220182 0.58983159 0.10456491 0.3802948 0.54970658 0.38098902 0.52743077 0.70442927 0.19355077 0.1722717 0.51726723 0.16604456 0.26838017 0.51892388 -0.16675015 0.35606465 0.64288384 0.18326271 0.48992276 0.62994188 -0.10878092 0.28519946 0.78048366 0.11524168 0.38952488 0.79754949 -0.14274229
0.42857084 0.4547736 0.58936948 0.5564459 0.47537005 0.14596735 0.36516392 0.51590389 0.5451442 0.54155576 0.5899055 0.10767383 0.3605997 0.56397802 0.44409752 0.52613705 0.70367712 0.19404149 0.17046443 0.51684487 0.16469117 0.26845437 0.51782155 -0.16545893 0.35390499 0.64252651 0.18221498 0.48510918 0.62423831 -0.10266652 0.28708375 0.78026068 0.11760888 0.39015579 0.79568899 -0.14050926
0.43184474 0.45521957 0.58908713 0.55690074 0.47607329 0.14538439 0.36972043 0.51382166 0.55093729 0.54169387 0.58939302 0.11254063 0.35582423 0.56740969 0.45706704 0.52484941 0.70318389 0.20065784 0.17115624 0.51411796 0.16383955 0.26624876 0.51715171 -0.16462673 0.35576811 0.64154249 0.18339065 0.47914225 0.62543219 -0.10135888 0.28868982 0.78024399 0.11921072 0.39046821 0.7956115 -0.14163277
0.43347219 0.45500916 0.57107794 0.55805004 0.47606623 0.13088648 0.38173741 0.51485151 0.5305301 0.54296947 0.58907825 0.102582 0.36482015 0.55750299 0.42947495 0.52645594 0.70170951 0.1823945 0.16897199 0.5130074 0.16048233 0.2684426 0.510876 -0.16118827 0.35506397 0.64041322 0.19663765 0.47781125 0.6230188 -0.08204056 0.28991291 0.7815749 0.12991628 0.41267401 0.78779531 -0.1160185 
0.43301421 0.45540479 0.57985961 0.55714363 0.47577912 0.13249436 0.3742381 0.51391357 0.52894741 0.54279691 0.58895671 0.1003143 0.38063338 0.5487591 0.41800258 0.52634501 0.70188743 0.17602059 0.16877106 0.5148043 0.15977347 0.26890096 0.51012993 -0.16045319 0.35499313 0.64038551 0.19859318 0.47973052 0.62066299 -0.08550919 0.29033971 0.78181154 0.13463308 0.4166801 0.7854445 -0.1143454 
0.43522564 0.45483127 0.58871251 0.55642879 0.47491181 0.13699776 0.37145394 0.51277071 0.54322481 0.54254872 0.5871886 0.10306598 0.39145821 0.55467433 0.4392384 0.52612138 0.70149481 0.17526041 0.17037119 0.51545948 0.15967722 0.26997524 0.50973904 -0.16035958 0.35425517 0.6403026 0.19790874 0.48113137 0.62015492 -0.09094544 0.28953514 0.78217381 0.13483058 0.41123995 0.78822255 -0.12054667
0.43605629 0.45379147 0.59829175 0.55628693 0.47406882 0.14245297 0.37009639 0.5125832 0.53647691 0.54204983 0.58712852 0.10155281 0.37995777 0.55850708 0.43122143 0.52669877 0.70124465 0.17373316 0.17022379 0.51365805 0.16020593 0.26499724 0.51134616 -0.1608718 0.35219955 0.64022809 0.19387467 0.4862771 0.62118453 -0.09604154 0.28716156 0.78212243 0.13243955 0.41061342 0.78978598 -0.12778385
0.43728289 0.45406792 0.60080957 0.55643749 0.47430724 0.14514692 0.36944988 0.51279002 0.53594637 0.54187524 0.58775347 0.10101092 0.37395886 0.56000733 0.42183557 0.52640736 0.70138675 0.17110114 0.17150928 0.51516044 0.16040897 0.26494962 0.51318622 -0.16107042 0.35119417 0.64183891 0.19772768 0.4900727 0.62246382 -0.09698284 0.28668681 0.78397655 0.13293286 0.40868008 0.79051334 -0.12553896
0.43767822 0.45452148 0.59939361 0.55647701 0.47443268 0.1468325 0.37036827 0.51367044 0.5449357 0.54257059 0.58800942 0.10822126 0.37555823 0.56428176 0.43698022 0.52651274 0.70142627 0.18038438 0.17093182 0.51602179 0.16027816 0.26747105 0.51229072 -0.16093314 0.35061377 0.64238793 0.1969801 0.48832652 0.62311679 -0.09785187 0.28705826 0.78504962 0.13301703 0.40691277 0.7914657 -0.12962097
0.43639052 0.45489851 0.61159241 0.55665535 0.47473195 0.15881392 0.36575434 0.5143286 0.55543739 0.54278362 0.58829063 0.10803903 0.3657324 0.57175982 0.44872251 0.52627224 0.70146525 0.17134649 0.17055582 0.51634133 0.16026375 0.26649788 0.51342988 -0.16091973 0.35041118 0.64253438 0.19711331 0.48866221 0.62338191 -0.09885078 0.28710791 0.78499061 0.13160186 0.4066883 0.79177415 -0.13287002
0.4346424 0.45504534 0.60988086 0.55673426 0.47490418 0.16474748 0.36525583 0.51912796 0.55127424 0.54293936 0.58844477 0.10539915 0.36160973 0.57542199 0.44130445 0.52626836 0.70089 0.16933191 0.17036478 0.51665121 0.16019891 0.26666537 0.514054 -0.16086483 0.35199896 0.64262813 0.19462292 0.4954249 0.62349355 -0.09952588 0.2850225 0.7856518 0.11585253 0.40640789 0.79165053 -0.14267471
0.43466192 0.45526952 0.61603165 0.55684227 0.47505823 0.16799733 0.36250556 0.51792151 0.54584754 0.54319549 0.58853191 0.0994225 0.35858175 0.57671338 0.42547306 0.52637386 0.70094705 0.14483656 0.17045096 0.51683754 0.16039486 0.26668108 0.5145064 -0.16109259 0.35197288 0.64323008 0.1934354 0.49665928 0.62371314 -0.10657035 0.28337324 0.78629756 0.10087077 0.41018498 0.78944385 -0.1549146 
0.4346239 0.45541647 0.60807502 0.55676156 0.47512469 0.15897138 0.36436862 0.5162915 0.54279488 0.54348451 0.58847839 0.0998497 0.35794163 0.57124233 0.42382812 0.52641267 0.70094961 0.15538053 0.16996311 0.51693648 0.16045932 0.2652826 0.51505286 -0.16116278 0.35218567 0.64336807 0.19527677 0.49802676 0.62375182 -0.10701688 0.28266084 0.78665626 0.10161551 0.40930399 0.7898286 -0.14655921
0.43480679 0.45552298 0.60636878 0.55672079 0.47502011 0.15575057 0.36540228 0.51506311 0.54212624 0.54367858 0.58837056 0.09862685 0.35854775 0.5680896 0.41538626 0.52676642 0.7009806 0.15821517 0.16993169 0.51706403 0.16055828 0.26436555 0.51563752 -0.16126381 0.35252079 0.64331824 0.19705351 0.49828231 0.62397444 -0.1072305 0.28337255 0.78652078 0.10993847 0.40870264 0.78985941 -0.14214279
0.43474904 0.4555645 0.60872787 0.5566957 0.47489601 0.16098234 0.36309764 0.51495516 0.54065651 0.54364985 0.58836049 0.09727573 0.35811636 0.56741601 0.41128179 0.52693772 0.70099282 0.15066472 0.17018323 0.51720297 0.16056973 0.26387227 0.51575047 -0.16128209 0.35269281 0.64320546 0.19623239 0.49751565 0.62416583 -0.10732993 0.28397381 0.78636086 0.1128653 0.40831813 0.78982896 -0.1408498 
0.43411565 0.45556504 0.60818392 0.55648601 0.4747813 0.16425519 0.36082026 0.51492149 0.53541374 0.54362851 0.58807212 0.0924931 0.35661566 0.5671702 0.40077806 0.52699327 0.70106286 0.12430667 0.17020081 0.51729953 0.16058888 0.26334953 0.51624799 -0.16130733 0.35282859 0.64318138 0.1954824 0.49689174 0.62499535 -0.10783293 0.28442329 0.78631604 0.1143288 0.40553635 0.79053158 -0.14180583
0.43376765 0.45561394 0.60806799 0.55593389 0.47465605 0.16627598 0.35996813 0.51493096 0.53807008 0.54355806 0.58803272 0.09305004 0.35739872 0.57165068 0.41442189 0.52703512 0.70108891 0.12727365 0.17026542 0.51738387 0.16064347 0.26328805 0.51629639 -0.16136892 0.35300788 0.64309758 0.19515848 0.49668556 0.62611037 -0.11145429 0.28472441 0.78605473 0.10986388 0.40281078 0.79146361 -0.14994952
0.43367115 0.45568007 0.61039358 0.55565941 0.47465011 0.16988157 0.35952744 0.51494777 0.54360414 0.54358411 0.58792913 0.09820678 0.35796574 0.57420623 0.4257828 0.527089 0.70111084 0.12789796 0.170394 0.51744533 0.16064407 0.26339605 0.51646292 -0.16137102 0.35313728 0.64308661 0.19453564 0.49708071 0.62623405 -0.11288428 0.28361949 0.78595752 0.1076303 0.40092239 0.7920996 -0.15146416
0.43362993 0.4557606 0.61458659 0.5556224 0.47466668 0.17189771 0.36245972 0.51820374 0.54752624 0.54360825 0.5878213 0.10022974 0.35839048 0.57485002 0.42971995 0.52741647 0.70112646 0.12944204 0.17039333 0.51749021 0.16075948 0.26337025 0.51678097 -0.16149561 0.3531917 0.64304954 0.19414724 0.49787664 0.62645233 -0.11483741 0.2838012 0.78588808 0.10811165 0.39998212 0.7922436 -0.15229633
0.43310302 0.45583582 0.6133402 0.55523908 0.47458965 0.17026447 0.36988509 0.51836824 0.54646367 0.54358429 0.58738321 0.10815351 0.37906379 0.56978673 0.42840239 0.52766597 0.70101148 0.16012377 0.17025363 0.5175193 0.16075374 0.26328102 0.51704651 -0.16149005 0.35070673 0.64324129 0.19588217 0.49881333 0.6265415 -0.11225093 0.28301817 0.78594488 0.11386622 0.40153548 0.79194421 -0.14592934
0.43309543 0.45587283 0.61206394 0.55506283 0.47461066 0.16890155 0.3734045 0.51845068 0.54059976 0.54357409 0.58730876 0.10704497 0.38291422 0.56729805 0.4175334 0.52766091 0.70095438 0.16171633 0.17024037 0.5175091 0.16061735 0.26332194 0.51728821 -0.16135925 0.35062778 0.64323908 0.19672358 0.49951923 0.62660968 -0.11044814 0.28315809 0.785909 0.11586511 0.41296947 0.78839117 -0.14317521
0.43312266 0.45590559 0.61122191 0.55488372 0.47461995 0.16840297 0.37324947 0.51556277 0.54035974 0.54355258 0.58716846 0.1073615 0.38508087 0.56497377 0.41646221 0.52759171 0.7009607 0.16764179 0.17023455 0.51751006 0.16062292 0.2633549 0.51742834 -0.16136566 0.35070878 0.643224 0.19682367 0.50201821 0.62657297 -0.11045776 0.28327093 0.78592432 0.11592847 0.41861737 0.78583395 -0.14284232
0.43314487 0.45588282 0.60891086 0.55477375 0.47461092 0.16535807 0.37741849 0.51560104 0.53737563 0.54353964 0.58700687 0.10988933 0.39033365 0.56205779 0.41330236 0.52750641 0.70096666 0.18154308 0.17020427 0.51750529 0.16064031 0.26318863 0.51762819 -0.16138394 0.35071456 0.64321643 0.19864887 0.50256562 0.62659395 -0.1084448 0.28331059 0.78591418 0.1200301 0.4218024 0.78571451 -0.13844913
0.43315914 0.45584971 0.60737813 0.55453438 0.4746165 0.16386591 0.37955666 0.51441532 0.53323692 0.54334199 0.58700162 0.1120896 0.39412564 0.55535656 0.40599647 0.52728575 0.7010029 0.18953829 0.17020498 0.51751137 0.16065484 0.26283807 0.51804835 -0.16139984 0.35061926 0.64301735 0.20030326 0.50318921 0.62637401 -0.10696409 0.28335452 0.78589624 0.1246749 0.42352977 0.78526878 -0.1329634 
0.43321583 0.45585075 0.60700822 0.55430645 0.47459257 0.16373645 0.38001335 0.5143171 0.53324717 0.54319018 0.58697218 0.11514406 0.39389527 0.55481595 0.40613058 0.52708727 0.70105594 0.19515063 0.17018326 0.51774007 0.16051948 0.26252034 0.51852268 -0.16126589 0.35045597 0.64300573 0.20006378 0.50301927 0.62638748 -0.1057717 0.28338152 0.78588164 0.12496255 0.41500649 0.7877897 -0.13158378
0.43294343 0.45585909 0.60799217 0.55369329 0.47456339 0.16518866 0.37961897 0.51541597 0.54759854 0.5431686 0.58677137 0.12149822 0.39348799 0.55532706 0.4395462 0.52694762 0.70112067 0.19752209 0.17019299 0.51792002 0.16023751 0.26262271 0.51876706 -0.16097558 0.35008284 0.64299607 0.19987921 0.50290585 0.62641454 -0.10555249 0.28265473 0.78599745 0.12422776 0.41766617 0.7869035 -0.13244233
0.433108 0.45587209 0.60871494 0.55347168 0.47476843 0.16605653 0.37933525 0.5160948 0.54857874 0.54315203 0.5866667 0.11990912 0.38631737 0.55569333 0.43784559 0.52677983 0.70133621 0.19669916 0.17038742 0.51787668 0.16016129 0.26284009 0.51881421 -0.16089144 0.34985712 0.64298809 0.19976804 0.50169748 0.62698817 -0.10539018 0.28181496 0.78599775 0.12418919 0.41917226 0.78691924 -0.13372955
0.43320128 0.45587251 0.60856295 0.55322593 0.4747929 0.16588296 0.3791163 0.51689196 0.54785854 0.54313695 0.58634382 0.11859884 0.38342971 0.55585724 0.4355481 0.52675205 0.70148909 0.1859048 0.17084123 0.51783019 0.1600738 0.26316619 0.51878911 -0.16079246 0.34847239 0.64309078 0.19969137 0.50127876 0.62700152 -0.10364739 0.28139874 0.78599393 0.12454274 0.41076979 0.78756219 -0.13285974
0.43321455 0.45587969 0.60538661 0.55297148 0.47479439 0.16306533 0.37769797 0.51519454 0.54666561 0.54313582 0.58578914 0.11781587 0.39147222 0.55695075 0.43540895 0.52673995 0.70149094 0.18413383 0.17101814 0.5178327 0.15990064 0.2634885 0.51872808 -0.16060868 0.34888178 0.64308083 0.19941841 0.50221086 0.62628245 -0.1032012 0.28194398 0.78604424 0.12302444 0.40856436 0.78757358 -0.13283448
0.43281689 0.45588359 0.60520023 0.5526486 0.47479722 0.16302139 0.37665138 0.51465237 0.54623854 0.54316771 0.58542305 0.1174062 0.39178872 0.55996567 0.43528455 0.52669579 0.70143336 0.17983504 0.17115574 0.51779312 0.15967576 0.26452696 0.51865661 -0.16037437 0.34901366 0.64312565 0.19622129 0.50266838 0.62619275 -0.10419486 0.28171167 0.78626347 0.11301072 0.41630262 0.78652626 -0.13717605
0.43247911 0.45588923 0.60805964 0.55247509 0.47480461 0.16835766 0.3755703 0.51431507 0.54604697 0.54333407 0.58542269 0.11176194 0.38771302 0.567752 0.43472275 0.52653474 0.70140636 0.15295741 0.17138392 0.51771826 0.15967174 0.26575124 0.51863343 -0.16037212 0.34921381 0.64310163 0.19361062 0.50276613 0.62672907 -0.10760859 0.28151894 0.78631032 0.10382013 0.40990302 0.78739262 -0.14382382
0.43241885 0.45587024 0.61350179 0.55238271 0.47485813 0.17316927 0.37462103 0.51401174 0.54633766 0.54339254 0.58546597 0.10776024 0.38246435 0.56821674 0.43195665 0.52633691 0.70140719 0.14470568 0.17158991 0.51767468 0.15977298 0.26629448 0.51864254 -0.16048338 0.34933561 0.64310288 0.19147132 0.50273645 0.62797922 -0.11063513 0.28130338 0.78636855 0.09943469 0.40622357 0.78812665 -0.14835918
0.43214011 0.45578641 0.61578465 0.55234504 0.47457251 0.17728135 0.37441689 0.51398414 0.54627448 0.54339659 0.58512235 0.11906429 0.39105961 0.56807685 0.41665214 0.52604532 0.7014088 0.1674132 0.17205387 0.51757312 0.15981349 0.26692134 0.51805371 -0.16052526 0.34940323 0.64301068 0.19100721 0.50267518 0.62814945 -0.11145267 0.28221202 0.78625774 0.10102443 0.40532133 0.78855413 -0.14758497
0.4300935 0.45599011 0.61531061 0.55200297 0.47452182 0.17843406 0.37462118 0.51826257 0.54621267 0.54333466 0.58457279 0.11956029 0.3875339 0.57121372 0.4118481 0.52632415 0.70140523 0.16267397 0.17221868 0.5175941 0.15959634 0.26779824 0.51773387 -0.16030414 0.34943223 0.64331925 0.18800977 0.50264859 0.62796474 -0.11136761 0.28221345 0.78664261 0.09387849 0.40406963 0.78869337 -0.14894152
0.42925969 0.4565773 0.61636668 0.55164474 0.47439662 0.18253033 0.3714484 0.52327448 0.54606193 0.54321676 0.58376735 0.11887216 0.37439537 0.58500111 0.40605137 0.526443 0.70140046 0.14672233 0.17236312 0.51785511 0.15945362 0.26873824 0.51701999 -0.16016658 0.34946439 0.64339006 0.18195932 0.50262576 0.62561363 -0.11141184 0.28229222 0.78686166 0.0803037 0.40421137 0.78861433 -0.15282407
0.42863181 0.45737058 0.63054574 0.55140895 0.4744564 0.19509406 0.36779812 0.52443445 0.55872339 0.54289639 0.58304048 0.11841205 0.349154 0.58497238 0.42535937 0.5264492 0.70147324 0.14437217 0.17241064 0.51807731 0.15962581 0.26936525 0.5170325 -0.16036679 0.34949046 0.64347535 0.17682657 0.50370085 0.62444347 -0.11157121 0.28241664 0.78689712 0.07256527 0.40431395 0.78865188 -0.1550522 
0.42591617 0.45795423 0.64637327 0.55022955 0.47430542 0.2116648 0.36518762 0.52584398 0.56682634 0.54243743 0.58128113 0.11958946 0.33796009 0.59308285 0.42631656 0.52639979 0.70145512 0.14621441 0.1724295 0.51894629 0.15976338 0.26968884 0.51704192 -0.16054583 0.3503181 0.64346689 0.17233814 0.5037306 0.62361592 -0.1116306 0.28243616 0.78687608 0.04389721 0.40437424 0.78897947 -0.17656973
0.4241114 0.45815665 0.66793287 0.54930836 0.47430006 0.22945294 0.36329523 0.52655447 0.60760194 0.53963393 0.58101171 0.14211281 0.34165186 0.59630865 0.48668897 0.52641183 0.70150822 0.16987193 0.17293558 0.51901239 0.16012821 0.27164808 0.51631695 -0.16093729 0.34929422 0.64355505 0.16049208 0.50321847 0.62246078 -0.11508739 0.28600749 0.78838116 0.04248489 0.40445417 0.78973609 -0.17906751
0.42425489 0.45815861 0.66894025 0.54891044 0.47520158 0.23282875 0.36219764 0.52683437 0.60918373 0.53506148 0.58098984 0.14756609 0.3430298 0.59814799 0.48206329 0.526362 0.70082963 0.17907314 0.17371765 0.51886356 0.16013347 0.27451861 0.51618183 -0.16094676 0.34911406 0.64374191 0.15504289 0.50078243 0.62256169 -0.11753594 0.28598121 0.78771281 0.04226646 0.40452206 0.79009402 -0.18000966
0.42398703 0.45837352 0.66118562 0.54806298 0.47562036 0.22594145 0.35708529 0.52769691 0.61734039 0.53276026 0.58099753 0.14900866 0.34524956 0.60423344 0.5322749 0.52635336 0.70022398 0.18007731 0.17238043 0.51987255 0.15937498 0.27445388 0.51613545 -0.16022362 0.34792632 0.6456176 0.15745662 0.49706891 0.62264794 -0.10673331 0.28587928 0.78747952 0.08221826 0.40484303 0.79010314 -0.13556801
0.42370552 0.45829594 0.65940589 0.54697865 0.47563142 0.22270738 0.35776612 0.52756983 0.62667501 0.53084099 0.58068615 0.15444113 0.34722558 0.60445523 0.54335052 0.52634817 0.69838554 0.19188131 0.17233913 0.51946646 0.15910186 0.27442452 0.51482582 -0.1599329 0.34549195 0.64810789 0.16047482 0.49461648 0.622688 -0.10745478 0.28584781 0.78753722 0.09060322 0.40424609 0.79048002 -0.13776222
0.42009947 0.45820835 0.66031367 0.54372293 0.47438744 0.22125503 0.35470343 0.52794302 0.63112479 0.52924889 0.57906318 0.15499836 0.34683076 0.60163289 0.56129724 0.52666861 0.69730884 0.19784662 0.16958272 0.51946443 0.1576605 0.27437633 0.51401418 -0.15847842 0.34417894 0.65001827 0.16490118 0.49253258 0.62241018 -0.10626867 0.28793296 0.78855854 0.11030705 0.40399343 0.79065037 -0.12817615
0.4182221 0.45707598 0.67779815 0.54204857 0.47361818 0.24119467 0.35146236 0.52773446 0.64154881 0.52800649 0.57889205 0.16182728 0.33930287 0.59939903 0.5646286 0.52729714 0.69690311 0.20537505 0.16824485 0.51893526 0.15768498 0.27430511 0.51336646 -0.15851982 0.34394491 0.65134883 0.16569369 0.49270448 0.62299919 -0.10816999 0.28784701 0.78833175 0.10670871 0.40731266 0.79009014 -0.12608473
0.41759661 0.45489818 0.69953507 0.54063749 0.47214031 0.26271406 0.35147753 0.52758199 0.65077001 0.52789003 0.57822675 0.17529364 0.33687091 0.59599268 0.5561443 0.52748805 0.69581246 0.22052051 0.16832657 0.51851875 0.15784881 0.27477583 0.51292557 -0.1587424 0.34592932 0.65229589 0.16208802 0.49856687 0.62337649 -0.11713772 0.28993961 0.78938758 0.08363437 0.40839365 0.79011911 -0.14237519
0.41604483 0.45388499 0.71176976 0.53943908 0.469879 0.2710149 0.34998277 0.52817088 0.66350901 0.52758104 0.57772744 0.19538049 0.33589509 0.59431118 0.57496595 0.5275777 0.6958878 0.2513091 0.16674146 0.51820564 0.15839775 0.27472091 0.51204807 -0.15935524 0.34878984 0.65233767 0.16089368 0.50409973 0.62339389 -0.12353393 0.29097244 0.79021639 0.07770588 0.40902621 0.78995776 -0.14403686
0.41195533 0.45290595 0.70149708 0.53807193 0.46931463 0.26582742 0.34532082 0.52430004 0.6511746 0.5271675 0.57769227 0.18657497 0.33486643 0.59098613 0.55803496 0.5279566 0.69595736 0.23954067 0.16436583 0.51800001 0.15837732 0.27365974 0.51202196 -0.15934773 0.34880999 0.65246475 0.16168533 0.50387126 0.62405735 -0.12278055 0.28874552 0.78934032 0.07751499 0.40956485 0.79002339 -0.14426184
0.40952197 0.45122963 0.70276147 0.53694516 0.46745828 0.2698549 0.34308463 0.52145213 0.64686418 0.52685475 0.57602584 0.18253668 0.3205964 0.58205372 0.5504455 0.52846766 0.69456929 0.23742452 0.16426563 0.51746482 0.15927196 0.27139497 0.51168948 -0.16033261 0.3495101 0.65229851 0.15805054 0.50427043 0.62390196 -0.12756446 0.28871652 0.78888112 0.04718554 0.41062316 0.78978539 -0.16680738
0.40863216 0.45018682 0.68229729 0.5350886 0.46583137 0.25441003 0.34384355 0.51738805 0.64011443 0.52695078 0.57327932 0.15093459 0.32354745 0.58282179 0.54580617 0.53010869 0.69185764 0.19285899 0.16430616 0.51673931 0.15925588 0.27071404 0.51150203 -0.16032031 0.34950235 0.65219808 0.158926 0.5037542 0.62396967 -0.12705298 0.28874227 0.78840166 0.05030377 0.40797377 0.79017031 -0.16405863
0.40826255 0.44946808 0.65271109 0.53410107 0.46424532 0.23707965 0.34646133 0.51942855 0.61975276 0.52677971 0.56972468 0.14298102 0.3296279 0.58876801 0.54475987 0.53102541 0.68975872 0.17654446 0.16413294 0.51667047 0.15626806 0.26987651 0.51152307 -0.15735553 0.34974408 0.65138823 0.15924999 0.50201011 0.62308615 -0.1263589 0.29252756 0.7877211 0.05314266 0.40518829 0.78997779 -0.17667158
0.40862933 0.44663006 0.65595239 0.53360432 0.46246272 0.23711149 0.34684053 0.5150736 0.62023216 0.52657235 0.56649673 0.14398289 0.33955279 0.5744006 0.54596555 0.53259403 0.6878565 0.18035778 0.16451649 0.51586229 0.15628462 0.26951391 0.51154518 -0.1573725 0.35093421 0.64986199 0.15986311 0.50071871 0.62360942 -0.13358486 0.29406232 0.787471 0.05607918 0.40298524 0.78979355 -0.18127437
0.40876314 0.44356182 0.64102024 0.53282219 0.45942238 0.21564791 0.34974065 0.5113517 0.61666965 0.52615577 0.56165004 0.14124094 0.37010911 0.57216495 0.5437246 0.53331047 0.68222988 0.18942235 0.16458713 0.51353651 0.15601581 0.26823324 0.510759 -0.15708981 0.35105479 0.64696038 0.16233279 0.50055748 0.62353152 -0.13513403 0.29595912 0.78596944 0.05690983 0.40270725 0.78838426 -0.19258827
0.40745893 0.44257027 0.62496102 0.53114045 0.4568699 0.19346519 0.34949905 0.50955313 0.60112 0.52608275 0.56010747 0.11063011 0.35778019 0.56857342 0.52362829 0.53333431 0.68212354 0.15115871 0.16306266 0.51144612 0.15528403 0.26472461 0.50854081 -0.15632957 0.35067257 0.64605147 0.16341175 0.49897286 0.622127 -0.13294257 0.2957139 0.78653169 0.05834142 0.4020637 0.78830463 -0.18646473
0.40768841 0.43878719 0.63303065 0.53113407 0.45138058 0.19730745 0.35264543 0.50979424 0.60748231 0.52607656 0.55576843 0.11826053 0.35492495 0.56620848 0.53244287 0.53354216 0.67996603 0.16247721 0.16302754 0.51037949 0.15541966 0.26411489 0.50758392 -0.15646796 0.35081905 0.64455861 0.16624123 0.4991841 0.62237185 -0.13632114 0.29553246 0.78695977 0.05976339 0.39795983 0.78840733 -0.19059156
0.40660912 0.43500555 0.62789559 0.53018785 0.44733784 0.1857021 0.34983778 0.50018233 0.59515655 0.52613884 0.55239552 0.09883857 0.35431141 0.54957664 0.50252914 0.5335297 0.67686868 0.14930506 0.15999044 0.50875038 0.15543944 0.26122734 0.5062086 -0.15648992 0.34971896 0.643978 0.17033061 0.49847248 0.62226492 -0.1353372 0.29612324 0.78700298 0.0600109 0.39816198 0.78792042 -0.18721573
0.40618843 0.43200481 0.61828679 0.52962494 0.4438062 0.17352255 0.35312092 0.49685821 0.58057839 0.52590489 0.54981238 0.10404108 0.36184618 0.54791528 0.47595549 0.53353381 0.67551821 0.15328149 0.15770605 0.50641561 0.15545845 0.25613442 0.50236636 -0.15650786 0.35131258 0.63887888 0.17302772 0.49919519 0.61890638 -0.13537771 0.29724178 0.78560358 0.06228294 0.39888245 0.78460056 -0.18684338
0.40631214 0.42863461 0.62288982 0.52909362 0.43952292 0.18226692 0.35936409 0.49922091 0.6105265 0.52612323 0.5460785 0.12615262 0.37807566 0.54816794 0.52462351 0.53383195 0.67084891 0.21921003 0.15778601 0.50155193 0.1554001 0.25805241 0.49791968 -0.15645218 0.35287076 0.63729292 0.17301527 0.49872985 0.61787218 -0.13571253 0.29894927 0.78581083 0.06291237 0.39900061 0.7839669 -0.18849523
0.40033191 0.42792371 0.63020182 0.52901208 0.43556064 0.18435688 0.3587729 0.49934277 0.63652992 0.52614385 0.54115874 0.14402823 0.37379909 0.55805439 0.57484549 0.53362375 0.6672532 0.24248275 0.15796018 0.50008726 0.15539518 0.25999942 0.49600631 -0.15644814 0.35364962 0.63618922 0.17101994 0.49946186 0.61667889 -0.14207804 0.29911596 0.7849772 0.0543959 0.39461976 0.78405786 -0.20290497
0.39849061 0.42649376 0.63147038 0.52902275 0.43305361 0.20104875 0.35934323 0.49819821 0.63530564 0.52611685 0.53662878 0.14671919 0.37025902 0.57758504 0.57655776 0.53353983 0.66134155 0.22869377 0.15817147 0.49813777 0.15017626 0.26623476 0.49242726 -0.1512973 0.3540802 0.63524747 0.17101361 0.49534166 0.61674213 -0.13798817 0.29901019 0.78362715 0.05401421 0.39316082 0.78432864 -0.20057414
0.39574409 0.42393726 0.60009104 0.5291785 0.42972282 0.19558345 0.37448564 0.49995613 0.6143952 0.52619529 0.5337559 0.13530803 0.40840799 0.57956517 0.56495619 0.53480709 0.65506232 0.20820971 0.1583125 0.49372095 0.14878052 0.26854488 0.48940814 -0.14994624 0.35463411 0.63346893 0.17650907 0.49484727 0.61691022 -0.12950633 0.29894024 0.78158569 0.06224387 0.39340451 0.78520525 -0.19440593
0.39619514 0.41699269 0.63088357 0.52970505 0.42420113 0.24153352 0.38317677 0.50543004 0.63865459 0.52623498 0.53119344 0.17152622 0.40363973 0.60509527 0.59276772 0.53797191 0.65245879 0.25238964 0.1605048 0.48665431 0.14703846 0.27483112 0.48209801 -0.1482392 0.35295656 0.63205922 0.17641009 0.4944852 0.62003553 -0.12141602 0.29514492 0.7807349 0.06958902 0.39369991 0.79034525 -0.17141855
0.3966305 0.41262311 0.68744892 0.53002453 0.4222438 0.29104808 0.38932773 0.50557131 0.68748009 0.52627385 0.52774781 0.21928492 0.40674725 0.60520774 0.6405462 0.53836012 0.64934808 0.3005608 0.16228256 0.48168817 0.14602999 0.27706438 0.4759253 -0.14720845 0.352285 0.62943286 0.16513748 0.48725966 0.62188369 -0.1390602 0.29632872 0.78098166 0.06952089 0.38667732 0.79442364 -0.17909305
0.39774853 0.40585455 0.67724341 0.53039902 0.41350698 0.27830696 0.39130595 0.50375926 0.67076993 0.52631217 0.51838988 0.1997851 0.43084145 0.60002452 0.61422378 0.5382731 0.6418373 0.2736192 0.17074096 0.47447425 0.14454365 0.28154537 0.46939772 -0.1457102 0.35119638 0.62668914 0.1515978 0.48255327 0.62258494 -0.14271347 0.29977533 0.78107017 0.05311058 0.38644314 0.79554695 -0.19232513
0.40241945 0.40193015 0.67113817 0.53347069 0.40814006 0.28202021 0.40630174 0.50326288 0.66471708 0.52658027 0.51276439 0.20572685 0.47069189 0.60082966 0.61367536 0.53823286 0.63746667 0.27718368 0.17153932 0.46857849 0.14382237 0.28127053 0.46520582 -0.14502321 0.34915462 0.62210393 0.15969633 0.4796997 0.62332451 -0.13791202 0.29954091 0.77928293 0.05197499 0.38680732 0.79628021 -0.2043539 
0.40065575 0.39631143 0.71322858 0.53346127 0.40061006 0.32182771 0.40032443 0.49461386 0.69995856 0.52638751 0.50616932 0.22987139 0.4550131 0.59775704 0.65451282 0.53922737 0.62977505 0.3016502 0.17129681 0.46346042 0.14245519 0.28691792 0.4615196 -0.14359853 0.34222668 0.61949623 0.13847728 0.47242904 0.62065792 -0.15507343 0.29874483 0.77705783 0.04196027 0.38717481 0.79704702 -0.22646065
0.40090996 0.38700721 0.71273023 0.53300691 0.39061868 0.29944897 0.38479778 0.4779197 0.71173733 0.52603847 0.49761543 0.21289539 0.41904572 0.57375032 0.66150987 0.53917098 0.62160033 0.29476687 0.17478825 0.46195242 0.1442101 0.28944564 0.45785391 -0.14531732 0.33895764 0.61803192 0.12921685 0.46803012 0.61640322 -0.17937396 0.29883617 0.7741093 0.02541168 0.38550833 0.79689085 -0.26469103
0.40079457 0.37414792 0.71579468 0.5337556 0.38026461 0.29191166 0.34678727 0.44836989 0.69469517 0.52428651 0.48713481 0.20085181 0.34969851 0.52054554 0.58855492 0.53760213 0.61464417 0.28767478 0.17451413 0.45687741 0.14941578 0.28952786 0.45408306 -0.15034086 0.33244774 0.61453116 0.09951388 0.44806069 0.61365509 -0.21973132 0.29007968 0.77373958 -0.05773831 0.37998316 0.79641372 -0.34826782
0.39937255 0.36699972 0.70523477 0.53395092 0.37731996 0.28579146 0.34131488 0.44156659 0.69296706 0.52380741 0.47901335 0.18456665 0.34207046 0.5156464 0.55658168 0.53259313 0.60383344 0.27930436 0.1764469 0.45538655 0.14894544 0.30154318 0.45475915 -0.14983398 0.31612641 0.61559486 0.10065725 0.43098369 0.61139584 -0.19693862 0.28540263 0.77405161 -0.05168005 0.37346569 0.79504627 -0.31309739
0.40035722 0.35352981 0.66027164 0.53810585 0.37369221 0.25819895 0.33465871 0.4356555 0.67296243 0.52260333 0.47706869 0.15828791 0.32144216 0.5114665 0.55800855 0.52907985 0.59316272 0.26784503 0.17676349 0.45070079 0.14621755 0.30432987 0.45261353 -0.14709148 0.3086715 0.61425799 0.09896407 0.42776373 0.607889 -0.18742003 0.28079194 0.77669567 -0.05501821 0.37329561 0.79501951 -0.30282721
0.40031385 0.34758922 0.66210151 0.53800571 0.35999432 0.25392795 0.31881559 0.42717117 0.6531505 0.52136785 0.46492472 0.14561801 0.29060051 0.49765864 0.53583598 0.52678049 0.57780051 0.23900864 0.1764755 0.44881329 0.14597768 0.30323491 0.44566497 -0.146826 0.30795795 0.61320424 0.06789337 0.43160304 0.60259205 -0.18572606 0.28129676 0.78358442 -0.06539799 0.37522292 0.79279894 -0.30204678
0.40024057 0.33938128 0.67030054 0.53796583 0.3510862 0.2613138 0.29670155 0.41312185 0.63582486 0.52074051 0.45277336 0.13592304 0.24932793 0.47333395 0.50200534 0.52655184 0.56823218 0.20077878 0.17637241 0.44526571 0.14338142 0.30330706 0.4418698 -0.14423029 0.30662671 0.60959923 0.06904966 0.42795888 0.60187936 -0.17606102 0.27688494 0.78404242 -0.04597354 0.37584364 0.79084486 -0.2902568 
0.39891535 0.33291093 0.69019824 0.53787845 0.34698179 0.27612829 0.29723972 0.4140498 0.65662843 0.52029878 0.44794074 0.13809781 0.2643294 0.48204565 0.55663627 0.52474195 0.56510985 0.20163795 0.17625605 0.44218653 0.14218292 0.30441904 0.44110724 -0.14303367 0.30463916 0.60627151 0.08004881 0.42141095 0.6011973 -0.14617966 0.27660954 0.7842111 -0.01100863 0.37663051 0.79081935 -0.22919968
0.39758262 0.32329845 0.6601907 0.53777307 0.33600125 0.25490302 0.30803859 0.41634893 0.66998893 0.52065933 0.43835431 0.13586053 0.28952459 0.49408925 0.66064286 0.52398139 0.55566806 0.20902348 0.17872764 0.44179079 0.13899513 0.30754718 0.44126594 -0.13988599 0.29920432 0.60715008 0.07807495 0.41941062 0.60216677 -0.12239826 0.27713376 0.78506249 -0.02269895 0.38022631 0.79077637 -0.23092717
0.39405492 0.31306946 0.81483597 0.53636867 0.32195771 0.36309928 0.28065005 0.40420303 0.75658077 0.51848328 0.43198019 0.19048209 0.2321251 0.46831989 0.65208226 0.52067268 0.54766643 0.26406679 0.18297654 0.43986937 0.13951662 0.31571108 0.44019219 -0.1404607 0.30082932 0.60690522 0.07217698 0.41936627 0.6026122 -0.12884706 0.27765149 0.78549641 -0.0323962 0.3804585 0.7920118 -0.25086549
0.38635489 0.31057701 0.80911195 0.53228271 0.3154999 0.33434907 0.29236686 0.40260068 0.77877748 0.5184086 0.42248526 0.16813169 0.25284114 0.47886497 0.7128104 0.51931256 0.54078794 0.24086046 0.18726808 0.44209325 0.14712028 0.32063207 0.44206303 -0.1481605 0.29697418 0.60773373 0.11213726 0.40947008 0.60994351 -0.11679095 0.27793425 0.78540033 0.03215268 0.37938553 0.79421109 -0.24064732
0.37894577 0.30171013 0.74450004 0.53160876 0.30447894 0.26487029 0.26429826 0.39745891 0.70315063 0.5148012 0.41668281 0.08852051 0.22320674 0.46966234 0.64493561 0.51937991 0.53248143 0.13040276 0.19426177 0.44332975 0.14693913 0.32210368 0.44265923 -0.14794847 0.29913646 0.60816652 0.09853381 0.40822941 0.61809582 -0.11872239 0.27133498 0.78702229 0.02571472 0.3795442 0.79964429 -0.25301746
0.37488946 0.28810823 0.59278089 0.52890581 0.29044467 0.12343541 0.27501589 0.38825849 0.60267639 0.5109759 0.40660933 0.02659388 0.24612376 0.47005078 0.57678181 0.51923269 0.51949024 0.14128149 0.20210499 0.44219574 0.1472058 0.32087961 0.44267431 -0.14817533 0.30025101 0.60855973 0.11342426 0.40904164 0.6183297 -0.09805308 0.26543769 0.78803945 0.01341316 0.37960908 0.79662317 -0.26935861
0.36814779 0.28072107 0.7522766 0.52395225 0.28219804 0.18369229 0.30072898 0.38544509 0.74188894 0.5104295 0.39638147 0.12529628 0.35078555 0.47645158 0.69045484 0.51673698 0.50721151 0.38077351 0.21054283 0.44261992 0.18921502 0.32703707 0.44593105 -0.18990479 0.30128011 0.60834336 0.17190446 0.40964267 0.62244946 -0.12989929 0.26649812 0.78510433 0.17336427 0.37935609 0.79645818 -0.20314264
0.3535032 0.27003127 0.6194433 0.51269913 0.26811227 0.10485278 0.30099788 0.37807894 0.61123407 0.50501001 0.38362607 0.01501249 0.33595082 0.47321779 0.55513352 0.51494884 0.4995071 0.21195108 0.21917239 0.44335458 0.1822907 0.33314264 0.4469291 -0.18301541 0.3019838 0.60839206 0.15531529 0.40615851 0.62361711 -0.1314287 0.26536119 0.78263485 0.14328501 0.37518534 0.79820555 -0.18841617
0.33820572 0.26040807 0.36551777 0.50587946 0.26201248 -0.12025797 0.30234057 0.36924368 0.36755157 0.49985895 0.37894878 -0.16925123 0.33825395 0.46056354 0.32057595 0.51467323 0.49131292 0.04420058 0.22962674 0.44378841 0.17788193 0.33967063 0.44866666 -0.17859048 0.30248269 0.60863107 0.19397466 0.40459004 0.62348956 -0.06421722 0.2625688 0.78221786 0.24198113 0.37536594 0.79949898 -0.05015412
0.32454696 0.25556245 0.37193921 0.50003099 0.25437886 -0.07844515 0.29941246 0.36620909 0.36788696 0.49513748 0.37081438 -0.11196437 0.35416713 0.46244887 0.33784685 0.51484466 0.48425454 0.10348181 0.23823239 0.44361857 0.17570274 0.34695759 0.44796896 -0.17648478 0.30291912 0.60828048 0.18755826 0.40463415 0.6232779 -0.06782512 0.26475471 0.78082997 0.22859015 0.37542427 0.80097646 -0.05728415
0.30890808 0.25265795 0.41441572 0.48956627 0.24487723 -0.04889553 0.29865697 0.36233771 0.38899097 0.49293542 0.36504576 -0.09136602 0.34656575 0.45539084 0.344758 0.51515418 0.47532019 0.10591571 0.24802549 0.44306281 0.17403598 0.35897624 0.44634628 -0.17478943 0.30362532 0.60915065 0.17906889 0.40250343 0.62309676 -0.07894401 0.26762226 0.7781496 0.17035122 0.37023988 0.80083352 -0.11389917
0.29637894 0.24802035 0.35047245 0.48237339 0.23700334 -0.10096172 0.29742169 0.36007923 0.33913651 0.48928878 0.36223799 -0.12539804 0.3418833 0.44874325 0.31981742 0.51556557 0.47174457 0.05781918 0.25178877 0.4432815 0.17359422 0.36504254 0.44663617 -0.17426735 0.30313513 0.60941964 0.17274855 0.39912191 0.6235249 -0.07594857 0.26773101 0.77514207 0.16235347 0.36948925 0.80107081 -0.0952555 
0.28434941 0.24263762 0.35396791 0.47333577 0.23449485 -0.10573158 0.29750174 0.35065207 0.34223256 0.48330525 0.35871008 -0.12884752 0.32418153 0.4296166 0.32868648 0.51562291 0.46630588 0.05435214 0.25203949 0.44197321 0.17303082 0.36807057 0.4441283 -0.17360495 0.30041435 0.6092149 0.16836394 0.39568192 0.62276351 -0.07761434 0.26987287 0.77234036 0.15744162 0.37010977 0.7978515 -0.08939418
0.26955292 0.24029875 0.37317476 0.46283144 0.22670765 -0.09683236 0.28974605 0.34692481 0.35192716 0.47809854 0.35162133 -0.11472329 0.28834757 0.43444332 0.32749036 0.51753414 0.46042088 0.08227126 0.25620943 0.44127935 0.17463978 0.37045914 0.44270548 -0.17517947 0.29814571 0.60872382 0.20149137 0.39277014 0.62332374 -0.0771609 0.26898712 0.77199709 0.21511774 0.36892515 0.79789674 -0.06584389
0.25143999 0.23742485 0.26463827 0.45419523 0.22060977 -0.19986787 0.26961038 0.34321111 0.27131313 0.47448182 0.3460643 -0.18158589 0.27957234 0.43108723 0.29030249 0.52097803 0.45439836 0.06510796 0.25753677 0.44213867 0.17554334 0.3747257 0.44298187 -0.1760401 0.2973215 0.60895663 0.24308248 0.38840622 0.62376982 -0.05488126 0.26963139 0.77209944 0.28637215 0.36960089 0.80036056 -0.01916502
0.2468273 0.23662575 0.28442544 0.44573945 0.21539405 -0.22838987 0.26579595 0.3435145 0.28722703 0.47186214 0.34328067 -0.2270219 0.28437606 0.42600101 0.28286871 0.52217311 0.45106271 -0.00125448 0.25965649 0.44223422 0.18814711 0.37672132 0.44055563 -0.1885535 0.29764345 0.60895771 0.25487953 0.38161206 0.62361228 -0.06448338 0.27230147 0.77133673 0.29286638 0.36971635 0.79988259 -0.04603441
0.23980196 0.23593567 0.29993713 0.43514082 0.21188378 -0.23877057 0.26360247 0.34032983 0.30833817 0.4706786 0.34096488 -0.24286589 0.28653881 0.41099322 0.3052476 0.52487373 0.44995373 -0.02424738 0.26060733 0.44236749 0.19764178 0.3789033 0.43792623 -0.19806592 0.29619083 0.60895097 0.27194345 0.37571615 0.62319553 -0.06537829 0.27164084 0.77081484 0.31347248 0.36711782 0.80006415 -0.054043 
0.2374882 0.2345816 0.27665812 0.43027505 0.20898624 -0.24720171 0.25965449 0.33602583 0.31112471 0.46973664 0.33896831 -0.24617174 0.28927198 0.39995974 0.32696265 0.52783585 0.44730014 -0.03347786 0.26217848 0.44174227 0.19822447 0.38102022 0.43546981 -0.19868036 0.2912555 0.60834134 0.28178763 0.37176955 0.62310624 -0.06962253 0.27066767 0.76967579 0.32707191 0.3675051 0.80190277 -0.05083399
0.23036391 0.233292 0.359303 0.42397892 0.20482571 -0.1960416 0.25450417 0.33613193 0.42169553 0.46411815 0.3363255 -0.21748534 0.29158407 0.39993525 0.46152666 0.52774566 0.44453767 -0.02035176 0.26182964 0.4402588 0.21137623 0.38116321 0.4328236 -0.21184911 0.28907937 0.60685259 0.2628631 0.37135938 0.62281537 -0.08013343 0.26533276 0.77003413 0.28661767 0.37082961 0.80264342 -0.07902253
0.230863 0.23009044 0.35768178 0.4205623 0.20367311 -0.20745724 0.25084299 0.33638629 0.41707006 0.46001208 0.33502939 -0.24887176 0.2931453 0.39938039 0.42933422 0.52775484 0.44578516 -0.0787671 0.26200521 0.43910235 0.20989668 0.3814224 0.43166611 -0.21038949 0.28918207 0.60580915 0.2604762 0.37148327 0.62202471 -0.08551823 0.26534107 0.77026522 0.29365122 0.3708998 0.79967141 -0.07811429
0.22843949 0.23026589 0.34227091 0.41554087 0.20502086 -0.24709386 0.24412678 0.33649921 0.3894563 0.45737335 0.33677751 -0.28560549 0.29364416 0.40318507 0.39927578 0.52769381 0.44514239 -0.10035925 0.26246125 0.43924177 0.21128742 0.38246703 0.43196833 -0.21176063 0.28948647 0.60582799 0.27608094 0.37228552 0.62199062 -0.08775258 0.26395112 0.77024323 0.32287076 0.37156522 0.7997064 -0.06616555
0.22626451 0.22958902 0.34810716 0.41053525 0.20440391 -0.25963446 0.24009642 0.33594778 0.41129914 0.45587969 0.33642972 -0.29784372 0.29595974 0.39736602 0.45375124 0.52782148 0.44229433 -0.08067686 0.26443574 0.4391762 0.21556847 0.38496274 0.43154866 -0.21605635 0.28971067 0.60587114 0.28514001 0.37325978 0.62165654 -0.09166203 0.26410994 0.77065957 0.3240214 0.37203962 0.79722059 -0.06656124
0.22646505 0.22973667 0.43005285 0.40875262 0.20536353 -0.25649554 0.24718504 0.33537567 0.46627349 0.45516834 0.33562028 -0.26229644 0.31585881 0.39999399 0.47194511 0.52854902 0.44008479 -0.0569291 0.26502997 0.43824399 0.22033226 0.38626367 0.43019617 -0.22085696 0.289709 0.6065287 0.27903685 0.37378734 0.62120914 -0.11509072 0.26475605 0.77432698 0.3115558 0.37238032 0.79726976 -0.0736133 
0.22656675 0.23004039 0.41442353 0.4069126 0.20509931 -0.25400546 0.24924299 0.33599603 0.44930515 0.45492473 0.33446792 -0.31010115 0.32063448 0.39900035 0.45029071 0.52859443 0.44089827 -0.14026901 0.26579827 0.43826875 0.22996321 0.38657641 0.43056396 -0.23049399 0.2898581 0.60685295 0.27552363 0.37422222 0.62119716 -0.13499023 0.26567313 0.77496332 0.30793995 0.37243262 0.79917175 -0.10616405
0.22682972 0.23028339 0.40872163 0.40833977 0.20640127 -0.26535448 0.25064543 0.33508015 0.44364357 0.45498714 0.33498725 -0.32212299 0.31956363 0.39700031 0.44877723 0.5285756 0.44019207 -0.14077652 0.26675731 0.43833569 0.23077999 0.38675764 0.43057981 -0.23126408 0.29074016 0.60686105 0.27222997 0.37450144 0.62100106 -0.14471631 0.265751 0.77495158 0.30236894 0.3725968 0.79951054 -0.1253897 
0.22648509 0.22997284 0.4038223 0.41001898 0.20695163 -0.28428814 0.25090382 0.3353726 0.45198357 0.45539874 0.33560315 -0.34791243 0.31880641 0.39624226 0.46050277 0.5285542 0.44024572 -0.16833067 0.26707959 0.43839979 0.23718321 0.38656288 0.43051961 -0.2376675 0.29135376 0.6072734 0.27011424 0.37462899 0.62099433 -0.14798859 0.26556075 0.77549893 0.29958695 0.37262514 0.79958528 -0.1325971 
0.22672373 0.22928256 0.40094444 0.41106498 0.20728797 -0.27496454 0.24992847 0.33558303 0.45333099 0.45553401 0.33620626 -0.33198509 0.31788978 0.39496177 0.46482575 0.52832389 0.44080231 -0.15003064 0.26730824 0.43826067 0.23626325 0.38637578 0.43032414 -0.23672616 0.29166287 0.60778975 0.26486224 0.37469295 0.62112594 -0.15011069 0.26526931 0.77585793 0.29163444 0.37265369 0.80138224 -0.13955925
0.22671659 0.22859941 0.39915392 0.41056961 0.20695324 -0.27459252 0.25019023 0.33589107 0.44998637 0.45584273 0.33655244 -0.34214944 0.31781659 0.40210426 0.45969442 0.52829629 0.44133747 -0.17750144 0.26770332 0.43798247 0.23574163 0.38655689 0.42972901 -0.23624042 0.29302114 0.60776013 0.26298806 0.3754952 0.62102848 -0.15013854 0.26529765 0.77584857 0.2876071 0.37291822 0.8014282 -0.14264719
0.22567984 0.22844957 0.38128561 0.41101471 0.20709701 -0.2707279 0.24902113 0.33530173 0.44593129 0.45595032 0.33653727 -0.32684764 0.31549072 0.39722541 0.45573404 0.52807808 0.44148299 -0.15157911 0.26776129 0.43786314 0.23407298 0.38671249 0.42944258 -0.23457976 0.29467401 0.60771537 0.24987349 0.37604907 0.62087804 -0.14704013 0.26530772 0.77580702 0.26431957 0.37295142 0.80152482 -0.1476516 
0.22534969 0.22814728 0.38012066 0.41109908 0.20725352 -0.27227396 0.2468904 0.33288071 0.44108334 0.45571184 0.33660492 -0.32092088 0.3127121 0.39794731 0.45192704 0.5270189 0.44137922 -0.14291342 0.26786971 0.43777236 0.23293692 0.38666123 0.42952019 -0.23344123 0.29562059 0.60754222 0.24951869 0.37616611 0.62061346 -0.14654478 0.26552755 0.77579963 0.2644065 0.37373763 0.80217069 -0.14755893
0.22563787 0.22778067 0.38016239 0.41142616 0.20738825 -0.28323731 0.24559428 0.33150032 0.44295382 0.45488569 0.33672914 -0.32870513 0.31119409 0.39453843 0.45820361 0.5261063 0.44150883 -0.13578798 0.26787311 0.4377715 0.23373595 0.38661793 0.42956215 -0.23422235 0.29583412 0.60744178 0.24956281 0.37632346 0.62049425 -0.14762567 0.26554686 0.7757917 0.26585403 0.37420473 0.80313551 -0.14828043
0.22594434 0.22756885 0.37088645 0.41159299 0.20751104 -0.3017149 0.24415159 0.33006534 0.44155869 0.45467013 0.33649367 -0.3419522 0.30835661 0.39360845 0.46083477 0.52530217 0.4414013 -0.1342151 0.26807305 0.43802515 0.23343815 0.38663477 0.42995375 -0.23392628 0.29626048 0.60744023 0.25192305 0.37644485 0.62048191 -0.14638604 0.2655772 0.77577323 0.26954761 0.37464836 0.80315101 -0.14562336
0.22618471 0.22745751 0.3523308 0.41181684 0.20760854 -0.30127645 0.24378736 0.3295576 0.42009282 0.45467567 0.33654842 -0.34268594 0.30608168 0.39445257 0.44712833 0.52527678 0.44142613 -0.14308687 0.26809695 0.43872297 0.23207696 0.38660598 0.43088052 -0.23257409 0.29646093 0.60768586 0.25183323 0.37649304 0.62047172 -0.14101522 0.26559827 0.77584648 0.27140671 0.37475839 0.80319142 -0.13327302
0.22867073 0.22739066 0.34380117 0.41285437 0.20794949 -0.29496083 0.24717455 0.32981709 0.38883927 0.45472601 0.33654916 -0.33815211 0.30576912 0.39758053 0.39804831 0.5247184 0.44188884 -0.13786711 0.26877391 0.43957904 0.23049912 0.3867501 0.43182203 -0.23100469 0.29729694 0.60790354 0.24933067 0.37678584 0.62039846 -0.13860133 0.26604298 0.77588278 0.27050802 0.37493438 0.80327785 -0.13045192
0.23088256 0.22741692 0.33866489 0.41446847 0.2081833 -0.2907609 0.25448254 0.33005944 0.36814225 0.45531246 0.33695465 -0.33408159 0.30660915 0.40944883 0.36305672 0.52456176 0.44392118 -0.14046152 0.26978734 0.43964607 0.22818913 0.38725606 0.43182972 -0.22872175 0.29999021 0.60789543 0.24421106 0.37826645 0.6204105 -0.13514897 0.26660907 0.77596861 0.26816732 0.37511364 0.8029353 -0.12448522
0.23526272 0.22761205 0.32660568 0.42018166 0.20884313 -0.29554355 0.26026851 0.33008969 0.36306742 0.45588297 0.33805597 -0.33420748 0.30688584 0.4123629 0.36356363 0.52441949 0.4474417 -0.14037322 0.27139691 0.43988085 0.2248155 0.38755319 0.43228105 -0.22532916 0.30224091 0.60771275 0.24290492 0.38088962 0.620202 -0.12751372 0.26709265 0.77594727 0.26838467 0.37537575 0.801512 -0.10977097
0.23833098 0.227855 0.32242516 0.42283136 0.20929192 -0.30159807 0.26326799 0.3316429 0.35821566 0.45685002 0.33866945 -0.33802131 0.30696896 0.41572732 0.35886681 0.52439648 0.44938457 -0.14123657 0.27204034 0.44029477 0.22419183 0.38749161 0.43293062 -0.22471862 0.30374923 0.60756069 0.24316365 0.38250396 0.62006509 -0.12095188 0.26783997 0.77576768 0.26931503 0.37714887 0.80070996 -0.10052618
0.24320261 0.2285555 0.32105294 0.42701951 0.21016249 -0.29832494 0.26906723 0.33247942 0.34707379 0.45742294 0.33888945 -0.33657753 0.31083041 0.42421636 0.33180964 0.52397031 0.45032927 -0.14017189 0.27201304 0.44049263 0.22189328 0.38738164 0.43389809 -0.22236814 0.30370194 0.60767299 0.24130009 0.38444319 0.62005895 -0.11924227 0.26934084 0.77687836 0.2667816 0.3767643 0.80067372 -0.10042241
0.25227559 0.22868158 0.34463117 0.43333966 0.21251179 -0.23019561 0.27265903 0.33187547 0.34995621 0.45973006 0.33942902 -0.26641253 0.31087154 0.4276351 0.34406975 0.52340925 0.45158249 -0.10314199 0.27177483 0.44025657 0.21472563 0.38635406 0.43401486 -0.21514787 0.30382112 0.60729963 0.20265141 0.38726529 0.62001431 -0.11985084 0.27026573 0.77830809 0.21327892 0.37677628 0.79993665 -0.10905636
0.2572661 0.2319344 0.39112327 0.44069114 0.2160295 -0.1477211 0.27440822 0.33610386 0.38091207 0.46201944 0.34073371 -0.19628647 0.313324 0.43412787 0.35778037 0.5222767 0.45189592 -0.07360447 0.2713041 0.43999723 0.2021925 0.38567734 0.43400913 -0.2025649 0.30429077 0.60566872 0.15083188 0.39348322 0.61968058 -0.12686017 0.27033269 0.77877396 0.12213932 0.37863177 0.79801506 -0.16879748
0.26433015 0.23475799 0.44955778 0.4503133 0.22226492 -0.07361577 0.27608913 0.34005091 0.45923775 0.46771327 0.3450056 -0.12112925 0.31208175 0.43748051 0.44031015 0.52194399 0.45432276 -0.02577941 0.26960582 0.43999785 0.19886819 0.38386738 0.4350172 -0.19923848 0.30516702 0.60537601 0.15340601 0.39980072 0.61977971 -0.13185233 0.27079058 0.77794671 0.14210942 0.37958455 0.80354404 -0.17951697
0.27472797 0.23874961 0.46879062 0.45870781 0.2273066 -0.03196515 0.2859942 0.34653866 0.49419042 0.47405228 0.34858847 -0.07431358 0.32406527 0.44021162 0.48531041 0.52226031 0.4573243 0.00620903 0.26440182 0.44178432 0.18902475 0.37887767 0.43952781 -0.18951893 0.30514944 0.60555214 0.13745329 0.40444544 0.62102383 -0.12382555 0.27107894 0.77869189 0.11731999 0.38045192 0.80576241 -0.17693506
0.28399807 0.2427461 0.48240957 0.46361905 0.23422839 -0.01572265 0.2895582 0.35205647 0.49720183 0.48026812 0.35422194 -0.05938291 0.32322922 0.44580519 0.47308752 0.5229007 0.46541584 0.03657437 0.26007298 0.44241789 0.18882008 0.3730303 0.44130385 -0.18938425 0.30916989 0.60576248 0.1399167 0.41117802 0.62228698 -0.12360891 0.27423939 0.77989644 0.1224182 0.37996405 0.80732036 -0.18232517
0.29737401 0.24856773 0.46166664 0.46846744 0.24006253 0.01202215 0.28985694 0.35809702 0.47634983 0.48366016 0.3581441 -0.02233639 0.32306102 0.45267257 0.45902002 0.52291876 0.47116008 0.06710131 0.25594601 0.44491914 0.1806064 0.36550024 0.44399181 -0.18120593 0.31164891 0.60592103 0.14538929 0.41915125 0.62225807 -0.11380859 0.27657899 0.77772427 0.14353113 0.37971523 0.80703664 -0.17204952
0.31185541 0.2534582 0.48391888 0.47580308 0.24786551 0.00971358 0.29067576 0.3624514 0.4864355 0.48757255 0.36448321 -0.04454786 0.31015107 0.46421707 0.45475385 0.52299654 0.48258704 0.05033971 0.25256351 0.447447 0.17823114 0.36037782 0.44829169 -0.17883435 0.31344673 0.6071133 0.13182832 0.42169926 0.62318921 -0.11353233 0.27826664 0.7777158 0.14226656 0.37970284 0.80569196 -0.15486255
0.31932062 0.26515621 0.46580043 0.48312762 0.25688428 0.02934389 0.28896502 0.3713046 0.44724783 0.49175459 0.37339652 -0.04369595 0.28868231 0.46924087 0.38384384 0.52766418 0.49515536 0.03725675 0.2516529 0.45371529 0.16467926 0.35805681 0.45287859 -0.16524716 0.31396446 0.60988629 0.12238614 0.42217502 0.62553483 -0.10618284 0.28004652 0.77773899 0.13988484 0.38078344 0.8019532 -0.13074362
0.32149547 0.27753049 0.45757839 0.48714554 0.26753727 0.02860321 0.27752164 0.3867397 0.42089221 0.4977994 0.38633046 -0.0410918 0.26147887 0.47816309 0.371465 0.5301106 0.50831264 0.04203925 0.24474928 0.46200541 0.16016839 0.35127059 0.45988563 -0.1606954 0.31373498 0.61250061 0.13285957 0.42059678 0.62715757 -0.09965507 0.27999616 0.77800715 0.16940583 0.38035432 0.80263466 -0.09018446
0.32361522 0.28598356 0.47885868 0.48981097 0.27768886 0.06740509 0.26923198 0.39400676 0.46361953 0.50215638 0.39740795 0.00112948 0.2587885 0.48611066 0.43470764 0.53005254 0.51859611 0.09964737 0.23173577 0.46560115 0.1596002 0.34342 0.46251127 -0.16024595 0.31168938 0.61341095 0.13355581 0.41968167 0.62740833 -0.09951579 0.27862141 0.77621943 0.16844992 0.37968042 0.80253237 -0.09327741
0.3271966 0.29646936 0.69543862 0.49345374 0.28649569 0.23588318 0.2559182 0.40496367 0.66144836 0.50483626 0.40573394 0.14314649 0.25573206 0.5030911 0.60156101 0.52950805 0.53032553 0.25230873 0.22394611 0.47151119 0.1617837 0.3401067 0.4692314 -0.16255447 0.30764169 0.61524934 0.13424426 0.41851786 0.62896818 -0.12014139 0.2759445 0.77537799 0.1550514 0.37707371 0.80335677 -0.14405276
0.33135638 0.30572546 0.58022004 0.49887773 0.29739457 0.156799 0.24790785 0.41306332 0.56661546 0.5089882 0.41543812 0.10409397 0.25669643 0.50635052 0.52861083 0.52826816 0.5421201 0.24136898 0.21686848 0.47444102 0.15620504 0.33698121 0.47535685 -0.15705878 0.3004764 0.61788285 0.16879697 0.40917096 0.628986 -0.05980826 0.27605066 0.77533054 0.18589339 0.37748986 0.79862922 -0.06189479
0.33968246 0.31300312 0.62630868 0.50663501 0.31186649 0.23044853 0.28083938 0.41578943 0.61347556 0.51163387 0.42802235 0.17443155 0.25924242 0.51302892 0.59083235 0.52824336 0.55811387 0.31995666 0.20726681 0.47390714 0.1567297 0.32911983 0.47428465 -0.15764454 0.29675746 0.61980498 0.15294467 0.4039515 0.62884796 -0.07031928 0.2762633 0.7775932 0.16178884 0.37707639 0.80061823 -0.06999 
0.34623292 0.32191938 0.60324973 0.51335812 0.32349446 0.25199282 0.29575422 0.41806158 0.58366114 0.51420373 0.43366784 0.19846541 0.26299155 0.51419204 0.56412792 0.52817684 0.56434292 0.33930236 0.20127365 0.47251302 0.14943212 0.32153711 0.47139969 -0.15033388 0.29507712 0.62003583 0.15316179 0.40307257 0.62645984 -0.06554594 0.27456877 0.77760661 0.22394994 0.3748183 0.80080724 0.00619337
0.35365495 0.326318 0.60654503 0.51936173 0.33445677 0.25150689 0.29739732 0.41927874 0.58825707 0.51781189 0.44231907 0.20335326 0.26270241 0.51629293 0.56583649 0.52793425 0.57178229 0.34402937 0.19457565 0.47344366 0.15000542 0.31579816 0.4754588 -0.15092111 0.28943059 0.62422782 0.1712061 0.40164861 0.626912 -0.04453466 0.27404737 0.78016162 0.28160465 0.3748565 0.80102241 0.05007924
0.36147341 0.33583742 0.65641952 0.52672344 0.34846181 0.23038128 0.30017164 0.42283794 0.65834963 0.51913315 0.45671138 0.17130066 0.26357624 0.51449764 0.64044321 0.52645046 0.58016241 0.31306911 0.18177679 0.47303888 0.15358901 0.30629462 0.47781649 -0.1546531 0.28043118 0.62514663 0.17508316 0.40173939 0.6261512 -0.02683498 0.27142704 0.78006119 0.25761798 0.37488794 0.80095619 0.03142872
0.37144369 0.34453115 0.71134061 0.54084194 0.36281464 0.32173562 0.3080669 0.43020064 0.6797334 0.52318275 0.47419974 0.23338945 0.26413265 0.52232045 0.62028676 0.52645713 0.59988797 0.34866872 0.17700616 0.47271723 0.15502864 0.29886717 0.47737974 -0.15600981 0.28261262 0.62482494 0.17454131 0.40305248 0.62601107 -0.03952108 0.26750761 0.78650492 0.26381704 0.38055703 0.80576319 0.04360352
0.38299707 0.36643454 0.81390923 0.54074049 0.37669742 0.31206161 0.31535473 0.44499788 0.80362976 0.52406174 0.502249 0.19739798 0.27919784 0.53552973 0.73875999 0.52649063 0.6170572 0.31063458 0.17103349 0.47325799 0.18118402 0.28660205 0.47667125 -0.1819368 0.2871609 0.62991309 0.22751021 0.41125229 0.62602669 -0.05316549 0.26019365 0.78604132 0.31330502 0.3824394 0.8054859 0.01356872
0.38687074 0.38708875 0.73685688 0.53728974 0.39726892 0.31993023 0.32122129 0.46322373 0.7320689 0.52260327 0.51666427 0.2092838 0.26322696 0.54987639 0.70545208 0.52546191 0.62967473 0.31164703 0.1748254 0.47945535 0.16693136 0.27043918 0.48258632 -0.16785882 0.2987791 0.63070548 0.26174363 0.43346837 0.62581331 -0.03309748 0.26363248 0.78172529 0.28558293 0.38641551 0.79864299 -0.00754437
0.40129459 0.40286145 0.74380815 0.53830206 0.41714472 0.30357513 0.35374641 0.48951828 0.71923947 0.52421105 0.53387815 0.18780766 0.29103145 0.57772166 0.68726224 0.52547061 0.65110797 0.30036128 0.17452188 0.48265669 0.15965123 0.27312407 0.48513916 -0.16076033 0.31138197 0.62983322 0.25892657 0.46013749 0.62580377 -0.04101046 0.27945471 0.78214157 0.23857854 0.39528275 0.77281463 -0.02512734
0.40765476 0.41458553 0.79186678 0.54217356 0.43710941 0.29566222 0.34299746 0.49965379 0.75974661 0.52468449 0.55233413 0.18146455 0.26843923 0.58621109 0.71998495 0.52815294 0.66613632 0.30114231 0.17131342 0.48716351 0.16787577 0.26512575 0.4907527 -0.16904777 0.31448409 0.63145369 0.20397709 0.47051266 0.63753396 -0.14522088 0.2799173 0.78221065 0.18392116 0.38753816 0.77490485 -0.09394178
0.41281298 0.42719549 0.76290381 0.54312879 0.45489678 0.25975603 0.34737825 0.51240581 0.73740113 0.52821046 0.5710935 0.15013643 0.27728799 0.5959931 0.70618147 0.52966243 0.69031602 0.26232907 0.16529451 0.48923627 0.17994496 0.25693092 0.4945693 -0.18097186 0.31815365 0.63189334 0.21703245 0.46619463 0.64057255 -0.14263071 0.27967203 0.78010368 0.20445049 0.35990199 0.77958232 -0.07724744
0.4154889 0.44500652 0.7574662 0.54118842 0.46647909 0.286652 0.34793583 0.53882807 0.73086256 0.53036749 0.58959317 0.17952093 0.29462931 0.62991124 0.64568067 0.52958894 0.70859677 0.25507471 0.16001272 0.49096891 0.17365405 0.26136842 0.49600336 -0.1746252 0.32901877 0.63149279 0.17414254 0.4567689 0.63682622 -0.14396849 0.27952 0.77812028 0.0515959 0.35218382 0.78175795 -0.20148139
0.40973929 0.46156514 0.74716437 0.54079401 0.47512642 0.32026628 0.35886413 0.57035339 0.70385498 0.53224456 0.59826791 0.20848708 0.35441583 0.66361928 0.63100314 0.54026276 0.70861626 0.22772707 0.15694457 0.4971647 0.1662287 0.26022577 0.49969763 -0.16717201 0.34202081 0.63139427 0.17560098 0.4684017 0.61972237 -0.13581996 0.30104598 0.77183872 0.12016679 0.40354821 0.77548605 -0.18624352
0.40564865 0.46716487 0.76166987 0.54137361 0.47809666 0.34140635 0.36981881 0.58429629 0.69646049 0.53921896 0.5960027 0.22418663 0.38374832 0.67991096 0.61257404 0.54588926 0.70330042 0.23032953 0.15906294 0.50378597 0.16219097 0.25936031 0.50149715 -0.16312131 0.33994719 0.64222354 0.14838767 0.47904924 0.61724579 -0.12887722 0.29707292 0.77681905 0.04707614 0.40071622 0.77794582 -0.16077361
0.40821993 0.46821532 0.71844745 0.54335505 0.481971 0.31726977 0.38564986 0.59545255 0.64395255 0.54131955 0.59948647 0.20839469 0.41067857 0.70397288 0.57679152 0.5449363 0.7033456 0.21963078 0.16063799 0.50800121 0.1600135 0.25524479 0.50457275 -0.16102728 0.34447184 0.64458048 0.15919134 0.48275191 0.61752629 -0.13390091 0.29446983 0.78390354 0.07749085 0.36503714 0.77843696 -0.14292809
0.40658396 0.46893278 0.72314185 0.54339278 0.48069292 0.3467963 0.37491843 0.58676594 0.65260178 0.5397194 0.59654331 0.22298418 0.38962767 0.6876623 0.59387571 0.53867072 0.70489544 0.22651166 0.16191541 0.512779 0.15311772 0.25853905 0.50943506 -0.15436138 0.34526199 0.64968032 0.16483846 0.48267168 0.61799675 -0.13084646 0.29693806 0.78710729 0.07634326 0.355822 0.77926964 -0.13837929
0.41296452 0.46981773 0.74243009 0.54531419 0.48063526 0.38312325 0.38024318 0.57930946 0.66245252 0.53879344 0.60649341 0.28063828 0.40527859 0.66876525 0.6278488 0.53933322 0.71455282 0.29567903 0.16223602 0.51323086 0.14290279 0.26782247 0.50971526 -0.14424422 0.34455505 0.64913106 0.17363068 0.48247302 0.62291783 -0.11500098 0.29605043 0.78717321 0.0821274 0.3586486 0.78315145 -0.0915766 
0.41510037 0.46914518 0.71168876 0.54722619 0.48003879 0.36442995 0.37988448 0.58536321 0.63119793 0.53872424 0.60544699 0.25971922 0.41051266 0.67819703 0.60261726 0.54041213 0.71461642 0.2908937 0.16299573 0.51475948 0.13062501 0.26918539 0.51194292 -0.1320613 0.35322398 0.65028805 0.17469889 0.48631009 0.622895 -0.09859769 0.29986054 0.79362679 0.09643612 0.36778173 0.78270626 -0.07780706
0.41726872 0.46988833 0.65422279 0.5484286 0.47996628 0.34204608 0.38726139 0.59621167 0.58275002 0.54102772 0.60432917 0.24731262 0.41903338 0.69797355 0.5458833 0.54131186 0.71323973 0.21688659 0.16324763 0.5151965 0.13027057 0.26708862 0.51078641 -0.13153133 0.35559803 0.65169197 0.17541191 0.48610279 0.6230951 -0.08512373 0.29742688 0.79276651 0.10077044 0.36796597 0.78489089 -0.07843924
0.42244259 0.46949196 0.66135371 0.55007619 0.48315391 0.3374435 0.39262974 0.59217292 0.58981907 0.54610163 0.60495961 0.24029036 0.42485002 0.69159794 0.55654418 0.54436964 0.71198726 0.21737348 0.16427726 0.51519495 0.1275197 0.26735303 0.51031631 -0.12873116 0.35262552 0.65147614 0.17567372 0.48407215 0.62319797 -0.07559854 0.29436901 0.79204297 0.11268555 0.36852837 0.7889623 -0.05681954
0.41822144 0.46989098 0.62432379 0.55082113 0.48307103 0.32498401 0.39933315 0.58527112 0.56088078 0.54887438 0.6035859 0.23536843 0.43328831 0.67941743 0.53018659 0.5470522 0.7133016 0.22026277 0.16746002 0.5149228 0.12363087 0.26936522 0.5109728 -0.12498873 0.35338786 0.65125495 0.21405746 0.48507187 0.62362808 -0.06049876 0.29281995 0.79095691 0.15881158 0.36876503 0.78880054 -0.02781788
0.42451772 0.4669264 0.64817619 0.55116326 0.48034042 0.32686484 0.39360991 0.5799256 0.58652222 0.54830289 0.60299468 0.23672032 0.42349231 0.64741307 0.5459795 0.54653889 0.709674 0.22375132 0.16755968 0.51459825 0.12457185 0.26948997 0.51013142 -0.12591645 0.35876054 0.65060866 0.21823692 0.48760647 0.6236456 -0.06554925 0.2938042 0.79053944 0.16976464 0.37707132 0.78884381 -0.02829977
