0.48508799 0.39000052 -0.51116395 0.38056239 0.42505491 0.03056473 0.57337838 0.52015579 -0.51339126 0.43616769 0.52604884 0.09255128 0.61423439 0.65625787 -0.45509467 0.4448719 0.63067371 0.04634539 0.79920632 0.4695769 -0.19084902 0.70965391 0.48414537 0.19116624 0.51995969 0.54529703 -0.24237558 0.46167576 0.56358469 0.19629119 0.6194666 0.69054836 0.00429167 0.59603667 0.68407822 0.24549289
0.46969986 0.38340563 -0.51667196 0.36852217 0.41676864 0.03646746 0.56072181 0.52081639 -0.51738834 0.42837003 0.52373624 0.10738501 0.60092366 0.65278339 -0.48123142 0.43736079 0.63026899 0.06825404 0.78256458 0.46814838 -0.19067004 0.6862461 0.47959548 0.19096051 0.50747299 0.54966718 -0.2404944 0.45312643 0.56420344 0.19464096 0.62199181 0.68993652 0.01987478 0.59043497 0.68476516 0.26428992
0.47046807 0.38011715 -0.53147399 0.36280847 0.412981 0.04187472 0.55511397 0.51955354 -0.53367829 0.42907012 0.52497888 0.12961175 0.59448564 0.65203118 -0.47700375 0.43282929 0.62943077 0.07658597 0.7782557 0.46670014 -0.19089127 0.68075538 0.47914496 0.19113809 0.50601786 0.55028933 -0.26359797 0.45046204 0.56420261 0.21616623 0.60464275 0.69828111 -0.10095039 0.57692891 0.68563551 0.26773253
0.47043818 0.37909591 -0.53000927 0.36045074 0.4110077 0.04832869 0.55461639 0.52363503 -0.5119012 0.42772666 0.52151012 0.13729759 0.59395897 0.65726483 -0.42354098 0.43213746 0.62592047 0.12032846 0.77690083 0.46661335 -0.18867505 0.67936903 0.47880271 0.1889908 0.50471878 0.55791205 -0.22011918 0.45319346 0.56782001 0.2149314 0.60537666 0.6984095 -0.00183035 0.58290905 0.68629092 0.31359643
0.47223839 0.37800625 -0.53063262 0.36406618 0.41030583 0.04807349 0.55580503 0.52516091 -0.50552726 0.43089139 0.52142042 0.1312781 0.59175444 0.65530437 -0.40856627 0.43410337 0.62694007 0.12043606 0.77654654 0.46694198 -0.18519972 0.67969245 0.47894952 0.18554501 0.51119488 0.55781728 -0.22801495 0.45338494 0.56778961 0.21436153 0.60265863 0.7032575 -0.0589607 0.58310133 0.68674749 0.28050745
0.46865848 0.3779273 -0.53136605 0.36304644 0.40956056 0.04975023 0.55565619 0.52374738 -0.50783646 0.43148223 0.52032179 0.13482888 0.59130323 0.65305513 -0.41561806 0.43511078 0.62725347 0.12464009 0.77614188 0.46712014 -0.18391402 0.67991954 0.47904748 0.18430355 0.50873625 0.55764669 -0.23890112 0.45084593 0.56774002 0.21073505 0.59965253 0.70661467 -0.08125971 0.57987577 0.68724531 0.2581073 
0.46903595 0.37809828 -0.53202897 0.36315876 0.40945873 0.06064501 0.5546208 0.52441388 -0.50610626 0.43340668 0.51967418 0.15428203 0.5901345 0.65195382 -0.39683345 0.43501309 0.6271227 0.15300274 0.77575409 0.46721837 -0.18393266 0.68037009 0.47924682 0.18431649 0.50452846 0.55710524 -0.249016 0.45034474 0.56767982 0.21072473 0.60127753 0.70563406 -0.07905699 0.58453351 0.68750131 0.26393294
0.46487576 0.37777236 -0.51400715 0.36484852 0.408555 0.06132115 0.55562776 0.52455914 -0.49265057 0.43628615 0.51876956 0.14206395 0.59232616 0.65205884 -0.39125091 0.43733862 0.6261124 0.1474223 0.77556419 0.46732202 -0.17836657 0.68107277 0.47937304 0.1787402 0.50246608 0.55615509 -0.24910988 0.4515695 0.56672353 0.2078971 0.59824139 0.70576656 -0.09375971 0.57912517 0.68768346 0.23479281
0.46293777 0.37860489 -0.50887799 0.36745012 0.40725613 0.07228936 0.55682945 0.52616239 -0.48453623 0.4390285 0.51732934 0.15253086 0.59426111 0.65247899 -0.38414028 0.43850839 0.62579143 0.15190957 0.77558762 0.46738216 -0.17715605 0.68146759 0.47931337 0.17750397 0.50312352 0.5580042 -0.21929596 0.45460799 0.5668996 0.21319459 0.59876025 0.70410413 -0.01225491 0.57904124 0.68773133 0.28154403
0.46163493 0.38055733 -0.50533664 0.37010357 0.40525448 0.0819615 0.557464 0.52524781 -0.47679675 0.44064811 0.51521856 0.16590621 0.59369481 0.65180629 -0.37273055 0.43765435 0.62213522 0.1631951 0.77554524 0.46742323 -0.17719221 0.68187481 0.47872612 0.1775437 0.50428337 0.55818707 -0.21158804 0.45532468 0.5670284 0.22303069 0.59635919 0.69642222 0.00572502 0.57898223 0.68466485 0.309625 
0.46317059 0.38262844 -0.50865817 0.37173972 0.40401807 0.08585223 0.55692542 0.52610314 -0.48652259 0.44177958 0.51367056 0.17766576 0.59386873 0.65139735 -0.38404655 0.43814144 0.62029207 0.16685651 0.77500123 0.46745729 -0.17893982 0.68220413 0.47832078 0.17932433 0.50598019 0.55841362 -0.21272749 0.45661658 0.5677523 0.22606464 0.59754741 0.70052719 -0.03080641 0.5808093 0.68693709 0.30477855
0.4625909 0.38370648 -0.50492221 0.3727597 0.40152878 0.09519955 0.55794907 0.52707899 -0.47556216 0.44248679 0.51189464 0.19495346 0.59341425 0.65151119 -0.37503171 0.43613121 0.61856002 0.17245503 0.77429098 0.4674879 -0.17862897 0.68238795 0.47760734 0.17897838 0.50684017 0.55812681 -0.21912497 0.457369 0.56747997 0.22113007 0.59679973 0.70478123 -0.03380577 0.58172417 0.68865114 0.28486884
0.46383888 0.38367477 -0.49869707 0.37417865 0.40135896 0.0940351 0.55903304 0.52727389 -0.47134984 0.44288871 0.5118596 0.18859968 0.59276772 0.65233624 -0.37506163 0.43388209 0.61978465 0.16780658 0.7750442 0.46750796 -0.17799971 0.68387872 0.47766873 0.17833526 0.50716078 0.55810136 -0.22228578 0.45799392 0.56740385 0.20926605 0.59746927 0.70589823 -0.02219238 0.58236021 0.6889624 0.28410208
0.46461338 0.38340595 -0.5021354 0.37475505 0.40137967 0.08279521 0.55971628 0.52689487 -0.47558656 0.44318232 0.51180172 0.16809484 0.59218717 0.6527949 -0.38213784 0.43328562 0.62058163 0.1515837 0.7750507 0.46754411 -0.17681707 0.68399823 0.47781834 0.17714615 0.5075559 0.55807185 -0.22436702 0.45844826 0.56737792 0.20848995 0.59430265 0.70385855 -0.02339022 0.58275449 0.68886387 0.28301096
0.4651286 0.38314816 -0.50758243 0.37553543 0.4000769 0.08378884 0.55974817 0.52685016 -0.48329043 0.4433696 0.51066238 0.17230496 0.59163725 0.6526261 -0.39148697 0.43260539 0.61878508 0.15121077 0.7750091 0.46773177 -0.17861517 0.68408483 0.4777723 0.17890549 0.50593966 0.55952722 -0.21779126 0.45877355 0.56718189 0.22479953 0.58936745 0.69896549 0.03154913 0.57963073 0.68644917 0.34024236
0.46549046 0.38260144 -0.5077036 0.37804404 0.39833558 0.09240644 0.56023806 0.52662218 -0.48346677 0.44417128 0.50996816 0.18262993 0.59095794 0.65250725 -0.39291802 0.43287608 0.61763245 0.1636975 0.77507246 0.46826518 -0.18111628 0.68538743 0.47780648 0.18147273 0.50497949 0.55945402 -0.21889047 0.45896071 0.56674987 0.22540365 0.59066552 0.69889218 0.0239325 0.57973486 0.68713355 0.34149611
0.46573049 0.38154945 -0.50593632 0.37877858 0.39702114 0.08897025 0.56058007 0.52645469 -0.48173574 0.44440609 0.50915945 0.17286998 0.59070933 0.65244395 -0.3914037 0.43372828 0.61698157 0.15369725 0.77502996 0.46834046 -0.17895696 0.68557024 0.47772086 0.17931025 0.50404799 0.55938745 -0.20199554 0.45907831 0.56648499 0.2248366 0.58967853 0.69703448 0.04502009 0.57966316 0.68736863 0.3375991 
0.46677426 0.3805933 -0.5035215 0.38003859 0.39560598 0.08529999 0.56062704 0.52633488 -0.47936386 0.444563 0.50726599 0.16424766 0.59048951 0.65237439 -0.38798341 0.43399245 0.61503488 0.14887744 0.7750597 0.46835324 -0.177691 0.68573058 0.47731808 0.17810139 0.50334662 0.5598489 -0.19215085 0.45922893 0.56626433 0.22064036 0.59020007 0.69721341 0.0717099 0.58099741 0.68745619 0.3368026 
0.46812719 0.37920108 -0.504408 0.38005573 0.39373437 0.07432204 0.5607003 0.52626508 -0.47967145 0.44441828 0.50610816 0.15452203 0.59067965 0.65233845 -0.38958326 0.43463111 0.61324877 0.13200247 0.7747494 0.46839029 -0.17620121 0.68576789 0.47693884 0.17659746 0.50200135 0.56199396 -0.19062574 0.45934391 0.56625396 0.21869968 0.58928192 0.69723874 0.07459266 0.58156335 0.68752217 0.33580726
0.46908987 0.3789112 -0.54981345 0.38011926 0.3940396 0.07457648 0.56096518 0.52589494 -0.52856481 0.44447321 0.50616437 0.17260942 0.59080166 0.65116882 -0.43625015 0.43570513 0.6133725 0.13851756 0.77432263 0.46834537 -0.18664117 0.68510032 0.47691807 0.18694535 0.50151652 0.56091058 -0.23078065 0.45916677 0.56625819 0.22321589 0.58968532 0.70019948 0.01554231 0.58160979 0.6881386 0.33906123
0.46950549 0.37871543 -0.54275876 0.38015884 0.39416131 0.07509995 0.56097138 0.52504992 -0.52174979 0.44450679 0.50615525 0.17545366 0.59092569 0.65026981 -0.43067938 0.43571603 0.61340141 0.13865109 0.77441067 0.4680931 -0.18732272 0.68538374 0.47672272 0.18758781 0.50085485 0.56054634 -0.23083155 0.4599309 0.56629527 0.22282463 0.58977753 0.70045626 0.01561974 0.58259833 0.68789738 0.34167072
0.4702374 0.37842464 -0.54041672 0.38017938 0.39412412 0.0753357 0.56079358 0.5236302 -0.51752651 0.44432598 0.50583053 0.17554691 0.59071493 0.64884633 -0.43001026 0.43539351 0.61347002 0.14024413 0.77438682 0.46753901 -0.18697524 0.68513429 0.47614145 0.18724424 0.50087881 0.56015128 -0.22976999 0.45995507 0.56542617 0.21620837 0.59004694 0.70497501 0.01172993 0.5833047 0.68743193 0.33537567
0.47032139 0.37722102 -0.52223152 0.37905443 0.39337653 0.07544746 0.56087726 0.52187967 -0.49703419 0.44384792 0.50446111 0.17433834 0.59029537 0.64755237 -0.41223666 0.4353016 0.61359215 0.14118433 0.77318805 0.46689397 -0.18538098 0.68329996 0.4754529 0.18570478 0.5003916 0.56012207 -0.22568157 0.4599421 0.56536019 0.20113362 0.59083027 0.70476604 0.02465195 0.58410347 0.68780017 0.32747048
0.47038239 0.37572595 -0.52300864 0.37747484 0.39210182 0.06929891 0.5609169 0.52056819 -0.49830514 0.44318387 0.50252354 0.16841806 0.59035724 0.64720434 -0.41629755 0.43495098 0.61294961 0.1385504 0.77199829 0.46616429 -0.18315259 0.68131226 0.47451264 0.18344644 0.49870566 0.56001496 -0.22447063 0.45960388 0.5646463 0.20172368 0.59104747 0.70368296 0.02492424 0.5838666 0.68661678 0.32636425
0.47045407 0.37477061 -0.55269521 0.37749603 0.39177373 0.06948817 0.56159717 0.51992357 -0.53282577 0.44311374 0.5022819 0.16952959 0.59039259 0.64581591 -0.45496842 0.43498796 0.61177886 0.13854967 0.77000171 0.46482381 -0.18628897 0.67983931 0.47295058 0.18655388 0.49861455 0.55999112 -0.2289656 0.45916414 0.5641588 0.22534381 0.5909487 0.70278651 0.02141292 0.57989311 0.6853568 0.35487831
0.47101283 0.37202102 -0.56420624 0.37799361 0.39189148 0.06973673 0.56183112 0.51855475 -0.54005075 0.44311836 0.50237757 0.18024302 0.59044158 0.64331836 -0.45858029 0.43522856 0.61118162 0.14736854 0.76968867 0.46299073 -0.18790163 0.6790269 0.47180885 0.18813667 0.49910811 0.55665684 -0.25011265 0.45905471 0.56301081 0.23520103 0.58958286 0.70525116 -0.03119403 0.5776006 0.68638593 0.34899926
0.47119907 0.3680951 -0.559138 0.37800667 0.39193165 0.06802908 0.56186628 0.51485229 -0.53413469 0.44308728 0.50216228 0.1795684 0.59034497 0.6393013 -0.45039523 0.43500671 0.61123836 0.14968078 0.76940215 0.45996031 -0.18856022 0.67821014 0.47094575 0.18882817 0.50164211 0.55435014 -0.25709155 0.45905033 0.56239116 0.23237117 0.58955234 0.70571393 -0.04530899 0.57863653 0.6862033 0.33475712
0.47109792 0.36596555 -0.55943292 0.37600163 0.38970375 0.05875343 0.56185859 0.51153833 -0.53094131 0.44269902 0.49989381 0.17402941 0.59035498 0.63603842 -0.4458124 0.43466175 0.60886645 0.15147322 0.76891589 0.45697582 -0.18854597 0.67613703 0.46773574 0.18882047 0.50331372 0.55442834 -0.24809384 0.4599674 0.56266552 0.23345713 0.58997345 0.70475155 -0.01835608 0.57951111 0.68574983 0.34874615
0.47243834 0.36339664 -0.56463349 0.37475476 0.3881171 0.05392619 0.56187218 0.5059616 -0.53152966 0.44238949 0.49731371 0.17396802 0.59037292 0.6327433 -0.4438971 0.43393528 0.60587019 0.15152554 0.76797885 0.45448264 -0.18839665 0.67518359 0.465534 0.18865842 0.5046609 0.55449444 -0.22416618 0.46171513 0.56293201 0.23453638 0.59059083 0.70383984 0.04855714 0.58060908 0.68577802 0.37107205
0.47393543 0.35986668 -0.56424767 0.373997 0.38483369 0.05566542 0.56164253 0.50238675 -0.5368613 0.44101205 0.49293825 0.17393504 0.59062141 0.62672818 -0.45874712 0.4337129 0.6007812 0.14746918 0.76687741 0.45104748 -0.18826658 0.67308873 0.46195811 0.18852836 0.50983196 0.55119598 -0.26131126 0.46265885 0.56159383 0.23484661 0.59011018 0.70305341 -0.06381252 0.57872415 0.68580079 0.31594008
0.47393548 0.3570042 -0.5779348 0.36861452 0.38144726 0.05381341 0.55998218 0.49642342 -0.55111092 0.43912107 0.49000707 0.1743526 0.59061342 0.61865002 -0.46863958 0.43187484 0.59999222 0.14898814 0.7659685 0.44676897 -0.18990557 0.6702224 0.45840228 0.19015236 0.51917917 0.55023474 -0.2808556 0.46288398 0.56020445 0.24090618 0.59172076 0.70284432 -0.07762136 0.57861257 0.68671101 0.31156281
0.47389144 0.35222736 -0.56861317 0.36722866 0.37634951 0.05386798 0.55855489 0.49003688 -0.53947651 0.43798524 0.48632035 0.17314628 0.59087139 0.61271548 -0.46665755 0.43180549 0.59641033 0.14980914 0.7637434 0.44211206 -0.18738677 0.66757071 0.4547784 0.18767105 0.52133989 0.5482052 -0.27075851 0.4629131 0.55785835 0.23945321 0.59027207 0.70048362 -0.07423554 0.57737315 0.68840605 0.29020271
0.47335371 0.34906387 -0.56548309 0.36511505 0.37221077 0.05457333 0.55733722 0.48728082 -0.53757441 0.43615523 0.47909129 0.17254521 0.59097594 0.60807115 -0.46180418 0.43060902 0.58928812 0.14984035 0.7598893 0.43909186 -0.18674453 0.66478121 0.45043504 0.18704946 0.52100861 0.54825097 -0.26731908 0.46367732 0.55699599 0.23836675 0.58983231 0.70368576 -0.09000386 0.57254505 0.69069195 0.27793846
0.47314978 0.34533283 -0.55248243 0.36546013 0.36883327 0.04979124 0.55714983 0.48385391 -0.51619095 0.43472922 0.47639111 0.16237353 0.59095258 0.60471284 -0.43490067 0.43000734 0.58966213 0.14978071 0.75809872 0.43605083 -0.18269344 0.66247708 0.44719887 0.18304957 0.52073234 0.54771221 -0.26484132 0.46401367 0.55642986 0.22988559 0.5916571 0.69374645 -0.07275367 0.57127219 0.69037092 0.27566448
0.47268534 0.34082466 -0.53060472 0.36576626 0.36564016 0.04203101 0.55718321 0.47706181 -0.48936325 0.43380731 0.47344935 0.14987817 0.59317034 0.59981465 -0.41572976 0.43003669 0.58752859 0.14594053 0.75595254 0.43335953 -0.17370918 0.65935779 0.44390151 0.17410994 0.52191645 0.54794711 -0.25080183 0.46447214 0.55752945 0.21469788 0.59309399 0.69769955 -0.06919366 0.56855172 0.69145888 0.2565448 
0.47289118 0.33671254 -0.51725286 0.36484534 0.36063412 0.02318809 0.55719984 0.47443429 -0.47370461 0.43358639 0.46811089 0.1265105 0.59350622 0.5924542 -0.39943394 0.43005079 0.58478141 0.13129236 0.754839 0.42974806 -0.16368799 0.65762693 0.43993387 0.16415094 0.52234983 0.54808986 -0.22677279 0.46729288 0.55954003 0.20073394 0.59328282 0.70121753 -0.05421411 0.56804752 0.69503403 0.2401769 
0.47288355 0.33272153 -0.50807869 0.36582091 0.35761812 0.0145406 0.55641097 0.47146767 -0.46684146 0.43308783 0.46513602 0.11206301 0.59344196 0.5901379 -0.40162799 0.42771116 0.58033758 0.11604806 0.75430429 0.42723665 -0.15842476 0.65540582 0.43707579 0.15893106 0.52638346 0.5481413 -0.23468557 0.4723714 0.55972165 0.19904777 0.59471232 0.71421778 -0.12232156 0.56651795 0.69722104 0.19389871
0.47301805 0.3269355 -0.51624596 0.3690953 0.35469419 0.02094034 0.55644554 0.46560135 -0.4829661 0.43295377 0.46101311 0.12258432 0.59424859 0.58685023 -0.42883542 0.42739961 0.57556272 0.11195534 0.75408798 0.42364264 -0.16095245 0.65556175 0.43364045 0.16141985 0.52752119 0.54577738 -0.29068953 0.47441933 0.55246168 0.19545378 0.5946365 0.7157225 -0.18340369 0.5629214 0.69696391 0.16231334
0.47316599 0.32318857 -0.49868566 0.37180758 0.3472065 0.01923914 0.5564723 0.46217152 -0.4635177 0.43278909 0.4570635 0.11278298 0.59428442 0.58373249 -0.40957263 0.42673904 0.57160056 0.09939475 0.75407457 0.42083019 -0.15493183 0.65587562 0.43106511 0.15539168 0.534962 0.54448438 -0.28827569 0.47838181 0.55116212 0.18582411 0.59358984 0.71698058 -0.14957054 0.56306243 0.69680649 0.16166179
0.47476122 0.32023925 -0.50858784 0.37562698 0.34051931 -0.01215956 0.55759662 0.45849138 -0.47210234 0.43445849 0.45201099 0.10167763 0.59390748 0.57752264 -0.40753621 0.42678455 0.56498802 0.09992187 0.75344515 0.41980314 -0.15477274 0.65631276 0.42743629 0.15518832 0.53590703 0.54481977 -0.21482512 0.48488396 0.55111325 0.18722129 0.59425277 0.72297472 -0.06079375 0.56329441 0.69694889 0.1919679 
0.47453415 0.31610096 -0.50503165 0.37995517 0.33078283 0.05753251 0.56084603 0.45017728 -0.46315432 0.43746093 0.44633663 0.18940108 0.59450424 0.56860763 -0.37149835 0.42682353 0.55893648 0.1933737 0.75335395 0.42023423 -0.16237701 0.65831506 0.42505872 0.16299602 0.53510773 0.55004728 -0.21808213 0.48521096 0.54991502 0.18286543 0.59553409 0.72838753 -0.06425854 0.56371969 0.70052016 0.22467089
0.47505012 0.30840567 -0.46578416 0.38219467 0.32587558 0.08456463 0.56198394 0.43896458 -0.43586195 0.43875089 0.44526678 0.19090307 0.59458095 0.56021249 -0.35662466 0.42827544 0.55751246 0.17692854 0.75267017 0.41594508 -0.16278373 0.65850669 0.42127261 0.16338898 0.5347442 0.54874408 -0.24241604 0.48623708 0.54861033 0.1284153 0.59805912 0.7260524 -0.13118529 0.56649935 0.70349878 0.15195152
0.47718894 0.30352119 -0.48022959 0.38228315 0.31700054 0.0774591 0.5652566 0.43146065 -0.44329858 0.44012335 0.43932644 0.17975616 0.59464335 0.5529235 -0.36373815 0.42846254 0.55082113 0.16738127 0.75018442 0.41219589 -0.16296928 0.65735507 0.41622269 0.16356929 0.53777784 0.5496704 -0.24235213 0.48997131 0.5469017 0.13515334 0.60755289 0.7259019 -0.12861967 0.56961495 0.70367485 0.17107385
0.47739851 0.29644817 -0.48201424 0.38810945 0.30748698 0.10710167 0.56749111 0.4249256 -0.44805863 0.4402574 0.4305568 0.21954221 0.59365737 0.54408145 -0.36670777 0.42846593 0.54153866 0.19749209 0.74918282 0.40840569 -0.17605124 0.6575197 0.41132098 0.17667866 0.54249072 0.5499751 -0.26459542 0.49585414 0.54275286 0.14807954 0.61130083 0.72706741 -0.18492459 0.5708316 0.70345837 0.19593517
0.47777867 0.28598806 -0.51289278 0.39466658 0.30124897 0.12442595 0.57269162 0.41681811 -0.4889954 0.44083738 0.42457357 0.26703477 0.59589553 0.53805357 -0.41072163 0.42962372 0.53168899 0.24009982 0.74927574 0.4045659 -0.18764552 0.65954822 0.40805766 0.18826222 0.54138017 0.55322844 -0.26488641 0.49623474 0.54046667 0.15498489 0.61243623 0.72665274 -0.16581203 0.57237059 0.70295334 0.24426484
0.48103124 0.28144532 -0.55145991 0.39787659 0.29764605 0.11543431 0.5775755 0.4110465 -0.52636594 0.44167754 0.42395777 0.25845075 0.59664798 0.53171742 -0.46196502 0.42997596 0.53517568 0.22375669 0.74942577 0.40039048 -0.19710571 0.66139275 0.40611026 0.1977371 0.54556966 0.55310053 -0.27050072 0.49768248 0.54915214 0.16659978 0.61297452 0.72697163 -0.14954823 0.57549798 0.70285153 0.28469464
0.48220396 0.27291921 -0.56612235 0.40516192 0.28837147 0.12855685 0.58167428 0.40434605 -0.54464561 0.44319105 0.41317576 0.26340115 0.59711289 0.52499634 -0.47286263 0.43124589 0.52288777 0.2200422 0.74902856 0.3998937 -0.21163172 0.66690487 0.40567747 0.21221313 0.55934137 0.55589199 -0.27614197 0.51429588 0.54674619 0.18585926 0.61399359 0.72675973 -0.15196301 0.58442634 0.70350462 0.32231462
0.48517621 0.26130873 -0.58858448 0.40839857 0.28537089 0.12891719 0.58296692 0.39855146 -0.57632035 0.44318262 0.40900686 0.26015255 0.59651816 0.52311194 -0.51953167 0.43123671 0.52182627 0.21024567 0.74643582 0.39915499 -0.22001916 0.66684341 0.40607673 0.22054662 0.57132053 0.55826598 -0.30405402 0.51973593 0.5477373 0.20929936 0.61786443 0.72953814 -0.19726893 0.58599102 0.70545107 0.36072916
0.48876852 0.24697825 -0.58535159 0.41212502 0.28006914 0.12241796 0.58252537 0.38303092 -0.57435948 0.44416362 0.40083125 0.24833973 0.59624565 0.51107109 -0.52898014 0.43018949 0.51663768 0.20466396 0.73907602 0.39454496 -0.21900092 0.66556185 0.40521571 0.2194958 0.58448285 0.55781519 -0.29935667 0.53157109 0.54918498 0.20516217 0.61783385 0.72831082 -0.17737246 0.59113145 0.707165 0.35448596
0.49405557 0.23492569 -0.57527161 0.4159793 0.27570534 0.14122371 0.58399111 0.37529084 -0.5646674 0.45158768 0.39785385 0.27029562 0.59618318 0.49922675 -0.54125488 0.43018582 0.51229495 0.21198711 0.7398299 0.39520708 -0.2184279 0.66550446 0.40590447 0.21888137 0.59241629 0.56087381 -0.29715714 0.5374912 0.55106145 0.18646313 0.61979932 0.72544968 -0.12083051 0.59395748 0.71223313 0.35010102
0.50040656 0.22677489 -0.55855459 0.42252812 0.26694223 0.14254168 0.58556455 0.36903828 -0.56268144 0.45687103 0.39050379 0.25908816 0.59650612 0.49226439 -0.51248127 0.43036175 0.50077909 0.20195137 0.73987722 0.39689857 -0.21493191 0.65948838 0.40720043 0.21540008 0.59265327 0.5603354 -0.29615045 0.53153253 0.54851323 0.12906606 0.62420464 0.72510558 -0.12139535 0.59272063 0.71233934 0.32789889
0.50238711 0.22046299 -0.60509896 0.42564809 0.26218617 0.13630027 0.58816683 0.361709 -0.59737855 0.46158701 0.38745171 0.25605148 0.59905201 0.48425195 -0.56593388 0.43198285 0.4982166 0.20079561 0.73720855 0.39663845 -0.22864088 0.6561591 0.40774024 0.2289646 0.59560388 0.55995804 -0.28940448 0.52898133 0.54770797 0.14345379 0.63288128 0.72571599 -0.09432131 0.59329844 0.71288067 0.38053638
0.50994372 0.20845555 -0.62470365 0.43269625 0.25340268 0.16846727 0.58897406 0.35217655 -0.63289678 0.46887103 0.37807757 0.28572837 0.60170937 0.47603652 -0.60766309 0.43470687 0.48766917 0.20214516 0.73003846 0.39341545 -0.24967389 0.65379095 0.40617034 0.24988115 0.59598339 0.55234039 -0.33205432 0.52711409 0.54324353 0.1499894 0.63585478 0.7280423 -0.14822026 0.59290916 0.71538854 0.37751424
0.516132 0.20081802 -0.66939682 0.43734822 0.24823537 0.1656538 0.59253061 0.34791949 -0.68703204 0.47008508 0.37557977 0.27545384 0.60392916 0.47212017 -0.69491988 0.4350037 0.4867 0.17755243 0.72321582 0.38830861 -0.25291497 0.65056068 0.40402335 0.25310731 0.59912121 0.54924798 -0.35013118 0.53145808 0.54359132 0.16305679 0.6377489 0.72801781 -0.18617494 0.59489578 0.72380739 0.3784852 
0.52880943 0.19384445 -0.70971447 0.43892533 0.24306415 0.10770791 0.59520686 0.34062424 -0.73101175 0.47060469 0.37033212 0.23812646 0.60605133 0.46588749 -0.72850311 0.43745822 0.48381826 0.13683891 0.71968585 0.38470948 -0.25400132 0.64309055 0.40145949 0.25416052 0.59668463 0.54361075 -0.38455451 0.53020108 0.53885174 0.13927124 0.63628405 0.72722816 -0.23748392 0.59300083 0.72233772 0.33787712
0.53992945 0.18769431 -0.69892418 0.44516835 0.23385915 0.08103127 0.60324973 0.33294505 -0.71001601 0.47422475 0.36274987 0.20998338 0.60928172 0.45868418 -0.69234276 0.44135323 0.47565767 0.10076684 0.71535093 0.38405615 -0.24831267 0.63420212 0.40000871 0.24850045 0.59526259 0.54149467 -0.36360446 0.52916771 0.53699464 0.17350958 0.63568985 0.72566789 -0.23109014 0.58936083 0.72087151 0.35751694
0.54847842 0.18037592 -0.67095703 0.45878884 0.22274561 0.10321055 0.61505616 0.32246256 -0.67237598 0.48151618 0.35519162 0.24129556 0.61244428 0.45211834 -0.64991951 0.44922921 0.46670535 0.11549802 0.70810825 0.38436189 -0.24660911 0.63142216 0.39867383 0.2467303 0.59327638 0.54046017 -0.37092143 0.52836001 0.53487229 0.17105809 0.63553578 0.72889799 -0.26789233 0.58927977 0.71524692 0.34438297
0.55650645 0.17333867 -0.67410797 0.46934077 0.21129291 0.10337695 0.61702633 0.31473559 -0.68165648 0.48946556 0.34258467 0.24706763 0.61417186 0.43922085 -0.65132684 0.45242077 0.45600274 0.13219719 0.7022047 0.38407519 -0.24631324 0.62182188 0.39778963 0.24640344 0.59366423 0.54102361 -0.40838796 0.5247373 0.53580403 0.1620117 0.63780445 0.7300595 -0.34218556 0.58771402 0.7147581 0.34018818
0.56293374 0.16872607 -0.66521537 0.48425943 0.20194244 0.11700844 0.61807197 0.31143567 -0.66714603 0.49912483 0.33574247 0.25898471 0.61522192 0.43277037 -0.6370824 0.45566565 0.44805524 0.16424985 0.69507992 0.38660735 -0.24598628 0.61490715 0.39852113 0.24626999 0.59626245 0.55391651 -0.33030075 0.52448469 0.54745799 0.23025863 0.63889682 0.73448813 -0.24390323 0.58882713 0.71558863 0.43754306
0.57292521 0.16231935 -0.62366372 0.49845716 0.19447367 0.14383958 0.62463486 0.30392614 -0.6543048 0.5063687 0.32974803 0.27408165 0.61604691 0.42585734 -0.63483763 0.45597053 0.43956313 0.17842065 0.68314976 0.38878405 -0.23788367 0.60818738 0.39860553 0.23782699 0.59546191 0.5585047 -0.3292456 0.52427286 0.55407327 0.21950035 0.63959461 0.7356922 -0.24172567 0.59202218 0.71948189 0.33069277
0.58220017 0.15715145 -0.62273884 0.50664634 0.18924305 0.13965414 0.62879121 0.29440865 -0.66275823 0.51145661 0.32670656 0.27140293 0.62129188 0.41437843 -0.66644377 0.45876491 0.43623331 0.17812148 0.67476672 0.38816771 -0.23020802 0.60327476 0.39784262 0.22993939 0.59502041 0.55875963 -0.34743461 0.52513283 0.554003 0.11751598 0.64226604 0.73534602 -0.29341626 0.59197688 0.72117603 0.18314393
0.59048384 0.15116382 -0.60218096 0.51657569 0.18308674 0.15137774 0.63132656 0.28453207 -0.66044891 0.5141381 0.31721926 0.285391 0.62649846 0.405853 -0.6536569 0.45977825 0.42563918 0.20458248 0.65992129 0.38813671 -0.21680611 0.5918721 0.39692879 0.21639758 0.60026842 0.56090373 -0.2726188 0.52924275 0.55912113 0.13858438 0.64485717 0.73664969 -0.18597797 0.59321153 0.72555709 0.24930112
0.59974539 0.14873023 -0.60634875 0.52446932 0.17912325 0.14699773 0.63489234 0.27999106 -0.67449892 0.51295835 0.31216344 0.28112191 0.62777287 0.39975604 -0.68725306 0.46530828 0.41921368 0.20187275 0.650585 0.38681 -0.21189065 0.57703334 0.39337385 0.21151258 0.60377568 0.56011325 -0.27681023 0.54110003 0.55789798 0.15147845 0.64344031 0.73863184 -0.19078331 0.5934698 0.72489917 0.24046306
0.60948849 0.14630125 -0.60776258 0.52990466 0.1770291 0.08054504 0.63543421 0.27243268 -0.69247597 0.51061159 0.30352813 0.23988059 0.62918729 0.38844556 -0.72611272 0.46663573 0.40769735 0.15803242 0.64854169 0.37697136 -0.19604397 0.57105988 0.3835535 0.19550566 0.61203575 0.55200219 -0.27841881 0.54364628 0.5514251 0.08631318 0.64302021 0.73873043 -0.23447338 0.59358722 0.7267921 0.12306798
0.62338161 0.14430603 -0.52919692 0.54357612 0.17553256 0.12141451 0.6451115 0.26755989 -0.62383348 0.5136506 0.30062702 0.26341847 0.63110787 0.38356808 -0.67386788 0.47205871 0.39714009 0.1633542 0.64417672 0.37098283 -0.17949693 0.5679751 0.37865737 0.17903297 0.61981916 0.54383123 -0.28665927 0.54783821 0.55061406 0.03811097 0.64908677 0.73817098 -0.28732982 0.59899145 0.73127693 0.02499259
0.63815093 0.14596762 -0.42911774 0.5532071 0.17814155 0.18404122 0.66319412 0.26482308 -0.51656681 0.51657593 0.30279052 0.29818949 0.6381852 0.37498328 -0.56248564 0.47121572 0.39779508 0.18174502 0.63950646 0.36916158 -0.16980629 0.55745971 0.3767415 0.16943324 0.6247912 0.54406559 -0.27852917 0.54868716 0.54915828 0.02862991 0.64900684 0.73735881 -0.30598372 0.59686303 0.73025888 -0.01029415
0.65065479 0.148105 -0.40234402 0.56738889 0.18042514 0.21319468 0.67131203 0.2648792 -0.47710386 0.51986516 0.30276787 0.31563923 0.63856435 0.37188783 -0.50374693 0.47014931 0.39900467 0.19915873 0.62591785 0.36929742 -0.16762325 0.55605656 0.37678307 0.16728497 0.62346822 0.54367042 -0.28227752 0.55671769 0.54864711 0.02702323 0.64860278 0.73710048 -0.313793 0.59784901 0.73180902 -0.02695754
0.66806769 0.14643735 -0.40624201 0.57847011 0.17602965 0.2629472 0.6754933 0.2637713 -0.48865503 0.52677143 0.29638809 0.35410315 0.63842279 0.36412844 -0.51981801 0.469423 0.39544582 0.24201016 0.62632972 0.36880425 -0.17233376 0.55173111 0.37554881 0.17207083 0.62717932 0.54379213 -0.25040859 0.57587135 0.54864228 0.04001648 0.64591318 0.73703009 -0.2483936 0.60167634 0.73135215 0.06248425
0.68255651 0.14631018 -0.33461374 0.58635026 0.17486338 0.32244015 0.68508375 0.26067108 -0.42104369 0.53612018 0.29365364 0.40769988 0.63911545 0.36019742 -0.42595237 0.48038137 0.39168149 0.29144281 0.62855381 0.36991814 -0.17629781 0.54412687 0.37677893 0.17604151 0.64063674 0.54556292 -0.24969612 0.58040231 0.55024987 0.10089567 0.65353394 0.7369802 -0.2448514 0.60147256 0.73085922 0.09086866
0.6921047 0.14775647 -0.40421531 0.59775239 0.17542472 0.26391166 0.68846405 0.26328006 -0.46366954 0.55277538 0.29343969 0.36740556 0.6371057 0.36811963 -0.42693809 0.50207919 0.39017624 0.26133317 0.62211943 0.37590566 -0.17852002 0.54466033 0.37952974 0.17829214 0.6411621 0.55201471 -0.23914863 0.58399665 0.5561288 0.13314435 0.6577782 0.73622298 -0.20544858 0.60161769 0.73113322 0.13395588
0.69770527 0.14885363 -0.33509621 0.6036669 0.17636164 0.31024998 0.69169891 0.26608732 -0.39011961 0.55786711 0.29157382 0.40797701 0.636733 0.36709273 -0.35766077 0.51364362 0.38004473 0.30048054 0.62115538 0.37624827 -0.18264422 0.5463677 0.38008559 0.18253058 0.64434278 0.5540483 -0.24833292 0.59329742 0.55621237 0.14560798 0.66040593 0.73636812 -0.24703296 0.60137016 0.73090005 0.13493958
0.7075603 0.14941134 -0.30778256 0.61291105 0.17763954 0.35077745 0.70380181 0.26721746 -0.37099317 0.56848556 0.29076192 0.44065237 0.6384998 0.36772081 -0.35695964 0.51767349 0.37896124 0.32589391 0.62287968 0.37515479 -0.19301946 0.54805905 0.37992927 0.19295686 0.64285773 0.55393428 -0.26625007 0.60519904 0.55580628 0.15085877 0.65539724 0.73629916 -0.30468762 0.6105147 0.73003286 0.11441528
0.71513605 0.15106669 -0.25402555 0.60683316 0.18000036 0.35900411 0.7079187 0.26638597 -0.32820448 0.56213915 0.29126108 0.4410083 0.63822764 0.36742371 -0.33593333 0.51203644 0.37587893 0.31714073 0.62287551 0.3752135 -0.19280256 0.54785633 0.37994847 0.19272362 0.64765817 0.55485576 -0.27593967 0.60167134 0.55566061 0.14871421 0.65517634 0.73631692 -0.33229518 0.60945874 0.73053038 0.0682406 
0.72636974 0.15578146 -0.32140961 0.61414611 0.18160419 0.3351666 0.70586824 0.27026302 -0.37920341 0.56057614 0.2929526 0.42566064 0.63565224 0.37047896 -0.32967457 0.51080328 0.38131407 0.29410535 0.62110287 0.37818518 -0.1939027 0.54886109 0.38176793 0.19378361 0.64616036 0.55763209 -0.27756804 0.59918809 0.55720645 0.14393035 0.65498066 0.73677105 -0.31109956 0.60856712 0.73159367 0.08080558
0.73077583 0.1609866 -0.39286131 0.62013906 0.18331267 0.27983007 0.70617676 0.27582079 -0.44134322 0.56238914 0.29322806 0.39740944 0.63259858 0.37417662 -0.37570569 0.51058805 0.38284439 0.26222503 0.62049782 0.38414904 -0.19962153 0.5491246 0.38526461 0.19949394 0.64502203 0.55970675 -0.27756101 0.59720248 0.5595327 0.18633114 0.65384835 0.73674697 -0.27007952 0.60651535 0.73163915 0.20021141
0.72708893 0.1660783 -0.39741987 0.62538445 0.18641663 0.27733845 0.70443708 0.28113407 -0.44597313 0.56868774 0.29476109 0.39351571 0.63164741 0.37602571 -0.39128122 0.51629251 0.38438591 0.25783855 0.61383277 0.38853991 -0.20531592 0.54974401 0.38946155 0.20516837 0.64415121 0.56126976 -0.27779746 0.59899044 0.56061459 0.19155541 0.65372056 0.73679101 -0.26737407 0.60666853 0.73155034 0.21400875
0.73313767 0.16822577 -0.32697412 0.62272435 0.19008099 0.31383219 0.70738602 0.2823621 -0.38377085 0.56606191 0.29486039 0.41403434 0.63289446 0.3772555 -0.33432689 0.51461983 0.38447297 0.28038263 0.61494642 0.38767117 -0.20677799 0.54952109 0.38925979 0.20654859 0.64546651 0.56114185 -0.28004342 0.5981952 0.5605123 0.17919651 0.65419352 0.73676199 -0.28297207 0.60426843 0.73107708 0.20240827
0.73464912 0.16801645 -0.33824155 0.624888 0.19148445 0.30856529 0.7098648 0.28296578 -0.39913124 0.5675149 0.29630533 0.40780336 0.63377714 0.37910101 -0.36129186 0.51778382 0.38753638 0.28197578 0.61604691 0.38824666 -0.20968209 0.55010259 0.38980567 0.20942789 0.64496076 0.56281912 -0.2826176 0.59860921 0.56181335 0.17806314 0.65297467 0.73723155 -0.2894336 0.60555363 0.73113579 0.18884301
0.73393196 0.16802503 -0.40530032 0.62782562 0.19133434 0.25666344 0.70809454 0.28517944 -0.45423505 0.56820816 0.29876286 0.36335036 0.63185394 0.38247335 -0.38499939 0.51746637 0.38867477 0.24001874 0.61614799 0.38870266 -0.21110955 0.55042309 0.38964862 0.21079825 0.64473915 0.56542373 -0.25080189 0.59881735 0.56345159 0.19112775 0.65194547 0.7377764 -0.21003142 0.60594273 0.73109931 0.24162962
0.73167151 0.16816919 -0.45739365 0.62757796 0.191218 0.19192107 0.70690936 0.28657827 -0.49906725 0.57059699 0.30186927 0.30780789 0.63078213 0.38606626 -0.439008 0.51762748 0.38928083 0.19705021 0.61503947 0.39005998 -0.21041958 0.55064034 0.38988912 0.21005766 0.64447403 0.56545162 -0.22443339 0.59835798 0.56337875 0.19283487 0.65143025 0.73775697 -0.15586798 0.60638684 0.73042315 0.27236351
0.73017967 0.16793314 -0.47247836 0.62619036 0.19112113 0.19139528 0.70597744 0.28693518 -0.51659536 0.57154763 0.30217043 0.30773979 0.62857223 0.38674471 -0.46399879 0.51706117 0.38948515 0.20176414 0.61568624 0.38977107 -0.21024363 0.55268967 0.38980022 0.20987722 0.64428777 0.56522977 -0.22692062 0.59821695 0.5631364 0.20190021 0.65138304 0.73775744 -0.15950736 0.60699672 0.73010814 0.28716174
0.72967666 0.16773704 -0.45024693 0.62515444 0.19115026 0.20696729 0.70459253 0.28806707 -0.50454724 0.57083917 0.3031593 0.31853506 0.62959802 0.38931859 -0.45388937 0.51700509 0.39046183 0.20729439 0.6161136 0.39354727 -0.2086928 0.55271965 0.39357728 0.20830819 0.64421946 0.56708682 -0.22514679 0.59782368 0.56468731 0.19930129 0.65096253 0.73786932 -0.16564792 0.60693365 0.73009723 0.27180842
0.72488546 0.16698751 -0.44543213 0.62091959 0.19110173 0.21482398 0.70317692 0.28777647 -0.49442562 0.57046843 0.3043924 0.32214162 0.62971193 0.38911346 -0.44645277 0.51378334 0.39291221 0.20692913 0.61624938 0.39422435 -0.20846336 0.5522809 0.39364332 0.2080885 0.64348221 0.56811142 -0.21845976 0.59643096 0.56567276 0.21041773 0.65066552 0.73784155 -0.14956766 0.60681927 0.73011458 0.29755396
0.7185849 0.16359217 -0.44382936 0.61274892 0.19047984 0.21930887 0.70163214 0.28620669 -0.49708852 0.56906533 0.30446404 0.32576874 0.62964147 0.38863984 -0.45728317 0.51068157 0.39319992 0.21083181 0.61635315 0.39393467 -0.20968458 0.55233914 0.39342436 0.20930128 0.6324389 0.5675528 -0.21931994 0.59602195 0.56554526 0.21195404 0.6493848 0.73765868 -0.1579636 0.60762781 0.72998029 0.29404393
0.70576185 0.15980262 -0.40985027 0.60774291 0.18999371 0.25037813 0.69775772 0.28341299 -0.47356451 0.56428879 0.30505887 0.34059438 0.63109326 0.38650033 -0.45070142 0.50950938 0.39450142 0.22855017 0.61473322 0.3907707 -0.20988348 0.55236709 0.39159837 0.20949298 0.62140423 0.56424195 -0.22376341 0.59368563 0.56416231 0.1973931 0.6433636 0.73765624 -0.16786103 0.60832846 0.73002917 0.25256869
0.69151133 0.15484361 -0.38156715 0.60453516 0.18583521 0.29407191 0.69546151 0.27272457 -0.45584697 0.55798233 0.30413198 0.3767021 0.63119978 0.37995604 -0.44715092 0.50987804 0.39469254 0.27227223 0.61143363 0.38726982 -0.21337874 0.55292535 0.39031228 0.21295553 0.61284006 0.56342345 -0.2264149 0.59022534 0.56379002 0.19279188 0.63959444 0.73767298 -0.1856489 0.6120922 0.73000658 0.24011716
0.6785841 0.15354382 -0.37684476 0.59023643 0.18441465 0.28851467 0.68643636 0.27161881 -0.44891432 0.54104453 0.30460167 0.37200814 0.6317088 0.38020405 -0.44675961 0.50654525 0.39514911 0.2655986 0.61022413 0.38679919 -0.21315885 0.55229461 0.39021248 0.21276078 0.60161209 0.5612728 -0.22070558 0.58296502 0.56254959 0.1878984 0.63802606 0.73726064 -0.1869123 0.61205292 0.729904 0.21873491
0.66352892 0.1532571 -0.36847472 0.57942647 0.18272676 0.28695324 0.67938513 0.27170566 -0.44198674 0.53732133 0.30229619 0.3666417 0.63196623 0.38067129 -0.44551322 0.50650311 0.39486033 0.26503524 0.60888517 0.38531026 -0.20634428 0.55080914 0.38895547 0.20589945 0.59020466 0.55881733 -0.21918675 0.57028443 0.56067014 0.16555065 0.63679606 0.73638886 -0.1943841 0.61193877 0.72876006 0.18291321
0.65151733 0.15351461 -0.36281264 0.56627059 0.18133433 0.28314891 0.66873199 0.27183637 -0.43870464 0.5274033 0.30136454 0.37816837 0.62994796 0.38842267 -0.44532758 0.49926972 0.39650705 0.29688218 0.6091457 0.38532421 -0.20501274 0.54843694 0.38895231 0.20456384 0.5779345 0.55870897 -0.21898548 0.5517121 0.55965096 0.16030627 0.63592631 0.73576552 -0.20801018 0.61166179 0.72691995 0.1747296 
0.63437515 0.15420319 -0.40730479 0.55021721 0.18166062 0.24454413 0.6606518 0.27572051 -0.47638714 0.52328449 0.30504987 0.36940679 0.62681311 0.39765739 -0.4676165 0.49750695 0.40548435 0.29217979 0.60936296 0.39056709 -0.20329645 0.54704887 0.39383405 0.20284222 0.576594 0.55936372 -0.19656983 0.54624146 0.55974549 0.17204845 0.63607436 0.73566651 -0.1605999 0.60893369 0.72660792 0.21516739
0.61949325 0.1582329 -0.44165894 0.53333652 0.18553339 0.24385831 0.65077221 0.281468 -0.51086152 0.51312733 0.31048027 0.37365046 0.625467 0.40498224 -0.51115912 0.48198128 0.41339719 0.30425671 0.60950971 0.39691839 -0.20333183 0.5411306 0.40278226 0.20288046 0.58041871 0.55985904 -0.1912999 0.53322899 0.5604105 0.18152747 0.64004588 0.73490995 -0.09746497 0.59926522 0.72653139 0.29295436
0.60309327 0.16658753 -0.5192349 0.52114266 0.18944961 0.17828792 0.63675559 0.29084298 -0.59525758 0.50596267 0.3218599 0.33220544 0.62356776 0.41493401 -0.63043016 0.46911937 0.43606263 0.3019233 0.60962296 0.4029614 -0.20332454 0.54151571 0.40825626 0.20287561 0.5776341 0.56082898 -0.17321779 0.53727311 0.56218207 0.18676497 0.63909048 0.73387074 -0.03389978 0.59925783 0.72718179 0.33219782
0.59027064 0.17323606 -0.50266922 0.50582504 0.20085144 0.19064508 0.63269562 0.29753637 -0.57667583 0.49761811 0.33236611 0.33386326 0.6211133 0.42420959 -0.61387813 0.46141189 0.44314814 0.29899275 0.60753578 0.41217625 -0.20326921 0.54446959 0.41820905 0.20282416 0.56949973 0.56368631 -0.12364236 0.54128349 0.56641597 0.2430128 0.63598418 0.73386115 0.05036519 0.60180998 0.72830606 0.41195858
0.58156943 0.18591088 -0.53540528 0.4922725 0.21464588 0.1113961 0.62466425 0.31654504 -0.57633245 0.49443457 0.34577861 0.25547814 0.61839819 0.44400853 -0.58737439 0.45223001 0.45985189 0.21533248 0.60767454 0.42061797 -0.18848003 0.54397964 0.42626148 0.18804824 0.57333452 0.56944549 -0.11103503 0.53648371 0.56861454 0.22946237 0.6375221 0.73367637 0.07509579 0.59943634 0.7272945 0.41051492
0.56968623 0.19481438 -0.55831349 0.48112053 0.22215451 0.07697062 0.61593229 0.32779408 -0.59183681 0.48851517 0.35552388 0.21971333 0.61772186 0.45504284 -0.59209484 0.45008305 0.47169876 0.17200397 0.60990775 0.41925782 -0.18296677 0.54236984 0.42560494 0.18254632 0.57751679 0.5694809 -0.16119179 0.52460378 0.56867242 0.13804951 0.63910753 0.7338686 0.00913309 0.58912271 0.72787029 0.32131457
0.5561496 0.20317546 -0.55390924 0.46973851 0.23131302 0.03617372 0.6041702 0.33866671 -0.57441151 0.48443088 0.36471948 0.17047472 0.60879201 0.4651742 -0.54792362 0.4472875 0.48389629 0.0976539 0.61459064 0.41699776 -0.16292612 0.54248363 0.4254916 0.1625706 0.58053267 0.56752771 -0.2675302 0.52404237 0.56862003 0.03095785 0.64037341 0.73369157 -0.19182053 0.58739328 0.72916347 0.09750993
0.53808367 0.21208458 -0.60146534 0.45923206 0.23997924 0.03909007 0.59581304 0.35046971 -0.61693192 0.47664118 0.37328273 0.17492568 0.60517162 0.47717437 -0.58704716 0.44060132 0.49160454 0.11073308 0.6197769 0.41694909 -0.16901818 0.54356211 0.42785528 0.16864295 0.59519535 0.56770283 -0.24453749 0.52380562 0.56847328 0.07985274 0.64252228 0.73499435 -0.14879024 0.58775151 0.7306385 0.18553469
0.52901781 0.22479469 -0.60120875 0.4440352 0.25616381 0.04108714 0.5914191 0.36516684 -0.60464948 0.46528587 0.3887043 0.17054817 0.60294825 0.49121317 -0.574211 0.43401235 0.50164855 0.09247439 0.62811667 0.42816591 -0.16972852 0.54363573 0.44374526 0.16942002 0.60901332 0.57173717 -0.25141475 0.51248425 0.56828052 0.1038599 0.6435982 0.73494476 -0.13398312 0.58811992 0.73113483 0.20170009
0.51018631 0.23644926 -0.57478797 0.43642458 0.26908222 0.0611052 0.59050471 0.37798321 -0.59202302 0.45833942 0.39867133 0.1900222 0.6004799 0.50710595 -0.57523489 0.42966959 0.51420885 0.11376701 0.63168705 0.4373872 -0.17056848 0.55197978 0.45112956 0.17030437 0.59340155 0.572797 -0.33000943 0.50837058 0.56821865 0.11286204 0.63970929 0.73586237 -0.26282635 0.59240276 0.73006326 0.21636955
0.49867767 0.24956647 -0.59379351 0.42659733 0.28507796 0.0332509 0.5874334 0.39341894 -0.59061021 0.4490895 0.4140738 0.16837522 0.60052711 0.52153128 -0.57475352 0.43089098 0.52790725 0.10404253 0.64675862 0.44246358 -0.1712916 0.57791781 0.45690635 0.17092358 0.58198297 0.58190268 -0.20600122 0.51201957 0.5714767 0.24035065 0.63180369 0.73898995 -0.03883992 0.59318733 0.72569996 0.45467275
0.48639369 0.26331246 -0.58803833 0.41703677 0.29850522 0.035632 0.589656 0.4116556 -0.58663261 0.44507164 0.43179914 0.15311983 0.60074884 0.54064828 -0.57028139 0.43305668 0.54610753 0.07477674 0.67837459 0.43965831 -0.17445084 0.61240113 0.4531725 0.17427877 0.55252981 0.5807727 -0.23867674 0.51442337 0.57231539 0.20691068 0.61764163 0.7377134 -0.06659964 0.59485841 0.72158414 0.44440952
0.48633531 0.27912217 -0.58857417 0.40407458 0.31918088 -0.00195458 0.58804798 0.42536443 -0.58411884 0.43517169 0.44381374 0.1047689 0.60121632 0.55252767 -0.52747446 0.43015096 0.55827069 0.00765147 0.69150901 0.44119948 -0.17526735 0.6122247 0.45821837 0.17506289 0.54932362 0.57544154 -0.18286842 0.50872105 0.5719251 0.23048547 0.60460478 0.73441279 0.00852715 0.59359765 0.72076923 0.37950364
0.48982826 0.29215583 -0.62452215 0.39587873 0.33717066 -0.02333929 0.58250749 0.44502509 -0.61429238 0.43041974 0.4621383 0.09066082 0.60136902 0.57489228 -0.54590696 0.42413428 0.57599515 0.00516263 0.71828824 0.43825948 -0.17609549 0.61823004 0.46229875 0.17612863 0.54959464 0.55917394 -0.19674796 0.50951213 0.57996446 0.17705785 0.61280066 0.66517103 0.11890731 0.59334755 0.72716355 0.35098562
0.48792014 0.31214249 -0.68354553 0.38628811 0.34759286 -0.02624601 0.57421458 0.46756905 -0.67763865 0.42426348 0.47235978 0.09379025 0.60145593 0.59395611 -0.63123173 0.42632547 0.5884729 -0.01688622 0.72886527 0.44050726 -0.19325201 0.62439764 0.46316952 0.19339374 0.54017466 0.55859536 -0.4117429 0.50132835 0.57400078 0.09594128 0.60687387 0.68866712 -0.08843315 0.58771026 0.72097611 0.27861884
0.48248789 0.33457938 -0.66449535 0.38579568 0.36477739 -0.00764834 0.56267005 0.48616621 -0.66787773 0.4230094 0.49180731 0.11152182 0.59712917 0.61723518 -0.64397484 0.42298257 0.60969645 0.0234453 0.73373216 0.44431299 -0.20008859 0.63064039 0.46880445 0.20029114 0.53319538 0.55646324 -0.41117236 0.48807192 0.56306207 0.09719002 0.59079283 0.705176 -0.18310821 0.56887805 0.70860261 0.24420582
0.47931847 0.36008224 -0.72960013 0.38373855 0.38453591 -0.04675207 0.55699563 0.51003373 -0.75115061 0.42288926 0.50922561 0.0674241 0.59186482 0.64651495 -0.73389161 0.4224059 0.63358593 0.00549332 0.74452668 0.45017883 -0.21332656 0.64256126 0.47431797 0.21362127 0.53438491 0.5527457 -0.44835541 0.48186561 0.55815613 0.22038625 0.59360337 0.72034627 -0.28893635 0.57274687 0.69762766 0.40199524
0.4707838 0.37919405 -0.68494064 0.37993869 0.40197566 -0.0323754 0.55479103 0.51733404 -0.69423693 0.41873282 0.52277452 0.08555305 0.58028609 0.65630168 -0.67117184 0.40954715 0.63603145 0.02177359 0.75333208 0.45302725 -0.21373937 0.66066849 0.47421703 0.2140241 0.53042531 0.54042119 -0.40780151 0.47296548 0.55636781 0.2079839 0.59320056 0.71162492 -0.27585253 0.57382852 0.69581026 0.29027462
0.46748668 0.38906738 -0.64983761 0.37320259 0.41351268 0.04287466 0.56114322 0.5164476 -0.68786651 0.41908225 0.52274579 0.11899637 0.58056331 0.65840304 -0.61530524 0.40707532 0.62936568 0.06338511 0.76246589 0.45659146 -0.21641761 0.6728642 0.47514698 0.21673867 0.5139482 0.54150474 -0.37648419 0.47089922 0.55673325 0.19727796 0.5920679 0.7007463 -0.08622683 0.57495469 0.69185191 0.29283962
0.46231905 0.3861801 -0.60019064 0.36952022 0.42617494 0.0894879 0.58320552 0.50790948 -0.62274462 0.41957012 0.53034997 0.1723728 0.58342564 0.64685208 -0.54938686 0.41022632 0.62708598 0.08815209 0.77028048 0.4561401 -0.21352449 0.68382591 0.47538248 0.21379179 0.51274109 0.54550147 -0.32097435 0.4708063 0.56377453 0.20329747 0.59472013 0.7020756 -0.0484775 0.57797879 0.69446844 0.27319667
0.46537751 0.38920227 -0.59423995 0.3649644 0.42609161 0.07122823 0.59790987 0.50527912 -0.57812715 0.41988796 0.52585918 0.1641074 0.58736145 0.64166713 -0.51494455 0.41044074 0.6265862 0.09692185 0.76933134 0.45657513 -0.212294 0.6773439 0.47523615 0.21277896 0.50721121 0.5481239 -0.25888851 0.46909001 0.56377923 0.25444895 0.58988965 0.70416468 -0.03721099 0.57329321 0.69560266 0.32112911
0.46596527 0.38500577 -0.53690404 0.36460024 0.42504147 0.06476284 0.59631842 0.50863689 -0.50942838 0.42019561 0.52449185 0.1444512 0.58844483 0.64736694 -0.45826793 0.41091871 0.62645561 0.09196692 0.77125561 0.45560995 -0.18799499 0.67382061 0.47408399 0.18848294 0.5079574 0.54857528 -0.21442373 0.46854046 0.56440037 0.24107641 0.61574471 0.69068366 0.01956027 0.58195525 0.68763751 0.31812188
0.46182761 0.38499105 -0.54885316 0.36033651 0.42561054 0.05052722 0.59017026 0.51851839 -0.53236395 0.41920471 0.5324142 0.09983082 0.58902359 0.65260416 -0.48921391 0.41437843 0.63171118 0.04086528 0.76904577 0.45642039 -0.18817489 0.67013568 0.47468564 0.18861282 0.51239991 0.54157424 -0.25592455 0.46343562 0.56495792 0.23569822 0.61110198 0.69344467 -0.14391807 0.58048123 0.69119728 0.20272629
0.4583281 0.38711458 -0.53105903 0.35496154 0.42400941 0.04643481 0.57514578 0.52460128 -0.50299239 0.41817331 0.53406006 0.09817465 0.58948946 0.65509582 -0.4476392 0.41483685 0.63454288 0.04587255 0.76789212 0.45848513 -0.182677 0.6687668 0.47665742 0.18312025 0.5034281 0.54530257 -0.23150949 0.45508736 0.5646531 0.22281162 0.60634118 0.69771075 -0.07214949 0.57627368 0.69069725 0.2389567 
0.45735809 0.38683733 -0.53449196 0.35378933 0.42006266 0.06891948 0.56560385 0.52388209 -0.50543153 0.41856381 0.52749115 0.1201136 0.5894714 0.65297061 -0.43421504 0.41540584 0.63180429 0.08622164 0.76880485 0.46087992 -0.18339834 0.67035216 0.47669047 0.18374452 0.50121605 0.54829782 -0.24307522 0.45366555 0.56441337 0.23890355 0.60496008 0.69956297 -0.07112111 0.57593763 0.68849397 0.26703936
0.45834786 0.38558042 -0.5221855 0.35495692 0.41791198 0.06331169 0.56116724 0.52601516 -0.49230605 0.41886315 0.52562422 0.11590747 0.58953422 0.65387237 -0.42896351 0.41612604 0.6330061 0.08370852 0.76837641 0.46190628 -0.18099314 0.66932112 0.47711182 0.18140882 0.497179 0.55199599 -0.22916186 0.45447767 0.56458026 0.23379971 0.60641485 0.69891036 -0.0375264 0.57939941 0.68830913 0.26939562
0.45359677 0.38278443 -0.50936347 0.35577783 0.4160139 0.07524996 0.55674797 0.52313238 -0.48717511 0.42337379 0.52526289 0.12236606 0.58920205 0.65329379 -0.42728418 0.42012265 0.63312823 0.09605481 0.767497 0.4630484 -0.18156725 0.67057818 0.47764495 0.18199253 0.49474367 0.55524731 -0.23973496 0.45449257 0.56503552 0.22619769 0.60524678 0.70189786 -0.04206714 0.57963526 0.68945765 0.26994553
0.45211685 0.38091663 -0.4995411 0.35614622 0.41463763 0.07446328 0.5542444 0.52185929 -0.47894502 0.42722759 0.52311218 0.12863754 0.5906927 0.65389788 -0.41320005 0.42754781 0.63255477 0.11311642 0.76610601 0.46429616 -0.18144348 0.67029899 0.47871226 0.18187985 0.48543838 0.5574339 -0.21971537 0.45167333 0.56848115 0.20741367 0.60495871 0.69858247 0.04500502 0.581164 0.68786979 0.28580067
