0. 0. 0. 0. 0. 0. 0. 0. 0. 0. 0. 0. 0. 0. 0. 0. 0. 0. 0. 0. 0. 0. 0. 0. 0. 0. 0. 0. 0. 0. 0. 0. 0. 0. 0. 0. 0. 0. 0. 0. 0. 0. 0. 0. 0. 0. 0. 0. 0. 0. 0. 0. 0. 0. 0. 0. 0. 0. 0. 0. 0. 0. 0. 0. 0. 0. 0. 0. 0. 0. 0. 0. 0. 0. 0. 0. 0. 0. 0. 0. 0. 0. 0. 0. 0. 0. 0. 0. 0. 0. 0. 0. 0. 0. 0. 0. 0. 0. 0. 0. 0. 0. 0. 0. 0. 0. 0. 0. 0. 0. 0. 0. 0. 0. 0. 0. 0. 0. 0. 0. 0. 0. 0. 0. 0. 0. 0. 0. 0. 0. 0. 0.
0.63376927 0.26349208 -0.85306221 0.4905538 0.28831619 -0.2579442 0.70702189 0.38781878 -0.92500561 0.49351022 0.41849825 -0.16209754 0.74856359 0.4936758 -0.9412486 0.49144706 0.51080203 -0.25330848 0.78607392 0.37269261 -0.188568 0.67900127 0.38073355 0.18856433 0.60708052 0.43710431 -0.64632404 0.53397417 0.44557911 0.08613924 0.64560121 0.58040196 -0.31811804 0.60611176 0.57557195 0.47920719
0.63325846 0.26018021 -0.76757228 0.4877317 0.29420921 -0.22044031 0.69700623 0.38353601 -0.81659055 0.4903374 0.41640291 -0.13063197 0.74681586 0.49052203 -0.82137579 0.48901728 0.51062948 -0.19083968 0.79644948 0.36956739 -0.18423234 0.70164865 0.38065776 0.18419656 0.59930176 0.43353683 -0.60354006 0.53519905 0.44344717 0.0846989 0.64726877 0.58013612 -0.33136609 0.59874731 0.5769394 0.34922075
0.63334143 0.25971729 -0.78244513 0.48575681 0.29483858 -0.22622766 0.69478106 0.38342747 -0.83611524 0.48995379 0.4140667 -0.13627371 0.74590635 0.48918203 -0.8498702 0.48891941 0.51033103 -0.20540246 0.80256432 0.36504903 -0.1838906 0.70846081 0.37786052 0.18386933 0.60604751 0.43246749 -0.60077024 0.53909719 0.44075519 0.07823805 0.65100223 0.57953548 -0.33792886 0.59436667 0.57573944 0.33094051
0.63327765 0.2596609 -0.7320891 0.48587397 0.29446355 -0.19128114 0.69450676 0.38363826 -0.76375961 0.4903582 0.41285113 -0.10480938 0.74500984 0.4892357 -0.78046292 0.48633879 0.5104444 -0.14457412 0.80888671 0.36229038 -0.1832277 0.71817505 0.37375233 0.18325022 0.60535735 0.42998302 -0.54290932 0.54431242 0.43897983 0.07590307 0.65444034 0.5759753 -0.28444034 0.59507382 0.57549757 0.3005766 
0.63124275 0.25543934 -0.69130629 0.48596382 0.29436499 -0.16804756 0.69437742 0.37156221 -0.71746457 0.48966399 0.41178033 -0.07112765 0.74500811 0.48137823 -0.73521674 0.48582318 0.51033598 -0.10765684 0.8132028 0.359662 -0.17937176 0.72381771 0.37281597 0.17936081 0.60712183 0.42974916 -0.49675688 0.55035442 0.43935171 0.08752762 0.66689664 0.57340539 -0.22449723 0.59856009 0.57588017 0.3112267 
0.63113546 0.2551032 -0.71641517 0.48600593 0.29415876 -0.1834532 0.69467932 0.37028858 -0.74298829 0.48986173 0.40891063 -0.08958168 0.74502879 0.48106593 -0.75805891 0.48559994 0.51030535 -0.12459198 0.8139149 0.35831308 -0.17929737 0.72224551 0.37197629 0.17930745 0.60789829 0.428846 -0.52143788 0.56114471 0.4384006 0.09848466 0.66410285 0.57441437 -0.24046524 0.61442083 0.57140946 0.32976249
0.63116127 0.25461379 -0.71411848 0.48752537 0.29239985 -0.17313926 0.69495332 0.37020066 -0.74095106 0.4920474 0.40602666 -0.0749124 0.74539727 0.48160222 -0.76067734 0.48590341 0.50860089 -0.10122173 0.81573993 0.35750544 -0.17941435 0.72082829 0.37074822 0.17943443 0.6078918 0.42988804 -0.52656847 0.55804056 0.4375909 0.07400601 0.66207027 0.57459742 -0.25468564 0.61386532 0.5716303 0.26258129
0.63187569 0.25256217 -0.68376279 0.48787764 0.28922212 -0.15890214 0.69500017 0.36944184 -0.69721442 0.49397305 0.40161356 -0.06331461 0.74532264 0.48224401 -0.72224081 0.4859449 0.50275308 -0.09044486 0.81501436 0.35590217 -0.1763182 0.7179572 0.36926743 0.17634846 0.60925293 0.43322262 -0.53330612 0.55685264 0.43774661 0.02964041 0.66387814 0.57339561 -0.21008432 0.59467536 0.57324535 0.23060296
0.63337916 0.25136617 -0.65008634 0.48822972 0.28580877 -0.16133876 0.69524628 0.36877877 -0.65072829 0.49458522 0.39743394 -0.06630176 0.7456466 0.4817166 -0.67794973 0.48600474 0.49928194 -0.09005214 0.81474233 0.35455197 -0.1671856 0.71625286 0.36671528 0.16728279 0.61566049 0.44498926 -0.45762789 0.55946594 0.43821892 0.04419603 0.66167003 0.57576412 -0.09093492 0.59410322 0.57422602 0.27159029
0.6346221 0.2477086 -0.6582123 0.49063793 0.27889523 -0.16465256 0.69546574 0.36576718 -0.6623531 0.49672359 0.38915065 -0.06935731 0.74579793 0.47896779 -0.68909866 0.48696831 0.4938134 -0.09792896 0.81435984 0.35246134 -0.16477202 0.71546167 0.36255118 0.16492677 0.61866564 0.45042342 -0.4189043 0.55890816 0.43834427 0.04603807 0.64225525 0.57641953 -0.04581513 0.59100932 0.57447469 0.27981752
0.63611734 0.24189422 -0.65433174 0.49098653 0.2762503 -0.17074785 0.69556773 0.360394 -0.65890354 0.49752355 0.38598183 -0.07529633 0.7458052 0.47457343 -0.69203621 0.48689491 0.49322975 -0.1060894 0.81423205 0.35133964 -0.16281961 0.71289289 0.36054817 0.16299447 0.61914051 0.44830352 -0.37310532 0.56087989 0.4388456 0.06507812 0.62072974 0.57644659 -0.05526736 0.5933308 0.57164973 0.28267342
0.63748646 0.23871681 -0.64205158 0.49095449 0.27025092 -0.17142747 0.69578767 0.35707659 -0.64105791 0.4975538 0.38005495 -0.07732278 0.74568909 0.47071803 -0.66875511 0.48933059 0.48722303 -0.09787687 0.81396645 0.34871978 -0.15989567 0.71148038 0.35604906 0.16007373 0.616759 0.4475033 -0.35495803 0.5576939 0.43762779 0.06088809 0.62381816 0.57564253 -0.07419688 0.59380192 0.57000518 0.2396583 
0.63851756 0.235324 -0.63473845 0.49069554 0.26402786 -0.17406321 0.69593275 0.35542047 -0.62551039 0.49735448 0.37232378 -0.07963955 0.74569577 0.47027901 -0.64655238 0.48979515 0.477514 -0.09726964 0.81122023 0.346609 -0.15475011 0.70630944 0.35106641 0.15501259 0.61667258 0.44918907 -0.2917456 0.54701447 0.44597393 0.06134285 0.61956394 0.57566941 -0.00748048 0.58587861 0.56935108 0.25240701
0.63936704 0.22752923 -0.63624281 0.49051598 0.25770012 -0.1900873 0.69673365 0.34981185 -0.63119346 0.49681702 0.3699179 -0.08761024 0.74592268 0.46585706 -0.64967918 0.48996717 0.47573853 -0.09970334 0.80718291 0.34356785 -0.15296561 0.70089382 0.34844294 0.15319566 0.61555642 0.44885299 -0.27862152 0.54589432 0.44981182 0.09614439 0.62110174 0.57574809 0.00477198 0.58441365 0.56759381 0.27357399
0.64443409 0.22082725 -0.64398575 0.49050879 0.25119707 -0.21967199 0.69944453 0.34273392 -0.63245684 0.49577603 0.36389115 -0.10632893 0.74609667 0.45678154 -0.65315568 0.48996225 0.47061509 -0.10346068 0.805906 0.3402864 -0.14721681 0.69933438 0.3455444 0.14744498 0.62156236 0.4512215 -0.20692103 0.54779857 0.45163509 0.1292645 0.62362784 0.57594794 0.08301296 0.58358943 0.56773239 0.34126288
0.64842498 0.21069099 -0.65242618 0.49095216 0.2442999 -0.22969981 0.70201635 0.3336193 -0.64021719 0.49652547 0.35978353 -0.10503116 0.74624336 0.44675022 -0.64858747 0.49032876 0.46643713 -0.10278567 0.80470419 0.33925951 -0.14698228 0.69951946 0.34747753 0.14704613 0.62357157 0.44713649 -0.23183973 0.57246488 0.46038958 0.19385192 0.6305235 0.57530338 0.06754939 0.59556872 0.57425022 0.42098475
0.65589499 0.20286426 -0.70594299 0.49108768 0.23743238 -0.26836076 0.70731729 0.32573023 -0.66826952 0.49814352 0.35081968 -0.12592089 0.74704695 0.43701592 -0.65626597 0.49082172 0.45538819 -0.14275491 0.80455136 0.33498627 -0.14811884 0.6981703 0.34463626 0.14816269 0.65124947 0.44687521 -0.18730773 0.56922257 0.4534454 0.22983649 0.63620847 0.57594168 0.04508495 0.59452885 0.57937527 0.44562566
0.66102326 0.19673085 -0.74012369 0.49151933 0.22807674 -0.27408728 0.71298057 0.3197971 -0.70134789 0.49851385 0.34509945 -0.12425815 0.74822372 0.42703179 -0.70158684 0.49086794 0.44841954 -0.15381029 0.80470014 0.33284283 -0.15038671 0.6983003 0.34114587 0.15033595 0.67474192 0.45164952 -0.17554103 0.56922799 0.44789287 0.21077757 0.6378932 0.57930315 0.08346913 0.59212273 0.57943654 0.4820759 
0.66358453 0.19193228 -0.76074219 0.4919059 0.21976106 -0.28458118 0.71630156 0.31286466 -0.72504175 0.50081736 0.33909926 -0.1325969 0.74992675 0.41936791 -0.73289293 0.49043456 0.44183871 -0.17306678 0.80072749 0.33029768 -0.15174592 0.69288981 0.33664525 0.15167746 0.67286855 0.45169017 -0.18986608 0.56788474 0.44751883 0.19711712 0.63696164 0.58186954 0.06144669 0.59219694 0.5828709 0.46828079
0.66768813 0.18692508 -0.81954193 0.49367112 0.21370834 -0.32214499 0.72004139 0.30772263 -0.78671789 0.50230521 0.32824391 -0.16153058 0.75071573 0.41726777 -0.77204227 0.49185282 0.43071854 -0.19286188 0.79803294 0.32750693 -0.15195607 0.68908352 0.33356538 0.15191771 0.68547148 0.45130739 -0.15961443 0.56394178 0.44555941 0.22309433 0.63792574 0.58236831 0.10893818 0.58453482 0.58216488 0.52696675
0.66917145 0.18077323 -0.81836057 0.49505508 0.20754853 -0.30670375 0.72163081 0.29964703 -0.77952933 0.50642329 0.31814319 -0.14851382 0.75156444 0.40595981 -0.78163081 0.49645618 0.415088 -0.18256493 0.79484719 0.32274815 -0.15882455 0.68811846 0.3309269 0.15888418 0.67799425 0.4497399 -0.2068633 0.56521904 0.44506708 0.15821268 0.64519119 0.58220923 0.03612748 0.59348238 0.58178324 0.50014848
0.67090273 0.17640476 -0.80374432 0.4974919 0.19979744 -0.29529956 0.72756147 0.29334173 -0.76131701 0.5061335 0.31127313 -0.14446731 0.75430071 0.40144169 -0.77649903 0.49790445 0.40980336 -0.18233265 0.79379171 0.32157496 -0.16409492 0.68843198 0.32871446 0.16420969 0.68214929 0.45359218 -0.15404925 0.57354289 0.44609708 0.23922051 0.6488719 0.58447349 0.13192388 0.60350698 0.58160222 0.54334444
0.67255145 0.17013876 -0.79131788 0.49933296 0.19396257 -0.27032295 0.72994578 0.28785115 -0.75171751 0.50756675 0.30416647 -0.09364721 0.75621414 0.39584646 -0.7638489 0.49976316 0.39888558 -0.13053116 0.79354447 0.31837925 -0.17275976 0.6879524 0.3241092 0.17294072 0.68657744 0.45437881 -0.18832034 0.57272685 0.44404683 0.21750452 0.65670174 0.58747303 0.08578363 0.60919601 0.58202916 0.49513707
0.67461061 0.16471529 -0.78452331 0.50158751 0.18926474 -0.2420138 0.73417979 0.28312513 -0.74739593 0.51002085 0.29817155 -0.08072361 0.75756598 0.39342269 -0.76272333 0.50013971 0.39049742 -0.12413347 0.79216099 0.31828636 -0.17280747 0.68743759 0.32370603 0.17295992 0.67349887 0.45224211 -0.11171198 0.5737679 0.44374773 0.27321419 0.65647572 0.5871315 0.18797027 0.60918868 0.58186615 0.57154191
0.67582119 0.15829797 -0.78231484 0.5050019 0.18430682 -0.21699615 0.737351 0.27982649 -0.74608904 0.51125538 0.29441589 -0.05921682 0.75890577 0.39123434 -0.74026573 0.50030625 0.38711977 -0.09269197 0.78879666 0.31851673 -0.17593695 0.68561161 0.32244596 0.17599133 0.65872896 0.45143113 -0.15842798 0.57348603 0.44287169 0.23819885 0.65680993 0.58832431 0.15638773 0.61038035 0.58240813 0.52403104
0.67547196 0.15139565 -0.77592194 0.50719607 0.17953008 -0.22485484 0.73653316 0.27382031 -0.74384546 0.51238376 0.29100925 -0.06285803 0.75962251 0.38290504 -0.76048553 0.50024432 0.38532731 -0.09388566 0.7811448 0.31759933 -0.18193355 0.67790151 0.32208452 0.18197197 0.65924704 0.45024797 -0.25418282 0.57297111 0.44122171 0.17099974 0.65937668 0.58981925 -0.04087636 0.60947317 0.58252186 0.48100105
0.67739785 0.14613883 -0.76902956 0.51016557 0.17464103 -0.22008817 0.73795611 0.26855597 -0.74009407 0.51447141 0.2856622 -0.05195427 0.76056832 0.38008243 -0.75712013 0.50017428 0.38133323 -0.10754028 0.77356517 0.31619251 -0.18459238 0.67158782 0.3223511 0.18459585 0.67071933 0.45728764 -0.21032345 0.57914752 0.44333601 0.19441591 0.65904897 0.58966953 0.03572305 0.62287086 0.58379042 0.49268204
0.68025172 0.14277074 -0.77853936 0.51276398 0.16938992 -0.2505281 0.73734021 0.26343763 -0.74337834 0.51645023 0.27925557 -0.05982107 0.76211119 0.37181276 -0.77557653 0.50009882 0.37224749 -0.17666236 0.77072531 0.31194708 -0.18388712 0.66618049 0.32043037 0.18390079 0.67045712 0.45707902 -0.17666097 0.59752375 0.44859979 0.30661657 0.65883988 0.58954841 0.09427252 0.62028307 0.5838173 0.61849082
0.68148685 0.13376454 -0.78276801 0.51522738 0.16492389 -0.26379424 0.73675436 0.25380671 -0.75596619 0.5179013 0.27634752 -0.09188414 0.7651822 0.36817184 -0.80451798 0.50026101 0.37328395 -0.22055534 0.76498908 0.31164545 -0.18574679 0.66410565 0.32043836 0.18578352 0.68099815 0.45846134 -0.18785651 0.59808803 0.44858411 0.32677576 0.66521633 0.58928031 0.06351006 0.61899263 0.58370703 0.66411787
0.68340987 0.12679873 -0.79008007 0.51851553 0.15919515 -0.26569796 0.73628134 0.24528715 -0.76321948 0.5181303 0.26895231 -0.10265602 0.76711512 0.35738674 -0.81617731 0.49974501 0.3667064 -0.24380518 0.75476891 0.31067944 -0.19070585 0.65913612 0.31882477 0.19081633 0.67891419 0.45285299 -0.28541198 0.60613143 0.44947425 0.34485272 0.66647148 0.58953035 -0.11063234 0.62151897 0.58533794 0.66923982
0.68387401 0.11970958 -0.74946636 0.52134866 0.15644969 -0.21683581 0.73612815 0.23849371 -0.74590027 0.51902872 0.26431736 -0.06922877 0.76867741 0.35206577 -0.80117959 0.49970093 0.36503357 -0.20816027 0.75048566 0.31148264 -0.19147651 0.65577519 0.31969357 0.19159576 0.67753285 0.44893613 -0.29242665 0.60827887 0.44929034 0.41039425 0.66567272 0.58939755 -0.13377139 0.62106264 0.5863874 0.72784615
0.68485272 0.11143239 -0.74361753 0.5248571 0.14942752 -0.14863515 0.73813164 0.22891198 -0.74729365 0.51984864 0.25710574 -0.00255331 0.77178901 0.34597734 -0.79967391 0.49966463 0.35701236 -0.11568022 0.74052846 0.31203356 -0.20385024 0.6453144 0.31943074 0.20408745 0.67662746 0.4482868 -0.28364572 0.60704005 0.44920352 0.4669345 0.66970223 0.58885098 -0.08710249 0.62720728 0.58621216 0.83378237
0.68692905 0.10371364 -0.70843589 0.52879363 0.14438444 -0.10555571 0.73973209 0.21679021 -0.71866286 0.52218765 0.25241846 0.04751014 0.77485722 0.33018759 -0.76353705 0.49969941 0.35311541 -0.06351026 0.72909284 0.31061748 -0.20456359 0.6375708 0.31866884 0.20477717 0.68038589 0.44450268 -0.31056666 0.60604793 0.44840059 0.40736106 0.69180089 0.58784062 -0.13625813 0.63347131 0.58611006 0.73697859
0.6911394 0.09954248 -0.72091699 0.53089291 0.14028341 -0.14431697 0.74139124 0.21035975 -0.7221331 0.52334571 0.24830467 0.0155949 0.77689695 0.32757944 -0.76045269 0.50114954 0.34503704 -0.07707801 0.71931839 0.31062725 -0.20210499 0.62173378 0.31803852 0.20229053 0.67970127 0.44412994 -0.288344 0.60439825 0.44712952 0.38139492 0.70624071 0.58732009 -0.08800202 0.63132977 0.58573908 0.71355128
0.69786859 0.09686795 -0.70001781 0.53269738 0.13737473 -0.14437325 0.74752206 0.21089135 -0.71100849 0.52653879 0.2473972 0.0016805 0.77935553 0.32723925 -0.76909316 0.5013904 0.34366086 -0.09977175 0.72270614 0.30953363 -0.20255704 0.624089 0.31584039 0.20276497 0.66664368 0.44437277 -0.28070092 0.60326582 0.4448303 0.2550281 0.68510199 0.58597243 -0.01797098 0.63062215 0.58565766 0.56768197
0.70192528 0.09332695 -0.63890725 0.53689933 0.13468699 -0.10839976 0.75224936 0.20563145 -0.64216268 0.52987891 0.24509621 0.03794535 0.77973986 0.32472223 -0.71353877 0.50313056 0.34067914 -0.08063906 0.72274834 0.30906895 -0.20230316 0.62356842 0.31573665 0.20250225 0.68068933 0.44539076 -0.34479743 0.60402769 0.44473839 0.21122551 0.69069368 0.59604549 -0.13032155 0.63038206 0.58562869 0.51546919
0.7058416 0.08968569 -0.57893187 0.54132873 0.13216248 -0.02787394 0.75581849 0.20128098 -0.60334015 0.5357554 0.24477024 0.12178667 0.7792927 0.32143342 -0.67082942 0.50366735 0.33801284 0.02114627 0.71839517 0.30840769 -0.2001158 0.61998397 0.31562886 0.20035553 0.69311213 0.44556648 -0.35044691 0.604334 0.44472522 0.19502191 0.70596111 0.59912026 -0.15906473 0.63213867 0.58680981 0.46477276
0.71298343 0.08729079 -0.56562519 0.54678249 0.12869421 -0.07527395 0.75710803 0.19990759 -0.57152331 0.54338574 0.24159092 0.08450408 0.77720511 0.31874317 -0.63360614 0.50999022 0.33091459 -0.01270901 0.71699786 0.30656213 -0.18304756 0.61748785 0.31288752 0.1833055 0.70044917 0.44509444 -0.33380952 0.60534668 0.44277397 0.11836567 0.71960074 0.5979377 -0.13507852 0.63388664 0.58657372 0.38099346
0.72238868 0.08582196 -0.52013159 0.5506404 0.12557358 -0.07222595 0.76101434 0.19807403 -0.52984703 0.54725587 0.23556092 0.08333976 0.77706975 0.31202954 -0.61543339 0.51339358 0.32690844 -0.00811753 0.71736979 0.30351213 -0.1728171 0.61590356 0.30954438 0.17301838 0.69891369 0.44259012 -0.32163614 0.60682452 0.44030985 0.10823842 0.71155077 0.59663385 -0.11548877 0.63511276 0.58406365 0.37137541
0.73298991 0.08598654 -0.49689117 0.55391872 0.12374827 -0.09125128 0.76503038 0.19826083 -0.47953027 0.54985231 0.23353247 0.06972909 0.77825516 0.30998436 -0.55229676 0.51628685 0.3237763 -0.02722979 0.71924782 0.30098471 -0.15921305 0.61575925 0.30636019 0.15930559 0.69945216 0.44226035 -0.2473812 0.60672563 0.43927833 0.1251552 0.70762044 0.59487134 -0.03774852 0.63372666 0.58279997 0.39409992
0.73830271 0.08540174 -0.48793459 0.56236321 0.12129753 -0.05889716 0.76795137 0.19764011 -0.51088458 0.55295664 0.22960846 0.06858815 0.77982408 0.30683675 -0.58435094 0.51706994 0.31979337 -0.00815183 0.71776825 0.29877669 -0.1593416 0.61372399 0.30319056 0.15937585 0.69798291 0.44112548 -0.22094125 0.60676777 0.43940032 0.12262699 0.70607132 0.59241396 -0.04878576 0.63313299 0.58324409 0.30079055
0.74266618 0.0851125 -0.51887566 0.57011652 0.11968789 -0.03003316 0.77210456 0.19735646 -0.55090082 0.55450803 0.22858825 0.10225844 0.77998704 0.3074204 -0.61628085 0.51755881 0.31763747 0.00972011 0.71636736 0.29443365 -0.16213085 0.61319745 0.29867163 0.1621504 0.69688481 0.43936947 -0.23649338 0.60738319 0.43888155 0.0819902 0.70671409 0.59178072 -0.07801396 0.6327135 0.58610117 0.25909489
0.7503612 0.0859438 -0.48837507 0.57883954 0.12091151 -0.01562515 0.77719861 0.19693159 -0.53993654 0.55611354 0.2306069 0.12133307 0.78047889 0.30380189 -0.61759591 0.51734817 0.31905076 0.01119504 0.71721476 0.29043505 -0.16109511 0.61454993 0.29508799 0.16103299 0.69655579 0.43444595 -0.25479794 0.60799217 0.43193325 0.03734472 0.70595348 0.58548731 -0.1326167 0.63316828 0.58604705 0.19728762
0.75539643 0.08541215 -0.43360093 0.58196294 0.12123399 0.02171843 0.77812999 0.19703105 -0.49258757 0.55832112 0.23146741 0.15370846 0.78057456 0.30164719 -0.57664526 0.51711655 0.31921056 0.05108682 0.71787608 0.28687814 -0.15379897 0.61543882 0.29176524 0.15364996 0.69366014 0.43348855 -0.25472921 0.60983038 0.43097159 0.01140241 0.70555174 0.58585191 -0.14438544 0.63305086 0.58811784 0.14370692
0.75987661 0.08533788 -0.39520237 0.58705562 0.12109207 0.10382766 0.77955419 0.19612059 -0.48558965 0.55859298 0.23194668 0.22173029 0.78053921 0.29895645 -0.58079904 0.5169431 0.31970155 0.10672045 0.71779609 0.28388679 -0.155791 0.61590928 0.28891715 0.1557247 0.6850611 0.42814001 -0.26820368 0.6119532 0.42867005 0.02180147 0.70319837 0.58344579 -0.17023197 0.63286543 0.58858407 0.12906231
0.76381689 0.08565042 -0.450223 0.59144974 0.12093215 0.06619245 0.78242242 0.19458166 -0.50614816 0.56000698 0.23281178 0.19651355 0.78067613 0.2978496 -0.59714282 0.51755941 0.31997526 0.08305032 0.71795261 0.28309262 -0.16239375 0.61752784 0.28854671 0.16222732 0.68433547 0.42719033 -0.28682154 0.61993927 0.42791325 0.05397977 0.70723122 0.57299739 -0.148168 0.63677174 0.58867484 0.18561354
0.77139378 0.08627447 -0.47066918 0.59263241 0.11931805 0.03141678 0.78544086 0.19579931 -0.52122551 0.56254226 0.23328075 0.16341376 0.78076452 0.29890907 -0.59756726 0.51838523 0.32013097 0.05711999 0.71811223 0.28314316 -0.16570418 0.61785018 0.28805622 0.16541526 0.687576 0.4285512 -0.27904281 0.61915213 0.42718211 0.04380273 0.72438097 0.57821518 -0.14412449 0.63807672 0.58862334 0.19093938
0.77452242 0.0866926 -0.46351424 0.59861839 0.11898322 0.05136826 0.78765655 0.19605517 -0.52087981 0.56645411 0.23308179 0.19312647 0.78139168 0.29576769 -0.59200126 0.52024412 0.31953618 0.08081409 0.71928114 0.28253922 -0.16918606 0.61983544 0.28757259 0.16881518 0.69215959 0.42937121 -0.26958016 0.62244624 0.42791045 0.04902095 0.72765839 0.58431154 -0.15055212 0.63792598 0.58942425 0.1733295 
0.78025544 0.08701611 -0.45281118 0.60625029 0.11829516 0.04345917 0.78951961 0.1964355 -0.49562973 0.57023847 0.23233978 0.18246861 0.78171533 0.29481542 -0.54485077 0.52327985 0.31772655 0.0740488 0.71972644 0.28261629 -0.16881143 0.62126672 0.28703263 0.16843846 0.69237268 0.42993888 -0.24363601 0.62262672 0.42791894 0.05100908 0.72525126 0.58506894 -0.14438683 0.63866866 0.58934414 0.16828622
0.78859323 0.08946063 -0.45860201 0.60763049 0.11817884 -0.01850137 0.79122937 0.19652767 -0.49023613 0.57196796 0.23093475 0.10398245 0.78176391 0.2950497 -0.55539852 0.52498102 0.3165468 -0.01145121 0.72182429 0.28332606 -0.16007461 0.62131613 0.28712404 0.15966064 0.70171559 0.4308399 -0.21740933 0.62204951 0.42811298 0.05722382 0.72822118 0.58519375 -0.08595256 0.63784313 0.58930725 0.19638003
0.79241407 0.09245007 -0.46263203 0.60976839 0.11823515 -0.02954988 0.7946741 0.19821978 -0.4881337 0.57459092 0.23009731 0.10783771 0.78217059 0.29558831 -0.54710084 0.52796167 0.31527662 0.00081995 0.72267944 0.2836341 -0.15932807 0.62149364 0.28712919 0.15892971 0.70417064 0.43135944 -0.2216586 0.62447333 0.42904085 0.06092394 0.72828114 0.58598304 -0.09399843 0.63746899 0.58923244 0.20695268
0.79774886 0.09490212 -0.41594177 0.61471778 0.11846207 -0.02021072 0.79714966 0.20008948 -0.44107899 0.57905209 0.2283961 0.11591441 0.78275722 0.2960394 -0.47950524 0.52966624 0.31350142 0.02129682 0.72533244 0.28174171 -0.14570875 0.62213719 0.28515378 0.14539938 0.7042895 0.4302977 -0.22627708 0.62871712 0.42926651 0.04568046 0.73156339 0.58630103 -0.12162065 0.63775432 0.59058475 0.15140493
0.80078745 0.09716111 -0.33361042 0.61559397 0.11865071 0.05067357 0.80061799 0.20205745 -0.37525073 0.58068097 0.22822617 0.17141777 0.78347087 0.29654598 -0.42268586 0.53272313 0.3133848 0.07662393 0.72693521 0.2816456 -0.14347807 0.62365049 0.28490332 0.14325163 0.70339382 0.42785636 -0.22092105 0.63771981 0.42926675 0.04302374 0.72997725 0.58039588 -0.13310596 0.63850307 0.59145623 0.12047731
0.80268902 0.09954434 -0.36358738 0.61715877 0.11884657 0.04178614 0.80289823 0.20441633 -0.4028556 0.58273232 0.22848171 0.17675278 0.78400201 0.29676029 -0.44644165 0.53492975 0.31337038 0.08228327 0.73015779 0.281625 -0.14282851 0.62672657 0.28505173 0.14261916 0.70305592 0.4278051 -0.21992159 0.64268547 0.42880303 0.02786459 0.72746348 0.58205044 -0.14720713 0.63845974 0.5919382 0.10311733
0.80501807 0.10062047 -0.34795916 0.61734927 0.1198431 0.04224145 0.80568492 0.20494518 -0.39258713 0.58360177 0.22859868 0.17786014 0.78708583 0.29657838 -0.46297273 0.535236 0.31371084 0.07607264 0.73224795 0.28184777 -0.13729088 0.62763375 0.28536016 0.13710271 0.70718676 0.42805666 -0.20577912 0.64805967 0.42878488 0.0324785 0.7299602 0.58351332 -0.13294078 0.64172417 0.59191257 0.12583256
0.80552065 0.10183138 -0.31206504 0.6171394 0.12120414 0.05434989 0.8082177 0.2049415 -0.35792962 0.58469373 0.22928804 0.18678555 0.79177654 0.29555854 -0.43669274 0.5367164 0.313963 0.08783295 0.73417628 0.28161785 -0.1358164 0.62871695 0.28489935 0.13563818 0.7070418 0.42804956 -0.21149667 0.65192688 0.42873877 0.02798831 0.73224568 0.58431417 -0.153511 0.64423525 0.5918619 0.10442617
0.8058337 0.10298572 -0.32603592 0.61752546 0.12240253 0.05195655 0.80913746 0.20508559 -0.36832929 0.5857901 0.23043163 0.18777767 0.79370028 0.2957935 -0.43503258 0.5376882 0.31418374 0.0908667 0.73603487 0.28170004 -0.13560444 0.62988198 0.28508455 0.13545172 0.70654792 0.42818749 -0.21072753 0.65349561 0.42876285 0.02531639 0.7326231 0.58577198 -0.14879926 0.64499915 0.59183121 0.10924761
0.80596054 0.10335757 -0.34531453 0.61715078 0.12264371 0.05113925 0.81068963 0.20505787 -0.38354069 0.58560133 0.23095706 0.18215008 0.79465133 0.29585391 -0.44421002 0.53741479 0.31485814 0.08411256 0.73698133 0.28186277 -0.1358504 0.6301111 0.28521979 0.13570672 0.70749038 0.42822459 -0.2113723 0.65361929 0.42912284 0.02563993 0.73440021 0.58629036 -0.1473088 0.6451605 0.59186769 0.11781888
0.80621117 0.10352542 -0.32688695 0.61698067 0.12293083 0.04870337 0.81175733 0.20472048 -0.36764896 0.58513606 0.23105426 0.18286315 0.79567635 0.29561803 -0.44007304 0.53821748 0.31498125 0.0833056 0.73768997 0.2824958 -0.13208486 0.63008994 0.28537363 0.13191724 0.71123934 0.42882922 -0.20618805 0.65351379 0.43005785 0.02761498 0.73768628 0.58740598 -0.13611656 0.64526838 0.59184134 0.12314421
0.80691516 0.10379852 -0.30499899 0.61678249 0.12323435 0.0532958 0.81232119 0.20470385 -0.3367599 0.58481514 0.23119538 0.18493228 0.79640847 0.29553917 -0.40550989 0.53883064 0.31498286 0.08682346 0.73778677 0.28338021 -0.1269532 0.62979692 0.28583702 0.12675279 0.71442264 0.43029255 -0.20551226 0.65283912 0.43117401 0.03559906 0.7373994 0.59066027 -0.13600318 0.64513403 0.59178078 0.13254845
0.8081001 0.10391214 -0.31443748 0.61675096 0.12359861 0.05022689 0.81369627 0.20457608 -0.34820148 0.58469105 0.23142937 0.18413259 0.79693139 0.29560402 -0.42026594 0.53881454 0.31500661 0.08535965 0.7380771 0.28438723 -0.1271771 0.62976682 0.28631338 0.12697183 0.71651185 0.43138561 -0.20722398 0.65259033 0.43150765 0.04944855 0.73777378 0.59201741 -0.13696364 0.64505064 0.59126103 0.15618084
0.80823773 0.10383061 -0.3225252 0.61715496 0.12360477 0.05894497 0.81378329 0.20416754 -0.35461327 0.585172 0.23144571 0.18988913 0.79723346 0.29563093 -0.41710621 0.53916031 0.31467879 0.08970486 0.73799843 0.28456357 -0.12823381 0.62959111 0.2863411 0.12803693 0.71704423 0.43211573 -0.20817375 0.65233308 0.43207839 0.0948275 0.73806703 0.59194052 -0.13685252 0.64497733 0.59060484 0.21770281
0.80856907 0.10381377 -0.33864051 0.61739123 0.1236647 0.04256156 0.81392664 0.20414911 -0.35973099 0.58558166 0.23147716 0.17266384 0.79753846 0.29564956 -0.42351821 0.53933078 0.31449726 0.06973246 0.73813725 0.28459278 -0.12875979 0.62958109 0.28638476 0.12854917 0.71682388 0.43234909 -0.20312561 0.65205497 0.43243128 0.08517101 0.73727256 0.59182781 -0.11130708 0.64507741 0.59013975 0.20508961
0.80860227 0.1039347 -0.36096022 0.61744499 0.12432379 0.0008832 0.81412166 0.2041389 -0.37558836 0.58556861 0.23151994 0.13510048 0.79776156 0.29566944 -0.42991516 0.53933644 0.31451711 0.03484799 0.73857605 0.28463224 -0.12508163 0.62960947 0.28641847 0.12482636 0.71755219 0.43266195 -0.19819616 0.65190673 0.43265268 0.08043338 0.73643792 0.59177053 -0.08966901 0.64506018 0.58980691 0.19543013
0.80873227 0.10414395 -0.36059508 0.61750048 0.12515278 0.00827614 0.81417221 0.20416713 -0.37615225 0.58561212 0.23161837 0.14133649 0.79775453 0.29587558 -0.42834473 0.53947431 0.31453964 0.0421717 0.73887432 0.28471348 -0.12537137 0.62966841 0.28657752 0.12512581 0.7176562 0.43283835 -0.20103264 0.6517514 0.4326967 0.07672453 0.73623568 0.59180725 -0.09307425 0.64501125 0.58933944 0.19079299
0.80881405 0.10448475 -0.3486664 0.61775756 0.12572829 0.03018411 0.81401366 0.20441166 -0.37165621 0.58597964 0.23214784 0.16500068 0.79769737 0.29672793 -0.41723636 0.53994483 0.31485853 0.06774882 0.73885357 0.28479901 -0.12553652 0.62966222 0.28682309 0.12528388 0.71745205 0.43280596 -0.2046953 0.65170175 0.43268248 0.07520295 0.73614401 0.59176338 -0.09941339 0.64498049 0.58898717 0.18778136
0.80927324 0.1049725 -0.34030724 0.61822659 0.12632194 0.04150992 0.81388718 0.20464858 -0.37058923 0.58623785 0.23268701 0.17769998 0.79766113 0.29699641 -0.42055163 0.54031283 0.31527573 0.07858326 0.73893672 0.28504077 -0.12582999 0.62968981 0.28730214 0.125578 0.71741229 0.43281668 -0.20500028 0.65205842 0.43268535 0.07386332 0.73532999 0.5917086 -0.10284178 0.64494723 0.58866596 0.18603243
0.80942935 0.1051755 -0.34509644 0.61960161 0.12663609 0.05811388 0.81340188 0.20483345 -0.38377917 0.58691669 0.23299871 0.19413264 0.79741156 0.29734948 -0.42297018 0.54151708 0.31520697 0.09232789 0.73840457 0.28527278 -0.13250865 0.62973732 0.2875798 0.13231353 0.71632493 0.43281478 -0.21092129 0.65218514 0.43268606 0.07368642 0.73064476 0.59146398 -0.12379569 0.64492452 0.58836669 0.17715329
0.80951089 0.10545874 -0.36050841 0.62139785 0.12677237 0.06179622 0.81246674 0.20520426 -0.39952663 0.58811677 0.2330813 0.19891243 0.79707617 0.29802707 -0.42414138 0.54328251 0.31487334 0.10004845 0.73797762 0.28583395 -0.13471033 0.62976819 0.2879912 0.13453938 0.71618998 0.43283445 -0.21158846 0.65211558 0.4327046 0.07355957 0.73042399 0.59144968 -0.12629652 0.64490956 0.58812046 0.18012607
0.80959582 0.10570765 -0.37034884 0.62242365 0.12681201 0.06275341 0.81120723 0.20580535 -0.40621302 0.58918804 0.23316549 0.20362061 0.79686409 0.29877096 -0.42202118 0.54423976 0.31488183 0.10837197 0.73694342 0.28608704 -0.13778035 0.62976307 0.28825158 0.13764945 0.71324486 0.43280163 -0.21341562 0.65207034 0.43269023 0.0722377 0.72977918 0.59141481 -0.13624695 0.64489615 0.58796 0.17195064
0.80944264 0.10545733 -0.37350479 0.62628692 0.12642334 0.1252376 0.80945247 0.20598374 -0.41641554 0.59373903 0.23280936 0.26483297 0.79681557 0.29874137 -0.42180496 0.54776275 0.31181642 0.17270824 0.73540467 0.28611282 -0.14822584 0.63059157 0.28831851 0.14821818 0.70682162 0.43272227 -0.21903485 0.65202242 0.43227339 0.07114987 0.72669274 0.58944994 -0.1499584 0.645217 0.58769053 0.16305193
0.80937296 0.10456451 -0.33395648 0.63165629 0.12639533 0.18094002 0.80884653 0.2058976 -0.38127136 0.60049868 0.23226044 0.31092849 0.79676884 0.29784048 -0.37311205 0.55330992 0.30638835 0.21727447 0.73539966 0.2860823 -0.14892665 0.63228661 0.28834626 0.14897363 0.70589519 0.43253297 -0.22027564 0.65118545 0.43045086 0.05454435 0.72603911 0.58845103 -0.16173077 0.64521313 0.58763832 0.11552946
0.8092767 0.10317133 -0.33694494 0.63349116 0.12590134 0.17113878 0.80832398 0.20591392 -0.40594485 0.60340005 0.23168799 0.30405456 0.79658312 0.29672697 -0.39324418 0.55640227 0.30422035 0.2125743 0.73565173 0.28567675 -0.15475427 0.63459516 0.28831691 0.15486662 0.70054168 0.4303714 -0.23599368 0.64910054 0.42759225 0.04743543 0.72592479 0.58285344 -0.18000311 0.64583278 0.5876444 0.10711046
0.80832404 0.10252741 -0.34096283 0.63815397 0.12564623 0.18794166 0.80810004 0.20584349 -0.41773906 0.61219561 0.23145165 0.31633464 0.79530871 0.29672682 -0.4214021 0.56244874 0.29734808 0.21953624 0.73574018 0.28567788 -0.16026132 0.6384632 0.28841478 0.16039255 0.69775176 0.43001086 -0.24300647 0.6485551 0.42736483 0.04485153 0.72592717 0.58138072 -0.19136028 0.64728689 0.58759058 0.09601855
0.80768919 0.1020047 -0.35554683 0.63964623 0.12499266 0.18139254 0.80791241 0.20574911 -0.42757827 0.63727576 0.23214991 0.30945233 0.79354435 0.29712132 -0.43536022 0.5654667 0.29502469 0.21117593 0.73566532 0.28577879 -0.16282532 0.63966358 0.28868076 0.16295217 0.69629061 0.43004844 -0.24167681 0.64799017 0.42751843 0.04595195 0.72524983 0.58180583 -0.18848458 0.647865 0.58717161 0.10162333
0.80457586 0.1014203 -0.38675168 0.64098078 0.12477855 0.17039476 0.80671024 0.20561819 -0.4388347 0.64439052 0.23375258 0.3005698 0.79176158 0.29759148 -0.43968609 0.56779408 0.29499352 0.20730127 0.73576266 0.28639212 -0.16533764 0.6436286 0.2896229 0.16544104 0.69692016 0.43048763 -0.24058816 0.6482237 0.42928967 0.04679948 0.7242257 0.58347404 -0.18627459 0.64810973 0.58678597 0.10595686
0.80113953 0.10128512 -0.4257904 0.64011675 0.12462013 0.16311771 0.80507112 0.20538713 -0.46295303 0.64150757 0.23372748 0.30010894 0.78982663 0.29832718 -0.45427084 0.56646371 0.29641277 0.1953382 0.73413664 0.28702381 -0.16855246 0.64349872 0.29046816 0.16857061 0.69633985 0.43215188 -0.23926197 0.64821714 0.43043855 0.07592877 0.71169782 0.58432448 -0.1816221 0.64812511 0.5863148 0.13500117
0.79912448 0.10079192 -0.47380254 0.63862413 0.12422494 0.08746915 0.80454618 0.20517063 -0.50574732 0.63102323 0.23371892 0.23603077 0.78925169 0.30012199 -0.49610472 0.56591713 0.30262184 0.14900489 0.73240203 0.28825489 -0.1717983 0.64315224 0.29186428 0.17175472 0.6960938 0.43317053 -0.23830979 0.64800733 0.43165863 0.12880225 0.71252525 0.58699298 -0.1592623 0.64811373 0.58586967 0.2449217 
0.79544473 0.10017876 -0.49217036 0.63314867 0.12298185 0.08478162 0.80277985 0.20431004 -0.52672118 0.62602365 0.23336639 0.23589931 0.78814173 0.30055001 -0.5108909 0.56351 0.3057391 0.14967939 0.73088497 0.29007891 -0.17717655 0.64236623 0.29380587 0.17705782 0.69632286 0.43397847 -0.23161784 0.642326 0.4319908 0.1246305 0.71757382 0.58937895 -0.10344534 0.64798176 0.58578795 0.26740626
0.79254228 0.09954523 -0.48373142 0.62405229 0.12233767 0.08333918 0.80082101 0.20439284 -0.51683015 0.6061042 0.23380238 0.23378612 0.78758609 0.30184522 -0.508156 0.55490166 0.31101432 0.13895451 0.73045534 0.29023215 -0.1829378 0.6396516 0.29406339 0.18274084 0.69647056 0.43399745 -0.22644514 0.63858247 0.4319858 0.17097443 0.72776574 0.58933443 -0.07381274 0.64803916 0.58554381 0.34420231
0.78973204 0.09940449 -0.56965172 0.61462373 0.12229141 -0.04208928 0.79873896 0.20704278 -0.59049428 0.59277534 0.23560601 0.10453644 0.78750229 0.30573013 -0.58308238 0.54687214 0.3203674 -0.01751357 0.73041344 0.2930156 -0.18144672 0.63770443 0.29639557 0.18128736 0.6993323 0.43443963 -0.21177548 0.63747418 0.43235722 0.18696097 0.72873938 0.5909881 -0.02031858 0.64807445 0.58512211 0.41112417
0.78640836 0.09873369 -0.54110998 0.60887569 0.12228634 -0.00158779 0.79762954 0.20733452 -0.5641818 0.58691567 0.23606466 0.14469919 0.7875315 0.30815697 -0.55352086 0.54291886 0.32211733 0.03239301 0.73013502 0.29457569 -0.18011713 0.63577622 0.29783341 0.17997867 0.6983884 0.43433341 -0.21130404 0.63647974 0.43260768 0.16206656 0.72515976 0.59088874 -0.00525018 0.64677107 0.58499199 0.36799708
0.78298628 0.09814982 -0.54334462 0.60722739 0.12246368 0.01194007 0.79635471 0.2098999 -0.56881654 0.58350432 0.23678087 0.15392344 0.78754002 0.31204882 -0.5518201 0.541816 0.32268098 0.04212489 0.72911477 0.2960864 -0.18452297 0.63512993 0.29918772 0.18437746 0.68747193 0.43432274 -0.19825041 0.64099902 0.43300071 0.19650228 0.70044357 0.58856958 -0.0086303 0.65107679 0.58350646 0.37738895
0.77816707 0.09818632 -0.58907342 0.60443157 0.12457034 -0.04523913 0.79506904 0.2154896 -0.60168159 0.57979977 0.23887435 0.09457599 0.78766698 0.31595835 -0.57496625 0.53999883 0.32573768 -0.03341226 0.72836256 0.3001807 -0.18542783 0.63487792 0.30311927 0.18528679 0.68659663 0.43656653 -0.17690738 0.64007133 0.43562463 0.20710383 0.69902587 0.58831805 0.05623743 0.64985865 0.58360767 0.44149643
0.77131438 0.09853946 -0.58221257 0.60110497 0.12763107 -0.03248504 0.7941013 0.21864039 -0.59425998 0.578201 0.24033843 0.11470103 0.78829646 0.3174043 -0.57494873 0.53474873 0.32710448 -0.01175765 0.72761822 0.30465329 -0.1842148 0.63370359 0.30748457 0.18408224 0.68627948 0.44054517 -0.18595789 0.63097429 0.44074279 0.18832053 0.70092773 0.58709717 0.07105311 0.64507526 0.58349949 0.46649447
0.76583743 0.09876286 -0.56826335 0.59385562 0.13066828 -0.03775373 0.79364282 0.220375 -0.57392704 0.57393515 0.24279983 0.1160482 0.78901911 0.31927052 -0.56080139 0.53219253 0.3297877 -0.00311178 0.72765458 0.3064009 -0.18411379 0.63304138 0.31022257 0.18399079 0.6866973 0.44199565 -0.20281564 0.63047856 0.44258994 0.20536482 0.70145363 0.58589536 0.05752921 0.64286739 0.58365721 0.51109785
0.76115835 0.09932742 -0.5838086 0.58450681 0.13157277 -0.03211374 0.79345268 0.22192526 -0.57397753 0.56858736 0.24506022 0.13122515 0.79095322 0.32137403 -0.55303562 0.52935493 0.33373946 0.01586029 0.72854692 0.30877239 -0.18425889 0.63257635 0.31375495 0.18418437 0.68884808 0.44358176 -0.18738547 0.62818885 0.44451016 0.23464601 0.71949011 0.58579576 0.15270276 0.64109075 0.58434963 0.5962292 
0.75680947 0.10053939 -0.5964787 0.57980055 0.13246486 -0.04574089 0.79275137 0.22233847 -0.60588199 0.56732494 0.24607521 0.10550619 0.79315126 0.32296965 -0.60509503 0.52852803 0.33592859 -0.02174361 0.73174417 0.30974621 -0.1859237 0.6331746 0.3152611 0.18591577 0.6873436 0.44347763 -0.28749612 0.62875658 0.44517347 0.22994746 0.71492016 0.5879389 0.10539016 0.6411624 0.58565527 0.5256291 
0.75254351 0.1033901 -0.63293916 0.57606947 0.13576557 -0.04857154 0.79138172 0.22267106 -0.65391654 0.56413817 0.24827906 0.10864107 0.79531378 0.32450071 -0.64707726 0.52518219 0.33812192 -0.02280504 0.73371267 0.3138364 -0.18967012 0.63546139 0.31926903 0.18971246 0.68759382 0.44602892 -0.15458876 0.62926656 0.44583896 0.25460151 0.71509063 0.58629644 0.25426421 0.64152592 0.58565629 0.6380356 
0.74777716 0.10483932 -0.60950971 0.57455391 0.13823186 -0.04703376 0.78996503 0.22307609 -0.62229991 0.56429064 0.24974309 0.12550658 0.7957682 0.32628062 -0.61501926 0.52336508 0.34118849 -0.01467308 0.7371273 0.31561029 -0.19246335 0.63829577 0.32126388 0.19244477 0.69611657 0.44968113 -0.16273676 0.62646478 0.44683513 0.18672138 0.7182197 0.5869869 0.1996707 0.64059365 0.58616441 0.54395515
0.74225962 0.10686211 -0.62429339 0.57088768 0.13969369 -0.0534692 0.7884258 0.2243073 -0.64282823 0.56408572 0.2509459 0.09810925 0.79729742 0.32716471 -0.65726203 0.52284539 0.3426958 -0.03151475 0.73772556 0.31586188 -0.19688925 0.64454949 0.32111982 0.19685154 0.67180389 0.44887641 -0.25382534 0.63283515 0.4460448 0.20217861 0.69518721 0.584831 0.12854862 0.6431672 0.58456856 0.54663879
0.73806673 0.11032976 -0.61479777 0.5660103 0.14372307 -0.04867206 0.78695971 0.22732215 -0.63884354 0.56124783 0.2542221 0.09653259 0.79721659 0.32951319 -0.66970944 0.52184349 0.34572035 -0.02358459 0.73766381 0.3173382 -0.19776544 0.64437515 0.32261571 0.19773716 0.65739679 0.44868687 -0.29871798 0.63722754 0.44541597 0.20493789 0.69365275 0.58140808 0.0360918 0.64715511 0.58369857 0.5254153 
0.73625392 0.11392448 -0.61183321 0.56059754 0.14775528 -0.0663875 0.7855131 0.23003259 -0.63654226 0.55704325 0.25858256 0.06952492 0.7971648 0.33411685 -0.64778584 0.52124727 0.35041156 -0.05332023 0.737683 0.3190223 -0.19691563 0.64401138 0.32445297 0.19699346 0.66046411 0.45034438 -0.28470042 0.63525778 0.44571945 0.23871256 0.68936425 0.58209664 0.00902076 0.64646989 0.58465415 0.5440926 
0.73487061 0.11800565 -0.60580146 0.55631977 0.15198557 -0.0924647 0.78425753 0.23341028 -0.62093651 0.55248159 0.26165584 0.03207797 0.79710776 0.34104112 -0.63561249 0.52071041 0.35262039 -0.0868317 0.74009335 0.31944224 -0.19475923 0.64458895 0.32573271 0.19482793 0.65336198 0.44982445 -0.35392657 0.62844247 0.44569972 0.2370171 0.67376876 0.58293164 -0.11597043 0.64114976 0.5856933 0.5319376 
0.73142773 0.12258469 -0.60401291 0.55584496 0.158794 -0.10085149 0.78288758 0.23829637 -0.6041289 0.55239409 0.2668654 0.03960512 0.79606336 0.34972474 -0.60007578 0.5192343 0.35819539 -0.0660303 0.74300355 0.32030597 -0.18532941 0.64880836 0.32662737 0.18550523 0.67597699 0.44630733 -0.40727827 0.62963706 0.44638047 0.1610218 0.67965519 0.58296114 -0.12969477 0.64122766 0.58574557 0.40616077
0.72763371 0.12577234 -0.62674314 0.55339295 0.16423504 -0.10809699 0.7811023 0.24054296 -0.61052006 0.55008394 0.2747364 0.03459989 0.79460531 0.35211799 -0.60071135 0.51865667 0.36774263 -0.06966746 0.74588609 0.32033017 -0.18539651 0.64933819 0.32782623 0.18558452 0.68964654 0.44751653 -0.36574528 0.62269562 0.44542524 0.12945484 0.68582207 0.58307004 -0.02259132 0.63930923 0.5838632 0.41626403
0.7230379 0.13173814 -0.6416738 0.55243891 0.16770607 -0.0989136 0.77980292 0.24887303 -0.60930276 0.54977429 0.27708092 0.04328422 0.79053324 0.36065331 -0.55151647 0.51889461 0.37103838 -0.0205731 0.75202811 0.32312939 -0.1826461 0.65370351 0.33183616 0.18287109 0.7080968 0.450688 -0.15272261 0.61786997 0.44539121 0.21986647 0.70603281 0.58143216 0.20292106 0.63889372 0.58315861 0.52488625
0.71507466 0.13740888 -0.63960117 0.55014777 0.1716456 -0.09960887 0.77744168 0.25543633 -0.60916179 0.54753089 0.27974012 0.04508375 0.78697407 0.36552706 -0.55786759 0.51909721 0.37518528 -0.03369153 0.75488967 0.32244885 -0.18041597 0.65610838 0.3320584 0.18066764 0.70981306 0.45067289 -0.19174741 0.61738694 0.44581357 0.17524962 0.70571774 0.58477598 0.0308304 0.63519394 0.58288687 0.4143042 
0.70774788 0.14184076 -0.64183289 0.54666549 0.17715089 -0.09349149 0.77426332 0.25840795 -0.60579711 0.54222804 0.28418115 0.05335478 0.78425354 0.36827192 -0.54414487 0.51597142 0.37882367 -0.0093841 0.75902516 0.32222363 -0.17990808 0.65587479 0.33495173 0.18017183 0.73446602 0.45118883 -0.21920419 0.61563075 0.44908789 0.20321369 0.7353515 0.58659631 0.02297069 0.63548243 0.58448321 0.43434936
0.70165378 0.14684783 -0.64497524 0.54257864 0.18339147 -0.08991159 0.77209407 0.26383251 -0.60555613 0.5370084 0.29048696 0.05440184 0.78093463 0.3715944 -0.54817277 0.50974393 0.38545242 -0.00151398 0.75938237 0.3234888 -0.17902713 0.65537339 0.33893538 0.17931542 0.72752661 0.45095986 -0.17388065 0.61168319 0.45176274 0.2329877 0.73270595 0.58357513 0.11857865 0.63212866 0.58584893 0.44719175
0.69569206 0.15286145 -0.61493737 0.54178172 0.1880794 -0.07006955 0.76544517 0.26848787 -0.59000468 0.53301311 0.29499486 0.05799002 0.77530444 0.37484768 -0.55534965 0.50725967 0.38969755 -0.00383572 0.76549792 0.32315347 -0.17252021 0.6570164 0.33837655 0.17276613 0.72244853 0.44313824 -0.38545382 0.60997838 0.45145389 0.12342946 0.70667768 0.58385766 -0.21875228 0.6327576 0.58628374 0.28504068
0.691324 0.15773793 -0.59119976 0.54031152 0.19219258 -0.0622403 0.7594288 0.27161252 -0.56601769 0.53004152 0.29971662 0.05825892 0.77011114 0.37792128 -0.54186261 0.50823945 0.39372668 0.00458262 0.77545589 0.32332808 -0.16373785 0.66657686 0.33999354 0.16398855 0.73047638 0.43681416 -0.36780056 0.61087412 0.45154646 0.09131458 0.72447848 0.58202678 -0.18855926 0.63311726 0.58638173 0.2512078 
0.68792671 0.16203396 -0.61276758 0.53432357 0.19238845 -0.08817105 0.75691533 0.28022307 -0.58709759 0.52825576 0.30257353 0.03333981 0.76904565 0.3855508 -0.5596742 0.50856405 0.39971787 -0.03487422 0.78029394 0.32417336 -0.16538297 0.67386711 0.33975074 0.16561899 0.71846741 0.44217333 -0.35823342 0.60560912 0.45055732 0.10206157 0.70245236 0.59132868 -0.20794401 0.63106519 0.58635008 0.33577499
0.6869781 0.16651335 -0.6408006 0.52974588 0.19836286 -0.10268422 0.75192714 0.28574139 -0.6106751 0.52532345 0.309567 0.02724187 0.76833045 0.39302596 -0.57831556 0.50869632 0.4095971 -0.04160585 0.78880936 0.32439461 -0.16938785 0.68012065 0.34050223 0.16967094 0.70438927 0.4443756 -0.38952991 0.59456164 0.44651163 0.13691819 0.66792208 0.59055579 -0.24167734 0.62546426 0.58641613 0.38336536
0.68520725 0.17168903 -0.70967239 0.52340722 0.20372799 -0.16603482 0.74702913 0.29262644 -0.68667603 0.52299982 0.31212869 -0.03525785 0.76655489 0.40039486 -0.65541518 0.509 0.41231155 -0.1004623 0.79671383 0.32531172 -0.17080538 0.68599766 0.3411971 0.17109144 0.7097097 0.45032692 -0.40093973 0.59762192 0.44562876 0.11840402 0.67767596 0.59967071 -0.26748061 0.62560475 0.58905071 0.34489587
0.68245119 0.17635828 -0.72512412 0.52287942 0.2081797 -0.15501061 0.7465024 0.29595125 -0.70196617 0.52232701 0.31297448 -0.00927088 0.76391172 0.40486556 -0.66208822 0.5104025 0.40970346 -0.07604938 0.80066001 0.3268162 -0.17730044 0.69175225 0.34218648 0.17753074 0.7106263 0.46079221 -0.40040541 0.59159279 0.44796932 0.09288599 0.66973293 0.59886581 -0.22963263 0.62363344 0.58971107 0.34185281
6.81089699e-01 1.81198090e-01 -7.09814847e-01 5.20818412e-01 2.12516725e-01 -1.43303320e-01 7.44748354e-01 2.99969763e-01 -6.82004690e-01 5.21367788e-01 3.17934692e-01 -2.97102291e-04 7.61107862e-01 4.10173118e-01 -6.39607072e-01 5.13241112e-01 4.16386098e-01 -6.60432428e-02 8.06262553e-01 3.31123620e-01 -1.82621464e-01 6.98519826e-01 3.45959693e-01 1.82827979e-01 7.06708193e-01 4.61323798e-01 -3.92823666e-01 5.87696135e-01 4.48069572e-01 1.10575385e-01 6.74101651e-01 5.97806811e-01 -1.96934640e-01 6.21211588e-01 5.89651823e-01 3.80263299e-01
0.67940295 0.18536802 -0.7135883 0.51723534 0.21783511 -0.1609568 0.74348664 0.30610067 -0.69648415 0.52056944 0.32513803 -0.02225295 0.75987315 0.4130494 -0.65780133 0.51472247 0.42363754 -0.09115449 0.81068003 0.33284685 -0.18250012 0.70380467 0.34778059 0.18268295 0.70247412 0.45595846 -0.38653001 0.58712894 0.44730896 0.07010616 0.66318887 0.59314698 -0.18034029 0.62020123 0.58768743 0.30704096
0.67746121 0.19095869 -0.71964395 0.51233983 0.22453541 -0.17799173 0.74133712 0.31424046 -0.68673724 0.51886457 0.33223006 -0.03030293 0.75911629 0.41959158 -0.64447248 0.51464468 0.43050158 -0.08125118 0.81175393 0.33338463 -0.18083812 0.70499319 0.3485221 0.18094386 0.69816244 0.4555985 -0.36146736 0.57917994 0.44893259 0.07278571 0.65052593 0.59239662 -0.09104229 0.61447722 0.58746105 0.32664344
0.67311668 0.19702506 -0.70748997 0.50943786 0.22934598 -0.17311785 0.73928684 0.3219133 -0.68381166 0.51570404 0.33653077 -0.03055414 0.75973618 0.42214233 -0.62716007 0.51272744 0.43501297 -0.07519001 0.80990821 0.33566681 -0.17832449 0.70495063 0.34878895 0.17827474 0.6771878 0.45115176 -0.32854933 0.56783634 0.44878772 0.05158542 0.64798814 0.58982998 -0.06478258 0.61030561 0.58615208 0.29855359
0.66997558 0.20138773 -0.74663335 0.50619596 0.23437326 -0.22580385 0.73705739 0.3258968 -0.70905054 0.5144124 0.34244862 -0.08892398 0.75973916 0.42456907 -0.6683284 0.50902748 0.44226381 -0.14447252 0.8081907 0.33620372 -0.17820236 0.70514524 0.34871155 0.17812043 0.66931337 0.44170481 -0.42143255 0.5654934 0.44771594 0.18378259 0.64456362 0.5894174 -0.28038898 0.55751181 0.58508682 0.42600706
0.66752309 0.20724992 -0.77652818 0.50343466 0.24115935 -0.25167879 0.73340005 0.3286148 -0.72829252 0.51126099 0.3499063 -0.11138842 0.75967163 0.42746863 -0.66600871 0.50593144 0.44934508 -0.15612124 0.80739504 0.33606973 -0.17603943 0.70312935 0.3495675 0.17590831 0.67448705 0.44271952 -0.39828649 0.568712 0.45061281 0.11534103 0.64832759 0.58816046 -0.14362651 0.57072741 0.58510113 0.38800123
0.66530895 0.21213125 -0.78921771 0.50196707 0.24641797 -0.27852401 0.73001271 0.33455452 -0.75179952 0.50964707 0.35830936 -0.14409459 0.75743997 0.4371393 -0.72450954 0.5008893 0.45824125 -0.20296611 0.80918497 0.33810776 -0.17354229 0.7045188 0.35131282 0.17344442 0.67376244 0.44367343 -0.4360579 0.56388772 0.45082584 0.09716322 0.64941317 0.58887863 -0.21795107 0.5826261 0.58431256 0.37963709
0.6631133 0.21809793 -0.80967116 0.49961394 0.25390565 -0.29417881 0.72740245 0.34267649 -0.78139335 0.50544477 0.36781317 -0.16946007 0.75657332 0.44830576 -0.75005537 0.49008626 0.47843888 -0.22396734 0.80969745 0.33960965 -0.17238611 0.70440447 0.35296747 0.17232044 0.66745883 0.4428134 -0.46681395 0.56680858 0.45054379 0.15118499 0.64971155 0.58886826 -0.24509433 0.5838871 0.58337504 0.44661936
0.66218364 0.22424984 -0.84195739 0.49717402 0.26399994 -0.33415025 0.72670263 0.35063249 -0.83811998 0.50053459 0.38328093 -0.20927125 0.7537688 0.46260509 -0.8563509 0.48111856 0.49173599 -0.27455968 0.81084681 0.34218201 -0.16962434 0.70402628 0.35636923 0.16965412 0.67069638 0.4478156 -0.57587785 0.55944169 0.44919822 -0.00208002 0.65428817 0.58900738 -0.2953088 0.58740342 0.58343345 0.29046348
0.66188067 0.23280905 -0.83299232 0.49477494 0.27216139 -0.34387386 0.72353667 0.35488686 -0.83321983 0.4962503 0.38804075 -0.23584616 0.75114292 0.4652912 -0.84844261 0.47923556 0.4975805 -0.29316977 0.810911 0.34460309 -0.16306427 0.70365483 0.35968837 0.16319555 0.67255449 0.45510188 -0.5394761 0.56038064 0.44882271 -0.02292647 0.6580314 0.58921206 -0.26698923 0.58965904 0.58340603 0.24419744
0.65979046 0.24009974 -0.76054245 0.49401686 0.2807647 -0.33362234 0.72046918 0.3617039 -0.772542 0.49747178 0.39512405 -0.18003118 0.75082886 0.47341245 -0.79077077 0.48232055 0.50001788 -0.2508516 0.81330532 0.34807327 -0.160898 0.70422727 0.36473987 0.16101745 0.6537326 0.44250855 -0.59607011 0.56153065 0.44054523 0.02437479 0.65869761 0.58648831 -0.36831513 0.59220558 0.58317918 0.29017293
0.65571505 0.24631391 -0.76064366 0.49301317 0.28601828 -0.32679054 0.72004914 0.37333739 -0.77218187 0.49719289 0.39853179 -0.1608706 0.74962455 0.48964217 -0.79102576 0.4834958 0.5042814 -0.22978196 0.81400228 0.34976417 -0.16173385 0.70517892 0.36652008 0.16184367 0.64667189 0.43443927 -0.69386739 0.56079692 0.43904394 0.03879492 0.66360641 0.5852645 -0.49881399 0.59285313 0.58250564 0.2905162 
0.65182877 0.25412479 -0.68828416 0.49263775 0.29258186 -0.24929787 0.7189365 0.38020402 -0.69456798 0.49442992 0.4023585 -0.14442232 0.74796343 0.49692154 -0.72489339 0.48371074 0.50731349 -0.1920483 0.81622189 0.35086602 -0.15953583 0.7094245 0.36809766 0.15960217 0.64227456 0.43339175 -0.590657 0.56139684 0.4354769 0.04163177 0.66347414 0.5805921 -0.38323769 0.59297806 0.57988989 0.25375468
0.65223312 0.26356733 -0.71007097 0.4909499 0.30236679 -0.29943803 0.71952194 0.39275649 -0.78136432 0.49084184 0.41480151 -0.23155253 0.74815911 0.50800538 -0.83936149 0.48015186 0.51910597 -0.28139958 0.81754053 0.35142449 -0.15970419 0.71117651 0.37080196 0.15978388 0.6382975 0.42724556 -0.64545661 0.5615207 0.43635643 -0.00753121 0.65216154 0.58111274 -0.48264855 0.59380895 0.57855964 0.19282459
0.64750898 0.26982403 -0.70337999 0.48873454 0.30849522 -0.27615964 0.72017384 0.39917335 -0.75252765 0.48805457 0.4200094 -0.1914081 0.74935496 0.50979304 -0.80142939 0.47932169 0.51922619 -0.24504349 0.8185733 0.35249823 -0.15988064 0.71229976 0.37262985 0.15994287 0.64072764 0.42492086 -0.61007917 0.55751181 0.43938628 0.00868347 0.65176463 0.58170503 -0.45247838 0.5944522 0.57871985 0.19718851
0.64257604 0.27092311 -0.66476387 0.48829731 0.31075558 -0.21746479 0.72055519 0.39476216 -0.70756495 0.48641589 0.41974464 -0.16475745 0.74956697 0.50409496 -0.76765609 0.48018035 0.5195542 -0.22365697 0.82055777 0.35268018 -0.1601617 0.71458119 0.37358299 0.16023442 0.64065605 0.42018285 -0.60547477 0.55590755 0.43957618 0.00293167 0.64956403 0.58209461 -0.49292508 0.59466416 0.57944566 0.14088593
0.64304894 0.26829475 -0.67843729 0.48755679 0.3088682 -0.22187446 0.72311139 0.39060098 -0.70667392 0.48513484 0.41681024 -0.17019649 0.75089085 0.50261837 -0.76157975 0.47961053 0.51710278 -0.23464905 0.82008886 0.3522625 -0.15896037 0.71439427 0.37217239 0.15898308 0.63554376 0.41663066 -0.5937798 0.54883748 0.4398298 0.0057877 0.65460527 0.56663698 -0.44000888 0.59374499 0.57937032 0.13481998
0.64047784 0.26717237 -0.67453599 0.48397487 0.30622196 -0.21582191 0.7231046 0.39078873 -0.70383197 0.48591909 0.41255713 -0.17368241 0.75098258 0.50457937 -0.75439042 0.47978628 0.51437318 -0.24377722 0.81948656 0.35087028 -0.15860263 0.71400297 0.37093702 0.15857838 0.63828099 0.41752639 -0.59561068 0.5471102 0.43996817 -0.07903931 0.65573758 0.56935269 -0.40513793 0.59447306 0.57955074 0.0372567 
0.63530141 0.26569647 -0.63970685 0.48209986 0.30632004 -0.20002949 0.71579611 0.38699931 -0.64859891 0.48495817 0.41165513 -0.15549725 0.75217479 0.50224292 -0.69201648 0.47846046 0.51346582 -0.19554207 0.81920785 0.34971973 -0.15871954 0.71531153 0.36962584 0.15870661 0.63170356 0.41898838 -0.53625131 0.5486328 0.4405517 -0.03599671 0.64970064 0.57065052 -0.35091826 0.59588391 0.58004409 0.07270339
0.62829894 0.26401216 -0.61550903 0.48163807 0.30413491 -0.1590416 0.71133661 0.38329184 -0.62744617 0.48481965 0.41024405 -0.10753222 0.75243551 0.49914691 -0.66951001 0.47872862 0.51197857 -0.14942741 0.81905842 0.34925747 -0.16049685 0.71776873 0.36843184 0.16056712 0.62079901 0.42035303 -0.48691231 0.54951555 0.44059756 0.01282756 0.64589721 0.5717181 -0.30508575 0.59825897 0.58060139 0.10679697
0.62647903 0.26377785 -0.60658538 0.48152646 0.30425555 -0.15407911 0.71126491 0.38238776 -0.61655384 0.48497534 0.41030005 -0.10516577 0.75338459 0.49897179 -0.66138405 0.47885755 0.51160997 -0.14799181 0.81894243 0.34841698 -0.16040657 0.71944243 0.36714235 0.16052134 0.62345189 0.42018649 -0.48709315 0.55093676 0.44062936 0.0680548 0.64417291 0.57200217 -0.32574001 0.59771967 0.58085442 0.13077024
0.62138975 0.2634311 -0.59177935 0.47904617 0.30550903 -0.16594148 0.71146405 0.38166249 -0.60699415 0.48405546 0.41213849 -0.11295734 0.75616562 0.49868724 -0.65624446 0.47913191 0.5132162 -0.16065203 0.81880659 0.34624508 -0.15869743 0.71934903 0.36666211 0.1588255 0.62565404 0.42030743 -0.50216728 0.55148751 0.44084376 0.05202222 0.64346957 0.57258165 -0.33356848 0.59915394 0.58087933 0.11823849
0.61949635 0.26484552 -0.60511827 0.47759783 0.30616811 -0.16689953 0.71188128 0.38187426 -0.61642587 0.48423281 0.41153249 -0.11691859 0.75794554 0.49787998 -0.66179568 0.47894943 0.51439613 -0.1656545 0.81842709 0.34514889 -0.15857087 0.71652848 0.36532059 0.15869148 0.62391257 0.4201479 -0.49868372 0.55172962 0.44164091 0.04322108 0.64340049 0.57248753 -0.31169981 0.60199088 0.58092839 0.09578889
0.61965775 0.26738828 -0.61162794 0.47744185 0.30566683 -0.15520409 0.7119239 0.38353264 -0.62260932 0.48441666 0.41106141 -0.10308458 0.75806868 0.49735829 -0.66739637 0.47902867 0.51396537 -0.15623008 0.81837517 0.34462041 -0.15862821 0.71642882 0.3636938 0.15874419 0.62367409 0.42027751 -0.48883972 0.55186987 0.4416551 0.02910155 0.64376807 0.5726912 -0.29078194 0.60202032 0.58079857 0.07722151
0.62054712 0.26846001 -0.57809722 0.47775778 0.30652305 -0.13930397 0.7120294 0.38688692 -0.58828741 0.48446876 0.41051185 -0.09476535 0.75898141 0.49728921 -0.63771933 0.47822338 0.51331037 -0.14417717 0.81828487 0.34411031 -0.15142091 0.71633923 0.36279738 0.15150587 0.62383467 0.41938058 -0.48643419 0.55402112 0.44155723 0.0062398 0.67880809 0.54731947 -0.26123458 0.6023801 0.58079356 0.05404989
0.62064457 0.26873416 -0.59450889 0.47781909 0.30928659 -0.14598769 0.71214408 0.38806608 -0.60473549 0.48450753 0.41110286 -0.10178974 0.76011193 0.49786696 -0.64098853 0.47758567 0.51321465 -0.15041417 0.81821573 0.34370333 -0.15207089 0.71616572 0.3627331 0.15215909 0.62442076 0.41963086 -0.4935987 0.55574107 0.44284603 -0.01159645 0.68774891 0.54120892 -0.24724777 0.60678017 0.58156568 0.06526666
