0.30096275 0.38890186 0.10335813 0.40413636 0.40094873 0.41943985 0.35037324 0.41631278 -0.02773559 0.49328336 0.44367477 0.42227477 0.38245925 0.49639872 -0.16204354 0.46325544 0.49364504 0.2946887 0.53460759 0.44531885 -0.12247662 0.59576696 0.4494504 0.12176826 0.26444554 0.42294642 -0.11426844 0.42007482 0.45647755 0.21762286 0.38611794 0.56255919 -0.09748555 0.5052858 0.53030443 0.14503886
0.3067776 0.25270408 -0.02915406 0.39280415 0.2892167 0.46192551 0.35706732 0.35569608 -0.12261347 0.48543498 0.38778171 0.46726951 0.37569508 0.45989245 -0.22140498 0.45807022 0.48394483 0.45004568 0.5502032 0.35476699 -0.16871889 0.60632658 0.37477896 0.16821902 0.26695421 0.39144465 -0.12845381 0.449889 0.43777752 0.25714242 0.34142402 0.53511173 -0.0488602 0.54196143 0.55734605 0.28802752
0.32190567 0.24120255 -0.07888933 0.39998811 0.24685159 0.46218258 0.36096913 0.35509437 -0.06896885 0.4445467 0.35851276 0.52143979 0.37317455 0.45818892 0.10470116 0.45383373 0.44978914 0.49300197 0.56305206 0.35178816 -0.17695966 0.60876644 0.3645446 0.17645361 0.28654128 0.39075136 -0.14147758 0.46755213 0.40587795 0.44957525 0.38453093 0.53460747 -0.03088864 0.54263252 0.51973051 0.67584163
0.32325163 0.23927779 -0.03194946 0.39827251 0.23141655 0.53930038 0.35677889 0.35249034 -0.00543673 0.45104253 0.34354922 0.61793804 0.3700735 0.44438627 0.19632044 0.45154771 0.43185791 0.59591645 0.55803984 0.35524231 -0.18400185 0.60975754 0.35845432 0.18324551 0.27294937 0.39285401 -0.17646778 0.53341538 0.45665348 0.47369313 0.33687076 0.54408675 -0.15174082 0.61062652 0.57160318 0.65967923
0.32325745 0.2411384 -0.00316879 0.42128745 0.2292109 0.53120083 0.3562229 0.35481232 0.01215135 0.48328531 0.34711024 0.60883015 0.37351158 0.44314685 0.21487083 0.48360902 0.44045541 0.61201775 0.55429393 0.35941488 -0.18374407 0.62882245 0.35924357 0.18293723 0.28044984 0.39892229 -0.18805635 0.54628211 0.44700339 0.54174209 0.33266845 0.54420853 -0.21408276 0.61180604 0.55370235 0.71665519
0.32472906 0.23744699 0.02875972 0.42203087 0.23998661 0.53444731 0.35152918 0.3567239 0.01097946 0.48792136 0.3513895 0.60057122 0.37201595 0.446567 0.15576436 0.47834828 0.43701565 0.60371912 0.55319071 0.35022229 -0.17497464 0.63483608 0.36215636 0.17403506 0.28359184 0.39721459 -0.18704665 0.536134 0.44954884 0.52683979 0.36449915 0.5435431 -0.2335269 0.59469509 0.55488741 0.67644584
0.32451302 0.23797776 0.03409457 0.42593735 0.23602885 0.54510713 0.35374045 0.35564306 0.00783949 0.48589072 0.35255417 0.60872281 0.37350717 0.44604588 0.15527175 0.47539508 0.44782656 0.6166535 0.55250341 0.35054514 -0.17274676 0.63833898 0.36108845 0.1717934 0.28261375 0.39562804 -0.1855105 0.54025942 0.44342369 0.53381854 0.37765604 0.53758502 -0.22382016 0.58766037 0.56386906 0.66890657
0.32474595 0.23656286 0.012583 0.42458329 0.23189767 0.5373199 0.35485592 0.35232168 0.01094036 0.49318898 0.34910077 0.60760212 0.36922798 0.43881145 0.20371582 0.50198358 0.45278394 0.60684258 0.55376065 0.35112715 -0.1733627 0.63973337 0.3595334 0.17225398 0.28113809 0.39666733 -0.18533556 0.5598895 0.44329709 0.51882011 0.31097001 0.55511129 -0.20768048 0.60186875 0.56938177 0.66945791
0.32595965 0.23515368 0.04111401 0.42417583 0.22870097 0.56507736 0.35575053 0.34989479 0.02505307 0.49522117 0.3491731 0.61744785 0.3923353 0.44504479 0.19091094 0.50701123 0.45337591 0.61310875 0.55470026 0.34780991 -0.17417362 0.63997364 0.35656574 0.17307028 0.2882511 0.39971262 -0.17745051 0.56420797 0.45531544 0.51547647 0.31862703 0.54694909 -0.20534611 0.60547656 0.5756312 0.70128965
0.32591006 0.23442182 0.0432533 0.42237446 0.22338705 0.55753863 0.35662398 0.34966108 0.03700748 0.49376634 0.34608939 0.61737996 0.39139026 0.43823767 0.2194234 0.50623488 0.45168033 0.61078 0.55344582 0.34549218 -0.17449497 0.6395911 0.35499409 0.17344604 0.28548044 0.39766139 -0.17678618 0.57948816 0.45555776 0.49480307 0.30832416 0.54590827 -0.19844761 0.60947835 0.57624644 0.65333629
0.32694602 0.23412351 0.03633097 0.42020252 0.22359926 0.55416286 0.35726523 0.3474369 0.02156719 0.49087879 0.34340155 0.61102742 0.39136106 0.43572581 0.1972283 0.50288987 0.44741869 0.60802615 0.55419916 0.34388956 -0.17469679 0.63948858 0.35234982 0.17370059 0.28825966 0.39828306 -0.1749059 0.58973128 0.45863947 0.49512929 0.30196601 0.54891193 -0.19313532 0.6180144 0.57934451 0.67574978
0.32877594 0.23132592 0.03905598 0.41924679 0.22110039 0.57620299 0.36040029 0.34640115 0.02890699 0.48971084 0.341153 0.62705034 0.40069562 0.44019368 0.21641438 0.50490439 0.44716057 0.61737871 0.55468196 0.34364685 -0.17690362 0.63954437 0.34964794 0.1759681 0.29125613 0.39773446 -0.1617633 0.59473217 0.45241258 0.49239948 0.30184415 0.54641557 -0.14464334 0.62333077 0.57860237 0.67954487
0.32923409 0.22635418 0.02984851 0.41855916 0.22023058 0.56084549 0.36054966 0.34095854 0.01460773 0.48894513 0.33747387 0.62039447 0.39914602 0.43440086 0.1942541 0.50131339 0.44289449 0.60981578 0.55529672 0.33990392 -0.18124577 0.63989145 0.3483462 0.18040664 0.29272512 0.39542538 -0.16406901 0.58362186 0.45047429 0.47666812 0.30061707 0.55050641 -0.16662203 0.62065357 0.57846451 0.65985751
0.32921728 0.22394179 0.03724475 0.41977537 0.21904589 0.56607145 0.36060318 0.33811298 0.01095619 0.4944984 0.33242255 0.61750537 0.41148946 0.43761107 0.18187776 0.50470394 0.44126084 0.59444571 0.55568403 0.33531344 -0.18157662 0.64132857 0.34513965 0.18075126 0.29517433 0.39657837 -0.15924107 0.5858264 0.44484362 0.49284223 0.30152449 0.54559481 -0.1621204 0.61675423 0.575782 0.67823154
0.33459553 0.21959679 0.0548299 0.42065051 0.21732464 0.62748408 0.36659592 0.33791953 0.02467022 0.4951866 0.33106565 0.65608925 0.43197808 0.43732226 0.18121792 0.50857162 0.42654359 0.63862729 0.55598605 0.332275 -0.18972944 0.6423443 0.34345672 0.18907961 0.29586789 0.3979044 -0.16644359 0.57994443 0.44635513 0.4893432 0.29888475 0.55497223 -0.15925267 0.6151728 0.57640719 0.67053998
0.3372533 0.215409 0.05019098 0.42002422 0.21154089 0.57217699 0.37262127 0.33164579 0.02322601 0.46862435 0.31149045 0.62826884 0.43925691 0.41951725 0.20967434 0.39992636 0.34280136 0.62717474 0.55592752 0.3297126 -0.18253599 0.6443581 0.33807239 0.18188906 0.30018842 0.3974314 -0.13200913 0.5790047 0.43715242 0.46537203 0.30613628 0.54755849 -0.09128357 0.61364865 0.57283592 0.62118179
0.33842602 0.21262138 0.04111078 0.41991132 0.20665517 0.5781737 0.3760933 0.32783812 0.035328 0.47229275 0.31472787 0.62986135 0.43241927 0.4103387 0.22369558 0.40808022 0.38736469 0.61124039 0.55551428 0.32572147 -0.1826579 0.64423901 0.33355418 0.18200894 0.30155858 0.39810032 -0.13996501 0.58110529 0.4367609 0.46335852 0.30462372 0.54794484 -0.11366291 0.61358082 0.57309902 0.62355632
0.33966771 0.20655921 0.00169285 0.42088154 0.20226058 0.51352072 0.37664703 0.32070532 0.02915194 0.44774255 0.30560583 0.57660323 0.4289448 0.39324182 0.22238056 0.38038668 0.32671744 0.55889732 0.55443442 0.32279557 -0.18219867 0.64337432 0.33184671 0.18160312 0.30329469 0.40027007 -0.14345619 0.57571393 0.42758638 0.46015143 0.30750895 0.54966515 -0.14973174 0.60748804 0.56502134 0.61225981
0.34012356 0.20221604 -0.00407932 0.42095923 0.19542456 0.54660511 0.3786757 0.3087199 -0.01171222 0.46677244 0.30637899 0.59063476 0.42799386 0.39598829 0.15783095 0.44588169 0.37237936 0.5618062 0.55452347 0.32021996 -0.18569463 0.64303488 0.32871312 0.18517116 0.30628252 0.40129763 -0.13206585 0.57468897 0.43017691 0.42815429 0.30648071 0.55298954 -0.10751551 0.61122936 0.56545728 0.57024413
0.34190202 0.19706875 -0.0382535 0.42119199 0.18853842 0.54695231 0.38355246 0.30496275 -0.06131802 0.47079614 0.29538733 0.59358585 0.43331087 0.39488524 0.1114727 0.44759372 0.37042269 0.55861652 0.55453765 0.317103 -0.18789683 0.64314675 0.32340935 0.18749028 0.31366214 0.40207297 -0.08491425 0.57400841 0.43426836 0.36283058 0.30699456 0.55457419 0.01466683 0.61286479 0.56589091 0.48062563
0.34565344 0.19145972 -0.09379428 0.42115083 0.18670759 0.46634626 0.38727045 0.29697323 -0.0893537 0.40810305 0.25334448 0.6466977 0.43734673 0.38127434 0.12500295 0.31384578 0.23653968 0.8167184 0.55417436 0.31346482 -0.18789053 0.64299965 0.32025483 0.18749894 0.31815785 0.40164992 -0.08357441 0.57462823 0.43666121 0.3479135 0.30720556 0.55573314 -0.01069745 0.61895949 0.56628418 0.4488093 
0.34681487 0.18302459 -0.00082867 0.42314976 0.18334366 0.56888425 0.38651147 0.28780997 -0.06704124 0.43860105 0.27630323 0.63957775 0.43651339 0.38328874 0.04297982 0.39975059 0.31106359 0.73001432 0.55184966 0.30789584 -0.18783677 0.64212126 0.3163273 0.18743864 0.32081684 0.40149555 -0.09195446 0.57731915 0.43884048 0.30933768 0.30809155 0.56105298 -0.02936319 0.62033683 0.56667799 0.38987106
0.34846929 0.17674038 0.01143561 0.42364106 0.18177341 0.56357473 0.38679656 0.28081459 -0.12124029 0.46167457 0.28387058 0.59277755 0.43313572 0.37827587 -0.12109265 0.45796204 0.37189141 0.55173624 0.55193037 0.30400077 -0.18735468 0.64220881 0.31380093 0.18696421 0.32571718 0.39958695 -0.0896729 0.5775159 0.44015676 0.31177261 0.30885097 0.56135952 -0.03197839 0.61950624 0.56823248 0.3923952 
0.35022232 0.17054607 0.0177796 0.42655417 0.17734361 0.54887402 0.38738078 0.27727348 -0.13112706 0.48321879 0.28725672 0.54975986 0.43723124 0.37662154 -0.17438658 0.49029845 0.40192696 0.4965679 0.55104983 0.29860517 -0.18690129 0.64179128 0.31205833 0.1864785 0.32431063 0.39829221 -0.09952661 0.57564509 0.43996593 0.26652783 0.31067339 0.5639925 -0.10783463 0.61947596 0.5687077 0.2808609 
0.35219571 0.1635036 0.02397375 0.43361959 0.17003562 0.55442166 0.38695812 0.2721836 -0.11746497 0.49790111 0.2819227 0.5674684 0.43201712 0.37672442 -0.139681 0.48838225 0.39504498 0.52748716 0.55077851 0.29650992 -0.18167232 0.64181733 0.30975375 0.18112715 0.32612815 0.39690876 -0.08596427 0.57686901 0.44038847 0.25019431 0.31088033 0.56207937 -0.0569235 0.62064058 0.56963193 0.23128058
0.35421327 0.15502255 0.03513636 0.43855271 0.16717944 0.57441092 0.38556355 0.26796073 -0.1131781 0.49761173 0.27419662 0.57021219 0.42096072 0.37971184 -0.05973432 0.48145294 0.37501353 0.54431641 0.55083686 0.29558676 -0.17767999 0.64299637 0.30883935 0.17718051 0.33009088 0.3965019 -0.07719262 0.58045232 0.44071633 0.24499252 0.31094217 0.56189388 -0.02911984 0.62652373 0.57056564 0.23390959
0.35495394 0.14783563 0.03292288 0.4408288 0.16093729 0.5748719 0.38358474 0.2585538 -0.09787481 0.49547079 0.26349005 0.58670431 0.37449127 0.36861974 -0.03064942 0.47846758 0.35276875 0.5600372 0.55090344 0.2896705 -0.17792648 0.64086056 0.30508155 0.17740442 0.33791623 0.39587909 -0.10287361 0.57917875 0.43270829 0.24183954 0.31967339 0.56458473 -0.07625953 0.62389582 0.57136661 0.21349551
0.35554013 0.13989021 0.03597443 0.44297618 0.15622173 0.59600198 0.38192981 0.24980405 -0.08953921 0.49450994 0.2583409 0.60237175 0.36327803 0.36391208 -0.07125349 0.47692311 0.34837624 0.56223923 0.55061436 0.28263235 -0.18136451 0.63516575 0.29810819 0.18100174 0.34612149 0.39386663 -0.14277162 0.57927054 0.42975679 0.22006096 0.33113718 0.56809914 -0.14100376 0.62344992 0.57196176 0.16986807
0.35685581 0.13347611 0.06543722 0.45161828 0.15268138 0.63372058 0.38546166 0.24529052 -0.0773435 0.4931232 0.26151043 0.61507881 0.36782533 0.36295944 -0.08351608 0.47674271 0.35415944 0.55314308 0.54948616 0.27624571 -0.18687938 0.62704331 0.29563054 0.18666507 0.35833135 0.3943764 -0.19636728 0.5774259 0.42639697 0.20604211 0.33728474 0.57153618 -0.22583902 0.62330109 0.57235527 0.14663292
0.3600288 0.12476515 0.10646821 0.46287259 0.15132205 0.65519226 0.38591906 0.23947282 -0.04104518 0.49299729 0.25757277 0.64430887 0.36746928 0.35493171 -0.05894802 0.47499311 0.34937099 0.57010162 0.54669356 0.27238593 -0.18645823 0.61786991 0.29522935 0.18626608 0.36647475 0.39470595 -0.20570786 0.57208216 0.42087331 0.16588224 0.33521831 0.57380009 -0.23350169 0.61695743 0.5724535 0.09023537
0.3639099 0.1199453 0.15419301 0.4714233 0.14604345 0.70624119 0.38623193 0.23476599 0.01798686 0.48603669 0.25437561 0.7154938 0.35767063 0.35174286 0.0070204 0.45535398 0.34784502 0.66291386 0.54430199 0.27172852 -0.18652143 0.61118072 0.29387245 0.18632056 0.36610124 0.39324936 -0.22154056 0.56707245 0.42060784 0.19296004 0.33416858 0.57501918 -0.23662528 0.61547279 0.57231635 0.16941059
0.36541775 0.11305468 0.11374492 0.47465307 0.13876459 0.68039382 0.38677788 0.2298872 -0.00593645 0.48860022 0.23806033 0.70401925 0.35595408 0.33973607 0.01084228 0.45591474 0.33012542 0.63785654 0.54309076 0.26970166 -0.19250748 0.60547018 0.29029495 0.19238569 0.38322148 0.39358619 -0.24424221 0.56094849 0.41667709 0.20068607 0.33508545 0.5743944 -0.25510231 0.61401755 0.57104081 0.17373055
0.36481044 0.10719562 0.06004259 0.47808611 0.13129111 0.65871716 0.38437933 0.22070441 -0.03608283 0.49334806 0.22732626 0.71358943 0.344946 0.32247892 0.02490908 0.45006719 0.31258589 0.6859495 0.54018623 0.26847157 -0.19612695 0.60546988 0.28703544 0.19597325 0.39251307 0.39383233 -0.22449316 0.56399935 0.41857651 0.20683752 0.33921671 0.57399452 -0.2335711 0.61382645 0.57140332 0.16284402
0.36490586 0.10024286 -0.03868606 0.47937712 0.12777272 0.60588318 0.38098893 0.21421288 -0.16240533 0.48722008 0.22236127 0.69426131 0.34285811 0.31004372 -0.12544622 0.42345381 0.30427885 0.65642142 0.53965688 0.26858246 -0.20294808 0.59856504 0.28740013 0.20292418 0.39930889 0.3939926 -0.30578238 0.56376129 0.41957551 0.21117912 0.33893976 0.57809359 -0.4266496 0.6145367 0.57270157 0.11130258
0.3705667 0.09679473 -0.02397006 0.47841486 0.1257071 0.60146892 0.3842448 0.20799549 -0.1510987 0.4753904 0.21883403 0.68318129 0.34804294 0.29961824 -0.09213822 0.40368572 0.30097467 0.62589771 0.53991109 0.26192895 -0.20170921 0.58761221 0.28206617 0.20161487 0.42561039 0.3943786 -0.33495188 0.54754704 0.41962829 0.02423308 0.34548977 0.58028144 -0.49092248 0.58557016 0.57226193 -0.13506824
0.37705377 0.09324447 -0.10541467 0.47729096 0.12084545 0.54918152 0.38580784 0.20166855 -0.23720957 0.4645215 0.21464559 0.64871442 0.34956855 0.29061216 -0.18824956 0.38895679 0.29560414 0.58473003 0.54043365 0.26132414 -0.2028759 0.58196956 0.28111187 0.20281444 0.43443006 0.3958784 -0.35152757 0.5358901 0.41848204 0.01348435 0.35264865 0.58008862 -0.51424372 0.5423339 0.57068074 -0.16777304
0.3802585 0.09203748 -0.0661615 0.4842484 0.11890545 0.56589216 0.38597408 0.20022763 -0.18240786 0.46383128 0.21179937 0.65305781 0.3464936 0.29355171 -0.1267208 0.39095241 0.28401056 0.58885205 0.53520334 0.26357469 -0.20296606 0.58303124 0.27987453 0.20285147 0.43147832 0.40198973 -0.31299564 0.54016906 0.41929466 0.09028593 0.34982666 0.58530062 -0.46444866 0.57294476 0.57117176 -0.02373908
0.38691422 0.08773462 -0.05035726 0.48258555 0.11544702 0.56767374 0.38891691 0.19653769 -0.18275279 0.45605516 0.20962946 0.64294022 0.34837937 0.29121634 -0.16970177 0.37397185 0.28718415 0.5477612 0.52936423 0.26484808 -0.20253184 0.57603246 0.28070423 0.20239981 0.42120415 0.40510461 -0.30969152 0.53940332 0.41979834 0.10920598 0.34304157 0.58527976 -0.47957334 0.5893876 0.57167339 -0.04064265
0.38820505 0.08556426 -0.09077883 0.48666811 0.11187398 0.5723803 0.38870969 0.19936313 -0.20527256 0.45620969 0.20653655 0.66135818 0.34956747 0.29316378 -0.15117526 0.37934378 0.28728071 0.56869382 0.51745802 0.265681 -0.20467442 0.57268745 0.27892387 0.20451508 0.41787818 0.40547535 -0.29682943 0.54126424 0.42013225 0.18573074 0.33884022 0.58575332 -0.42743441 0.60849971 0.57214326 0.09187569
0.39226028 0.08422075 -0.09014554 0.48670113 0.10918199 0.55480099 0.39003664 0.20320268 -0.18222894 0.45567399 0.20921515 0.65991157 0.3499482 0.29653314 -0.10055841 0.3835057 0.28114924 0.57249904 0.51029474 0.26563996 -0.20449327 0.56729734 0.27808315 0.20433517 0.40671313 0.40505436 -0.30197906 0.54420441 0.42000166 0.20285636 0.34147942 0.58553612 -0.4211005 0.61429799 0.5762096 0.1173147 
0.39556155 0.08244288 -0.10417654 0.48791322 0.10625937 0.55238694 0.3903147 0.20394956 -0.17328623 0.45416507 0.20723483 0.66123933 0.35015526 0.29642588 -0.05441983 0.38464075 0.27878121 0.59042174 0.50227994 0.26602051 -0.20714493 0.55726677 0.27841294 0.20701076 0.3987315 0.40501058 -0.32684663 0.53878927 0.42017618 0.27409199 0.34040171 0.58613324 -0.45540389 0.61345243 0.57632422 0.26340652
0.40212792 0.08379636 -0.08354738 0.49782103 0.10942025 0.54414856 0.39250702 0.20164602 -0.15411557 0.46373719 0.20951556 0.64327478 0.35055637 0.29636106 -0.04702589 0.40752587 0.28056142 0.58065283 0.49196315 0.26588264 -0.20226628 0.55409914 0.27850649 0.20215271 0.39662215 0.40398884 -0.36380839 0.5354116 0.41951886 0.2376336 0.33587453 0.58639497 -0.53122765 0.61287832 0.57674128 0.19043964
0.40587765 0.08519171 -0.07904827 0.50072503 0.10951053 0.53208941 0.39411226 0.20226091 -0.12367154 0.46785429 0.21098034 0.62755644 0.35295048 0.29500878 -0.02550629 0.43202576 0.28435558 0.5706957 0.48566505 0.26552182 -0.19092384 0.5544672 0.27774769 0.19082387 0.39323869 0.40402237 -0.36300272 0.52976155 0.419642 0.23776457 0.33157009 0.58694446 -0.55361348 0.60911244 0.57800853 0.18912837
0.41098881 0.0852155 -0.07265663 0.50383353 0.10983229 0.5280146 0.39454573 0.20228879 -0.12688884 0.46747431 0.21209003 0.61383665 0.35308218 0.29683691 -0.04166138 0.43034354 0.28645518 0.54675066 0.47965378 0.26525271 -0.17980853 0.55172247 0.27707851 0.17970686 0.39315274 0.40327895 -0.34572029 0.53170604 0.41974398 0.23463562 0.33060199 0.58767605 -0.51921463 0.61427718 0.57802457 0.176275 
0.41470775 0.08460693 -0.13795419 0.50333786 0.10463087 0.50330788 0.39464843 0.20264199 -0.1894834 0.46307498 0.21105953 0.56637174 0.35321003 0.29792389 -0.05091836 0.42948544 0.2871393 0.46395719 0.47508353 0.26537424 -0.18135923 0.54903138 0.27650219 0.18121256 0.39340505 0.40613285 -0.34201863 0.53472686 0.42113942 0.25318724 0.33063683 0.58922517 -0.45623091 0.62489587 0.57825857 0.24347782
0.42047474 0.08450911 -0.18939139 0.50460368 0.09953471 0.49019542 0.39521962 0.20304924 -0.25478658 0.46301964 0.20826843 0.55923659 0.35090932 0.29854518 -0.12012174 0.42758077 0.28649461 0.45954403 0.47379684 0.26516983 -0.18994454 0.54848015 0.27508974 0.18999368 0.39340359 0.40590927 -0.34319365 0.5356254 0.42102656 0.26217449 0.33057216 0.58915985 -0.44657704 0.62350738 0.57833415 0.28462434
0.4264597 0.08284007 -0.14360797 0.50932765 0.10064837 0.50144798 0.39593872 0.20045604 -0.2199354 0.46315733 0.20875563 0.5792225 0.35106468 0.29434636 -0.12209988 0.42690489 0.28673071 0.4837344 0.47569901 0.26256505 -0.19007292 0.54779899 0.27420506 0.19010739 0.39260182 0.39931476 -0.35067692 0.53889847 0.41966075 0.21775614 0.33035326 0.58878207 -0.46803638 0.62228227 0.57922143 0.15846162
0.43222487 0.08060925 -0.09727936 0.5165385 0.09901757 0.51799136 0.39838532 0.1946221 -0.17073599 0.47704378 0.20444673 0.61470282 0.34758684 0.28966251 -0.07388953 0.42210957 0.27973726 0.55286247 0.47489879 0.2606276 -0.18869595 0.54681879 0.27238718 0.18867169 0.39205652 0.39945906 -0.34671757 0.53501862 0.41945001 0.2016611 0.33002037 0.58822632 -0.47521746 0.62158144 0.57956463 0.12617092
0.43829754 0.07973203 -0.09711345 0.52772492 0.09994983 0.53083694 0.4003582 0.19146338 -0.17318994 0.48610201 0.20524333 0.63115466 0.34208447 0.28815576 -0.09051684 0.41533273 0.28040773 0.56810033 0.47389019 0.26096132 -0.18888372 0.54787499 0.27282134 0.18885939 0.39481777 0.40188104 -0.35545298 0.53560477 0.42123392 0.17409635 0.32916853 0.587834 -0.49374983 0.62102532 0.58075011 0.08410905
0.44593558 0.07919965 -0.09524973 0.53448433 0.09916592 0.54179478 0.40280724 0.19093367 -0.17248797 0.48402947 0.20508003 0.63480687 0.34261018 0.28842252 -0.08599587 0.41742891 0.28084829 0.5689283 0.47347081 0.26125619 -0.18942182 0.54739326 0.2730498 0.18942083 0.39479679 0.40298426 -0.39217854 0.53599977 0.42283857 0.21399173 0.32916489 0.58767742 -0.55412018 0.61352628 0.58091819 0.16935055
0.45305088 0.07320449 -0.06654551 0.54101706 0.09774715 0.54151446 0.40555748 0.18490618 -0.14533068 0.50472432 0.20302662 0.62796253 0.34503013 0.27842563 -0.07267686 0.42897162 0.28155926 0.56870878 0.47334498 0.26068491 -0.18704194 0.54703462 0.27292153 0.18691912 0.39115846 0.4018293 -0.38050956 0.53495574 0.41957074 0.19986789 0.33253723 0.58430219 -0.52667665 0.60859227 0.57975793 0.10282358
0.4573234 0.07178357 -0.05234879 0.53859073 0.09801617 0.55893457 0.40641212 0.18420382 -0.1326772 0.50020301 0.20337495 0.64194477 0.34537044 0.28022948 -0.07014022 0.42810529 0.28207445 0.58383882 0.47405136 0.26044551 -0.18654092 0.54230416 0.27285832 0.18638627 0.39097166 0.39899692 -0.47462344 0.53147155 0.4164263 0.24321164 0.33250487 0.58227605 -0.73466033 0.60741621 0.57730156 0.13476567
0.46161297 0.07227167 -0.05807588 0.54361922 0.09851649 0.55708331 0.40963233 0.18281342 -0.1352006 0.49736866 0.20344435 0.64692503 0.34558263 0.27684313 -0.08797783 0.42335343 0.27934244 0.59342146 0.47301355 0.26050046 -0.18663135 0.54237348 0.27299339 0.18647343 0.3891528 0.39861333 -0.43333104 0.5311076 0.41588053 0.16567869 0.33270034 0.58077639 -0.61678183 0.60103852 0.57679367 0.01942878
0.46897939 0.07215853 -0.05660706 0.54707348 0.09807543 0.54746902 0.41135556 0.18278465 -0.1370555 0.49560088 0.20329309 0.63519722 0.34471747 0.27565286 -0.08757336 0.42019185 0.278622 0.5776366 0.47180298 0.26047143 -0.18148005 0.54203779 0.27310392 0.18127345 0.38686204 0.39816043 -0.39263317 0.53079563 0.41534072 0.11116039 0.33329615 0.58046651 -0.59723586 0.6004076 0.57523781 -0.0617961 
0.47827968 0.07218925 -0.07539012 0.55368263 0.09824431 0.52445138 0.41487858 0.1834161 -0.13814229 0.49102488 0.20349047 0.60104626 0.34351698 0.27689454 -0.09068198 0.41837624 0.27798656 0.53164119 0.47152373 0.26054746 -0.1816704 0.53826803 0.27359009 0.18145879 0.38453409 0.39848521 -0.42828339 0.52347261 0.41448116 0.20606835 0.3301791 0.58117801 -0.62843049 0.59672022 0.57485867 0.11360537
0.48296911 0.07248011 -0.14202049 0.56618875 0.09828236 0.446576 0.41504589 0.1841478 -0.20381922 0.49894324 0.20364632 0.52560747 0.34227994 0.28377676 -0.14522526 0.42446104 0.27462465 0.47868133 0.46868259 0.26289207 -0.18091266 0.53866976 0.27748507 0.18065123 0.37999839 0.39995596 -0.3059361 0.52447265 0.41725239 0.20512938 0.32967621 0.58128136 -0.38187295 0.59700811 0.57449126 0.11435828
0.48867136 0.07299958 -0.1782756 0.57473582 0.09840516 0.41441783 0.41688031 0.18427484 -0.22037669 0.49954286 0.20425023 0.48160282 0.34005183 0.28423676 -0.14531961 0.42426285 0.27523094 0.42438808 0.46564704 0.26602247 -0.18001281 0.53821754 0.28031513 0.17974709 0.37833491 0.40545025 -0.27151507 0.5241859 0.42089552 0.21506731 0.33046538 0.58156371 -0.31214708 0.59315026 0.57451665 0.16592737
0.4981921 0.07333622 -0.16404046 0.57256627 0.09945067 0.44143364 0.42077366 0.18312588 -0.21379729 0.49336338 0.20417318 0.50762701 0.33107677 0.27880374 -0.14492065 0.40929857 0.27471882 0.43553039 0.46355078 0.26747766 -0.18022823 0.53292811 0.28144833 0.17995806 0.37739629 0.40842825 -0.28424272 0.51519716 0.42262724 0.21931952 0.33034956 0.58548063 -0.36354178 0.59317636 0.57430398 0.16288534
0.5004679 0.07214177 -0.09731799 0.5754934 0.10069888 0.49204203 0.42334634 0.18155427 -0.14993854 0.4926725 0.20389834 0.56905395 0.3307693 0.27459699 -0.0976541 0.40197089 0.27409866 0.52412939 0.46416825 0.26710659 -0.18197072 0.5333634 0.2812084 0.18153839 0.37548628 0.4083662 -0.27549061 0.50994205 0.42235029 0.21755418 0.33974952 0.58663613 -0.39116099 0.59355038 0.5742805 0.15709861
0.49979451 0.07221119 -0.08586411 0.58125395 0.10154679 0.49068388 0.42389214 0.18206479 -0.1241423 0.49334869 0.20255348 0.59374619 0.31724533 0.26986951 -0.05303149 0.39487293 0.25421974 0.60385466 0.46151108 0.26696888 -0.18203492 0.53306711 0.28102311 0.18162581 0.37474892 0.40812835 -0.27425167 0.51113462 0.42226675 0.21190488 0.33977669 0.58840477 -0.39894328 0.59361142 0.57485008 0.14796886
0.50284207 0.07318624 -0.1235096 0.578089 0.10273603 0.49633756 0.42540202 0.18401869 -0.16841809 0.49297693 0.20316246 0.59229088 0.32108691 0.27063254 -0.07449141 0.38442346 0.25807387 0.59586924 0.46238625 0.26686633 -0.19556698 0.53350735 0.28031152 0.19520399 0.3777554 0.4081611 -0.28387269 0.51140428 0.42223707 0.21117939 0.33987588 0.58842987 -0.37694228 0.59933567 0.57625222 0.16477111
0.50381887 0.07383659 -0.13125959 0.578457 0.10434023 0.50702351 0.42552614 0.18589763 -0.18404154 0.49282318 0.20365719 0.5971753 0.32814205 0.27371642 -0.0936261 0.38608432 0.26055679 0.57147223 0.46294013 0.2668145 -0.20523962 0.53382128 0.27984062 0.20494111 0.37887973 0.40842402 -0.29057273 0.51199967 0.4223128 0.21807593 0.33967051 0.5897541 -0.39499214 0.60300243 0.57677215 0.19998802
0.50480354 0.07416509 -0.1459551 0.57869208 0.10461097 0.49724793 0.42563093 0.18771437 -0.2047655 0.48933065 0.20345356 0.58525085 0.32872462 0.28160253 -0.12811099 0.38849476 0.26202947 0.5692836 0.46386591 0.26678839 -0.20589195 0.53384304 0.27926064 0.20558764 0.37907508 0.40830785 -0.28271672 0.51065075 0.42237344 0.21642864 0.3397463 0.58976936 -0.35522369 0.60764223 0.57816374 0.19307105
0.50456309 0.07428164 -0.14046764 0.57868063 0.10460666 0.51200294 0.4259226 0.18934032 -0.19897856 0.48866612 0.2034847 0.60316277 0.32926673 0.28527409 -0.12294396 0.39005545 0.26533437 0.5773313 0.46413657 0.26697925 -0.20786864 0.53256953 0.27858734 0.20750089 0.37960628 0.40793988 -0.28797096 0.5108313 0.421776 0.22334224 0.33959734 0.5896675 -0.37413055 0.60731572 0.57819289 0.20341277
0.50398499 0.07406189 -0.12924924 0.58107889 0.10480504 0.51937956 0.427275 0.1893833 -0.18716145 0.49008608 0.20349906 0.60495681 0.33338121 0.28417432 -0.10032511 0.39109242 0.26866281 0.57195997 0.46523932 0.2670275 -0.20642278 0.53365833 0.27853295 0.20605063 0.38069397 0.40773991 -0.28459579 0.51101178 0.42166284 0.23057161 0.33988589 0.58902657 -0.37565944 0.6070745 0.57800132 0.2116987 
0.50298971 0.07413801 -0.16713667 0.58154649 0.1042553 0.49615559 0.42751867 0.19058457 -0.21843092 0.48983464 0.20359462 0.58851683 0.33432323 0.28620252 -0.1210728 0.39070964 0.26934734 0.55111468 0.46556842 0.26701477 -0.20712699 0.53451282 0.27825552 0.2067651 0.38240752 0.40734288 -0.28453827 0.51340711 0.42154849 0.2380552 0.34026274 0.58855337 -0.34878537 0.60905433 0.57798755 0.23348628
0.50299799 0.07410906 -0.13501535 0.58221382 0.10456284 0.52702433 0.42767346 0.19059069 -0.18589845 0.48812404 0.20463824 0.61678582 0.33587238 0.28603733 -0.10392012 0.39078501 0.27231354 0.57197326 0.46615735 0.26716396 -0.20641065 0.53451151 0.27822602 0.2060466 0.38370508 0.40732208 -0.29060405 0.51335007 0.42141616 0.25027126 0.34032026 0.58854169 -0.36109748 0.61157525 0.57820958 0.25202635
0.50378257 0.07418194 -0.12858781 0.58509076 0.10439482 0.52632743 0.42798093 0.19055356 -0.18556742 0.49275026 0.20445997 0.61395139 0.33838341 0.2857461 -0.11177325 0.40511322 0.2745716 0.5779869 0.46656644 0.26709616 -0.20667498 0.53455615 0.27746582 0.20629048 0.3835758 0.40672827 -0.29607105 0.51264298 0.42000988 0.25736848 0.33949971 0.58863962 -0.38959131 0.60825813 0.57652456 0.26155308
0.50428629 0.07421586 -0.1307323 0.58597851 0.10437765 0.48139915 0.42901722 0.19016057 -0.1850621 0.49325839 0.2044616 0.56006402 0.34061688 0.28442013 -0.11643973 0.40856495 0.27736667 0.53358185 0.46866685 0.26706126 -0.19885251 0.5345453 0.27688992 0.19839619 0.3876619 0.40681413 -0.27589351 0.51274717 0.41957539 0.23367779 0.34074262 0.58893055 -0.37258425 0.6084916 0.5763768 0.20786631
0.50605583 0.07381177 -0.08327097 0.58545196 0.10482503 0.52823144 0.43124887 0.18732573 -0.15084004 0.49651331 0.20448288 0.58679503 0.34252056 0.28298625 -0.10399185 0.41577366 0.27935466 0.53832954 0.47110221 0.26696411 -0.1985601 0.53456408 0.27665666 0.19808516 0.38754892 0.40636274 -0.2770676 0.51279485 0.41920224 0.23794569 0.34082609 0.58891267 -0.39743322 0.609209 0.57600367 0.2252606 
0.50760645 0.07368953 -0.06736761 0.585325 0.1049227 0.52876788 0.43255329 0.18728586 -0.13607614 0.49753439 0.20490582 0.5873189 0.34516862 0.28223196 -0.09477119 0.41690978 0.28155929 0.53431726 0.47314674 0.26687652 -0.19700807 0.53430945 0.27637008 0.19649602 0.38750106 0.40557212 -0.27870399 0.51230222 0.41871613 0.23413825 0.34065303 0.58887994 -0.40930411 0.60660934 0.5740307 0.22286183
0.50731689 0.07377905 -0.07932509 0.58600616 0.10480642 0.52643847 0.43240106 0.18792653 -0.14340457 0.49741295 0.20480809 0.58762425 0.34615993 0.28222463 -0.09571495 0.41952935 0.28168771 0.53669947 0.47330135 0.26677358 -0.19725499 0.53441906 0.27632692 0.19675274 0.38637692 0.40481618 -0.28141272 0.51233125 0.41845897 0.22954021 0.34002963 0.58848912 -0.39880425 0.60486805 0.57379448 0.22099341
0.50709355 0.07379962 -0.08041006 0.58595985 0.10449206 0.53223908 0.4326039 0.18745269 -0.14704254 0.49731439 0.20398222 0.59596109 0.34681049 0.2814762 -0.09320326 0.4207778 0.28127927 0.54669368 0.47343165 0.26646858 -0.19774412 0.53443533 0.27618563 0.19724798 0.38530695 0.40415001 -0.2863552 0.51164937 0.41804552 0.22110224 0.33897147 0.5884276 -0.40591183 0.60427409 0.57383317 0.19456601
0.50696373 0.07381048 -0.08385199 0.57821077 0.10418517 0.53612018 0.43256557 0.18745661 -0.15070598 0.4987559 0.20333754 0.5963999 0.3471958 0.28147131 -0.09601355 0.42767474 0.28200567 0.54627723 0.47396287 0.26643327 -0.19959196 0.53477669 0.27617887 0.19912206 0.38421807 0.40387645 -0.28670409 0.51132393 0.4180468 0.21991676 0.33787838 0.5881511 -0.38812459 0.60383219 0.57476115 0.19553888
0.50679451 0.0736528 -0.08562957 0.57798439 0.10288214 0.55427158 0.4326244 0.18744938 -0.15424809 0.4995355 0.202556 0.60399079 0.34744203 0.28159997 -0.09624273 0.43092319 0.28403366 0.54639548 0.47439632 0.26644421 -0.20121284 0.53526568 0.27648717 0.20076922 0.37392488 0.41596311 -0.28494662 0.51132786 0.41826087 0.22652283 0.33654371 0.58814561 -0.36897588 0.60383272 0.57605934 0.22100969
0.50595391 0.0732202 -0.17189905 0.5846355 0.10150116 0.47911659 0.43218908 0.18818164 -0.24002448 0.50256711 0.20226501 0.54003811 0.34664237 0.28503323 -0.15803525 0.43334812 0.28568235 0.50581539 0.47447827 0.26703909 -0.20199651 0.53928912 0.27796516 0.20160618 0.37406236 0.41090205 -0.2637504 0.51692349 0.41892815 0.23412366 0.33499414 0.58813614 -0.29051432 0.60869753 0.57815331 0.25360197
0.50507194 0.07334485 -0.19672033 0.58862054 0.10153816 0.45428634 0.43114087 0.18976045 -0.26039082 0.50260037 0.20227988 0.52599239 0.34267944 0.28722695 -0.17872363 0.43318677 0.28542322 0.49586481 0.47448108 0.26799601 -0.20208974 0.54171157 0.27909943 0.20171829 0.37491193 0.40860644 -0.26233953 0.51950049 0.41916564 0.2364877 0.33473417 0.58799487 -0.29287812 0.61117703 0.57873476 0.25238749
0.50446403 0.07340221 -0.2117078 0.58846927 0.10013373 0.4477849 0.43112078 0.19048923 -0.27402663 0.50423336 0.20193624 0.52737278 0.3420755 0.28795597 -0.19016245 0.43208292 0.28346995 0.50550389 0.47458175 0.26808548 -0.2046566 0.5427227 0.27906018 0.20434524 0.37526569 0.40689659 -0.26562023 0.52086675 0.4193013 0.23864311 0.33474007 0.58798975 -0.2990984 0.61234498 0.57904917 0.26077297
0.50295568 0.07328479 -0.19319434 0.58848673 0.09966687 0.46032983 0.43117201 0.19032508 -0.24968584 0.50708401 0.20137466 0.53360909 0.34208468 0.28606325 -0.17815186 0.43561289 0.28333622 0.50584555 0.47492754 0.26806977 -0.20560217 0.54467541 0.27901763 0.20529152 0.37629688 0.40599215 -0.26561841 0.52250779 0.41985586 0.23883498 0.33474132 0.5879544 -0.30634463 0.6129905 0.57938784 0.25755283
0.50096464 0.072983 -0.19115937 0.58844507 0.09885754 0.46101767 0.43138069 0.18856567 -0.25076324 0.50576156 0.20038566 0.54064453 0.34353796 0.28366187 -0.1665362 0.43441355 0.2821053 0.51155919 0.47500527 0.26805413 -0.20968872 0.54451704 0.27897194 0.20942529 0.37732869 0.40578857 -0.26685739 0.52257198 0.42000139 0.23375027 0.33475196 0.58795059 -0.30560037 0.61333746 0.58031076 0.25710878
0.49749926 0.07272061 -0.19770096 0.5856576 0.09772896 0.46877277 0.43084478 0.18905364 -0.25111353 0.5031392 0.20018835 0.54118997 0.34354663 0.28319734 -0.15269168 0.43340951 0.28209081 0.50657004 0.47515902 0.26806036 -0.21035372 0.54450107 0.27889189 0.21011136 0.37868881 0.40574422 -0.26611683 0.52334368 0.42001808 0.23265356 0.33461007 0.58796471 -0.29157993 0.61467409 0.58058923 0.25401932
0.49102575 0.07405376 -0.22616869 0.58120567 0.09783193 0.45485988 0.42769188 0.19237582 -0.28359604 0.50713956 0.19961448 0.52746564 0.34337884 0.28417024 -0.16674565 0.43398765 0.28121778 0.50273573 0.47414103 0.26929235 -0.21220779 0.54423922 0.27896091 0.21194065 0.38020605 0.40805787 -0.25709802 0.52393448 0.42011157 0.26179767 0.33447567 0.58825099 -0.28561485 0.61274016 0.57927889 0.32949039
0.48292616 0.07437371 -0.24100018 0.56515831 0.09822059 0.44336471 0.42511034 0.19520687 -0.29030561 0.50695753 0.19975044 0.50044191 0.34311229 0.284962 -0.16783577 0.44280311 0.28485206 0.4638249 0.47412133 0.27086291 -0.21389239 0.54254502 0.27937537 0.213654 0.38030869 0.40838528 -0.25618011 0.5238843 0.4207525 0.28326118 0.3356272 0.58815676 -0.28165942 0.61205858 0.57882428 0.37104541
0.47309053 0.07406843 -0.23244518 0.55102718 0.09535303 0.45223409 0.4234646 0.19614199 -0.27655631 0.51357925 0.19968776 0.50697434 0.34834611 0.28515917 -0.13505347 0.44983584 0.2859574 0.51482832 0.47525206 0.27084827 -0.22094531 0.54252064 0.27903759 0.22064066 0.38159403 0.40824816 -0.28326634 0.52009928 0.42112008 0.32424358 0.33978096 0.58815229 -0.33324853 0.6108157 0.57621104 0.43081021
0.45158547 0.07816712 -0.29536194 0.53290468 0.09476735 0.41075769 0.4110893 0.20506628 -0.33261868 0.51304322 0.19977865 0.45696071 0.34710354 0.30357251 -0.16985902 0.44739464 0.29187524 0.4386183 0.47539192 0.27495277 -0.22001924 0.547436 0.28179774 0.21970299 0.38379636 0.4113172 -0.20762937 0.52972966 0.42458239 0.30149317 0.34220284 0.58829838 -0.1607953 0.61432862 0.5781185 0.38704678
0.44551852 0.07917111 -0.09885839 0.51875824 0.10572331 0.55052704 0.40706035 0.21009524 -0.1956404 0.50412327 0.21169393 0.57888043 0.34694558 0.31017855 -0.14911017 0.44590038 0.30008215 0.53415793 0.4819445 0.27454489 -0.20619848 0.55855364 0.28196362 0.20563056 0.38379475 0.40472132 -0.25398308 0.53977889 0.42450982 0.29464158 0.34186772 0.58787316 -0.39811608 0.61435378 0.57840157 0.23363478
0.41937348 0.08102285 -0.11771948 0.50052232 0.10964598 0.52933168 0.39652866 0.21275879 -0.18474512 0.49169126 0.21345912 0.56735295 0.34590238 0.31015676 -0.09064627 0.43809742 0.3040897 0.51844811 0.49074781 0.27412903 -0.20528631 0.56221741 0.28140864 0.20467508 0.38453558 0.39717025 -0.31288821 0.54352933 0.4228346 0.32118431 0.33213273 0.58464658 -0.44809443 0.61175662 0.57840347 0.31843704
0.40893605 0.08102617 -0.04467859 0.46172363 0.11739535 0.58273029 0.3849206 0.21315193 -0.14517443 0.46463349 0.22062297 0.58757329 0.34611318 0.31828684 -0.10394177 0.42027825 0.32507479 0.53315026 0.5166871 0.27252236 -0.20533761 0.56136924 0.28137642 0.20474237 0.38838643 0.39624703 -0.4746604 0.54313391 0.42279428 0.42777109 0.33167371 0.58466321 -0.72857773 0.61450779 0.57725519 0.55421907
0.40476885 0.09528275 0.02092021 0.44253784 0.14822397 0.57248962 0.38517028 0.22757465 -0.10115845 0.43189025 0.24692039 0.57340938 0.34891635 0.32901192 -0.10958634 0.38745883 0.3574999 0.47905985 0.54482293 0.26829049 -0.18923542 0.56096905 0.28490549 0.18866615 0.39779019 0.39127854 -0.48000947 0.55759549 0.42522919 0.29770344 0.32946467 0.58301067 -0.77604353 0.61541122 0.57793117 0.2642073 
0.38987136 0.11039011 -0.00442364 0.44188389 0.15704779 0.55639482 0.38244617 0.24020092 -0.11626165 0.42566583 0.25557098 0.54777366 0.35131374 0.34259048 -0.11277543 0.38788339 0.34925902 0.46514064 0.55592269 0.26845858 -0.18448246 0.57824701 0.288892 0.18396939 0.40522239 0.3927373 -0.48406795 0.57898468 0.42642826 0.22803187 0.32958722 0.58269233 -0.7812022 0.62929934 0.57866269 0.16565934
0.39793313 0.14418568 0.09569848 0.44946265 0.17952649 0.60302639 0.3769502 0.26009092 -0.0268815 0.41773465 0.26701418 0.56286514 0.3520698 0.37077016 -0.02217928 0.38870367 0.3463836 0.46704829 0.56979448 0.27113417 -0.17354737 0.61032152 0.29463106 0.17295246 0.40364069 0.39466402 -0.33102697 0.57870668 0.43225178 0.21497928 0.32521245 0.58476007 -0.59091896 0.6266551 0.58030593 0.15082273
0.40592274 0.16816746 0.03616428 0.42938519 0.20743328 0.52884185 0.41020024 0.28951219 -0.07575486 0.43134966 0.31084365 0.46010172 0.35665417 0.3961021 -0.0534622 0.43580735 0.40687582 0.36158994 0.59205282 0.28388131 -0.16891183 0.61740446 0.30867544 0.16859245 0.40237251 0.39500305 -0.29677776 0.57266539 0.43886337 0.27311093 0.32185414 0.58445984 -0.44799012 0.61125088 0.57835233 0.30374226
