0.45174262 0.38044813 -0.5131427 0.35716057 0.41283199 0.07817879 0.54876965 0.52138942 -0.49606001 0.42730954 0.52247024 0.13382998 0.59073544 0.65191418 -0.43205529 0.42742476 0.63180107 0.10755771 0.76526141 0.4683055 -0.18358873 0.66949904 0.47936362 0.18392113 0.48597187 0.55935591 -0.24793394 0.44779706 0.56840879 0.2119458 0.60294932 0.70711774 -0.05160644 0.58095902 0.68865943 0.28485519
0.45126593 0.38029686 -0.51512772 0.35768428 0.41271046 0.07489298 0.54644364 0.5219484 -0.50996482 0.42741022 0.52181369 0.13179442 0.59079254 0.65218562 -0.43974888 0.42712292 0.63115603 0.10635551 0.7646243 0.47045267 -0.18446615 0.66895807 0.47971258 0.18470618 0.48106927 0.56098807 -0.24849656 0.44328448 0.5694676 0.2114699 0.60140413 0.70665455 -0.03857742 0.57998109 0.68926805 0.29882768
0.450804 0.38018462 -0.50986755 0.35809922 0.4116728 0.07960586 0.54279119 0.52180952 -0.500471 0.42874032 0.52152711 0.13881868 0.59045315 0.65089327 -0.42395464 0.42749545 0.63055521 0.12230051 0.76417428 0.47188249 -0.18320318 0.66859913 0.48097765 0.18341273 0.48226029 0.56125301 -0.24890855 0.4442625 0.57008636 0.19817105 0.60140949 0.70664424 -0.04210262 0.58026564 0.68780524 0.27269968
0.45011181 0.38162798 -0.51570153 0.35844371 0.41120562 0.09865012 0.54256165 0.52129775 -0.50463933 0.42957389 0.51916927 0.16357972 0.59049863 0.65007555 -0.43352801 0.42740864 0.63001126 0.13741705 0.76408452 0.47241324 -0.18721557 0.66833937 0.48078457 0.18740103 0.48400411 0.56130433 -0.253131 0.44380108 0.56998992 0.2194937 0.59546387 0.71273577 -0.06051165 0.5736227 0.68852693 0.28085297
0.45030141 0.38168213 -0.53835016 0.3584958 0.41088343 0.09216435 0.54097015 0.52205646 -0.52922726 0.42995489 0.51683199 0.16018066 0.58975863 0.65002567 -0.44684204 0.42679518 0.62994182 0.12750363 0.76377869 0.47267896 -0.19374582 0.66801345 0.4806968 0.19391745 0.48497805 0.56120801 -0.28762531 0.44478291 0.57039416 0.22627439 0.59546703 0.714468 -0.11244386 0.57373208 0.68870223 0.28091949
0.45065439 0.38218233 -0.5383172 0.35866904 0.41040182 0.09012398 0.54167938 0.52313095 -0.52778208 0.43079564 0.51619142 0.15696444 0.58974653 0.65140986 -0.44400173 0.42682382 0.62893772 0.12391246 0.76351762 0.47358328 -0.19362856 0.66691667 0.4809151 0.19380437 0.48580086 0.56114346 -0.28259087 0.44533166 0.57227474 0.22845122 0.59308761 0.71261191 -0.09900594 0.57193112 0.68902707 0.2819086 
0.45093912 0.38293913 -0.53506738 0.35870498 0.41008833 0.08796148 0.54242164 0.52318352 -0.52138942 0.43179739 0.51595789 0.1532844 0.58960676 0.65129077 -0.44254634 0.42678189 0.62821114 0.12094991 0.76335716 0.47389692 -0.19356659 0.66665709 0.48098034 0.19374967 0.48646551 0.56032455 -0.28785208 0.44581747 0.57217425 0.22730964 0.59223348 0.71140206 -0.11853369 0.57199711 0.68863368 0.27700233
0.45099869 0.38333499 -0.53221947 0.35894936 0.40962937 0.08656685 0.54234594 0.52472341 -0.51795477 0.43178648 0.51554567 0.15113279 0.58956611 0.65122253 -0.44046566 0.42626709 0.62816405 0.11960673 0.76323766 0.47428277 -0.19350922 0.66655344 0.48094609 0.19368356 0.48691434 0.56026357 -0.28476247 0.4461385 0.57198733 0.22529364 0.59244651 0.71375638 -0.10781752 0.57217509 0.68936712 0.27499643
0.45176136 0.38324636 -0.53239578 0.35907838 0.40898624 0.07972625 0.54275966 0.52501547 -0.5180788 0.4317801 0.51529622 0.13191369 0.58965707 0.65110707 -0.44142818 0.4261792 0.62808239 0.10351739 0.76309246 0.47410595 -0.19344799 0.66632634 0.48092061 0.19362697 0.48722821 0.56008893 -0.29279274 0.44506761 0.57088763 0.22008547 0.59118581 0.71417499 -0.13253108 0.57161289 0.6894998 0.25896072
0.45193911 0.38310891 -0.51890522 0.35861611 0.40549543 0.07961995 0.5430733 0.52464175 -0.50932926 0.43156776 0.51286578 0.13153683 0.58957779 0.65093082 -0.43447459 0.426162 0.62687844 0.10433011 0.76299036 0.47407314 -0.19125161 0.66620862 0.48068628 0.19144933 0.48615643 0.5600692 -0.2519176 0.44410756 0.56926322 0.2195165 0.5896945 0.70918542 -0.04724539 0.571468 0.68706167 0.29209429
0.45207277 0.38302711 -0.49558026 0.35867858 0.4023641 0.0855883 0.54318511 0.52442688 -0.48671532 0.43101582 0.51123506 0.13559809 0.58956403 0.6508047 -0.41237694 0.42620113 0.62554061 0.11816196 0.76282871 0.47408903 -0.18702044 0.66650194 0.4805125 0.18726167 0.48482531 0.56008154 -0.23041847 0.44370005 0.56819177 0.20432225 0.58983052 0.70578021 -0.00922228 0.57154101 0.68580884 0.29595369
0.45216557 0.38299054 -0.49021244 0.3597863 0.40175137 0.08536122 0.54333293 0.52443099 -0.48002845 0.43101069 0.51091707 0.13566522 0.5887053 0.65130311 -0.40853745 0.42676273 0.62486744 0.11809958 0.76270407 0.47396442 -0.18172589 0.66661489 0.48049399 0.18197462 0.4846462 0.56008327 -0.23836195 0.44380331 0.56811583 0.18638916 0.59189028 0.70475614 -0.0301665 0.57433194 0.68445432 0.27515507
0.45227501 0.38238564 -0.49549109 0.36131087 0.40178105 0.08267176 0.54340917 0.52430081 -0.48594803 0.4316951 0.51091695 0.13958578 0.58773541 0.65136951 -0.4144828 0.42682001 0.62405497 0.11820386 0.76262397 0.47389084 -0.18177201 0.66665703 0.48054323 0.18200034 0.48480201 0.56037235 -0.24235326 0.44412285 0.56811464 0.18151361 0.59219068 0.70553297 -0.03534946 0.5752449 0.68404198 0.27561611
0.45230848 0.38204157 -0.50395042 0.36194214 0.40186089 0.08747187 0.54352909 0.52424896 -0.48622549 0.43167943 0.51055211 0.16775526 0.58608878 0.65141034 -0.41378173 0.42678103 0.62365538 0.14871193 0.76233321 0.47391874 -0.18345883 0.66690636 0.48063812 0.18366788 0.48475838 0.56138331 -0.23753572 0.44495293 0.56889784 0.20958184 0.59396744 0.7015835 0.02347039 0.57690734 0.68403238 0.34042624
0.45240426 0.38201576 -0.50555027 0.36243549 0.40197977 0.08730734 0.54362655 0.52444947 -0.48683184 0.43167114 0.51055837 0.16346262 0.58480507 0.65198576 -0.41048089 0.42672485 0.62363374 0.14431112 0.76211804 0.47386929 -0.18329251 0.66677457 0.48061988 0.18350522 0.48460913 0.56204933 -0.22523573 0.4459298 0.56980056 0.21118031 0.59396988 0.70206702 0.02321216 0.57710934 0.68450373 0.33215848
0.45298785 0.38110319 -0.50680548 0.36286837 0.40203851 0.08677871 0.54367054 0.52411735 -0.48778036 0.43159685 0.51084226 0.16117591 0.58384216 0.65212572 -0.41159344 0.42513135 0.62448114 0.14187884 0.76172739 0.4738178 -0.18320301 0.666749 0.4806712 0.18340717 0.48441234 0.56249064 -0.22147918 0.44578975 0.56976599 0.2109288 0.59401888 0.70005608 0.0574003 0.57959253 0.68417543 0.33495772
0.45528117 0.37938538 -0.50759703 0.3640238 0.40208134 0.08249225 0.54389137 0.52187544 -0.48898298 0.43158993 0.51068538 0.16034052 0.58189005 0.64991266 -0.41438037 0.42197549 0.62451786 0.13990662 0.76163346 0.47377411 -0.18327488 0.66680843 0.48091602 0.18348137 0.48476189 0.56187326 -0.22404541 0.44711295 0.56971771 0.22003159 0.59356964 0.69858426 0.02864495 0.57954985 0.68431699 0.33777055
0.45653781 0.37725148 -0.50822628 0.36515573 0.40198383 0.07635134 0.54394633 0.52042001 -0.48747277 0.43152255 0.51004571 0.15935399 0.58133364 0.64885658 -0.41545454 0.41817859 0.62373346 0.1383875 0.76139337 0.47373945 -0.18185328 0.66679323 0.48097366 0.18200502 0.48430368 0.56166881 -0.22423631 0.44713822 0.56960362 0.21478492 0.59015161 0.69924521 0.01700871 0.57948381 0.68413472 0.33268785
0.45653766 0.37696949 -0.50726753 0.36578941 0.40193969 0.0768717 0.54400063 0.51857007 -0.48350549 0.43151003 0.50940633 0.16451681 0.57976258 0.64702964 -0.41035262 0.4170751 0.62196577 0.14149751 0.76056784 0.47372541 -0.18177864 0.66677922 0.48096663 0.18191847 0.48413289 0.56090713 -0.22589584 0.44735277 0.56886542 0.21453772 0.58944213 0.69954681 0.00833449 0.57936609 0.68455291 0.32772127
0.45668322 0.37601697 -0.51133877 0.36572638 0.40132803 0.0771379 0.54406452 0.5158338 -0.4856672 0.43144494 0.50772744 0.16835868 0.57879555 0.64668018 -0.41319475 0.41625506 0.62045968 0.14542489 0.75954157 0.4735322 -0.18329956 0.66676849 0.48090538 0.18343572 0.48411074 0.56087953 -0.22710021 0.44756705 0.56886119 0.22003919 0.58728015 0.69979221 0.02393314 0.57864654 0.68539065 0.35016018
0.45673731 0.37543634 -0.50728345 0.36575401 0.39969742 0.07267708 0.54409587 0.51578033 -0.47989944 0.43124324 0.50548118 0.16063835 0.57808548 0.64656597 -0.41393521 0.41575232 0.61843777 0.13691016 0.75826699 0.47124639 -0.1817876 0.66510791 0.47937825 0.18194872 0.48756218 0.56055313 -0.23245417 0.44866318 0.56761718 0.21961002 0.58660477 0.7001096 -0.02488066 0.57617944 0.68497533 0.31943452
0.45676535 0.37519655 -0.51485479 0.36574963 0.39745361 0.07270487 0.54409271 0.51543981 -0.48419222 0.43083143 0.50408894 0.16138653 0.57781351 0.64545214 -0.42261514 0.41469887 0.61509967 0.13673586 0.75703388 0.47012663 -0.18338268 0.66436589 0.47766116 0.18354727 0.48927426 0.56020314 -0.25145978 0.44912973 0.56561309 0.22246948 0.5849179 0.70246893 -0.06908926 0.57431942 0.6849013 0.3090274 
0.45742381 0.37521699 -0.52183837 0.36580792 0.3968243 0.0728769 0.54412091 0.51552349 -0.49210918 0.43038934 0.50341207 0.1625946 0.57710814 0.64507091 -0.4270871 0.4138957 0.61302626 0.13685519 0.75695342 0.46900886 -0.1846602 0.6643554 0.47629231 0.18482912 0.49124542 0.55902267 -0.25770372 0.44968954 0.56420255 0.22680365 0.58420181 0.70284522 -0.06896013 0.57296038 0.68445212 0.30886719
0.4580937 0.37520367 -0.52168155 0.36584073 0.39667156 0.06641378 0.54412812 0.5151301 -0.49213177 0.42975643 0.50302488 0.15873215 0.57577068 0.64362073 -0.42772323 0.41370168 0.61120069 0.12605155 0.75667661 0.46741456 -0.18363903 0.66223526 0.47459269 0.1837901 0.49374786 0.55739665 -0.26324591 0.45009923 0.5629307 0.22600213 0.58175009 0.70458519 -0.0947956 0.5673961 0.68203032 0.28789636
0.45851475 0.37436125 -0.51885742 0.36593184 0.39573213 0.06301057 0.54417312 0.51455939 -0.48890296 0.42887303 0.50228471 0.15303284 0.57448345 0.64099103 -0.42763606 0.41367596 0.61105698 0.1142468 0.75627357 0.46487695 -0.18233669 0.66155535 0.47333875 0.18251118 0.49523756 0.55681312 -0.28396824 0.45022383 0.56249452 0.21482895 0.58027732 0.71196157 -0.14504924 0.56612468 0.68193263 0.23958392
0.45858303 0.37324053 -0.51270914 0.36585173 0.39481041 0.06351379 0.54415447 0.51305062 -0.48183668 0.42810568 0.50079095 0.15490593 0.57341671 0.63838512 -0.41702747 0.41334105 0.61119479 0.12234371 0.75551587 0.46376732 -0.17850675 0.66137767 0.47331521 0.17873499 0.49507797 0.55680925 -0.27684674 0.45023277 0.56139886 0.20546891 0.57996029 0.71153927 -0.11172358 0.56623679 0.68200088 0.25119236
0.45861515 0.37177208 -0.51908356 0.36455154 0.39249438 0.04971708 0.54415488 0.5131231 -0.48385885 0.42760652 0.49866924 0.14836766 0.5734964 0.63824564 -0.41223833 0.41343024 0.60960931 0.12244663 0.75435531 0.46336651 -0.17683664 0.65892041 0.47200012 0.17710662 0.49376819 0.55676097 -0.2405562 0.44683129 0.55879229 0.19665949 0.58068687 0.70363533 -0.00389743 0.56751692 0.68021435 0.28819302
0.45861727 0.36969292 -0.51898777 0.36368719 0.39105991 0.05173264 0.54386008 0.51047862 -0.48422077 0.42644832 0.49743146 0.14570577 0.57117754 0.63449264 -0.41716701 0.41295719 0.60998619 0.12179122 0.75413865 0.46146634 -0.17701945 0.65805221 0.47051632 0.17728165 0.49653366 0.55673534 -0.2566888 0.44740498 0.55856913 0.19646411 0.58250338 0.70513409 -0.06331079 0.56760329 0.67998528 0.2694737 
0.45697701 0.36604035 -0.51327646 0.36383769 0.38832939 0.06787339 0.54350054 0.50621909 -0.4786599 0.42593664 0.49569225 0.17032403 0.57520837 0.63119203 -0.39507335 0.41299549 0.61001283 0.16356517 0.75388384 0.4602752 -0.17666148 0.65809125 0.46896803 0.17697507 0.49544752 0.55674684 -0.2130623 0.44785389 0.55771136 0.21002649 0.58291239 0.70425248 0.03167219 0.56733739 0.6823017 0.32022017
0.45674047 0.36211067 -0.51775914 0.36294061 0.38606137 0.05231692 0.54325581 0.50116831 -0.47949949 0.42507675 0.49413478 0.16998084 0.57773244 0.62911057 -0.39558142 0.41302669 0.608576 0.15751491 0.75207233 0.45829958 -0.1749686 0.65640169 0.4675498 0.17528404 0.4953298 0.55665916 -0.20819728 0.44792783 0.55765128 0.20597862 0.5831176 0.70428193 0.04359506 0.57002378 0.68128914 0.32802245
0.45701188 0.36198601 -0.54495418 0.36268723 0.38388714 0.05357048 0.54320192 0.50065261 -0.50783163 0.42307264 0.49251783 0.17298682 0.57851839 0.62572831 -0.41457951 0.41304511 0.6051805 0.16844299 0.75067753 0.45575804 -0.18005434 0.65416366 0.46360692 0.18035536 0.4980436 0.55659282 -0.20943539 0.4479568 0.55678171 0.23802254 0.58182698 0.70322096 0.01717229 0.56651163 0.68190724 0.35220051
0.45808738 0.36004165 -0.55890632 0.36296222 0.38280898 0.04146243 0.54311603 0.50038594 -0.52144265 0.4225668 0.49224758 0.16294257 0.57975876 0.62504441 -0.43275443 0.41287166 0.60516626 0.16377874 0.75055093 0.45314053 -0.1800811 0.65364516 0.46111041 0.18038923 0.50025851 0.55554831 -0.21226333 0.44795999 0.55272943 0.24798262 0.58077949 0.69849509 0.05290937 0.56428379 0.6788668 0.38458687
0.45749506 0.35490721 -0.55198121 0.36279422 0.37924623 0.04404008 0.54259074 0.49601933 -0.51897585 0.42215216 0.4888579 0.16275001 0.57971978 0.62088698 -0.42221928 0.4129526 0.59968543 0.16028178 0.74900073 0.44985273 -0.17924665 0.6515739 0.45755783 0.17955719 0.50014746 0.55637163 -0.21636249 0.44765976 0.55243105 0.24186568 0.5812732 0.70827115 0.03073347 0.56192356 0.68230247 0.36918154
0.45752174 0.35120854 -0.54761642 0.3623583 0.37589428 0.04468863 0.54172617 0.49311644 -0.51615512 0.42047319 0.48433584 0.1626634 0.57905006 0.6178351 -0.43068177 0.41207495 0.59985739 0.15849614 0.74697524 0.44572031 -0.17988178 0.64950013 0.45473632 0.18021166 0.50276411 0.55633771 -0.24656013 0.44759384 0.55238169 0.22838192 0.58127058 0.70875448 -0.03992722 0.56219316 0.68535113 0.30743316
0.45784104 0.34829509 -0.52284408 0.36020955 0.36808011 0.03035768 0.54052073 0.48888481 -0.48197389 0.41986597 0.47703737 0.1379872 0.57864887 0.61441916 -0.38810757 0.41361165 0.59254527 0.14865059 0.74493331 0.44213435 -0.16273411 0.64684993 0.45108855 0.16315132 0.50247025 0.55663306 -0.19865713 0.44763121 0.5574407 0.202363 0.58291501 0.70679367 0.04975108 0.56313252 0.6911065 0.29919264
0.45759678 0.34633654 -0.51902252 0.36024097 0.36471874 0.00648513 0.54047024 0.48864189 -0.47337094 0.4194257 0.47469938 0.10982789 0.57862556 0.61139894 -0.37559822 0.41379693 0.58859867 0.11978428 0.74436516 0.4400765 -0.15376687 0.64682239 0.4468132 0.15421623 0.50226223 0.55663586 -0.17102456 0.44818524 0.55672365 0.19291309 0.58738881 0.70758784 0.09280148 0.56370491 0.69063878 0.30106941
0.45810628 0.34477356 -0.51985031 0.36052418 0.36111608 -0.00516606 0.54049718 0.48570964 -0.47513846 0.4192909 0.47233912 0.10079643 0.57863158 0.6090467 -0.37388349 0.41423544 0.5860135 0.11484202 0.7439068 0.43816233 -0.15107818 0.64705443 0.44453335 0.15152422 0.5020811 0.55686396 -0.16451719 0.44847894 0.5559485 0.1948617 0.58704519 0.70623904 0.09529156 0.56239986 0.69117743 0.30232394
0.45773694 0.33819914 -0.50749689 0.3605462 0.35863143 0.00493755 0.54019994 0.48145148 -0.46351433 0.41989997 0.47023183 0.10699191 0.57853645 0.60510063 -0.36831999 0.41464847 0.58390707 0.1177912 0.7441209 0.43575013 -0.14864026 0.64724118 0.44292486 0.14910282 0.50590897 0.55272377 -0.17458841 0.45479733 0.55422938 0.19430825 0.58752865 0.70692432 0.07219924 0.56251132 0.69429719 0.28628847
0.45945421 0.33412895 -0.50813884 0.36080718 0.35500896 -0.00942354 0.54063094 0.47750917 -0.46664762 0.41966823 0.46688122 0.09405075 0.5785867 0.59870034 -0.37470472 0.41479146 0.5820244 0.09616952 0.74418789 0.43297607 -0.14831108 0.64731097 0.4390541 0.14877273 0.50764591 0.55359328 -0.17420116 0.45812589 0.55464822 0.1919305 0.59467429 0.70729387 0.07326078 0.56514049 0.69922632 0.28415498
0.45944726 0.33187684 -0.50422609 0.36120564 0.35059929 -0.00823314 0.54076427 0.47201011 -0.45741838 0.41956228 0.46186292 0.09426976 0.57893944 0.59394699 -0.36808729 0.41480443 0.57773054 0.09987001 0.74424797 0.4294768 -0.1471218 0.64740157 0.43544987 0.14760537 0.51284122 0.55473691 -0.16359952 0.4628337 0.55446529 0.19265078 0.59411889 0.71942228 0.06412365 0.56230825 0.69794065 0.27414083
0.45867172 0.32769567 -0.49853283 0.36222428 0.34755105 0.03296213 0.54070354 0.46649584 -0.45411727 0.42044351 0.45871985 0.15547776 0.5800606 0.58608317 -0.35953248 0.41476759 0.57403171 0.15888683 0.74432755 0.42838275 -0.14991514 0.64746046 0.43379462 0.15043953 0.51645207 0.55570066 -0.16766107 0.46738204 0.55461711 0.19352208 0.59385431 0.72843021 -0.002492 0.5591895 0.69788605 0.26467383
0.45869601 0.32468975 -0.48302498 0.36311731 0.34495005 0.03804651 0.54070526 0.46172088 -0.43851104 0.42185351 0.45867357 0.15201806 0.58004642 0.58088952 -0.35058305 0.41490203 0.57377046 0.15488791 0.74475151 0.42642888 -0.15099007 0.6479156 0.43128106 0.15149304 0.52227443 0.55339426 -0.17257242 0.46967301 0.55344963 0.19100113 0.59211099 0.72955972 -0.02203853 0.55528784 0.6975019 0.24453266
0.45947519 0.3217589 -0.47450131 0.36346346 0.33743033 0.05015281 0.54083467 0.45927748 -0.4292461 0.42337179 0.4522877 0.16360962 0.57973844 0.57653499 -0.33933687 0.41537514 0.5666272 0.16918331 0.74444008 0.42639175 -0.15149511 0.64799082 0.42928687 0.15205514 0.52432793 0.55346262 -0.17772384 0.47257325 0.55304307 0.17636703 0.59177768 0.73081291 -0.03470174 0.55570143 0.6996237 0.23554873
0.46088719 0.31600684 -0.47973192 0.366036 0.33041802 0.05089252 0.54205918 0.45174843 -0.43613121 0.42483556 0.44710764 0.16473266 0.57964289 0.56932777 -0.34554774 0.41823441 0.56042808 0.16345774 0.74289584 0.42388004 -0.15370288 0.64764905 0.42592227 0.15424146 0.52728003 0.55131972 -0.21299763 0.47490233 0.55179095 0.15555125 0.59155709 0.72878081 -0.07865416 0.55601823 0.69909686 0.20818354
0.46121684 0.30958211 -0.4416191 0.36852002 0.32810929 0.08072873 0.54341215 0.44254097 -0.4101328 0.42753023 0.44646594 0.18291797 0.5800187 0.56105548 -0.33637336 0.41864175 0.55837303 0.1670267 0.74208724 0.41938919 -0.15493786 0.64782912 0.42329797 0.15549891 0.53241807 0.55151862 -0.23828758 0.48371598 0.55056942 0.1368143 0.59359789 0.72840285 -0.13569196 0.56030202 0.70308018 0.15325424
0.46537679 0.30860883 -0.45146254 0.37345263 0.31944531 0.06979331 0.54674727 0.44051096 -0.41587889 0.42823833 0.44227251 0.18376878 0.58002079 0.55781496 -0.34336603 0.41841343 0.55329722 0.1805501 0.74156874 0.41600952 -0.15819097 0.6478771 0.41803589 0.15884383 0.5359056 0.55661321 -0.23132741 0.48401511 0.55065191 0.14129515 0.60065633 0.72889781 -0.08492221 0.56485331 0.70374358 0.19028065
0.46691704 0.30140686 -0.46285883 0.37590104 0.31267554 0.09005573 0.55014718 0.43222329 -0.44440719 0.43085366 0.43824294 0.21317787 0.58001286 0.54660863 -0.37169534 0.41953871 0.55113202 0.196242 0.74022049 0.41309965 -0.17101699 0.64791387 0.41526616 0.17158704 0.53649521 0.55695134 -0.23785013 0.48823118 0.5507499 0.14014481 0.60101074 0.72868592 -0.10091969 0.56767255 0.7047767 0.20487048
0.46753782 0.29444236 -0.52451825 0.3798711 0.30781886 0.083934 0.55231255 0.42472717 -0.49620345 0.43202892 0.43062508 0.22052236 0.57910448 0.53807229 -0.41098708 0.42011306 0.54121011 0.19346668 0.73868412 0.41011077 -0.17872067 0.64822632 0.41319737 0.17926484 0.53965968 0.56378824 -0.23143959 0.48961836 0.55679166 0.14500517 0.60460293 0.7290619 -0.0823165 0.57009226 0.70469499 0.23840612
0.46903849 0.28829214 -0.55275381 0.3839322 0.30208281 0.09637519 0.55544555 0.4203532 -0.52367961 0.43326965 0.42218396 0.22973672 0.57910383 0.53420264 -0.43523514 0.42170307 0.53302372 0.19796136 0.73865575 0.40746668 -0.19294485 0.65074575 0.41084585 0.19344184 0.55321902 0.56964982 -0.24636582 0.49932811 0.55350965 0.14845765 0.60849583 0.73146993 -0.1120132 0.57608813 0.70723778 0.25637424
0.47048715 0.28117916 -0.57420719 0.39052549 0.29818389 0.10002849 0.56111997 0.4137159 -0.55160517 0.43413243 0.41922507 0.23922142 0.57916325 0.53027791 -0.4683522 0.42287263 0.52921653 0.20232137 0.73746014 0.4064329 -0.20210765 0.65354091 0.41037706 0.20254998 0.5595476 0.57102263 -0.25898659 0.51234531 0.56330878 0.15049158 0.60803622 0.73122299 -0.11869178 0.57835251 0.70908839 0.27280387
0.47350028 0.2751514 -0.58672076 0.39339188 0.29190716 0.10959467 0.56235582 0.4107756 -0.56332791 0.43397492 0.41239637 0.24105649 0.57496703 0.52596629 -0.46922311 0.42385438 0.52384961 0.19972341 0.73494118 0.4053582 -0.21159238 0.65316206 0.41027811 0.21206321 0.55818135 0.57107359 -0.27168044 0.50982219 0.56207508 0.16692649 0.61277622 0.73472279 -0.13693079 0.57977879 0.71002573 0.32321736
0.4771876 0.26355377 -0.60424089 0.3942484 0.29065052 0.11901221 0.56462836 0.40371451 -0.57784289 0.4339059 0.41132587 0.25199482 0.57505333 0.51953578 -0.49315447 0.42394799 0.52278364 0.19640744 0.73381132 0.40606692 -0.22366892 0.65288252 0.41175669 0.22411512 0.55878288 0.56840122 -0.33460233 0.50971347 0.55651432 0.30375257 0.61237162 0.73351252 -0.24598029 0.58449787 0.70950443 0.49785247
0.47865114 0.2533896 -0.60461539 0.39749935 0.28175455 0.11708342 0.56433994 0.39283615 -0.57717264 0.43504968 0.40007201 0.25300407 0.57176948 0.50384384 -0.50037777 0.42386639 0.51401675 0.19707803 0.7324416 0.40491831 -0.22412921 0.64937437 0.41171995 0.22456874 0.57321876 0.56824416 -0.30572018 0.51137513 0.55427337 0.25187358 0.61503822 0.73342407 -0.18211702 0.58795339 0.7090103 0.44283298
0.48109758 0.24427396 -0.59262961 0.40238699 0.27632153 0.11131757 0.5639801 0.38333321 -0.56201881 0.4373773 0.39597699 0.24775164 0.5718503 0.49662873 -0.49259898 0.42383048 0.5109778 0.192728 0.72921926 0.40441731 -0.21939972 0.64205325 0.41230252 0.21990213 0.58228552 0.5714137 -0.25326553 0.51249969 0.55419922 0.18847124 0.62058276 0.73028934 -0.08506095 0.588687 0.71275634 0.38760716
0.48273778 0.2327151 -0.56947577 0.40703985 0.27054837 0.11723433 0.56521416 0.37253851 -0.54507524 0.44127181 0.38999406 0.24146712 0.57315797 0.48767987 -0.47957486 0.4238137 0.5042066 0.1918626 0.72583824 0.40455323 -0.21569873 0.6397531 0.41238263 0.21623561 0.58916646 0.57187361 -0.25334278 0.51161629 0.5535475 0.1333085 0.62800473 0.72795182 -0.08241519 0.5881778 0.71593064 0.36328185
0.48727062 0.22222169 -0.57736278 0.41037616 0.26525155 0.13006432 0.56624722 0.35991153 -0.55421692 0.44445986 0.38720304 0.26188144 0.5731504 0.47858471 -0.49303091 0.42428747 0.49868864 0.20024104 0.72008598 0.40112516 -0.2181263 0.63608527 0.41250575 0.2184772 0.58702135 0.56683034 -0.2629199 0.51168656 0.55319613 0.14768563 0.63452512 0.72813839 -0.08361448 0.58790857 0.71606594 0.37445417
0.48848 0.21236525 -0.60482746 0.41903159 0.25674137 0.16191971 0.56620324 0.35456467 -0.60238969 0.44767517 0.38176307 0.29364085 0.5702756 0.47211066 -0.54530287 0.42428368 0.4907026 0.20709108 0.71373546 0.39566967 -0.23367025 0.63550687 0.40979573 0.23384249 0.58810461 0.56082666 -0.29832628 0.51281822 0.55098873 0.15240192 0.63604355 0.72904801 -0.11798575 0.58942056 0.71964538 0.37001216
0.49596965 0.20402031 -0.6244877 0.4239521 0.24937309 0.15598372 0.57133615 0.34313029 -0.63308161 0.45235133 0.37149099 0.28156686 0.56863397 0.46008071 -0.5875622 0.42450684 0.48141319 0.19945802 0.71156108 0.39174265 -0.2405452 0.63539308 0.40688187 0.24070053 0.6155988 0.56043476 -0.32351679 0.51486695 0.55093819 0.15198779 0.63808119 0.72914636 -0.16207285 0.58913648 0.72215658 0.36436233
0.50306398 0.19667116 -0.61155981 0.43161595 0.24259339 0.21972226 0.57494646 0.3362138 -0.61228561 0.45798519 0.36721832 0.3387503 0.56851143 0.45703506 -0.5458318 0.42742422 0.4788391 0.25631735 0.70919824 0.39180043 -0.25694287 0.6356802 0.40634876 0.25710738 0.60480046 0.56043071 -0.3253608 0.51417756 0.54917979 0.15408576 0.63778633 0.72914988 -0.14798324 0.59020966 0.72106618 0.38443896
0.51131743 0.18763098 -0.60871404 0.43705028 0.23487441 0.21645994 0.57896096 0.32770681 -0.61423528 0.46032482 0.36249632 0.32654232 0.56861168 0.44973823 -0.53757411 0.42838469 0.47463408 0.23803002 0.70676237 0.38891762 -0.26196668 0.63454711 0.40459248 0.26211601 0.58496189 0.55450845 -0.35725778 0.51142973 0.54414725 0.14742523 0.63493073 0.72907132 -0.19085237 0.59232461 0.72010732 0.37278447
0.52193487 0.18414354 -0.63194698 0.44556081 0.22659741 0.19431736 0.58174318 0.32699877 -0.64393514 0.46718463 0.35590446 0.3265563 0.56993008 0.43992171 -0.57998085 0.43293378 0.46447182 0.23017925 0.70719075 0.38958183 -0.26102349 0.63480473 0.40345269 0.26099315 0.57632327 0.54771793 -0.37466377 0.50730979 0.53876221 0.1353645 0.63470608 0.72906017 -0.23334444 0.59167308 0.71576041 0.33135495
0.52514434 0.17406316 -0.63618284 0.45315361 0.21330096 0.14727366 0.58219528 0.31496283 -0.65585166 0.47195458 0.34212503 0.29750207 0.56940371 0.42741969 -0.60582125 0.43924677 0.45254746 0.16978978 0.68943936 0.38492766 -0.25484669 0.62051147 0.39850345 0.25500286 0.5762772 0.54859996 -0.36812371 0.50689459 0.53486943 0.09796536 0.63954693 0.72995389 -0.26150611 0.59064007 0.71425515 0.26523778
0.53001428 0.1681383 -0.61479652 0.47317979 0.20022407 0.1537513 0.58132511 0.3062515 -0.64760101 0.47484645 0.33179715 0.30009052 0.56940633 0.42197725 -0.60160631 0.44179624 0.44055501 0.17486735 0.67350942 0.3824949 -0.25268459 0.60564309 0.39315081 0.25313804 0.57488644 0.54925925 -0.3875953 0.48260397 0.53969556 0.06711086 0.64302367 0.73326629 -0.3386561 0.59051585 0.71039373 0.20854227
0.54006296 0.16697238 -0.6136027 0.48151889 0.19232148 0.13127713 0.58537006 0.30755046 -0.63197935 0.4843291 0.32363716 0.27901369 0.57028055 0.42525229 -0.57530689 0.44632038 0.43237308 0.17006753 0.66081399 0.38402078 -0.24084552 0.59397596 0.39312452 0.2407964 0.57490546 0.55059057 -0.37160084 0.49817058 0.54038358 0.06913375 0.64171237 0.73356622 -0.32301903 0.59176224 0.71047682 0.17437762
0.54205519 0.16510399 -0.64985836 0.49165112 0.18518135 0.09484402 0.58783084 0.29879311 -0.64592105 0.49338678 0.31617564 0.24417351 0.56793988 0.41735113 -0.57143205 0.45352501 0.42469007 0.15194549 0.64752579 0.3841016 -0.23020834 0.58437508 0.39128986 0.22989433 0.57610106 0.55217743 -0.36223248 0.50643009 0.54376626 0.08586297 0.64183921 0.7350595 -0.30032736 0.5957585 0.71296918 0.21275812
0.54820997 0.154303 -0.63995087 0.50142139 0.17524283 0.09692588 0.58792931 0.28158107 -0.65427727 0.50194728 0.30356756 0.24201143 0.56809139 0.39862707 -0.60205698 0.46160823 0.41262779 0.15816428 0.63968694 0.37994096 -0.22345413 0.58035892 0.38780513 0.22291104 0.57891494 0.55521113 -0.33656684 0.53052831 0.5444721 0.09500027 0.64234966 0.73902881 -0.28280526 0.6038146 0.71458113 0.19612476
0.55507129 0.15056632 -0.6376341 0.5059427 0.17085543 0.04091964 0.59073186 0.27372545 -0.6538192 0.49798939 0.29591522 0.19888443 0.56737882 0.38816729 -0.60614383 0.465179 0.40149191 0.11491162 0.62684715 0.37486535 -0.20083709 0.55778676 0.38393608 0.20016418 0.58714437 0.55153316 -0.33351269 0.52674991 0.5443728 0.00827404 0.64675194 0.7386446 -0.31479567 0.60160029 0.71896464 0.07688762
0.55926567 0.15077136 -0.67171425 0.51822704 0.16784185 -0.03298365 0.58999342 0.27939796 -0.70355821 0.50041252 0.29292494 0.12180355 0.55040866 0.39330715 -0.61787599 0.47768623 0.39233807 0.00905366 0.61346447 0.37369606 -0.19669141 0.55667001 0.38200319 0.19602656 0.58770406 0.55185544 -0.33133021 0.54244834 0.54431176 -0.020308 0.6461215 0.73832899 -0.3417713 0.60845238 0.72144347 0.0027127 
0.57021558 0.15118161 -0.5547896 0.53804994 0.16484398 0.0867774 0.59211802 0.27853423 -0.58898193 0.51472342 0.2911149 0.17301029 0.54549801 0.38409683 -0.45725566 0.48523289 0.3900978 0.07580747 0.60545254 0.37527865 -0.19475408 0.56089312 0.38325512 0.19422938 0.58944237 0.54822636 -0.32721171 0.55880708 0.54302967 0.01534893 0.64553165 0.73827386 -0.3335492 0.61539495 0.72245848 0.02263281
0.58646584 0.14680794 -0.43880531 0.54393578 0.16556343 0.21623124 0.5989998 0.27122656 -0.50531209 0.52161229 0.28846294 0.29118916 0.54799837 0.37147704 -0.4182522 0.495673 0.38323024 0.1458852 0.6007995 0.3763105 -0.19711879 0.55718136 0.38448241 0.19667695 0.59132963 0.54761714 -0.34496057 0.56170774 0.54275233 -0.00867612 0.64366764 0.73741144 -0.39830494 0.61550742 0.72216821 -0.0409023 
0.60002953 0.14581105 -0.44803318 0.56183958 0.1631712 0.22858432 0.60027432 0.26895511 -0.51268089 0.53041011 0.28166151 0.31920269 0.54448545 0.37516341 -0.43855798 0.49248323 0.38387531 0.17191744 0.5960359 0.37590325 -0.19380093 0.55487716 0.38417587 0.19347166 0.59893441 0.54516029 -0.38021702 0.55933827 0.54279751 -0.03242916 0.64423931 0.7372452 -0.44579419 0.61459714 0.72667325 -0.08910781
0.62187171 0.1464393 -0.37566167 0.56660366 0.16414525 0.28290135 0.60834086 0.269438 -0.44493911 0.5271939 0.28546637 0.37679586 0.5437687 0.36343029 -0.36803845 0.49678147 0.37998301 0.23999831 0.59631717 0.3747364 -0.19264816 0.54450303 0.38257638 0.19235073 0.61724454 0.54567057 -0.37222338 0.56079483 0.54283392 -0.01920586 0.64686382 0.73708206 -0.40217724 0.61346608 0.72741354 -0.05803534
0.63273501 0.149327 -0.40035003 0.57531136 0.16569723 0.24301444 0.60693866 0.27147642 -0.46022701 0.52713734 0.28592739 0.34495285 0.53674996 0.36458138 -0.37747306 0.49272195 0.37245151 0.21635526 0.59512061 0.37488541 -0.1915049 0.54292732 0.38136432 0.19124036 0.62846392 0.54661912 -0.33896402 0.57888293 0.54585946 -0.00670621 0.64855045 0.7363354 -0.36053485 0.61356866 0.72827816 0.00206724
0.6496076 0.14937223 -0.32593912 0.57465833 0.16792805 0.29501796 0.62059617 0.27077058 -0.40648162 0.53115368 0.28835505 0.37331539 0.5410707 0.3730987 -0.3369841 0.50480503 0.38146558 0.23844647 0.59782022 0.37503707 -0.19262473 0.5406161 0.38195688 0.19236386 0.63204807 0.54905075 -0.32908034 0.58331132 0.54909605 0.00348657 0.64917105 0.73552597 -0.35445201 0.61530489 0.72792107 0.00798176
0.66249257 0.15022965 -0.39924958 0.58027911 0.16939998 0.25545403 0.62080991 0.27062976 -0.45858866 0.52816296 0.28820661 0.3504838 0.54155546 0.37713879 -0.38450059 0.50239551 0.38060796 0.22215265 0.59998566 0.37830845 -0.19273183 0.53761309 0.38331473 0.19249256 0.63699418 0.5521943 -0.32544148 0.58953381 0.55365396 0.0785631 0.65327245 0.7371912 -0.33752713 0.61472476 0.72984946 0.07380486
0.67820954 0.15065242 -0.47989327 0.58587915 0.17022364 0.18970998 0.62493265 0.27194014 -0.51026666 0.52631193 0.28780067 0.31119889 0.5426622 0.37931222 -0.4075363 0.49973518 0.37346634 0.19874868 0.59682274 0.38393158 -0.1977383 0.53561652 0.3864741 0.19753072 0.63689095 0.55384278 -0.30623594 0.59924346 0.55525613 0.15132113 0.65290362 0.73921371 -0.27673331 0.61697835 0.73060381 0.18643856
0.69093293 0.1531679 -0.34747118 0.60292888 0.17305812 0.26303187 0.63058633 0.27157122 -0.38869718 0.52487427 0.28775322 0.36607727 0.55299836 0.38047841 -0.31287324 0.49902099 0.37734842 0.25399479 0.59512758 0.38435265 -0.19802892 0.53790772 0.38685262 0.19782127 0.63355273 0.5540334 -0.30947056 0.60183489 0.55472493 0.11885998 0.6475848 0.739474 -0.34816951 0.62313783 0.72980988 0.08921264
0.69806063 0.15791212 -0.37607294 0.60171461 0.17971478 0.22654964 0.63318563 0.27247816 -0.40387958 0.52482331 0.28826067 0.34897545 0.55285698 0.36496073 -0.30973288 0.49902615 0.37286949 0.23594709 0.59669161 0.38485011 -0.19616339 0.53816056 0.38695878 0.1959624 0.63285369 0.55392462 -0.34633794 0.59572834 0.55447543 0.07891517 0.65336066 0.73935908 -0.39464927 0.61747891 0.72952455 0.06291379
0.70466274 0.15949777 -0.3745704 0.60793316 0.18199407 0.20436443 0.65312368 0.27307516 -0.4162043 0.5361132 0.28859445 0.32163703 0.55568045 0.36903474 -0.34585714 0.50473648 0.37550035 0.22056487 0.59759802 0.3841663 -0.19640063 0.53937078 0.38638541 0.19619817 0.63204658 0.55284947 -0.35874787 0.59276527 0.55426323 0.06221393 0.65384609 0.73928738 -0.43026248 0.6155355 0.72939992 0.02202057
0.70556396 0.16462258 -0.43391377 0.61346716 0.18503441 0.13468271 0.65131426 0.28000838 -0.47040081 0.53538162 0.2902053 0.26062375 0.55640692 0.38135299 -0.40581569 0.50434107 0.37488857 0.16125719 0.5925135 0.38672382 -0.19659546 0.53928924 0.38859978 0.19638939 0.6296528 0.55389726 -0.30385739 0.59223181 0.55530936 0.14383921 0.65335971 0.73961717 -0.31145194 0.61439961 0.72946954 0.14855735
0.70822579 0.16607371 -0.47466019 0.62072307 0.1854848 0.14157651 0.6596719 0.28103238 -0.52465773 0.54223144 0.29073611 0.27019131 0.5564025 0.38061208 -0.4671312 0.50409502 0.37306449 0.16169518 0.58792883 0.3887786 -0.2027761 0.53952712 0.38974044 0.20252077 0.62203503 0.55625111 -0.27008539 0.59512717 0.55667967 0.20366226 0.64623713 0.73956603 -0.24903935 0.61815572 0.72837764 0.24803805
0.70309401 0.17015313 -0.47059438 0.63198471 0.1868754 0.14665781 0.65731162 0.28517038 -0.49563265 0.55018342 0.29557541 0.27432761 0.55607581 0.38145456 -0.38381439 0.51370895 0.3753801 0.17438479 0.58174223 0.39020836 -0.20684211 0.5461998 0.39162666 0.20649478 0.62025476 0.55808789 -0.27529794 0.60240871 0.55825329 0.21856388 0.64121014 0.74073672 -0.27277443 0.62411863 0.72842973 0.25579992
0.70175928 0.17159276 -0.4702557 0.6398226 0.18709449 0.15291208 0.65305001 0.2886315 -0.48458144 0.55450958 0.2971276 0.27629697 0.5514428 0.38485342 -0.38090596 0.51465392 0.37707949 0.17560451 0.57491946 0.39004347 -0.20645744 0.54861099 0.39160374 0.20607653 0.61080724 0.5581091 -0.28046313 0.60791832 0.55791992 0.21742257 0.62574345 0.74054593 -0.28673792 0.63412881 0.72742152 0.25035262
0.69948059 0.17192815 -0.38195547 0.64330429 0.18703483 0.2403049 0.64992535 0.2882185 -0.41696855 0.56234521 0.29695126 0.34060901 0.55143845 0.38210815 -0.32289487 0.52618212 0.37634361 0.23557016 0.57111758 0.38981608 -0.21129878 0.5523349 0.39120457 0.21084274 0.60944998 0.55880696 -0.27059299 0.61229086 0.5582664 0.22487588 0.62698561 0.74090081 -0.28879538 0.6385209 0.72742116 0.2646037 
0.69897199 0.17172249 -0.39103931 0.64145279 0.1861147 0.22436844 0.64801878 0.28792515 -0.42260605 0.56108415 0.29637679 0.33333036 0.55102539 0.38216579 -0.32114026 0.52424604 0.3766447 0.22534251 0.56753308 0.39008215 -0.20591165 0.55227321 0.39155334 0.2054368 0.60533279 0.56098157 -0.23874873 0.61599219 0.5600574 0.2195491 0.62077171 0.74089986 -0.25633129 0.64073122 0.72752261 0.26887581
0.69822216 0.17153396 -0.39236018 0.64265579 0.18498701 0.2068471 0.64829558 0.28773603 -0.42860603 0.56397694 0.29636195 0.31319347 0.5498355 0.38217258 -0.32987601 0.52352458 0.37859473 0.21243717 0.56883895 0.38994506 -0.20309466 0.55416965 0.39151004 0.20264302 0.6011374 0.56079465 -0.24808565 0.6178968 0.55986321 0.23576416 0.61602747 0.74086106 -0.26981294 0.64115739 0.72677106 0.29962933
0.697173 0.16865936 -0.3565295 0.63924354 0.18389131 0.25002059 0.65351862 0.28645286 -0.39835295 0.56360155 0.29653069 0.3471916 0.55078042 0.38220611 -0.32984141 0.52508068 0.38086951 0.25511748 0.56922358 0.38861582 -0.2009715 0.55496311 0.39034763 0.20056541 0.59588081 0.55555862 -0.25671041 0.61819112 0.55779487 0.21688393 0.61374503 0.73974192 -0.28859425 0.64193672 0.72588915 0.27024093
0.69680965 0.16547169 -0.32360959 0.63683534 0.18227586 0.28264081 0.65578097 0.28169838 -0.36179304 0.56340039 0.2965709 0.37644991 0.55177826 0.37789509 -0.2936419 0.52484381 0.38090199 0.28549057 0.56705886 0.38695198 -0.20020698 0.55491674 0.38973138 0.19978741 0.5823555 0.55556774 -0.25661713 0.61732996 0.55777097 0.20876212 0.61210454 0.73975223 -0.29396701 0.64212042 0.72545171 0.22361685
0.69614071 0.1638809 -0.32151043 0.6296922 0.18149191 0.27622849 0.65820974 0.2816737 -0.36397678 0.56275815 0.29657972 0.37186494 0.55936557 0.38079059 -0.30011055 0.52409464 0.38259283 0.28828838 0.56844193 0.38597628 -0.19631864 0.55276233 0.38761845 0.19587207 0.58172619 0.55241066 -0.25914997 0.61465162 0.55638587 0.18479937 0.61321497 0.73978555 -0.3105624 0.64198744 0.7252959 0.16335905
0.69576949 0.1622418 -0.33425629 0.61673892 0.18095565 0.26752791 0.66075844 0.28169492 -0.37240806 0.55898011 0.29737785 0.3683784 0.56725222 0.38476452 -0.3036747 0.52316868 0.38325828 0.27738416 0.56922042 0.38467792 -0.19618224 0.5510813 0.38528931 0.19572107 0.57080752 0.55185312 -0.26155216 0.60915762 0.55509317 0.18607534 0.61316639 0.73980933 -0.30436301 0.6419602 0.72485751 0.16976014
0.68731922 0.16022867 -0.39013845 0.611911 0.18056177 0.21141779 0.66078395 0.28170478 -0.42875466 0.55734742 0.29805467 0.31227291 0.57530332 0.3858071 -0.35531372 0.52263319 0.38336739 0.23217759 0.5698604 0.38467994 -0.19623601 0.54997104 0.38539064 0.19578645 0.57139963 0.55200553 -0.25358507 0.60182446 0.55509049 0.18615434 0.61467093 0.73967427 -0.25405395 0.64187902 0.72532451 0.17899132
0.67516333 0.15905745 -0.44248977 0.6055671 0.1791722 0.17364337 0.66015631 0.28178006 -0.47621018 0.55668032 0.29850248 0.27215266 0.57779604 0.38670093 -0.39648467 0.52249289 0.39180982 0.18955037 0.57032931 0.38874966 -0.19966635 0.5493651 0.38801971 0.19913998 0.56558836 0.55471414 -0.2420036 0.5922454 0.55566442 0.20673588 0.61497211 0.74149221 -0.22202957 0.64149338 0.72580665 0.24994382
0.66053933 0.15823849 -0.49450299 0.58656377 0.17878 0.12011025 0.65949303 0.28253227 -0.52356887 0.55026758 0.29809731 0.22790416 0.59373885 0.38712254 -0.44818446 0.51791263 0.39274886 0.14723222 0.57372421 0.39280841 -0.20040812 0.54295814 0.39134482 0.19982098 0.56854457 0.5581491 -0.20924698 0.57475889 0.55679166 0.22984642 0.61565322 0.74141896 -0.16758125 0.63158017 0.72600895 0.31980714
0.64984965 0.15711646 -0.5048551 0.57175171 0.17879647 0.13741508 0.65955544 0.28202993 -0.55233467 0.54004896 0.30027154 0.25258762 0.60347873 0.38875839 -0.51074284 0.5123598 0.40540573 0.16954555 0.57825726 0.39495662 -0.20344222 0.53879929 0.39356941 0.20283148 0.57042497 0.5594483 -0.18886998 0.56375802 0.55790657 0.23536001 0.62124467 0.74132216 -0.10333463 0.62540406 0.72744906 0.34667072
0.63823539 0.15667923 -0.48275101 0.5527541 0.17877755 0.14169407 0.65922785 0.28183788 -0.52458709 0.53190702 0.30009678 0.25643918 0.60914028 0.39046472 -0.47578961 0.50890839 0.402275 0.16487095 0.58560455 0.39678079 -0.20297122 0.53529161 0.39493671 0.20235777 0.57064402 0.56115824 -0.17381144 0.55676132 0.55857199 0.22722167 0.62445927 0.74093795 -0.09481067 0.61916637 0.7274673 0.3167696 
0.62740976 0.15738949 -0.50558084 0.54673958 0.17948644 0.14177206 0.65717041 0.28449586 -0.54756838 0.53080362 0.30348352 0.25899267 0.60687256 0.400482 -0.49150217 0.50512111 0.40705386 0.16201952 0.58926302 0.40146723 -0.20583172 0.53555495 0.40204865 0.20522216 0.57088715 0.56244808 -0.17712657 0.55374646 0.56013811 0.22360627 0.62446803 0.74096119 -0.0886724 0.62009156 0.72739148 0.3237012 
0.6157133 0.16129357 -0.49642643 0.53329086 0.18520887 0.14499232 0.65522116 0.28910002 -0.54404241 0.52377427 0.31408903 0.26138324 0.60792571 0.40664133 -0.50227767 0.49596027 0.42005345 0.16563082 0.59554058 0.40814558 -0.20575333 0.53376907 0.41288477 0.20515083 0.57393646 0.56547624 -0.15380946 0.54727554 0.56226063 0.23159564 0.63506007 0.74060684 -0.04165114 0.61816627 0.72733569 0.35714641
0.60676849 0.1678793 -0.54028112 0.5223189 0.19218688 0.12750688 0.64876097 0.294065 -0.59033269 0.52069414 0.32262155 0.25844973 0.61368823 0.41578564 -0.57276928 0.49175912 0.43255144 0.16996577 0.60298747 0.41007361 -0.20604369 0.53611022 0.4150928 0.20544808 0.57408023 0.56763387 -0.13853706 0.55064237 0.56401336 0.23982078 0.63501596 0.74066371 0.00979566 0.6187706 0.72843838 0.39664221
0.59292793 0.17488173 -0.52165794 0.51396549 0.19866155 0.12642142 0.64279634 0.29958779 -0.57500291 0.51559395 0.33043611 0.24996527 0.61829627 0.42307511 -0.54934311 0.49112126 0.44457063 0.16794582 0.60931486 0.40806043 -0.20101009 0.54151154 0.41345942 0.20045917 0.57787162 0.56726021 -0.14028674 0.55015838 0.56541252 0.14916253 0.63780582 0.74089873 -0.04711198 0.61751473 0.72951573 0.25268111
0.58788794 0.18554951 -0.55644429 0.50906086 0.20895873 0.09093766 0.63290614 0.31316388 -0.59116191 0.51603836 0.34045166 0.22805446 0.61904258 0.43745759 -0.56033224 0.48693109 0.45999864 0.16325328 0.61048585 0.41105536 -0.19384316 0.54734963 0.41924384 0.19333385 0.58468187 0.56711125 -0.14262845 0.55125111 0.56860995 0.14610882 0.63812703 0.74089086 -0.07987273 0.61573976 0.73150373 0.23738439
0.57894278 0.19133984 -0.54185611 0.50546169 0.2153713 0.08243141 0.62419236 0.32049492 -0.57722092 0.51662207 0.34739929 0.20974715 0.61824727 0.44824088 -0.53852582 0.48646635 0.46532157 0.14298809 0.61751151 0.41519517 -0.18094641 0.55742174 0.42429537 0.18050489 0.590271 0.56700617 -0.20447767 0.55315113 0.56808764 0.07483786 0.63844383 0.74082738 -0.13442902 0.6134057 0.7331934 0.14269619
0.56895053 0.19794336 -0.53917342 0.49692309 0.2233766 0.06124655 0.61779684 0.32390973 -0.56885874 0.51444662 0.35188305 0.18927459 0.61822587 0.45496896 -0.53021944 0.47533947 0.46941674 0.13286826 0.62441903 0.41423923 -0.17152654 0.56428427 0.42372078 0.1711237 0.59184104 0.56376863 -0.27301201 0.55449659 0.56732911 0.04580279 0.63746417 0.74074465 -0.23488116 0.61191893 0.73361939 0.06581043
0.56100643 0.20692338 -0.60834491 0.48910376 0.22991468 0.02366993 0.60737479 0.34042647 -0.61415958 0.50970042 0.36009037 0.15465219 0.61710787 0.47041652 -0.5528717 0.46880323 0.47970426 0.09472465 0.62471616 0.42467481 -0.1718037 0.56279176 0.43487632 0.17143247 0.60011947 0.56616759 -0.26012042 0.55259967 0.5678454 0.08422355 0.63924402 0.74071139 -0.12031619 0.608944 0.733836 0.07210226
0.55007935 0.21617217 -0.61185634 0.46979246 0.2445249 0.01035321 0.60003382 0.35230339 -0.61375016 0.49786565 0.37633583 0.14609009 0.61638373 0.48221108 -0.56809199 0.46432841 0.4929904 0.08687927 0.62285197 0.43296221 -0.1708778 0.55440986 0.44432238 0.17054655 0.61849248 0.57279128 -0.2516183 0.54391325 0.56911415 0.09183288 0.64239049 0.74074715 -0.09612241 0.59674895 0.73391134 0.22315525
0.54207242 0.22857194 -0.591658 0.45781115 0.25699475 0.01639739 0.5923149 0.36353785 -0.60028207 0.49236032 0.38720742 0.14921896 0.6169526 0.48884469 -0.55510032 0.4625966 0.50428617 0.09129733 0.62182444 0.43637657 -0.16794172 0.54957664 0.44897121 0.16764873 0.61600387 0.57228494 -0.28037632 0.53241593 0.56769723 0.09863088 0.64460331 0.7403599 -0.19519618 0.59438092 0.73149246 0.21263273
0.53249204 0.23878388 -0.61412263 0.45107982 0.26824951 0.01124268 0.58824575 0.37879321 -0.60864431 0.48556796 0.39703563 0.14366674 0.61654955 0.49964327 -0.5638395 0.46172094 0.51204515 0.08758317 0.62423885 0.44191816 -0.16963497 0.54957581 0.45487043 0.16930395 0.62077081 0.57957464 -0.26857895 0.52791804 0.56959152 0.23023885 0.64703995 0.74135625 -0.15925461 0.59211814 0.73149198 0.39847335
0.5247072 0.24895209 -0.60033393 0.44603246 0.28246096 0.02743263 0.59130621 0.39163724 -0.60229886 0.47956759 0.41227815 0.15482195 0.6164102 0.51439512 -0.56098557 0.45459491 0.52543837 0.09855512 0.62943012 0.45099285 -0.17077886 0.55282193 0.46432158 0.17044421 0.62022674 0.592839 -0.20185915 0.52983898 0.57845849 0.22548714 0.64697343 0.74267375 -0.042419 0.59383762 0.7327196 0.40331694
0.49068704 0.26509234 -0.59244704 0.4529171 0.28328964 0.02301059 0.58601099 0.40262565 -0.59652597 0.49158445 0.41329047 0.15422392 0.61425179 0.52830487 -0.55954075 0.45692882 0.53063065 0.10768137 0.6283226 0.45701253 -0.17153476 0.57526433 0.4579629 0.17119901 0.59564328 0.60146755 -0.08270284 0.53831792 0.58281267 0.27596363 0.62955159 0.74388605 0.154471 0.60710901 0.72943795 0.50722617
0.49517879 0.2666508 -0.57650703 0.43808097 0.29864556 0.03403899 0.58877093 0.4064821 -0.57881337 0.47693124 0.42745036 0.16535085 0.61478603 0.53718817 -0.5561114 0.45235533 0.5422768 0.11076777 0.64724982 0.45450905 -0.17227776 0.58743656 0.45952138 0.17203225 0.5779686 0.59736675 -0.13826515 0.53152412 0.58092308 0.1937369 0.61892968 0.74385512 0.05052951 0.60634691 0.7293399 0.40444255
0.4987185 0.28180793 -0.57600313 0.4319694 0.31131122 0.019177 0.59029227 0.42825565 -0.57589626 0.47015432 0.44453654 0.14719805 0.61956465 0.55741352 -0.55404061 0.45327106 0.55501962 0.08674213 0.67798072 0.45501283 -0.17268004 0.60477829 0.46282518 0.17245091 0.55872142 0.59394389 -0.18949331 0.51860493 0.58047146 0.1905317 0.61697483 0.73912585 0.02784247 0.60423958 0.72259861 0.36875421
0.5017547 0.29625013 -0.62302202 0.42154089 0.32762143 -0.00764755 0.59138912 0.4442133 -0.61446935 0.45637313 0.45127583 0.11927596 0.62127662 0.57205689 -0.57649893 0.45202911 0.56805581 0.03783467 0.6961115 0.45660895 -0.17723311 0.60830933 0.46683419 0.17717536 0.55842602 0.58446938 -0.22030571 0.51242429 0.58373046 0.2358561 0.61245686 0.735331 -0.000739 0.5964942 0.72330129 0.40645766
0.50481814 0.31082067 -0.61831427 0.42128032 0.34259063 0.00607927 0.59126401 0.46119037 -0.61587691 0.44756371 0.46565759 0.13238531 0.62126958 0.58987504 -0.57454121 0.44836161 0.58197492 0.05399353 0.71758747 0.45445022 -0.18050978 0.63136786 0.47308955 0.18059938 0.5425061 0.55472821 -0.21640973 0.51481366 0.59141171 0.22682776 0.59147668 0.67282891 0.14767064 0.59615976 0.7331658 0.41109294
0.50375992 0.32709733 -0.70141077 0.41392577 0.35774723 -0.00795987 0.58965927 0.48028663 -0.71929914 0.44583538 0.4811103 0.1239217 0.62074494 0.60270596 -0.68202561 0.44534799 0.59660774 0.02839711 0.7368269 0.45344588 -0.19541554 0.63683611 0.47676107 0.19550806 0.54042155 0.55548656 -0.39702556 0.49936214 0.58363974 0.0898902 0.59746289 0.69515485 -0.0275238 0.59636742 0.72826797 0.25765842
0.49798986 0.34957734 -0.7427364 0.4073953 0.36874166 -0.04169247 0.58255243 0.50093752 -0.73681271 0.43943363 0.49392587 0.08898664 0.61637282 0.63115799 -0.68871462 0.44455391 0.6156413 0.01317496 0.73889893 0.45716712 -0.2033592 0.638924 0.47738445 0.20346054 0.531793 0.55804145 -0.39510134 0.49050224 0.55666697 0.12425742 0.5982691 0.71218926 -0.09584371 0.59452331 0.69696677 0.36275038
0.49524423 0.36947948 -0.6948424 0.40161315 0.3920379 -0.02193122 0.57990253 0.51661295 -0.69934529 0.44350544 0.51565617 0.09927035 0.614097 0.65177518 -0.65957177 0.44444156 0.63376892 0.02315384 0.7531144 0.46206039 -0.20392026 0.65704012 0.48382646 0.20407085 0.52681702 0.55540168 -0.33568624 0.48840123 0.55705833 0.14154211 0.59666735 0.71928447 -0.07313 0.59326476 0.69830543 0.33550513
0.48929936 0.38721526 -0.6939885 0.39976966 0.41429406 0.0526412 0.58065689 0.52501959 -0.73139608 0.44503698 0.52409202 0.15136974 0.61027557 0.65876454 -0.68084913 0.44252041 0.63576615 0.06713967 0.76738018 0.46860352 -0.23089023 0.67960638 0.48844993 0.23118566 0.52845472 0.55032045 -0.35096431 0.48547709 0.55945164 0.18929932 0.59847981 0.71224236 -0.08760554 0.59250927 0.69470364 0.33753425
0.48064724 0.39561734 -0.67906791 0.39559335 0.42681608 0.06023219 0.6053254 0.51661831 -0.70360255 0.4496361 0.52864361 0.1671222 0.60808724 0.6474278 -0.65685236 0.44318411 0.63041341 0.08714002 0.77219051 0.47058684 -0.22898367 0.68775487 0.48854738 0.22931613 0.53381628 0.55324912 -0.33438927 0.48921305 0.56015235 0.22616845 0.59453738 0.71014225 -0.07656268 0.58716172 0.69515193 0.34032607
0.47968253 0.40052825 -0.57486343 0.39581293 0.43678173 0.10416192 0.63132709 0.5076887 -0.59237635 0.46239632 0.52871263 0.19411868 0.61854863 0.63574755 -0.53471267 0.44564688 0.62556767 0.10628188 0.78201419 0.47017533 -0.22244933 0.70078623 0.48803866 0.22264461 0.53431642 0.54743356 -0.3148244 0.48764384 0.56167442 0.23625615 0.59411073 0.70692581 -0.07746264 0.58447766 0.69533944 0.30663273
0.48212886 0.39863619 -0.51264614 0.3950724 0.43899709 0.0887145 0.64225316 0.50775647 -0.48664975 0.46299821 0.52651566 0.18500246 0.62043542 0.64072239 -0.43592107 0.44579569 0.6218549 0.12478546 0.782561 0.46966586 -0.18888932 0.69651771 0.48622197 0.18945955 0.53674799 0.55388439 -0.23154666 0.49005702 0.56295311 0.22435856 0.59599036 0.69877255 0.06158877 0.58476454 0.69818723 0.31246993
0.48372298 0.40050134 -0.54214281 0.39505312 0.43999013 0.086751 0.63471687 0.5148772 -0.50234407 0.46305794 0.53242278 0.1583654 0.61872721 0.65043092 -0.42923653 0.4459084 0.63172817 0.11732097 0.78602499 0.46874782 -0.17637442 0.69829589 0.4849076 0.17707592 0.53541082 0.56084949 -0.19413097 0.48759913 0.5634895 0.22701035 0.60434026 0.6758706 0.19675928 0.58438015 0.68868011 0.33349058
0.48492318 0.40119484 -0.51776856 0.39298347 0.44415271 0.08261719 0.63233584 0.52864683 -0.49959141 0.45913205 0.5495525 0.14440741 0.6165517 0.65932959 -0.45026654 0.44603971 0.64261502 0.09724156 0.78852326 0.46821123 -0.17949811 0.69877899 0.48469684 0.18005763 0.52181083 0.55776608 -0.21886337 0.48166412 0.56410921 0.21130411 0.60161191 0.70235443 -0.01936688 0.58175004 0.70518494 0.23409656
0.48589337 0.40120602 -0.50973767 0.39199424 0.44172546 0.07418997 0.61187994 0.53727156 -0.48515511 0.4561817 0.54985744 0.12010757 0.60732669 0.66296023 -0.42564774 0.44446486 0.6477353 0.08644854 0.79302543 0.46790889 -0.1782871 0.6992895 0.48491624 0.17879269 0.52500814 0.5510568 -0.20428556 0.47509953 0.56422353 0.21313132 0.60185683 0.70009774 -0.01495495 0.5817154 0.69948423 0.26922002
0.48642763 0.40035644 -0.52013534 0.39308155 0.43558943 0.1118516 0.60041857 0.53812844 -0.49600247 0.45485127 0.54135454 0.17140621 0.59523451 0.66623998 -0.40520087 0.44295558 0.63864779 0.12790602 0.79740566 0.46778515 -0.18783966 0.70224601 0.48454386 0.18839251 0.52698487 0.54901814 -0.26996028 0.47543228 0.56453347 0.23188852 0.60703003 0.71453518 -0.12183317 0.58579916 0.69802696 0.26545924
0.48589912 0.39540324 -0.52971184 0.39232451 0.43123558 0.09612589 0.59771323 0.53468663 -0.51516438 0.45243123 0.53957629 0.16476136 0.59491378 0.66322291 -0.43939847 0.44256896 0.63940269 0.11957405 0.79775125 0.46748611 -0.18774416 0.70345837 0.48416477 0.18823807 0.52744216 0.55014694 -0.24946772 0.47133398 0.56475002 0.2247791 0.61365044 0.70898461 -0.09017696 0.5929836 0.69074273 0.27696744
0.486072 0.39160186 -0.54289126 0.39244118 0.42704698 0.10702959 0.59277666 0.53027987 -0.54155493 0.45093277 0.53713149 0.16676766 0.59611511 0.65958798 -0.45681792 0.44270837 0.63817 0.11458661 0.79849917 0.46745303 -0.20215786 0.70376623 0.48364961 0.20269391 0.54020447 0.54732633 -0.295755 0.47203493 0.56333834 0.24053296 0.6117692 0.71994555 -0.152684 0.58910847 0.69277096 0.27338532
0.48607749 0.38945478 -0.54524666 0.39293212 0.42601156 0.09953111 0.5819369 0.52910084 -0.53787047 0.44966608 0.53418744 0.16662176 0.5956651 0.65867954 -0.45441926 0.44183812 0.63652885 0.11204021 0.7972194 0.46686652 -0.19936657 0.70189798 0.48139012 0.19978257 0.52955461 0.55167103 -0.23372266 0.47018954 0.56058758 0.24089584 0.61503601 0.7147913 -0.03443087 0.59047276 0.68910712 0.3234286 
0.48620737 0.38896719 -0.54781651 0.39294609 0.41841188 0.09436498 0.57576847 0.530119 -0.539141 0.44918251 0.53005463 0.15633778 0.58951652 0.66179347 -0.45913845 0.44100779 0.635912 0.0985473 0.7965858 0.464829 -0.19979143 0.70024598 0.47541958 0.20017256 0.52941501 0.55185795 -0.26352566 0.4711374 0.55848587 0.24218981 0.61495 0.71445638 -0.1023856 0.59046847 0.68691045 0.30886623
0.48567772 0.37837595 -0.54413599 0.39051345 0.40534073 0.08931234 0.5662083 0.52823544 -0.53343129 0.44937763 0.52313095 0.13979851 0.58170456 0.65899861 -0.46368572 0.4406305 0.63243085 0.07240471 0.79461861 0.46127635 -0.1997797 0.69867992 0.4698866 0.20012479 0.52965319 0.55195922 -0.33504546 0.47026181 0.55517638 0.23412338 0.6147818 0.72708124 -0.22861268 0.58329499 0.68789029 0.20333751
0.48355955 0.36999905 -0.52198106 0.39052209 0.38707379 0.09069985 0.55976069 0.52792257 -0.50357509 0.44957224 0.51046175 0.15003955 0.56867778 0.65796036 -0.42962185 0.43593311 0.62073398 0.08783215 0.79351634 0.45847532 -0.19965546 0.69841266 0.46258926 0.20001166 0.52943283 0.55219817 -0.31207481 0.46835503 0.55273348 0.23338035 0.61468124 0.72864813 -0.16447778 0.58132368 0.68897682 0.23319173
0.48261294 0.35604966 -0.49517035 0.38989538 0.37625125 0.08898493 0.55261719 0.51368779 -0.49415934 0.45082018 0.49933547 0.14970908 0.55126464 0.64254624 -0.42137274 0.43562013 0.60982132 0.08708631 0.79279464 0.45169312 -0.19362572 0.69608867 0.45352218 0.19392581 0.529544 0.55029464 -0.32550865 0.46904242 0.54934341 0.16703652 0.61445302 0.72631603 -0.23876421 0.5766114 0.68917495 0.11312627
