5.89323938e-01 4.96751934e-01 4.98433225e-02 5.29194772e-01 4.83556867e-01 2.04549246e-02 7.08130479e-01 5.56824446e-01 4.14526239e-02 5.32901287e-01 5.77295303e-01 7.03567266e-03 5.75842023e-01 6.06794178e-01 2.51467898e-02 5.42146802e-01 5.95742345e-01 6.44259271e-04 3.84022564e-01 4.90704417e-01 2.69904770e-02 3.80059063e-01 4.79784697e-01 -2.76406668e-02 6.08843684e-01 5.31703770e-01 -5.71275242e-02 5.71586430e-01 5.15138090e-01 -3.11949942e-02 5.54907680e-01 5.68024218e-01 -4.37161066e-02 5.91946721e-01 5.44699907e-01 -7.79560208e-02
0.5661248 0.49046391 0.20620725 0.55266696 0.47538111 -0.00235476 0.65115154 0.5526222 0.16341735 0.5180636 0.55328602 -0.06531825 0.55485362 0.60166234 0.09398197 0.52091384 0.59209222 -0.03968436 0.37890443 0.48414472 0.06998467 0.38174847 0.47842282 -0.0705334 0.54176497 0.49926466 0.04271271 0.5457505 0.48632532 -0.19858465 0.5705353 0.564946 0.06652731 0.58100814 0.54551709 -0.31083405
0.56871712 0.45033601 0.33410233 0.61467534 0.45683214 0.01787834 0.59309566 0.52273577 0.31844562 0.62420732 0.54224467 -0.05576614 0.57948375 0.57028967 0.26755866 0.62073678 0.58660436 -0.01764633 0.40840977 0.46820682 0.11605544 0.41914991 0.45945534 -0.11682761 0.560736 0.505961 0.04343104 0.58509254 0.50885838 -0.1671896 0.56508362 0.56558603 0.06473473 0.58709586 0.57565945 -0.21543011
0.56353402 0.45139074 0.49756622 0.63425958 0.45438749 0.14605752 0.58604687 0.52508491 0.50218153 0.65613973 0.52573746 0.12090333 0.60788965 0.57482314 0.47044206 0.67743629 0.58580369 0.22724564 0.40516216 0.46813256 0.12532954 0.43474507 0.45955563 -0.12629984 0.56414157 0.50661123 0.19700827 0.60177189 0.51618898 -0.13706109 0.53447115 0.59582412 0.2066436 0.56443703 0.5991298 -0.11721333
0.55526507 0.44801816 0.49535459 0.6311574 0.4448621 0.15341781 0.5887621 0.51991421 0.47768819 0.64208859 0.5119651 0.03753126 0.61810714 0.57198721 0.43633363 0.66245204 0.56190628 0.03675534 0.39888111 0.46814081 0.12373441 0.44243357 0.45530283 -0.12458283 0.56136161 0.51333272 0.189316 0.60204947 0.51287097 -0.13345912 0.52337056 0.60916644 0.06506331 0.57472908 0.60362142 -0.15286385
0.56222939 0.4514764 0.47350034 0.6479401 0.44183883 0.14261654 0.5996868 0.52322161 0.47386274 0.65844768 0.50797266 0.06285568 0.64426535 0.55996805 0.44549936 0.67496711 0.55403394 0.11862881 0.40167645 0.46816477 0.11483028 0.4530302 0.45277491 -0.11567191 0.5644539 0.52136838 0.14251354 0.61963236 0.50835156 -0.12479601 0.53496146 0.6113674 0.06196042 0.57923597 0.6043281 -0.12607959
0.56572944 0.45236415 0.48818213 0.64475745 0.4445712 0.13963296 0.60285527 0.52758485 0.49806839 0.66331977 0.51278049 0.09183362 0.64920479 0.56106532 0.48490497 0.67547393 0.55723077 0.17611852 0.40085512 0.47001722 0.11119978 0.45102146 0.45538017 -0.1120716 0.56302422 0.54131186 0.13746935 0.62621129 0.5098359 -0.11926671 0.52967107 0.62627614 0.09912183 0.58823341 0.60136968 -0.10968883
0.56789476 0.45200202 0.47692171 0.64466476 0.44398123 0.12873784 0.59948158 0.52779871 0.47681618 0.66857404 0.51105398 0.07064087 0.64194763 0.56087697 0.44770372 0.67959362 0.55034924 0.12811837 0.40055984 0.47150639 0.11408323 0.44954979 0.45628181 -0.11500247 0.54801226 0.54404134 0.13027412 0.61569422 0.50966799 -0.13306117 0.53068459 0.626908 0.0978903 0.58449095 0.59604377 -0.10587806
0.56845862 0.44736367 0.47695002 0.64598536 0.44358376 0.1306648 0.60102558 0.52837574 0.48188296 0.67103755 0.50992483 0.08707185 0.64529938 0.56403202 0.45974544 0.68895274 0.55381358 0.16266061 0.39832583 0.47263548 0.11254421 0.44833204 0.45653084 -0.113412 0.54350537 0.5412035 0.12987219 0.61293387 0.50474143 -0.13108946 0.53941876 0.62938672 0.11267923 0.58327901 0.5912289 -0.08446501
0.56413466 0.44894093 0.48611066 0.64388043 0.44402546 0.12371935 0.59421635 0.52813345 0.48319605 0.66263038 0.51048583 0.05304836 0.62965953 0.55670172 0.46228665 0.68060851 0.55391759 0.10314848 0.39486414 0.4743866 0.11782674 0.44816545 0.45714819 -0.11870941 0.53907919 0.54381293 0.13778497 0.61281312 0.50441098 -0.12983324 0.52404964 0.62878382 0.12781714 0.58512717 0.5954873 -0.08435651
0.56054127 0.44492912 0.48593241 0.64160669 0.44124967 0.13586178 0.565934 0.52660221 0.46843705 0.64901179 0.50304621 0.03466346 0.60006136 0.55906683 0.42242491 0.66676211 0.54814321 -0.00498472 0.39283186 0.47368991 0.12388143 0.44893798 0.45553714 -0.12478266 0.52269375 0.55143726 0.13951755 0.61834604 0.50641197 -0.11143816 0.52137667 0.63307166 0.12601429 0.60670584 0.59723854 -0.08427965
0.56185853 0.44160858 0.4559705 0.64807737 0.43945715 0.11756925 0.54735404 0.52116406 0.44533512 0.64427298 0.49852794 0.02643661 0.57221407 0.55468357 0.41663587 0.66584128 0.53911316 -0.012297 0.39484134 0.47079256 0.12236584 0.44905898 0.45509467 -0.1232143 0.53773659 0.54735583 0.13629526 0.62020731 0.50877315 -0.11120021 0.53662926 0.63014233 0.09847554 0.59853524 0.60456753 -0.10343929
5.62139153e-01 4.39050376e-01 4.59469825e-01 6.49367809e-01 4.36203271e-01 1.12915292e-01 5.51809788e-01 5.21538079e-01 4.43663388e-01 6.43050373e-01 4.95128304e-01 2.10525859e-02 5.78301370e-01 5.57019234e-01 4.11095053e-01 6.69497132e-01 5.32648146e-01 4.92793741e-04 3.96372914e-01 4.69243377e-01 1.23371884e-01 4.49273229e-01 4.54687715e-01 -1.24208845e-01 5.48909724e-01 5.45160413e-01 1.36202946e-01 6.21002138e-01 5.10036588e-01 -1.13115467e-01 5.35801351e-01 6.23532355e-01 9.20799151e-02 5.91346264e-01 6.05879664e-01 -1.09334223e-01
0.56028283 0.44011492 0.45597529 0.6482476 0.43502507 0.11701152 0.5505107 0.52100736 0.4374806 0.65745693 0.49129906 0.0078584 0.58014059 0.55521953 0.40990052 0.67513955 0.52940392 -0.03098843 0.39701489 0.46901235 0.12449964 0.45126262 0.45315853 -0.12533771 0.55462533 0.54395753 0.13034771 0.62222624 0.50902522 -0.12209821 0.53368884 0.62207699 0.06904259 0.58786321 0.6082238 -0.1310735 
5.61222196e-01 4.38639432e-01 4.43849146e-01 6.48451328e-01 4.35455531e-01 1.09899648e-01 5.60675859e-01 5.12798071e-01 4.33287740e-01 6.73118472e-01 4.91902620e-01 3.97156505e-03 6.08640254e-01 5.35228014e-01 4.23075110e-01 6.87771976e-01 5.21223783e-01 -1.40708085e-04 3.97265822e-01 4.68666464e-01 1.28985688e-01 4.51750785e-01 4.53419060e-01 -1.29852504e-01 5.63119769e-01 5.38878202e-01 1.28463343e-01 6.19828701e-01 5.09765506e-01 -1.29973024e-01 5.32940447e-01 6.16808653e-01 6.48386925e-02 5.86084306e-01 6.10835969e-01 -1.47118837e-01
0.56816739 0.43596461 0.49553674 0.64809632 0.43440613 0.08668375 0.62962157 0.4773511 0.5905484 0.67361742 0.49133137 0.09013103 0.71103162 0.46028149 0.68290228 0.69194663 0.50155586 0.33629146 0.39912927 0.46788961 0.15445805 0.45143366 0.4527922 -0.15546605 0.56191242 0.53521931 0.15532418 0.61879522 0.50986445 -0.15294322 0.53264707 0.61323816 0.11323315 0.58586413 0.61179096 -0.16332939
0.56811517 0.43328971 0.47138709 0.64893526 0.43353578 0.08801397 0.59146577 0.49461964 0.49926808 0.66749144 0.48440799 -0.0151894 0.66193938 0.49454701 0.53985566 0.67058033 0.51601017 -0.01557388 0.40445495 0.46451944 0.1466475 0.45360437 0.45304352 -0.14752108 0.56347471 0.5342868 0.15328875 0.61738586 0.50996423 -0.14474192 0.53712815 0.61301297 0.05861951 0.58505428 0.61287308 -0.17356107
0.56713742 0.43170908 0.46163297 0.64970452 0.43385267 0.08373944 0.56659997 0.4995259 0.4841634 0.66987336 0.48415428 -0.02726948 0.61264896 0.51218802 0.49869192 0.66502315 0.52122003 -0.01643019 0.40809166 0.46199626 0.14216454 0.46166366 0.45283076 -0.14302021 0.56223035 0.53215176 0.14900918 0.6192264 0.50976539 -0.14024612 0.53810179 0.61015528 0.09481443 0.58843213 0.61189854 -0.16898312
0.56650311 0.43114057 0.42181763 0.65147573 0.43372959 0.06481286 0.56205744 0.49911216 0.45355174 0.6674273 0.48557666 -0.02326555 0.60191482 0.52149743 0.49097046 0.67258227 0.52125651 0.00620058 0.40910271 0.46140963 0.14049904 0.46281698 0.45262614 -0.14141113 0.53803456 0.52875543 0.16527694 0.61897796 0.51159275 -0.09415848 0.53737611 0.61039323 0.16950557 0.58993834 0.6131869 -0.06609994
0.56202871 0.42996547 0.40669921 0.6514495 0.43303782 0.06294389 0.53543949 0.50152409 0.4154112 0.66588634 0.48281601 -0.06196843 0.55417663 0.54130435 0.40781727 0.67020619 0.51788217 -0.07373387 0.40898594 0.46083099 0.13600264 0.46376175 0.45251521 -0.13682257 0.53889459 0.52542251 0.17009063 0.61841339 0.51135409 -0.08679376 0.5367223 0.60856164 0.17411301 0.59363836 0.61314517 -0.05136685
0.56111795 0.43046427 0.40710106 0.65091181 0.43197918 0.06497937 0.5261569 0.50174165 0.40117231 0.66028291 0.4775033 -0.09051269 0.53548133 0.54799241 0.38244212 0.65779823 0.51485205 -0.17259236 0.40899768 0.46053094 0.13564698 0.46329364 0.45141923 -0.13638744 0.55503565 0.5263204 0.16608711 0.61833519 0.5108704 -0.11107571 0.52359349 0.61202818 0.12856612 0.58653116 0.61477065 -0.13905221
0.55935854 0.42944765 0.39632404 0.65058738 0.4314619 0.06488616 0.53568846 0.49923736 0.4004353 0.66233504 0.47243717 -0.06223949 0.54617149 0.53460008 0.39341131 0.66441232 0.50054276 -0.08309763 0.40893835 0.46043047 0.13056296 0.46268743 0.45136815 -0.13118175 0.55105954 0.52359033 0.15288027 0.61671835 0.51084971 -0.11154664 0.5248099 0.6105029 0.10446285 0.5865919 0.61444557 -0.13951188
0.55999476 0.42634252 0.3722505 0.65171331 0.4313795 0.06596138 0.54025847 0.49846998 0.38143876 0.66186565 0.47341788 -0.04541934 0.56012177 0.54074013 0.37931946 0.65012765 0.53438735 -0.06245565 0.40873265 0.45879623 0.1145312 0.46559644 0.4517684 -0.11523794 0.5484603 0.52801234 0.17553687 0.61609137 0.51415962 -0.04202545 0.52505744 0.61056066 0.1827848 0.58840722 0.61436588 -0.01059897
0.56023961 0.42329723 0.38033131 0.65161765 0.43090373 0.07009827 0.53790927 0.49158946 0.39254051 0.65661097 0.476612 -0.02439441 0.56315106 0.54118007 0.38715923 0.64647192 0.54746139 -0.00935397 0.40798846 0.45624816 0.11108339 0.46743765 0.45183796 -0.11186948 0.54634088 0.52876717 0.19391321 0.61543161 0.51543695 -0.02029615 0.52483195 0.61057431 0.21959123 0.59948337 0.61225545 0.02467302
0.56020677 0.42255011 0.38525715 0.65145826 0.43087831 0.07318395 0.53192276 0.49162486 0.39731914 0.65292925 0.48130581 -0.02091121 0.55073506 0.54210317 0.38793707 0.64418423 0.5503214 -0.00320983 0.40478915 0.45504987 0.11132288 0.47105616 0.45185137 -0.11216582 0.54560405 0.52883869 0.20455904 0.61700284 0.51538515 -0.01787292 0.52510124 0.60859829 0.2311248 0.6076436 0.60844493 0.03742588
0.55994558 0.4213725 0.38846442 0.65138739 0.4309676 0.07693681 0.53060567 0.49234551 0.40575716 0.65461296 0.48611021 -0.00577366 0.55071229 0.54207689 0.40363884 0.64800733 0.55664819 0.01348262 0.40332663 0.4540759 0.11114488 0.47252104 0.45183516 -0.11197286 0.54220438 0.5289526 0.21062693 0.61626798 0.51544321 -0.01125034 0.52102911 0.607292 0.25258017 0.60478461 0.6059339 0.04565243
0.55989885 0.42082155 0.39014414 0.65128171 0.43007517 0.077218 0.53293586 0.49320567 0.40698799 0.65413159 0.48602131 -0.00731883 0.5509221 0.54228401 0.40393016 0.6477325 0.55221003 0.00725753 0.4031637 0.45370007 0.11196632 0.47315675 0.45101014 -0.11277062 0.53887355 0.5292567 0.20438989 0.61596859 0.51511735 -0.01751223 0.52090305 0.60727316 0.23842008 0.60520148 0.60500437 0.02799664
0.55952477 0.41870984 0.39114213 0.65120107 0.4289149 0.07480875 0.53451258 0.48968205 0.41018608 0.64390522 0.48583058 -0.0034181 0.55332971 0.53465992 0.41425902 0.6485101 0.55533618 0.02690123 0.40242594 0.45286337 0.11222712 0.47397327 0.45085534 -0.11305379 0.52796239 0.52837342 0.20447469 0.61549133 0.51460934 -0.02129365 0.52171433 0.60651582 0.24543485 0.60465664 0.60473228 0.03502819
0.55955541 0.41608074 0.39498919 0.65371299 0.42795897 0.07543766 0.53551 0.4858686 0.41814181 0.6400457 0.48496512 -0.00565294 0.55667931 0.53061545 0.41392928 0.64637703 0.55205739 0.02837052 0.40245432 0.45152712 0.11603264 0.47844452 0.45088366 -0.11692474 0.53039521 0.52796209 0.22141528 0.61551291 0.51537538 -0.01891004 0.52199852 0.60344315 0.27854052 0.60284573 0.60376835 0.05980087
0.55960053 0.41568598 0.41521537 0.65396154 0.42584926 0.07948771 0.53119779 0.48701373 0.43498531 0.64059937 0.48401344 -0.00702481 0.54557192 0.53195018 0.41800681 0.64689368 0.55108178 0.02606615 0.40138561 0.45080894 0.12061947 0.47738016 0.44986883 -0.12147905 0.52744305 0.52905107 0.22587441 0.60837036 0.52103037 -0.01733077 0.5238834 0.60328829 0.29333535 0.59718782 0.60385382 0.065376 
0.56020761 0.41475058 0.40636119 0.65512985 0.42383298 0.07845393 0.54093242 0.48211825 0.42819107 0.64152235 0.48328048 0.00220135 0.56995976 0.51912236 0.41730499 0.64969909 0.55048156 0.03563993 0.40142477 0.44952461 0.12059586 0.47673187 0.44784984 -0.12145049 0.52745134 0.52924389 0.22156128 0.6028468 0.52031273 -0.02313139 0.52409178 0.60560626 0.26268676 0.59063584 0.60384637 0.04131259
5.62073648e-01 4.13740188e-01 4.05884266e-01 6.55726850e-01 4.22052950e-01 6.79902136e-02 5.43299854e-01 4.81393278e-01 4.26386505e-01 6.42043114e-01 4.83304590e-01 -1.48358682e-04 5.69623172e-01 5.18017888e-01 4.11059916e-01 6.51331604e-01 5.48997700e-01 4.48752940e-02 4.01418686e-01 4.48107719e-01 1.24540552e-01 4.76771593e-01 4.45307106e-01 -1.25369847e-01 5.27854085e-01 5.24502456e-01 2.19707087e-01 6.03604913e-01 5.22581935e-01 -3.76032814e-02 5.27003884e-01 6.02712452e-01 2.52788574e-01 5.75195730e-01 6.05066299e-01 3.02737448e-02
5.62462568e-01 4.12555724e-01 3.99478018e-01 6.55337095e-01 4.19640452e-01 5.58621101e-02 5.50945520e-01 4.79066759e-01 4.14424360e-01 6.40220046e-01 4.82852459e-01 -1.54199384e-04 5.88570535e-01 5.14205873e-01 4.03818130e-01 6.49631858e-01 5.47081590e-01 6.14509247e-02 4.01599616e-01 4.48189110e-01 1.25045672e-01 4.76792276e-01 4.43347275e-01 -1.25787571e-01 5.30919731e-01 5.25007367e-01 1.85415164e-01 6.03903174e-01 5.21966040e-01 -6.07302487e-02 5.26858509e-01 6.04609072e-01 2.02424929e-01 5.71899831e-01 6.09546304e-01 -2.14289967e-02
0.56228375 0.41210884 0.41342634 0.65298671 0.41844833 0.05850773 0.55296886 0.47987926 0.41639969 0.64009869 0.48194331 0.00624783 0.59352839 0.51398063 0.40407774 0.64783442 0.54539049 0.06367109 0.40208751 0.4482699 0.12811659 0.4754771 0.44250685 -0.12873743 0.53141582 0.52700752 0.17068236 0.60292625 0.51796442 -0.07987936 0.5270561 0.60799354 0.18579708 0.57129407 0.61401063 -0.03839964
0.56009519 0.41255245 0.42285872 0.64894843 0.41705194 0.0600479 0.55212957 0.49081573 0.42715567 0.63930231 0.48176432 -0.00809954 0.58998114 0.53490633 0.42588973 0.64899397 0.53856522 0.01480525 0.40637392 0.44849741 0.12864937 0.4725863 0.44135278 -0.12919284 0.53614587 0.52365744 0.14592445 0.60263515 0.51429802 -0.10133358 0.52980173 0.60808599 0.13366109 0.57110292 0.61851335 -0.09799755
0.56119269 0.41097277 0.42669904 0.64659309 0.41333124 0.07287291 0.56474924 0.48758712 0.43241155 0.63921374 0.4745959 0.01176306 0.60948813 0.51878661 0.43695894 0.66291094 0.51403904 0.04537966 0.41657984 0.44681925 0.12856726 0.47262496 0.43775219 -0.12908649 0.5368495 0.52199006 0.11843893 0.5983904 0.51228708 -0.11197241 0.53238499 0.60791695 0.08206004 0.56993717 0.61734188 -0.13709709
0.56237423 0.40726444 0.449938 0.64660811 0.41088679 0.08230615 0.56300873 0.48512495 0.45961046 0.63858056 0.47238743 0.00870646 0.60173202 0.52004975 0.45332691 0.653835 0.52104968 0.04465311 0.41962501 0.44227669 0.13225313 0.47811273 0.43456504 -0.13270979 0.53764999 0.52839172 0.13382223 0.59282202 0.5131377 -0.10702904 0.53226411 0.6094479 0.13105711 0.57015193 0.616485 -0.09785966
0.5622496 0.40461877 0.52943981 0.64483714 0.40883109 0.13191402 0.56168747 0.48517054 0.53738397 0.63872409 0.47374853 0.074624 0.60078782 0.52407932 0.52574039 0.65097249 0.52603185 0.14443408 0.4182831 0.44153965 0.13849661 0.47877938 0.43361408 -0.13887882 0.54250652 0.53508991 0.13993299 0.59411579 0.51324409 -0.12121171 0.52515662 0.61038834 0.13802399 0.56167078 0.6181559 -0.11531225
0.56206733 0.40193197 0.5287177 0.64499205 0.40849027 0.18034163 0.56106031 0.48118588 0.53949809 0.64119005 0.47447661 0.08495542 0.59642422 0.52430391 0.5246107 0.65384418 0.52823275 0.10538406 0.41770226 0.43905625 0.13713554 0.48589274 0.43227625 -0.13754706 0.52784914 0.53731465 0.14267659 0.59422487 0.51568437 -0.11114254 0.51898909 0.61231363 0.17413667 0.56077743 0.61957055 -0.08278701
0.5601182 0.39996821 0.49221507 0.64418024 0.40742275 0.15744568 0.56348497 0.48000839 0.49442217 0.65185499 0.47272384 0.11796994 0.59765923 0.5220598 0.45390549 0.64450997 0.52136111 0.20355497 0.41743574 0.4376277 0.13158605 0.48471442 0.43204027 -0.13218555 0.52831006 0.53807098 0.14164175 0.59745753 0.51849234 -0.10423525 0.51682854 0.61227167 0.14695521 0.56011927 0.61903232 -0.07958017
0.55789506 0.39895025 0.5040462 0.64412653 0.40636626 0.18435366 0.56244224 0.47904232 0.50393891 0.66935658 0.46882823 0.16527121 0.60007268 0.51912564 0.4871681 0.65580589 0.49698076 0.27417836 0.41688237 0.43777037 0.13147774 0.48406136 0.43334004 -0.1320551 0.52945638 0.53998917 0.1449625 0.59756148 0.5191347 -0.10271832 0.50912052 0.61207229 0.15130959 0.55945098 0.61857599 -0.07663615
0.55639631 0.39655986 0.50227076 0.64193267 0.40380651 0.16135046 0.54796398 0.47281149 0.49552822 0.66732615 0.46966064 0.14687271 0.57013416 0.51308799 0.46837589 0.64890939 0.49140871 0.27811354 0.41672221 0.43644699 0.12969223 0.48387638 0.42881712 -0.13039549 0.52976286 0.53960305 0.14658631 0.5995118 0.51893115 -0.09298299 0.50504982 0.61100864 0.15144135 0.55985898 0.61727917 -0.07439137
0.55355144 0.39497611 0.43262613 0.63937205 0.40322039 0.1313947 0.54534906 0.46454707 0.40273041 0.65835154 0.46908018 0.12440564 0.56258279 0.49928662 0.3513498 0.63015807 0.48898104 0.27421975 0.41647318 0.43401042 0.12268483 0.48384976 0.43092355 -0.12350979 0.52644199 0.53516859 0.15838832 0.5974474 0.518848 -0.06165029 0.50036079 0.60642487 0.17148688 0.55957299 0.61458856 -0.05623237
0.55389762 0.39108694 0.41755098 0.63964492 0.39882845 0.12385 0.55896288 0.46057358 0.39145684 0.65174073 0.46415299 0.11494252 0.58051264 0.49104708 0.35764813 0.63219899 0.49788192 0.23645473 0.41618997 0.43167415 0.12017192 0.48494804 0.42969713 -0.12095765 0.52599311 0.53085238 0.16983026 0.59681123 0.5201813 -0.05539823 0.48193523 0.60314977 0.20316352 0.56022954 0.61404872 -0.01390935
0.5540421 0.38770172 0.44078273 0.64001232 0.39586824 0.14507349 0.56471735 0.45814067 0.47663197 0.64999229 0.46176994 0.15300438 0.5945307 0.48771316 0.49941179 0.64752036 0.50206858 0.28694224 0.41663069 0.43001717 0.119513 0.48671457 0.42834538 -0.12024186 0.51819438 0.5295518 0.16967942 0.5961076 0.52079403 -0.05635125 0.47341573 0.60284615 0.21447171 0.56046325 0.61389035 -0.00581971
0.55443519 0.38462454 0.45100975 0.64017564 0.39061099 0.16103455 0.56074435 0.45219934 0.47670701 0.64868706 0.45820606 0.14769897 0.59540391 0.49459997 0.48443186 0.64686513 0.50409484 0.25365588 0.41837555 0.42866772 0.11354933 0.48958859 0.42651635 -0.11416671 0.51267904 0.52970892 0.16291434 0.59302121 0.52066231 -0.05160204 0.47787181 0.60460311 0.20314761 0.56103897 0.61385721 -0.00384143
0.55731755 0.38067034 0.46404496 0.64324272 0.38584331 0.16964911 0.56343913 0.45460355 0.47478837 0.64740014 0.45288357 0.12184818 0.59384519 0.49722371 0.47015196 0.64714843 0.50508815 0.15585533 0.41882455 0.42808473 0.11379366 0.49176058 0.42420366 -0.11442643 0.50941175 0.52734441 0.15376043 0.59305066 0.51862103 -0.05582089 0.48300827 0.60609108 0.18887843 0.55885631 0.61293435 -0.01417191
0.55990678 0.37559807 0.46615037 0.64405972 0.3813296 0.16387701 0.56797558 0.45061812 0.48672953 0.64738548 0.45069379 0.1327783 0.59649342 0.49589425 0.48674136 0.64912689 0.5044753 0.21587989 0.42021921 0.42599413 0.114176 0.49772701 0.421134 -0.11478464 0.50628722 0.52691686 0.14933881 0.58435291 0.51829928 -0.05660402 0.48620498 0.6083107 0.18102166 0.55930018 0.61411887 -0.01696242
0.56193113 0.37282246 0.49459511 0.64415938 0.37840992 0.18513428 0.57711291 0.44876701 0.49883896 0.65095657 0.44668829 0.13747011 0.60673165 0.49687463 0.47744134 0.65457147 0.50479335 0.21397002 0.42548916 0.42471933 0.11457132 0.50274342 0.42194173 -0.115177 0.50844473 0.52385437 0.13855565 0.57782167 0.51505166 -0.05697271 0.49709144 0.60830152 0.15737922 0.55939859 0.61412394 -0.03198012
0.56340778 0.3704631 0.4893584 0.6441977 0.37524381 0.16210762 0.58022356 0.44817892 0.49358657 0.65177298 0.44905815 0.13614595 0.61378574 0.49453944 0.49566001 0.66018492 0.50305575 0.24556142 0.42780054 0.42534631 0.11670312 0.50230896 0.42207822 -0.11719165 0.508883 0.52418685 0.14106585 0.5802595 0.5156526 -0.06937496 0.50271165 0.60835963 0.15955248 0.5604353 0.61381531 -0.04946354
0.56668735 0.36699453 0.48777738 0.6474703 0.37059614 0.16023234 0.57953537 0.4401589 0.50587291 0.6525346 0.44414055 0.13478935 0.60988343 0.48897922 0.50729781 0.65907747 0.4994815 0.23943928 0.43519625 0.42391935 0.12174717 0.50322336 0.4216226 -0.12218355 0.51683879 0.52385253 0.1376577 0.58305204 0.51574278 -0.0816759 0.5073567 0.60875595 0.14395508 0.56166369 0.6139279 -0.08117545
0.56683862 0.36372527 0.49344996 0.64693934 0.36916924 0.17185239 0.57861054 0.43542829 0.51979035 0.65434498 0.43891069 0.14641002 0.60761029 0.48062739 0.52221692 0.66032118 0.4959856 0.25911209 0.43678612 0.42470556 0.12148933 0.50476694 0.4222002 -0.12196599 0.52476466 0.52197945 0.13187864 0.59107512 0.51527661 -0.09352624 0.5094189 0.60823554 0.11541429 0.56175309 0.61317044 -0.09443816
0.56649834 0.36095801 0.53161168 0.64799243 0.36416128 0.18239631 0.57735687 0.43490848 0.5623768 0.65668368 0.43618494 0.14871505 0.60306263 0.48488194 0.56921166 0.66561139 0.49699455 0.26923385 0.43972987 0.42483824 0.13129257 0.50718492 0.42177638 -0.13181628 0.52729106 0.52025563 0.14401329 0.59332764 0.5153237 -0.10171659 0.50933921 0.6037724 0.14228241 0.56377763 0.61308497 -0.08604953
0.56626588 0.35222948 0.55737752 0.64777464 0.3573319 0.20033824 0.57678533 0.41436395 0.57975286 0.65674871 0.43163449 0.14419109 0.59466839 0.45129633 0.56210864 0.66091299 0.49346569 0.24253227 0.44292471 0.4226594 0.13667721 0.51010031 0.41881338 -0.13716495 0.527035 0.52005738 0.13683176 0.5980776 0.5113222 -0.10574355 0.51056463 0.60484874 0.14472635 0.57611698 0.60858601 -0.08565339
0.56704462 0.34832236 0.55795544 0.64971453 0.34962973 0.18984784 0.58152658 0.41685602 0.57261485 0.65665549 0.42267427 0.11489435 0.61275375 0.46443 0.54971862 0.66567123 0.48939067 0.17601812 0.44492507 0.42127666 0.14346038 0.51243693 0.41769278 -0.14390966 0.52674812 0.51913339 0.14131182 0.60136199 0.50585425 -0.10055208 0.51075763 0.60508639 0.17454472 0.5804354 0.60726136 -0.08038642
0.56621432 0.34173018 0.57131934 0.64631826 0.34317937 0.18631993 0.58054399 0.40743959 0.58666611 0.65640521 0.41986528 0.11515126 0.61024016 0.45606613 0.57178515 0.66528875 0.48674864 0.19092655 0.44383213 0.4218145 0.14535479 0.51399577 0.41782385 -0.14578824 0.529486 0.51929379 0.15144937 0.61179382 0.5054872 -0.09850411 0.51360363 0.60699081 0.19629683 0.58642477 0.60612869 -0.07752544
0.56382996 0.33692449 0.57653803 0.64197141 0.336198 0.17064646 0.57081842 0.40128124 0.6075896 0.65153086 0.41193235 0.11561742 0.60489249 0.44909647 0.61139107 0.66028047 0.47615722 0.22847933 0.44257516 0.4243584 0.14901131 0.51268637 0.41788223 -0.14938448 0.52915651 0.52142882 0.18512319 0.60945511 0.51190817 -0.0891222 0.51356345 0.60962427 0.2460213 0.58387595 0.60668778 -0.05714921
0.55738539 0.33257288 0.55871177 0.63264734 0.3307676 0.15990432 0.57088673 0.40334865 0.58925903 0.64387172 0.40865368 0.11515187 0.60440099 0.45631021 0.6046744 0.66223568 0.47878447 0.24635959 0.44181579 0.42681918 0.14635938 0.5118621 0.42012629 -0.14679329 0.52649909 0.52177107 0.20088711 0.60845613 0.51475471 -0.07176143 0.50897902 0.61043108 0.2550008 0.58232969 0.61334443 -0.03287977
0.54712188 0.32452363 0.55359727 0.63139927 0.3229852 0.16118416 0.55327255 0.3943606 0.57980072 0.64196271 0.40195069 0.1111786 0.58273488 0.44939137 0.58511508 0.66197079 0.47545022 0.24170534 0.44219419 0.4268333 0.14498077 0.51482904 0.41999975 -0.14551312 0.52292728 0.52153361 0.20674977 0.60813934 0.51596743 -0.04935926 0.50593597 0.61060143 0.22902584 0.58222359 0.60972488 -0.03995471
0.53549689 0.31630409 0.51122367 0.62297535 0.31872776 0.11214917 0.52884531 0.38081947 0.52891403 0.63687915 0.39342812 0.07158773 0.5548771 0.43145332 0.50509715 0.65789557 0.46384376 0.21331142 0.44420126 0.42665863 0.14358777 0.51635104 0.42000327 -0.14411379 0.5153715 0.51953721 0.2432511 0.59977031 0.51823765 -0.03334052 0.50596046 0.60933632 0.24038976 0.58203411 0.61208576 -0.04374212
0.51797616 0.31299219 0.36731136 0.61551821 0.31353411 0.02351118 0.509794 0.37041342 0.38235903 0.63384229 0.38964647 -0.01104262 0.54837883 0.42701972 0.37359986 0.65621269 0.45999697 0.116152 0.45384163 0.42640364 0.13017553 0.52281916 0.41976964 -0.13070883 0.50977445 0.51907808 0.26554599 0.59085757 0.5195483 -0.01060596 0.49979892 0.60954916 0.28310859 0.57527751 0.61443877 -0.0149435 
0.50684232 0.30882266 0.26257196 0.61024117 0.31112117 -0.0931185 0.48890731 0.36972237 0.27427912 0.62837422 0.38868731 -0.12282524 0.51857471 0.42415732 0.26008344 0.65451121 0.45631787 -0.01629941 0.46310225 0.42474887 0.12987959 0.52877587 0.42012441 -0.1303217 0.51107544 0.51855081 0.27887529 0.5868057 0.52066267 -0.02166897 0.50021094 0.61164254 0.37428883 0.57464927 0.61854994 0.01831182
0.49683702 0.30639297 0.2177134 0.60301566 0.308945 -0.1577535 0.48039827 0.37175548 0.24179956 0.62700695 0.386572 -0.13446055 0.52097601 0.42208105 0.23410398 0.65198487 0.45054823 0.05560181 0.47093788 0.4239046 0.13378261 0.53854299 0.42022526 -0.13421726 0.51180005 0.51856124 0.32512546 0.58758718 0.52041584 0.00573533 0.50345153 0.61262304 0.47462502 0.57379085 0.61960804 0.11063609
0.49147651 0.30857569 0.20129603 0.59881115 0.30915439 -0.16949944 0.48413995 0.37537447 0.21645164 0.62625331 0.38556588 -0.15664271 0.51946384 0.42863896 0.23124748 0.65133709 0.44730192 0.02030977 0.47956237 0.42396143 0.13378769 0.54905194 0.42257041 -0.13422492 0.51232046 0.52172786 0.2633945 0.58536536 0.52562779 -0.01197403 0.50348806 0.6134662 0.35854256 0.57280034 0.62170285 0.08706811
0.48558554 0.30778778 0.19684987 0.59283394 0.30720273 -0.15852569 0.48815313 0.37449315 0.21311986 0.62277395 0.38254851 -0.13967037 0.51028526 0.43040454 0.22462068 0.64857656 0.44217631 0.04671793 0.48196921 0.42368364 0.1307158 0.55305928 0.42304727 -0.13111971 0.50886881 0.52221453 0.22031341 0.58154947 0.52623898 -0.01891658 0.50646263 0.61374581 0.34945378 0.5740158 0.62174988 0.07428817
0.479505 0.30543217 0.17242835 0.58594918 0.30389917 -0.22381885 0.48736691 0.37323654 0.20751521 0.62005198 0.37949541 -0.17966062 0.5122785 0.42828321 0.22715975 0.64767295 0.43680003 0.04857946 0.48437303 0.42372611 0.1344679 0.55519807 0.4232733 -0.13500588 0.50870174 0.52222234 0.28692436 0.58248049 0.52734131 -0.01887003 0.50747776 0.61523783 0.43139765 0.57401294 0.62349373 0.10777194
0.47485542 0.30761087 0.12722485 0.58353168 0.30328307 -0.26607239 0.48677599 0.37250438 0.17861673 0.61755496 0.37802324 -0.21857227 0.50862724 0.4269394 0.22270878 0.64549339 0.43288991 -0.00199061 0.48762688 0.42412275 0.13448305 0.557073 0.42373791 -0.13502102 0.50887287 0.52220124 0.29402849 0.58322746 0.52670938 -0.00470806 0.50865692 0.61507481 0.44608667 0.57313585 0.62269038 0.13822456
0.47163075 0.30837297 0.12308923 0.57777852 0.30200452 -0.27773455 0.48851809 0.3736096 0.17059235 0.61696243 0.37717316 -0.23155607 0.51102328 0.4279218 0.21188608 0.64390272 0.43190411 -0.01427719 0.48987138 0.42499974 0.13448031 0.5589627 0.42433691 -0.13501787 0.50894511 0.52273309 0.30165681 0.58333826 0.52659374 0.01112804 0.51092041 0.61583525 0.46841276 0.5698052 0.62243915 0.17947282
0.46921447 0.30933675 0.11975072 0.57418507 0.30124873 -0.27534175 0.48739108 0.37457997 0.16997221 0.61584753 0.37621447 -0.24819401 0.51265717 0.42750815 0.22108157 0.64329451 0.43046427 -0.06507457 0.49310026 0.42513141 0.13147467 0.5614562 0.42428905 -0.13195121 0.50929999 0.52271473 0.28485724 0.58347672 0.5262109 0.00841412 0.51265639 0.61600327 0.42437869 0.56976372 0.62236279 0.15952055
4.62748200e-01 3.10117573e-01 1.50336325e-01 5.75289965e-01 3.01086098e-01 -2.17507690e-01 4.82954562e-01 3.75405878e-01 1.80783480e-01 6.13194525e-01 3.73069316e-01 -1.95537284e-01 5.12173593e-01 4.27695632e-01 2.22870901e-01 6.41839743e-01 4.28381264e-01 -1.91196650e-02 4.92391229e-01 4.25246209e-01 1.30456507e-01 5.61528921e-01 4.24066752e-01 -1.30858690e-01 5.09569347e-01 5.22100091e-01 2.40820989e-01 5.83375037e-01 5.25954604e-01 -5.79387648e-04 5.12460589e-01 6.17613137e-01 3.53429556e-01 5.71663439e-01 6.23406827e-01 1.48541212e-01
0.45948169 0.31052077 0.15544298 0.5740031 0.30089277 -0.20384882 0.48125079 0.37601531 0.18258438 0.61139256 0.3715547 -0.17854521 0.51164156 0.42815632 0.21449739 0.64102101 0.42695644 0.00083708 0.49226576 0.42561164 0.13034381 0.56242329 0.42403692 -0.13074 0.51034588 0.52074295 0.24455769 0.58303136 0.52586007 -0.00376527 0.512407 0.61741447 0.35507804 0.57303965 0.62375128 0.12364564
4.54846799e-01 3.10815066e-01 1.35961622e-01 5.72311163e-01 3.00981134e-01 -2.02757910e-01 4.78967398e-01 3.76290321e-01 1.63955227e-01 6.10528290e-01 3.72005016e-01 -1.77867129e-01 5.12029529e-01 4.27509874e-01 1.98257029e-01 6.40952885e-01 4.25624311e-01 5.36790001e-04 4.94056076e-01 4.25771803e-01 1.26605272e-01 5.64858377e-01 4.23971772e-01 -1.26937315e-01 5.11249959e-01 5.18943131e-01 2.43387371e-01 5.83096623e-01 5.25817811e-01 -3.69069865e-03 5.12340724e-01 6.17331564e-01 3.57229203e-01 5.73076546e-01 6.23466313e-01 1.17212497e-01
0.45167804 0.31100997 0.13955909 0.56483597 0.30110106 -0.21822518 0.47981942 0.37660739 0.16667981 0.60876191 0.37180397 -0.19916864 0.51043367 0.4311811 0.19626911 0.6408425 0.42687538 -0.02929617 0.49546894 0.4275476 0.12605152 0.56474614 0.42439362 -0.12638636 0.51275152 0.51905024 0.2337404 0.58312786 0.52575094 -0.00501718 0.51227307 0.61716908 0.35339388 0.57384163 0.62308383 0.11382576
0.44672605 0.31114358 0.13277946 0.56250054 0.30145597 -0.2277576 0.47842488 0.37681034 0.16358735 0.60710913 0.37263441 -0.2085419 0.50856906 0.43363968 0.19325131 0.64031708 0.42711774 -0.03812486 0.49644187 0.42868668 0.1260431 0.56495959 0.42496547 -0.12637471 0.51476389 0.5189113 0.23750317 0.58319283 0.52566677 -0.00592445 0.51221949 0.61707503 0.36656523 0.57335484 0.62303507 0.12374101
0.44438526 0.3112027 0.13502748 0.55680066 0.301642 -0.2377412 0.47602895 0.37828198 0.17267799 0.6054256 0.37346637 -0.21694565 0.5086627 0.43442684 0.20559366 0.63966852 0.42750084 -0.04429385 0.49647799 0.42901072 0.12617172 0.56460017 0.42510667 -0.12651646 0.51608783 0.51896268 0.23897801 0.58291185 0.5255388 -0.01379673 0.51214498 0.61700857 0.36812022 0.5731619 0.62361592 0.11838425
0.44213656 0.31127536 0.14439896 0.55054474 0.30176142 -0.23916781 0.47425982 0.37785536 0.17806892 0.60496384 0.37309653 -0.22678564 0.50715065 0.43113312 0.22365804 0.63924742 0.42757207 -0.0633474 0.49588132 0.42886993 0.12635297 0.5638923 0.42441949 -0.12670231 0.51843798 0.51894182 0.22423948 0.58201069 0.5247997 -0.02615957 0.51172853 0.61687934 0.34116071 0.57282233 0.62332761 0.09238579
0.43788025 0.31148916 0.15044798 0.54495996 0.30198765 -0.25240952 0.47234195 0.37822551 0.1924179 0.60413289 0.37320819 -0.23986548 0.50779325 0.43174422 0.23126449 0.63903189 0.42747125 -0.07920971 0.49571109 0.42883906 0.12904191 0.56341332 0.4241147 -0.12942332 0.52024049 0.51896155 0.22585984 0.58154714 0.52461749 -0.0396729 0.51130623 0.61685914 0.35857552 0.57281941 0.62326294 0.07893754
0.43301046 0.31264642 0.16658193 0.53953731 0.30202231 -0.25366727 0.47135603 0.37820652 0.22549616 0.60194337 0.37277648 -0.24997182 0.5088529 0.43119827 0.25486046 0.63793957 0.42682865 -0.10221039 0.49533138 0.42882174 0.1358296 0.56307226 0.42403606 -0.1362149 0.52116835 0.51862913 0.24893892 0.58158714 0.52331173 -0.06858666 0.51092267 0.61590791 0.38395399 0.57273263 0.62318403 0.02205126
0.42938739 0.3145611 0.17279591 0.53491718 0.30219078 -0.25364402 0.46983117 0.37899509 0.2348209 0.59933531 0.37265077 -0.2550678 0.51695913 0.42984769 0.25871322 0.63719928 0.42692932 -0.11609296 0.49507657 0.42923859 0.13919462 0.56258333 0.42402521 -0.13953143 0.5210306 0.51876658 0.26112008 0.58078158 0.52322036 -0.07331273 0.51160753 0.61582297 0.39864907 0.57260668 0.62339127 0.0182305 
0.42651543 0.31569517 0.19045684 0.52965158 0.3028549 -0.25782692 0.46772283 0.37893662 0.26584932 0.59603268 0.37284076 -0.27673805 0.52172238 0.42680135 0.29749933 0.63722646 0.42722309 -0.15694767 0.49492171 0.42969862 0.14408098 0.56241006 0.42403755 -0.14444874 0.52091348 0.51876408 0.27088031 0.58062685 0.52298278 -0.07768477 0.5127961 0.61540037 0.41316524 0.57132208 0.62320483 0.01531744
0.42520159 0.31663993 0.20978196 0.52709073 0.30322009 -0.2578465 0.46599469 0.37883085 0.29090145 0.59362018 0.37292999 -0.28248417 0.52285713 0.42230722 0.32407352 0.63685685 0.4273634 -0.16973984 0.49482596 0.430641 0.14954722 0.56229615 0.42458332 -0.14990905 0.52070242 0.51916927 0.28776941 0.58067608 0.52296376 -0.08334556 0.51425135 0.61529535 0.4388257 0.57102489 0.6231817 0.00243668
0.42386809 0.31807846 0.2004796 0.52383316 0.30388638 -0.26244789 0.46497115 0.37919316 0.27279443 0.59089434 0.37362519 -0.29685715 0.52527589 0.42262998 0.29955319 0.63690335 0.42749071 -0.19944309 0.49565256 0.43174821 0.14953403 0.56235379 0.42527506 -0.14991601 0.52052885 0.51972789 0.28520647 0.58075267 0.52314246 -0.07807174 0.51480407 0.6152178 0.43788195 0.57092184 0.62345493 0.01767947
0.42181978 0.31975988 0.19577086 0.523996 0.30520806 -0.26673409 0.46414134 0.37985858 0.26773617 0.58941162 0.37529621 -0.30041787 0.53085154 0.4214721 0.2920382 0.63699222 0.42771694 -0.19909057 0.49641937 0.43241394 0.14958687 0.56257468 0.42618072 -0.14998287 0.52016097 0.52047378 0.27898911 0.58080602 0.5231452 -0.0733505 0.51543975 0.61528355 0.42434981 0.57089072 0.6234386 0.02751052
0.4204185 0.32056758 0.196383 0.52189863 0.30633804 -0.26398754 0.46206257 0.38013539 0.27271909 0.58709186 0.37583855 -0.29994172 0.53013724 0.41932154 0.29516163 0.63687164 0.42782432 -0.20872152 0.49631488 0.43246493 0.14911994 0.56248552 0.42617723 -0.14950402 0.51935315 0.52069098 0.2641401 0.58062834 0.52285969 -0.07514808 0.51546496 0.615336 0.39773205 0.57089192 0.62304044 0.01876926
0.42010358 0.32062891 0.18391453 0.52057695 0.30712348 -0.2744633 0.46066087 0.38020331 0.26588887 0.58719879 0.37700495 -0.31038481 0.52974904 0.41792259 0.29077944 0.63684124 0.42790931 -0.2168906 0.49623227 0.4326691 0.14843965 0.56232864 0.42657441 -0.14881858 0.51905262 0.52058339 0.27284229 0.58073485 0.52262211 -0.07250114 0.5153988 0.61523688 0.42354956 0.5708952 0.6230303 0.02472146
0.41971856 0.32067618 0.17787556 0.51949483 0.30742377 -0.27237606 0.46013141 0.38044062 0.26566577 0.58752471 0.37859216 -0.3063775 0.52924365 0.41594312 0.28530845 0.63686574 0.42803654 -0.20994154 0.49593353 0.43263367 0.14794956 0.56119412 0.4265638 -0.14832722 0.51910508 0.52053452 0.27242389 0.58135957 0.52243841 -0.07223728 0.51575702 0.61519873 0.41989729 0.57106525 0.62301832 0.02143787
0.41995656 0.32050544 0.18228115 0.51823288 0.30768168 -0.27053285 0.46046102 0.38059217 0.2631017 0.58675635 0.37913552 -0.30588272 0.5358693 0.41685751 0.26768583 0.63683867 0.42828122 -0.21269026 0.49543294 0.4326643 0.14871526 0.55997521 0.42671621 -0.14909332 0.51908243 0.52054566 0.2721279 0.58164877 0.52209395 -0.07383184 0.51626128 0.61519915 0.41789982 0.57117444 0.62294978 0.02111609
0.41854879 0.32090959 0.17970043 0.51772034 0.30774525 -0.27485168 0.46056798 0.38098186 0.25485349 0.58635545 0.37914357 -0.30915216 0.53475434 0.41739881 0.25819379 0.63685149 0.42846823 -0.21855246 0.49495628 0.43261835 0.14876433 0.55939645 0.42669737 -0.14914843 0.51906425 0.52050275 0.27152133 0.58189052 0.52195626 -0.0729401 0.51653153 0.61519176 0.4162904 0.57117569 0.62288302 0.023225 
0.41738662 0.32151762 0.18184303 0.5173189 0.30782503 -0.27352387 0.45935321 0.38152736 0.25507286 0.58626658 0.3791844 -0.30345798 0.533957 0.41792682 0.26117164 0.63686514 0.42879072 -0.21278854 0.49467027 0.4325873 0.14863884 0.55916852 0.42668059 -0.14902458 0.51904929 0.52021891 0.27105576 0.58213854 0.52183014 -0.07692857 0.51650524 0.61511397 0.41629958 0.57119745 0.62281615 0.01215547
0.41701496 0.32267195 0.1731405 0.51703763 0.30867568 -0.2745606 0.45906883 0.38309485 0.24152882 0.58654732 0.38059086 -0.30312699 0.53343558 0.41878906 0.2461573 0.63692588 0.42981777 -0.20957395 0.49453762 0.432558 0.14849706 0.55901128 0.42666844 -0.14888036 0.51903701 0.52021253 0.27071393 0.58252162 0.52177757 -0.07923646 0.51666862 0.61503005 0.41707742 0.57126683 0.62280756 0.00675524
0.41723043 0.32269683 0.16172306 0.51556957 0.3093594 -0.28578645 0.45831761 0.3839387 0.23164809 0.58658284 0.38143986 -0.31119326 0.53307903 0.41900665 0.23808001 0.63670558 0.42999479 -0.2154201 0.49449933 0.43255055 0.14869994 0.55860585 0.42672396 -0.14908499 0.51897418 0.5201872 0.28345913 0.58267605 0.5216409 -0.08195693 0.51665252 0.61433601 0.44874558 0.57130444 0.62279433 0.00468105
0.4163228 0.32291618 0.16489927 0.51231581 0.30955267 -0.28632858 0.4567928 0.38470337 0.23475103 0.58539438 0.38138148 -0.314531 0.533032 0.41858116 0.24400875 0.63576216 0.42998445 -0.22358653 0.49432355 0.4325262 0.14950716 0.558254 0.42676666 -0.14988527 0.51896524 0.5201869 0.28572932 0.58284926 0.52147967 -0.08722445 0.51650119 0.61393076 0.45001522 0.57135385 0.62289906 -0.00660494
0.41644868 0.32280347 0.16666399 0.51102829 0.30990401 -0.28829312 0.45632151 0.3846015 0.24240878 0.58415854 0.38150665 -0.31608826 0.52968436 0.41785181 0.25706464 0.634776 0.43043047 -0.22602621 0.49411371 0.43251795 0.15053211 0.55742478 0.427017 -0.15089895 0.5189482 0.52018356 0.2864736 0.5828557 0.5212611 -0.08711012 0.51649415 0.61358511 0.45022914 0.57127315 0.62255669 -0.00187306
0.41587654 0.32280871 0.16237979 0.51014066 0.31035036 -0.29629812 0.45599544 0.38447207 0.2426139 0.58337522 0.3821145 -0.31877932 0.52789956 0.41720295 0.25901455 0.63393849 0.43117958 -0.22609012 0.49340358 0.43252987 0.15109199 0.55658191 0.42722043 -0.15145643 0.51872182 0.52017915 0.29292586 0.58285582 0.5211634 -0.08560194 0.51645255 0.61318535 0.46687007 0.57119477 0.62243348 0.00252436
0.41572788 0.32277146 0.15600757 0.509624 0.31136736 -0.30738372 0.45611161 0.38440686 0.24013779 0.58313036 0.38281333 -0.3260695 0.5281446 0.41647372 0.25730798 0.63354164 0.43188819 -0.22809424 0.49330744 0.43267354 0.15210211 0.55613405 0.42783716 -0.15246387 0.51867616 0.5201782 0.29898304 0.5828616 0.52113914 -0.08470421 0.51642501 0.61287266 0.47910076 0.57116973 0.62242979 0.0124584 
0.41562942 0.32273164 0.14857824 0.5077197 0.3119823 -0.31793463 0.45621383 0.38470352 0.22437981 0.58212799 0.38335127 -0.33144161 0.53099054 0.41665328 0.23024763 0.63311517 0.43254071 -0.22675897 0.49323082 0.43272707 0.15303046 0.55508161 0.42807454 -0.15339713 0.51865965 0.52017677 0.30262482 0.58288544 0.5210833 -0.08417045 0.51641685 0.6127249 0.48414537 0.57117158 0.62245673 0.02269259
0.41565233 0.32272202 0.1433447 0.50589347 0.3122645 -0.32468161 0.45625931 0.3847501 0.21268682 0.58140892 0.38380644 -0.336532 0.53188163 0.41692826 0.21059994 0.63278407 0.4336527 -0.2286872 0.49306765 0.43275204 0.15370131 0.55388707 0.42812824 -0.15407507 0.51864827 0.52015823 0.30228937 0.58287185 0.5208897 -0.08356898 0.51614529 0.61265463 0.48179254 0.57117003 0.62251532 0.02345968
0.41537973 0.3226684 0.14119054 0.50455999 0.31262264 -0.32868263 0.45653564 0.38486749 0.20472571 0.5807178 0.38429278 -0.34253174 0.53267246 0.42021257 0.19402429 0.63247776 0.43500569 -0.24239403 0.4925288 0.43276742 0.15422171 0.55284071 0.42816225 -0.15461989 0.51862144 0.52014792 0.30397475 0.58285034 0.52075452 -0.0825825 0.51554251 0.61259204 0.48834354 0.57118499 0.62256438 0.03060945
0.41459176 0.32246536 0.1442022 0.50360358 0.31266302 -0.32465556 0.45569876 0.38482523 0.21109453 0.58001542 0.38426647 -0.33907196 0.52787894 0.42069608 0.20789368 0.63149977 0.43517384 -0.24005887 0.49136269 0.432767 0.15453731 0.55104834 0.42815706 -0.15494181 0.5185008 0.52010286 0.30484158 0.58277667 0.52063638 -0.0824784 0.51464063 0.61240691 0.48950285 0.57116908 0.62257206 0.02969907
0.41424838 0.32210353 0.14434513 0.50254613 0.3128089 -0.32008669 0.45492181 0.38478202 0.21431921 0.57876283 0.38449109 -0.33594751 0.52575749 0.42131916 0.21536657 0.62984455 0.43544048 -0.23934264 0.49050272 0.43281147 0.15495117 0.5493955 0.42823258 -0.15536438 0.51828223 0.52009314 0.30289039 0.58274335 0.52053648 -0.08245399 0.51411802 0.61235815 0.48273242 0.57114005 0.62259513 0.02863492
0.41413423 0.32176176 0.14457041 0.50212592 0.31282318 -0.32007408 0.45393562 0.38475183 0.21551165 0.57777995 0.38470396 -0.3379544 0.52556032 0.42139149 0.21810381 0.62926924 0.43570378 -0.24863841 0.48995712 0.43282548 0.15583475 0.54809046 0.42824677 -0.15625371 0.51778018 0.5200904 0.30258036 0.58263433 0.5204612 -0.08255991 0.51373243 0.61230361 0.4820711 0.57095128 0.62261039 0.02771507
0.41392818 0.32157788 0.14637488 0.50185728 0.31282872 -0.32270929 0.4532308 0.38471571 0.21606098 0.57720935 0.38504523 -0.34070876 0.52503651 0.42132273 0.22375165 0.62916946 0.43578237 -0.25251818 0.48951924 0.43286425 0.15601198 0.54717559 0.42827967 -0.1564253 0.51752746 0.5201084 0.30184537 0.58236378 0.5204044 -0.08034262 0.51376104 0.61234707 0.47985139 0.57078505 0.6226095 0.03215902
0.41379935 0.32154053 0.14782724 0.50181854 0.31285003 -0.32108545 0.45296654 0.38469359 0.21890332 0.57704222 0.38528293 -0.3396847 0.52510333 0.42128089 0.22520311 0.62891161 0.4357993 -0.25000259 0.48937672 0.43292341 0.15617044 0.54711962 0.42838383 -0.15658338 0.51723802 0.52014869 0.30036804 0.58201993 0.5203892 -0.07860059 0.51376426 0.61251509 0.47511065 0.57044947 0.62251627 0.03535561
0.41362888 0.32148275 0.15045334 0.50180757 0.31285074 -0.31995925 0.45262009 0.38468227 0.22646788 0.57635677 0.38544428 -0.33869076 0.52516472 0.42045143 0.23503944 0.62860966 0.43583164 -0.2474723 0.48935446 0.43300635 0.15643479 0.5471276 0.42852014 -0.15683985 0.51706654 0.52030802 0.29971784 0.58180255 0.52040201 -0.07811663 0.51384795 0.61268419 0.47201625 0.57029551 0.62244344 0.0349801 
0.41346717 0.32141241 0.15089294 0.50199538 0.31284463 -0.31970456 0.45216638 0.38468605 0.22754543 0.57610017 0.3858197 -0.33870983 0.52397841 0.42031005 0.23680511 0.6285553 0.43605027 -0.24838698 0.4891203 0.4330883 0.15652573 0.54713279 0.42863253 -0.15692678 0.51685315 0.52039176 0.29944634 0.5815869 0.52040523 -0.0774549 0.51385581 0.61277336 0.47189206 0.57021016 0.62234962 0.03471234
0.41341022 0.32127756 0.15247868 0.50207329 0.31283849 -0.31650349 0.45193955 0.38468057 0.22975215 0.57615107 0.38614097 -0.33754689 0.52317393 0.42029345 0.23889036 0.62856662 0.43632701 -0.2471303 0.48911291 0.43316898 0.15650199 0.54722106 0.42875242 -0.15690212 0.51679337 0.5204246 0.29922473 0.5812766 0.52039409 -0.07605233 0.5138647 0.61279309 0.47182617 0.57017088 0.62220097 0.03607485
0.41335925 0.32101873 0.15252224 0.50218958 0.31282571 -0.3158567 0.45157737 0.38467991 0.23038626 0.57591462 0.38637486 -0.33745039 0.52193159 0.42031747 0.23999061 0.62847877 0.4365105 -0.24815693 0.48907465 0.43317583 0.15648185 0.54729551 0.42875272 -0.15688185 0.51676726 0.52043074 0.29918391 0.58106381 0.52031589 -0.074186 0.51388389 0.61279261 0.47182512 0.57011777 0.62200558 0.03988618
0.41322824 0.3208473 0.15261877 0.50236845 0.31281325 -0.31342384 0.45037252 0.38469693 0.23272845 0.57563674 0.3866685 -0.33558619 0.51857924 0.42026475 0.24696684 0.62847859 0.43665966 -0.24745232 0.48897743 0.43320096 0.15640293 0.54732567 0.42875269 -0.15679923 0.51675713 0.52044946 0.29871243 0.58094966 0.52024287 -0.07402799 0.51388711 0.61278653 0.47128215 0.57008719 0.6218698 0.03874698
0.41302478 0.32061788 0.1536178 0.50308698 0.31280228 -0.30730495 0.44880483 0.38467085 0.23922639 0.57538176 0.38693032 -0.33130923 0.51661026 0.41979584 0.26065409 0.62848288 0.43671176 -0.24703059 0.48880309 0.43323156 0.15608169 0.54736763 0.42875308 -0.15646987 0.51669991 0.52045435 0.29533198 0.58081639 0.52020562 -0.07410509 0.51387429 0.61280435 0.46542281 0.57005721 0.6217503 0.03711735
0.41278765 0.32055616 0.1549219 0.50367081 0.31279361 -0.30473417 0.44832715 0.3845582 0.24223658 0.57527375 0.38708639 -0.3292115 0.51553094 0.41971856 0.26422501 0.62839103 0.43678635 -0.24675061 0.48860773 0.43329731 0.15591656 0.54739499 0.42876616 -0.15629762 0.51662862 0.52045095 0.2941182 0.58075935 0.52017099 -0.07412181 0.51383913 0.61280471 0.46388108 0.56995976 0.62157822 0.03648359
0.41249624 0.32052788 0.15509327 0.50392067 0.31278655 -0.30509812 0.44798103 0.38445294 0.24283776 0.57502586 0.38711065 -0.32929608 0.51462895 0.41945145 0.26394251 0.62823623 0.43678337 -0.24830845 0.48841184 0.43336219 0.15587713 0.54740548 0.42877868 -0.15625533 0.51641285 0.52046257 0.29348829 0.58073837 0.52016813 -0.07410456 0.51384038 0.61280167 0.46382236 0.56986296 0.62142158 0.03609113
0.41227907 0.32052407 0.15506753 0.50394261 0.31278035 -0.30526453 0.44785979 0.38437048 0.24254182 0.57487088 0.38711765 -0.32961783 0.5142588 0.41925064 0.26277563 0.62807178 0.43684894 -0.24820693 0.48827955 0.43349037 0.15586768 0.54742789 0.42887497 -0.15624717 0.51637548 0.52046293 0.29412761 0.58072358 0.52016729 -0.0725661 0.51385307 0.6127755 0.46675074 0.56979191 0.6212942 0.03994649
0.41221356 0.32052028 0.15297498 0.50389642 0.31277418 -0.30795842 0.44778869 0.38435239 0.24226134 0.57464278 0.38713926 -0.33056107 0.51426309 0.41904446 0.26071265 0.62782007 0.43697155 -0.24805504 0.48819569 0.43353656 0.15582919 0.5474546 0.42889705 -0.15620627 0.51635623 0.52046168 0.29413891 0.58068758 0.52014297 -0.0711228 0.51392078 0.61274314 0.46702883 0.56976205 0.62106746 0.04361944
0.41212282 0.32052609 0.15050466 0.50389344 0.31277621 -0.30951414 0.44777632 0.38434792 0.23995234 0.57459146 0.38719627 -0.33058834 0.51376384 0.41909203 0.25997725 0.6275897 0.437071 -0.24516037 0.48802343 0.43365347 0.15566094 0.5474686 0.42898363 -0.15603445 0.51631004 0.52046168 0.29469287 0.58068335 0.52012801 -0.06937152 0.51402146 0.6127128 0.46950585 0.56975299 0.62085336 0.04714111
0.41196242 0.32058993 0.14803086 0.50389177 0.312803 -0.31136197 0.44779554 0.38435304 0.2370113 0.57458353 0.38727495 -0.33062774 0.51318187 0.41922727 0.25837076 0.62738585 0.43723342 -0.24414325 0.48779869 0.43369186 0.15554358 0.54749131 0.42903662 -0.15591668 0.51625872 0.52045888 0.29706353 0.58063704 0.52009046 -0.06895629 0.51405793 0.61267149 0.47608587 0.56972635 0.62062418 0.04699957
0.41187039 0.32064757 0.14647852 0.50387794 0.31283104 -0.31248963 0.44781339 0.38438097 0.23285621 0.57458574 0.38731652 -0.33071068 0.51325768 0.41968444 0.25245696 0.62717158 0.43743744 -0.24342224 0.48764077 0.43371537 0.155448 0.54750776 0.42909452 -0.15582377 0.51622671 0.5204522 0.29904836 0.5806033 0.52007616 -0.06879585 0.51411015 0.61264169 0.48023421 0.56971467 0.62048602 0.04694007
0.41183439 0.32065383 0.14666562 0.50369215 0.3128356 -0.3144246 0.44785732 0.38441402 0.2315841 0.57455468 0.38731626 -0.33199933 0.51331383 0.41989726 0.24840316 0.62703377 0.43748721 -0.24427973 0.4874627 0.43371955 0.15547246 0.54751265 0.42909643 -0.15584987 0.51616269 0.52045041 0.30093709 0.58057821 0.52006406 -0.06888151 0.51421928 0.61260986 0.48377612 0.56970704 0.62039798 0.04633269
0.41180456 0.32066199 0.14520666 0.50368601 0.31284484 -0.31631753 0.44791168 0.38448653 0.22775012 0.57462472 0.38731843 -0.3328338 0.5133763 0.42061874 0.24201058 0.62699825 0.43751568 -0.24455296 0.48725682 0.43372488 0.1554621 0.54752338 0.42910078 -0.15584005 0.51610041 0.52045029 0.30423874 0.58055019 0.5200603 -0.06862179 0.51427186 0.61256999 0.4909687 0.56970316 0.62039 0.04791462
0.41179794 0.32067478 0.1430257 0.50361472 0.31286159 -0.31999943 0.44808465 0.38462403 0.22220732 0.57469332 0.38733014 -0.33497998 0.51341122 0.42158353 0.23207259 0.62697178 0.43754536 -0.24579747 0.48706242 0.43375263 0.15545365 0.54752064 0.42911091 -0.15583226 0.51600105 0.52045029 0.30847114 0.58050573 0.5200603 -0.06461804 0.51432759 0.61255085 0.49940899 0.56970388 0.62039334 0.05953799
0.41186732 0.3206636 0.14345977 0.50361276 0.31286734 -0.32023516 0.44833615 0.38461733 0.22099261 0.57470459 0.38731241 -0.33569753 0.5137164 0.42289677 0.22777162 0.62685668 0.43755761 -0.24825813 0.48701337 0.43375617 0.15549922 0.5475018 0.4291133 -0.15588348 0.51595527 0.52044761 0.3075133 0.58044714 0.52005839 -0.06496567 0.51434779 0.61254793 0.4950583 0.56970239 0.62039536 0.05790821
0.41242579 0.32047778 0.14775367 0.50345796 0.31283128 -0.32022077 0.44854021 0.38443452 0.22204816 0.57457334 0.3872557 -0.33918029 0.51389641 0.42390007 0.22781891 0.62669098 0.43756673 -0.26356807 0.48698816 0.43375131 0.15603328 0.54742473 0.42908648 -0.1564386 0.51594883 0.52044284 0.30689123 0.58040565 0.52005649 -0.06675793 0.51437408 0.61254519 0.49272162 0.56970334 0.62040246 0.05717854
0.4128671 0.32024431 0.14782557 0.50342953 0.31278038 -0.32266751 0.44870692 0.38427243 0.2214791 0.57452989 0.38725483 -0.34438071 0.51391101 0.42399994 0.22383884 0.62668782 0.43756631 -0.27261779 0.48698571 0.43373045 0.15655944 0.54741639 0.42905912 -0.15697937 0.51593751 0.52044374 0.30668014 0.5803293 0.52011967 -0.06751157 0.51438135 0.61254269 0.49280196 0.56970078 0.62040544 0.05576117
0.41309962 0.32002154 0.14743108 0.50349063 0.31268513 -0.32367784 0.44886589 0.38415381 0.2193566 0.57454479 0.38724163 -0.34546182 0.51387364 0.42399344 0.22088741 0.62669075 0.43756846 -0.27242124 0.48700398 0.43372643 0.15672724 0.54742098 0.42904326 -0.15715371 0.5159052 0.52047104 0.30639768 0.58021736 0.52027929 -0.0677681 0.51438755 0.6125403 0.49207866 0.56969899 0.62041599 0.05511389
0.41341984 0.31979111 0.14735496 0.50372857 0.31245476 -0.32408553 0.44901678 0.3840723 0.2158262 0.57461816 0.38718653 -0.34726807 0.51390684 0.42414743 0.2110742 0.62678003 0.43758023 -0.2757647 0.48714679 0.43371949 0.15690662 0.54750878 0.42903522 -0.15734178 0.51580828 0.52054858 0.30623928 0.58017188 0.52049619 -0.06818398 0.51438832 0.61253828 0.49196184 0.56969702 0.62042594 0.05440588
0.41378048 0.31947434 0.14528191 0.50415587 0.31221914 -0.32632157 0.44915813 0.38407335 0.210677 0.57473302 0.38713074 -0.34853154 0.51479715 0.42450714 0.20348367 0.62678802 0.43758085 -0.27410847 0.48718342 0.43372068 0.15713196 0.54754287 0.42905006 -0.15757741 0.51561654 0.52056497 0.30791882 0.58016467 0.52066833 -0.06741903 0.51436776 0.61253649 0.49620566 0.56968045 0.62045521 0.0569452 
0.41526508 0.31909212 0.1388644 0.50419551 0.31202513 -0.33704624 0.4505631 0.38411874 0.20258048 0.57476312 0.38710991 -0.35743052 0.5179199 0.42516965 0.19224142 0.62673086 0.43758777 -0.280848 0.4878526 0.43372253 0.15765743 0.54775929 0.42918971 -0.15811741 0.51560789 0.52056873 0.31096056 0.58015794 0.5208298 -0.06187117 0.5142951 0.61253524 0.50340682 0.56962538 0.62047988 0.07562339
0.41649571 0.31885803 0.13796915 0.50420541 0.31184289 -0.33931738 0.45163229 0.38409948 0.20157148 0.57478064 0.38706389 -0.36070552 0.52099341 0.42531869 0.19064055 0.62653571 0.43752727 -0.28661039 0.48853087 0.43372971 0.15836677 0.54799092 0.4292503 -0.15883775 0.5155865 0.52056956 0.31212845 0.58014792 0.52094448 -0.05922796 0.51425451 0.61253566 0.50483978 0.56953216 0.620507 0.08141062
0.4173407 0.31854975 0.13753907 0.50599104 0.31157157 -0.33698723 0.45156136 0.3841016 0.20324485 0.5749259 0.38698751 -0.35813305 0.52085686 0.42505914 0.19644009 0.62646133 0.43734679 -0.28248477 0.48922819 0.4337469 0.15843678 0.54838842 0.42926472 -0.15890536 0.51554233 0.5205704 0.31180999 0.58014333 0.52103734 -0.05934337 0.51422811 0.61253834 0.50347084 0.56950837 0.62055606 0.07608886
0.41788208 0.31827122 0.13255194 0.50719017 0.31137514 -0.3382208 0.45168182 0.38405851 0.19855942 0.57500821 0.38688233 -0.35912457 0.52047855 0.42489272 0.19305247 0.62642652 0.43726709 -0.28372443 0.48951834 0.4337323 0.15842541 0.5485096 0.42919931 -0.15889436 0.51549333 0.52055889 0.30816627 0.5801391 0.52103609 -0.05962612 0.51423365 0.61257052 0.49629131 0.56951672 0.6206246 0.07327653
0.42046937 0.31783667 0.13327029 0.5102194 0.31125364 -0.33959481 0.4533371 0.38377461 0.19675973 0.57595807 0.38686848 -0.36006945 0.52422112 0.42484674 0.18522242 0.62683809 0.43691057 -0.28406319 0.48956457 0.4335584 0.15878084 0.5485034 0.42907706 -0.15925997 0.51548016 0.52057546 0.30519912 0.58013606 0.52103847 -0.06045333 0.51437354 0.61290157 0.48548466 0.56971186 0.62063128 0.07064669
0.4260152 0.31649411 0.14154641 0.51173836 0.31087226 -0.33911279 0.45540386 0.38347092 0.19865443 0.57632279 0.38680664 -0.36671177 0.52702987 0.42763123 0.18181279 0.62690473 0.43686953 -0.30713663 0.49011797 0.43336499 0.15983048 0.54858822 0.42904785 -0.16035889 0.51554489 0.52094716 0.30299029 0.5800072 0.52106673 -0.06272657 0.51480705 0.61372501 0.48101404 0.56971943 0.62066531 0.06991789
0.43032259 0.31418672 0.1572409 0.51585472 0.31002459 -0.31624204 0.45621517 0.38189873 0.20119549 0.57692504 0.38572788 -0.35246915 0.5267719 0.42742741 0.18428479 0.62689763 0.43647036 -0.30474964 0.49010569 0.43294403 0.15971059 0.54859078 0.4287377 -0.16025719 0.51553369 0.52092975 0.28657344 0.57972348 0.52105838 -0.06436845 0.514929 0.61425203 0.44764087 0.56971687 0.62070584 0.0626922 
0.43481213 0.31162682 0.16348383 0.5215888 0.30870408 -0.29431248 0.45530128 0.37734956 0.21120581 0.57932818 0.38393739 -0.32646316 0.51410389 0.42387927 0.20144995 0.62689537 0.43539515 -0.25931194 0.48941508 0.43245369 0.15836458 0.54832798 0.42835894 -0.15891492 0.51535493 0.52093542 0.27441332 0.5792262 0.52119291 -0.06761932 0.51488394 0.61448365 0.42236829 0.56981736 0.62126243 0.037244 
0.44711635 0.30862987 0.17430124 0.5277282 0.30547473 -0.29702145 0.45578378 0.37297127 0.21765257 0.58220541 0.38310751 -0.33194724 0.51435024 0.42423779 0.20663525 0.62762153 0.43542668 -0.26458547 0.48898247 0.43179643 0.15902625 0.54785085 0.42801058 -0.15961905 0.51575875 0.5210855 0.28070679 0.57839441 0.52160895 -0.07022875 0.51519507 0.61515355 0.44173473 0.56972641 0.62240916 0.03740954
0.45801079 0.30612344 0.1727329 0.53691804 0.30296877 -0.29247612 0.46163979 0.37212783 0.21268909 0.58295768 0.38102576 -0.32467189 0.51450825 0.42768729 0.20264265 0.6271382 0.43547881 -0.26712167 0.48897305 0.42904556 0.16001105 0.54726547 0.42524388 -0.16066322 0.51586425 0.5196051 0.27209014 0.57865876 0.52031344 -0.09031989 0.51585674 0.61507994 0.42234206 0.56849915 0.62129837 -0.00396616
0.46896383 0.30312663 0.17961524 0.54877818 0.30186737 -0.27112609 0.46576518 0.36944637 0.21466793 0.58554679 0.3808153 -0.29847196 0.51972055 0.42757577 0.20818074 0.62680089 0.43570954 -0.24071704 0.48894641 0.42827407 0.15995957 0.54723847 0.42512301 -0.16061349 0.5162555 0.51951379 0.26430351 0.57931197 0.52117676 -0.09049187 0.51421696 0.61507887 0.40439713 0.56881684 0.62150413 -0.00733681
0.47680867 0.30218896 0.18031664 0.56187862 0.30196491 -0.25455537 0.46504724 0.36592892 0.21443519 0.58996511 0.38105348 -0.28626689 0.51815337 0.42731026 0.21295696 0.62677318 0.43888053 -0.22812465 0.48878404 0.42783812 0.15477511 0.54735005 0.42477939 -0.15541105 0.51633644 0.51993388 0.23296019 0.57962638 0.52256858 -0.07792725 0.51322687 0.61594945 0.34761238 0.56913137 0.62154776 0.0094457 
0.49140066 0.30256349 0.19573212 0.57377422 0.30246672 -0.24829701 0.47430176 0.36295184 0.21817932 0.59382373 0.38103238 -0.2805838 0.5265336 0.42718858 0.21172258 0.62648708 0.43892199 -0.21681316 0.48826027 0.42725006 0.1537949 0.54716951 0.42467108 -0.15437968 0.51558936 0.5200147 0.22311288 0.57962161 0.5230571 -0.07748408 0.51282501 0.61649269 0.31820092 0.57010651 0.62136501 0.00827636
0.49822959 0.30336136 0.19203433 0.58501077 0.30280954 -0.24616522 0.49877998 0.36477405 0.21772371 0.59577048 0.3810249 -0.26216522 0.52981853 0.42779377 0.21614741 0.62596762 0.43935207 -0.16404249 0.48669964 0.42726767 0.15265016 0.54666704 0.42436704 -0.1531453 0.51421082 0.52038431 0.23638271 0.57925642 0.52518445 -0.06438358 0.51147056 0.61674243 0.3423264 0.57155389 0.62233263 0.01033042
0.50435758 0.30347261 0.22731617 0.59244257 0.30550298 -0.21239115 0.50591582 0.36634669 0.24811594 0.60065299 0.38360402 -0.22700664 0.5322184 0.4276953 0.23840202 0.62583017 0.44267088 -0.12787785 0.48347032 0.42740107 0.15277216 0.54489464 0.42443597 -0.15324454 0.51132804 0.52238023 0.22823109 0.57738972 0.52657479 -0.06309211 0.51142353 0.61708277 0.31933561 0.57093054 0.62232888 0.00853035
0.51046097 0.30419788 0.24654908 0.6014818 0.30764091 -0.17780876 0.49960101 0.36718941 0.25429204 0.60104096 0.38358101 -0.19511315 0.525792 0.42977756 0.2391284 0.62574971 0.44455755 -0.0901161 0.47860894 0.42738807 0.15250005 0.54197121 0.42446858 -0.15294147 0.50793552 0.5229069 0.22532186 0.57613409 0.52671957 -0.06335001 0.51124185 0.61651486 0.31262875 0.56859624 0.62199295 -0.01697788
0.52026749 0.30584851 0.23073785 0.60901839 0.31309354 -0.19857781 0.502042 0.36751372 0.24556515 0.6016739 0.3868874 -0.20595704 0.51703459 0.43044269 0.23720115 0.62483293 0.44788188 -0.08088002 0.47614861 0.42741248 0.15253358 0.53910893 0.42501542 -0.15299533 0.50629503 0.52386558 0.23492485 0.57377762 0.52779424 -0.04614618 0.511262 0.61641681 0.32850936 0.56808507 0.62123734 0.02833095
0.52343631 0.31038645 0.30551749 0.61960036 0.31488606 -0.09385646 0.50232637 0.37123784 0.3026869 0.60342211 0.38692495 -0.12514986 0.50426269 0.43542269 0.29444101 0.62454575 0.45132482 -0.03593312 0.47411713 0.42724621 0.15126859 0.53765976 0.4247466 -0.15171391 0.50569946 0.52503026 0.20278317 0.5732426 0.52817076 -0.04641416 0.51015127 0.61639905 0.27865621 0.56787777 0.62125361 -0.01477973
0.52711034 0.31466296 0.33261526 0.62728554 0.31855804 -0.0508817 0.49887639 0.37288377 0.32880154 0.60845315 0.3908543 -0.08706781 0.48945516 0.43633229 0.3206366 0.62468863 0.4567129 -0.01094336 0.4710722 0.42728657 0.148791 0.53542137 0.42476133 -0.14925154 0.50434798 0.52541345 0.17766103 0.57332492 0.52807277 -0.05099953 0.51016927 0.61618096 0.24638641 0.56807208 0.62142146 -0.04777408
0.53225309 0.31998098 0.35996708 0.63378239 0.32232049 -0.01104015 0.50420159 0.37987229 0.3602199 0.61203426 0.3941128 -0.04779258 0.49426603 0.43968627 0.3516036 0.62484962 0.46004626 0.03039096 0.46768749 0.42816892 0.14145744 0.53560585 0.42477068 -0.14194043 0.50358403 0.52532727 0.15224035 0.57345295 0.52794051 -0.0523775 0.51029539 0.61588758 0.20397989 0.57020158 0.6224457 -0.04623239
0.53952122 0.3239015 0.40051317 0.63787675 0.32481429 0.02776281 0.50641692 0.38547033 0.40001985 0.61475325 0.39717171 -0.0125936 0.49333706 0.44511965 0.38961691 0.62362498 0.46384281 0.06833593 0.46431449 0.42971733 0.13839121 0.53450674 0.42543757 -0.13893774 0.49985516 0.52556825 0.15084936 0.57275152 0.52787149 -0.04095126 0.50965631 0.61535579 0.20431414 0.570427 0.62305486 -0.03238785
0.54439729 0.32666987 0.34675533 0.64147574 0.32898429 -0.04090887 0.50925004 0.38624746 0.35221708 0.61979532 0.40209225 -0.07395764 0.49530447 0.44760492 0.34335509 0.62338436 0.46799532 0.00870062 0.46126983 0.430801 0.13991104 0.53098309 0.42734161 -0.14043444 0.49611205 0.52587783 0.15680258 0.57111627 0.52780086 -0.01250936 0.50895923 0.61494797 0.25724247 0.56789911 0.62305915 0.03998056
5.54174066e-01 3.30540597e-01 3.29366088e-01 6.43289626e-01 3.32224965e-01 -6.01630323e-02 5.19773781e-01 3.89982551e-01 3.38430613e-01 6.23967409e-01 4.03832257e-01 -8.88547823e-02 5.06026506e-01 4.50191557e-01 3.27718556e-01 6.23394310e-01 4.67983842e-01 4.32336750e-03 4.61003572e-01 4.32028383e-01 1.40822515e-01 5.27278423e-01 4.29151177e-01 -1.41343862e-01 4.95136857e-01 5.25979877e-01 2.19794661e-01 5.69743693e-01 5.27722538e-01 -2.68599630e-04 5.07680714e-01 6.14515662e-01 3.38340700e-01 5.67579031e-01 6.21471941e-01 7.26738647e-02
0.55794823 0.33612958 0.35494074 0.64486372 0.33516753 -0.03756871 0.52408868 0.39224133 0.37157908 0.62671715 0.40524915 -0.06044232 0.51406503 0.44951427 0.36175033 0.62305862 0.46780688 0.04420111 0.45880416 0.43350422 0.14151549 0.52195847 0.43032843 -0.14202876 0.49554455 0.52593291 0.21917245 0.56872505 0.52769208 0.00699673 0.50771838 0.61444259 0.3277953 0.56462991 0.62143171 0.07419329
0.56532753 0.33913893 0.33743468 0.64736509 0.33898771 -0.05597307 0.52638358 0.393556 0.35365635 0.62772775 0.4070293 -0.08148158 0.51500928 0.4537282 0.34461755 0.62251443 0.47225714 0.01686234 0.45579123 0.43412665 0.14055526 0.51469266 0.4304246 -0.14107193 0.4968771 0.52519041 0.21812302 0.56889814 0.52503777 0.01119184 0.50636911 0.6135475 0.30364889 0.5635038 0.62081712 0.05733091
0.57361758 0.34435001 0.33478197 0.65149242 0.34493527 -0.05576493 0.52802181 0.39650235 0.34551075 0.62906593 0.40883341 -0.08934002 0.52704871 0.45866415 0.33586738 0.62174618 0.47679251 0.00249593 0.4558683 0.43445021 0.13242322 0.51388127 0.43057477 -0.13308133 0.50240779 0.52440274 0.218576 0.57111049 0.5235126 0.03114669 0.50525498 0.61136478 0.22706577 0.56484693 0.62085223 0.02031787
0.57714105 0.35031304 0.35405555 0.65194649 0.35116184 -0.04500154 0.52736288 0.40147969 0.37293682 0.62809825 0.41291091 -0.09332056 0.52841932 0.4614625 0.35317829 0.6215713 0.4797982 -0.00116008 0.45293403 0.43439436 0.13271029 0.50910687 0.4301776 -0.13329241 0.50572771 0.52437264 0.17794381 0.57190901 0.52078938 0.01339764 0.50559509 0.61106277 0.181877 0.57117879 0.62081009 -0.01171506
0.58098155 0.35644057 0.39434156 0.65659714 0.36080083 0.00268724 0.53751653 0.4115997 0.41039461 0.62745911 0.4205161 -0.05495415 0.52713913 0.47378543 0.38320816 0.62151134 0.4855994 0.02588136 0.44820175 0.4351984 0.13110825 0.50907677 0.43028262 -0.13174318 0.50611109 0.52495849 0.18330692 0.57137454 0.52120638 0.01637851 0.50505567 0.61108607 0.20844229 0.57188952 0.62041283 0.01004892
0.58587009 0.3629989 0.37449008 0.65926349 0.36920148 -0.02507469 0.54811966 0.42108184 0.40238091 0.62829304 0.42992696 -0.07161749 0.5313009 0.48704976 0.39414585 0.62106758 0.49415007 0.01298438 0.44651484 0.43505815 0.13215105 0.50433308 0.43057221 -0.13267864 0.5069648 0.52493149 0.21725601 0.56454533 0.52140582 0.01978177 0.50084943 0.6076616 0.23717815 0.57189107 0.61906528 0.03211716
0.58488631 0.37621891 0.4651159 0.65793872 0.37983355 0.02118651 0.54846758 0.43033496 0.48165756 0.63414693 0.43983942 -0.03928801 0.53215635 0.4949058 0.45487472 0.63173139 0.50594985 0.03854981 0.44087279 0.43581465 0.14981447 0.50046265 0.43200383 -0.15017897 0.50674284 0.52713877 0.22658193 0.55421054 0.52180904 0.00088117 0.50055093 0.60812354 0.30282962 0.57188714 0.61813754 0.04738643
0.58516669 0.38597214 0.48780054 0.65899497 0.39027566 0.0693405 0.55477154 0.4423604 0.49959162 0.63556552 0.44828591 0.00405086 0.54020309 0.50258881 0.47092661 0.63268316 0.51370156 0.07788458 0.43853444 0.43651283 0.14851646 0.49704826 0.43354997 -0.14894058 0.50280535 0.52994841 0.22247387 0.55117422 0.52544868 -0.00790956 0.50082314 0.6089223 0.31926617 0.56698334 0.61825222 0.07798292
0.59317809 0.39590088 0.48701787 0.6595456 0.4012886 0.02939767 0.56854773 0.45598128 0.51161474 0.63803303 0.45653659 -0.02629987 0.56122839 0.51699507 0.49424428 0.63282543 0.52490371 0.0611949 0.43541861 0.43726742 0.15604705 0.49396577 0.4344587 -0.15629438 0.50066578 0.53036225 0.25935698 0.54978198 0.52600104 -0.015044 0.49923825 0.60767782 0.42498109 0.56084222 0.61596328 0.12015374
0.5956251 0.40614352 0.52358973 0.66396397 0.41275963 0.03737682 0.58367968 0.46756029 0.56743717 0.64531845 0.47964665 -0.01338288 0.59075975 0.52280861 0.55446041 0.63950878 0.53645355 0.09496383 0.43321693 0.43845484 0.16464397 0.48967832 0.43744195 -0.16483842 0.50014269 0.53146577 0.24606335 0.55195004 0.52823234 -0.04735513 0.49887905 0.60807145 0.36751905 0.54625952 0.61356735 0.08964103
0.59404451 0.415268 0.53703493 0.6637575 0.42538643 0.03613057 0.57523388 0.47393671 0.57544482 0.64846933 0.48989525 -0.02274628 0.57099396 0.52471042 0.54575157 0.63896602 0.54714596 0.08786805 0.4294062 0.43921438 0.16690324 0.47974136 0.44153064 -0.16713372 0.49953726 0.53131014 0.269077 0.55157524 0.52820629 -0.03768421 0.49589664 0.60798001 0.38463047 0.54842675 0.60853994 0.08275747
0.59292871 0.42767724 0.55238914 0.66238421 0.43779436 0.07826634 0.56181186 0.49228686 0.56756192 0.64594322 0.50146836 -0.02371892 0.53346312 0.54579759 0.52357209 0.63535029 0.56283677 -0.0034889 0.4240433 0.44040477 0.16739368 0.46964386 0.44465849 -0.16783367 0.4990783 0.53259063 0.25464112 0.55255282 0.52641994 -0.06066148 0.49638492 0.61007154 0.3138333 0.56943399 0.60982692 0.00521606
0.59353465 0.4432154 0.52315289 0.65954626 0.45051429 0.0704199 0.60596007 0.50607669 0.6362955 0.65878451 0.50724345 0.05129591 0.64054418 0.52732295 0.67703062 0.66903204 0.54540378 0.22681105 0.42336115 0.44014701 0.16486426 0.46749538 0.44433311 -0.16525091 0.49842274 0.53259712 0.25646403 0.54534858 0.52635902 -0.0546579 0.50596642 0.61425292 0.36522156 0.55656421 0.61645955 -0.01242245
0.6083374 0.45354173 0.50426632 0.66124374 0.4581756 0.05238635 0.61091429 0.5110482 0.60720003 0.65402037 0.51556128 0.00750736 0.63160563 0.54726768 0.62284708 0.66761142 0.56476086 0.13515379 0.42480388 0.43998379 0.16331437 0.47610247 0.44309124 -0.1637045 0.49457297 0.53603196 0.25354058 0.53972405 0.52796525 -0.04783658 0.50745839 0.61864001 0.36832824 0.55063641 0.62677038 0.00445948
6.07121050e-01 4.62736130e-01 4.80178595e-01 6.61804557e-01 4.64766383e-01 4.57712933e-02 5.96860111e-01 5.14552474e-01 6.14125252e-01 6.56995893e-01 5.15138924e-01 6.75712581e-05 6.16775393e-01 5.48420012e-01 6.47550642e-01 6.58735573e-01 5.56548893e-01 1.74169332e-01 4.24919337e-01 4.39906925e-01 1.62265003e-01 4.85304981e-01 4.40587133e-01 -1.62702709e-01 4.84194726e-01 5.36110461e-01 2.58447111e-01 5.40457368e-01 5.27801633e-01 -8.68704095e-02 5.00045717e-01 6.18454814e-01 3.77542019e-01 5.51911712e-01 6.25639558e-01 -6.30586892e-02
0.60296357 0.45965573 0.52763355 0.6627602 0.45997629 0.10328272 0.59740192 0.5136888 0.70072174 0.66777742 0.51568866 0.08689292 0.62906772 0.54272681 0.77501839 0.68040645 0.547158 0.30324456 0.42613593 0.43811285 0.16233951 0.48273808 0.43892083 -0.16296053 0.4864485 0.5334323 0.25588647 0.54152954 0.52616191 -0.09965115 0.49691823 0.62093103 0.34465048 0.55239213 0.6242615 -0.1174559 
0.60068703 0.45539922 0.5185414 0.67217487 0.45817029 0.10404076 0.61354548 0.51234335 0.67673343 0.67449677 0.51958126 0.09129353 0.65193236 0.53530246 0.74958396 0.68795013 0.54782075 0.30009559 0.42747423 0.43584287 0.16211835 0.48710102 0.43290511 -0.16289008 0.48600295 0.53131241 0.24879235 0.54257023 0.52550799 -0.08847402 0.4968468 0.62189108 0.33574238 0.55335921 0.62378043 -0.0654818 
0.59951502 0.45275584 0.51711512 0.67272985 0.46079269 0.09515258 0.60465586 0.51009268 0.67642659 0.67737418 0.51702553 0.08414021 0.6408034 0.53243858 0.74889994 0.67892176 0.55509198 0.30240789 0.4282909 0.43339056 0.16165325 0.48802873 0.43000978 -0.16239877 0.4838987 0.53022832 0.25773343 0.54325604 0.52531409 -0.08206152 0.49698368 0.62173587 0.3568401 0.554003 0.62301886 -0.04925216
0.60002244 0.45056245 0.55123144 0.671112 0.45968965 0.12444813 0.60924137 0.51198488 0.67677051 0.67632192 0.51554495 0.11034416 0.64912897 0.53107703 0.73256928 0.68580836 0.55334395 0.32243481 0.42889857 0.43367606 0.16230986 0.48769107 0.43235117 -0.16312519 0.4840492 0.52986717 0.25672802 0.54372644 0.52512968 -0.07687137 0.50572383 0.6226548 0.35437161 0.55562532 0.62532765 -0.04066396
0.5993911 0.44755119 0.53205746 0.67575622 0.4607631 0.10436956 0.59622848 0.51214164 0.64751947 0.66564327 0.51568544 0.07562419 0.63434494 0.54660267 0.69154066 0.65647507 0.56502134 0.30230582 0.43040767 0.43327993 0.15498695 0.4874267 0.43458134 -0.15598188 0.48515615 0.52594322 0.26159111 0.54665971 0.52475548 -0.05002754 0.51534325 0.6220156 0.3932361 0.56332672 0.62579197 0.0474214 
0.59728879 0.45056707 0.53078973 0.6745404 0.46053889 0.10673731 0.59451097 0.51838487 0.64257753 0.65907478 0.51508838 0.07495212 0.62877977 0.55533862 0.68968761 0.65263665 0.5652777 0.25391614 0.43066597 0.43281662 0.15361696 0.48728552 0.43598765 -0.15461586 0.48562786 0.52583861 0.27393389 0.54706442 0.52460885 -0.03346857 0.51677632 0.62202871 0.41367969 0.56606042 0.62721366 0.05514772
0.59470344 0.45148727 0.52825141 0.66941005 0.46108949 0.08799176 0.59134543 0.51316005 0.6343599 0.6557073 0.51359206 0.04556233 0.62648535 0.54005712 0.66221595 0.64750606 0.56633484 0.19617382 0.42976263 0.43297878 0.15411885 0.48441964 0.43706557 -0.15503743 0.4854899 0.526205 0.26838759 0.54879206 0.52448791 -0.03419751 0.51622862 0.62291807 0.3957752 0.56588286 0.62567151 0.01559292
0.59450394 0.45060828 0.54155242 0.66635329 0.46060699 0.11252674 0.58728164 0.51475227 0.65367728 0.65234971 0.51306367 0.07534044 0.62420231 0.55052352 0.69722152 0.64738798 0.56328964 0.23339787 0.42999047 0.43309563 0.15415943 0.48462915 0.4384152 -0.15511107 0.48561114 0.52683449 0.25898665 0.55194122 0.52474493 -0.03994126 0.5150159 0.62375802 0.35555786 0.56558907 0.62550259 0.01644433
0.58922756 0.4489069 0.57690775 0.66632342 0.45925492 0.15745774 0.57456481 0.51625568 0.67130196 0.65308183 0.51196605 0.06860824 0.59985632 0.55842203 0.72490346 0.64782226 0.5626992 0.16242038 0.43003032 0.43286833 0.15315872 0.48589772 0.43869987 -0.1541865 0.48449996 0.52768433 0.23731197 0.55345249 0.52486217 -0.03846565 0.51152498 0.62432325 0.3389605 0.56572962 0.62496477 0.06065159
0.58685493 0.44804287 0.56647354 0.66829741 0.45901397 0.15151685 0.57383996 0.51679015 0.65732235 0.65356362 0.51103443 0.03624511 0.59737027 0.55720073 0.70551032 0.64720762 0.56082827 0.08118948 0.43013519 0.43239596 0.15282463 0.48755091 0.43837947 -0.15389565 0.47972378 0.52743369 0.23434494 0.55478859 0.52458441 -0.03965275 0.50238985 0.62321031 0.33200347 0.56748682 0.62331682 0.04780415
