0.43703195 0.50568837 -0.53146082 0.37489614 0.50593823 0.05845804 0.45550188 0.62488198 -0.573057 0.3981131 0.58540207 0.0881004 0.41698849 0.68838531 -0.49242428 0.37406033 0.63283211 -0.05235023 0.6778357 0.59251207 -0.17448677 0.6215117 0.58518785 0.17462866 0.44638583 0.64776242 -0.38709679 0.449514 0.64346564 0.23477879 0.61908507 0.70883936 -0.09550288 0.61913705 0.67140412 0.27727512
0.42462882 0.51322657 -0.34221724 0.36965153 0.50908113 0.2080875 0.47665429 0.61705577 -0.30948231 0.38258639 0.57861334 0.40774179 0.43987757 0.68615586 -0.12749687 0.33260268 0.59746325 0.47708887 0.64915979 0.6135323 -0.17943451 0.6092909 0.61009723 0.17938069 0.41702947 0.662467 -0.27812475 0.39505452 0.6332041 0.32641006 0.55729073 0.71160197 -0.0159371 0.573318 0.68484175 0.23367971
0.42248547 0.51501292 -0.3769474 0.37371409 0.49326557 0.20378406 0.44140062 0.62265915 -0.31036836 0.37880787 0.56540841 0.47286963 0.41291699 0.67525649 -0.05791133 0.32740417 0.57295793 0.64590353 0.63679779 0.61536717 -0.18100281 0.59876949 0.60250515 0.18112873 0.41905263 0.65701109 -0.33275461 0.38830563 0.62121868 0.35430485 0.57014167 0.70944881 -0.07772953 0.5584808 0.67659873 0.33824301
0.41863427 0.50470364 -0.28600356 0.37999114 0.50316095 0.19991162 0.45910686 0.59852189 -0.24384831 0.39506426 0.56716532 0.35078749 0.44012141 0.64240056 -0.04635178 0.34560612 0.56923687 0.3802402 0.62871629 0.61313224 -0.15784292 0.5984512 0.6021238 0.15784101 0.43027082 0.65157205 -0.23071124 0.39608815 0.61718303 0.32686731 0.56220376 0.70685977 -0.09084672 0.55419999 0.67629868 0.15008828
0.41567186 0.50485724 -0.29831672 0.38050038 0.49018273 0.21531928 0.44051921 0.59451926 -0.18709137 0.38525435 0.56136954 0.30679041 0.42164171 0.60727489 0.13288157 0.32778403 0.53533661 0.22824995 0.61827093 0.61708951 -0.16086833 0.59763229 0.60878462 0.16091968 0.41522312 0.65621942 -0.18497446 0.39537632 0.62125057 0.33559057 0.54620802 0.71062058 -0.06043839 0.54427791 0.68713814 0.14717627
0.41365376 0.50486183 -0.30539632 0.39364934 0.49691424 0.22408883 0.43655446 0.6024816 -0.18781699 0.39336041 0.55911553 0.31945795 0.42792341 0.61363822 0.13568886 0.33953246 0.53544796 0.26898131 0.61399645 0.61720186 -0.16260862 0.59480429 0.60945868 0.16269161 0.42253366 0.65992069 -0.19381328 0.40050274 0.62457597 0.31136087 0.54489607 0.72523129 -0.07983134 0.54506415 0.69994652 0.13761954
0.41425458 0.49711901 -0.23816876 0.3951647 0.4994036 0.2921111 0.45459333 0.59587485 -0.16996434 0.39762577 0.56619364 0.34644866 0.43344215 0.62147826 0.0887097 0.34409785 0.53462261 0.24952316 0.61379653 0.61124957 -0.1637052 0.59817499 0.60709739 0.16380228 0.42745429 0.65699726 -0.20675291 0.40670839 0.62670153 0.28079143 0.54252571 0.72427112 -0.13074577 0.55107749 0.70798004 0.0592017 
0.41757321 0.49492115 -0.22209321 0.39590278 0.49911958 0.30073693 0.45626047 0.60323548 -0.17865598 0.40579373 0.5630343 0.44851068 0.4406541 0.63944763 0.03553133 0.34838012 0.53350979 0.45656765 0.61273009 0.60849655 -0.16315007 0.58995056 0.601574 0.1633431 0.42863822 0.66217464 -0.26417732 0.40992597 0.62750536 0.22209334 0.55351025 0.72618067 -0.19773407 0.55569082 0.70648795 0.0174366 
0.4159475 0.49128759 -0.22284545 0.3953943 0.4930611 0.29515138 0.46049663 0.59886324 -0.19687591 0.40680975 0.56134492 0.43665975 0.44182861 0.6416797 -0.00790741 0.34808642 0.52942938 0.44469851 0.61210907 0.60336882 -0.15875483 0.58361483 0.59759384 0.15898968 0.44415316 0.6582368 -0.34074968 0.43498904 0.62712562 0.17910232 0.55870837 0.72540307 -0.30467236 0.56295168 0.70487303 -0.01569373
0.41556421 0.48944932 -0.2473264 0.4021942 0.49076924 0.27622336 0.4628571 0.59794444 -0.20606376 0.43138829 0.5604679 0.41393158 0.43846443 0.63468033 0.01081055 0.36454028 0.54039752 0.4175725 0.60790014 0.60389292 -0.15791214 0.58852339 0.59497845 0.1581106 0.44422218 0.65758789 -0.1918783 0.44819963 0.62637383 0.26204762 0.5421356 0.72675031 -0.2270367 0.56187159 0.7081545 0.07516894
0.41454989 0.4890258 -0.23681927 0.40975186 0.48939216 0.33342132 0.45980063 0.59465581 -0.21890117 0.45583901 0.56111163 0.44124219 0.44262785 0.63455927 -0.00837033 0.41601098 0.57004768 0.38381925 0.60571164 0.60097891 -0.16249177 0.59013522 0.59298921 0.16259247 0.44469196 0.66896713 -0.20279615 0.45075026 0.62714756 0.28012851 0.5413537 0.73060298 -0.19355281 0.56044108 0.70981985 0.07718275
0.4130924 0.48760164 -0.20050095 0.41859207 0.48311409 0.34484997 0.45247611 0.59385067 -0.18071574 0.45255113 0.55665267 0.46753082 0.43975511 0.63492692 0.03444793 0.40364206 0.56647187 0.45833641 0.59391785 0.59931833 -0.1641984 0.58713162 0.58888 0.16424443 0.43953872 0.6677736 -0.18229043 0.44983208 0.62222326 0.27782688 0.5149852 0.73009211 -0.18098091 0.53784418 0.71463144 0.07351067
0.41442278 0.48278314 -0.22950079 0.41664523 0.47950596 0.32877249 0.45241112 0.58456802 -0.19788232 0.44896382 0.55566597 0.42902574 0.442242 0.62667477 0.03234035 0.41747954 0.58357602 0.32947987 0.59515327 0.59393764 -0.16872996 0.57944173 0.58417648 0.16874515 0.41789037 0.66678089 -0.2425888 0.42498955 0.6151076 0.2383689 0.49193048 0.72227544 -0.17358871 0.50563544 0.71112806 0.07244467
0.41537231 0.47352514 -0.24401262 0.41605791 0.47508854 0.31852537 0.45457873 0.56711096 -0.2466642 0.44609264 0.55386859 0.39750394 0.44365975 0.61965859 -0.08264964 0.41044649 0.5774281 0.21836707 0.59752578 0.59169441 -0.17442881 0.58123446 0.58310151 0.17442118 0.42303181 0.65717089 -0.24175398 0.42565128 0.60845429 0.2970928 0.4834137 0.72214657 -0.14828716 0.50181234 0.70862943 0.18377466
0.4154703 0.46527079 -0.25907066 0.41276041 0.47447366 0.30753988 0.45590106 0.56658471 -0.24622175 0.44363314 0.55568147 0.2694211 0.44050229 0.61014426 -0.06629498 0.39393267 0.55267918 0.02724731 0.60261118 0.58679485 -0.17376311 0.58293378 0.58310413 0.17362775 0.46354648 0.65259814 -0.22565623 0.4812682 0.61483669 0.32181183 0.51635814 0.71902663 -0.10600121 0.5418219 0.70821422 0.25052306
0.41585854 0.45912313 -0.29271618 0.41819498 0.46172848 0.26374817 0.45637575 0.55586374 -0.28260916 0.46369037 0.55153662 0.30711746 0.45893833 0.60294372 -0.14022937 0.44290751 0.58108723 0.16964002 0.60136896 0.58143681 -0.1628568 0.58987015 0.57686925 0.16238877 0.52563095 0.65479302 -0.05626958 0.55130583 0.62346774 0.38957396 0.55117154 0.74001622 -0.02573879 0.58169502 0.71284562 0.39926627
0.41614753 0.45445606 -0.28271294 0.41943339 0.45300138 0.28471544 0.45575884 0.55740833 -0.26202363 0.4605476 0.548011 0.32433927 0.45361009 0.59990895 -0.11723994 0.43869987 0.5724954 0.18036674 0.59290051 0.57698435 -0.16595566 0.58708984 0.56905651 0.16556127 0.50416166 0.6538288 -0.13690919 0.50867826 0.61751539 0.35854608 0.52265608 0.73519796 -0.06036696 0.56979525 0.71592623 0.26872373
0.41647387 0.44339201 -0.1498064 0.42058066 0.44699913 0.40943778 0.45638412 0.54249084 -0.15844579 0.45961311 0.5366829 0.40063778 0.44907203 0.58262265 0.00214423 0.42412511 0.55636841 0.21120681 0.5937224 0.56242633 -0.17311861 0.58760887 0.56254679 0.17291352 0.51947874 0.65515459 -0.35619375 0.52481025 0.64047855 0.10572369 0.53537142 0.77689362 -0.49322328 0.55320573 0.75914204 -0.06612305
0.41648531 0.43752098 -0.13211137 0.42140445 0.44119862 0.43422931 0.45678917 0.53644019 -0.13229631 0.45998523 0.52424085 0.48227131 0.44909179 0.57032382 0.01180207 0.42583856 0.54438996 0.35193047 0.59626919 0.5491237 -0.17293209 0.58345658 0.55705804 0.17275587 0.54036796 0.64726895 -0.59897208 0.52958596 0.64412796 0.01975361 0.54119819 0.77537143 -0.87601346 0.54352391 0.76167881 -0.20681509
0.41667196 0.42917979 -0.1830447 0.43149725 0.42750898 0.42025962 0.46125335 0.52341813 -0.20977874 0.47416776 0.51061189 0.47545907 0.45529386 0.57039821 -0.09315196 0.44059882 0.54664141 0.34869698 0.59223706 0.54943836 -0.18847379 0.59445637 0.54794061 0.18820228 0.51773041 0.64708418 -0.40661782 0.54217046 0.63886982 0.22197308 0.55225646 0.7614308 -0.52886784 0.54513019 0.75182307 -0.005964 
0.41690692 0.42540213 -0.23566321 0.4428876 0.41787961 0.38821414 0.47009686 0.50924808 -0.28320146 0.48482582 0.49839669 0.45669758 0.46125358 0.55848563 -0.17794588 0.44805068 0.53175074 0.35057303 0.5919314 0.55094117 -0.18779935 0.60564667 0.5462411 0.18751076 0.51150507 0.64782268 -0.19943456 0.55644441 0.64997756 0.27296066 0.55847937 0.7637645 -0.2599946 0.54334605 0.76244283 0.16892442
0.42123657 0.41761166 -0.27290681 0.45046896 0.40953779 0.35908929 0.464295 0.50542623 -0.32908875 0.49367663 0.49169099 0.43786687 0.46070948 0.55758816 -0.22840598 0.449714 0.52826047 0.35236973 0.58842021 0.55258125 -0.18487735 0.61842364 0.54437786 0.18423614 0.48954129 0.64484525 -0.01498706 0.56288815 0.64479333 0.37862164 0.55780399 0.76176906 -0.04636058 0.54402786 0.75384295 0.28299144
0.42581359 0.40928486 -0.23709284 0.45679715 0.39946464 0.36351761 0.45760256 0.49386686 -0.32844332 0.50971633 0.47822285 0.44825199 0.45177403 0.55397969 -0.29117051 0.4580107 0.52217656 0.41612434 0.58063036 0.55221587 -0.17651953 0.62269813 0.5411495 0.17591883 0.48986521 0.64669985 -0.08272804 0.56094247 0.64896089 0.31611952 0.5559414 0.76592082 -0.15219532 0.54488534 0.76498032 0.23338099
0.43466946 0.404971 -0.23565777 0.46710846 0.39409739 0.31037465 0.45322445 0.49605709 -0.32321742 0.51984131 0.47857139 0.39159244 0.42286551 0.55414134 -0.25970465 0.45857844 0.52803075 0.36921969 0.57282197 0.54865873 -0.15402319 0.62969404 0.53849339 0.15345994 0.48218328 0.63770431 -0.00705072 0.57603604 0.65478814 0.29516765 0.53044552 0.75437248 -0.11198688 0.54486954 0.77403146 0.1321431 
0.44479755 0.40019482 -0.28725231 0.47663513 0.39006612 0.3144927 0.4561438 0.49856153 -0.31188554 0.53627652 0.47160426 0.42192996 0.41968068 0.55219167 -0.11500491 0.47263977 0.51970106 0.42906821 0.56344944 0.54554099 -0.16647547 0.62661827 0.54240596 0.16632317 0.48066062 0.63948029 -0.10046395 0.56728381 0.66525435 0.27334145 0.53186625 0.75742531 -0.00391685 0.52108884 0.80320084 0.29458261
0.44920185 0.39800403 -0.33008367 0.48136428 0.38719663 0.32305425 0.45965597 0.49808571 -0.39259627 0.53697789 0.46506044 0.47644958 0.4048647 0.55556267 -0.25772765 0.4792611 0.50571573 0.49015126 0.55597234 0.54739594 -0.19041251 0.62394744 0.54469186 0.19054145 0.49720019 0.65569848 -0.12285073 0.56691766 0.66374612 0.27571553 0.52037853 0.79001307 -0.025563 0.52189207 0.80006438 0.34741405
0.45417419 0.39523059 -0.33899608 0.48613846 0.38482094 0.34066999 0.45979354 0.49800187 -0.36823657 0.53121662 0.45221171 0.56062448 0.39432886 0.54873091 -0.21394601 0.47204441 0.4674446 0.66064888 0.54528612 0.54798657 -0.20386894 0.61077809 0.54690385 0.20409389 0.49611804 0.6617313 -0.12378508 0.5647338 0.67261881 0.27446601 0.51429456 0.79718709 -0.02993464 0.51803279 0.80968499 0.34221664
0.46009964 0.39296788 -0.37871316 0.49486983 0.38410708 0.29799494 0.46113408 0.49847752 -0.38833925 0.5498333 0.4634558 0.52349061 0.38011894 0.54864693 -0.19487135 0.48436844 0.49316949 0.50950217 0.54076582 0.54859787 -0.20232795 0.60175377 0.55293787 0.20245078 0.48830363 0.66458261 -0.09431883 0.56076974 0.67552882 0.33038625 0.51355493 0.79159993 0.08944548 0.51620376 0.80795038 0.46391597
0.46555352 0.39059815 -0.34095988 0.5021506 0.38432944 0.2852169 0.4615415 0.4974255 -0.36605832 0.54970491 0.47108385 0.38499853 0.40845704 0.5522365 -0.19084211 0.491359 0.50976127 0.3283444 0.53564519 0.54846585 -0.20214605 0.59214872 0.55528677 0.20209342 0.48228958 0.66106325 -0.11376793 0.55858749 0.67507857 0.25859824 0.51535511 0.77627695 -0.01133627 0.51191747 0.80607009 0.33949345
0.47404659 0.39023003 -0.3520619 0.51221722 0.38390058 0.19989058 0.46163929 0.49715057 -0.36279827 0.55413395 0.47441673 0.28938466 0.43607208 0.54977238 -0.19001125 0.49931702 0.51587462 0.262321 0.53269273 0.54869175 -0.16954041 0.5862323 0.55962753 0.1696399 0.50133675 0.61555678 0.01599761 0.56355447 0.67782718 0.28880438 0.58682328 0.70717198 0.30136338 0.51428521 0.80251503 0.43971816
0.4841876 0.39004335 -0.34657437 0.5255999 0.38363582 0.2394796 0.47051641 0.48764974 -0.35827214 0.56300342 0.47085905 0.34709775 0.43501142 0.53434372 -0.1424291 0.50046331 0.50722951 0.30380484 0.53029549 0.54888165 -0.17102726 0.58337295 0.56178725 0.17112097 0.49971417 0.61155581 -0.05775477 0.56213659 0.68196625 0.26448214 0.59203637 0.69566602 0.15491809 0.51016867 0.80319422 0.3783285 
0.49739844 0.39220133 -0.39794019 0.5384289 0.38381532 0.21139641 0.47810227 0.48804653 -0.34799892 0.55654305 0.47290677 0.36770505 0.43346259 0.5165841 -0.03481824 0.48413768 0.49372783 0.42030078 0.53251266 0.55992484 -0.17191705 0.57503128 0.56730944 0.17201956 0.50982821 0.61889213 -0.0601199 0.55618256 0.67768455 0.3074989 0.57069468 0.72711313 0.16404562 0.51158541 0.80033112 0.44581959
0.51184267 0.39246529 -0.39183941 0.54829067 0.38588282 0.23856167 0.49074221 0.49228433 -0.38893735 0.55108798 0.47793567 0.33376938 0.44662404 0.52738297 -0.1954876 0.48345506 0.51336646 0.26779789 0.53684437 0.55971599 -0.17228115 0.56851512 0.56667209 0.17237954 0.52774882 0.62530887 -0.10938004 0.55590189 0.6758455 0.30236179 0.56735134 0.73571676 0.10958011 0.51268387 0.79861253 0.38180283
0.52271235 0.39357021 -0.40164047 0.5614152 0.38704765 0.2459382 0.50441325 0.49442831 -0.40548638 0.54796046 0.48125648 0.33806467 0.45116255 0.54818952 -0.22515309 0.48659599 0.53441793 0.27557883 0.5385704 0.55983454 -0.18274872 0.5646041 0.56661677 0.18263501 0.52147728 0.66551322 -0.10302745 0.55178326 0.67467874 0.32154092 0.51877815 0.80018216 0.08502404 0.5132854 0.79779619 0.46229082
0.53624117 0.39429152 -0.42134425 0.56818372 0.38735479 0.25082296 0.50469714 0.495352 -0.43192685 0.54530358 0.48586425 0.33394247 0.44334498 0.54824936 -0.26011333 0.48053545 0.53298306 0.24402647 0.53861314 0.56000644 -0.1842601 0.55831915 0.56775683 0.18410273 0.51796699 0.65871507 -0.08378883 0.54636073 0.67724615 0.31516612 0.51148027 0.7861684 0.13349827 0.50959271 0.80524629 0.47751707
0.54387361 0.3952367 -0.43010929 0.57733583 0.38955462 0.20651504 0.5042274 0.49777836 -0.44831666 0.54408866 0.48910829 0.29199612 0.44316688 0.55757999 -0.31858736 0.47790003 0.53625327 0.24072495 0.53965634 0.56727278 -0.18191588 0.55219096 0.57181931 0.18168318 0.51578116 0.65569013 0.00364901 0.53705204 0.67699021 0.35899049 0.51665694 0.77927881 0.286468 0.50535446 0.80595326 0.60175204
0.54959655 0.3957569 -0.44157931 0.5797205 0.39041397 0.18682225 0.50586402 0.49946052 -0.43802404 0.54326379 0.48884594 0.28495368 0.44145206 0.54102397 -0.2917015 0.47337267 0.53495985 0.21853434 0.53600955 0.56888467 -0.1802709 0.54886103 0.57096136 0.18002312 0.51467526 0.65389609 0.03600973 0.53045875 0.67406195 0.42305592 0.52008349 0.77598512 0.32966578 0.50620043 0.79756254 0.69970882
0.55249673 0.3966265 -0.43371022 0.58885348 0.39148128 0.19974141 0.50620371 0.50050825 -0.43398449 0.54275799 0.49172938 0.28796682 0.44143331 0.53460556 -0.28068054 0.47810054 0.53464144 0.22344923 0.52944207 0.56784004 -0.18154998 0.55347067 0.57084984 0.18131003 0.51282775 0.65321082 -0.00895957 0.53241736 0.67607766 0.40245926 0.52187556 0.77418363 0.23250054 0.50682271 0.79962552 0.62915647
0.55379885 0.39739659 -0.43244702 0.58621323 0.39294127 0.16555311 0.50403953 0.50133842 -0.42435047 0.53896904 0.49126613 0.28136897 0.43333533 0.53017205 -0.28740877 0.46824023 0.53022152 0.22996658 0.52643949 0.56759608 -0.18247576 0.54849297 0.5706358 0.18222639 0.49316859 0.66596603 -0.00613223 0.5272311 0.65759623 0.52453709 0.51774484 0.80054373 0.22359526 0.51457399 0.76627785 0.86522144
0.5563159 0.39816105 -0.43432146 0.58738446 0.39488754 0.16275966 0.50390488 0.50200343 -0.41462573 0.53889346 0.49372238 0.27358934 0.43221584 0.52671498 -0.25252551 0.46858355 0.52908176 0.23347981 0.52808142 0.56739926 -0.18239078 0.54993755 0.57032746 0.18214583 0.48698702 0.66618425 -0.01406585 0.52811605 0.65641946 0.48219502 0.51543081 0.80260831 0.208222 0.52873325 0.76622409 0.77419841
0.55676389 0.39893371 -0.42717323 0.5894556 0.39597586 0.13364965 0.50321484 0.50332522 -0.39520979 0.53881669 0.49459618 0.24555282 0.4357475 0.53160495 -0.24634874 0.47636166 0.52859855 0.22793053 0.52931368 0.56706363 -0.17822187 0.55183417 0.56762755 0.17791861 0.49087304 0.67042828 0.02999878 0.53121978 0.65238923 0.52198422 0.51643819 0.80501437 0.2620832 0.54582119 0.75675869 0.87194127
0.55716461 0.39912441 -0.41742298 0.58848792 0.39614025 0.13767539 0.50309151 0.5032593 -0.34953171 0.53985417 0.49034137 0.26770073 0.43688574 0.51687235 -0.15133172 0.48272485 0.51767761 0.28869995 0.52770233 0.566984 -0.17979901 0.56116742 0.56209761 0.17947662 0.48924351 0.66714835 0.01197702 0.53186578 0.63746226 0.57752931 0.51472449 0.80359262 0.17232504 0.54530632 0.74085104 0.93905127
0.55759704 0.39909947 -0.41330996 0.58583045 0.39612257 0.14495368 0.5028463 0.50326103 -0.36967334 0.54264522 0.48949403 0.26526636 0.44518274 0.5213598 -0.28193527 0.4825379 0.5136258 0.25666156 0.52602822 0.56696296 -0.17988701 0.56119853 0.56034678 0.17955326 0.48116896 0.6661405 0.00460241 0.51662362 0.63632035 0.52837676 0.51531416 0.80161309 0.16513483 0.5250209 0.74275464 0.84269059
0.55680865 0.39910805 -0.43076837 0.58363938 0.39615875 0.12744655 0.50268781 0.50405627 -0.4072687 0.54325861 0.49444765 0.22589359 0.45432079 0.55010241 -0.32317001 0.48212737 0.53130203 0.19233526 0.5266636 0.56684619 -0.17913994 0.5514394 0.56031686 0.17877698 0.48275933 0.66703427 0.00571287 0.50559652 0.63946354 0.51403534 0.5104301 0.80130666 0.22458562 0.51477134 0.74705285 0.84432638
0.55584806 0.39731964 -0.48900887 0.57935476 0.39608321 0.10888511 0.50927287 0.50425625 -0.504493 0.53509504 0.4985618 0.2066842 0.45490891 0.57036507 -0.4663713 0.48055539 0.55249405 0.14064611 0.52903569 0.5674718 -0.18152793 0.53652692 0.56048286 0.18113646 0.48407915 0.67102617 0.0344065 0.49397311 0.64284056 0.53079665 0.50677681 0.80255467 0.31644854 0.49828207 0.75211358 0.90646666
0.55546206 0.3948842 -0.46838459 0.57920545 0.39484257 0.12746394 0.50803274 0.50284868 -0.47061765 0.54405582 0.49808359 0.20779897 0.46250251 0.56588513 -0.37573647 0.48575518 0.55169195 0.15099473 0.52931595 0.56739521 -0.18373454 0.55381513 0.55999768 0.18330359 0.47777835 0.66997302 0.01745409 0.49956632 0.64318126 0.52321136 0.5204922 0.80069309 0.26439193 0.49829242 0.75187808 0.84541208
0.54094088 0.39156935 -0.45716491 0.57359838 0.39210454 0.13454215 0.50429517 0.50016946 -0.45414725 0.55624616 0.49754089 0.20760132 0.45355034 0.56542778 -0.36232311 0.49531764 0.55074191 0.15580608 0.51787442 0.56654465 -0.1846547 0.55625993 0.55810148 0.18417424 0.46132252 0.66160053 -0.00201173 0.49460205 0.63050675 0.51758301 0.51844603 0.79621726 0.21163972 0.48305008 0.73936683 0.82098287
0.5172531 0.39152908 -0.45329389 0.56210101 0.39188924 0.10308214 0.48809633 0.4950515 -0.44829023 0.56141883 0.49704352 0.20898749 0.45279077 0.55132204 -0.3181507 0.50335199 0.54934758 0.15693109 0.49195936 0.56651598 -0.18493278 0.55622846 0.55814743 0.18443163 0.44877708 0.64272171 0.04602879 0.49875867 0.63433081 0.58090967 0.51321363 0.77854073 0.30062306 0.50895905 0.74334329 0.9352631 
0.50333047 0.39185697 -0.46092832 0.54794317 0.39178094 0.11144399 0.4883315 0.4955557 -0.46946573 0.5633586 0.49670982 0.19822647 0.4578768 0.55634809 -0.37688211 0.5070039 0.55644166 0.16950136 0.48754719 0.56834835 -0.18701664 0.5589838 0.56258893 0.18646565 0.44526044 0.64615476 0.05967569 0.50872296 0.63811707 0.58549583 0.50038534 0.77675742 0.31296584 0.52273393 0.74540776 0.96477038
0.48486945 0.40210328 -0.504017 0.52456373 0.39862907 -0.10357064 0.4878253 0.52106398 -0.46722865 0.52479458 0.51448059 0.02441183 0.4604452 0.57070827 -0.39082798 0.48187131 0.56915885 0.03409586 0.48349786 0.58463579 -0.166352 0.52779549 0.57175893 0.16551754 0.45182744 0.67269856 0.15089642 0.50512552 0.64586788 0.57447892 0.49784309 0.79035378 0.4265579 0.52509254 0.74733734 0.95864516
0.47360221 0.4089857 -0.55755836 0.50336516 0.40587348 -0.10583173 0.48304805 0.51846302 -0.53179657 0.47153026 0.51061612 0.00708075 0.46046749 0.58334714 -0.49322674 0.43248013 0.5738011 -0.01423872 0.47805193 0.59217781 -0.16887325 0.50119436 0.576823 0.16811617 0.44956416 0.67317402 -0.0484828 0.47080803 0.64540941 0.68350238 0.49963951 0.80743009 0.12950565 0.51720726 0.74123269 1.05890012
0.46516496 0.41838893 -0.60845947 0.48826751 0.41790816 -0.08279851 0.4797031 0.52647889 -0.58875352 0.47720835 0.52169317 0.01961642 0.46036106 0.60922408 -0.51134849 0.43955669 0.60041916 -0.02480051 0.48508906 0.59581393 -0.17336619 0.50748312 0.58139235 0.17245722 0.4443832 0.67398834 0.11103954 0.46724394 0.65401542 0.61762577 0.49675107 0.80425185 0.45594746 0.5148229 0.74748653 1.01286566
0.44900256 0.43507978 -0.64441109 0.48028263 0.43218333 -0.244828 0.46573833 0.5513376 -0.57015067 0.4625465 0.53637856 -0.16811226 0.42155194 0.61658752 -0.47749966 0.42668331 0.62066096 -0.21050748 0.48865756 0.60450751 -0.15645497 0.51476914 0.58681673 0.1554829 0.44503844 0.68585342 0.19891845 0.47271082 0.66688484 0.57838285 0.49150515 0.8025558 0.55059111 0.51008564 0.75327188 0.96471387
0.45392126 0.44580734 -0.58861631 0.45382446 0.44165331 -0.11109718 0.46865559 0.55977607 -0.50851393 0.46826816 0.54820311 -0.05201472 0.44180265 0.62680334 -0.37822711 0.43712369 0.62365848 -0.08420023 0.52250719 0.60097396 -0.15793538 0.51679152 0.58888727 0.15715778 0.47215563 0.66677684 -0.40388098 0.46718207 0.65501761 0.38626835 0.49129814 0.79972935 -0.22364816 0.50030363 0.7321049 0.7103141 
0.46062607 0.4618789 -0.64336431 0.34738857 0.44154826 -0.30229732 0.49952653 0.57941055 -0.5881896 0.34385818 0.53840047 -0.11348912 0.47943664 0.67482877 -0.60588539 0.31620947 0.59443188 -0.08132634 0.51905394 0.61415178 -0.08729956 0.44612259 0.5972693 0.08714807 0.48511139 0.64528668 -0.19837879 0.43273026 0.62189221 0.05421812 0.47096109 0.68309337 0.03933579 0.44151855 0.67684519 0.46214178
0. 0. 0. 0. 0. 0. 0. 0. 0. 0. 0. 0. 0. 0. 0. 0. 0. 0. 0. 0. 0. 0. 0. 0. 0. 0. 0. 0. 0. 0. 0. 0. 0. 0. 0. 0. 0. 0. 0. 0. 0. 0. 0. 0. 0. 0. 0. 0. 0. 0. 0. 0. 0. 0. 0. 0. 0. 0. 0. 0. 0. 0. 0. 0. 0. 0. 0. 0. 0. 0. 0. 0. 0. 0. 0. 0. 0. 0. 0. 0. 0. 0. 0. 0. 0. 0. 0. 0. 0. 0. 0. 0. 0. 0. 0. 0. 0. 0. 0. 0. 0. 0. 0. 0. 0. 0. 0. 0. 0. 0. 0. 0. 0. 0. 0. 0. 0. 0. 0. 0. 0. 0. 0. 0. 0. 0. 0. 0. 0. 0. 0. 0.
0.42947698 0.50210518 -0.40697408 0.39119303 0.49980024 0.11643954 0.46572447 0.61629432 -0.41734979 0.30653629 0.52452207 0.35562095 0.45563638 0.65803176 -0.27678427 0.24153897 0.48825675 0.52227068 0.6633181 0.58462602 -0.17373908 0.61642152 0.5774399 0.17410444 0.48491207 0.65209675 -0.40523437 0.45011067 0.62258923 0.2429605 0.59537554 0.72448361 -0.11196606 0.58781332 0.68617398 0.26805285
0.42290786 0.51790464 -0.38013566 0.39196897 0.51536626 0.24120788 0.46528143 0.61592311 -0.40301725 0.33245981 0.53499126 0.53309411 0.46675599 0.67394584 -0.20203191 0.2491364 0.53030127 0.75392818 0.66935921 0.59269989 -0.18516287 0.63114983 0.59196293 0.18547712 0.47952515 0.65499574 -0.29471982 0.45955414 0.64205039 0.33573216 0.59537852 0.7241227 0.06061872 0.59639204 0.69664776 0.3926912 
0.41380247 0.53678519 -0.33672917 0.39628819 0.52172828 0.25333989 0.47217891 0.62328893 -0.28421649 0.40357497 0.54978716 0.55524778 0.46683076 0.66980678 0.00891194 0.3132118 0.55704618 0.80061185 0.67101467 0.6021744 -0.18694234 0.65239817 0.59745884 0.18711856 0.46505958 0.65487933 -0.1812062 0.4728131 0.63777977 0.44600701 0.57850635 0.71811366 0.01132444 0.62251234 0.67116463 0.39675143
0.40804785 0.54057294 -0.3295278 0.40701348 0.5238356 0.25351435 0.47752735 0.62364477 -0.32501209 0.37970895 0.54443473 0.53281009 0.48414114 0.67078477 -0.12314925 0.29152003 0.54581988 0.76541626 0.67669344 0.60766566 -0.18756832 0.66394728 0.60028821 0.18771091 0.46636769 0.65335882 -0.13089094 0.46980962 0.61434066 0.51144964 0.58365834 0.71793312 0.09463944 0.6157515 0.66286439 0.58188403
0.40831143 0.54284817 -0.35873961 0.4141396 0.52702826 0.28097504 0.48918831 0.62510192 -0.3411561 0.49190521 0.58952659 0.36882871 0.50721318 0.68859488 -0.15147488 0.48421806 0.64979017 0.24291119 0.67880106 0.6117571 -0.19310991 0.67159671 0.60131276 0.19327007 0.46702257 0.65326321 -0.21038903 0.46811923 0.6159547 0.51476121 0.59599674 0.71780497 0.07552823 0.61319959 0.6621148 0.62854558
0.40294805 0.54541898 -0.4632684 0.40178543 0.53551573 0.24835968 0.49633959 0.62819612 -0.38928905 0.50484616 0.599953 0.32358077 0.50347805 0.68247753 -0.12210237 0.51847142 0.65281814 0.21540882 0.67809933 0.60937923 -0.20720099 0.66363358 0.59851849 0.20700498 0.46722329 0.65352345 -0.12660155 0.46738628 0.62031758 0.55679673 0.60414928 0.70260251 0.23908634 0.6107769 0.66526634 0.61170095
0.40510148 0.54032636 -0.41286182 0.40336171 0.536569 0.25647479 0.49259588 0.62817681 -0.38882855 0.47558373 0.5902521 0.4347575 0.4954378 0.67920566 -0.21064012 0.44467139 0.64014208 0.29794773 0.67984593 0.6074788 -0.20306885 0.66422653 0.59751207 0.20304777 0.46937537 0.65479791 -0.13895532 0.47448492 0.62075371 0.5352996 0.60349762 0.72669601 0.20709209 0.60978854 0.67077488 0.68951005
0.4063414 0.54018986 -0.3771559 0.41719216 0.53515339 0.2885462 0.48167798 0.63191479 -0.32772914 0.48781732 0.60814786 0.40875661 0.4584333 0.68546933 -0.09826536 0.48201701 0.6668523 0.30491573 0.68038529 0.60713696 -0.20161608 0.67116565 0.59806293 0.20177433 0.46905923 0.65684015 -0.17225051 0.48598996 0.62205625 0.54652989 0.58496988 0.75600237 0.15325269 0.60895723 0.69135201 0.75830173
0.40791458 0.53933048 -0.37948593 0.41587463 0.53679138 0.28215021 0.48140576 0.63118356 -0.34166649 0.49858388 0.60145569 0.39990613 0.45403227 0.68419397 -0.11576067 0.48609823 0.65835726 0.29687876 0.68075794 0.60643303 -0.2016927 0.66680962 0.59956282 0.20191169 0.47264665 0.6574136 -0.16471317 0.49827552 0.63318235 0.52564257 0.58309829 0.75888252 0.12522575 0.60909438 0.70291317 0.71271461
0.41158858 0.53803182 -0.38086018 0.41421735 0.53530854 0.27142012 0.48316056 0.62849641 -0.3317346 0.47979522 0.59304392 0.43442893 0.45467541 0.66018015 -0.08631019 0.4460057 0.6339494 0.37250379 0.68055153 0.60677308 -0.20077379 0.66590101 0.59929621 0.20103399 0.47584724 0.65790832 -0.17346931 0.49191588 0.62946206 0.57887286 0.58242536 0.75416011 0.08446067 0.60862297 0.69048887 0.80180526
0.41518939 0.5370487 -0.3747634 0.4144251 0.53439116 0.26795706 0.48291954 0.62549472 -0.38203907 0.47681937 0.58870685 0.46553549 0.45577705 0.66041428 -0.23137376 0.40408337 0.62986058 0.50734276 0.68010682 0.60698897 -0.20023388 0.66482872 0.59880245 0.20048437 0.47615296 0.65897137 -0.14998376 0.48928499 0.62683445 0.55142814 0.58292657 0.75067234 0.12216415 0.60870045 0.6900757 0.78431195
0.42134151 0.53499824 -0.38027859 0.41158843 0.53323227 0.22362581 0.4827475 0.62581146 -0.38481912 0.35400087 0.59956568 0.32359311 0.42315856 0.66258401 -0.2426929 0.27500141 0.65812212 0.19006783 0.67990249 0.6073339 -0.19062909 0.65721512 0.59921592 0.19076978 0.47616193 0.6588968 -0.15430437 0.47285435 0.63789582 0.47658166 0.58016378 0.74790299 0.11477944 0.60775596 0.69250315 0.70451689
0.42588297 0.53451633 -0.36369288 0.41136956 0.53336567 0.23060581 0.47689843 0.62597424 -0.37015027 0.36975726 0.59675306 0.36179888 0.38707355 0.66933918 -0.21511155 0.28207412 0.64779037 0.28763667 0.68013757 0.60722679 -0.19026865 0.65274847 0.60117179 0.1904137 0.47640195 0.65807796 -0.16339643 0.46689367 0.6396997 0.44139555 0.56869996 0.7556721 0.02942139 0.59715044 0.7018469 0.64694595
0.42985967 0.53413463 -0.42277721 0.39491287 0.53507733 0.16897242 0.45683345 0.62501198 -0.40476602 0.3499732 0.60084206 0.31147036 0.34644717 0.66839135 -0.22837253 0.26442206 0.65170681 0.22651498 0.68010795 0.60742843 -0.1885767 0.64806396 0.60217953 0.18863702 0.47658187 0.65803832 -0.15227152 0.47100526 0.63906503 0.51049256 0.56857562 0.7585147 0.04042611 0.60749263 0.70097649 0.79222077
0.43470693 0.53319097 -0.43803805 0.39413026 0.52881056 0.1008724 0.42280963 0.61868846 -0.42162773 0.33722004 0.59858996 0.24368885 0.34718767 0.65855271 -0.26175359 0.271828 0.64670748 0.1748464 0.6800614 0.60799772 -0.18089059 0.64428729 0.6020174 0.18086275 0.47972208 0.65817654 -0.12045302 0.4758727 0.63940644 0.54656565 0.56994027 0.75937474 0.04993168 0.61968756 0.68733639 0.85467398
0.43817458 0.53139079 -0.44704682 0.39399344 0.52706188 0.09310275 0.42426816 0.61348981 -0.48707265 0.34127998 0.59756279 0.28691238 0.35366383 0.65897387 -0.41183472 0.28436568 0.64296997 0.25316027 0.67962879 0.60902596 -0.1776734 0.64455855 0.60074461 0.17765577 0.47966841 0.65862316 -0.12832707 0.47695097 0.63874036 0.55461872 0.57078868 0.75677967 0.05481273 0.62333703 0.68234724 0.86577678
0.44237205 0.52581793 -0.4419181 0.39512247 0.52335787 0.13408104 0.42649138 0.61480224 -0.45363954 0.35213792 0.59668607 0.31359792 0.36943391 0.6602841 -0.31218651 0.29956275 0.6545698 0.27425373 0.67977309 0.60887623 -0.17899191 0.64473188 0.60050464 0.17902113 0.4798432 0.65681565 -0.13904461 0.47757015 0.63846564 0.53605688 0.57152522 0.75461614 0.08603171 0.62218285 0.68129706 0.80878049
0.44130766 0.52417415 -0.42086315 0.40709743 0.52224839 0.2161072 0.43647796 0.61950779 -0.41682181 0.40363809 0.58991653 0.42221573 0.37860265 0.6611436 -0.22026932 0.33950394 0.6512658 0.46816933 0.6802392 0.60931391 -0.1853776 0.64861184 0.60186774 0.18557428 0.47815025 0.6568104 -0.15612806 0.47657385 0.64284605 0.48717681 0.56979603 0.7584998 0.05470236 0.61546534 0.69597 0.68697256
0.43997166 0.52205545 -0.38260213 0.41502717 0.51967794 0.23998456 0.44271097 0.61737049 -0.36832079 0.41848314 0.5911175 0.40096855 0.38259929 0.6674757 -0.17244802 0.35816005 0.65522993 0.40420115 0.68020272 0.61105722 -0.18539095 0.66141206 0.60172856 0.18559568 0.47766194 0.65680605 -0.09640093 0.4798106 0.64170235 0.53564131 0.5879544 0.74138445 0.24729046 0.62187451 0.68967259 0.78174102
0.44002134 0.52051854 -0.38749996 0.41562164 0.51731509 0.22809745 0.44517055 0.61580878 -0.37421107 0.41123965 0.59104979 0.39372364 0.39668232 0.67293274 -0.19145426 0.35600758 0.65870702 0.38471502 0.68017298 0.6112147 -0.1861991 0.66085482 0.60229033 0.18642066 0.47596282 0.65675324 -0.11971551 0.47969794 0.64100331 0.51047623 0.57661813 0.74323088 0.16354461 0.61072057 0.6931718 0.71399719
0.43944228 0.52088875 -0.3550474 0.42790425 0.51363581 0.25766513 0.45425975 0.60841781 -0.343793 0.42908785 0.58880442 0.40102863 0.42559385 0.66808712 -0.14308035 0.37852862 0.65436816 0.38294885 0.67990774 0.61205882 -0.18664876 0.66086638 0.60216159 0.18683803 0.47341341 0.65696299 -0.12004619 0.47907174 0.6403228 0.49444214 0.58411521 0.74198431 0.20616136 0.60959113 0.70146567 0.68332779
0.43925419 0.52034628 -0.34902632 0.44609395 0.50796711 0.26972443 0.46539259 0.60738856 -0.34147602 0.44202393 0.58283859 0.42460567 0.44359821 0.66663152 -0.14523947 0.38150367 0.64515042 0.42427254 0.67999351 0.61243641 -0.18797661 0.6715377 0.60158122 0.18815424 0.47330025 0.6572777 -0.12038683 0.48559666 0.63065332 0.4954336 0.6019901 0.73037684 0.24792846 0.61130172 0.70018494 0.69252801
0.43897253 0.52066183 -0.33270544 0.45505834 0.50711685 0.26331499 0.47063911 0.60793108 -0.33534488 0.4485659 0.57636708 0.4406043 0.45609102 0.67252326 -0.15322407 0.38384303 0.63444996 0.48907444 0.67981213 0.61270165 -0.18580359 0.6720528 0.60151571 0.18593499 0.47181633 0.65855062 -0.09447052 0.49050486 0.6273154 0.49451363 0.59819496 0.73400086 0.23701429 0.61129576 0.6999771 0.69871956
0.43876845 0.52037251 -0.33245036 0.45614263 0.50741863 0.27740186 0.46091333 0.60891217 -0.33972365 0.43853414 0.57755774 0.4229477 0.44450197 0.68130404 -0.14689995 0.37671775 0.63511974 0.46436301 0.67923719 0.61275506 -0.18806891 0.6713087 0.60137135 0.18818723 0.47164047 0.6585961 -0.0989242 0.4920781 0.62623471 0.48516688 0.5977518 0.73585629 0.20401959 0.59387058 0.71011353 0.68526798
0.43976235 0.52047068 -0.34176272 0.4557094 0.50762767 0.27296194 0.4638803 0.61180454 -0.33935192 0.44575804 0.56388241 0.53551507 0.44259384 0.67986375 -0.10773589 0.37393105 0.60798162 0.72291964 0.67914075 0.6127423 -0.19015454 0.67036539 0.60128957 0.19022332 0.47159958 0.6587587 -0.08611977 0.49894562 0.61870831 0.5545907 0.59675831 0.73449147 0.22734225 0.61248547 0.68755925 0.76887888
