0.6777271 0.45143422 -0.11458907 0.58850288 0.42146477 -0.54898953 0.61376125 0.5255422 -0.03137176 0.5404377 0.51556939 -0.56939054 0.59416389 0.59994632 -0.09185567 0.52157873 0.60412425 -0.5033918 0.49841467 0.50818485 0.11207899 0.41297066 0.4872427 -0.11212973 0.62455744 0.55548775 0.16221899 0.46297047 0.5286153 -0.57809609 0.64283895 0.65818465 0.25689045 0.46795788 0.63569778 -0.5062899 
0.67789346 0.45094162 -0.15849349 0.58693075 0.42135343 -0.59860879 0.61376113 0.52389443 -0.06600673 0.53840238 0.51547712 -0.62703311 0.595002 0.59994131 -0.12204082 0.5217039 0.60389155 -0.56950802 0.50433105 0.50660127 0.11443941 0.41549599 0.48737624 -0.11443999 0.62681836 0.55532557 0.11241579 0.49752676 0.53394198 -0.42653155 0.64214683 0.66041255 0.1943325 0.47608486 0.6356898 -0.28335023
0.67770845 0.45067441 -0.15555112 0.58470124 0.42131248 -0.59691536 0.61366665 0.52293432 -0.06640185 0.53641224 0.51549155 -0.62252128 0.59526753 0.59995955 -0.12502407 0.52170336 0.60402066 -0.56311142 0.50580692 0.50610131 0.11512363 0.41581541 0.48755559 -0.11511868 0.62677521 0.55665469 0.10220075 0.4955532 0.53399527 -0.45026469 0.64135438 0.66387647 0.17368062 0.47541505 0.63422829 -0.28306115
0.67759538 0.45035324 -0.1615783 0.5829019 0.42130777 -0.60233283 0.61362714 0.52253878 -0.0731759 0.53387153 0.51546782 -0.62761497 0.59668875 0.60029763 -0.13155401 0.52159011 0.60398209 -0.5678488 0.50694549 0.50571233 0.11507597 0.41643593 0.48754114 -0.1150727 0.62674451 0.55660862 0.10262363 0.49141902 0.53334033 -0.490861 0.63862818 0.66518092 0.18159933 0.47328085 0.62993318 -0.31298226
0.67625904 0.4498468 -0.1659694 0.58026552 0.42132273 -0.61320996 0.61321586 0.52173597 -0.07745521 0.53310996 0.51555192 -0.63783991 0.59677178 0.59796584 -0.13600069 0.52159137 0.6037674 -0.56540883 0.50725985 0.50551766 0.11593363 0.41642499 0.48772082 -0.1159263 0.62673277 0.55578649 0.08537462 0.49276507 0.53306043 -0.47476095 0.63471335 0.66545701 0.15364347 0.47284457 0.63019669 -0.28943318
0.675192 0.44887146 -0.15821077 0.57886869 0.42124879 -0.60820067 0.61221367 0.52123392 -0.07078665 0.53178692 0.51556677 -0.63681239 0.59686577 0.59758884 -0.13238457 0.52159399 0.60357529 -0.56622386 0.50516891 0.50553912 0.11881167 0.41462946 0.4881359 -0.11882981 0.62666577 0.55556333 0.09970052 0.49353495 0.53260195 -0.49164435 0.62980622 0.66515917 0.17816393 0.47343886 0.63035589 -0.31949639
0.67200595 0.44775379 -0.14566882 0.57823694 0.42093709 -0.60404712 0.60976797 0.52111232 -0.05590061 0.53063613 0.51535696 -0.63407379 0.59698647 0.59761405 -0.12629434 0.52156591 0.60299575 -0.56421852 0.49944609 0.50555283 0.12384331 0.41204587 0.48852152 -0.12387691 0.62503844 0.55513519 0.10419066 0.50432086 0.53245056 -0.4515807 0.62825686 0.66490763 0.18350323 0.48036262 0.62379909 -0.29525578
0.67069781 0.4475016 -0.14505039 0.57781291 0.42064971 -0.60001075 0.60823333 0.52084005 -0.05582738 0.52955157 0.51496178 -0.62824625 0.59669405 0.59761488 -0.12520397 0.52152091 0.60227561 -0.56080961 0.4986549 0.50556964 0.12323915 0.41189462 0.48922044 -0.12326854 0.62469465 0.5550763 0.11828581 0.50364041 0.53258938 -0.45620763 0.62847161 0.66412753 0.20636778 0.48178592 0.62619996 -0.28803444
0.66887444 0.44754359 -0.13389444 0.57613409 0.42060488 -0.57011867 0.60680896 0.52081746 -0.05008024 0.52699411 0.51496327 -0.59731144 0.59660083 0.59786636 -0.11695804 0.52142102 0.60231382 -0.52452058 0.49815401 0.50598365 0.12056202 0.41166607 0.49042064 -0.12054565 0.62453175 0.55514926 0.11067134 0.50780213 0.53084695 -0.44373921 0.62780893 0.66394705 0.18935578 0.48774695 0.61909223 -0.27761728
0.66602707 0.44757327 -0.12154382 0.57361859 0.42058852 -0.56797236 0.60383314 0.52084202 -0.04571071 0.52463555 0.51512396 -0.59711695 0.59610069 0.59853882 -0.11969275 0.52079552 0.60328209 -0.52811706 0.49631196 0.50645536 0.12043434 0.40935883 0.49083549 -0.1204289 0.62451267 0.55554986 0.10498852 0.50462782 0.52689642 -0.47426781 0.62712198 0.66434228 0.18020289 0.4893631 0.61810577 -0.30498022
0.66321933 0.44759652 -0.10451301 0.57229674 0.4204582 -0.55237669 0.60095167 0.52086991 -0.0300683 0.52352124 0.51514322 -0.58453858 0.59500009 0.59908569 -0.11154766 0.52051997 0.60414726 -0.52850556 0.49431792 0.50711536 0.12030264 0.40678984 0.49236229 -0.12029848 0.62434661 0.5555948 0.1018879 0.50291532 0.5270642 -0.45287395 0.62725461 0.66431165 0.16305849 0.49052832 0.61859101 -0.28121975
0.66143817 0.4476575 -0.10840959 0.57119292 0.4197011 -0.55880368 0.6003961 0.52089649 -0.03358712 0.52347773 0.51498109 -0.58853561 0.59138203 0.59952652 -0.11606479 0.5203988 0.60410446 -0.53352189 0.49022201 0.50879776 0.1205141 0.40412337 0.49323407 -0.12051196 0.62422758 0.55547154 0.11953048 0.49654824 0.52472067 -0.52375901 0.62733674 0.66287667 0.19106492 0.49027687 0.61886919 -0.36152467
0.65936238 0.44760597 -0.11244808 0.56974846 0.41925254 -0.5619207 0.59824973 0.52089244 -0.03590989 0.52255625 0.51506823 -0.59134465 0.58841819 0.59942633 -0.1227303 0.52027452 0.60407716 -0.53598392 0.48800647 0.51039851 0.12044056 0.40338874 0.49489367 -0.12043609 0.6239984 0.55544662 0.11975487 0.49309874 0.52495682 -0.51517832 0.62753844 0.66289836 0.1904325 0.48969856 0.62109488 -0.35486349
0.65659887 0.44703779 -0.11213627 0.56849819 0.41847983 -0.58075112 0.59680718 0.52050436 -0.03193038 0.52226311 0.51474667 -0.6177789 0.58604497 0.59805298 -0.12246343 0.52040362 0.60284477 -0.55683041 0.48562181 0.51068461 0.12643698 0.4023973 0.49507964 -0.12651096 0.62397832 0.55551082 0.11542844 0.49519902 0.52807653 -0.49856031 0.6276263 0.66287792 0.18601063 0.49059176 0.62978852 -0.34928432
0.65509284 0.44640493 -0.10482281 0.56675845 0.41797704 -0.58031625 0.59506553 0.51950943 -0.02657332 0.52191383 0.51417744 -0.61668217 0.5851624 0.59779835 -0.11760898 0.52036405 0.60186809 -0.55216932 0.48301747 0.51061052 0.12726493 0.4002223 0.49486887 -0.12731574 0.62277478 0.55546838 0.14690496 0.48768383 0.53086591 -0.50169718 0.62909377 0.66139287 0.23500776 0.48971841 0.63053453 -0.3487244 
0.6529305 0.44549558 -0.11831776 0.56447661 0.41765669 -0.56404912 0.59386969 0.51897812 -0.05445445 0.52185816 0.51377159 -0.58977383 0.58553284 0.59738225 -0.14701934 0.52036005 0.60142958 -0.5296368 0.48157406 0.51055163 0.12191859 0.3978239 0.49474621 -0.12198571 0.62151009 0.5554539 0.10050704 0.48791718 0.52787459 -0.48111138 0.6275031 0.66173834 0.14036217 0.49091282 0.62050474 -0.32953975
0.64689165 0.44502148 -0.0726607 0.56253964 0.416998 -0.54998404 0.59183449 0.51867735 -0.00234601 0.52120876 0.51320875 -0.57531887 0.58629191 0.59599656 -0.09692075 0.52033412 0.60058153 -0.5049119 0.47917679 0.51049531 0.12538853 0.39700064 0.49471325 -0.12544252 0.61943758 0.55473942 0.10144742 0.49030039 0.52697092 -0.4960826 0.62345356 0.6617921 0.15977266 0.49610099 0.62255096 -0.33432016
0.64685524 0.44387138 -0.13068333 0.56040484 0.41700709 -0.58783942 0.59128565 0.5185132 -0.05413536 0.52009118 0.51247686 -0.62087172 0.59194911 0.59613711 -0.14578201 0.51983613 0.60023588 -0.55917817 0.4798314 0.51004261 0.12566738 0.39747915 0.49465886 -0.12576833 0.61665165 0.55500007 0.0932414 0.49161106 0.53070462 -0.45860684 0.61967063 0.66243881 0.1466099 0.49564457 0.62899417 -0.2870045 
0.64576286 0.44319504 -0.10942242 0.55848593 0.4169493 -0.58440906 0.59091657 0.51828271 -0.03640317 0.51919323 0.51144427 -0.61634833 0.59206182 0.5952009 -0.13489179 0.51983559 0.5990833 -0.54655606 0.47736397 0.51022238 0.12888971 0.39580095 0.49480602 -0.12905639 0.61613923 0.55456465 0.12487458 0.49184978 0.52879864 -0.50722086 0.62044036 0.66248763 0.19180889 0.4958204 0.6289295 -0.33061033
0.64502919 0.44245848 -0.09303463 0.55798614 0.41688794 -0.58302605 0.58996886 0.51785278 -0.01462417 0.51864976 0.51129442 -0.60143715 0.59210414 0.59346765 -0.10224212 0.51953465 0.59771711 -0.51721799 0.47631383 0.51016742 0.12971582 0.39542106 0.49481007 -0.12987354 0.61590087 0.55459243 0.11695005 0.48994428 0.52736962 -0.50386822 0.62087601 0.66406286 0.16816445 0.4965097 0.6280399 -0.31626973
0.64495194 0.44203928 -0.0851996 0.55710804 0.41682249 -0.58645338 0.58828378 0.51702046 -0.00557632 0.51843101 0.51114959 -0.60648727 0.59109747 0.59230727 -0.09619445 0.51934266 0.59700382 -0.5190599 0.47689661 0.50987643 0.13359107 0.39570475 0.49507511 -0.13372485 0.61503029 0.55451596 0.12839603 0.49070689 0.52678245 -0.53787941 0.62127244 0.66386372 0.20107828 0.50292325 0.62827468 -0.37009442
0.6454801 0.44197974 -0.05961412 0.55713707 0.41636071 -0.5721795 0.58844364 0.5170576 0.01964774 0.51825494 0.51050973 -0.59281957 0.59409058 0.59422427 -0.07453378 0.5192039 0.59674698 -0.52127594 0.47710708 0.51009423 0.13719939 0.39592451 0.49538925 -0.13725728 0.61500448 0.55489594 0.14352678 0.4918218 0.52620256 -0.5396204 0.62153953 0.66419834 0.22148915 0.50357658 0.63172913 -0.38780266
0.64588284 0.44119787 -0.0575438 0.55680603 0.41613322 -0.55875814 0.58793396 0.51685297 0.02233742 0.51798546 0.51039976 -0.57918769 0.59399951 0.59459203 -0.06480098 0.5188759 0.59685665 -0.52156776 0.47904262 0.50999421 0.13707088 0.39710373 0.49537054 -0.13708498 0.61508757 0.55513984 0.15183392 0.49187124 0.52611917 -0.53572732 0.62187135 0.66410553 0.23913842 0.50597894 0.63470811 -0.39974186
0.64612359 0.43958786 -0.06292146 0.55610222 0.41608194 -0.55853337 0.58814192 0.51642293 0.01700174 0.51771533 0.51080835 -0.57982361 0.5928849 0.59294683 -0.06272261 0.51850176 0.59747064 -0.52521384 0.4818404 0.50911945 0.13641952 0.3993144 0.4953635 -0.13642663 0.6150946 0.55489749 0.15228161 0.49179631 0.52762479 -0.51807594 0.62209225 0.66250193 0.24191748 0.5052551 0.63462752 -0.35454464
0.64562565 0.43961176 -0.05371163 0.55601054 0.4160879 -0.56298363 0.58830595 0.51708388 0.02269174 0.51736337 0.51106834 -0.58489931 0.59675419 0.59550518 -0.06657179 0.51814848 0.59858268 -0.5511511 0.48166159 0.5090524 0.14064907 0.39891514 0.49543798 -0.14063743 0.61511385 0.55462855 0.15193193 0.49311042 0.52777684 -0.51679301 0.62212014 0.66258162 0.23577142 0.50395936 0.63539064 -0.3461324 
0.64518797 0.43946505 -0.05688319 0.55615282 0.41609368 -0.56368917 0.5881983 0.51798099 0.01842919 0.51673746 0.51154858 -0.58374441 0.59701699 0.59686953 -0.06785797 0.51801419 0.59909403 -0.54508841 0.48169154 0.50890702 0.14048089 0.39893147 0.49539825 -0.14046319 0.61515027 0.55433673 0.14821546 0.49387106 0.53058487 -0.4666827 0.62301022 0.66196692 0.22978023 0.49997965 0.6353783 -0.27951699
0.64520156 0.43898231 -0.06094517 0.55626136 0.41626555 -0.56397426 0.58827925 0.5179792 0.01595751 0.51641154 0.51202035 -0.58166987 0.59711581 0.59720832 -0.06196586 0.51795948 0.59945625 -0.53451282 0.48216385 0.50856239 0.14008588 0.39942619 0.49538687 -0.14006083 0.61518306 0.55382448 0.15453409 0.49416175 0.53131527 -0.46805412 0.62379521 0.66002828 0.23946211 0.49952516 0.63526881 -0.2776477 
0.64524299 0.43861327 -0.06252676 0.55635715 0.41627118 -0.56928974 0.58842671 0.51755816 0.01356948 0.51640207 0.51203978 -0.58271968 0.59771061 0.59718126 -0.0631236 0.51789713 0.59946334 -0.52721846 0.48331124 0.50847763 0.14049865 0.40095744 0.4953942 -0.14045598 0.61597037 0.55394047 0.16429445 0.49798065 0.53484148 -0.44028783 0.62558699 0.65920818 0.25576782 0.50121856 0.63647205 -0.24630935
0.6452899 0.4385232 -0.05099463 0.55775619 0.41592741 -0.57565349 0.58898109 0.51755309 0.02641721 0.51672232 0.51199818 -0.58340162 0.59763396 0.59746855 -0.0527188 0.51780683 0.59932208 -0.52163512 0.48329887 0.50878847 0.14781652 0.40106252 0.49573192 -0.14780298 0.6164782 0.55394548 0.20020416 0.49705032 0.53915048 -0.44197711 0.62989444 0.65917689 0.30587816 0.50106925 0.63920695 -0.27281472
0.64533514 0.43780535 -0.04918791 0.5595172 0.41593343 -0.5755927 0.59051687 0.51742506 0.02894737 0.51746333 0.51201403 -0.57537323 0.59982187 0.59792531 -0.05028383 0.51782411 0.59916151 -0.4939594 0.48329625 0.50887132 0.14994825 0.40105584 0.49618962 -0.14995316 0.61648965 0.5546577 0.19374722 0.49857879 0.54882258 -0.41829273 0.63313836 0.65922517 0.28772679 0.5015716 0.64600623 -0.2485332 
0.6471296 0.43654737 -0.0883019 0.56098396 0.41584778 -0.61402404 0.59247243 0.51740211 -0.0045937 0.51996213 0.51201737 -0.61936885 0.60201907 0.59838742 -0.07404553 0.51815486 0.59916109 -0.54384232 0.48542491 0.50887567 0.14979829 0.40387562 0.49615622 -0.14981346 0.6166358 0.55572826 0.18952048 0.49210238 0.5483532 -0.50207466 0.6331597 0.66068304 0.29415718 0.49954021 0.64778399 -0.32512566
0.64916176 0.43605366 -0.08494172 0.56239301 0.41573229 -0.62069982 0.59488344 0.51729667 -0.0028061 0.52080733 0.51203853 -0.62954026 0.60309982 0.59865624 -0.06934895 0.51866174 0.59911835 -0.56520557 0.48884633 0.50885785 0.15213317 0.40785325 0.49613127 -0.15214346 0.61702949 0.55638909 0.18554629 0.48770532 0.55063778 -0.53561729 0.62794828 0.66691124 0.28924802 0.49599096 0.65040493 -0.35744745
0.65131968 0.4360356 -0.09071878 0.56435513 0.41522542 -0.62092203 0.59663922 0.51662689 -0.00675149 0.52132833 0.51205057 -0.62855327 0.60278946 0.59839016 -0.07024086 0.51883954 0.59849542 -0.56590205 0.49478176 0.508394 0.15118919 0.41019472 0.49594638 -0.15119815 0.62066108 0.5561772 0.18534373 0.48024175 0.54810989 -0.58767945 0.63280433 0.6624887 0.29537764 0.4687103 0.64845097 -0.39966664
0.65251607 0.43593317 -0.08712877 0.56601226 0.41456518 -0.61667502 0.59719712 0.51589328 -0.00078954 0.52199554 0.51132876 -0.62346148 0.60269403 0.59800982 -0.06900397 0.51883423 0.59728271 -0.56415689 0.49810249 0.50776345 0.15237555 0.41220883 0.49544102 -0.15243465 0.6225487 0.55600184 0.16161326 0.4804765 0.55266076 -0.49992833 0.63215452 0.66295713 0.24573098 0.46893612 0.64776599 -0.25104561
0.65425164 0.4347797 -0.07254349 0.56806892 0.41349998 -0.61535484 0.59860349 0.51494426 0.01259642 0.5229308 0.51043254 -0.62085873 0.60586172 0.59702373 -0.06677112 0.51893884 0.59576172 -0.55730498 0.49973378 0.5074597 0.15434648 0.41348824 0.49518701 -0.15440385 0.62537014 0.5576809 0.15232958 0.47971869 0.55652726 -0.50614083 0.63212091 0.66815662 0.22915013 0.47244662 0.65356123 -0.27667263
0.65525383 0.43476626 -0.05260709 0.56897432 0.41271645 -0.61282045 0.5995689 0.51491004 0.02339707 0.52374661 0.50964761 -0.61937225 0.60838592 0.59766644 -0.06501466 0.51903951 0.59588468 -0.55392951 0.49858913 0.50824624 0.15938057 0.41308796 0.49527973 -0.15946729 0.62627494 0.55768579 0.15262401 0.46646294 0.57506299 -0.49738279 0.63238531 0.67105019 0.22420074 0.43487766 0.66498065 -0.27656841
0.65664577 0.43442068 -0.06202869 0.56961334 0.40985295 -0.62099862 0.60178107 0.51463884 0.00897428 0.5252232 0.50736427 -0.63437891 0.61049289 0.59765232 -0.08027734 0.51915359 0.59398907 -0.57395613 0.49915692 0.50795805 0.15812896 0.4133575 0.49472621 -0.15820062 0.62656569 0.56173778 0.14289837 0.46490002 0.56744784 -0.54097152 0.63228005 0.67485088 0.22167763 0.44236675 0.66042542 -0.33596101
0.65777177 0.43383396 -0.0685916 0.56993574 0.40679878 -0.62505239 0.60230356 0.5133518 0.00788707 0.52632344 0.50527292 -0.63830078 0.61031222 0.59668082 -0.08048283 0.51944405 0.59233665 -0.58419061 0.4990986 0.50762367 0.15729064 0.41375294 0.49393103 -0.15735558 0.62803519 0.5613395 0.15706439 0.46262345 0.5646407 -0.60505879 0.63237405 0.67476213 0.25327659 0.45139211 0.65971106 -0.41102985
0.65913087 0.43178794 -0.09807757 0.57027626 0.40540469 -0.64539284 0.60281706 0.51107925 -0.01389969 0.52659607 0.50367391 -0.66532028 0.61060172 0.59527886 -0.09432855 0.51948434 0.5905447 -0.60872751 0.49914098 0.50622785 0.15766896 0.4143976 0.49290916 -0.15774392 0.62777597 0.56100285 0.15739432 0.47525403 0.56671184 -0.52345181 0.63233727 0.67384344 0.2578584 0.45557019 0.66263008 -0.33928505
0.66138679 0.42982295 -0.10933816 0.57109225 0.40366176 -0.65476334 0.60436946 0.50908685 -0.03132864 0.52675837 0.50196671 -0.67671853 0.61041212 0.59419256 -0.11316106 0.52044427 0.5889948 -0.61163539 0.49962097 0.50546277 0.1580247 0.41625494 0.49140698 -0.15812197 0.62760597 0.56073505 0.13008878 0.47842923 0.57185435 -0.49678984 0.63265866 0.67629564 0.22954436 0.45069751 0.66514182 -0.28747699
0.66138017 0.42858282 -0.09761181 0.57278955 0.4013947 -0.64580822 0.60490072 0.50808895 -0.00684229 0.52679098 0.4994258 -0.66678548 0.61018771 0.59305185 -0.08582475 0.52109563 0.58799934 -0.59998608 0.49936429 0.5047158 0.16318928 0.4172588 0.4904007 -0.16331887 0.62755644 0.5600999 0.1364129 0.50201201 0.57352406 -0.39582759 0.63309455 0.67529976 0.23172154 0.47021112 0.66740298 -0.20135739
0.66167885 0.4266693 -0.10411399 0.57418621 0.40150946 -0.64409536 0.60652113 0.50691235 -0.01403925 0.52726328 0.49903196 -0.66238445 0.61323822 0.59257597 -0.0899801 0.52362943 0.58738846 -0.59314126 0.49999684 0.50372487 0.16228966 0.4179194 0.48955861 -0.16240564 0.62837183 0.55997729 0.12278117 0.51798391 0.57739758 -0.32497284 0.63148719 0.6754306 0.22609536 0.47866803 0.67351091 -0.0919554 
0.6618495 0.42445129 -0.13293682 0.57534838 0.40104392 -0.67150992 0.60837531 0.50538021 -0.05585562 0.5279125 0.49705702 -0.69806159 0.61374575 0.59017354 -0.13366519 0.52441305 0.58546823 -0.62919396 0.50141662 0.50190246 0.16329113 0.41902196 0.48816586 -0.16340494 0.62833661 0.55992997 0.12724447 0.51717508 0.58710903 -0.29415038 0.63005352 0.67218971 0.24155767 0.46290669 0.67841703 -0.06641813
0.66223252 0.42313763 -0.17297879 0.57527459 0.40125161 -0.71435183 0.6091404 0.50423968 -0.09962265 0.52804035 0.49683306 -0.75719291 0.61462057 0.58989143 -0.17947581 0.52546197 0.58462328 -0.70345515 0.50547177 0.50048375 0.16281667 0.42208254 0.48709211 -0.1629235 0.62883174 0.55888784 0.11241414 0.5170458 0.58217317 -0.36653879 0.62926948 0.67178315 0.25277856 0.45641205 0.68027776 -0.13402694
0.66255426 0.42151344 -0.15151986 0.57539159 0.40084442 -0.69504142 0.60896665 0.50294054 -0.07126399 0.52888805 0.4955321 -0.72769749 0.61528027 0.58575058 -0.1479561 0.5268212 0.58238101 -0.66680288 0.50851417 0.49959859 0.1625351 0.42416653 0.48615178 -0.16263346 0.62892962 0.55917394 0.11999759 0.51091146 0.58592379 -0.30474868 0.63012326 0.66980064 0.26751637 0.42866406 0.683514 -0.11252944
0.66337532 0.42073122 -0.14205298 0.57539582 0.40022987 -0.69049376 0.60876179 0.50275153 -0.06097148 0.52897811 0.49451068 -0.72571957 0.61545825 0.58581215 -0.13796191 0.5278222 0.58108956 -0.66417712 0.50827396 0.49963725 0.16312398 0.42407548 0.48635378 -0.16321802 0.63080156 0.55950028 0.1208908 0.51011503 0.58329171 -0.3579343 0.63023025 0.67028832 0.29016808 0.43716323 0.68381697 -0.15060498
6.63845479e-01 4.21179473e-01 -9.22233537e-02 5.75578094e-01 3.99399549e-01 -6.55997813e-01 6.08728409e-01 5.02774835e-01 1.03997831e-04 5.29035926e-01 4.94174868e-01 -6.76078856e-01 6.16057575e-01 5.86242080e-01 -7.21905604e-02 5.28081000e-01 5.81381857e-01 -5.95465720e-01 5.07953942e-01 4.99831468e-01 1.64461747e-01 4.23794150e-01 4.86470908e-01 -1.64502636e-01 6.30955160e-01 5.61040699e-01 1.14378437e-01 5.19580901e-01 5.81580698e-01 -3.39122444e-01 6.32150352e-01 6.72417998e-01 2.42122874e-01 4.82910842e-01 6.82128131e-01 -8.43085498e-02
0.6638242 0.42160377 -0.04505111 0.57630229 0.39804727 -0.61762583 0.60867429 0.50287217 0.04288501 0.52907664 0.49290523 -0.63915586 0.617778 0.58659714 -0.0417922 0.52810645 0.58077204 -0.5704909 0.50538856 0.50130963 0.16758621 0.42355374 0.48733607 -0.1675759 0.63105577 0.56302303 0.11759273 0.51957756 0.58467197 -0.34290779 0.63363212 0.67559171 0.24280672 0.48165327 0.68329787 -0.11668276
0.66376942 0.42123455 -0.06493636 0.57682139 0.39717484 -0.62865847 0.60860169 0.50276381 0.02130793 0.52932358 0.49195498 -0.65194833 0.61816782 0.58619797 -0.06024259 0.52824682 0.57991427 -0.58338654 0.50189221 0.49999475 0.16790968 0.42364872 0.48755917 -0.16789788 0.63104069 0.56359833 0.15073587 0.51769859 0.58733666 -0.32579142 0.63553798 0.67534441 0.29106459 0.4807581 0.68909401 -0.13800175
0.6641441 0.42007944 -0.07429288 0.57731825 0.39710268 -0.63589972 0.60857332 0.50232965 0.01235742 0.52972591 0.49182472 -0.66172266 0.6180225 0.58498222 -0.06626384 0.52841133 0.57956278 -0.58871686 0.5034098 0.50000268 0.16835195 0.42432791 0.48745182 -0.16833736 0.6311754 0.56360829 0.14961192 0.51795834 0.58698076 -0.31617334 0.63739616 0.67547822 0.2867243 0.47737518 0.68713081 -0.1135865 
0.66448963 0.41755438 -0.07389561 0.5778411 0.39724922 -0.65030569 0.6080538 0.50174403 0.01291469 0.53009278 0.49208239 -0.67868525 0.61798698 0.58424342 -0.06492407 0.52858329 0.57973862 -0.60938972 0.50567937 0.49926451 0.17158228 0.42552668 0.48665753 -0.17153139 0.63130242 0.56346703 0.14821586 0.52222455 0.5859192 -0.31540123 0.63722694 0.6754418 0.28131127 0.48320165 0.68534249 -0.09610068
0.66511279 0.41675642 -0.05575467 0.57848662 0.39705285 -0.64977169 0.60797662 0.50146967 0.03762583 0.53039432 0.49228138 -0.67324489 0.61857527 0.58440781 -0.0350557 0.52916121 0.5799911 -0.5974521 0.50584596 0.49904716 0.1752485 0.4264628 0.48616409 -0.1752362 0.63147575 0.56335503 0.1500618 0.52075082 0.5917927 -0.26514763 0.63709265 0.67502809 0.25113285 0.47848567 0.68454671 -0.01936001
0.66548061 0.41512087 -0.0726855 0.57920188 0.3967264 -0.66710085 0.60798299 0.50059736 0.01973917 0.53078389 0.49220148 -0.6916877 0.61869395 0.58383274 -0.04792814 0.53016281 0.58016235 -0.61712271 0.50679004 0.49850163 0.17465337 0.42808178 0.48593506 -0.17465021 0.63147026 0.56326735 0.14226355 0.51457483 0.59363115 -0.29162893 0.63704598 0.67479724 0.2504586 0.45900294 0.6867435 -0.06894741
0.6654532 0.41434821 -0.05082967 0.57994002 0.39594468 -0.64833611 0.60792458 0.50008589 0.03659648 0.5308975 0.49212512 -0.67276436 0.61865693 0.58370584 -0.03979178 0.53061074 0.58025283 -0.60073054 0.50634193 0.49857554 0.17509365 0.42824456 0.48572648 -0.17507216 0.63149595 0.56321371 0.14617141 0.51636451 0.58727187 -0.32528782 0.63939053 0.67469895 0.24756363 0.45912498 0.68589997 -0.1462481 
0.6654309 0.41336519 -0.05083868 0.58065122 0.3955144 -0.63796645 0.60787874 0.49952233 0.03943801 0.53093153 0.49184701 -0.66065103 0.61862618 0.58256519 -0.03200371 0.53088528 0.58002675 -0.58828908 0.50790346 0.49718654 0.17472701 0.42908752 0.48510298 -0.17473175 0.63155293 0.56274503 0.14646956 0.52285719 0.58354956 -0.32404709 0.6397832 0.67227674 0.2569561 0.47514519 0.68533242 -0.14376134
0.66549373 0.41311711 -0.0552319 0.58120388 0.39557272 -0.63666713 0.60800207 0.49944204 0.03839986 0.5309943 0.49191549 -0.65802544 0.61905384 0.58252949 -0.02833828 0.53124392 0.58011395 -0.58741963 0.50977999 0.49674049 0.17464121 0.43058881 0.4850755 -0.17467122 0.63209516 0.56236207 0.13154919 0.5333401 0.58515751 -0.28934097 0.63967997 0.67274261 0.22424978 0.49867332 0.68496734 -0.06017472
0.6656841 0.41203162 -0.11065131 0.58140242 0.39525399 -0.69070077 0.60777134 0.49744648 -0.01799926 0.53096515 0.49181646 -0.72669566 0.61848408 0.58015418 -0.08719541 0.53198743 0.57986087 -0.65995133 0.51336157 0.49498683 0.17454404 0.43304613 0.48440793 -0.17455341 0.63423604 0.56234086 0.1301232 0.53509498 0.58605319 -0.30124894 0.63958961 0.67367107 0.26150334 0.49177721 0.68675935 -0.10464662
0.66576213 0.41159573 -0.11916621 0.58145088 0.39443922 -0.6782881 0.60699934 0.49619734 -0.02868577 0.53096735 0.49117586 -0.70900327 0.61502481 0.57506919 -0.10108081 0.53240204 0.57802302 -0.64403921 0.51672971 0.4939414 0.17142044 0.43539762 0.48392758 -0.17142221 0.63571715 0.56303519 0.11657707 0.53872639 0.58883071 -0.2614117 0.63921881 0.67458254 0.25615188 0.58403444 0.68664587 -0.03964406
0.66576505 0.40728906 -0.11229391 0.58148813 0.39401156 -0.67364436 0.60622746 0.49074775 -0.02017082 0.53208005 0.48903412 -0.70286244 0.61397129 0.56278437 -0.05550767 0.53242522 0.57462257 -0.61453849 0.52039355 0.49255338 0.16837975 0.43961993 0.48349062 -0.16844076 0.63563085 0.56425011 0.14986627 0.52283412 0.60036302 -0.1763269 0.63938522 0.67298567 0.26963222 0.49774414 0.68647319 0.04895259
0.66579419 0.4056789 -0.10812527 0.58148688 0.39307493 -0.67064297 0.60638565 0.49091944 0.01189556 0.53321153 0.48879337 -0.69872785 0.61403632 0.56613034 -0.01773459 0.53247231 0.57452929 -0.61457133 0.5219537 0.49240515 0.16767213 0.44005388 0.48354909 -0.16773455 0.63602012 0.56436086 0.15507944 0.49925339 0.60678834 -0.18443799 0.6402505 0.67268556 0.27818879 0.42978519 0.68789083 0.02221286
0.66584688 0.40552172 -0.10608473 0.58179063 0.39175165 -0.67633724 0.60690475 0.49079362 0.02077726 0.53443038 0.48793712 -0.70680642 0.61697471 0.56803048 -0.02190193 0.53271925 0.57475036 -0.648413 0.52107704 0.49242026 0.16894478 0.43934605 0.48357889 -0.16901359 0.63546109 0.5664193 0.16801742 0.49741665 0.60701841 -0.19842026 0.64008665 0.67288786 0.30770695 0.43206435 0.69121987 -0.00317475
0.66579759 0.40403146 -0.0491802 0.58196074 0.39105409 -0.64755553 0.60811186 0.49034816 0.07824489 0.53581691 0.48697025 -0.6759761 0.62082171 0.56740034 0.0250564 0.53325337 0.57400715 -0.6248765 0.52085996 0.49251202 0.1726415 0.44053417 0.48403868 -0.17265032 0.63456982 0.56763929 0.18261734 0.49854165 0.60766792 -0.19753838 0.63932794 0.67271149 0.32852444 0.44329822 0.69252622 0.00594998
0.66578066 0.4008165 -0.08935119 0.58220547 0.39033958 -0.67164427 0.60834324 0.4886162 0.03034445 0.5363012 0.48529348 -0.71519679 0.62169498 0.56311172 -0.0368091 0.53354084 0.57282549 -0.67897534 0.52512801 0.49040839 0.17256887 0.44339755 0.4835462 -0.1725754 0.63327205 0.56806701 0.17587969 0.50049335 0.60657185 -0.21481316 0.63826138 0.67368317 0.31868595 0.44714499 0.69446242 0.00086744
0.66582561 0.40113527 -0.02127231 0.58292115 0.38906917 -0.62272787 0.60906577 0.48844373 0.11006276 0.53627896 0.4836964 -0.65106142 0.62624627 0.56468016 0.07481057 0.53318477 0.57185584 -0.60880667 0.52087373 0.49089432 0.17195642 0.44291851 0.48416111 -0.17206147 0.62889534 0.57010329 0.15830211 0.46829847 0.61690414 -0.22222352 0.63817394 0.67464662 0.26608959 0.36729208 0.67705083 0.00596535
0.6656372 0.39955378 -0.04023938 0.58305889 0.38837716 -0.62992013 0.60917908 0.48709205 0.08462238 0.53648561 0.48212478 -0.65861934 0.62684572 0.56416929 0.03401739 0.53311974 0.56968415 -0.61961639 0.52138537 0.49055326 0.17240067 0.44240186 0.48407897 -0.1725053 0.62553191 0.57156181 0.13511445 0.48427102 0.6126529 -0.22201543 0.63816386 0.67488873 0.2646355 0.39495486 0.67802483 0.02644455
0.66564906 0.39910993 -0.07826692 0.58344954 0.38759428 -0.66694957 0.60963637 0.48680714 0.04137792 0.53668225 0.48168558 -0.70772761 0.63033164 0.56425035 -0.01668778 0.53314531 0.56891328 -0.6705569 0.52351362 0.49001396 0.17238024 0.44350514 0.48387209 -0.17249016 0.62649989 0.57134044 0.12627915 0.48951456 0.6105141 -0.22400771 0.63617432 0.67525423 0.27585432 0.41937414 0.68439537 0.02160214
0.66508955 0.39988413 -0.00903653 0.58350724 0.38637072 -0.61275959 0.60968822 0.48712593 0.12129576 0.53704745 0.48069617 -0.642919 0.63081968 0.56449378 0.07709666 0.53315103 0.56745774 -0.59816945 0.51860422 0.49155486 0.1722468 0.44131124 0.48479545 -0.17239249 0.62570328 0.57177037 0.1420237 0.46488425 0.60980904 -0.22768301 0.63631678 0.67568785 0.27983803 0.35665461 0.66770953 0.01283038
0.66451389 0.40034637 -0.0036468 0.58353859 0.38586515 -0.61403698 0.60970891 0.48722526 0.12443303 0.53742701 0.48058242 -0.64586681 0.63121843 0.56480885 0.07539994 0.53320742 0.56697595 -0.60013998 0.51602983 0.49291927 0.17236488 0.43956861 0.4856374 -0.17253494 0.62571484 0.57202113 0.14570715 0.45813054 0.60967964 -0.24149057 0.63638246 0.67607325 0.28944588 0.35048607 0.66024792 0.02104991
0.66446871 0.40004548 -0.00829754 0.58346611 0.38553569 -0.65682232 0.61003155 0.48699349 0.11831843 0.53812033 0.48084864 -0.69303787 0.63194078 0.5644545 0.04217926 0.53348035 0.56655592 -0.6478585 0.51702547 0.49280015 0.17668068 0.43981922 0.48552415 -0.17679033 0.62587601 0.57174563 0.1485824 0.47574243 0.60941279 -0.24371268 0.63665432 0.67659611 0.30742514 0.41070473 0.68044031 -0.0197007 
0.66416949 0.40020475 -0.03905675 0.58339113 0.3849155 -0.67979592 0.6102258 0.48676807 0.08170217 0.53887796 0.48085526 -0.72548288 0.63176745 0.56404072 0.00298118 0.53391021 0.56610024 -0.68720597 0.51712638 0.49298081 0.18034264 0.44004953 0.48573464 -0.18046261 0.62600636 0.57204115 0.16490361 0.47922945 0.60849738 -0.2517837 0.6366626 0.6775226 0.35927594 0.4120551 0.68145549 -0.02910407
0.66387159 0.39958155 -0.07223318 0.58317047 0.38425943 -0.69456512 0.61034375 0.48605269 0.03174658 0.53904521 0.48043859 -0.7462309 0.63149422 0.56288022 -0.05608352 0.53389317 0.56503707 -0.70832509 0.52343154 0.4903138 0.18232386 0.44283757 0.48490959 -0.18235868 0.62607783 0.57187957 0.12167693 0.52116829 0.59204352 -0.2572121 0.63668388 0.67746055 0.33669022 0.49638733 0.68741488 -0.02695855
0.66298395 0.39854962 -0.07400323 0.58301347 0.38361153 -0.7167055 0.61027157 0.48577455 0.03518235 0.53902584 0.48050472 -0.76916569 0.63141912 0.56287366 -0.04183625 0.53389138 0.56525159 -0.72764069 0.52325565 0.49003813 0.1883527 0.44268864 0.48482752 -0.18842886 0.62632704 0.571778 0.14004688 0.51434416 0.59283131 -0.275213 0.63559419 0.67926747 0.37468821 0.48012492 0.69245344 -0.05392323
0.66151112 0.39840972 -0.07725185 0.58277422 0.38220054 -0.71837246 0.61026978 0.48513952 0.02970503 0.53901088 0.47959974 -0.78099132 0.63125902 0.56241405 -0.04964776 0.53398281 0.56505913 -0.75207031 0.52283585 0.49013761 0.19012204 0.44204536 0.48501408 -0.19026321 0.62640435 0.57179892 0.17336933 0.50605547 0.59294599 -0.2980212 0.6353001 0.6803059 0.41586411 0.40770993 0.6909954 -0.09380184
0.65966767 0.39833215 -0.07553367 0.58231181 0.38142851 -0.70981771 0.61038226 0.48467293 0.03144351 0.53900021 0.47858858 -0.77269262 0.63149983 0.56226289 -0.05121543 0.53396511 0.56452471 -0.74567151 0.52262151 0.49023384 0.18950202 0.44199806 0.48503339 -0.18965273 0.62587535 0.57238168 0.16924714 0.50595993 0.59389818 -0.30393669 0.63516885 0.68061906 0.3999019 0.41255942 0.69513375 -0.10095172
0.65880966 0.39835384 -0.0405082 0.58123648 0.37945431 -0.69014955 0.61048621 0.48427474 0.0753175 0.53905344 0.47725096 -0.76464802 0.63172251 0.56226242 -0.00416765 0.53386569 0.5643177 -0.72534204 0.51944798 0.49065906 0.18982004 0.4402324 0.48495379 -0.19002159 0.62525725 0.57302034 0.18226281 0.49008474 0.60521674 -0.29163551 0.6353929 0.68045878 0.39678752 0.40093052 0.69355762 -0.08166195
0.65861958 0.39812407 -0.06248059 0.57947373 0.37914628 -0.71371329 0.61053401 0.4832646 0.04780288 0.53927279 0.47680765 -0.78209281 0.63163704 0.5618487 -0.03642447 0.53395605 0.56421739 -0.75658375 0.51901418 0.49074167 0.19046636 0.44011551 0.48494387 -0.19068401 0.62516606 0.5734818 0.18244836 0.48385569 0.60928327 -0.30991393 0.63570195 0.68034929 0.41490948 0.40458688 0.69512832 -0.10581611
0.65790242 0.39698097 -0.08031877 0.57912636 0.37894139 -0.73546523 0.61047518 0.48248774 0.02573496 0.53937578 0.47654849 -0.80587775 0.63161445 0.56134307 -0.05815488 0.5339697 0.56410009 -0.78244746 0.51885939 0.49032721 0.19318648 0.44001958 0.48464173 -0.19348952 0.62566179 0.57231748 0.18207669 0.48345152 0.61209899 -0.3232618 0.63624698 0.67949605 0.40254718 0.39131534 0.694502 -0.11755311
0.65747452 0.39686051 -0.07792468 0.57910693 0.37836546 -0.72943771 0.61046839 0.48205444 0.02714713 0.53986752 0.47611779 -0.80219078 0.63158369 0.5607723 -0.05601385 0.53413856 0.56325781 -0.78167266 0.518408 0.49030203 0.19459288 0.43969327 0.48444697 -0.19488434 0.62569481 0.57295913 0.18226069 0.48436201 0.6108011 -0.32872465 0.63674527 0.67962641 0.39218181 0.39739004 0.69373333 -0.1428055 
0.65625989 0.39642698 -0.03415413 0.57912874 0.3776395 -0.7052747 0.61030757 0.48138615 0.07864301 0.54049176 0.47539553 -0.78258651 0.63152665 0.55986005 -0.0018441 0.53445411 0.56226832 -0.77292657 0.51631105 0.49033353 0.19682229 0.4383072 0.48439735 -0.19709995 0.62556088 0.57397705 0.20503242 0.48510012 0.60704255 -0.32492924 0.63717467 0.67985702 0.39564514 0.39120692 0.68128151 -0.13793342
0.65487492 0.39577287 -0.0267584 0.57915193 0.37719652 -0.70103341 0.60986567 0.4807567 0.08339904 0.54068339 0.47448355 -0.77602285 0.63147986 0.55917925 -0.00663026 0.53460872 0.56098253 -0.75834471 0.51446295 0.49036959 0.19845493 0.43760538 0.4844223 -0.19872215 0.62536079 0.57516259 0.21530586 0.48555189 0.60372025 -0.30120325 0.63760906 0.67991513 0.40991837 0.39404434 0.68165177 -0.11008322
0.65417099 0.39480361 -0.03547382 0.57916743 0.37660676 -0.71367961 0.60937244 0.48019856 0.07757846 0.54082149 0.47341913 -0.79668784 0.63144284 0.55824608 -0.0325611 0.53464162 0.55999082 -0.79170561 0.51374948 0.49022371 0.2006339 0.43711784 0.48442307 -0.20093127 0.62497395 0.57520282 0.2362221 0.4843806 0.60392267 -0.30026364 0.63767701 0.67989331 0.4598245 0.39557627 0.6872794 -0.11535806
0.65399587 0.39442605 -0.03299875 0.57912868 0.3762069 -0.7117641 0.60908598 0.480012 0.07542759 0.54095775 0.47267741 -0.7894457 0.63155323 0.55804324 -0.03225525 0.53473777 0.55969864 -0.77973616 0.51193368 0.48981375 0.20157897 0.43692207 0.48426351 -0.20181912 0.6240446 0.57526642 0.23009442 0.48831555 0.60354006 -0.29965952 0.63770539 0.67986387 0.47409335 0.42788669 0.69372565 -0.10686626
0.65332693 0.39333624 -0.03257336 0.57903069 0.37559897 -0.71130157 0.60897285 0.47949207 0.07177466 0.5411275 0.47196153 -0.78932339 0.63161182 0.55685353 -0.03838629 0.53535974 0.55884033 -0.78375059 0.51205796 0.489535 0.20189083 0.436921 0.48389968 -0.20206463 0.62286872 0.57578623 0.22018774 0.50764871 0.59835654 -0.29896626 0.63776433 0.67984605 0.45028099 0.47844243 0.69559741 -0.09272493
0.65331322 0.39316094 -0.03427046 0.57853186 0.37490574 -0.70158136 0.6089341 0.4791635 0.06989983 0.54132295 0.47073337 -0.78767717 0.63180357 0.55652696 -0.03854423 0.5356977 0.55685097 -0.77570128 0.51188767 0.48958334 0.2015557 0.436975 0.48370138 -0.20176546 0.61634761 0.57779485 0.19743791 0.50472736 0.59664351 -0.29050604 0.63777077 0.68072742 0.44195849 0.48159337 0.69929117 -0.10127927
0.65305233 0.39260593 -0.03560058 0.57779539 0.37407249 -0.69670862 0.6089285 0.47888401 0.06612267 0.54160213 0.46972096 -0.78556544 0.632249 0.55622977 -0.04578362 0.53635335 0.55451542 -0.77336556 0.5114851 0.48959097 0.19959866 0.43683535 0.48335773 -0.19980139 0.61682194 0.57918113 0.15990691 0.50425059 0.59218079 -0.29410723 0.637851 0.68114388 0.38374355 0.46584597 0.69813931 -0.11625171
0.65282506 0.39212906 -0.04024879 0.57734698 0.37358183 -0.68644667 0.60891342 0.47863343 0.05585165 0.54157811 0.46935079 -0.77153802 0.63226902 0.55628043 -0.05346264 0.5363524 0.55347151 -0.77109361 0.5131731 0.48961195 0.19489586 0.43773478 0.48283795 -0.19503915 0.6170727 0.57960379 0.13892332 0.507312 0.58921391 -0.31035101 0.6378932 0.68116349 0.36731657 0.48506057 0.69732863 -0.11837468
0.65285426 0.39086369 -0.06636623 0.57703042 0.37256733 -0.68654621 0.60890716 0.47817025 0.0272215 0.54144067 0.46843192 -0.76811385 0.63087487 0.55487078 -0.0737401 0.53624719 0.55234742 -0.76541495 0.52088803 0.48769972 0.19009104 0.44065076 0.48103613 -0.19020797 0.61793393 0.57936591 0.1304514 0.5158959 0.59081161 -0.30765498 0.63879824 0.68089157 0.35036862 0.49340075 0.69711131 -0.12948792
0.65297318 0.39067453 -0.04013317 0.57717538 0.37156484 -0.64999396 0.60873598 0.47751671 0.05781633 0.54144025 0.46793926 -0.71877027 0.63074404 0.55415112 -0.03990728 0.53606677 0.551606 -0.71089089 0.52051246 0.48774952 0.18828884 0.44104025 0.4811095 -0.18841158 0.61812103 0.57940286 0.13595286 0.51360065 0.59172529 -0.30256814 0.63887852 0.68110287 0.35131794 0.47943279 0.69594961 -0.11925232
0.65299207 0.3906458 -0.02887615 0.57721752 0.37098166 -0.64026862 0.60852313 0.47674063 0.0707683 0.5414744 0.46725783 -0.70961028 0.63063693 0.55279195 -0.02820871 0.53606576 0.55012864 -0.69929099 0.52106774 0.48762926 0.18777907 0.44237486 0.48093352 -0.18786877 0.61932939 0.57930189 0.11532846 0.51968062 0.5922814 -0.28123674 0.63885784 0.68115896 0.32476658 0.49653563 0.6958124 -0.07933944
0.65242201 0.39056948 -0.03059369 0.57710505 0.37074342 -0.65326434 0.60799432 0.47619146 0.0719071 0.54168254 0.46728614 -0.72525209 0.6306141 0.5521822 -0.02290939 0.53620201 0.55007493 -0.71513271 0.52094239 0.48755985 0.18803278 0.44231012 0.48054549 -0.18813448 0.6201219 0.579261 0.1275396 0.51649517 0.59128255 -0.29849488 0.63954449 0.68113881 0.32346272 0.48130283 0.69462615 -0.12074407
0.65172893 0.39063892 -0.02483637 0.57674259 0.3705228 -0.66004145 0.60710841 0.47621146 0.07798734 0.54147959 0.46727243 -0.73198277 0.63047701 0.55207199 -0.02013459 0.53640682 0.54994637 -0.72111487 0.52025694 0.48761731 0.18993078 0.44225478 0.48058826 -0.19000565 0.62058032 0.57922459 0.13423814 0.51718009 0.58995003 -0.3009564 0.63972169 0.68127447 0.32354024 0.4803997 0.69424397 -0.12499404
0.65087289 0.39068687 -0.02570878 0.57669574 0.36983728 -0.67554063 0.60612565 0.47622684 0.07617802 0.54081124 0.46682534 -0.75289422 0.63045788 0.55173707 -0.02256515 0.53640372 0.54954839 -0.74340868 0.5201782 0.48741311 0.19070387 0.44221798 0.47997141 -0.19084366 0.62067497 0.57900345 0.1753124 0.49517471 0.5901956 -0.32247558 0.64092636 0.68140113 0.36706939 0.42139801 0.69054753 -0.16613896
0.65061843 0.39069378 -0.02456978 0.57652414 0.36945036 -0.67266876 0.60522735 0.47617158 0.08189976 0.54023796 0.46670845 -0.74684089 0.63017625 0.55146748 -0.00686053 0.5363934 0.54946041 -0.73357016 0.5194217 0.48741278 0.19077359 0.44169098 0.4799107 -0.19092515 0.6207695 0.57870328 0.1760608 0.49232545 0.58831578 -0.31936246 0.64098841 0.68182892 0.36106187 0.41992453 0.68744481 -0.16549841
0.65055513 0.39026701 -0.0189892 0.57638389 0.36877087 -0.66955626 0.60467559 0.47559339 0.0877369 0.5392397 0.46654129 -0.74175423 0.62858522 0.55084246 -0.00199841 0.53636557 0.54943204 -0.72606742 0.51936662 0.48695049 0.19138694 0.44164521 0.47922367 -0.19156082 0.62094533 0.57772118 0.18393138 0.49138048 0.5864414 -0.31669852 0.64129096 0.68182111 0.36030295 0.41637141 0.68524891 -0.16707247
0.65056324 0.38996887 -0.02439272 0.57619256 0.36810991 -0.66972125 0.60459274 0.47532898 0.07788779 0.53912055 0.46644601 -0.74240255 0.62808108 0.55035889 -0.01478609 0.53636461 0.5491389 -0.72753716 0.52088201 0.48631516 0.19133127 0.44317693 0.47866777 -0.19150639 0.62186015 0.57674241 0.17283718 0.49391249 0.58696842 -0.33075976 0.64132428 0.68182188 0.32943404 0.42512959 0.68554872 -0.19442217
0.65057945 0.38929713 -0.02561941 0.57620084 0.36762938 -0.66994047 0.60460454 0.47463748 0.07793197 0.53914577 0.46635577 -0.74062228 0.62847626 0.54975218 -0.01080456 0.53631645 0.54905713 -0.72256726 0.52257794 0.4855583 0.19104545 0.44428459 0.47792813 -0.19124262 0.62330687 0.57639223 0.13157098 0.49468344 0.58795059 -0.33697334 0.64132178 0.68181747 0.28323245 0.40208107 0.68433261 -0.17799155
0.6507889 0.3884986 -0.01524173 0.57620054 0.36689121 -0.66571087 0.60465378 0.47313592 0.1006517 0.53909206 0.46574119 -0.73031503 0.62847358 0.54827249 0.02481076 0.53602433 0.54802263 -0.70397973 0.52460575 0.48511919 0.19132654 0.44461682 0.47763097 -0.19158499 0.62768483 0.57452285 0.16898279 0.47697732 0.59254491 -0.3457045 0.6413151 0.68121362 0.35592481 0.32601011 0.6718868 -0.1792223 
0.65128291 0.38746506 -0.01406717 0.57587224 0.3666589 -0.66307926 0.60477608 0.47171342 0.10534347 0.5386101 0.46566567 -0.7199645 0.62792498 0.54622203 0.03526606 0.53527778 0.54767323 -0.68689436 0.52594161 0.48454767 0.19134535 0.44431412 0.47701532 -0.1915987 0.63007742 0.57234603 0.18374448 0.4621518 0.59276515 -0.35404029 0.6392979 0.68079066 0.37260446 0.29454273 0.6614114 -0.18766786
0.65216422 0.38623947 -0.06957509 0.57588202 0.36664581 -0.70353693 0.60492587 0.47064909 0.0431866 0.53857863 0.46553689 -0.77119899 0.62781709 0.54532325 -0.02381984 0.53473151 0.5472576 -0.74211049 0.53179789 0.48165125 0.19035514 0.44595748 0.47507277 -0.19062988 0.63204467 0.57032412 0.11877938 0.48458093 0.59273207 -0.37694317 0.63837993 0.67984462 0.31635571 0.3456063 0.66581124 -0.19403937
0.65229422 0.38545772 -0.0558551 0.57585478 0.36596906 -0.69920164 0.60500312 0.46965083 0.06357316 0.53852582 0.46526298 -0.75251645 0.62529737 0.54551357 0.00215675 0.53469491 0.54730952 -0.71243262 0.53154212 0.48143825 0.19037193 0.4458659 0.47499937 -0.19065782 0.63365215 0.56902903 0.170788 0.46782938 0.59288281 -0.36848065 0.63841236 0.67982095 0.35253158 0.29167628 0.65699613 -0.21654905
0.6524992 0.38507402 -0.08625512 0.57577461 0.36563906 -0.70926946 0.60506004 0.4688949 0.01958163 0.53853291 0.46501794 -0.7797417 0.62466866 0.54575986 -0.05704382 0.53471363 0.54734391 -0.75366634 0.53205311 0.48114282 0.18919218 0.44596767 0.47508466 -0.18951689 0.634956 0.56814426 0.14242515 0.47935858 0.59307456 -0.37271637 0.63753003 0.6794818 0.35312572 0.3171086 0.65911698 -0.20166054
0.65266097 0.38489902 -0.09096234 0.57577366 0.36536178 -0.70089531 0.60511017 0.46844664 0.01010145 0.53854018 0.46456358 -0.77089512 0.62463963 0.54564857 -0.06896217 0.53474241 0.5473541 -0.75034523 0.53182727 0.48090556 0.18480273 0.44655567 0.47515193 -0.18510804 0.63697875 0.56839478 0.11933067 0.49560943 0.59305733 -0.36562866 0.63752067 0.67914134 0.32639334 0.38054991 0.66887629 -0.19704863
0.65201014 0.38364998 -0.08036918 0.57640004 0.36458275 -0.6906181 0.60503662 0.46815643 0.02609445 0.53859705 0.46351433 -0.76034731 0.6246044 0.54566497 -0.05568492 0.53462565 0.54700983 -0.7469492 0.53173012 0.48094386 0.18514562 0.44663864 0.47505426 -0.18545246 0.63676614 0.56838524 0.12170856 0.50184447 0.5925501 -0.36146936 0.63728029 0.67852879 0.30544567 0.38487732 0.66915834 -0.19345091
0.65182459 0.38238999 -0.02545595 0.57722938 0.36198714 -0.64989173 0.60546577 0.46690279 0.09802344 0.53880501 0.46051452 -0.7020641 0.62564248 0.54452783 0.02844432 0.53473717 0.54380769 -0.67827976 0.53140968 0.48105797 0.18490812 0.44676083 0.47483841 -0.1852417 0.63656294 0.56859231 0.1429248 0.48503119 0.59222865 -0.35453752 0.63720101 0.67860234 0.34117508 0.33874902 0.66278088 -0.17088547
0.65183753 0.37885436 -0.06489041 0.57982069 0.35877413 -0.6568836 0.60562307 0.46428758 0.04039196 0.53960329 0.45571777 -0.70758367 0.62563026 0.5407514 -0.04208336 0.53507048 0.5385226 -0.70336765 0.53514034 0.47563219 0.18338329 0.45760128 0.4702729 -0.1836293 0.63646537 0.56801313 0.09738685 0.5636462 0.57857221 -0.35085025 0.63668865 0.67853159 0.29015124 0.44686046 0.67561829 -0.16850755
0.65145439 0.37584665 -0.06097635 0.58125961 0.35605413 -0.67108101 0.60516477 0.4588308 0.04981373 0.54168504 0.45229149 -0.74426186 0.62149012 0.53430104 -0.02195319 0.53536648 0.53440875 -0.72831899 0.53465998 0.47460741 0.18552037 0.45882952 0.46939829 -0.18575911 0.63632554 0.56696117 0.11178796 0.56155604 0.58207762 -0.3571389 0.63772845 0.67854881 0.34023485 0.43657836 0.6692031 -0.17332248
0.65212524 0.37108102 -0.09811135 0.58212364 0.35203317 -0.73733771 0.60523754 0.45455545 0.01357465 0.54248631 0.44749862 -0.81418973 0.61690253 0.5281325 -0.0616075 0.53518969 0.53065318 -0.79652721 0.53510171 0.47052962 0.1882524 0.45904329 0.46451634 -0.18857324 0.63551915 0.56089866 0.18406101 0.49977913 0.58330935 -0.37407199 0.63773102 0.67752582 0.43332171 0.35282233 0.66377491 -0.21170443
0.6522153 0.36689761 -0.08443028 0.58297193 0.34445158 -0.7186448 0.60530347 0.45069647 0.02335553 0.54244608 0.44060284 -0.79019052 0.61417431 0.52555794 -0.04972702 0.5349775 0.52609205 -0.77471954 0.53314549 0.46702105 0.18970831 0.45813188 0.4602007 -0.19007048 0.62881738 0.55962265 0.21732543 0.44997928 0.57780468 -0.35353824 0.63798416 0.67680705 0.44792631 0.30188322 0.65072989 -0.20470671
0.65177029 0.36358556 -0.05350906 0.58463198 0.34407982 -0.71098638 0.60604084 0.44878444 0.06240972 0.54425859 0.43986401 -0.78256714 0.614079 0.52424949 -0.00183923 0.53568476 0.52488273 -0.76382834 0.53304094 0.46521214 0.1927841 0.45844033 0.45997587 -0.19312818 0.62796897 0.56008571 0.22581214 0.46356589 0.57960266 -0.35428044 0.63605869 0.67735773 0.46446013 0.32224411 0.6410144 -0.20314604
0.65193266 0.36177883 -0.05563578 0.5848574 0.33788383 -0.67409784 0.60689491 0.4458743 0.05229671 0.54401433 0.43203074 -0.73763406 0.6121828 0.5238269 -0.0141809 0.53560346 0.51832139 -0.72150761 0.53325766 0.46266162 0.19009377 0.4641487 0.4578087 -0.19040002 0.62519878 0.56031513 0.20337099 0.46894538 0.57946992 -0.32618514 0.63498211 0.67806745 0.36807618 0.36775056 0.65467465 -0.19971912
0.65054351 0.35338596 -0.03206473 0.58403772 0.32944801 -0.61905056 0.60687786 0.43854293 0.06935089 0.54397279 0.42371622 -0.68653589 0.60953987 0.51781958 -0.01192837 0.53455251 0.51005477 -0.6693933 0.5339644 0.45731115 0.18480809 0.47091228 0.4536218 -0.18488006 0.62160677 0.5572806 0.1309749 0.56014699 0.56043023 -0.26357999 0.63501734 0.6772998 0.26205167 0.51993012 0.67106926 -0.13311815
0.64669722 0.34441072 0.01327696 0.58233553 0.32279786 -0.57084632 0.60696161 0.42958611 0.1229621 0.54461128 0.41626161 -0.62590384 0.61017609 0.50917256 0.03903271 0.53456426 0.50394326 -0.60055959 0.53391337 0.45178735 0.18148758 0.47767165 0.44883481 -0.18143107 0.61507362 0.5535059 0.12812705 0.58116245 0.55042058 -0.20833002 0.63408744 0.67557931 0.24256563 0.61757654 0.67012036 -0.05500187
0.640324 0.33871496 -0.00779577 0.5777691 0.31726885 -0.58265281 0.6069206 0.42379025 0.10158106 0.5446645 0.41125986 -0.61224759 0.61032653 0.50537449 0.01964364 0.53504699 0.50039136 -0.55797827 0.53380209 0.44840685 0.16537507 0.47682264 0.44446775 -0.16544975 0.60773218 0.55192775 0.07297385 0.55067545 0.53655887 -0.25361162 0.63133609 0.67435586 0.13896175 0.50042903 0.64413667 -0.10240982
0.63242602 0.33150145 0.01514207 0.57071888 0.31187043 -0.54220968 0.60658211 0.4178628 0.11852626 0.54328161 0.40646103 -0.57892495 0.61070138 0.50019449 0.03757456 0.53510249 0.49487004 -0.55187196 0.53319877 0.44600132 0.16890322 0.47750369 0.44333526 -0.1689567 0.60611391 0.549954 0.09351677 0.57631737 0.54087847 -0.24294199 0.62834549 0.67259479 0.18969776 0.61094117 0.65701801 -0.10268594
0.6205855 0.32219091 0.03915671 0.56203681 0.30589968 -0.53841507 0.60409027 0.41173956 0.14075348 0.54327476 0.40193528 -0.57967752 0.61130989 0.4916364 0.04346585 0.53650278 0.49113232 -0.55250245 0.53015143 0.44477278 0.17105198 0.47853675 0.44205049 -0.17113055 0.56475472 0.55643553 0.09901338 0.57920897 0.54060918 -0.17406142 0.55355018 0.67833453 0.24180755 0.61287457 0.66007251 -0.01693366
0.61879349 0.31427744 -0.01391535 0.5527814 0.29647574 -0.55501008 0.60439748 0.4023518 0.09932445 0.54143524 0.38783935 -0.59478807 0.61544275 0.48004672 -0.01364617 0.53805 0.47720715 -0.59184647 0.54938126 0.43588257 0.16779062 0.50156242 0.43487245 -0.16793343 0.57976323 0.5544312 0.07146579 0.57116008 0.54477102 -0.22532424 0.58206689 0.67695308 0.15022993 0.61144906 0.66146165 -0.06987632
0.59432846 0.30165347 0.0782707 0.54533929 0.29091173 -0.49461445 0.59690166 0.39361152 0.18967815 0.53815442 0.38528904 -0.55049688 0.61230963 0.46034336 0.05811125 0.53980339 0.47124827 -0.56134504 0.53529131 0.43915647 0.16898216 0.51182115 0.43856928 -0.16911666 0.49496648 0.56196201 0.1282502 0.58145225 0.5482794 -0.16402696 0.40894648 0.67901427 0.21256624 0.61817807 0.66564643 -0.05586071
0.58403528 0.29885298 0.06791371 0.53313887 0.28808057 -0.53943408 0.59052289 0.39053255 0.15147321 0.53091443 0.3817279 -0.57281524 0.60663754 0.46049491 0.04401966 0.54112619 0.46489781 -0.64008254 0.55252558 0.44260588 0.17013755 0.5138967 0.44099712 -0.17026299 0.52516717 0.56297714 0.2610383 0.45757324 0.54966563 -0.29208729 0.55963951 0.67460752 0.49978033 0.40536869 0.67125714 -0.2180402 
0.58371723 0.30003053 0.12359176 0.52403545 0.2868202 -0.49468428 0.58965755 0.38629743 0.25976101 0.52258778 0.37411606 -0.5659954 0.60882187 0.45986134 0.12320509 0.54311204 0.45809731 -0.60009623 0.56878436 0.44333619 0.17075454 0.52302939 0.44153005 -0.17087652 0.542611 0.56309277 0.30215162 0.44711494 0.55060887 -0.28544945 0.60357273 0.67396468 0.55746627 0.3946397 0.67728192 -0.20009764
0.58252859 0.29868603 0.15799966 0.51201576 0.28577465 -0.47616136 0.59089315 0.37963846 0.29429564 0.51543546 0.3708294 -0.54162157 0.61995286 0.45033586 0.16845916 0.54565805 0.45523804 -0.54952717 0.57613695 0.44420254 0.17140672 0.52868879 0.44232428 -0.17151827 0.55552596 0.56222576 0.23557895 0.45356783 0.55114251 -0.2810142 0.6183753 0.67560393 0.42648292 0.38694534 0.67604679 -0.178735 
0.58148801 0.2965892 0.17098173 0.50814819 0.28451741 -0.4464334 0.58922446 0.37874195 0.29592815 0.51492023 0.36921924 -0.50717896 0.61791611 0.45184475 0.17260484 0.54683262 0.45189154 -0.52239364 0.58025384 0.44299954 0.17223908 0.5342986 0.44133443 -0.17234921 0.56551272 0.56175786 0.21118259 0.46204174 0.54824054 -0.24782364 0.62092179 0.67616963 0.32450315 0.42344421 0.67946982 -0.13212308
0.5821774 0.29861197 0.21497646 0.51476258 0.28533295 -0.41545287 0.58926767 0.38386914 0.3216635 0.51627928 0.37147826 -0.4989506 0.61798131 0.45296749 0.20459345 0.55051881 0.45183411 -0.50528562 0.57814842 0.44295344 0.17230979 0.53723711 0.44126952 -0.17251053 0.56105965 0.55733204 0.12626925 0.53914452 0.56453913 -0.20731606 0.49028653 0.676301 0.17417476 0.60476238 0.67807293 -0.15157373
0.58655119 0.29989564 0.17361546 0.51842988 0.28738871 -0.46657714 0.58978003 0.38674402 0.28368708 0.51714724 0.37429821 -0.52838826 0.6181004 0.45778325 0.17313629 0.55337733 0.45269009 -0.53917068 0.57688606 0.44364965 0.17919526 0.54025763 0.44164521 -0.17933366 0.56369841 0.55680078 0.13981242 0.49859923 0.56560582 -0.21830593 0.58984089 0.67767799 0.22949243 0.44203544 0.68344843 -0.13561159
0.59901363 0.30083057 0.1484073 0.53092253 0.28790739 -0.4796823 0.59418494 0.3919321 0.25713754 0.52571577 0.3756232 -0.54616147 0.61898875 0.46324828 0.15041032 0.56150091 0.45678908 -0.53492826 0.57867932 0.44914106 0.17552049 0.54142874 0.44667274 -0.17557828 0.56976378 0.55680341 0.12788501 0.49336216 0.5682494 -0.21945153 0.61279029 0.67800993 0.21735497 0.43421924 0.68579459 -0.1099916 
0.60240746 0.3026059 0.14317328 0.5379408 0.28945491 -0.48731169 0.59687454 0.39499298 0.24677785 0.52890801 0.37673503 -0.55107933 0.62024969 0.46854639 0.1396175 0.56346101 0.46027735 -0.54517919 0.57769018 0.45371506 0.17587318 0.53932166 0.45007923 -0.1759031 0.57615936 0.55787146 0.13322392 0.49081168 0.56952381 -0.22149709 0.61964679 0.6803509 0.22705603 0.43325996 0.68686187 -0.10200492
0.60702521 0.31766587 0.06351363 0.55177969 0.30602646 -0.57795131 0.59671897 0.40786636 0.14824381 0.53294969 0.40076888 -0.6566298 0.62223512 0.4830046 0.01911532 0.57500601 0.48889968 -0.64443117 0.57659668 0.46616501 0.17943186 0.53643912 0.46720353 -0.17938331 0.57435036 0.56085354 0.26289558 0.54128617 0.57133919 -0.12007935 0.50376332 0.68651485 0.43425721 0.60651642 0.68531823 0.09618361
0.63394588 0.33550915 0.0033831 0.56078392 0.32265729 -0.59586948 0.61021817 0.42369705 0.09938611 0.53421414 0.41639799 -0.65657014 0.63026065 0.49959853 -0.02013508 0.57197744 0.50609148 -0.64804554 0.5869897 0.47028017 0.17645723 0.53916782 0.47326529 -0.17641866 0.56314939 0.56470597 0.26285362 0.58695573 0.57058895 -0.14551592 0.4349803 0.68482125 0.43558881 0.62508065 0.68502879 0.03224017
0.65113991 0.362425 0.00385824 0.56690288 0.34016258 -0.60230696 0.61143053 0.44347829 0.11527245 0.5312739 0.42828098 -0.66810226 0.63153005 0.521348 -0.01014775 0.57133746 0.52057278 -0.6696263 0.59265542 0.49131715 0.17325912 0.54439425 0.48935694 -0.17310837 0.59005785 0.58079076 0.29762632 0.57830536 0.56995261 -0.09169481 0.5130499 0.6843279 0.54616141 0.59160542 0.69383717 0.17986114
0.65759301 0.37974444 -0.00868039 0.58016664 0.37081364 -0.62989146 0.61186826 0.46627149 0.10684594 0.52855325 0.45917779 -0.67075735 0.63086301 0.54480392 0.01248297 0.56942844 0.54991275 -0.64833844 0.59579659 0.51045823 0.17769954 0.54950827 0.51250732 -0.17749813 0.57673639 0.59147906 0.4344776 0.59546959 0.57610905 -0.35052353 0.44744819 0.65463072 0.82723618 0.6301614 0.69924694 -0.17532684
0.6590718 0.38825834 -0.00167999 0.58018959 0.37282389 -0.62419695 0.61103719 0.47446999 0.10705137 0.52821261 0.46069992 -0.67223632 0.63019609 0.54978538 0.02742185 0.56762993 0.55012667 -0.64121848 0.59147447 0.50777537 0.18107535 0.54680091 0.5074324 -0.18083335 0.59064293 0.59191132 0.33684337 0.60335255 0.57463324 -0.33385488 0.526384 0.66413462 0.59696901 0.63520271 0.68948835 -0.12010258
0.66287041 0.41205958 -0.06090119 0.58421713 0.39412916 -0.65910286 0.61609292 0.49731681 0.06758264 0.52816349 0.48735702 -0.70938158 0.63227797 0.56897604 -0.00292151 0.56147599 0.57596147 -0.69288373 0.59384185 0.52733445 0.1660357 0.54523635 0.53063798 -0.16605704 0.64819455 0.59734654 0.37260258 0.60006374 0.5994693 0.08061606 0.62776101 0.67222708 0.68971819 0.62451297 0.6911456 0.45112121
0.66828173 0.43711799 -0.12575462 0.58104038 0.42707336 -0.68054551 0.61557567 0.52721035 0.01306729 0.52802843 0.52377743 -0.71213323 0.63317883 0.59747273 -0.01939944 0.55918121 0.60823911 -0.68033111 0.59386843 0.55133075 0.14791611 0.53021133 0.5570215 -0.14800519 0.63411188 0.62589657 0.33740821 0.56658542 0.62685847 -0.03437066 0.60009181 0.70675588 0.66960496 0.52174461 0.71287918 0.34860367
0.67978466 0.46019393 -0.05973318 0.60141754 0.43935516 -0.6648199 0.61624306 0.53473121 0.06388782 0.52465773 0.51870459 -0.69838333 0.63425779 0.60191 -0.001632 0.55746526 0.60246289 -0.66633552 0.59254754 0.56190938 0.15515743 0.53029144 0.56709594 -0.15509214 0.64706838 0.60218996 0.32579449 0.56618196 0.60806853 -0.32811174 0.62524486 0.6854102 0.56723982 0.53521413 0.69531935 -0.00611156
0.68205333 0.47177163 -0.06779166 0.60778391 0.462827 -0.64514971 0.61248904 0.5297913 0.07614886 0.510306 0.50754231 -0.68801481 0.63429469 0.58920759 0.01917716 0.56844395 0.59679866 -0.66205364 0.5809558 0.5632503 0.17268629 0.52977753 0.5686478 -0.17264873 0.63731486 0.5986414 0.42281938 0.58586901 0.60143524 -0.27934802 0.60437262 0.67666304 0.73451269 0.58036232 0.69098306 -0.00138998
0.69336104 0.4697096 -0.19471717 0.60943973 0.47065121 -0.60440791 0.60443115 0.52249354 -0.03485958 0.50705922 0.51050687 -0.60625941 0.62770391 0.58093876 -0.02911918 0.57098609 0.58797848 -0.56575537 0.58233637 0.55548227 0.1338152 0.52999765 0.56650263 -0.13341573 0.65603387 0.59270662 0.33767006 0.58912444 0.59747005 -0.37801769 0.62990308 0.66529238 0.61351871 0.59446418 0.6865049 -0.23820549
0.68501186 0.47799787 -0.1124761 0.60735017 0.46933863 -0.49849108 0.59139138 0.53038675 0.11551452 0.50618148 0.5199573 -0.49830255 0.62646002 0.57707226 0.20397787 0.56943387 0.58024102 -0.444857 0.56183738 0.5642845 0.12480059 0.50872093 0.57034695 -0.12460169 0.64393622 0.59860247 0.37765837 0.50450784 0.60326308 0.09781645 0.63813561 0.65996063 0.67915726 0.45063055 0.66653866 0.44208896
0.6812948 0.46750262 -0.17176533 0.60438693 0.47237697 -0.5160172 0.59399241 0.51919562 0.04607501 0.50247276 0.52815831 -0.4787761 0.61980015 0.56330514 0.140136 0.56896621 0.57843089 -0.39445615 0.55850452 0.55303007 0.10606044 0.50404567 0.56209791 -0.10586673 0.63860142 0.59963322 0.27263504 0.47858825 0.60835993 0.09428725 0.63453853 0.66285771 0.52712733 0.4056668 0.67061609 0.4033536 
0.68066698 0.47286031 -0.13015836 0.6028502 0.46161821 -0.5364449 0.59887362 0.51994646 0.05763393 0.49918404 0.51673657 -0.53719258 0.62277085 0.56432664 0.08822237 0.56838775 0.57651287 -0.47880036 0.55777305 0.55067039 0.11830975 0.50350606 0.55642396 -0.11806147 0.6357311 0.60493755 0.35806531 0.567276 0.59549648 -0.19810686 0.63618118 0.66997033 0.63004482 0.53482288 0.67153049 -0.00309026
0.67335272 0.47303274 -0.00133809 0.60186005 0.45043728 -0.46776837 0.59027314 0.52327502 0.09791006 0.50018394 0.50745302 -0.49424884 0.62300605 0.57426566 0.06232272 0.57255781 0.57595772 -0.45681569 0.53108305 0.54961759 0.12569697 0.47663388 0.54918838 -0.12529132 0.64113599 0.60312825 0.12041046 0.55127627 0.59992206 -0.2062882 0.64258766 0.67524558 0.19086613 0.44951627 0.67267138 -0.03386136
0.66928822 0.46335268 0.01405286 0.59739083 0.44162321 -0.51374799 0.58587933 0.52214503 0.09995703 0.50197017 0.50720984 -0.51719189 0.61503476 0.58088219 0.02199955 0.57563728 0.58360165 -0.48759043 0.52005327 0.54069716 0.15343659 0.46843293 0.53624231 -0.15330257 0.63207811 0.60730278 0.16498965 0.56102514 0.59932446 -0.29626384 0.63525015 0.6912607 0.26712811 0.52494252 0.68064511 -0.15804558
0.66370726 0.45954078 0.06032545 0.58264202 0.42686999 -0.51899928 0.59215403 0.52680087 0.12114668 0.5127815 0.51343721 -0.6061666 0.63157529 0.60244024 0.00505653 0.57180399 0.59294409 -0.5789234 0.50010443 0.53639907 0.18378386 0.44261903 0.52246302 -0.18369082 0.61798805 0.60755378 0.17884368 0.558797 0.59881753 -0.32604799 0.61711615 0.69200385 0.27057076 0.59436262 0.68172199 -0.18051474
0.66390836 0.43951586 -0.04640962 0.57519001 0.41433159 -0.62211549 0.61655706 0.52299118 0.01370187 0.54240602 0.51500517 -0.66435248 0.63803029 0.59802121 -0.06756613 0.56957436 0.60084289 -0.6092757 0.51570195 0.51403159 0.17552172 0.43728551 0.49810836 -0.17548212 0.61845332 0.57009768 0.15146875 0.56739241 0.575845 -0.36378747 0.65147585 0.66365135 0.28735533 0.61514646 0.67850173 -0.20178226
0.66769785 0.42025965 -0.19279075 0.57333589 0.39597273 -0.7197715 0.64353663 0.50564498 -0.13388745 0.56010497 0.50670213 -0.77828503 0.65220606 0.58967316 -0.23950876 0.57416862 0.59927839 -0.76875883 0.5244258 0.5015083 0.1709206 0.45103654 0.4917542 -0.17085975 0.65361869 0.56538224 0.01757593 0.59127903 0.56870925 -0.41470107 0.64584428 0.66086614 0.22283353 0.61179632 0.67370695 -0.16909844
0.67250901 0.40068272 -0.19070342 0.57230604 0.38125938 -0.68820268 0.66357005 0.48063651 -0.09889571 0.57408941 0.47999534 -0.72416991 0.68090522 0.5663901 -0.20353279 0.60374504 0.56224167 -0.72041816 0.53276801 0.48592997 0.16529922 0.45991692 0.4806594 -0.16512838 0.67206186 0.56710875 -0.07227894 0.60301316 0.5625971 -0.43610793 0.64097291 0.66359305 0.15695226 0.61526376 0.66886133 -0.15073453
0.67371094 0.38777119 -0.10972504 0.56966472 0.36355799 -0.68134528 0.67546463 0.46179643 -0.0415698 0.57759333 0.45739064 -0.68676239 0.70529133 0.54380393 -0.13766223 0.61814749 0.54092515 -0.69385952 0.53396714 0.47960088 0.16532876 0.46061322 0.46770293 -0.16518022 0.66241181 0.56718928 -0.00710569 0.61572248 0.54850024 -0.3950431 0.64085251 0.67009968 0.14305809 0.62648988 0.66820598 -0.16310254
0.67345268 0.3719191 -0.04292908 0.56596655 0.34550276 -0.57593089 0.68541449 0.4414809 -0.02895613 0.57844639 0.43702999 -0.67517883 0.72659987 0.520621 -0.15306243 0.63529646 0.51863778 -0.66635734 0.53482836 0.47098035 0.16662504 0.46273372 0.46206957 -0.16647349 0.67087835 0.56026894 -0.0042946 0.61954212 0.54871637 -0.43151438 0.63966852 0.66760141 0.16302916 0.62013143 0.66853946 -0.21301058
0.67329383 0.3580251 0.14380369 0.56127954 0.33197647 -0.37839225 0.69940728 0.42733899 0.18169612 0.57321441 0.41796482 -0.54231662 0.75807285 0.49518567 -0.00371351 0.65294367 0.48542339 -0.60106754 0.53513938 0.46842757 0.17578204 0.4642992 0.45735899 -0.17547229 0.66652077 0.55287462 0.03834977 0.61408216 0.54870623 -0.37673557 0.58329076 0.66073 0.21904194 0.62650168 0.6802026 -0.18442467
0.67323864 0.34915531 0.06130004 0.5518316 0.32231897 -0.37201247 0.70210588 0.41177958 -0.07326044 0.56716877 0.39910033 -0.57831651 0.77013665 0.46261093 -0.42640966 0.66455233 0.45500895 -0.72719395 0.54291558 0.46966818 0.12278 0.46536395 0.45152181 -0.12257802 0.65119541 0.55703908 -0.17810054 0.47669315 0.51081109 -0.55069023 0.6157077 0.66260999 -0.0748635 0.34511876 0.5991891 -0.42657474
0.66977525 0.34250671 0.02105015 0.54620641 0.31613958 -0.43360057 0.70483226 0.4026064 -0.12856805 0.56539005 0.39238226 -0.67795062 0.79025906 0.4387843 -0.47372541 0.67397839 0.43647298 -0.80970961 0.54693949 0.46661833 0.11055795 0.46575466 0.44694561 -0.11036848 0.64435226 0.55695546 -0.16114011 0.44602662 0.52292258 -0.48527086 0.62626433 0.66338259 -0.0058993 0.31852353 0.58879834 -0.1513992 
