0.34765658 0.43297139 -0.54297817 0.30776352 0.42672935 0.12216996 0.42022049 0.55393106 -0.54638928 0.38368872 0.54188371 0.15185697 0.4690803 0.65949386 -0.41721278 0.42247641 0.63550586 0.07118599 0.60030103 0.50906098 -0.18156548 0.56986016 0.50666624 0.18190271 0.41155428 0.61324131 -0.2576704 0.36984152 0.57595617 0.27197608 0.53799671 0.67511708 0.12672372 0.51897192 0.6475333 0.38058886
0.33281797 0.42419615 -0.52342516 0.30332121 0.4232184 0.10459971 0.41070265 0.54527634 -0.4846487 0.39115801 0.5303185 0.17569119 0.44678554 0.64877439 -0.31492236 0.41645181 0.62080556 0.11925939 0.62858468 0.49227467 -0.1768852 0.59092271 0.48856619 0.17748013 0.39699224 0.57530963 -0.25353384 0.36953199 0.55649626 0.26716509 0.48202324 0.61575669 0.31371722 0.47621161 0.61759204 0.39055571
0.3338609 0.42359367 -0.55331236 0.29396334 0.42657554 0.08662114 0.41378671 0.54283714 -0.52797973 0.39567319 0.53487933 0.14109989 0.44939739 0.65323508 -0.36298949 0.41991717 0.63159585 0.08404732 0.64208615 0.48358494 -0.18682648 0.58807427 0.48383015 0.18770859 0.39709687 0.57156861 -0.18854645 0.34203538 0.56826389 0.25728127 0.42355612 0.68303031 0.21219501 0.40030399 0.67584682 0.38279474
0.33052245 0.42903361 -0.59069878 0.28748018 0.42637756 0.07919725 0.41360286 0.54542929 -0.5440712 0.38475847 0.53458601 0.1286912 0.44525686 0.64907861 -0.33447719 0.41008371 0.62561935 0.0503513 0.64096063 0.48337212 -0.20249979 0.57810843 0.48446915 0.20329854 0.39794075 0.57262254 -0.21343507 0.33514801 0.56071895 0.34548017 0.4356167 0.65895241 0.26027194 0.39605287 0.65297717 0.44163537
0.32698572 0.43004495 -0.56610376 0.28458795 0.42112395 0.14819828 0.40784243 0.54450154 -0.50574178 0.38470453 0.52749759 0.19120733 0.44151625 0.64515674 -0.24296175 0.40395314 0.61718684 0.09330007 0.64100701 0.48280257 -0.21583247 0.58480757 0.48193318 0.21659835 0.39245054 0.57055014 -0.20223907 0.33040395 0.55310673 0.3884314 0.4276759 0.66838908 0.27406475 0.38753101 0.66189015 0.45190454
0.32959822 0.43189016 -0.55994385 0.28413936 0.42002007 0.12743355 0.41074893 0.54722673 -0.50670475 0.38412815 0.52679992 0.16804725 0.44575402 0.64986265 -0.24715503 0.40647346 0.61963373 0.09012181 0.6440618 0.4814885 -0.21021979 0.58216864 0.47771034 0.21098804 0.39448902 0.57104427 -0.19350356 0.32845464 0.55765253 0.34670919 0.43309847 0.68138415 0.23669849 0.38651791 0.67457455 0.4331899 
0.32966477 0.43320066 -0.50663573 0.28519121 0.42186144 0.16329464 0.41125768 0.54938203 -0.46637392 0.38538858 0.53233033 0.18666533 0.44347775 0.64947861 -0.24679689 0.40432981 0.6204704 0.10694757 0.64572924 0.48156184 -0.20539744 0.59087259 0.47603804 0.20624584 0.39575279 0.57051218 -0.18822099 0.35400695 0.55628043 0.36848426 0.41812599 0.67631447 0.24357992 0.37622613 0.66559386 0.44769061
0.32726958 0.43168879 -0.5057736 0.2860809 0.42194086 0.16043125 0.41207287 0.54949731 -0.46816686 0.38858214 0.53293675 0.18399788 0.43976408 0.6472652 -0.25595847 0.40036708 0.6212368 0.10645649 0.64475977 0.4813351 -0.20418614 0.58994877 0.4755154 0.20502643 0.39678073 0.56951994 -0.18353081 0.35298765 0.54691279 0.39622265 0.42158616 0.64910465 0.32591662 0.38003394 0.64004475 0.43812889
0.32779065 0.43030363 -0.4820703 0.287265 0.42206672 0.17952609 0.41108111 0.54901528 -0.45441204 0.38855955 0.5313949 0.18914883 0.44092628 0.64719808 -0.25595799 0.40553501 0.62044603 0.10567688 0.64351779 0.48071629 -0.20418045 0.59103054 0.47438231 0.20505919 0.39579228 0.5718118 -0.1867055 0.34827736 0.54903567 0.37577212 0.40398055 0.66628593 0.25148475 0.36401469 0.65462404 0.44729605
0.3299956 0.43006182 -0.49032587 0.28736812 0.42262104 0.16709539 0.41031027 0.54907668 -0.46569997 0.3868525 0.53066558 0.18594547 0.44440159 0.64887261 -0.26226088 0.40681967 0.62261695 0.11307991 0.64484698 0.48024359 -0.20241176 0.59001219 0.47430325 0.20324631 0.39455423 0.57262129 -0.19728209 0.35315579 0.55743569 0.36358973 0.4151175 0.6693123 0.22528535 0.37031847 0.65752792 0.42518365
0.33077133 0.42958552 -0.48393166 0.28811264 0.42272601 0.18239918 0.41082835 0.54765576 -0.47154427 0.38721013 0.53040606 0.19446304 0.4448303 0.64812297 -0.28154382 0.40788996 0.62296307 0.11135121 0.6441983 0.47919571 -0.20464146 0.59255165 0.47475338 0.20546275 0.3955321 0.57161707 -0.20376432 0.34841833 0.55838329 0.33890519 0.40290019 0.6730516 0.17084979 0.36271271 0.6579774 0.42015511
0.33163607 0.42987213 -0.48992208 0.28834063 0.42195061 0.17402193 0.41104689 0.54868203 -0.46839911 0.38795105 0.53132743 0.19255625 0.44568714 0.65053749 -0.26427907 0.4072746 0.62404341 0.12074483 0.64535236 0.47936609 -0.20352291 0.5927642 0.47434041 0.20433098 0.39624882 0.57270706 -0.20868038 0.35504156 0.56088465 0.36350763 0.40384179 0.66668206 0.20837277 0.37496525 0.65454352 0.41119462
0.33239606 0.43072939 -0.48416924 0.28865486 0.41993654 0.17028171 0.41039583 0.54963356 -0.45595208 0.38831446 0.53087646 0.18815321 0.4436765 0.65170884 -0.24593353 0.40554401 0.62346804 0.11338646 0.64606524 0.48038134 -0.20178451 0.59122604 0.4734244 0.20258822 0.3982563 0.57430559 -0.19781511 0.35958397 0.56240332 0.37813124 0.4118802 0.66070813 0.24227852 0.37604553 0.64798266 0.42336389
0.33224323 0.43043497 -0.46955657 0.28889275 0.42094126 0.18372335 0.40986416 0.55013585 -0.44874683 0.38754737 0.53190243 0.19867772 0.44392046 0.6519779 -0.25428653 0.40427849 0.62377661 0.12676521 0.64636284 0.48040375 -0.20099549 0.59197259 0.47363645 0.20181206 0.39898625 0.57512152 -0.20495817 0.36300209 0.56253815 0.36556315 0.41630375 0.66138428 0.22323298 0.37661833 0.6490683 0.411861 
0.33247018 0.430435 -0.47725326 0.28863934 0.42177323 0.17907597 0.41021782 0.55012763 -0.45138559 0.38768497 0.53225482 0.19832522 0.44431061 0.65213996 -0.24569371 0.40438798 0.62427026 0.12171213 0.64629221 0.47979805 -0.2010321 0.59024918 0.47368205 0.20184262 0.39924377 0.57569736 -0.20630457 0.36167926 0.5641259 0.37045586 0.41891712 0.65785778 0.23500155 0.37678555 0.64646089 0.39779496
0.33253801 0.43066615 -0.48563504 0.2886979 0.42191413 0.170535 0.41015032 0.54993361 -0.45399776 0.38816923 0.53152108 0.19266632 0.4440712 0.651609 -0.23750068 0.40500462 0.62185961 0.11435118 0.64628589 0.47981468 -0.20053488 0.58973753 0.47371462 0.20134012 0.39907891 0.57793278 -0.20513678 0.36160645 0.5643816 0.38464981 0.41997442 0.64432085 0.27591243 0.37973392 0.63569874 0.38793534
0.33275297 0.4308646 -0.48480961 0.28880772 0.42250046 0.16855817 0.41013509 0.55009133 -0.45366657 0.38826311 0.5318175 0.19008155 0.44380093 0.6513949 -0.23962882 0.40446669 0.62240034 0.11067203 0.64676124 0.47974867 -0.20027652 0.58966637 0.4739643 0.20109318 0.39949474 0.5766089 -0.20265761 0.35344899 0.55854595 0.3826848 0.42318472 0.64239693 0.28208938 0.38502112 0.63459492 0.38252118
0.33165345 0.43105748 -0.48126525 0.28946495 0.42275581 0.18415727 0.41010046 0.5502094 -0.45116916 0.38881803 0.53205395 0.19994892 0.44234687 0.65137303 -0.2300245 0.40463915 0.62277198 0.116634 0.64700508 0.47994471 -0.201453 0.59272188 0.47339508 0.20226407 0.39978975 0.57575732 -0.19817351 0.35836458 0.55970418 0.38689923 0.41762793 0.64876205 0.2683073 0.3823632 0.63980824 0.40263578
0.331099 0.43116793 -0.48105922 0.28939155 0.42300817 0.17640847 0.41016662 0.55030948 -0.45100492 0.38906348 0.53228319 0.19251621 0.44248471 0.65098232 -0.23803154 0.40733871 0.62306869 0.11153057 0.64668828 0.47984019 -0.20138381 0.59152865 0.47337267 0.20219053 0.40000835 0.57554507 -0.19621658 0.35889024 0.56222993 0.38813919 0.41513875 0.65173554 0.26084372 0.38004875 0.64246643 0.4101845 
0.32995838 0.43126097 -0.47553891 0.28928825 0.42324966 0.186901 0.41019797 0.55037838 -0.44828552 0.389285 0.53242791 0.19965684 0.44254333 0.65082681 -0.2379337 0.40736848 0.62317127 0.11817557 0.64646131 0.47947437 -0.20208009 0.5916025 0.47321576 0.20289741 0.40017346 0.57495511 -0.19558053 0.35974815 0.56244355 0.38619483 0.41414982 0.6526764 0.25921151 0.37857094 0.6437121 0.41498604
0.32895854 0.43117794 -0.45092568 0.28928846 0.42342049 0.20385022 0.40984324 0.55024469 -0.43182477 0.38934723 0.53228909 0.21396501 0.44218236 0.65077871 -0.22920609 0.40742204 0.62322623 0.13563815 0.64619952 0.47920614 -0.20192067 0.59203285 0.47315881 0.20273475 0.39999121 0.57495278 -0.19541572 0.35480201 0.55960947 0.38059419 0.40918827 0.65720683 0.23836094 0.37259847 0.64636463 0.41268498
0.32871738 0.43129137 -0.45007131 0.2892268 0.42351705 0.20641068 0.40976992 0.55029196 -0.43381295 0.38964605 0.53237814 0.21465088 0.44176644 0.65080756 -0.23504829 0.40759221 0.62332225 0.13716 0.64600325 0.47920924 -0.20189652 0.59271276 0.47310624 0.20271362 0.3999472 0.57463133 -0.19244055 0.35794848 0.56068009 0.37783161 0.39931968 0.66457719 0.22374862 0.36292899 0.65184444 0.41972053
0.32850724 0.43135038 -0.43300125 0.28929666 0.42360577 0.21752076 0.40977687 0.55032986 -0.42311376 0.39018014 0.53242904 0.22500408 0.44163701 0.65117127 -0.23495033 0.4078615 0.62337101 0.15324585 0.64589226 0.47917441 -0.20176962 0.59352779 0.47318375 0.20259249 0.39841342 0.57429433 -0.19321291 0.36017582 0.56141281 0.36952811 0.40227106 0.66703606 0.21688482 0.364463 0.6541549 0.41731521
0.32856169 0.43187159 -0.44122559 0.28926566 0.42328781 0.20880863 0.40980911 0.55079406 -0.42792034 0.39044082 0.5324921 0.21865883 0.44162738 0.65168893 -0.23811829 0.40822735 0.62341106 0.14991775 0.64577675 0.47922197 -0.20131718 0.59351045 0.47317114 0.20214641 0.39841238 0.57401943 -0.19398983 0.36099678 0.56165069 0.36968184 0.40349022 0.66660064 0.22304729 0.36505887 0.65332657 0.41549295
0.32865041 0.43244699 -0.44881615 0.28919536 0.42297372 0.20202641 0.40985513 0.55147177 -0.43286327 0.39045185 0.53251779 0.21359681 0.44152647 0.65263557 -0.24024749 0.4081893 0.62346667 0.14440051 0.64569849 0.4792437 -0.20067768 0.5933255 0.47288069 0.2015111 0.39765248 0.57371837 -0.19319193 0.36152315 0.56201142 0.37081122 0.40382406 0.66638869 0.22373952 0.36528632 0.65331197 0.42960146
0.32869095 0.43268892 -0.45532098 0.28914392 0.42296156 0.19910133 0.40987429 0.5520761 -0.43618521 0.3904072 0.53255391 0.21193111 0.44129655 0.65373319 -0.24142264 0.40809017 0.62373263 0.13991296 0.64560229 0.47924069 -0.20034893 0.593261 0.47282872 0.20118275 0.39771885 0.57357031 -0.19370055 0.36166227 0.56222075 0.37959725 0.40790999 0.66171092 0.24452436 0.36875525 0.64868587 0.43272167
0.3287549 0.43296733 -0.45698667 0.28912053 0.42296708 0.19761017 0.40988749 0.55249041 -0.43785897 0.3903704 0.53258222 0.21096039 0.44131812 0.6542722 -0.24268852 0.40803424 0.62380069 0.13764276 0.64557612 0.47924221 -0.19996709 0.59320307 0.47274691 0.20080321 0.3977448 0.57359821 -0.19371003 0.36168638 0.56273353 0.37939727 0.4083567 0.66101581 0.24419504 0.36912841 0.64797848 0.4324654 
0.3287847 0.43317229 -0.4584949 0.28909707 0.42297634 0.19543374 0.40986323 0.55272681 -0.43909818 0.3903361 0.53262711 0.2089234 0.44128284 0.6545102 -0.24280258 0.40797576 0.62400353 0.13708176 0.6454618 0.47925267 -0.1998167 0.59307164 0.47276717 0.20065238 0.39776942 0.57362515 -0.19396265 0.36167377 0.56342739 0.38247204 0.40802884 0.65767729 0.24671085 0.36896324 0.64491057 0.4316192 
0.3288486 0.43375692 -0.46821862 0.28896436 0.42288342 0.19158879 0.40987304 0.55311072 -0.44559324 0.39049733 0.53278881 0.2087297 0.44128764 0.65493745 -0.24324186 0.4082137 0.62429583 0.13608652 0.6454379 0.47936401 -0.19980131 0.59299701 0.47277433 0.20063397 0.39525554 0.57664245 -0.20509987 0.36142012 0.56474501 0.38519493 0.41989008 0.65243238 0.25130314 0.37898177 0.64105314 0.42171729
0.32900771 0.43431351 -0.46814728 0.28872919 0.42218792 0.19105275 0.40986019 0.55326635 -0.44562349 0.39064771 0.53292245 0.20748134 0.44129902 0.65497053 -0.24176681 0.40854645 0.62449372 0.13697517 0.64536762 0.47966626 -0.19970845 0.5929004 0.47291979 0.20053187 0.39427671 0.57837379 -0.20600903 0.36139989 0.56570911 0.38380244 0.42111099 0.65271419 0.25004691 0.38180235 0.6418258 0.40841886
0.32868695 0.43430409 -0.46707615 0.28871098 0.42221043 0.1905514 0.40987065 0.55326331 -0.44371599 0.39102075 0.5332334 0.20861937 0.44130531 0.65510398 -0.2312458 0.40960681 0.62493235 0.14205083 0.64533579 0.47977754 -0.19928536 0.59310353 0.4731169 0.20009506 0.39392385 0.57706791 -0.20848632 0.3613812 0.56620026 0.37938121 0.43044597 0.6527577 0.24980479 0.38953435 0.64224398 0.3976832 
0.32864177 0.43435913 -0.47239986 0.28952467 0.42073327 0.19133499 0.40994433 0.5532034 -0.44644898 0.3915408 0.53295523 0.21024378 0.44179937 0.65478677 -0.22667375 0.4123081 0.6247648 0.14175485 0.64534771 0.4807874 -0.19962791 0.59496862 0.47305837 0.20042945 0.39385411 0.5770275 -0.20931894 0.36214635 0.56406552 0.39682469 0.43201241 0.63732874 0.27749506 0.39009073 0.62743801 0.40734378
0.32893345 0.43413812 -0.47282043 0.28964961 0.42018497 0.19576636 0.41006947 0.55279499 -0.44683719 0.39232543 0.53255022 0.21234247 0.44182292 0.65321213 -0.22863808 0.4131456 0.62418777 0.14121187 0.64532453 0.48102596 -0.20095994 0.59498912 0.47307417 0.20176724 0.39389473 0.58007729 -0.20897029 0.3624911 0.5635218 0.39788517 0.43070361 0.64051145 0.28072086 0.38914567 0.63022399 0.40877047
0.3304601 0.4343465 -0.48973253 0.28965226 0.41796485 0.17565678 0.41100457 0.55248374 -0.4537234 0.39395311 0.53159696 0.19588304 0.44179568 0.6517399 -0.22993639 0.41309321 0.62201762 0.12108359 0.64529967 0.48106295 -0.20092499 0.59444922 0.47242299 0.20173091 0.39798304 0.57759845 -0.20226306 0.36423182 0.56124997 0.40748283 0.4209671 0.64166343 0.27494234 0.3819778 0.63231713 0.46697369
0.33233508 0.43342307 -0.48729733 0.2897236 0.41763335 0.17525436 0.41204304 0.55147362 -0.45286295 0.39433244 0.53061408 0.19393498 0.44132054 0.64984769 -0.23196732 0.41341677 0.62094438 0.11773404 0.64520133 0.48116684 -0.1995593 0.593099 0.47242683 0.20038797 0.40057775 0.57587016 -0.19427231 0.36809641 0.55951846 0.4032563 0.41256317 0.64233947 0.25612485 0.37187096 0.63348502 0.47136775
0.33368087 0.43126422 -0.47114518 0.29120567 0.41762623 0.19317004 0.41289422 0.55129534 -0.45164007 0.39547738 0.53056866 0.20347813 0.44073874 0.64997351 -0.25714117 0.41367421 0.62110841 0.12558915 0.64511865 0.4812595 -0.1998115 0.59351993 0.47261909 0.20064917 0.40187937 0.57527149 -0.19262245 0.36504132 0.55624104 0.39613315 0.4060145 0.65164888 0.23552088 0.36578685 0.63731664 0.46744898
0.33508638 0.42965892 -0.45717502 0.29355565 0.417546 0.20101693 0.41376814 0.5505634 -0.44153762 0.39564094 0.53058285 0.21085984 0.44074383 0.65008909 -0.25542542 0.41346663 0.621759 0.13190281 0.64533007 0.48120686 -0.19919616 0.59555948 0.4726252 0.20005658 0.40386856 0.57353908 -0.18653436 0.37091205 0.55657631 0.38701636 0.40152889 0.65361112 0.23832138 0.3639743 0.63866621 0.46429554
0.33876783 0.42979893 -0.45908773 0.29600769 0.41543016 0.20621149 0.41512123 0.55005413 -0.44095203 0.39656582 0.52916306 0.21746354 0.44090393 0.65001911 -0.24153449 0.41186941 0.62137252 0.13195261 0.64597893 0.48140541 -0.20006193 0.59772354 0.47252432 0.2009393 0.4045015 0.57283992 -0.18693303 0.36681923 0.55163848 0.39227241 0.3953439 0.65372986 0.23331092 0.35994449 0.63871151 0.49240196
0.34195241 0.4281759 -0.45688567 0.29596671 0.4153327 0.20491359 0.41529742 0.54849625 -0.44116974 0.39653295 0.52734268 0.21647334 0.43870562 0.6500991 -0.26327309 0.40955564 0.61928785 0.13057439 0.64628756 0.4811067 -0.2000645 0.59751582 0.47252285 0.20093693 0.40568513 0.57189548 -0.18646948 0.37030819 0.5529303 0.39045906 0.38054198 0.65923649 0.20247786 0.34344855 0.64394855 0.50018084
0.34467763 0.42759976 -0.45770237 0.2970638 0.41534662 0.20405322 0.41613516 0.54830521 -0.44213554 0.39675331 0.52681357 0.21544239 0.43771738 0.65001506 -0.26842242 0.40796727 0.61948866 0.12742648 0.64666945 0.48089916 -0.19996265 0.59743375 0.47248706 0.20083041 0.40633515 0.57166868 -0.18372367 0.37595558 0.55366617 0.38507894 0.37774986 0.66088605 0.19618343 0.34068069 0.64480084 0.49734566
0.34524608 0.42624941 -0.44434083 0.297923 0.41523778 0.21168706 0.41660401 0.54560935 -0.42882207 0.39678505 0.52612895 0.22520427 0.43637702 0.64745271 -0.25586265 0.40774953 0.61843723 0.13413391 0.64774281 0.48090288 -0.19974934 0.59773517 0.47253057 0.20061399 0.4070136 0.57429385 -0.18463837 0.38057998 0.55397898 0.38509661 0.38161388 0.65822655 0.20501614 0.34377933 0.64265823 0.48896599
0.34611493 0.42539698 -0.44128659 0.29985082 0.4152697 0.21516718 0.41732469 0.5438351 -0.43046844 0.39677358 0.52600932 0.22694252 0.43592265 0.64612657 -0.26182413 0.40549266 0.61861515 0.13665892 0.64904296 0.4809199 -0.19975288 0.59842634 0.4727087 0.20061715 0.40869674 0.57622892 -0.18682045 0.38473424 0.55430621 0.36646381 0.38304591 0.66239542 0.18455219 0.34388268 0.64747643 0.46745604
0.34847242 0.42444417 -0.44774181 0.30050626 0.41526985 0.20763223 0.41843396 0.54291838 -0.44279835 0.39574319 0.52554035 0.22225268 0.43598524 0.64611697 -0.28306803 0.40245271 0.61873782 0.13040093 0.6503821 0.48084831 -0.20006935 0.59835845 0.47272527 0.20092216 0.40856749 0.57745302 -0.19756071 0.38142982 0.55333269 0.36690977 0.38473195 0.66327298 0.17196719 0.34433326 0.64796084 0.46627611
0.34964654 0.42463127 -0.45011812 0.30342337 0.41430241 0.19882904 0.41854537 0.54323745 -0.44252995 0.3954064 0.52439171 0.21621566 0.43583426 0.64628911 -0.27982903 0.40067238 0.61709219 0.12896539 0.65198278 0.480849 -0.19910438 0.59964347 0.47156402 0.19996049 0.41270703 0.57585728 -0.19507173 0.38097343 0.54934019 0.37386873 0.38531086 0.66267079 0.18403095 0.34533253 0.64582336 0.49303582
0.35020974 0.42447275 -0.45060495 0.30606076 0.41374806 0.19928685 0.41855186 0.54339713 -0.44213364 0.39521611 0.52397233 0.21574016 0.43572289 0.64619476 -0.27498358 0.39902511 0.61620975 0.13096444 0.65383554 0.48082098 -0.19861388 0.60134107 0.4707014 0.19948359 0.41469029 0.57395238 -0.17917953 0.38045922 0.54867393 0.37252125 0.37744331 0.66539282 0.19016989 0.33862892 0.64783889 0.49623519
0.35050216 0.42342636 -0.45506012 0.30785924 0.41359285 0.19911425 0.41867229 0.54332381 -0.44822574 0.39510101 0.52404755 0.2135451 0.43568277 0.64630473 -0.27821609 0.39772999 0.61626971 0.13083483 0.6549294 0.48068878 -0.19899949 0.60251588 0.47064626 0.19987376 0.41469729 0.57266599 -0.17990036 0.38031074 0.54888421 0.36969709 0.3789534 0.66559225 0.1912283 0.33996615 0.64852136 0.49235845
0.35103962 0.42238733 -0.45515642 0.30917582 0.41311228 0.19256015 0.41900235 0.54285371 -0.44629794 0.39497462 0.52333748 0.21061125 0.43562424 0.6465553 -0.26321328 0.39659733 0.6160686 0.13355704 0.65628666 0.48022264 -0.19678786 0.60320395 0.47030678 0.19766608 0.4168486 0.57244676 -0.17029603 0.37982568 0.54900008 0.36702308 0.37840942 0.66516334 0.19341092 0.34035185 0.64826804 0.48975897
0.35127607 0.42181918 -0.44158354 0.31004319 0.41312465 0.20134056 0.41899011 0.54276127 -0.43366385 0.39490935 0.52328545 0.21929023 0.43478221 0.64653736 -0.25771651 0.39632523 0.61591983 0.15101661 0.65772277 0.47964466 -0.19605188 0.60440993 0.47025988 0.19693094 0.41757318 0.57166666 -0.16320221 0.38318911 0.5496425 0.34492478 0.37764758 0.67081988 0.17778805 0.34082943 0.6546995 0.47312072
0.35247624 0.42136762 -0.43801716 0.31151167 0.41309914 0.20861237 0.41900742 0.54279673 -0.43125874 0.39490217 0.52331644 0.22472192 0.43353307 0.64631379 -0.25705469 0.39618939 0.61597341 0.15396585 0.65990829 0.4792065 -0.1961076 0.60836303 0.47024134 0.19699194 0.41830909 0.57109171 -0.1582551 0.3876428 0.55322325 0.32605433 0.37716371 0.67989951 0.16027486 0.34115005 0.66466361 0.46344137
0.35396135 0.42091003 -0.43943658 0.31230956 0.41307861 0.20575446 0.41950271 0.54279792 -0.42988831 0.39512274 0.52397901 0.22410619 0.43369451 0.64701015 -0.24788369 0.39630389 0.61787063 0.15147902 0.6615411 0.47858122 -0.19430649 0.6091007 0.47025365 0.19518577 0.41836461 0.5698036 -0.15059848 0.38693506 0.55567658 0.33029106 0.37041098 0.67671311 0.16719805 0.33907077 0.66139519 0.46324712
0.3540872 0.41999441 -0.43965432 0.31313807 0.41308695 0.21125028 0.42046148 0.54163343 -0.43103519 0.39521834 0.52416271 0.22478172 0.43385294 0.64698726 -0.25761044 0.39640889 0.61869687 0.15005331 0.66194439 0.4776631 -0.19503643 0.61114168 0.47029763 0.19593751 0.41861182 0.56918204 -0.15124086 0.39129049 0.55711824 0.30808613 0.36869049 0.68453211 0.15728883 0.33710507 0.67069274 0.45042339
0.35396844 0.41898233 -0.42358476 0.31347576 0.4118394 0.23018174 0.42076939 0.54029995 -0.42059734 0.39544463 0.5239374 0.24386165 0.43386775 0.64699322 -0.24560367 0.39617416 0.61879092 0.16770528 0.66204822 0.47721228 -0.19537586 0.61225504 0.47029874 0.19628508 0.41897857 0.56884575 -0.15323961 0.39106745 0.55710709 0.32034546 0.36975783 0.68123138 0.16344211 0.33759487 0.66682988 0.45343572
0.35411161 0.41851914 -0.42474467 0.31383783 0.41010001 0.23071083 0.42145374 0.53932583 -0.41941932 0.39572436 0.52292293 0.24552441 0.43392321 0.64651799 -0.23483631 0.39603725 0.61869782 0.16560248 0.66221809 0.47722933 -0.19563007 0.61286193 0.47028601 0.19653574 0.42067644 0.56868815 -0.15477498 0.39293751 0.5545975 0.32427594 0.36655235 0.67861855 0.16790915 0.33617285 0.66502643 0.46955046
0.35581872 0.41856492 -0.4282949 0.315146 0.41021001 0.22978421 0.42224857 0.53922999 -0.42673615 0.39636612 0.52292448 0.2444853 0.43336472 0.64650255 -0.2539286 0.39587858 0.61878788 0.16067055 0.66257179 0.47724611 -0.19566959 0.61278176 0.47029629 0.19657838 0.42181692 0.56871873 -0.1563009 0.39285675 0.55536932 0.32611728 0.36749017 0.67810047 0.16709749 0.33602944 0.66386247 0.46372193
0.36188844 0.41866654 -0.46649575 0.3151865 0.41026741 0.21101461 0.42343488 0.53951782 -0.4497191 0.39635023 0.52313763 0.23485705 0.43285882 0.64661616 -0.25529441 0.39508677 0.61855751 0.14567278 0.66420519 0.4772287 -0.19825013 0.61272758 0.47047344 0.19915056 0.42204916 0.56875175 -0.15993187 0.39242589 0.55638939 0.32815918 0.36812344 0.68135005 0.16202141 0.33603734 0.66652811 0.46197471
0.36581191 0.41818747 -0.4778477 0.31515932 0.41031584 0.1888487 0.4254069 0.53937227 -0.45435011 0.39543214 0.52316749 0.21720797 0.43267843 0.64607757 -0.25673214 0.39214307 0.61734486 0.13321972 0.66594917 0.47711095 -0.19811201 0.61192453 0.47049424 0.19900066 0.42355293 0.56812257 -0.1598023 0.39232016 0.55508024 0.34503993 0.36708665 0.67465609 0.17900102 0.33383822 0.65879864 0.47582713
0.36811343 0.41821659 -0.48547968 0.31555349 0.40870532 0.19061325 0.42758203 0.54103434 -0.4610413 0.39543867 0.52252543 0.21761774 0.43205452 0.64653856 -0.25668189 0.39123544 0.61625254 0.13453083 0.66703582 0.47713789 -0.20067939 0.61185181 0.47021526 0.20152028 0.42412266 0.56806409 -0.1639789 0.37819669 0.54821658 0.36966711 0.3698597 0.67034423 0.18640676 0.33723387 0.65281171 0.49711797
0.3689965 0.41723707 -0.48829696 0.31722939 0.40742573 0.18941407 0.42832777 0.54088908 -0.47165227 0.39541736 0.52130401 0.21768843 0.43143815 0.64617085 -0.28013065 0.39098904 0.61523259 0.13585231 0.66804731 0.47715351 -0.20080824 0.61171794 0.47011366 0.20164263 0.42473614 0.56775528 -0.15967874 0.38437432 0.5485785 0.36505014 0.36855739 0.66933876 0.18649748 0.33544609 0.65139127 0.49633285
0.37317482 0.41634741 -0.48211765 0.3184264 0.40748194 0.19070344 0.4295586 0.54027206 -0.46831626 0.3954162 0.52137196 0.2200565 0.43145075 0.64555383 -0.26106465 0.39068669 0.61509514 0.13640295 0.6703651 0.47688609 -0.20137867 0.6113354 0.47025877 0.20218931 0.42649105 0.56963867 -0.16897286 0.37716249 0.54843819 0.36026594 0.36742881 0.66999459 0.17250353 0.33238381 0.65347975 0.46624798
0.37433118 0.41329393 -0.48127934 0.32192749 0.4070507 0.17027742 0.43133301 0.53841418 -0.46769783 0.3970345 0.52046192 0.20109272 0.43141529 0.64525521 -0.24679099 0.3916499 0.61516517 0.12708086 0.67055696 0.47647849 -0.19576485 0.61128598 0.47026309 0.19659482 0.42988074 0.56552291 -0.15684596 0.37371987 0.54687673 0.35651654 0.36739299 0.66280943 0.18550754 0.33249 0.64596045 0.46701077
0.37565091 0.41077721 -0.47977826 0.32469377 0.40697613 0.1906105 0.43191707 0.53544277 -0.46209264 0.39698404 0.51990539 0.22257823 0.43134454 0.64241576 -0.24288395 0.39167055 0.61428207 0.13501316 0.67091483 0.4757801 -0.19828591 0.61121249 0.47028205 0.1991158 0.43031761 0.56578898 -0.16764942 0.38617969 0.54859185 0.37247255 0.36799976 0.65751904 0.1939968 0.33269802 0.64176899 0.47721043
0.37875855 0.41046107 -0.48411635 0.32487425 0.40626723 0.19062346 0.43316215 0.53541934 -0.46188164 0.39719284 0.51939893 0.22294608 0.43141896 0.64167863 -0.24126031 0.39171514 0.61366576 0.13442655 0.67176408 0.47532472 -0.19958073 0.61117554 0.47033814 0.20040484 0.43069223 0.5663501 -0.16288468 0.38841021 0.55341047 0.35538757 0.36373165 0.66522479 0.1832265 0.32973304 0.64989334 0.47436169
0.38108203 0.40754268 -0.48245212 0.32550919 0.40433368 0.19629112 0.43393317 0.53324634 -0.46106201 0.39716575 0.51644409 0.23207355 0.43175521 0.64015538 -0.24282628 0.391561 0.61164981 0.13889892 0.67270607 0.47430584 -0.2008107 0.61002767 0.47024792 0.20163311 0.43672717 0.57622802 -0.17406198 0.39268008 0.55336481 0.35529482 0.36334875 0.66549265 0.1729427 0.32519081 0.6500634 0.46772543
0.38291916 0.4062295 -0.48465875 0.32607695 0.40381852 0.18274525 0.43621936 0.53225923 -0.46076804 0.39706501 0.51653606 0.22149462 0.43502361 0.63944048 -0.24322875 0.39262018 0.61135167 0.13700017 0.67411381 0.47306073 -0.2005945 0.60868019 0.47020116 0.20143232 0.43670464 0.58339107 -0.17960662 0.38588312 0.55216521 0.33024815 0.36964357 0.6811474 0.14820461 0.32580912 0.66334015 0.43414441
0.38360602 0.40422404 -0.46902624 0.3270829 0.40214545 0.16338103 0.43839493 0.53129649 -0.43713862 0.39708579 0.51597542 0.19386387 0.43763462 0.63815671 -0.23451965 0.3930307 0.61025834 0.11590368 0.67519152 0.47153765 -0.19051602 0.60804462 0.46920767 0.19145402 0.43755198 0.58144724 -0.13943753 0.3914288 0.55146205 0.29007456 0.36898372 0.69005322 0.15214537 0.3222436 0.6710043 0.4250744 
0.38521537 0.40142649 -0.44320342 0.3297607 0.40236327 0.16903448 0.43938574 0.52679139 -0.41654402 0.39712062 0.51462132 0.19912256 0.43827322 0.63445735 -0.23548286 0.39303982 0.60801679 0.12905633 0.67535347 0.47123277 -0.18657273 0.60805881 0.4686206 0.18757433 0.43738469 0.58725095 -0.1451147 0.39569131 0.54595661 0.27181375 0.37343881 0.69116604 0.13484637 0.32046148 0.67069632 0.38628101
0.3867867 0.39842987 -0.42285508 0.33141461 0.40058964 0.17856388 0.44211334 0.52407008 -0.40802366 0.39733097 0.51094836 0.20168889 0.43989703 0.63348579 -0.23607598 0.39521128 0.60415202 0.13293552 0.67717403 0.46933466 -0.18503775 0.60816061 0.46834373 0.18604381 0.4347918 0.58599114 -0.14821365 0.39665586 0.5467611 0.25903285 0.37459606 0.69298041 0.12922463 0.31739661 0.68218249 0.3756865 
0.38925296 0.39610463 -0.43236005 0.33267811 0.40004367 0.1794266 0.44371325 0.52277613 -0.42430255 0.39791989 0.50983661 0.20320645 0.44139817 0.63200504 -0.26623285 0.39560431 0.6032812 0.13096666 0.67850602 0.46677569 -0.1852511 0.60811651 0.46808895 0.18620904 0.44003117 0.5887996 -0.15028423 0.39798307 0.54840368 0.27295175 0.38053933 0.69633478 0.13108875 0.31817761 0.68070704 0.39708909
0.39068025 0.39291435 -0.4390215 0.33399126 0.39897069 0.1792821 0.44566023 0.51937526 -0.42581734 0.39821926 0.50752348 0.21099617 0.44355839 0.62988859 -0.26761425 0.39594358 0.6015017 0.14732864 0.67942613 0.46519434 -0.18603064 0.60784537 0.46765581 0.18697916 0.44425273 0.58935571 -0.16235733 0.39674982 0.55461144 0.24199767 0.39814705 0.69924361 0.09161738 0.32171798 0.69626153 0.36729172
0.39281392 0.39007077 -0.46161315 0.33414647 0.3978675 0.16271472 0.44833335 0.51647371 -0.43302044 0.3986665 0.504412 0.21125382 0.44343486 0.627864 -0.27238572 0.39609984 0.59985292 0.15085457 0.67958528 0.46273306 -0.18669522 0.60695267 0.46740848 0.18764353 0.44655076 0.59271783 -0.19442984 0.40141857 0.56271195 0.24432322 0.41194829 0.70446366 0.06595328 0.34655416 0.70110017 0.35526302
0.39434579 0.38790751 -0.45727581 0.33704567 0.39491034 0.1612947 0.45109513 0.51338649 -0.42766514 0.40024093 0.49885437 0.20943785 0.44320762 0.62307203 -0.27163199 0.39732623 0.59265286 0.14609034 0.68028051 0.46168599 -0.18458955 0.60680866 0.46538851 0.18557963 0.44591701 0.59132999 -0.18801709 0.40184829 0.55914479 0.24895486 0.40495926 0.70222551 0.09042373 0.3425453 0.69709694 0.35860738
0.39847839 0.3880302 -0.45913148 0.33996403 0.39025789 0.13523018 0.45469263 0.51427025 -0.43112126 0.40142319 0.49735206 0.18005013 0.45261261 0.62025434 -0.2889106 0.39995861 0.59068221 0.11424661 0.68271387 0.46047503 -0.17857173 0.6068716 0.46235302 0.17955166 0.44855219 0.585527 -0.15771933 0.40137064 0.55110401 0.24971345 0.39491713 0.69999373 0.10768339 0.33832714 0.682073 0.36705983
0.39997348 0.3847948 -0.46151561 0.34111497 0.38997379 0.13635457 0.45673645 0.51249093 -0.4451502 0.40429756 0.49674076 0.17603397 0.45916545 0.61969048 -0.32215577 0.40291023 0.59193379 0.10867284 0.68357933 0.45986089 -0.17832328 0.60750329 0.46190134 0.17930031 0.45328352 0.58488202 -0.15447602 0.40072858 0.54625362 0.25499719 0.39321718 0.69956076 0.12633589 0.33836746 0.67621511 0.37755591
0.40258494 0.38230181 -0.49418494 0.34303069 0.38877878 0.13749425 0.45709589 0.50950432 -0.46815944 0.40590787 0.49471053 0.18246259 0.45291868 0.61918408 -0.31428042 0.40272719 0.58891654 0.11326007 0.68348873 0.45945546 -0.18081804 0.60819274 0.46145859 0.18186498 0.44681033 0.57904756 -0.1570719 0.39962 0.54013991 0.28505039 0.38173366 0.69388133 0.13890938 0.33265543 0.66554737 0.41681299
0.40705734 0.3809492 -0.48699629 0.34404984 0.388282 0.13937509 0.45807055 0.50677127 -0.4637472 0.40610588 0.49191707 0.20282151 0.45566091 0.61287856 -0.30215997 0.40440467 0.58419549 0.13308716 0.68405735 0.45889139 -0.18408741 0.60795122 0.46134529 0.18511204 0.4491618 0.58023423 -0.15984838 0.39747596 0.54164273 0.28238627 0.38177681 0.6965996 0.11911644 0.33264488 0.66891366 0.41589379
0.41344291 0.37909132 -0.48456699 0.34558031 0.38743266 0.1256759 0.45997921 0.50534302 -0.46004695 0.40647537 0.49085137 0.1805034 0.45643961 0.60891175 -0.30878255 0.40417323 0.5844487 0.11822988 0.68562794 0.45669985 -0.18080615 0.60747308 0.45987329 0.1818826 0.45321122 0.58003199 -0.15912265 0.40643159 0.5409568 0.26952344 0.38194373 0.69047284 0.1194149 0.33243152 0.66657543 0.39088866
0.41792786 0.37609881 -0.48613417 0.34603637 0.38510886 0.12029747 0.4627727 0.50106579 -0.46256715 0.40677848 0.48896131 0.17949064 0.45776266 0.6060344 -0.31963772 0.40399969 0.58380687 0.11857826 0.68691194 0.45426041 -0.18060017 0.60680443 0.45783472 0.18164662 0.45777357 0.57185668 -0.15474366 0.40584832 0.53933245 0.25104174 0.38896927 0.69048399 0.11141603 0.35423291 0.66896147 0.37903345
0.42111078 0.37282637 -0.50181073 0.34626284 0.38360053 0.11154428 0.46493325 0.49735349 -0.46613863 0.40671629 0.48784262 0.17893489 0.45833233 0.60126191 -0.31572255 0.40567136 0.58289748 0.11443692 0.68872929 0.45217425 -0.18147697 0.60679996 0.45710936 0.18245621 0.44981733 0.56944352 -0.17020561 0.40546638 0.5447855 0.25242952 0.42606542 0.68684286 0.10751396 0.36877128 0.67868418 0.37268019
0.42545387 0.37063923 -0.50962716 0.34761906 0.38197878 0.1043658 0.46645811 0.49438348 -0.46480849 0.40668449 0.48501948 0.17815363 0.45900562 0.59693742 -0.30724865 0.40731478 0.57992917 0.11446051 0.69020021 0.45027265 -0.1816677 0.6071642 0.45488217 0.18265167 0.46079701 0.57057965 -0.178574 0.40645626 0.54093319 0.2587693 0.44911093 0.67544025 0.11383961 0.37769341 0.66658479 0.37400776
0.42875805 0.36909646 -0.50723106 0.34918392 0.37902135 0.09774629 0.46846285 0.4942432 -0.46347541 0.40676033 0.4836196 0.17016436 0.45867613 0.59745389 -0.30113044 0.40857488 0.57834208 0.10001053 0.69210178 0.44915447 -0.18123722 0.60742509 0.45360175 0.18216769 0.46669099 0.5658806 -0.18813784 0.40907276 0.539554 0.25939822 0.47000131 0.67203104 0.13803408 0.4191272 0.66407388 0.36386666
0.43030488 0.36643824 -0.48993322 0.350216 0.37632582 0.10566162 0.46884441 0.49211279 -0.44884476 0.40692458 0.48180711 0.1758744 0.45954305 0.59387606 -0.29137844 0.40951037 0.57749158 0.10534836 0.69228309 0.44916335 -0.18006232 0.60757905 0.4531607 0.18092489 0.46476281 0.56746423 -0.16595934 0.40856662 0.54118234 0.24266168 0.44926357 0.68514186 0.12837717 0.40122887 0.67735952 0.36333349
0.43281582 0.36276206 -0.48336709 0.35293791 0.37546554 0.11387309 0.47041777 0.48657969 -0.44105828 0.408122 0.47909278 0.19942243 0.46013024 0.58899271 -0.26986283 0.41075054 0.57523257 0.13463341 0.69323534 0.44768155 -0.1801149 0.60818565 0.45249951 0.18099384 0.46439734 0.56759334 -0.1676863 0.40815508 0.54159045 0.2370321 0.46387783 0.68519682 0.10327704 0.40771744 0.67733353 0.33931381
0.43240756 0.36012492 -0.4815546 0.35299018 0.37277949 0.11179315 0.47125286 0.48568836 -0.44169849 0.40911064 0.4780736 0.19271553 0.45448643 0.59026706 -0.27033734 0.41053891 0.57477534 0.13282925 0.69315362 0.44602564 -0.18000998 0.60821044 0.45110348 0.18088178 0.46356717 0.56683213 -0.16230805 0.39806435 0.54172498 0.23509993 0.4570027 0.69871223 0.10268851 0.39858332 0.68078893 0.34853151
0.4336943 0.35746989 -0.48858988 0.35361183 0.37079275 0.11428792 0.47245082 0.48396942 -0.44652152 0.4095521 0.47708899 0.20435855 0.45863914 0.58524895 -0.26689279 0.41121516 0.57453072 0.14171554 0.69301409 0.44563922 -0.18559481 0.60849226 0.45075017 0.18632086 0.44055831 0.56642371 -0.1770125 0.39624891 0.54613465 0.22976454 0.45268351 0.69802773 0.07690189 0.40411296 0.68572104 0.3320511 
0.43285003 0.35320073 -0.4991172 0.35410699 0.36962196 0.12027115 0.47422424 0.48008755 -0.46644568 0.40967447 0.47477588 0.22362746 0.45591059 0.5861212 -0.29790527 0.41115934 0.57389891 0.16434111 0.69290644 0.44530979 -0.18780008 0.60882604 0.45070401 0.18848479 0.44622919 0.57030994 -0.20723936 0.39646161 0.54960406 0.23317735 0.48523271 0.6966989 0.07395593 0.43411377 0.68418825 0.33088818
0.43246505 0.34891862 -0.49406245 0.35459018 0.36906904 0.13946998 0.47559053 0.47621617 -0.46468306 0.41024509 0.47452721 0.24783452 0.45683005 0.58448088 -0.30333605 0.411053 0.57422638 0.19431427 0.69272339 0.44528201 -0.19155991 0.60935789 0.45087549 0.19218311 0.43604028 0.57245332 -0.21427633 0.39670113 0.55649155 0.23504101 0.4788135 0.70221317 0.05152546 0.43906531 0.69209725 0.3320699 
0.43190578 0.34505841 -0.44974309 0.35559601 0.36794108 0.14916094 0.47828719 0.47029412 -0.41324711 0.41101429 0.47271287 0.2597068 0.46003652 0.57725835 -0.25006688 0.41200763 0.5736382 0.21748631 0.69259685 0.44443384 -0.18847561 0.60929179 0.44943899 0.18901257 0.43692264 0.58055955 -0.20724469 0.39683381 0.56042176 0.21261156 0.47738844 0.71116549 0.05451703 0.44247389 0.70508248 0.31694043
0.43181869 0.3430725 -0.4467842 0.3557021 0.36570975 0.1532184 0.47943676 0.47068229 -0.41777715 0.41197914 0.47156689 0.25942764 0.45956388 0.57922894 -0.25433567 0.41191414 0.57382578 0.21597314 0.69164926 0.444554 -0.18948483 0.60762972 0.44859657 0.18993871 0.40401959 0.5791406 -0.20619985 0.38352948 0.55953139 0.1955824 0.47155675 0.71102774 0.03576792 0.4331252 0.70495927 0.30522352
0.43259576 0.3409315 -0.4447245 0.35717505 0.36430266 0.16071415 0.4803538 0.46771672 -0.40386936 0.41239348 0.4681322 0.2785545 0.46791455 0.57316154 -0.21203519 0.41211483 0.57383239 0.23153062 0.69078773 0.44578752 -0.18961717 0.60764408 0.44946736 0.19002201 0.3894223 0.57869208 -0.20359218 0.38092691 0.56129307 0.19353375 0.47286081 0.71246105 0.04875385 0.43457925 0.70669419 0.31508493
0.43477672 0.33842713 -0.44941387 0.35857746 0.3633852 0.16749662 0.48152545 0.46143538 -0.40706795 0.41342178 0.46372923 0.28710672 0.47186869 0.56492066 -0.21465464 0.41414902 0.56885087 0.2379227 0.68902856 0.44594097 -0.1904991 0.60741925 0.45008364 0.19084252 0.39384246 0.57800233 -0.20445448 0.38670453 0.56463993 0.20733035 0.47349203 0.71064597 0.05253547 0.44521323 0.70721495 0.32721868
0.4359684 0.33529606 -0.47496021 0.3599014 0.36221331 0.16677941 0.48325336 0.46040872 -0.43682763 0.41384479 0.46346903 0.27774602 0.47177634 0.56628871 -0.24415182 0.41431317 0.56965536 0.23025295 0.68639863 0.44645494 -0.19643404 0.60576791 0.45207494 0.19665682 0.38621533 0.57848376 -0.22338553 0.38790756 0.58057582 0.19161379 0.4851619 0.71987921 0.04722546 0.47218919 0.71789449 0.32822567
0.43811801 0.33428308 -0.50155532 0.36103025 0.35929614 0.10200524 0.48428988 0.46045235 -0.45172447 0.41398036 0.46170139 0.22986317 0.46659827 0.56765282 -0.26228309 0.41327533 0.56781858 0.18655998 0.68453163 0.44653124 -0.19585803 0.60116738 0.45185629 0.19597766 0.38830939 0.58369434 -0.21747325 0.38823277 0.57576698 0.19215691 0.48289031 0.71719199 0.04850265 0.46811283 0.71242869 0.33915108
0.43882203 0.33018818 -0.51551056 0.36208865 0.35590169 0.09985766 0.48816681 0.45703346 -0.46289268 0.41430464 0.45854872 0.22915232 0.46229601 0.5668593 -0.27935684 0.41332319 0.56246471 0.17964333 0.6813156 0.44657516 -0.19588359 0.59859759 0.45161539 0.19601375 0.39332464 0.58292568 -0.22950184 0.40405768 0.57544833 0.19727258 0.4990803 0.7193566 0.0120115 0.48769569 0.71296424 0.33946308
0.43981609 0.32710159 -0.52524537 0.3628388 0.35069183 0.09286647 0.48912409 0.4534463 -0.48807564 0.41522461 0.45602408 0.22477348 0.45714471 0.56661499 -0.32731864 0.41418377 0.55660665 0.16530289 0.68073261 0.44663841 -0.19587094 0.59861785 0.45084965 0.19598317 0.39571628 0.57479411 -0.23033422 0.42735034 0.57520187 0.21906741 0.4928925 0.71948749 0.00488088 0.48692417 0.71140248 0.34291029
0.44129702 0.32149798 -0.56093544 0.36344507 0.3465285 0.09409941 0.49067393 0.44897106 -0.53013176 0.41505888 0.45310727 0.22685827 0.44732827 0.56381601 -0.35866457 0.41415209 0.55250949 0.16114685 0.67985553 0.44437617 -0.20455481 0.59783143 0.44955418 0.20448837 0.39406064 0.56183517 -0.26487747 0.42279381 0.56439024 0.24934605 0.4907808 0.7156269 -0.03409817 0.48579451 0.70041788 0.36192322
0.44334438 0.31678686 -0.60456514 0.36361524 0.3443794 0.0614419 0.49165836 0.44745225 -0.58305961 0.41504696 0.45165887 0.1988683 0.44547239 0.56275743 -0.41976771 0.41349041 0.55030197 0.10162422 0.67726749 0.44368106 -0.20671585 0.59103554 0.44979087 0.20669971 0.45109835 0.54995924 -0.28788528 0.4595421 0.56518418 0.17092498 0.4947747 0.7151252 -0.12673096 0.52311891 0.7004534 0.2617467 
0.44515023 0.31115589 -0.64333594 0.36446151 0.34105885 0.05015523 0.49228385 0.44121817 -0.61475867 0.41495571 0.44940832 0.18911508 0.44590575 0.55577224 -0.42714956 0.41335994 0.54761481 0.08167575 0.67640829 0.44190237 -0.21074033 0.58896112 0.44985259 0.21073745 0.48881507 0.54318535 -0.28348869 0.47861171 0.56691146 0.16115393 0.49350423 0.71507108 -0.12246656 0.52756232 0.70055163 0.27573675
0.44778824 0.3055 -0.59514642 0.36695382 0.33863804 0.06685714 0.49387404 0.43402204 -0.56610936 0.41495302 0.44753942 0.19843186 0.44542584 0.54861432 -0.39229837 0.41454694 0.54295349 0.10089462 0.6763829 0.44202068 -0.2092717 0.58661759 0.45070982 0.20929997 0.49543372 0.54887879 -0.30790305 0.478223 0.57657266 0.07475884 0.4980765 0.72593534 -0.2170606 0.5293622 0.71422487 0.13024582
0.45025638 0.30224273 -0.58796853 0.36933741 0.3359167 0.07441522 0.49776509 0.43086019 -0.5555166 0.41513225 0.44545451 0.20484622 0.44403452 0.54638046 -0.37381116 0.41560549 0.54037571 0.11496101 0.67563218 0.44214407 -0.20819716 0.58250481 0.45158902 0.20828193 0.47810534 0.54353958 -0.33557364 0.49475673 0.58284199 0.07074521 0.49630183 0.72423637 -0.19041756 0.5875265 0.71395457 0.16894691
0.45172414 0.3005828 -0.60050523 0.37183273 0.33109462 0.07254682 0.5024389 0.4312892 -0.554061 0.41518891 0.44292766 0.20803936 0.44412094 0.54421073 -0.36641878 0.41636133 0.53589404 0.12141865 0.67535663 0.4428536 -0.20744921 0.58139259 0.45106652 0.20756248 0.47773054 0.54637271 -0.30855453 0.48168743 0.58081228 0.13831316 0.50653398 0.72286427 -0.16030017 0.56003475 0.70551801 0.23249514
0.45651793 0.29821461 -0.61093009 0.3742069 0.33080369 0.06876735 0.50471157 0.43107691 -0.56481516 0.4158797 0.44147342 0.20920695 0.4430882 0.54172385 -0.38441539 0.4147529 0.53389627 0.12548055 0.67551708 0.4415631 -0.20702288 0.58188713 0.45073605 0.20712936 0.4725948 0.54177701 -0.31837314 0.47166008 0.57987875 0.1569449 0.50525033 0.71912503 -0.18273342 0.55779213 0.70589197 0.24378766
0.45876771 0.29160208 -0.57463253 0.3773922 0.32996193 0.08812937 0.50424778 0.42514393 -0.54815048 0.4169105 0.43978947 0.23153344 0.44202527 0.53206646 -0.38037449 0.4125565 0.52923626 0.14594428 0.67563599 0.44023415 -0.20548393 0.58241886 0.45078626 0.20562966 0.47812897 0.53868449 -0.343871 0.47065628 0.56952894 0.1239737 0.51168346 0.71255565 -0.26804498 0.54148144 0.70175016 0.15404797
0.45921829 0.28682673 -0.58647817 0.38269281 0.32626328 0.13837874 0.50570595 0.42025813 -0.5498755 0.41922149 0.43819827 0.27830717 0.44995818 0.52676493 -0.38014051 0.41248313 0.52711642 0.20044014 0.67991686 0.44038975 -0.21303506 0.58941555 0.45339745 0.21316576 0.50517094 0.54161108 -0.33045384 0.48998335 0.56918281 0.16157787 0.52149129 0.70742863 -0.17768252 0.59938443 0.69199574 0.32080215
0.46093133 0.2821165 -0.58408439 0.38935101 0.32217795 0.18361764 0.50866705 0.41356739 -0.54782665 0.42245635 0.43386409 0.31230161 0.45451492 0.51851982 -0.35812944 0.41369766 0.52190381 0.219598 0.6802004 0.44051108 -0.22777161 0.6025309 0.45317885 0.22791946 0.51690269 0.54355162 -0.3201609 0.48008066 0.55896324 0.18171737 0.52243167 0.70773798 -0.15992714 0.57571989 0.68164164 0.36239868
0.46466544 0.27754849 -0.57020009 0.39165604 0.32058904 0.22898161 0.51228714 0.40431729 -0.55166733 0.42542109 0.43093625 0.34963065 0.45908868 0.50938028 -0.38719535 0.41546264 0.51903063 0.23102455 0.68023723 0.44053131 -0.24095196 0.6013909 0.45472145 0.24110845 0.50761467 0.55086035 -0.33330917 0.47507805 0.55168718 0.21325213 0.53812265 0.72952747 -0.18193129 0.58277166 0.6719889 0.38531509
0.46833086 0.27460513 -0.59649783 0.39256507 0.31495154 0.18982339 0.51153624 0.40069473 -0.57498872 0.42816344 0.42745885 0.31486925 0.45878115 0.50474346 -0.41218221 0.41571516 0.51663959 0.21450873 0.67889959 0.44028527 -0.23764804 0.59558916 0.45627695 0.23781283 0.57309568 0.55188257 -0.34476846 0.47291812 0.54882377 0.20360048 0.61784869 0.71658611 -0.1356267 0.57080132 0.67139524 0.39825031
0.47234133 0.27141216 -0.62924212 0.39774483 0.31045634 0.17408191 0.51239187 0.39837262 -0.60446584 0.43091515 0.42467681 0.29299697 0.45836979 0.50436634 -0.4466522 0.41606003 0.51363301 0.17979944 0.67876297 0.43912333 -0.23526707 0.59547192 0.45442811 0.23540384 0.60073692 0.55980861 -0.3389729 0.47167316 0.55010056 0.18143074 0.70844424 0.71463674 -0.17371321 0.5867601 0.67536908 0.36699149
0.47179273 0.26371801 -0.59956473 0.40142789 0.30083853 0.19346997 0.51388305 0.38409165 -0.58912718 0.43415928 0.41916743 0.30806345 0.45963478 0.49946797 -0.47126132 0.4185704 0.5098561 0.18890108 0.67499584 0.43733782 -0.23362203 0.59586424 0.45365125 0.2337454 0.56599176 0.55549502 -0.33447331 0.52954483 0.55198824 0.1829491 0.64462882 0.71267569 -0.14734098 0.70904344 0.66433793 0.40321615
0.47458231 0.25980067 -0.5650056 0.40733054 0.29415819 0.1813131 0.51645249 0.37952861 -0.54529393 0.437363 0.41314542 0.28613639 0.46144962 0.49490482 -0.45205003 0.42014012 0.50399226 0.17774747 0.67180181 0.43471801 -0.21900131 0.5971151 0.45075014 0.21906702 0.55157393 0.55516571 -0.3291907 0.60159922 0.57059926 0.11595223 0.62461907 0.70752227 -0.1052131 0.84313577 0.66133428 0.36008093
0.47584778 0.25472954 -0.53712606 0.41296461 0.28817368 0.1871168 0.51621825 0.3752639 -0.51744646 0.44235441 0.40670937 0.30144048 0.46267587 0.4908908 -0.42614847 0.4244521 0.49982089 0.20674853 0.66675496 0.43247458 -0.21832414 0.59910697 0.44533575 0.21839462 0.47191575 0.54386985 -0.32525739 0.56504828 0.56982583 0.14813806 0.53333455 0.69980878 -0.14924048 0.78048933 0.65943915 0.36732808
0.48205319 0.25240117 -0.56577897 0.41627988 0.2841464 0.1638865 0.51768702 0.36926988 -0.56641549 0.44443467 0.40243798 0.29197747 0.47112998 0.48016053 -0.4824616 0.42530742 0.49691427 0.173235 0.66499257 0.43160483 -0.21934561 0.5990712 0.44065741 0.21940857 0.48534852 0.54431057 -0.3095203 0.54334509 0.55563241 0.22971587 0.52718723 0.70895928 -0.14782764 0.71720308 0.65493995 0.44596022
0.48243633 0.24695174 -0.54550362 0.42223004 0.27880207 0.17551875 0.5196982 0.36192602 -0.56366158 0.4496749 0.39730033 0.3011288 0.48261464 0.46844929 -0.48691097 0.42640916 0.49211848 0.1810554 0.66230255 0.42752764 -0.22006077 0.60019749 0.43516171 0.22014442 0.48935774 0.54515457 -0.31155825 0.53791809 0.54127753 0.24818565 0.5232932 0.71302569 -0.18099914 0.69265211 0.64996141 0.44932207
0.49021667 0.24371701 -0.55531985 0.42876691 0.27476278 0.15898022 0.52465802 0.36229849 -0.57338363 0.45327252 0.39374238 0.29038784 0.4847928 0.46666566 -0.51408058 0.42699143 0.48740524 0.17194079 0.66164684 0.42665938 -0.22116055 0.60009742 0.43303168 0.22124502 0.52923089 0.55379885 -0.30435902 0.49436578 0.53486633 0.27917624 0.52475488 0.71716934 -0.17816782 0.53913015 0.65207177 0.5155189 
0.49764705 0.24038932 -0.54350078 0.4362095 0.27077594 0.1637924 0.52905512 0.3596819 -0.54545397 0.4597854 0.38715506 0.3045778 0.48216423 0.4631848 -0.4896307 0.42715374 0.48084936 0.19578835 0.65967995 0.42370966 -0.21785805 0.60037637 0.42926705 0.21797457 0.52690661 0.55396426 -0.31043515 0.50610822 0.52607661 0.26859879 0.52307457 0.71965003 -0.22373745 0.60053718 0.64021933 0.47377506
0.49839821 0.23802198 -0.50356406 0.44854763 0.25968131 0.17227012 0.5311715 0.35146937 -0.50463527 0.46845317 0.37916958 0.30251613 0.48301363 0.4497616 -0.4466776 0.43121347 0.47425753 0.19434486 0.65211546 0.42083186 -0.21175352 0.60119575 0.42474115 0.21185789 0.52532411 0.55573946 -0.31018585 0.5237335 0.52798706 0.26030377 0.52357733 0.720586 -0.22194071 0.65452421 0.64104068 0.46562222
0.50243932 0.23601626 -0.50635695 0.45666641 0.25665137 0.16561556 0.5300262 0.35430247 -0.51249945 0.47286198 0.37825245 0.29032764 0.48239011 0.44637382 -0.43298244 0.43318012 0.47076529 0.18320234 0.64505666 0.42140439 -0.2121992 0.60025734 0.4251036 0.21229197 0.5355953 0.5620445 -0.29347539 0.52058548 0.52903098 0.24263312 0.52578235 0.72302032 -0.18557964 0.6046682 0.6467765 0.4260208 
0.50381857 0.2319404 -0.50265801 0.4636074 0.24884909 0.17822322 0.53204912 0.34726381 -0.51838666 0.47684404 0.36986667 0.29409224 0.48324573 0.4327836 -0.4373571 0.4330579 0.4655506 0.18561397 0.63278717 0.42102158 -0.20991999 0.59520113 0.42402402 0.20996407 0.53889316 0.56407058 -0.26962447 0.4973644 0.53557438 0.17433403 0.52758902 0.72231424 -0.16795245 0.52855283 0.6739552 0.33071211
0.50489974 0.23069339 -0.51399308 0.48107886 0.24144752 0.20628779 0.53145158 0.34593254 -0.54938495 0.48987517 0.35851794 0.3085328 0.47110689 0.44098711 -0.45930055 0.44662184 0.44547302 0.1892868 0.62525821 0.42038378 -0.20997594 0.59676576 0.42106763 0.21006691 0.53856385 0.56480426 -0.26956531 0.49750927 0.53984344 0.16564935 0.52835196 0.7249524 -0.16425447 0.52398241 0.68663925 0.30451056
0.51811194 0.2226252 -0.44647393 0.47105476 0.2438577 0.27076411 0.54222649 0.32511726 -0.51461256 0.48774278 0.34994116 0.36928913 0.48569885 0.40882078 -0.45689103 0.45124698 0.43528143 0.24543078 0.62434596 0.41289547 -0.21584363 0.57790273 0.42026964 0.21573074 0.53417242 0.56403214 -0.29447171 0.47421947 0.54068547 0.12259518 0.52860749 0.72453129 -0.24457742 0.51127148 0.6897766 0.25024077
0.52217424 0.22279932 -0.40437585 0.47751352 0.23995413 0.26556453 0.54376221 0.32360908 -0.45961079 0.49238724 0.34601584 0.36476701 0.48747507 0.40580308 -0.4105024 0.44998688 0.43353727 0.24637093 0.60702175 0.41270354 -0.22022358 0.5776394 0.41633159 0.21987794 0.51985723 0.56364816 -0.35998222 0.46373686 0.53795624 0.10261308 0.52997696 0.72481138 -0.37565583 0.52016753 0.68451017 0.21609771
0.52809268 0.21981718 -0.3400161 0.49345127 0.23268098 0.34030923 0.54920852 0.31889197 -0.40330341 0.50001687 0.33733839 0.40818006 0.48900786 0.39735958 -0.32396141 0.45742953 0.41851383 0.27422729 0.59989822 0.41316074 -0.22491162 0.57734519 0.4156988 0.22452083 0.51460916 0.56334525 -0.36408323 0.45905918 0.53837436 0.03491112 0.53013247 0.72619379 -0.39827326 0.51654309 0.6946851 0.11959796
0.53370178 0.21751963 -0.3886928 0.50019568 0.22880235 0.30590174 0.55256391 0.31889358 -0.44087902 0.50160271 0.33360216 0.38911915 0.48985428 0.39512539 -0.34726602 0.46111622 0.4098855 0.25536615 0.60768855 0.40817612 -0.22745922 0.57403696 0.41158453 0.22699672 0.51373315 0.55720484 -0.37060943 0.4606376 0.53855604 0.03774991 0.53031015 0.72603357 -0.38847584 0.51444978 0.6962713 0.12395763
0.53824866 0.21600409 -0.35627812 0.51998413 0.2231508 0.37003559 0.55711627 0.32072717 -0.41896158 0.5090546 0.33166948 0.44812572 0.4907088 0.3944478 -0.33962667 0.46700728 0.41062403 0.31084666 0.5951668 0.40859225 -0.23712452 0.5754115 0.40860671 0.23665772 0.5107044 0.55802906 -0.42745969 0.45647389 0.53311765 0.05677157 0.52945107 0.72766834 -0.50840133 0.51090658 0.69370306 0.17604533
0.54416037 0.2125667 -0.35279605 0.52388418 0.22401693 0.35761395 0.55806565 0.3187359 -0.41856804 0.51681578 0.33180636 0.44068334 0.492614 0.39847291 -0.34301156 0.47160444 0.41245633 0.3067883 0.59944451 0.40365025 -0.23656078 0.57771277 0.40744784 0.23611526 0.51163012 0.5551551 -0.4128812 0.45955035 0.532116 0.05482524 0.52791727 0.72750974 -0.45932049 0.51059747 0.69730061 0.14352193
0.551368 0.20991856 -0.34446502 0.53075296 0.22223537 0.38469049 0.56012011 0.3188754 -0.42016658 0.52610344 0.3321974 0.46779042 0.49247181 0.40271109 -0.35216346 0.48509896 0.4130235 0.32373917 0.60820603 0.40159234 -0.2370376 0.58026856 0.40790719 0.2366347 0.51472962 0.55547798 -0.41643575 0.46192402 0.53251004 0.05188109 0.52810895 0.72728318 -0.45873681 0.5113759 0.69658333 0.11179338
0.55099416 0.2082694 -0.33891532 0.53785318 0.21724311 0.3747972 0.55960256 0.31273258 -0.4163247 0.52943772 0.32854477 0.45584321 0.49041301 0.39006332 -0.35623664 0.49553421 0.40613493 0.31565762 0.61213166 0.4009932 -0.23676309 0.58539498 0.40723386 0.23641802 0.52277082 0.55350208 -0.41178501 0.47393259 0.53314239 0.06613225 0.52821082 0.72681159 -0.47127274 0.51602829 0.69480747 0.14186744
0.55020297 0.20659977 -0.1439155 0.54093343 0.21769816 0.55921054 0.55848199 0.30729213 -0.29639843 0.55713958 0.33138332 0.63849092 0.48614746 0.38065529 -0.34893814 0.50342071 0.39919519 0.53517705 0.6134668 0.39572337 -0.23653166 0.58973175 0.40631562 0.23628457 0.52316177 0.54788882 -0.43129733 0.47785869 0.5276953 0.03097114 0.52809173 0.72719771 -0.57934451 0.51657087 0.69498241 -0.02201623
0.54990107 0.20740925 -0.26570749 0.55782479 0.21117084 0.46993178 0.55346489 0.309843 -0.35915107 0.55243379 0.32255727 0.53742385 0.4844912 0.38867775 -0.32302958 0.50700617 0.40183774 0.42352867 0.61354995 0.39698544 -0.24096261 0.60663062 0.40441057 0.24066411 0.53314489 0.55252588 -0.41571426 0.50910133 0.53029609 0.15882729 0.5282523 0.72854388 -0.50060904 0.51870412 0.69781071 0.17059752
0.55421597 0.20725283 -0.18083838 0.54699731 0.2155848 0.5177362 0.55371404 0.30086029 -0.30562314 0.54459107 0.32205287 0.58997834 0.47975266 0.38389346 -0.33290061 0.50165558 0.40478021 0.48141542 0.6192441 0.3955293 -0.23033687 0.60713214 0.40503746 0.23002507 0.53413302 0.54973769 -0.40900859 0.50909984 0.53024638 0.0281541 0.52847308 0.72882313 -0.51266801 0.52000439 0.6967873 -0.04015919
0.55392605 0.20837836 -0.22994655 0.57969505 0.217566 0.4916718 0.55355996 0.30364081 -0.32178521 0.57021052 0.32244864 0.55421543 0.47074273 0.38318071 -0.30448854 0.49780911 0.40195847 0.44322211 0.62342632 0.39678481 -0.23059823 0.63113767 0.40517998 0.23027229 0.5344308 0.54856318 -0.40377063 0.51992375 0.52937275 0.04785916 0.52845943 0.72965646 -0.48730096 0.52089721 0.69763273 0.03451886
0.55204195 0.21268134 -0.14171278 0.57614291 0.21538852 0.4935644 0.55266142 0.32713217 -0.25293672 0.63794363 0.32284346 0.55854958 0.46865827 0.38887176 -0.24872287 0.56494999 0.39348978 0.49197042 0.6216808 0.39733785 -0.22771303 0.65044945 0.40511018 0.22716783 0.53415209 0.54827523 -0.33281296 0.517519 0.5213064 0.13743322 0.52849394 0.72959965 -0.47507092 0.51804197 0.69355708 0.06930363
0.55390984 0.21256325 -0.14528318 0.56679696 0.21670695 0.49117255 0.55063599 0.32621127 -0.22157803 0.60302418 0.32676455 0.56013519 0.46334976 0.39031509 -0.16809684 0.5451442 0.39359 0.44997528 0.62167913 0.39696148 -0.22242951 0.6424849 0.40454441 0.22181642 0.53398842 0.54859638 -0.34280095 0.51022387 0.52247775 0.07379749 0.53117269 0.72947943 -0.48656917 0.51750672 0.69351852 0.03329014
0.57227093 0.2119804 -0.17826857 0.54092801 0.22895588 0.47520074 0.57346946 0.32536763 -0.27590835 0.58589196 0.33794153 0.55180174 0.46519327 0.39142427 -0.22665773 0.50400126 0.39744586 0.43517724 0.62471735 0.39732534 -0.21764117 0.60019261 0.40870509 0.21719682 0.5380066 0.54853386 -0.38036042 0.48835623 0.52713686 0.03372847 0.53129727 0.72964704 -0.51019722 0.51522219 0.69407105 0.02146148
0.58256882 0.21154885 -0.19887224 0.53491521 0.23222971 0.460765 0.57402843 0.32492933 -0.28779376 0.57016355 0.34094965 0.54922932 0.46244574 0.39200419 -0.25778133 0.48722422 0.39859259 0.3974283 0.63169849 0.39773169 -0.21627027 0.59243613 0.40868276 0.21588913 0.53733194 0.54184467 -0.40056911 0.47891992 0.52567315 0.04045149 0.53177333 0.72945708 -0.51270068 0.5149051 0.69361633 0.041602 
0.57946938 0.21177867 -0.19949219 0.53592616 0.23153955 0.45787847 0.57138002 0.32449627 -0.27196366 0.56423914 0.34070775 0.54162842 0.46319047 0.39243746 -0.21694171 0.48331389 0.3890782 0.38627449 0.63119495 0.39795703 -0.21610521 0.58559394 0.40853274 0.21572182 0.53679579 0.54343021 -0.39951706 0.47527558 0.52591437 0.04970711 0.53256583 0.72940838 -0.51248133 0.51471102 0.69275612 0.06204452
0.57593739 0.21246257 -0.23730695 0.53600675 0.2299882 0.41289166 0.56735909 0.32518178 -0.28958756 0.56281966 0.34056008 0.49845937 0.46388707 0.39250067 -0.2383374 0.48484254 0.39237756 0.33682504 0.62562382 0.40156311 -0.21425875 0.58296007 0.4098337 0.21390253 0.53879189 0.55445492 -0.37248555 0.47905725 0.53668416 0.05754934 0.53336769 0.72951519 -0.46736106 0.51504898 0.69496065 0.06645353
0.57485408 0.21413749 -0.24314354 0.54442924 0.22864963 0.42320052 0.56633413 0.32510203 -0.29434249 0.56728244 0.34052807 0.51150763 0.46763301 0.39201644 -0.20401712 0.48775408 0.3935844 0.35130256 0.6255272 0.40419802 -0.21444839 0.58486623 0.41067788 0.21407577 0.53862762 0.55428183 -0.37584901 0.48301923 0.5361557 0.06073641 0.53401512 0.73038137 -0.48475206 0.51527566 0.69611001 0.06702933
0.57841361 0.21450928 -0.24342103 0.54554516 0.2286462 0.4272809 0.56420952 0.32484165 -0.29761994 0.56975025 0.34100196 0.51704246 0.46746689 0.3939251 -0.21197248 0.48951539 0.39387563 0.35587388 0.62496209 0.40592203 -0.2148314 0.58599073 0.41120222 0.21445729 0.53905857 0.55805659 -0.36625472 0.48746353 0.53816229 0.07708289 0.53405213 0.73090959 -0.45360294 0.51630193 0.69594228 0.06757467
0.57813519 0.21620212 -0.30327034 0.55944681 0.22671579 0.40503189 0.56024158 0.32465336 -0.35748363 0.56779647 0.33094054 0.49241802 0.46627694 0.39563885 -0.23372139 0.49293134 0.3943873 0.33111784 0.62484741 0.4075205 -0.21514225 0.58741987 0.41164085 0.2147496 0.54784429 0.56401217 -0.34684524 0.49815443 0.54155624 0.07280864 0.53509456 0.73110479 -0.3986837 0.51848388 0.69581741 0.06893575
0.58444184 0.21620041 -0.31585616 0.55907929 0.22695036 0.39338636 0.56011504 0.32443824 -0.39113748 0.56248593 0.32976529 0.49014962 0.46477237 0.40160349 -0.32559499 0.49356803 0.395154 0.34074861 0.62326115 0.40733212 -0.21537603 0.58809769 0.41093144 0.21504331 0.54660547 0.56330174 -0.35432079 0.49606255 0.54147857 0.07322412 0.53503972 0.73112571 -0.42026597 0.51971084 0.69308609 0.08026514
0.58636171 0.21627346 -0.28163975 0.55898166 0.22706679 0.43884286 0.55999589 0.32367221 -0.33560002 0.56189775 0.32724896 0.52569151 0.47004074 0.39560747 -0.20940617 0.4981972 0.393637 0.37947023 0.62282193 0.40669891 -0.21931036 0.58799362 0.41010413 0.2190294 0.54563344 0.56354696 -0.35698485 0.49365845 0.54127765 0.07389083 0.53425372 0.73215127 -0.42828315 0.51972866 0.69331294 0.0842532 
0.58763772 0.21615556 -0.22568685 0.56065691 0.22704904 0.46135011 0.56094569 0.32381451 -0.29896474 0.56162679 0.32803756 0.54438001 0.46995226 0.38999832 -0.2118202 0.4986687 0.39423436 0.40107653 0.62362343 0.40576759 -0.21933272 0.58827502 0.40922329 0.21905497 0.54509938 0.56289238 -0.3581703 0.49341369 0.53882152 0.03004489 0.534208 0.73154831 -0.43979201 0.52152455 0.69256502 0.01323437
0.58685213 0.21708237 -0.20777607 0.58494419 0.22406292 0.4857437 0.55347139 0.32570061 -0.22752586 0.59273285 0.33240211 0.57675618 0.46920511 0.39050734 -0.02537966 0.50869131 0.39275083 0.48858213 0.62452799 0.40583408 -0.22266801 0.61234534 0.40922487 0.22228168 0.54417825 0.56164473 -0.3548027 0.50110584 0.53679997 0.08617454 0.53282261 0.73142505 -0.43876365 0.52289093 0.69225466 0.05892086
0.58728606 0.21527891 -0.17669286 0.5836432 0.22405738 0.51740891 0.55333412 0.32664967 -0.23154536 0.58915198 0.33587062 0.59989703 0.46783373 0.39560392 -0.11252916 0.5129776 0.39319599 0.47245863 0.62703365 0.40172017 -0.22264512 0.61042905 0.40752283 0.22225162 0.54385197 0.55552685 -0.38155398 0.5011856 0.53229403 0.00464429 0.53284067 0.73127681 -0.50079811 0.52285928 0.69389433 -0.05203976
0.58796257 0.21402362 -0.18448983 0.58034045 0.22507706 0.50708002 0.55551612 0.32651642 -0.25479472 0.58613306 0.33664224 0.59137124 0.46690044 0.40006241 -0.13667758 0.50878686 0.39479288 0.46379384 0.62811434 0.40068543 -0.22133099 0.60837126 0.40734249 0.22096916 0.54365933 0.55497158 -0.37869722 0.49715525 0.53233993 0.00193749 0.53288192 0.73009396 -0.49148536 0.5228281 0.6940425 -0.03698013
0.58783054 0.2131633 -0.17696345 0.57794613 0.22601144 0.52440464 0.55933303 0.32643893 -0.25599042 0.58328193 0.33929902 0.60376585 0.46682096 0.40073618 -0.15587178 0.50871193 0.39446363 0.47555411 0.62877321 0.40078101 -0.2213745 0.60747248 0.40841004 0.22101153 0.54339367 0.55533481 -0.36985067 0.49429896 0.53369224 0.01842168 0.53284645 0.73020482 -0.48072398 0.52300644 0.69568437 -0.00993789
0.58820331 0.21255994 -0.18425009 0.57298017 0.22705667 0.52088392 0.56668031 0.32607743 -0.25845703 0.57432067 0.34046462 0.60359955 0.46867529 0.40031233 -0.16597384 0.50710136 0.39498726 0.47583827 0.63120323 0.40063545 -0.22190212 0.60586292 0.40843877 0.22153737 0.5441649 0.55541337 -0.36672291 0.49430481 0.53455943 0.02568761 0.53284693 0.73019665 -0.46661979 0.52320963 0.69658315 0.0021746 
0.58798271 0.21272901 -0.19311312 0.57759058 0.22502264 0.51311946 0.56663966 0.32984623 -0.25797752 0.59229386 0.33954376 0.59328622 0.46853122 0.39994103 -0.12062284 0.51720989 0.39367613 0.47740868 0.6311639 0.40089184 -0.22225063 0.61078787 0.40819257 0.22186944 0.54400468 0.55581182 -0.34640488 0.5055933 0.53487194 0.07683255 0.5316509 0.73004472 -0.41816705 0.52317035 0.69716281 0.05043129
0.58544803 0.21285294 -0.17682111 0.58089727 0.22008978 0.50279957 0.56736439 0.33006999 -0.21562237 0.60450059 0.33420336 0.58860397 0.46766689 0.38381135 -0.03775217 0.53198284 0.38750327 0.51075637 0.61872929 0.40073204 -0.22001298 0.60999513 0.4060539 0.21962644 0.54442275 0.55691379 -0.31352821 0.51216692 0.53598511 0.12177704 0.53166419 0.72976756 -0.38711408 0.52328604 0.6981563 0.08524332
0.58520252 0.21365179 -0.24850477 0.57951748 0.219423 0.45877597 0.56866664 0.33157402 -0.23069942 0.59925896 0.33362561 0.54292232 0.46787363 0.37984821 -0.03728012 0.5289818 0.38790119 0.45272961 0.61715621 0.40281114 -0.22312702 0.60903895 0.40697214 0.22280882 0.54546046 0.56262034 -0.32359418 0.5101639 0.54067123 0.17024244 0.53184927 0.73021013 -0.38490546 0.52273351 0.6988501 0.18984227
0.5861277 0.21325412 -0.24188626 0.5785864 0.21974646 0.47048622 0.56768191 0.33256084 -0.2389912 0.59631115 0.33463594 0.55633736 0.46787548 0.38643339 -0.07634529 0.5262779 0.38846332 0.45494986 0.6220907 0.40267608 -0.22310588 0.60846287 0.40682819 0.22278354 0.54655075 0.56249934 -0.32660776 0.50937557 0.5403049 0.09650864 0.53227091 0.7300052 -0.39475921 0.5227744 0.69965053 0.06388438
0.58812684 0.21175194 -0.20413941 0.57723868 0.22089499 0.50239432 0.56761134 0.32699814 -0.24338602 0.59360391 0.33508414 0.59024441 0.47092658 0.38761574 -0.13181716 0.52147722 0.38850671 0.47400987 0.62318891 0.4023515 -0.22058558 0.60642081 0.4070552 0.22029187 0.55107486 0.5619787 -0.33613548 0.50819212 0.54008466 0.04203871 0.532929 0.72982091 -0.42342207 0.52314425 0.7010662 0.00194844
0.58908415 0.21056411 -0.21859303 0.56958717 0.22213641 0.50176603 0.56739485 0.3203167 -0.29133981 0.57968783 0.335145 0.5870595 0.47129631 0.39014542 -0.23383568 0.51152921 0.394458 0.46811756 0.62262231 0.40192118 -0.22074708 0.59319651 0.40662131 0.2204725 0.55089718 0.56169254 -0.33826903 0.50473064 0.54002118 0.04876794 0.53319401 0.72976816 -0.42057517 0.52314609 0.70103925 0.00711426
0.58918244 0.21053733 -0.18342957 0.56453931 0.22360422 0.50328767 0.58343405 0.31911048 -0.27250946 0.57813847 0.33588952 0.58929956 0.48190138 0.37923777 -0.20441042 0.51088393 0.39602119 0.46776825 0.62961477 0.40214154 -0.21413721 0.59282309 0.40910962 0.21395843 0.55266225 0.56174672 -0.34007072 0.50251245 0.54000366 -0.01010207 0.53360909 0.72904438 -0.43460968 0.52294844 0.70142454 -0.05800927
0.58428454 0.21114664 -0.13773359 0.56626487 0.22362332 0.54701376 0.58513564 0.31355369 -0.2697725 0.58927345 0.33443964 0.64093006 0.4827123 0.3701857 -0.25734815 0.51232284 0.39197206 0.56285083 0.63010132 0.40204915 -0.21424156 0.59997159 0.41010419 0.21403193 0.55257154 0.56162274 -0.34851292 0.50241464 0.53992283 0.00110403 0.53372592 0.72876263 -0.47226503 0.52307904 0.70155972 -0.06986753
0.58194488 0.21253367 -0.14538968 0.57133114 0.22339675 0.4904705 0.58606058 0.32156685 -0.23913874 0.60316026 0.33488947 0.58919424 0.48469001 0.37216303 -0.10528159 0.52707905 0.39219278 0.52853501 0.63391858 0.40165043 -0.21446395 0.60843539 0.40895173 0.21424948 0.55157292 0.56106716 -0.35529163 0.50235254 0.52942854 0.01113464 0.53404826 0.72807497 -0.46904397 0.52360368 0.6986869 -0.0376432 
0.57127881 0.21617645 -0.13492261 0.5868721 0.22000536 0.52643806 0.57948434 0.32974738 -0.22235888 0.66476226 0.33280388 0.57993895 0.47990826 0.37459853 -0.09665889 0.59037393 0.39192802 0.49838811 0.62919867 0.39894173 -0.22326009 0.64117527 0.40415648 0.22280447 0.53147072 0.55378437 -0.35533494 0.51422846 0.52710682 0.04270079 0.53128695 0.72818226 -0.51110816 0.52588034 0.69869351 -0.03574835
0.57200861 0.2160652 -0.1334935 0.58587456 0.21974979 0.54679924 0.57896483 0.32833186 -0.15195015 0.64072061 0.33268881 0.6290704 0.48512319 0.36859262 0.06099431 0.56856233 0.39196667 0.57106477 0.6292612 0.39644587 -0.2242372 0.63281149 0.40190724 0.22376963 0.53868395 0.55503535 -0.35183549 0.51280648 0.52694625 0.05655694 0.53077441 0.73032337 -0.49788362 0.52471846 0.6997205 -0.02786694
0.57178241 0.21691711 -0.13709331 0.58538204 0.21990547 0.54161161 0.58258629 0.33056858 -0.17809659 0.64006859 0.33277541 0.61988902 0.49504039 0.36889404 -0.02093215 0.57531518 0.39463332 0.56512725 0.6293605 0.39481077 -0.22681181 0.63032573 0.39948362 0.22628039 0.53827482 0.55582386 -0.35188439 0.51231289 0.52632743 0.05908488 0.53023475 0.73041195 -0.49377328 0.52476758 0.69926846 -0.02571383
0.56250846 0.21680859 -0.05273805 0.59315759 0.21697073 0.57510304 0.56711602 0.32436344 -0.05368324 0.66042823 0.31880262 0.66196692 0.49220371 0.35457888 0.21550252 0.58433664 0.37717205 0.66543835 0.61701584 0.3874881 -0.22449645 0.63264799 0.39167535 0.22396201 0.5350005 0.55495256 -0.35015732 0.51732755 0.52227461 0.04248966 0.53014034 0.73039037 -0.57341456 0.52619284 0.69944996 -0.13264753
0.56374115 0.2165332 -0.0963749 0.58355451 0.21740738 0.5054456 0.58309174 0.32776242 -0.12335383 0.62633431 0.32043213 0.57739204 0.49100947 0.35934833 0.06656536 0.56860191 0.37998694 0.47058475 0.62089729 0.38552812 -0.2088653 0.6139546 0.39103875 0.20827836 0.54062939 0.55430704 -0.34122509 0.51601547 0.52217084 0.02556971 0.52995145 0.72977674 -0.50231504 0.52617264 0.69921303 -0.08458798
0.56317949 0.21646124 -0.09915218 0.58325034 0.21760654 0.54184502 0.57522392 0.32794619 -0.14268447 0.62678176 0.32243693 0.61479068 0.490569 0.36267173 0.02863688 0.56431991 0.38370639 0.55248314 0.61578095 0.3860456 -0.20955844 0.61307073 0.39195839 0.20892048 0.54426301 0.55451459 -0.3381145 0.51818895 0.52256906 0.05782881 0.52994698 0.73021907 -0.49615705 0.5254634 0.70030433 -0.04436507
0.56054765 0.21653223 -0.0982627 0.58449 0.21730869 0.54424489 0.56926256 0.32963735 -0.15191725 0.63447732 0.32304174 0.61313927 0.49025053 0.36542442 0.00269014 0.56581068 0.38498825 0.54675466 0.61212492 0.38691923 -0.21033666 0.61390024 0.39273512 0.20960955 0.54429042 0.55549252 -0.33485794 0.5178256 0.52324653 0.06714088 0.52987647 0.73018879 -0.49473685 0.52362406 0.70043921 -0.03311072
0.56082529 0.21618842 -0.09786388 0.58318776 0.21710965 0.54291844 0.56355625 0.32844508 -0.15728405 0.6258893 0.32084718 0.61378038 0.48965538 0.37366256 -0.00892792 0.55645746 0.38334593 0.55553424 0.60767138 0.38614887 -0.2094322 0.60218263 0.39226153 0.20877896 0.54894054 0.55721152 -0.32468966 0.51420975 0.52386099 0.06869344 0.52993989 0.73002011 -0.44814041 0.52197802 0.70015204 0.00574772
0.56094873 0.21615557 -0.10299975 0.58224285 0.21726395 0.54144657 0.56371444 0.32967493 -0.14803973 0.63190615 0.32169378 0.60913378 0.49254727 0.36957243 0.02392619 0.56574124 0.38415012 0.54982829 0.6087172 0.38667029 -0.21252677 0.60377806 0.39255059 0.21182507 0.54336435 0.55746847 -0.34081388 0.5077371 0.523938 0.05116731 0.52940816 0.73018867 -0.47944173 0.52233416 0.70006365 -0.0247645 
0.5611968 0.2152919 -0.04625328 0.58177972 0.21744938 0.56758648 0.56354374 0.31660089 -0.15018009 0.61954802 0.32204849 0.63540208 0.50589818 0.36724961 -0.11708811 0.55108094 0.38122967 0.58366984 0.60982788 0.38547322 -0.2105201 0.60357845 0.39287654 0.20989312 0.54040223 0.55710149 -0.34782425 0.49937078 0.52335101 0.00961609 0.52922815 0.73018056 -0.54020441 0.5215686 0.70090741 -0.11629047
0.55977488 0.21618614 -0.06045746 0.58169609 0.21780381 0.56463838 0.56651938 0.31771535 -0.25720668 0.61981642 0.32515728 0.63209563 0.51085567 0.37054509 -0.31394991 0.55090153 0.39181322 0.57921773 0.60893917 0.38782939 -0.22305599 0.60430217 0.39695078 0.22240627 0.53899544 0.56158811 -0.35698989 0.49768394 0.52512264 0.04741977 0.52859789 0.73055452 -0.52497238 0.52157581 0.70111316 -0.0444828 
0.55928552 0.21615727 -0.05009981 0.5801788 0.217907 0.56059712 0.59347153 0.31621584 -0.26224634 0.61985677 0.3244423 0.60435981 0.53226316 0.36217815 -0.39256534 0.55491596 0.39181334 0.56822872 0.60874528 0.38792387 -0.21867158 0.60466778 0.39828178 0.21804035 0.52869618 0.56151044 -0.33006799 0.49609786 0.52519131 0.06212732 0.52798998 0.72998941 -0.49493042 0.52202511 0.70099026 -0.03539649
0.55965912 0.21613407 -0.05779386 0.5673725 0.22661868 0.52089077 0.63048583 0.31678587 -0.21440142 0.60808438 0.33262128 0.57634574 0.61139959 0.38736704 -0.26445404 0.55646551 0.39177364 0.50737214 0.61491078 0.38798779 -0.20390251 0.59593785 0.3996509 0.20338956 0.52988815 0.56149662 -0.32190832 0.48751724 0.52524787 0.02930663 0.52790928 0.72953248 -0.4483932 0.52186352 0.70101255 -0.03873158
0.55518484 0.21613334 0.00192727 0.56822836 0.22313832 0.56792676 0.61747706 0.31459972 -0.17466435 0.64549392 0.31403267 0.60448581 0.57466781 0.36458191 -0.22973737 0.58867514 0.37580842 0.5861221 0.60570669 0.38665393 -0.2050624 0.60053271 0.39670745 0.20453078 0.52293801 0.56129152 -0.30826637 0.48892805 0.52430516 0.04099005 0.52777249 0.72940648 -0.47790471 0.52317351 0.69893944 -0.05484318
0.55565655 0.2160925 -0.06351584 0.56062037 0.22585423 0.53174704 0.61905158 0.31111154 -0.25411969 0.6412062 0.32021242 0.56002349 0.57150716 0.36501655 -0.33122241 0.59522492 0.38618395 0.489878 0.6075508 0.39023349 -0.2064928 0.59834772 0.40102816 0.20590818 0.52374965 0.56354618 -0.30676466 0.47806522 0.52567786 0.05502972 0.52804816 0.72951722 -0.40385276 0.52278709 0.69896239 0.03291061
0.55754787 0.21074113 -0.06794305 0.54395968 0.22894995 0.4789665 0.62890244 0.31038249 -0.20199174 0.61005193 0.33251768 0.52326405 0.60526252 0.37617701 -0.32585499 0.58818233 0.39171463 0.4184182 0.61560541 0.39022848 -0.20188561 0.58283144 0.40088233 0.20142478 0.52468193 0.55888754 -0.31100786 0.4686822 0.52435982 0.0146149 0.52805084 0.72952658 -0.40025136 0.52278763 0.69800746 0.0132481 
0.55789512 0.21043044 -0.10792967 0.54381245 0.23029192 0.45712852 0.63061053 0.31100234 -0.23395567 0.61926991 0.33392629 0.50738674 0.60976249 0.3824335 -0.29142609 0.60971111 0.39297035 0.42656556 0.62162721 0.39559358 -0.20235249 0.58592826 0.40486151 0.20185855 0.52553648 0.56255859 -0.30319804 0.47073629 0.52483797 0.02043685 0.52786511 0.72958863 -0.35620195 0.52276212 0.69802821 0.03884516
0.55397946 0.2087066 -0.02608498 0.54566544 0.22928223 0.496537 0.61201149 0.30169141 -0.1994292 0.62428123 0.32998645 0.5784393 0.59265232 0.35781193 -0.31038305 0.62443703 0.38355049 0.52007592 0.61920333 0.39221165 -0.20046963 0.58255374 0.40464225 0.1999854 0.5260306 0.5625965 -0.29762444 0.47291344 0.52542329 0.02418934 0.52786744 0.72960645 -0.39015171 0.52280504 0.69583088 0.02283343
0.55273199 0.20599943 -0.03822463 0.53706682 0.2290072 0.50416028 0.59668857 0.29665422 -0.21954849 0.62424123 0.32755435 0.57778615 0.56542653 0.35022694 -0.33388251 0.62248099 0.38385651 0.51449788 0.61902326 0.39171785 -0.20028733 0.57705796 0.40419802 0.19979164 0.52751046 0.56251562 -0.29561242 0.45854613 0.52569312 0.01649517 0.52786869 0.72874224 -0.40272698 0.52346933 0.69214892 0.01799093
0.54893047 0.20560153 -0.05720304 0.5305841 0.22894987 0.48821858 0.59658682 0.29627386 -0.25383317 0.61746252 0.32757702 0.55172223 0.5592103 0.35217449 -0.36341169 0.61774927 0.38692313 0.46102342 0.61699414 0.39197287 -0.20008191 0.56874019 0.40415409 0.19960134 0.52775836 0.56307447 -0.29860473 0.45974541 0.52670884 0.01418683 0.52789378 0.72903389 -0.40490931 0.52347928 0.69255167 0.01551606
0.54456127 0.205374 -0.11043693 0.52341139 0.22545959 0.47905871 0.57753128 0.29818884 -0.26549992 0.60976022 0.32704064 0.54251343 0.52979356 0.35958594 -0.32818446 0.61410469 0.38741678 0.44617507 0.59100771 0.39575949 -0.20432191 0.56680065 0.40458524 0.20386088 0.52543283 0.5630123 -0.31472525 0.46050218 0.52750933 0.01611929 0.52846104 0.73044217 -0.40841246 0.52348614 0.69404423 0.01697336
0.53724569 0.20565863 -0.12413857 0.521456 0.22368076 0.46441627 0.56317908 0.30045509 -0.21465151 0.61019206 0.32423842 0.52507466 0.5307827 0.37861219 -0.15156411 0.61443603 0.37813351 0.42206374 0.59433615 0.3983995 -0.21012475 0.5691216 0.4044227 0.2095785 0.52483565 0.56703126 -0.30362615 0.46240905 0.52874595 0.097647 0.52957779 0.73174649 -0.33520022 0.52253914 0.69418818 0.13957946
0.52791315 0.20702505 -0.24467815 0.51139671 0.2229846 0.3971467 0.56766534 0.30152208 -0.42493904 0.60161752 0.32431287 0.44657925 0.53271776 0.37837088 -0.48965001 0.60840398 0.38210744 0.34213665 0.59576637 0.41043526 -0.22181827 0.56922698 0.41143838 0.2214314 0.52230525 0.56752259 -0.30920017 0.46102762 0.52852124 0.13497677 0.52972394 0.73257536 -0.33217654 0.52366126 0.69373995 0.19386387
0.51823479 0.20952798 -0.24791805 0.50159824 0.22304536 0.37839848 0.56997746 0.31546074 -0.34291378 0.6032747 0.32558966 0.4310976 0.53358614 0.38139859 -0.3507612 0.60959888 0.38479128 0.32770634 0.59320533 0.41094154 -0.22185402 0.56827384 0.4120706 0.22143681 0.52086353 0.56915718 -0.29960659 0.46146914 0.53250849 0.14411661 0.52970237 0.73255831 -0.28513002 0.52392834 0.6935004 0.22633412
0.50780731 0.21052092 -0.25750324 0.49608472 0.22286034 0.38892063 0.55560082 0.31693438 -0.34707585 0.60040754 0.32207969 0.4490476 0.49592128 0.38380498 -0.27890688 0.59540319 0.38948214 0.38857219 0.58358407 0.41041306 -0.23479627 0.56904143 0.41156262 0.23427975 0.51697093 0.56958568 -0.30060709 0.46208569 0.53591436 0.16943589 0.52970558 0.73253149 -0.28802657 0.5243817 0.69213253 0.25985739
0.50565904 0.2102751 -0.09764241 0.48425886 0.22676302 0.48740867 0.57218164 0.30709431 -0.18515833 0.56808931 0.32275498 0.66770738 0.56718946 0.38226262 -0.2451601 0.56857055 0.36900479 0.67594689 0.57300144 0.40110672 -0.23441377 0.55041504 0.40972859 0.23401959 0.49015498 0.56087798 -0.33365303 0.43843284 0.53335309 0.13704129 0.52989727 0.73161906 -0.39384151 0.52031219 0.67929429 0.20096143
0.49404007 0.21069328 -0.09255993 0.48325795 0.22755918 0.51581401 0.54942316 0.3071802 -0.18104959 0.57681704 0.31399325 0.64718741 0.52804893 0.38372752 -0.21233103 0.57207817 0.34549537 0.61402291 0.56563443 0.39650276 -0.23264341 0.5535056 0.40404293 0.23220022 0.48026377 0.55767918 -0.39192283 0.42144531 0.51434398 0.18896239 0.53028256 0.73160279 -0.50386834 0.51279098 0.65000886 0.32296786
0.48560914 0.21566503 -0.16275011 0.48363829 0.23200631 0.52122855 0.53341782 0.3073478 -0.28398076 0.56332231 0.3189449 0.60995704 0.48831478 0.38601753 -0.28761581 0.57867223 0.36221537 0.56798553 0.57073855 0.40014678 -0.24144301 0.56090748 0.40864408 0.24080895 0.46423146 0.55546021 -0.38443542 0.40637153 0.51560831 0.20587097 0.52989584 0.72996098 -0.45582736 0.50473464 0.65011179 0.34227088
0.48161498 0.21673308 -0.10922197 0.46739933 0.23938574 0.55942756 0.5359807 0.30773193 -0.21843819 0.52695775 0.32044664 0.64307052 0.49750733 0.38969907 -0.19599079 0.55223393 0.36588061 0.56486744 0.57221055 0.39983794 -0.23887654 0.5532428 0.40862644 0.23826271 0.47406462 0.5499475 -0.37350398 0.41026989 0.51397556 0.18868312 0.52973974 0.72716975 -0.45625246 0.49983972 0.65432912 0.32261798
0.47122362 0.22656168 -0.15284126 0.46693316 0.23786084 0.54630679 0.51458436 0.31018272 -0.22660737 0.53141242 0.30817777 0.70615548 0.46845713 0.3795284 -0.12560055 0.51980001 0.31930262 0.81614006 0.57236516 0.40340266 -0.24115488 0.55897254 0.40854204 0.24080126 0.4665131 0.55130333 -0.35913843 0.42544767 0.51519507 0.17715001 0.52936727 0.7195816 -0.3831158 0.50655836 0.65599072 0.25795379
0.46644348 0.23304963 -0.24244812 0.46543527 0.2415853 0.39869758 0.49934325 0.32557791 -0.28474137 0.52878368 0.32500345 0.44738948 0.45587024 0.39475822 -0.15453175 0.53812075 0.37799919 0.39388525 0.57266617 0.41776702 -0.23929217 0.56691545 0.41259173 0.23891054 0.46200505 0.5582791 -0.35012814 0.42752951 0.5021345 0.30932373 0.52805191 0.72059798 -0.3755765 0.5015592 0.63549262 0.46076107
0.44711822 0.24001074 -0.26798037 0.46818224 0.24011795 0.40400815 0.48591632 0.32677737 -0.37133682 0.53510135 0.31593269 0.48640183 0.44229439 0.39448059 -0.26622161 0.53355205 0.3596679 0.64268869 0.5517028 0.42684242 -0.24669906 0.58546227 0.41316706 0.2461911 0.44889647 0.56183463 -0.34409219 0.45104679 0.50050306 0.37624887 0.52644157 0.71448451 -0.37297225 0.50565434 0.64182317 0.51266438
0.44561222 0.23882267 -0.27932221 0.44882065 0.2429591 0.41836697 0.49116641 0.3307218 -0.33349946 0.52424401 0.32688078 0.4952561 0.44107297 0.40426618 -0.12545788 0.54064941 0.39238426 0.45740938 0.54720235 0.42652002 -0.24884403 0.57102168 0.4148657 0.24835414 0.41399783 0.5504353 -0.37916204 0.44026867 0.50209951 0.29419574 0.52429336 0.71368378 -0.44185907 0.50627446 0.64571655 0.4043684 
0.43249762 0.24583612 -0.27007172 0.45422205 0.24467954 0.38339797 0.47741756 0.35100096 -0.3223635 0.56862342 0.33157772 0.43632492 0.41144758 0.42259625 -0.12604742 0.55357778 0.40563425 0.40439329 0.54030246 0.43599594 -0.24127689 0.58295226 0.42059523 0.24048139 0.40911162 0.55041182 -0.28336519 0.48866379 0.50910145 0.37388444 0.52319765 0.71056539 -0.29361334 0.53343803 0.64648408 0.47163975
0.43187398 0.24884024 -0.27219418 0.43674639 0.25149032 0.38250807 0.47833106 0.35407135 -0.32764295 0.56095862 0.33356974 0.44447076 0.4168655 0.43105456 -0.15573025 0.54538989 0.39786643 0.39444166 0.54202324 0.44127935 -0.23893836 0.57808256 0.42583403 0.23811378 0.39653125 0.54663152 -0.29916888 0.48014566 0.50490612 0.34449577 0.5207504 0.70765108 -0.32960019 0.53590608 0.64338124 0.43801767
0.43214083 0.25036535 -0.25564212 0.42075539 0.26174089 0.41430244 0.47787356 0.3634015 -0.30219913 0.54305446 0.3531051 0.47088766 0.41133112 0.4519141 -0.10951985 0.54464728 0.41773653 0.37104836 0.54586035 0.43872273 -0.23841016 0.56766421 0.42811912 0.23753622 0.39222682 0.54374176 -0.33471864 0.46500573 0.50389892 0.22447485 0.51886672 0.70386326 -0.40065998 0.53335518 0.64412421 0.26458657
0.42196608 0.25386396 -0.26527295 0.41267577 0.26206642 0.41548628 0.47592819 0.36612046 -0.30634671 0.51546091 0.35113317 0.45819095 0.40813422 0.44680086 -0.10346112 0.53994131 0.41751674 0.35767767 0.54805237 0.44045427 -0.23810366 0.56781161 0.43002811 0.23726313 0.37665889 0.54251063 -0.33305553 0.4663142 0.50751275 0.18620548 0.51608986 0.69812429 -0.37451705 0.56317353 0.6461696 0.21727864
0.42095336 0.2570844 -0.31041867 0.39982417 0.26784879 0.38767245 0.47641003 0.37216893 -0.36471927 0.50275469 0.35884821 0.43758354 0.41087154 0.46095365 -0.16566458 0.52311581 0.4203054 0.33482793 0.54892629 0.44259545 -0.23203985 0.5689941 0.43222091 0.23158753 0.37943661 0.54281658 -0.32906559 0.49515325 0.51520592 0.09725142 0.50123471 0.69601506 -0.32075024 0.60016251 0.66031629 0.08311009
0.41662472 0.26275307 -0.3110545 0.38512734 0.2773124 0.37207493 0.47879079 0.3749398 -0.37062901 0.48362324 0.36846316 0.42184877 0.41518176 0.46064886 -0.18275094 0.50497812 0.42665645 0.3067424 0.56217444 0.44508925 -0.22334893 0.56641573 0.43721858 0.22316362 0.3894082 0.54488575 -0.31293502 0.46566951 0.5148769 0.10347646 0.50235271 0.6937595 -0.27873319 0.57899183 0.65600926 0.11466535
0.40993848 0.27230129 -0.35023984 0.38281345 0.28498727 0.3733654 0.47229001 0.38971606 -0.41971606 0.49598503 0.37813246 0.44137147 0.41056848 0.48304367 -0.23325561 0.51048052 0.45116457 0.34378275 0.57981688 0.44977453 -0.22362186 0.56676662 0.44705862 0.22342952 0.39344597 0.55128473 -0.322752 0.45514923 0.52987933 0.0250095 0.50323999 0.69494969 -0.30853167 0.57811266 0.67082608 0.05333522
0.41089109 0.280157 -0.38080841 0.37041447 0.2978287 0.36198971 0.47150934 0.39958659 -0.40926653 0.46247834 0.4007816 0.44222173 0.39858913 0.49200103 -0.21693602 0.47541097 0.46456087 0.36471412 0.59657848 0.44759384 -0.22348274 0.56086653 0.45236751 0.22333792 0.37931424 0.55129772 -0.3016614 0.38558412 0.53438568 0.04310198 0.49945843 0.69701195 -0.21531962 0.57351518 0.67050439 0.17672125
0.40929988 0.2852754 -0.36051536 0.36300743 0.30517492 0.34560513 0.46781281 0.40778655 -0.39095455 0.44162154 0.40758437 0.40482417 0.396164 0.49927679 -0.21058828 0.44759244 0.48323199 0.28389215 0.60583413 0.4474822 -0.2177213 0.5543443 0.45013422 0.2178086 0.39270851 0.55317122 -0.30252895 0.36403981 0.53926063 0.0898872 0.50154448 0.68522286 -0.18709768 0.57264012 0.66792423 0.15528145
0.40831777 0.28914481 -0.35628417 0.3533493 0.31692803 0.34181732 0.4658258 0.41357666 -0.38185656 0.42762661 0.4173421 0.41328231 0.38665757 0.50411761 -0.21022147 0.42188838 0.493384 0.29492995 0.61084801 0.44620183 -0.21732152 0.54830551 0.44976842 0.21740623 0.39387155 0.55277944 -0.30402759 0.35951176 0.5424965 0.11275771 0.49557942 0.68782318 -0.21219386 0.57059765 0.658759 0.17629331
0.40479365 0.29527357 -0.35512829 0.34588805 0.32746491 0.33314234 0.45692 0.42665708 -0.36509144 0.42131659 0.43084806 0.40344316 0.39242828 0.5075931 -0.15471718 0.40017277 0.518601 0.28822193 0.61949933 0.44589317 -0.21782255 0.54783058 0.45178714 0.21785709 0.39262146 0.55934638 -0.34396425 0.35396957 0.55141199 0.09016975 0.49697623 0.68996012 -0.20418036 0.56938547 0.66685164 0.15185612
0.39998114 0.308873 -0.4391174 0.34106827 0.33763617 0.23781599 0.45561284 0.43926862 -0.4229438 0.38617727 0.44642082 0.29673773 0.40869936 0.50341564 -0.21133973 0.4009074 0.5260877 0.13382794 0.62326539 0.44575623 -0.21819732 0.54550099 0.45359829 0.21819215 0.46120909 0.55540532 -0.3950173 0.36466724 0.54816151 -0.09144516 0.49522305 0.69292951 -0.18541308 0.56756628 0.66818225 -0.02017135
0.39458197 0.31968629 -0.51861471 0.33953306 0.33892971 0.21120919 0.45211273 0.44882435 -0.46034175 0.37963188 0.44989702 0.28758296 0.42505178 0.50673479 -0.19495027 0.39161584 0.53397971 0.15520702 0.63399172 0.44566184 -0.23027124 0.54647768 0.4520359 0.23028867 0.45125335 0.55047315 -0.40724483 0.34983027 0.55294997 -0.01509649 0.49626645 0.69351935 -0.11502417 0.44627348 0.69385237 0.06783529
0.38838986 0.33193073 -0.49066502 0.33634019 0.35464856 0.17158055 0.4525069 0.46165946 -0.47672859 0.37876746 0.46242058 0.24783874 0.4275696 0.53682679 -0.278148 0.40065387 0.55466044 0.14365332 0.63738775 0.44914722 -0.21825019 0.54767996 0.4560416 0.21831678 0.44388014 0.54762244 -0.39092469 0.35047472 0.55761683 0.01278967 0.49688569 0.69355792 -0.15165785 0.42960998 0.68944079 0.06415891
0.38071582 0.34329349 -0.50822049 0.33652905 0.36213174 0.15407626 0.45281309 0.47528315 -0.50938791 0.38700873 0.47520798 0.22897606 0.43912563 0.55899251 -0.37014738 0.4029521 0.57026541 0.13627842 0.63973099 0.45444953 -0.21490124 0.56183285 0.46055371 0.21497987 0.40712866 0.55805409 -0.30435058 0.35828978 0.5580408 0.18646774 0.47718087 0.69016802 -0.01733213 0.43453059 0.6819036 0.25925925
0.37362778 0.35244685 -0.61097366 0.33117914 0.37395903 0.15650459 0.45175257 0.48299617 -0.63316369 0.39549962 0.47709098 0.25385445 0.44579515 0.57581908 -0.47713453 0.40792623 0.57573789 0.14349338 0.64137495 0.45397571 -0.22768952 0.56190979 0.46050555 0.22763538 0.45835477 0.5676766 -0.4068352 0.33557457 0.5478636 0.15342407 0.58918965 0.67917788 -0.0972818 0.41123825 0.67970151 0.17296517
0.36535758 0.36364308 -0.56825691 0.32709524 0.38609341 0.16590455 0.45113981 0.48910379 -0.59672868 0.39884794 0.48129442 0.25219494 0.4530156 0.58760494 -0.45488584 0.41117236 0.58884209 0.15355848 0.64559925 0.45352456 -0.22756563 0.5629921 0.45897588 0.22758794 0.42278209 0.5714494 -0.36201656 0.34615508 0.54779398 0.2378149 0.50080949 0.67770469 -0.04083592 0.39744064 0.67234218 0.25044051
0.35855511 0.38120574 -0.54264736 0.32779995 0.40222871 0.18547118 0.44857368 0.5048663 -0.57274067 0.40269142 0.49608949 0.26088375 0.44949913 0.60469413 -0.42785218 0.41374567 0.59292495 0.15842365 0.64861232 0.45267126 -0.22623704 0.58249259 0.46323347 0.22647455 0.42414051 0.56948209 -0.26939461 0.39220607 0.54595792 0.29529306 0.43750107 0.67138666 0.05909804 0.41487029 0.65874511 0.34240884
0.34786668 0.39834943 -0.51870549 0.32852525 0.41294619 0.25317734 0.44244814 0.51495671 -0.54329628 0.40403974 0.5084995 0.28159508 0.44626027 0.61978024 -0.38442042 0.41450104 0.60572064 0.17443156 0.65732372 0.45229214 -0.22939363 0.6070742 0.46195179 0.22985482 0.4335295 0.57163459 -0.24292354 0.43529105 0.54686296 0.33438396 0.44016892 0.66944987 0.13139604 0.42354286 0.65871334 0.39509356
0.3412886 0.40989295 -0.51605493 0.3225292 0.42808995 0.23308024 0.43697423 0.52755076 -0.54124409 0.39940289 0.52917892 0.25512892 0.45142901 0.63518459 -0.39408222 0.42155764 0.61795545 0.15388279 0.66247308 0.45354435 -0.22320636 0.61584842 0.46212184 0.22388887 0.45157263 0.575674 -0.22368342 0.42263216 0.5433467 0.35424432 0.44588986 0.65199608 0.17259288 0.40607411 0.63709426 0.45050707
0.33459619 0.42538437 -0.4457773 0.32367292 0.43766218 0.2630716 0.43680581 0.54255509 -0.48100218 0.40470302 0.54060304 0.26928973 0.45888788 0.64401323 -0.34005386 0.4317359 0.62755126 0.16402556 0.66275299 0.45443994 -0.21958897 0.63552636 0.46144411 0.22030367 0.45090738 0.57334489 -0.15749028 0.41390663 0.54419869 0.29190087 0.39878505 0.65546834 0.16304858 0.36079776 0.66460836 0.42252958
0.33161464 0.43396181 -0.37980437 0.32133782 0.45387676 0.29537132 0.43844971 0.53960145 -0.42102465 0.41690466 0.54497081 0.29437643 0.45832577 0.64436936 -0.27932325 0.43421698 0.6284098 0.18407039 0.66005653 0.45415494 -0.21419804 0.63541681 0.46224946 0.21476424 0.44638228 0.56824857 -0.12651579 0.41027236 0.55274826 0.23549311 0.40884236 0.69237393 0.1100862 0.37887359 0.70291793 0.36069289
0.33414316 0.43560803 -0.3628855 0.31658092 0.45728904 0.28063589 0.45215163 0.54143536 -0.36159089 0.42488575 0.54137349 0.28775376 0.45718205 0.62943608 -0.16788305 0.43367687 0.61551964 0.15426075 0.65793687 0.4546915 -0.1909533 0.62621778 0.46310902 0.19136809 0.45142683 0.57145655 -0.17366798 0.40844917 0.55418748 0.25611898 0.47800899 0.67919821 0.11260634 0.43362382 0.68952471 0.33759719
0.33325016 0.44073561 -0.38075608 0.31392404 0.45978957 0.28539684 0.4605976 0.54041183 -0.33683681 0.43048021 0.53492713 0.30425 0.45673656 0.6221422 -0.08554704 0.43238893 0.60823232 0.14931992 0.65745425 0.45564255 -0.19364674 0.62418246 0.46274477 0.1940186 0.44896108 0.57074183 -0.19114962 0.41022357 0.55304503 0.31828448 0.4835574 0.64754635 0.174666 0.43894261 0.6443907 0.33545035
0.33041373 0.44111326 -0.36458194 0.30572367 0.46970212 0.27897596 0.46110103 0.5421021 -0.34117651 0.4290331 0.54310232 0.3033371 0.46049309 0.62525934 -0.1270546 0.43259314 0.6142031 0.15666285 0.65561116 0.45518818 -0.18909062 0.62050003 0.46397981 0.18940139 0.44723937 0.56675369 -0.19839916 0.4093183 0.56447977 0.29405433 0.51838475 0.65015513 0.14454335 0.47644794 0.64678115 0.29330531
0.32807359 0.44832101 -0.3475593 0.30720678 0.46999931 0.32491797 0.46142137 0.55107224 -0.31321028 0.43030393 0.54617238 0.35535973 0.46006352 0.63087171 -0.07086124 0.43316343 0.62005645 0.19998121 0.65238523 0.45644179 -0.19223601 0.62042534 0.46521217 0.19253065 0.44234687 0.5670321 -0.20350449 0.40979806 0.57084841 0.29050538 0.52428174 0.65892953 0.11733123 0.4775508 0.65835381 0.26428393
0.32541949 0.44974086 -0.33159956 0.30846417 0.46958625 0.3151772 0.45863539 0.55270445 -0.31441537 0.43266574 0.54627901 0.35165879 0.45913616 0.64312863 -0.1197914 0.43705532 0.6293751 0.2183602 0.6469934 0.45622641 -0.19153909 0.62106979 0.46494636 0.1918148 0.43889239 0.56403184 -0.19619958 0.41101101 0.5703811 0.28082457 0.53144163 0.66066134 0.12262107 0.49956208 0.65789074 0.27532923
0.31986436 0.44921297 -0.30855376 0.30706748 0.46913499 0.34741059 0.45288911 0.54890311 -0.29017061 0.43218911 0.54581791 0.38471439 0.45889074 0.63801396 -0.09413014 0.43859801 0.62640703 0.25210282 0.64325917 0.45603818 -0.19314466 0.62162447 0.46471944 0.19341566 0.42734605 0.56209964 -0.19866563 0.41037035 0.57032365 0.28832477 0.52944851 0.66176581 0.11508106 0.49388626 0.65792662 0.28616437
0.32131395 0.45287746 -0.32512534 0.30566993 0.46901664 0.33150613 0.45189565 0.54860175 -0.31018269 0.43147144 0.54551965 0.37033516 0.45699447 0.63678896 -0.12371629 0.43828431 0.62570983 0.23841542 0.64040715 0.4561812 -0.19124496 0.62132776 0.46469545 0.19156194 0.42604801 0.56217474 -0.21040675 0.41004786 0.57237035 0.29367962 0.53915226 0.65377927 0.11763857 0.51056212 0.64881897 0.28734484
0.32075423 0.45092666 -0.34010088 0.30056736 0.46796364 0.32044116 0.45060825 0.54929745 -0.3205727 0.42839295 0.54726243 0.35956794 0.45656493 0.63731229 -0.11927491 0.43819073 0.62671083 0.22876407 0.63742143 0.45615932 -0.19089848 0.61590314 0.46453381 0.19123058 0.42644754 0.56739467 -0.21716672 0.40960392 0.57485926 0.29039627 0.53289741 0.6553967 0.11594256 0.50007671 0.64984131 0.28826657
0.32062513 0.45208558 -0.36524525 0.29493171 0.46472502 0.30266815 0.44836903 0.55121577 -0.33743823 0.42589465 0.54585421 0.33755448 0.45625076 0.64164537 -0.13428073 0.43815577 0.62749022 0.20321636 0.63446957 0.45637479 -0.19123882 0.61134887 0.46319839 0.1916015 0.42565772 0.5710994 -0.22321549 0.37106672 0.57220906 0.31165713 0.52175611 0.64507741 0.13434002 0.49748632 0.64006865 0.30376714
