0.52194369 0.33003479 -0.721856 0.35258546 0.36962721 -0.13061458 0.58284813 0.50092632 -0.74303406 0.39545619 0.51105833 -0.00431998 0.6125952 0.64738482 -0.69678086 0.38993996 0.63958931 -0.10637812 0.79233086 0.47353926 -0.1900102 0.66345441 0.49322882 0.18989798 0.58549792 0.56166208 -0.64897853 0.40724072 0.59013969 -0.11903328 0.66949284 0.76554006 -0.5384503 0.56319112 0.7607196 -0.12068912
0.52725571 0.33868626 -0.6975286 0.35477066 0.38814607 -0.04019207 0.59205312 0.49556258 -0.72259271 0.38705 0.52225178 0.10262798 0.63404506 0.64947563 -0.67763585 0.388713 0.64256597 -0.01298611 0.79522002 0.48658288 -0.1964193 0.66802323 0.50569171 0.19654036 0.57732481 0.56767082 -0.71099597 0.39895973 0.59189695 -0.04742192 0.66897386 0.76873791 -0.62501234 0.55169791 0.7587778 -0.03685472
0.52944231 0.34566367 -0.72412723 0.35551915 0.39655426 -0.11036934 0.59718186 0.50566554 -0.74941307 0.38346455 0.53091973 0.05715906 0.64710212 0.66927117 -0.70657992 0.38359615 0.65010548 -0.03649529 0.79467553 0.49078557 -0.19445428 0.66762102 0.51395291 0.19475538 0.57676142 0.56645405 -0.69126838 0.39659631 0.59481108 -0.06416572 0.67027664 0.77231926 -0.66431093 0.55260205 0.757824 -0.09528942
0.52914262 0.34527585 -0.70860863 0.35581502 0.39893377 -0.10533254 0.59866875 0.50635046 -0.72924984 0.38150215 0.53465235 0.05148748 0.64521104 0.66124171 -0.69520545 0.3826412 0.65563959 -0.05154561 0.79427791 0.49103859 -0.19309355 0.66695172 0.51292717 0.19329754 0.55722767 0.56801009 -0.59539729 0.39842957 0.60040325 -0.03705654 0.68803149 0.77032268 -0.5271188 0.58333057 0.75879073 -0.04033409
0.52581441 0.34153548 -0.59106004 0.35576677 0.4000808 0.01926822 0.60037869 0.50455934 -0.62614655 0.38152921 0.53998554 0.12500992 0.62633216 0.6517517 -0.55979073 0.3835229 0.65491474 0.01093846 0.79401231 0.49316409 -0.19260854 0.66701102 0.51523972 0.19285603 0.56009269 0.56247813 -0.66179091 0.39840984 0.59841067 -0.04098039 0.6952399 0.76985586 -0.753326 0.57747388 0.75768644 -0.17194144
0.52563894 0.34037322 -0.60949469 0.35599715 0.39674288 -0.01559543 0.60117245 0.49917173 -0.63308638 0.3856121 0.53486389 0.10275723 0.62764722 0.63642305 -0.56068772 0.38294023 0.65164554 -0.00194321 0.79375809 0.4901498 -0.19247122 0.66725296 0.51039904 0.19270243 0.56235313 0.5622915 -0.62573344 0.398855 0.59902549 -0.04267787 0.68670046 0.7689051 -0.71358103 0.57684988 0.75707394 -0.13770276
0.52560753 0.34389022 -0.68804306 0.35615149 0.3950716 -0.08316077 0.60208559 0.5054338 -0.69746822 0.38551918 0.52984113 0.0513066 0.60615337 0.6480208 -0.63288933 0.3830373 0.64919406 -0.01402689 0.79378188 0.49004036 -0.19158337 0.66697311 0.50835079 0.19184433 0.56374985 0.56360161 -0.62600201 0.39977124 0.59765029 -0.02271167 0.67554593 0.77102959 -0.6524244 0.57522249 0.7526862 -0.05229916
0.52422655 0.34550074 -0.7157861 0.35618711 0.39374572 -0.13431105 0.6016947 0.51435912 -0.7239778 0.38444194 0.52701563 0.00741015 0.60444283 0.65498471 -0.70538968 0.38290578 0.64757788 -0.03487138 0.79200667 0.48855373 -0.19010876 0.66577733 0.50670177 0.19024169 0.55593979 0.56932396 -0.54753327 0.40055576 0.5967871 -0.01125806 0.67750096 0.77028245 -0.44823346 0.57446671 0.74697316 0.01684801
0.5211876 0.34434977 -0.7328102 0.35543907 0.39412001 -0.11676131 0.60059434 0.51007229 -0.75164461 0.37867546 0.52574974 0.00781118 0.59737539 0.65499318 -0.72948748 0.37919217 0.65025491 -0.03570591 0.79054737 0.48735565 -0.19233418 0.66393781 0.50675917 0.19249229 0.55859792 0.56933314 -0.59097725 0.40173885 0.59782785 -0.01620422 0.69011062 0.76994473 -0.49747032 0.5741263 0.75013477 0.01947813
0.50670159 0.3444865 -0.71878505 0.35616603 0.39161044 -0.05970518 0.59977472 0.50921279 -0.73734444 0.37827843 0.51944339 0.06568854 0.57343441 0.65686375 -0.70956647 0.37515622 0.6495446 0.00126356 0.78837228 0.48655856 -0.19407485 0.66282672 0.50654894 0.19432701 0.56267172 0.57396352 -0.59724861 0.40070051 0.59735596 -0.00577621 0.67593515 0.7720626 -0.49871302 0.57406479 0.75711346 0.03707257
0.50603735 0.34268224 -0.66505957 0.35924104 0.39133117 -0.02339569 0.59992093 0.50722331 -0.69456971 0.37823057 0.51752639 0.09023572 0.5787586 0.65449804 -0.68164629 0.37440184 0.64918524 0.01907768 0.78849578 0.48650944 -0.19364227 0.66650641 0.50592929 0.19388349 0.5636763 0.5734486 -0.59953403 0.40154591 0.59694064 0.02424821 0.67014474 0.77148527 -0.50054359 0.56879824 0.75709933 0.0472822 
0.50688213 0.33793944 -0.65791291 0.36067086 0.39011949 -0.02523493 0.60013252 0.50705445 -0.68245339 0.38678798 0.50936347 0.09801868 0.6071347 0.66921818 -0.68053317 0.37290099 0.6432029 0.02499155 0.78894991 0.48598 -0.19122516 0.66891205 0.50382459 0.191522 0.5704267 0.57043815 -0.57330197 0.40659735 0.59544748 0.02239091 0.66477591 0.77128369 -0.47654063 0.5697996 0.75683367 0.04820384
0.50736248 0.33758581 -0.6851508 0.36285543 0.38702589 -0.0484408 0.60032678 0.50673324 -0.70047385 0.38716704 0.50585359 0.08713269 0.61963689 0.67340678 -0.70904326 0.37247062 0.64061463 0.01083954 0.78900945 0.48552665 -0.19024135 0.66875911 0.5015927 0.19055805 0.58010304 0.57084823 -0.56355441 0.41031641 0.59532279 0.0155605 0.66334403 0.77122629 -0.42659229 0.57033724 0.75831318 0.06066582
0.50651282 0.33690983 -0.70044941 0.36288565 0.38568005 -0.06479595 0.60039103 0.50656152 -0.71778882 0.38725725 0.50617301 0.06910292 0.62724006 0.67373961 -0.73003989 0.37289023 0.64136803 0.00576753 0.7892437 0.48452803 -0.18971616 0.66859806 0.50083631 0.19002672 0.59152454 0.57046896 -0.57114977 0.41043746 0.59395683 0.01252758 0.66135895 0.77113193 -0.46261895 0.56972486 0.75898212 0.06773826
0.50690842 0.33481064 -0.69339567 0.36312857 0.38426235 -0.07142103 0.60045105 0.50478661 -0.71633834 0.3876614 0.5056265 0.05738901 0.59726381 0.66568094 -0.72137082 0.37291029 0.64148057 -0.00284364 0.78954154 0.48302302 -0.18889333 0.66850907 0.50000316 0.18914704 0.60124093 0.56905258 -0.57730883 0.41319051 0.59261686 0.0118286 0.66127175 0.76946026 -0.47668976 0.56998736 0.75899702 0.0513038 
0.50709748 0.33346927 -0.67133188 0.36396167 0.38427263 -0.05238152 0.6018886 0.49835101 -0.70370764 0.39064446 0.50578302 0.07742746 0.58569318 0.65327621 -0.72036332 0.37356371 0.64100868 0.00345 0.79003417 0.48092189 -0.18882722 0.67036295 0.49954191 0.18907662 0.6076616 0.56381953 -0.58310753 0.41723695 0.59155864 -0.00136734 0.70011973 0.76448333 -0.50775307 0.5756526 0.75892848 0.03338015
0.50816953 0.33331183 -0.66020173 0.36449441 0.38420111 -0.04345879 0.60424149 0.49386421 -0.68241096 0.39042905 0.50591463 0.08593608 0.61295772 0.65108615 -0.6935001 0.37348229 0.63960373 0.01016495 0.7903499 0.47971794 -0.18851939 0.67033154 0.49827588 0.18878306 0.60684294 0.55567998 -0.61066473 0.41713545 0.58954084 0.01158882 0.68698364 0.76488841 -0.57998353 0.57537895 0.75840992 0.04427048
0.50823653 0.33317506 -0.6625036 0.36771929 0.383104 -0.04118173 0.60576791 0.49384293 -0.68461657 0.39224815 0.50516117 0.08723621 0.62533867 0.6584385 -0.69332647 0.37351823 0.63833439 0.01219347 0.79035413 0.47874868 -0.18837786 0.67036223 0.4972927 0.18867734 0.60962826 0.5558818 -0.64269817 0.41759562 0.58818811 0.03462751 0.68605781 0.76645172 -0.62341255 0.57724625 0.75702184 0.07579695
0.51464236 0.33319485 -0.71611321 0.36758462 0.38313186 -0.09877612 0.60655844 0.49386346 -0.7342971 0.39229494 0.50528431 0.04373925 0.63113075 0.66436541 -0.74504197 0.37348008 0.63835442 -0.02722737 0.79031312 0.47774953 -0.18666303 0.66809314 0.49721146 0.18693919 0.61250144 0.55594403 -0.65674478 0.41873065 0.59083045 0.01008765 0.68230933 0.76796633 -0.61832893 0.57713032 0.75706184 0.06366327
0.5152325 0.33222687 -0.71220767 0.36747932 0.38218218 -0.09842802 0.60764986 0.4933556 -0.73471051 0.39105353 0.50495559 0.03919022 0.63474452 0.66370189 -0.7455973 0.37314212 0.63836753 -0.03501743 0.78931415 0.47753891 -0.18633449 0.6663276 0.49663079 0.18656157 0.61125368 0.55628955 -0.64673054 0.4186601 0.59090632 -0.01302018 0.68064642 0.76792514 -0.54535466 0.5765577 0.75717193 0.06242289
0.51557612 0.33140963 -0.70766926 0.36739787 0.38052943 -0.10858397 0.60798711 0.49244517 -0.72961962 0.38866645 0.50487745 0.00295369 0.59370005 0.65143436 -0.73549044 0.3730405 0.63961685 -0.07628903 0.78848183 0.47733465 -0.18574676 0.66398883 0.49525976 0.18589281 0.61251354 0.55623877 -0.66943896 0.41537127 0.59026402 -0.02031505 0.67488313 0.76780987 -0.5433498 0.5688718 0.75510967 0.07510115
0.51608074 0.33021292 -0.704889 0.36756688 0.38030097 -0.1053032 0.6096648 0.4902781 -0.72803342 0.38952598 0.50392085 0.01678285 0.58194923 0.64550549 -0.73046607 0.37288633 0.63746816 -0.06138936 0.78844279 0.47538689 -0.18545945 0.66400713 0.49417338 0.18562779 0.6143176 0.55485755 -0.67345333 0.41554615 0.59000969 -0.03803525 0.67429775 0.76696408 -0.59890437 0.56896418 0.75517398 0.02597776
0.5162465 0.32944217 -0.70736563 0.36727512 0.38075125 -0.11020749 0.61067498 0.48957404 -0.73146307 0.39234573 0.50397468 0.01321969 0.58655781 0.64083266 -0.74451041 0.37636104 0.63880742 -0.05721118 0.7881192 0.47393045 -0.18532079 0.66375804 0.49403912 0.18550454 0.61459726 0.55447268 -0.69157892 0.41691801 0.59008056 -0.03579067 0.67252719 0.76744092 -0.66707283 0.56921428 0.75627989 0.01587409
0.51689011 0.32937196 -0.70829093 0.36723077 0.38095883 -0.10638129 0.61236531 0.48922238 -0.7330637 0.3940877 0.50405878 0.00926736 0.57869196 0.64254683 -0.73961997 0.37729418 0.63892245 -0.06799632 0.78798419 0.47323588 -0.18530165 0.66334116 0.49370104 0.18548681 0.61079246 0.55116087 -0.70163429 0.41621372 0.59017479 -0.03604948 0.67006916 0.767268 -0.64379078 0.56308186 0.75567824 0.01678189
0.51716864 0.32913053 -0.72738701 0.36715561 0.38099116 -0.13617957 0.61409193 0.48938373 -0.75482631 0.39460823 0.50487667 -0.01725801 0.6132021 0.65652651 -0.77224666 0.37748957 0.64111841 -0.08253992 0.78802925 0.47326142 -0.18135205 0.66201055 0.49357218 0.1814865 0.6170522 0.54915708 -0.75386041 0.41589683 0.58826292 -0.03449177 0.6690138 0.76725084 -0.68753076 0.55407262 0.7523936 0.07393472
0.51760364 0.32810369 -0.71762002 0.36715144 0.38184956 -0.12490772 0.61628425 0.48708528 -0.74636877 0.3934769 0.50677323 -0.00593174 0.62921387 0.6564821 -0.76593667 0.37755814 0.64289868 -0.07850034 0.78828883 0.47331733 -0.18009534 0.66273707 0.49410814 0.18024847 0.61669624 0.54610568 -0.70014036 0.41629887 0.58830225 -0.00594991 0.66342235 0.76707858 -0.66047001 0.55435669 0.75241655 0.06998949
0.51928186 0.32792059 -0.73528183 0.36712471 0.38288182 -0.14083798 0.61647248 0.48729339 -0.75737047 0.39145619 0.508654 -0.0193107 0.63159555 0.65804875 -0.77124572 0.37778482 0.64435768 -0.08343729 0.78896135 0.47336742 -0.1800207 0.6627211 0.49523261 0.18017794 0.61673427 0.54689056 -0.72399694 0.4163917 0.58868188 -0.00622647 0.66348177 0.76569635 -0.67800242 0.55846232 0.75415802 0.08491811
0.5222289 0.32694638 -0.72944701 0.36659852 0.38336554 -0.15783775 0.61725479 0.48740733 -0.75309336 0.38896465 0.50997275 -0.05361066 0.61643988 0.65230119 -0.76528239 0.37904441 0.64554346 -0.12126882 0.78917569 0.4734112 -0.17752777 0.66275203 0.49610093 0.17758536 0.6168465 0.54684746 -0.7313664 0.41752997 0.58871228 -0.05103701 0.66355145 0.76489806 -0.69441539 0.55847579 0.75523651 0.0068579 
0.52235073 0.32455721 -0.72776276 0.36666554 0.38334236 -0.15518995 0.61944091 0.48372763 -0.75261956 0.38908669 0.5105015 -0.04456807 0.61601436 0.64026982 -0.76358497 0.38292751 0.64673746 -0.10834116 0.79157764 0.46773157 -0.17710622 0.66617137 0.49099076 0.17719398 0.62065768 0.54711396 -0.72092897 0.43207422 0.58539158 -0.06141901 0.66364437 0.7648266 -0.68192017 0.55865979 0.75549507 -0.01652671
0.52407694 0.32473442 -0.72162592 0.36915645 0.38332999 -0.14765961 0.62171143 0.48510885 -0.7453078 0.38858616 0.51047117 -0.03385404 0.60692996 0.64176947 -0.74731958 0.38458955 0.64557368 -0.10727553 0.79260218 0.46769875 -0.17713179 0.67288023 0.48907226 0.17722699 0.61436021 0.54727352 -0.64648497 0.43341678 0.58557826 -0.05349507 0.66369832 0.76850331 -0.6138891 0.56746823 0.75501937 -0.00783469
0.52527708 0.32485491 -0.72544152 0.37254712 0.38332608 -0.14382155 0.62317109 0.48555285 -0.74518567 0.38886476 0.50961429 -0.02266729 0.59710032 0.64258164 -0.74659389 0.38575467 0.64007646 -0.10267368 0.79259008 0.46806109 -0.17822437 0.67249912 0.489375 0.17828345 0.60817575 0.54769063 -0.65549546 0.43731081 0.58685029 -0.04937533 0.66375679 0.76909989 -0.5951696 0.57917929 0.75500488 0.02562259
0.5252158 0.3217977 -0.77567422 0.37236619 0.38190284 -0.17128837 0.62590575 0.48256171 -0.80431813 0.39362824 0.5078494 -0.02419664 0.59319234 0.63602066 -0.82687992 0.38735378 0.63799161 -0.10517847 0.79194266 0.46790665 -0.18000336 0.67200035 0.4893457 0.18000768 0.6081056 0.54790586 -0.70058006 0.44258431 0.59013009 -0.04881799 0.66368711 0.76927114 -0.64133769 0.57924092 0.75652951 0.04378365
0.52784586 0.32210967 -0.7641257 0.37398577 0.38126892 -0.16268842 0.62893254 0.48267141 -0.78691614 0.39661598 0.50713807 -0.01199854 0.58851939 0.63048035 -0.82002342 0.38781941 0.63666439 -0.09851871 0.79235739 0.47072232 -0.18494819 0.67313743 0.48961583 0.18490213 0.59762377 0.54899704 -0.6690951 0.44617546 0.59468156 0.01779272 0.66511351 0.7688787 -0.5876072 0.58073241 0.75666237 0.13878934
0.52771497 0.32123488 -0.7008577 0.37539724 0.38034299 -0.08809192 0.62993318 0.48183313 -0.71725094 0.39681926 0.50700253 0.05143443 0.58906859 0.62333363 -0.71872622 0.38798115 0.63459587 -0.03254394 0.79281968 0.47216356 -0.18634386 0.673917 0.49007499 0.18635127 0.58960342 0.54908335 -0.64279705 0.45531532 0.59698701 0.00903169 0.66923761 0.76899344 -0.5968914 0.59085745 0.75927341 0.12255252
0.53142411 0.32077685 -0.6963011 0.37590384 0.38005725 -0.09557785 0.63129252 0.48070291 -0.70701766 0.39668211 0.50718683 0.04353937 0.62002426 0.62640983 -0.7156629 0.38851911 0.63319683 -0.03676266 0.79372281 0.47232899 -0.18624704 0.67401946 0.49019173 0.1862597 0.58658093 0.54914832 -0.64670932 0.45864668 0.59846044 0.0140551 0.67354673 0.7670939 -0.59862483 0.58494294 0.76348442 0.09945045
0.53561592 0.32098597 -0.73116249 0.37705863 0.37819168 -0.1385175 0.63215488 0.48150057 -0.7333194 0.39721355 0.50646406 -0.00178783 0.6384781 0.63041133 -0.74566603 0.38997155 0.63157809 -0.06975327 0.79719365 0.46756366 -0.18610644 0.67824233 0.48487526 0.18612276 0.58831674 0.54940408 -0.64845264 0.46312633 0.5951575 0.03426645 0.67463619 0.76702869 -0.61694252 0.57878298 0.76308554 0.12548411
0.53700912 0.31852949 -0.71652001 0.37774685 0.37684688 -0.12741114 0.63229853 0.47958243 -0.72902942 0.39720663 0.50581789 0.01163964 0.63498634 0.63001889 -0.73489654 0.38989872 0.62875831 -0.0629693 0.79794621 0.46754646 -0.18394105 0.67790335 0.48518452 0.18400271 0.59440982 0.54750276 -0.65356296 0.46918538 0.59524322 0.00572573 0.68318123 0.758201 -0.64213622 0.57574582 0.76548177 0.03839715
0.54203844 0.3184621 -0.69575405 0.38129991 0.37388647 -0.10610114 0.63386321 0.47840688 -0.71343946 0.39715722 0.50324953 0.02487957 0.63484091 0.62992501 -0.72408128 0.38984686 0.62380755 -0.0516505 0.79892516 0.46470529 -0.1838351 0.67793721 0.48226309 0.18391386 0.59906471 0.54760951 -0.62823647 0.46820539 0.59521323 0.04047366 0.68224388 0.75783139 -0.60619074 0.57327724 0.7650587 0.10006547
0.54465252 0.3179141 -0.7303372 0.38203633 0.3686986 -0.11044192 0.63712263 0.4786005 -0.74291319 0.40233439 0.49714777 0.03215778 0.64145392 0.63483006 -0.76233703 0.38984549 0.61699086 -0.04060567 0.80258888 0.46496999 -0.18407367 0.68053079 0.48143071 0.18414393 0.61007309 0.55787301 -0.63264316 0.47063279 0.59339529 0.08860852 0.681521 0.7691133 -0.61148858 0.57353628 0.76486927 0.19487523
0.54610044 0.3137241 -0.7503981 0.38335228 0.36381993 -0.11081333 0.63724607 0.47372049 -0.76302928 0.40488377 0.49218062 0.03712022 0.64144158 0.63093019 -0.77636886 0.39123714 0.61513042 -0.04283758 0.80540854 0.46386355 -0.18849218 0.68065715 0.47811642 0.18856114 0.61095446 0.5564425 -0.63775474 0.47121292 0.59211528 0.10714167 0.67700815 0.76827776 -0.60922557 0.57315665 0.7648375 0.2265386 
0.54787719 0.31054878 -0.76357996 0.38318843 0.3638615 -0.11574737 0.63853705 0.46921694 -0.7799263 0.40601218 0.49173623 0.03477259 0.6471141 0.62724268 -0.8045156 0.3919436 0.61561495 -0.04446557 0.80657548 0.46075583 -0.18900019 0.68123144 0.47697321 0.18915269 0.61768734 0.55600458 -0.68058437 0.47569805 0.58967912 0.08655751 0.67873305 0.77045268 -0.72604787 0.57433349 0.76769054 0.18148477
0.5503186 0.3088668 -0.74980438 0.38338101 0.36391094 -0.1121738 0.63829333 0.46490315 -0.76226252 0.40605634 0.49197945 0.03897189 0.64454865 0.61756772 -0.79228234 0.39196169 0.61474293 -0.03492556 0.80629414 0.45962974 -0.18822455 0.68081933 0.47765025 0.18842539 0.6171571 0.55549473 -0.6921134 0.4758476 0.58967173 0.12101158 0.67919546 0.77068543 -0.76977158 0.57149464 0.77110606 0.19984387
0.55081755 0.29913649 -0.72852921 0.38336882 0.36049667 -0.11253548 0.63836163 0.44996005 -0.75031114 0.40948948 0.48651135 0.0421156 0.64981121 0.59365481 -0.7861706 0.39522946 0.61169082 -0.03722264 0.80608302 0.4499957 -0.18698318 0.68067628 0.47509196 0.18720165 0.63171154 0.55545372 -0.65868753 0.48331469 0.58439672 0.00273045 0.67869085 0.76945299 -0.74039143 0.57221705 0.77308077 0.02626812
0.55436826 0.29691556 -0.7307837 0.38407481 0.35217485 -0.15636972 0.6391533 0.45248872 -0.75200045 0.41111165 0.48103696 -0.00142535 0.65278965 0.60275686 -0.78705615 0.3983542 0.61044693 -0.07307523 0.80605948 0.44157603 -0.18245824 0.68057507 0.46524304 0.18263012 0.62897855 0.55206597 -0.63763869 0.48615164 0.58273387 -0.03217017 0.67635947 0.76932806 -0.72980487 0.57079244 0.77444774 -0.02602719
0.55367881 0.29513118 -0.7570672 0.38670671 0.34718564 -0.15117455 0.6390717 0.45006895 -0.77868551 0.41126913 0.48022631 -0.00112559 0.65535182 0.59253216 -0.81427932 0.40332955 0.61149561 -0.06997439 0.80594587 0.43891984 -0.18276279 0.67864132 0.45999652 0.18292736 0.64940941 0.55197889 -0.6485886 0.48713475 0.57703042 -0.0726047 0.67649603 0.76758122 -0.66462433 0.57064092 0.77268273 -0.01303504
0.55320203 0.29549128 -0.80816311 0.38882235 0.34423262 -0.18651126 0.63899446 0.45308343 -0.8231442 0.41422588 0.47681972 -0.0196418 0.65893066 0.59741455 -0.85799587 0.41048703 0.60916775 -0.10834207 0.80581331 0.43907145 -0.18363892 0.67861348 0.45505115 0.1837403 0.64532053 0.55156219 -0.64881122 0.48924458 0.5784021 -0.05711138 0.67414165 0.76751405 -0.59580618 0.56939507 0.77243745 0.02368607
0.55317932 0.29241574 -0.80967605 0.38864341 0.34407321 -0.20277143 0.63995236 0.45066807 -0.83516246 0.41385186 0.47564936 -0.03800378 0.66274172 0.59701675 -0.87943035 0.41183197 0.60838997 -0.13477087 0.80377555 0.42992207 -0.18338956 0.67808127 0.44964421 0.18345024 0.65005332 0.55143082 -0.64935356 0.49114379 0.5772813 -0.12687513 0.67278934 0.76687086 -0.57272792 0.56935501 0.77171767 -0.06353588
0.55339181 0.29129419 -0.80224228 0.38926888 0.34184465 -0.19067693 0.64000905 0.45122999 -0.82293332 0.41380057 0.47623414 -0.03125447 0.66103017 0.59963304 -0.85756701 0.41446328 0.60592514 -0.12657391 0.80450469 0.42934725 -0.18447047 0.67849809 0.44681475 0.18447568 0.64774597 0.5488497 -0.63122964 0.49041313 0.57224905 -0.0869798 0.67119884 0.76497281 -0.52664399 0.56934571 0.76272082 -0.04093661
0.55324054 0.28635857 -0.81160015 0.38746524 0.33808723 -0.21102206 0.63873601 0.44547966 -0.82656872 0.41360372 0.47311184 -0.05748031 0.65950137 0.59497994 -0.87078947 0.41364709 0.60064983 -0.14988554 0.80024117 0.42776111 -0.18774885 0.67743373 0.44494703 0.18759172 0.63701642 0.55156934 -0.63003856 0.49049553 0.57333905 0.00376449 0.66825479 0.7681517 -0.52832681 0.5661934 0.76063669 0.08121688
0.55157435 0.28210256 -0.84402645 0.38761443 0.33267307 -0.23077177 0.63852203 0.44213203 -0.87003064 0.41337731 0.4699356 -0.0659774 0.6624245 0.59209412 -0.9368006 0.41294724 0.59792656 -0.15481696 0.79873532 0.42637703 -0.19026661 0.67508221 0.44103384 0.19002631 0.64637619 0.55554861 -0.63282722 0.49253869 0.57448119 0.02392254 0.66555858 0.76906556 -0.5550493 0.56605375 0.76091218 0.15149228
0.54764265 0.27880076 -0.82621348 0.38852304 0.32448331 -0.21437365 0.63850576 0.44061121 -0.84732193 0.41469067 0.46536765 -0.05270818 0.66153878 0.58864623 -0.89844722 0.41412568 0.5939188 -0.14031601 0.79615128 0.42738166 -0.19487457 0.67506582 0.43867809 0.19454958 0.62821954 0.55834407 -0.5373373 0.49230331 0.574413 0.06309932 0.65649009 0.7689904 -0.40667343 0.56604487 0.75909257 0.18946837
0.54694623 0.26876274 -0.82281715 0.38848099 0.31639087 -0.22240645 0.63733584 0.43169165 -0.8454082 0.41464156 0.45965523 -0.06411937 0.66349691 0.5724107 -0.90227842 0.4139162 0.58812773 -0.15694858 0.79554909 0.41945907 -0.19601229 0.67490238 0.43460083 0.19562629 0.62897903 0.56161135 -0.50327706 0.50380802 0.57484287 0.05398858 0.65572089 0.770172 -0.3799161 0.56618118 0.75914133 0.14881191
0.54771554 0.26093605 -0.82022583 0.38752607 0.30922231 -0.22260168 0.63835841 0.42552751 -0.83221489 0.41481075 0.4530406 -0.07791582 0.66283649 0.56946522 -0.89428014 0.41369936 0.58429432 -0.17821552 0.79555869 0.41410515 -0.19572039 0.6696558 0.42890531 0.19535413 0.64220834 0.56263214 -0.47933343 0.50522828 0.57519329 0.03972186 0.65649927 0.77112067 -0.35486698 0.56238121 0.75936759 0.13210471
0.54744691 0.25644553 -0.74001414 0.38707557 0.30098447 -0.21659631 0.63849401 0.41739112 -0.73229539 0.41389525 0.44878948 -0.08208016 0.66230601 0.55997777 -0.75396246 0.41365156 0.58002752 -0.17049327 0.79445297 0.40924203 -0.19104004 0.66629368 0.42483085 0.19056188 0.64149535 0.56865466 -0.35012966 0.50465667 0.57170969 0.04148813 0.65704596 0.77166557 -0.21674579 0.56253052 0.7585758 0.15943035
0.54647511 0.24808145 -0.69618714 0.38623321 0.29402417 -0.19342135 0.63848805 0.39508849 -0.69050521 0.40894076 0.43648255 -0.07492991 0.66793048 0.53548419 -0.7093699 0.41351324 0.57208699 -0.12598269 0.79206526 0.39991954 -0.18868245 0.66369247 0.41761926 0.18824796 0.64636987 0.57038713 -0.30905667 0.50498343 0.56688488 0.02578536 0.6571269 0.77226663 -0.15739265 0.56240386 0.75881839 0.15454561
0.54653251 0.24830021 -0.6991697 0.38622239 0.28836268 -0.21267159 0.63848054 0.40423915 -0.69494557 0.40813345 0.43090934 -0.10892022 0.66809434 0.54820746 -0.72738701 0.41336364 0.56740409 -0.1745066 0.78780389 0.39714226 -0.17965546 0.65940058 0.4121297 0.17913549 0.64558357 0.57599235 -0.3165226 0.50693882 0.56802696 0.04129566 0.66130924 0.77253312 -0.18443334 0.56183076 0.75900549 0.16659723
0.54632199 0.23643753 -0.62910938 0.38821408 0.28436536 -0.10488305 0.63816941 0.3909418 -0.63900852 0.40829891 0.42773968 -0.00727898 0.66752815 0.53344882 -0.66760993 0.41329643 0.5609647 -0.08168113 0.78754854 0.39799276 -0.1801566 0.65980566 0.41352278 0.1796813 0.64560765 0.5768792 -0.33337566 0.51164049 0.56811076 0.03665673 0.66560334 0.77261376 -0.20360439 0.56304443 0.76283377 0.15435916
0.54055345 0.22201525 -0.55674636 0.38822749 0.27951905 -0.00164843 0.63816142 0.3672978 -0.57648152 0.40803787 0.42497167 0.08925322 0.6672619 0.51333153 -0.60282946 0.41324574 0.5571788 -0.0123086 0.78365403 0.39562494 -0.18417256 0.65849531 0.41368571 0.18381093 0.65028328 0.57538658 -0.33389458 0.51467466 0.56917167 0.03436915 0.66650552 0.77419597 -0.21428944 0.56569487 0.76563966 0.14874302
0.54529613 0.22191289 -0.5247035 0.38848087 0.27620646 -0.01427984 0.63993526 0.38023531 -0.5249728 0.4081243 0.42213184 0.07724953 0.66822356 0.52757448 -0.55052912 0.41318941 0.55864847 -0.01107751 0.78409475 0.39770269 -0.18426172 0.6577583 0.41378802 0.18391754 0.64215744 0.56788385 -0.37250552 0.51453888 0.5675571 0.0232611 0.66697991 0.77414006 -0.28500673 0.56795537 0.76561505 0.05957979
0.54510444 0.22145274 -0.53367281 0.38876978 0.26671925 -0.00091386 0.63914824 0.38234657 -0.53894877 0.40850863 0.41098106 0.10007171 0.66798019 0.52747053 -0.57268161 0.41332215 0.55018818 0.00622528 0.78070623 0.39964491 -0.18433547 0.6535455 0.41456345 0.18400142 0.64165509 0.56458896 -0.37577018 0.51374751 0.56653118 0.0096299 0.66700256 0.77379358 -0.36330217 0.56794584 0.76559025 0.01116822
5.46783090e-01 2.13633582e-01 -5.79657614e-01 3.92882586e-01 2.63392389e-01 -1.65209882e-02 6.38833404e-01 3.72297853e-01 -5.90186059e-01 4.10831243e-01 4.05696750e-01 1.00609310e-01 6.70030534e-01 5.22898793e-01 -6.24359369e-01 4.14921761e-01 5.40438056e-01 -3.05857218e-04 7.76712060e-01 4.00147378e-01 -1.86856747e-01 6.52411401e-01 4.14457142e-01 1.86585575e-01 6.37379646e-01 5.63998580e-01 -4.19407040e-01 5.14196098e-01 5.66738129e-01 1.13241766e-02 6.67839646e-01 7.73813188e-01 -3.95521313e-01 5.70046604e-01 7.65937626e-01 3.04039679e-02
0.55104429 0.20212935 -0.66654581 0.39331412 0.2538265 -0.04419965 0.63923854 0.35851419 -0.68908775 0.41405487 0.39953241 0.08697326 0.6700449 0.51530832 -0.74592751 0.41470253 0.5356589 -0.01532719 0.77374977 0.3974995 -0.19759245 0.6474843 0.4118371 0.1972927 0.63736486 0.56451982 -0.50497431 0.51379114 0.57842261 0.01904781 0.66686946 0.77177906 -0.48185486 0.56747931 0.76566964 0.04848945
0.55130374 0.19492753 -0.67853183 0.39841506 0.24597906 -0.032236 0.64011925 0.35219428 -0.70598179 0.41699594 0.39323291 0.11781066 0.6727826 0.50304472 -0.76063079 0.4146648 0.52649379 -0.00527915 0.76029956 0.39807007 -0.20617324 0.63625741 0.41147798 0.20598172 0.62988263 0.56496596 -0.55612034 0.50857288 0.57123685 0.04771696 0.67061478 0.76843029 -0.55203503 0.56538624 0.76384467 0.11668738
0.55122817 0.18947098 -0.72610706 0.39961258 0.23670043 -0.04473427 0.64305073 0.35467753 -0.74305457 0.41696033 0.38572714 0.10357776 0.67584133 0.50468606 -0.7781437 0.41344726 0.51718068 -0.01617975 0.74852169 0.39865807 -0.20878646 0.61687291 0.40910301 0.2085973 0.62404478 0.56756836 -0.54192203 0.50122195 0.58567494 0.04413113 0.67172742 0.76896441 -0.49568465 0.56435293 0.76187503 0.14350499
0.55185211 0.18124267 -0.74455678 0.40327153 0.22860402 -0.04983585 0.64647835 0.35030967 -0.75614232 0.4176043 0.38098276 0.10087674 0.67792755 0.50148499 -0.78413963 0.41305724 0.50883186 -0.02138301 0.74946201 0.39885387 -0.20858718 0.62215292 0.40897471 0.20833871 0.62434042 0.5684244 -0.5189876 0.50135213 0.57457739 0.04850237 0.67356151 0.77624005 -0.46858832 0.56488502 0.76160598 0.14698742
0.55667788 0.17542663 -0.7236737 0.40400118 0.22359186 -0.05070293 0.64673048 0.34261036 -0.73474991 0.41804233 0.37652805 0.10819767 0.67790973 0.49327841 -0.77699733 0.41342115 0.50886261 -0.01481964 0.74322647 0.39830959 -0.20679161 0.6179117 0.4082427 0.20651871 0.63208109 0.56915605 -0.51021403 0.50213671 0.57229674 0.04204553 0.67651772 0.77805811 -0.47012538 0.56755596 0.76325065 0.09723121
0.56357402 0.17258883 -0.71526939 0.4145824 0.21773157 -0.04386782 0.64865625 0.34166798 -0.71296626 0.41958743 0.37226868 0.12257273 0.67764837 0.4871636 -0.71309161 0.41245145 0.50224328 0.00328285 0.74341798 0.39746413 -0.20511383 0.61917961 0.40789416 0.20477663 0.63304508 0.5694164 -0.49897128 0.50679934 0.56762397 -0.0225984 0.67631227 0.77953458 -0.46347538 0.56700557 0.76572263 0.00922597
0.57034087 0.15984225 -0.68140811 0.41758296 0.21341456 -0.01993908 0.64992577 0.32343856 -0.67504287 0.42049545 0.3622199 0.14281841 0.67728448 0.47150764 -0.66726524 0.41218269 0.4917323 0.03861477 0.72441304 0.39544499 -0.19745769 0.61065674 0.40712407 0.19723058 0.63101816 0.56947267 -0.45026484 0.51320797 0.56770515 -0.00098942 0.67353588 0.77928841 -0.41383612 0.56793606 0.76625514 0.03351379
0.57507753 0.15496428 -0.68227112 0.42291269 0.20913869 -0.02862394 0.64995873 0.31383616 -0.6755634 0.42263481 0.35605353 0.12960885 0.67267555 0.45998874 -0.66431171 0.41063681 0.48540321 0.02407181 0.7178669 0.3926172 -0.19382674 0.60026562 0.40556151 0.19364698 0.63755524 0.56971186 -0.45393172 0.51359421 0.57016784 0.10905158 0.67373037 0.7766943 -0.4318043 0.56765473 0.76290023 0.16427733
0.58692658 0.14869052 -0.7160114 0.4256714 0.20528428 -0.02638353 0.65241838 0.31148285 -0.71627086 0.42964485 0.35320047 0.15227304 0.67074895 0.45812881 -0.69468218 0.41032493 0.48375672 0.06010462 0.71116233 0.39316785 -0.2029188 0.59047759 0.40600318 0.2028607 0.63908446 0.57857257 -0.29922205 0.51471961 0.57891017 0.19526565 0.66751832 0.77691585 -0.12969787 0.56767094 0.76286906 0.358264 
0.59300989 0.14086773 -0.67502707 0.42817336 0.19335116 0.01144143 0.65389997 0.30323663 -0.69186425 0.43401158 0.33777025 0.16710357 0.67074579 0.44462043 -0.65602797 0.41365519 0.46387944 0.04145917 0.69498169 0.39354011 -0.20261368 0.57474977 0.4061259 0.2025439 0.64014345 0.57828146 -0.358547 0.51456076 0.5813027 0.13386445 0.66428071 0.7754553 -0.24413861 0.57307464 0.765324 0.34967557
0.59621924 0.13385919 -0.66496503 0.43153566 0.18745598 0.05531004 0.66009337 0.29319116 -0.68121171 0.44173479 0.32735923 0.22498867 0.67441058 0.43178463 -0.6463213 0.41643128 0.45654985 0.10036673 0.68190277 0.39353913 -0.20637952 0.56137353 0.40604916 0.20636164 0.64061356 0.57875073 -0.34896955 0.51598901 0.58122432 0.15264983 0.66628277 0.77542061 -0.21812259 0.5679788 0.76262361 0.30416974
0.6040377 0.12896344 -0.72605479 0.43737438 0.18152247 0.03220728 0.660483 0.29030439 -0.7063396 0.44748893 0.32056087 0.21357301 0.67435408 0.42558527 -0.64434457 0.41761738 0.4494175 0.10480418 0.66659498 0.39340627 -0.21278788 0.5472818 0.40552372 0.21266225 0.63887709 0.58327645 -0.27906829 0.51693505 0.5873462 0.25007507 0.66638374 0.77736419 -0.07491017 0.5684098 0.76264966 0.4500322 
0.60613006 0.12316217 -0.7234211 0.44057336 0.16655768 0.02775933 0.66370022 0.27488807 -0.6779694 0.45276967 0.31022343 0.2170317 0.67720956 0.4110935 -0.59667927 0.42056122 0.43523648 0.11789724 0.64966673 0.39083692 -0.20985343 0.53784925 0.40095341 0.20974231 0.6385476 0.58495885 -0.23644687 0.51803315 0.58660531 0.21457368 0.66685516 0.77775538 -0.06133015 0.57014656 0.76319534 0.3693319 
0.61559457 0.12036373 -0.53596622 0.43875211 0.16157277 0.06532262 0.67056257 0.27020273 -0.49120584 0.45042318 0.30604702 0.25241208 0.67760891 0.40864897 -0.43825278 0.42045978 0.43285617 0.14780848 0.64851338 0.38824829 -0.18692139 0.52340281 0.39568612 0.18665247 0.63767952 0.58500689 -0.18962082 0.51859212 0.58524156 0.17891131 0.66878337 0.78023112 -0.03451474 0.56699383 0.76317853 0.32690433
0.61510473 0.11441667 -0.59442049 0.44888517 0.15484852 0.09552204 0.66930395 0.26808593 -0.55861235 0.45299837 0.3057459 0.28432697 0.67529148 0.40532252 -0.46566281 0.42011887 0.43119481 0.17577744 0.63795578 0.38770902 -0.19635868 0.51878893 0.39570484 0.19602217 0.63445073 0.58743441 -0.18068752 0.51993239 0.5866518 0.22652164 0.66815007 0.78240484 0.01324793 0.56700933 0.76744425 0.40757459
0.62596881 0.11144225 -0.61253524 0.45581496 0.14725947 0.09735123 0.6734252 0.2647661 -0.56656647 0.45936254 0.2966716 0.28151476 0.67883497 0.40135518 -0.4481543 0.41980246 0.4230665 0.16607983 0.64050388 0.38682729 -0.20140202 0.52116138 0.39271611 0.20104299 0.62936354 0.58876872 -0.15833512 0.52179837 0.58659744 0.22678284 0.66646451 0.78296316 0.05794289 0.56496149 0.76748246 0.42825603
0.63552326 0.11137713 -0.60921025 0.4599041 0.14732604 0.07606367 0.68097687 0.26143178 -0.56886381 0.45947397 0.29879314 0.25774956 0.679748 0.39765406 -0.48613802 0.41916648 0.42286351 0.15119658 0.64475358 0.38645318 -0.20056616 0.52116019 0.39236337 0.20019557 0.62305766 0.58799684 -0.12689152 0.52174628 0.58609551 0.21279204 0.66207844 0.78072387 0.13063513 0.5649873 0.76573145 0.45643097
0.63776666 0.11046496 -0.61520982 0.47202969 0.14501159 0.09802685 0.68719417 0.25996318 -0.57404387 0.4648239 0.29589668 0.30249631 0.68016893 0.39652067 -0.51377743 0.41888335 0.41904953 0.16947481 0.64326388 0.38664213 -0.20845895 0.52215129 0.39315215 0.20814528 0.62109172 0.58845764 -0.14462559 0.52107233 0.58594221 0.23472533 0.66066891 0.78073919 0.10940377 0.5635094 0.7649368 0.48533732
0.63804597 0.10731352 -0.61748707 0.47796693 0.14364141 0.08427782 0.69420618 0.25412893 -0.58703643 0.46504271 0.29501912 0.27956811 0.68167448 0.39198866 -0.52166247 0.41689304 0.41517314 0.15422367 0.64594656 0.38530067 -0.20818226 0.52454042 0.39166528 0.20784682 0.62100905 0.58809584 -0.14248636 0.52085388 0.58570516 0.22320245 0.66063964 0.78169495 0.09250899 0.56352639 0.76651573 0.44570717
0.6485945 0.10207519 -0.61073935 0.47776115 0.13706712 0.14798583 0.69775081 0.25216898 -0.59334719 0.46553478 0.29166186 0.34139869 0.68179452 0.3878158 -0.54331702 0.41413596 0.40880069 0.19521053 0.64859438 0.38532171 -0.21002865 0.52220279 0.39174664 0.20967278 0.62473887 0.58965749 -0.12847783 0.52016777 0.58732772 0.22744398 0.66076803 0.78155345 0.15047966 0.56224304 0.76650405 0.503389 
0.65061098 0.09956585 -0.59026289 0.48158661 0.13088983 0.18901116 0.69743687 0.2503778 -0.58952963 0.46534711 0.28900579 0.3794724 0.68187875 0.38348633 -0.54445028 0.41247502 0.40693435 0.23547459 0.65031779 0.38287571 -0.21391973 0.52324766 0.38914052 0.21353675 0.62543106 0.58905357 -0.14964461 0.52034974 0.58719671 0.21965359 0.66082358 0.7816022 0.09400737 0.5565387 0.76695424 0.46202892
0.65224653 0.09724963 -0.55185419 0.49315542 0.13029183 0.24967428 0.6989634 0.24607851 -0.57890993 0.47115231 0.2867035 0.43211359 0.68184352 0.37799299 -0.55017036 0.41140586 0.39872059 0.2850191 0.65083539 0.37979546 -0.21482988 0.52476305 0.38625023 0.214459 0.6265012 0.58650762 -0.1583799 0.52274394 0.58477414 0.21858437 0.66087711 0.78111094 0.06757666 0.55633843 0.7669313 0.45349205
0.65240711 0.09709546 -0.57171136 0.50096703 0.13208479 0.26540658 0.70110321 0.24556954 -0.592161 0.47681963 0.28644159 0.45511201 0.68047559 0.37538511 -0.56966305 0.41126266 0.39916438 0.30101672 0.65178537 0.37979248 -0.22910146 0.5259617 0.38676041 0.22869679 0.62682205 0.58631647 -0.16618906 0.5258522 0.58458465 0.22000001 0.6608941 0.78143221 0.05495386 0.55646914 0.76722115 0.44906104
0.65859818 0.09543701 -0.56843537 0.50091136 0.12987612 0.25309628 0.70631003 0.24287054 -0.58960372 0.47557035 0.28463221 0.4391295 0.6801495 0.37278289 -0.54992074 0.40990502 0.39453313 0.28867948 0.65247369 0.37974349 -0.23111154 0.5267849 0.38702855 0.23074849 0.63115436 0.58614343 -0.17400448 0.52851766 0.58261859 0.2085242 0.6612215 0.78149951 0.03836347 0.55679709 0.76720607 0.44155467
0.66576636 0.09568705 -0.50840628 0.49978235 0.12898622 0.27240223 0.71018261 0.240711 -0.51748157 0.47527546 0.28077939 0.45430064 0.68169391 0.36973521 -0.45105389 0.41006389 0.39518774 0.31201309 0.65290552 0.37659606 -0.22585754 0.52633166 0.38410351 0.22558558 0.63705581 0.58448625 -0.17512381 0.52824169 0.58182806 0.18460856 0.6623922 0.78082347 0.03134156 0.55669957 0.76529425 0.3916322 
0.67123067 0.0936401 -0.48585877 0.51098347 0.12639946 0.30332968 0.71371061 0.24033383 -0.50461894 0.48595574 0.27919903 0.46843293 0.68239844 0.37006339 -0.44677258 0.41236418 0.39726323 0.31880614 0.65278196 0.37466609 -0.21760206 0.52479315 0.38159493 0.21742155 0.63905984 0.58406931 -0.17145327 0.52817351 0.58182627 0.1848904 0.66413414 0.78081697 0.01851485 0.55721432 0.76458681 0.37637383
0.67317653 0.09483943 -0.45344418 0.52123076 0.12784807 0.32800907 0.71654212 0.23949622 -0.4929063 0.49976373 0.27822006 0.48127502 0.68734753 0.36903077 -0.46554038 0.41327226 0.394793 0.32810006 0.65299231 0.37316516 -0.20222351 0.52454007 0.37897131 0.20219271 0.64342004 0.58263886 -0.16117182 0.52799356 0.5816592 0.18280137 0.66423196 0.78037894 0.01501251 0.55730367 0.76442492 0.34589002
0.67085832 0.0957629 -0.44180077 0.53001034 0.12919964 0.36107588 0.72640222 0.23568158 -0.5040583 0.51051372 0.27559546 0.50460571 0.69161963 0.36643752 -0.47495043 0.41478604 0.39157218 0.35400558 0.6511392 0.37351942 -0.20288259 0.52294362 0.37917122 0.20282114 0.64396787 0.58200431 -0.16391234 0.52787948 0.58164781 0.18346903 0.66422737 0.78037244 0.00266562 0.55721653 0.76453853 0.34239134
0.67772287 0.09631206 -0.47514829 0.53652835 0.12968017 0.34288988 0.72670102 0.23692392 -0.5514034 0.51353997 0.27441084 0.49636653 0.69124442 0.36786383 -0.55696595 0.41685718 0.38915506 0.34115732 0.64879519 0.37368286 -0.21291463 0.52128613 0.3788625 0.21283887 0.64379466 0.58110774 -0.2081349 0.52774435 0.57996047 0.18369026 0.66426677 0.7804004 -0.05740983 0.55675942 0.76457191 0.35144421
0.68251723 0.09666613 -0.48324925 0.54730368 0.12954175 0.34703362 0.7276774 0.23749785 -0.55180353 0.52113771 0.27351484 0.49995667 0.69097626 0.36872134 -0.54822814 0.42047101 0.38856083 0.35289365 0.64849395 0.37347621 -0.21566416 0.52142692 0.37806675 0.21551231 0.64294398 0.58075386 -0.20385748 0.52804631 0.57988483 0.1846137 0.6642887 0.77988762 -0.03983508 0.55695629 0.76449645 0.3574301 
0.69324344 0.09693771 -0.4787389 0.5558393 0.13233334 0.34444156 0.73312837 0.23788057 -0.55117309 0.52477348 0.27390602 0.49696061 0.691082 0.36950478 -0.55539733 0.42332512 0.38987175 0.34645036 0.64630127 0.37365973 -0.21493006 0.52044231 0.37839967 0.2147795 0.64098084 0.58075696 -0.17943315 0.52798051 0.58057159 0.19353357 0.66505831 0.77841449 -0.00981335 0.55772614 0.76546794 0.35797372
0.69846934 0.10424964 -0.53536063 0.55905777 0.13671605 0.2964063 0.73722088 0.24441709 -0.60544413 0.52828115 0.27545506 0.45583117 0.68887293 0.37231368 -0.59540874 0.42710593 0.38953182 0.31011155 0.64466196 0.37384591 -0.21534546 0.51937181 0.37850174 0.21519163 0.64094216 0.58030266 -0.20449333 0.52916986 0.58096308 0.19432996 0.66501194 0.77887172 -0.04493815 0.55774677 0.76574612 0.35631996
0.70689124 0.10686851 -0.52475476 0.5648973 0.13872617 0.31554353 0.74163127 0.24494061 -0.59399027 0.53516263 0.27603236 0.4664399 0.68725318 0.37265548 -0.5856753 0.43110651 0.39010656 0.32520965 0.64451277 0.3750231 -0.21620068 0.51942217 0.37902018 0.21602936 0.63995147 0.58044368 -0.20751855 0.53410178 0.58126187 0.19347423 0.66482651 0.77948582 -0.07115028 0.56184667 0.76775593 0.32118797
0.71180457 0.10762484 -0.52377069 0.57532978 0.14086917 0.2978009 0.74620646 0.24494272 -0.59922838 0.54689372 0.27820298 0.44062248 0.68722266 0.37347633 -0.60873431 0.43857148 0.39049119 0.30606022 0.64466465 0.37499028 -0.21577133 0.52501279 0.37897512 0.21557672 0.63796192 0.57814825 -0.21221738 0.53491843 0.58067042 0.19265543 0.66482669 0.78001916 -0.08824846 0.56407034 0.77002615 0.29361141
0.7197184 0.11426353 -0.51813126 0.57287627 0.14598607 0.26322901 0.75115812 0.24925444 -0.56296188 0.54657787 0.28197882 0.40412268 0.68474138 0.37754837 -0.48539582 0.44147336 0.39054769 0.27125189 0.64477003 0.37640321 -0.2101213 0.52415133 0.37968957 0.20991671 0.63788551 0.57785964 -0.21517985 0.53506172 0.5806129 0.19130468 0.66477966 0.77966648 -0.09321841 0.56395882 0.77002364 0.29116002
0.72429061 0.12005679 -0.47859204 0.57310975 0.15210788 0.29473066 0.7528047 0.25362352 -0.53364336 0.54772055 0.2885361 0.43919665 0.68620872 0.37973741 -0.49373311 0.44047365 0.39404622 0.30151346 0.6438725 0.37781268 -0.21013024 0.52438265 0.38106689 0.20993213 0.63794941 0.57770097 -0.21557318 0.53748631 0.58078277 0.19245803 0.66484439 0.78004658 -0.10657194 0.56396389 0.7700845 0.29012886
0.72808689 0.1222776 -0.44054693 0.57484376 0.15567087 0.32545432 0.75708145 0.25553772 -0.5142116 0.54592204 0.29445547 0.46733665 0.68944764 0.37971562 -0.50460178 0.44004652 0.39888954 0.31878582 0.64369166 0.37989751 -0.21016192 0.52439803 0.38375801 0.20996071 0.6379444 0.57757342 -0.21938337 0.54214668 0.58108777 0.1920649 0.66492593 0.78015435 -0.13305058 0.56383377 0.77003729 0.27798581
0.73575026 0.12857261 -0.41119358 0.578004 0.16020408 0.31914368 0.75897408 0.2613501 -0.47186249 0.54739743 0.29869774 0.46291572 0.69018936 0.3813976 -0.45854869 0.4430576 0.40009609 0.31005335 0.64392656 0.38181531 -0.20792131 0.52616102 0.38532931 0.20774829 0.63793528 0.57778209 -0.233004 0.54356128 0.5816195 0.19030783 0.66457528 0.78079766 -0.1859877 0.56236917 0.76995307 0.26641166
0.73546308 0.12960495 -0.38859025 0.58532691 0.16031744 0.32149029 0.76255 0.26018617 -0.43771198 0.55458516 0.29893056 0.45864889 0.69062364 0.38133383 -0.39214978 0.45330292 0.40012354 0.31146902 0.64572024 0.3829729 -0.20449403 0.52936393 0.38642225 0.20434842 0.6409232 0.57757926 -0.23800237 0.54612148 0.5816983 0.16882111 0.66496861 0.78173232 -0.20164718 0.56205207 0.76992226 0.20217386
0.73953366 0.13243122 -0.39058375 0.58441484 0.16441037 0.31007507 0.76401389 0.26112038 -0.45911038 0.55316579 0.30180004 0.44737625 0.69246227 0.3816357 -0.43487945 0.45154518 0.40427941 0.30749756 0.64675689 0.3839103 -0.20523743 0.53039896 0.38752839 0.20509146 0.64107662 0.57717925 -0.24170537 0.54594606 0.581384 0.17293072 0.66514891 0.78137416 -0.17615065 0.55960763 0.76921296 0.23654325
0.74204749 0.13443255 -0.39602989 0.58585376 0.16538054 0.31818646 0.76443827 0.26288098 -0.43992347 0.56428307 0.30071214 0.45208916 0.69621265 0.38357157 -0.3734484 0.4611347 0.40401056 0.33242112 0.64748925 0.38477075 -0.20201072 0.53148127 0.38868108 0.20192598 0.64376199 0.57717055 -0.24152897 0.54814857 0.58138359 0.16167501 0.66719121 0.78172207 -0.18703593 0.55823803 0.76905048 0.20105666
0.7446835 0.13596301 -0.40532088 0.59212297 0.16522697 0.31704795 0.7656967 0.2632522 -0.44394365 0.56733632 0.30017462 0.45196101 0.70184225 0.38362843 -0.37408316 0.46596855 0.40178585 0.33129299 0.64761722 0.38489845 -0.20178495 0.53233272 0.38871127 0.20170875 0.64525837 0.57675111 -0.24046583 0.55193692 0.58108765 0.16450182 0.66818917 0.78166217 -0.18036324 0.55804884 0.76793009 0.22352807
0.74706876 0.13690855 -0.39496171 0.59493297 0.16605899 0.32709572 0.76585978 0.26537511 -0.43126416 0.57026356 0.29960716 0.45908314 0.70512938 0.38433123 -0.35608917 0.46991768 0.40144867 0.33396521 0.64878994 0.3857204 -0.20192383 0.53277642 0.38920775 0.20185357 0.64918607 0.57902926 -0.24255006 0.55249941 0.58180714 0.1666642 0.66851079 0.78166753 -0.18040828 0.5579747 0.76916438 0.22796473
0.74828368 0.13790046 -0.39333364 0.59731787 0.16562124 0.32484478 0.76615745 0.2650201 -0.43230739 0.5731948 0.29832199 0.45492208 0.71163577 0.38406065 -0.35502431 0.47976282 0.39538229 0.33167216 0.65114641 0.38566166 -0.20322265 0.53600985 0.38915476 0.20314091 0.65050751 0.57789928 -0.26199988 0.55510288 0.5813145 0.1680143 0.66895109 0.7816664 -0.23123237 0.55796814 0.76905435 0.21090831
0.74835223 0.13962668 -0.38596836 0.59574223 0.16543747 0.32343918 0.76743782 0.26468524 -0.42727879 0.57499903 0.29728356 0.45108604 0.71889061 0.38281229 -0.35346761 0.48497161 0.39237913 0.3302097 0.65417641 0.38542604 -0.20328775 0.53729117 0.38910919 0.20320328 0.6511777 0.57533467 -0.26075986 0.55644935 0.58020401 0.16150266 0.66902483 0.78113878 -0.22530355 0.55793607 0.76887345 0.19301102
0.74951714 0.13890609 -0.37095174 0.59617513 0.16600174 0.35555676 0.76841408 0.26439914 -0.42914045 0.5735451 0.29763824 0.47906002 0.72147119 0.3810254 -0.36929861 0.4814339 0.39467457 0.3557395 0.65950179 0.38506871 -0.20532295 0.54250616 0.38907179 0.20522752 0.65260845 0.57513392 -0.25889671 0.55757403 0.58011591 0.16159423 0.66905087 0.78111553 -0.21737772 0.55793124 0.76886398 0.19036844
0.7507478 0.13959464 -0.36795372 0.59637541 0.1669006 0.36066461 0.76969266 0.26434499 -0.42666435 0.57286888 0.29784086 0.4870216 0.72422194 0.3803795 -0.3792029 0.47888374 0.39559487 0.36423954 0.66091508 0.38502237 -0.20551287 0.54309791 0.3889524 0.20541456 0.65362656 0.57514995 -0.25679415 0.55910963 0.58005786 0.16063166 0.66931325 0.78141654 -0.20889817 0.55696601 0.76885438 0.19524999
0.75106549 0.1394667 -0.35458294 0.59637046 0.16784237 0.3753632 0.77132249 0.26304728 -0.4220753 0.57258964 0.29865506 0.50265133 0.72617006 0.3794834 -0.38121712 0.47728357 0.39617872 0.37949675 0.66187054 0.38433436 -0.20667501 0.54420573 0.38843748 0.20656553 0.65420908 0.57499498 -0.25961232 0.56010628 0.57999802 0.1572355 0.66966689 0.78142488 -0.22295767 0.55627459 0.76884145 0.18547133
0.75183892 0.13921735 -0.35894459 0.59641111 0.16849168 0.37404102 0.77253634 0.26186788 -0.42656308 0.57397842 0.29886439 0.50311261 0.72729576 0.37887266 -0.3946445 0.47709966 0.39619604 0.38015527 0.66311628 0.38354829 -0.20714919 0.54466456 0.38770419 0.20704681 0.65452111 0.57427019 -0.26818842 0.55981219 0.57938206 0.15462814 0.66990876 0.78142488 -0.23718168 0.55600065 0.76882875 0.17677206
0.75483215 0.13918535 -0.35647738 0.59884673 0.16844197 0.38110453 0.77307993 0.26130384 -0.42671007 0.57658851 0.2988086 0.51218122 0.72921401 0.37857395 -0.3952933 0.4807764 0.39625555 0.39625126 0.66570914 0.38346809 -0.20743193 0.54615551 0.38753715 0.20734121 0.65568638 0.57434899 -0.26633117 0.56004822 0.57917458 0.15557392 0.66990286 0.78171229 -0.22763442 0.55559486 0.76882178 0.18428704
0.756953 0.13904552 -0.34553477 0.59954345 0.16890389 0.38451514 0.77313721 0.26101655 -0.40781391 0.57931536 0.29890707 0.5130868 0.73114383 0.37841883 -0.38345796 0.48451322 0.39622551 0.40023196 0.66852099 0.38283196 -0.20719606 0.54906511 0.38701612 0.20711026 0.65669709 0.57442415 -0.24798408 0.56093788 0.57910842 0.15578048 0.66989958 0.78190833 -0.20516548 0.5553754 0.76881808 0.1884091 
0.75786006 0.13896959 -0.33667988 0.60304236 0.16876887 0.38778308 0.77399844 0.26080164 -0.3927086 0.58183652 0.29892629 0.51387817 0.73442739 0.37834412 -0.36540186 0.48804593 0.39576873 0.40353084 0.67148602 0.38171545 -0.20422739 0.55417579 0.38586408 0.20417017 0.65730381 0.57457346 -0.23221666 0.56122547 0.57911927 0.14957649 0.66968912 0.7820124 -0.19095576 0.55536228 0.76916391 0.17993154
0.75808936 0.1388568 -0.32016617 0.60558069 0.16769876 0.38306648 0.77445805 0.2603766 -0.37165219 0.58663267 0.29541889 0.51195395 0.73830658 0.37768289 -0.34001085 0.49881807 0.39139971 0.39784783 0.67432797 0.38115761 -0.20093799 0.55826366 0.38545731 0.20089121 0.6572299 0.57453686 -0.22414583 0.56146729 0.57884961 0.14060141 0.66798413 0.78226745 -0.19128835 0.55575812 0.76930487 0.15560447
0.75925148 0.13855575 -0.32995844 0.60769832 0.16755089 0.39205295 0.77449691 0.26037776 -0.38289863 0.58639532 0.29583663 0.51907969 0.73978966 0.37766725 -0.3789438 0.49716035 0.39184868 0.4051297 0.67590868 0.38079146 -0.20269854 0.56011808 0.38513768 0.20260903 0.65716392 0.5751577 -0.22388807 0.5620504 0.57881087 0.15155312 0.66799074 0.78238207 -0.18597874 0.5565238 0.76922739 0.18018517
0.75900757 0.13814802 -0.3249734 0.60848653 0.16724819 0.39337251 0.77587646 0.25978789 -0.38374424 0.58656996 0.29552934 0.51916325 0.74334103 0.37665126 -0.37061912 0.49608839 0.39146677 0.41056293 0.67829293 0.38023481 -0.20172225 0.56226957 0.38468176 0.20160443 0.65764296 0.57513916 -0.21742599 0.56177413 0.57833946 0.15114406 0.66806209 0.78156948 -0.18078518 0.55639023 0.76847374 0.18011793
0.75966954 0.13812509 -0.33012491 0.60946059 0.16666062 0.39048696 0.77581942 0.26034993 -0.38158357 0.58694136 0.29504767 0.51849198 0.74419039 0.37672016 -0.33495647 0.49722183 0.38842672 0.40536624 0.67955667 0.38019803 -0.19996293 0.56275588 0.3845045 0.19983931 0.65807611 0.57511961 -0.21319145 0.56195062 0.57801378 0.15121445 0.66806889 0.78109771 -0.16867639 0.55630767 0.76664168 0.18929471
0.76009458 0.13816538 -0.3418774 0.60911888 0.16689454 0.38846073 0.77593255 0.26049581 -0.38543144 0.5859521 0.29660329 0.51759481 0.74449164 0.37680042 -0.34372273 0.49634117 0.38850227 0.40803182 0.68063939 0.38123205 -0.20010346 0.56331193 0.38544235 0.19998398 0.65991551 0.57563013 -0.21431629 0.56190872 0.57885277 0.15844618 0.66776717 0.78061545 -0.15553729 0.55647177 0.76604444 0.21566448
0.75996161 0.13812684 -0.36537883 0.60887873 0.16667958 0.39221111 0.77629924 0.26048645 -0.41408306 0.58573622 0.29701033 0.52929729 0.74537241 0.37686205 -0.36784783 0.49610019 0.3895593 0.42596269 0.68168938 0.38194177 -0.2017255 0.56358212 0.38624299 0.2016236 0.66113907 0.57653332 -0.21201178 0.56184471 0.57954443 0.17959768 0.66811252 0.78085989 -0.13506153 0.55671394 0.76555091 0.27047077
0.75992382 0.13754804 -0.36663622 0.60866803 0.16665618 0.41639557 0.77747321 0.2595838 -0.42717355 0.58556587 0.29818192 0.55689645 0.7453019 0.37686184 -0.39691958 0.49567017 0.39195004 0.45970237 0.68192893 0.38277379 -0.20550308 0.56347209 0.38720411 0.2053999 0.66161054 0.57826549 -0.2057853 0.56182027 0.58013713 0.18898311 0.66792387 0.78086513 -0.12123711 0.55666012 0.76555067 0.28219503
0.75970346 0.13694705 -0.333509 0.60755098 0.16806746 0.42480958 0.77748328 0.25902936 -0.41893926 0.57446986 0.30418843 0.5606845 0.74518192 0.37686846 -0.4125874 0.48756883 0.39769462 0.45772013 0.68180758 0.38281175 -0.20712599 0.56332624 0.38736516 0.20693739 0.66158843 0.57829887 -0.20773692 0.56071043 0.5803228 0.18906988 0.66785496 0.78033251 -0.12774546 0.55671692 0.76525402 0.26491126
0.75848055 0.13582101 -0.35302699 0.60703617 0.16801859 0.41766235 0.77786732 0.25802636 -0.44026169 0.57298756 0.30573091 0.5529058 0.74556237 0.37688357 -0.44425979 0.48181564 0.40125 0.44782287 0.68196553 0.3829017 -0.21062973 0.56332988 0.38741034 0.21039779 0.66155052 0.57854384 -0.20823069 0.55911517 0.58044404 0.20467633 0.66841 0.78027481 -0.13640663 0.55714315 0.76525342 0.29799253
0.75752646 0.13551401 -0.3637211 0.60414052 0.16801721 0.40890694 0.77732342 0.25959599 -0.44472167 0.56784624 0.30845073 0.54972786 0.7456941 0.37873888 -0.45864621 0.47427607 0.40431601 0.44699839 0.68195051 0.38342586 -0.21306431 0.56322408 0.38744614 0.21279624 0.66073227 0.57934707 -0.21159822 0.55817533 0.58051836 0.22447163 0.66897374 0.7802794 -0.13725805 0.55781734 0.76500905 0.34102619
0.75739682 0.13262983 -0.37211695 0.59814447 0.16799313 0.40845424 0.77684176 0.25951707 -0.45887107 0.5547024 0.31096324 0.54711223 0.74567139 0.37957746 -0.51685804 0.46227884 0.41061184 0.44296569 0.68213415 0.38418454 -0.21481435 0.5631671 0.38746405 0.21456154 0.65723836 0.57966673 -0.21353027 0.55716676 0.5805161 0.22604239 0.66887671 0.77984446 -0.13962534 0.55822676 0.76449311 0.33401376
0.75587517 0.13009152 -0.37188587 0.58542466 0.16829617 0.40685779 0.7756862 0.2595095 -0.4557814 0.53910387 0.31132719 0.55388707 0.74562705 0.37962797 -0.51508147 0.45262706 0.41213572 0.43959662 0.6820218 0.38470617 -0.221407 0.56219769 0.38754785 0.22110973 0.65548587 0.58082479 -0.21202941 0.55671924 0.58106267 0.23652704 0.66887707 0.77935672 -0.13245918 0.55809927 0.76375908 0.36117038
0.74857312 0.12744175 -0.3778379 0.57603687 0.16798672 0.37850925 0.77167994 0.25932571 -0.45250067 0.53383255 0.31142887 0.5343551 0.74485338 0.38014376 -0.49030134 0.44994941 0.41396138 0.41137287 0.68197739 0.38492826 -0.22119293 0.56074393 0.38755032 0.22090055 0.65470809 0.58113867 -0.20896077 0.55662256 0.58121467 0.22799152 0.66899478 0.77936149 -0.11631887 0.55950463 0.76383501 0.35069031
0.73652971 0.12626146 -0.43875515 0.56771749 0.16659731 0.33060983 0.76789516 0.25956973 -0.49194941 0.52985108 0.31101942 0.49511474 0.74345767 0.38103834 -0.52095103 0.44832596 0.4135291 0.36826408 0.67884803 0.38699859 -0.22535104 0.55699694 0.38802221 0.22506467 0.65219033 0.58190346 -0.20804273 0.55309623 0.58121461 0.25261435 0.66899902 0.77995336 -0.09859079 0.55949998 0.76309419 0.43708381
0.72441548 0.12627894 -0.51119632 0.55930471 0.16630366 0.24870332 0.76278317 0.25916365 -0.53768456 0.52740312 0.31093708 0.43299559 0.7424981 0.38172659 -0.52936459 0.4476594 0.41408238 0.30896187 0.67753071 0.38879877 -0.22542857 0.55549252 0.38965216 0.22511789 0.65161383 0.58198053 -0.2101815 0.54952466 0.58135742 0.24754006 0.66901875 0.78031451 -0.07814818 0.56049991 0.76299465 0.44703218
0.71522748 0.12607704 -0.52340728 0.54289967 0.16543879 0.21401313 0.75479943 0.25933009 -0.5573318 0.51624596 0.3108975 0.3957018 0.73902404 0.38479984 -0.55848873 0.44444031 0.41510826 0.27817905 0.6771189 0.38960156 -0.22510546 0.55375552 0.39016822 0.22478731 0.65071422 0.58230931 -0.21312271 0.54470122 0.58163834 0.2104326 0.66967702 0.78039265 -0.06823602 0.56081992 0.7627548 0.40568009
0.71254331 0.12617953 -0.5262996 0.53119922 0.16696765 0.20802939 0.7515108 0.26122952 -0.55732846 0.50503594 0.3108348 0.38313383 0.73342121 0.39162681 -0.56428647 0.44183654 0.42380792 0.26898301 0.67784709 0.3922742 -0.22496434 0.55338967 0.39320883 0.22466652 0.64878553 0.58334273 -0.20441093 0.53832108 0.58234107 0.20444945 0.67011964 0.78081536 -0.01393145 0.56025583 0.7627607 0.41505787
0.70645326 0.12505637 -0.49625352 0.52840209 0.16851905 0.24042149 0.74358565 0.26162404 -0.53740019 0.50148851 0.31240758 0.38617489 0.72979367 0.39516833 -0.56468207 0.44125485 0.42714378 0.30122191 0.67951691 0.39413574 -0.22485021 0.55402517 0.39653575 0.22455822 0.64761317 0.58606696 -0.17630497 0.53438365 0.58298719 0.19760492 0.67022371 0.78148746 0.02297616 0.55886191 0.76374972 0.40897006
0.69343489 0.12711217 -0.54045182 0.51471984 0.17072225 0.22622667 0.73432153 0.26665056 -0.59312886 0.49321973 0.31499717 0.40347171 0.72846055 0.40048248 -0.64972085 0.43830192 0.43398255 0.30500135 0.68373805 0.39643767 -0.22559303 0.55644739 0.40110657 0.22524509 0.64681482 0.58798856 -0.16539201 0.52970427 0.58385152 0.19885482 0.67110252 0.7822752 0.07375959 0.55852127 0.7640807 0.46399543
0.67500472 0.1320221 -0.57977599 0.5086655 0.17492978 0.18458493 0.71712893 0.27250817 -0.62345248 0.48844859 0.31991717 0.3675079 0.72516477 0.40642527 -0.67735308 0.43711337 0.44514397 0.28820315 0.68410832 0.39936152 -0.22355767 0.56192398 0.4056105 0.22307269 0.64443856 0.59055603 -0.11669806 0.52993459 0.58614808 0.23544289 0.67002785 0.78225201 0.14601257 0.56202412 0.7641775 0.50616729
0.66574568 0.1362807 -0.58272576 0.50133455 0.18078884 0.12669411 0.71248198 0.27959701 -0.58879262 0.48424932 0.32607573 0.3210569 0.7253474 0.4129037 -0.62395746 0.43703184 0.45233926 0.24408886 0.68548125 0.40083247 -0.21101545 0.56567693 0.40799201 0.21041045 0.64455432 0.59273463 -0.10801075 0.52747536 0.58766025 0.23206367 0.67034477 0.78254706 0.14549054 0.56191951 0.76417083 0.47873196
0.65251458 0.14199278 -0.63553637 0.49194002 0.18292207 0.07940694 0.70528412 0.28778905 -0.58650547 0.48462531 0.33043763 0.29275677 0.71778911 0.41778281 -0.50414956 0.43721667 0.45584518 0.21814102 0.68649918 0.40461347 -0.20110257 0.56693727 0.41268906 0.20059454 0.64466256 0.59424424 -0.086522 0.52728254 0.59036213 0.2623342 0.6680243 0.78249466 0.2186023 0.56186652 0.76442713 0.53858453
0.64189559 0.15195329 -0.71587479 0.46939883 0.19166611 -0.04574614 0.70124376 0.30293241 -0.66515857 0.47066385 0.33725089 0.15291226 0.70753962 0.43352392 -0.55674779 0.43147543 0.46281198 0.07880192 0.68580794 0.40511763 -0.20191878 0.56758231 0.41421229 0.20143142 0.63744569 0.59405214 -0.10777239 0.52783465 0.59034234 0.20880707 0.66399515 0.78176028 0.13625875 0.5621767 0.76455057 0.4994483 
0.62895268 0.16187002 -0.68778598 0.46357068 0.19790618 -0.04758777 0.69526958 0.31904757 -0.63037741 0.46790701 0.34261465 0.14358376 0.70147967 0.45681041 -0.51165366 0.43167955 0.46588102 0.07239154 0.68585378 0.40619212 -0.19684607 0.56981975 0.4152464 0.19641855 0.63776886 0.59376949 -0.13247573 0.5283469 0.5901016 0.16843443 0.66320026 0.78023505 0.12055153 0.56797582 0.76460862 0.41219103
0.61965966 0.16831893 -0.70260864 0.45895141 0.2085125 -0.02315798 0.68475646 0.33222884 -0.65392423 0.45750886 0.35103688 0.16506769 0.69316065 0.46523467 -0.5341115 0.43166938 0.47482917 0.09200595 0.68658322 0.41031089 -0.19496061 0.56981981 0.41804013 0.19454721 0.63802934 0.59338599 -0.21530826 0.52666652 0.58803469 0.15778568 0.66346246 0.78055787 0.00366985 0.56770229 0.76426715 0.37403488
0.60652953 0.18025915 -0.72837722 0.44740874 0.21715647 -0.05272651 0.66976905 0.34768519 -0.65849608 0.4438245 0.36122546 0.12451268 0.68145847 0.47936076 -0.51882303 0.42973641 0.48855779 0.05648497 0.68851876 0.41247609 -0.1943453 0.56972504 0.42183149 0.19386876 0.63839442 0.58913004 -0.44041353 0.52340388 0.58412802 0.14103982 0.66901922 0.78064269 -0.32059744 0.56599456 0.76420814 0.31049374
0.60021651 0.18792191 -0.69618171 0.42808995 0.23053627 -0.01761959 0.66244811 0.35566315 -0.65011179 0.42178395 0.37383857 0.15151516 0.67880082 0.48517749 -0.56021899 0.4213751 0.49704805 0.06057805 0.69377804 0.41298518 -0.19388218 0.57071567 0.42457259 0.19343464 0.63848925 0.58266336 -0.54878944 0.52306408 0.57924134 0.04902659 0.6695438 0.7747246 -0.35018754 0.56562197 0.76285672 0.19609877
0.58636796 0.20430295 -0.71487337 0.4232204 0.24234088 0.00527895 0.65288144 0.37741357 -0.65990406 0.41701049 0.388715 0.1788055 0.67561078 0.50903308 -0.56676292 0.41221702 0.51196468 0.08550242 0.6990087 0.42373782 -0.19434619 0.57300687 0.4322595 0.1939148 0.63624603 0.57649773 -0.61696208 0.51611203 0.57088333 0.10106367 0.66982639 0.7749514 -0.47051787 0.56624407 0.76275748 0.27861035
0.56380564 0.21424557 -0.73870951 0.41792631 0.25081557 -0.01384874 0.64696079 0.38384038 -0.6866132 0.4169378 0.4024615 0.15668711 0.6770491 0.51761937 -0.60686654 0.403745 0.52194244 0.04730459 0.70179313 0.42682287 -0.19583482 0.58015931 0.43842638 0.19543026 0.63734299 0.57760268 -0.58888572 0.5155586 0.57253665 0.26941296 0.66979247 0.77602381 -0.43242773 0.56724393 0.76121211 0.50637621
0.57017434 0.22842997 -0.68849277 0.40508914 0.2712172 0.00348099 0.64900917 0.40022171 -0.67622429 0.41597751 0.42255306 0.17692162 0.6760717 0.54137063 -0.59955591 0.4010703 0.54079038 0.06112422 0.71553057 0.42671689 -0.19515927 0.58713281 0.45113686 0.19491117 0.63922173 0.56004041 -0.67568415 0.50247723 0.56087685 -0.05906287 0.67034382 0.77581829 -0.60966218 0.56714684 0.76119959 0.00247716
0.58169442 0.24866743 -0.6855194 0.38720211 0.2916854 -0.04312082 0.65090019 0.41395566 -0.66888404 0.4073987 0.44221887 0.12056947 0.66827118 0.55321729 -0.6345135 0.40352097 0.5629285 0.01015882 0.73172259 0.42962942 -0.18917139 0.58969623 0.44804537 0.18900098 0.6391229 0.5610593 -0.65082973 0.48337466 0.56251055 -0.09485623 0.67047393 0.78138059 -0.57781529 0.55717123 0.7601853 0.02926939
0.58125573 0.26541775 -0.75754911 0.37800017 0.30984989 -0.14870186 0.65006423 0.41872686 -0.71667612 0.40003788 0.45509854 0.03457673 0.6610961 0.5549196 -0.67662007 0.39909831 0.57777506 -0.0419029 0.73812652 0.43897751 -0.18563831 0.59316117 0.45051661 0.1853233 0.63917989 0.58261716 -0.63453084 0.48076171 0.57610703 -0.0138085 0.67051417 0.78153884 -0.52042949 0.55419904 0.7597357 0.16355819
0.58002174 0.28127882 -0.82165927 0.37276104 0.33062407 -0.23645094 0.64599293 0.4415746 -0.77685148 0.39453712 0.46838248 -0.0661376 0.64269519 0.57728189 -0.73901957 0.38748977 0.59150904 -0.1532774 0.750736 0.43834481 -0.18254921 0.6013878 0.45199049 0.18214327 0.63735479 0.58436233 -0.72847694 0.46644142 0.5768066 -0.1505845 0.67050165 0.78126609 -0.64160484 0.54875296 0.7586062 0.01519521
0.56000429 0.2992762 -0.87910944 0.36609608 0.35303795 -0.31794798 0.63255519 0.453702 -0.86015755 0.39040315 0.49057928 -0.19011785 0.63442355 0.58350319 -0.84228653 0.38568637 0.61587071 -0.32122996 0.75543582 0.44559303 -0.18337572 0.61056644 0.46144348 0.18298817 0.62570989 0.58597112 -0.65051162 0.45135096 0.57959104 -0.14979419 0.66552949 0.77933049 -0.53694326 0.5453248 0.7517823 0.08839682
0.55327028 0.33026156 -0.95202374 0.36734205 0.37766609 -0.32390261 0.63149339 0.49245712 -0.97539061 0.38689995 0.51551276 -0.19465999 0.63535148 0.63380742 -0.96431571 0.37923622 0.652785 -0.33562335 0.75745922 0.46110252 -0.19589595 0.62250626 0.4844113 0.1955474 0.61187297 0.58584213 -0.79591835 0.41880879 0.58091998 -0.152716 0.654603 0.77782124 -0.56046808 0.52486956 0.73799223 0.1247092 
0.53191936 0.35460192 -0.79853928 0.35817987 0.40735042 -0.23924659 0.63136715 0.51609266 -0.87655419 0.38663262 0.54585356 -0.13629028 0.63688409 0.66671205 -0.83456647 0.37130183 0.6771782 -0.25381669 0.75243133 0.47142145 -0.17818922 0.61853135 0.49080503 0.17784028 0.60001343 0.56252098 -0.73847312 0.4123421 0.58085406 -0.18380614 0.64622992 0.75455582 -0.59100974 0.53222001 0.74127609 -0.08093882
0.5152939 0.36954099 -0.69912106 0.3521986 0.42286769 -0.15829721 0.62747502 0.51662481 -0.73026311 0.38495958 0.53991777 -0.07691553 0.570162 0.64211744 -0.66158938 0.36551154 0.66020244 -0.18712763 0.74960852 0.48226115 -0.17849578 0.62214041 0.50100082 0.17806664 0.58447111 0.56601161 -0.78228557 0.41755402 0.57999116 -0.11949383 0.64366668 0.75441641 -0.74256343 0.52084154 0.73694712 0.01220543
0.51243079 0.37544468 -0.72484767 0.33428273 0.43147886 -0.08713783 0.68800586 0.50462431 -0.81220627 0.38707891 0.53743726 0.12307153 0.62643701 0.64454246 -0.82877755 0.366669 0.64547789 0.06610554 0.74777758 0.48739538 -0.18954644 0.6206035 0.50966179 0.1891989 0.59188509 0.56831992 -0.84207511 0.41281164 0.59270662 -0.14331457 0.64473951 0.75797617 -0.67384189 0.52541804 0.73768497 -0.00953721
0.50308502 0.38250637 -0.64025933 0.33807659 0.43991119 0.04765024 0.67912048 0.49438068 -0.69809192 0.38893798 0.53338379 0.22981293 0.6617651 0.64564025 -0.74288774 0.37113434 0.64400464 0.14716887 0.75728506 0.49060646 -0.18998647 0.64152467 0.51183778 0.18979546 0.57831419 0.56938881 -0.73589718 0.41140401 0.59655201 -0.0941536 0.64423931 0.7479229 -0.51025748 0.52828711 0.73943686 0.0019619 
0.47468266 0.38605344 -0.578996 0.33682802 0.44807678 0.04284171 0.64640141 0.50705683 -0.60034037 0.38750011 0.5446645 0.20095319 0.65887952 0.65889841 -0.58429116 0.373193 0.64579469 0.10811362 0.75631744 0.50001234 -0.18361013 0.6382091 0.51972097 0.18363164 0.56934631 0.56996453 -0.67715842 0.40904722 0.59539396 -0.00825989 0.64560974 0.75127393 -0.47269329 0.5294416 0.73944443 0.0343093 
0.48278734 0.38837856 -0.63614708 0.33171055 0.4462848 -0.00860726 0.65305775 0.52037132 -0.66047257 0.37808082 0.55144924 0.14833142 0.65206707 0.67980027 -0.61378986 0.36778232 0.66461933 0.04901741 0.7558893 0.49877271 -0.18402696 0.63407737 0.52204263 0.18401483 0.56695181 0.56621945 -0.67930114 0.40899974 0.59660614 0.06734333 0.6305117 0.75429207 -0.54654306 0.54720211 0.73693293 0.16703144
0.47341982 0.38211033 -0.6609984 0.32028559 0.44113547 -0.02691432 0.64870846 0.52577621 -0.68198949 0.37628877 0.55265629 0.12825224 0.64935791 0.69119197 -0.70637751 0.36714616 0.6715259 -0.00492322 0.75345212 0.49381983 -0.17977475 0.63291109 0.51804513 0.17962922 0.56076211 0.55427384 -0.69755191 0.40477186 0.59888655 0.04362731 0.62603128 0.75548798 -0.55304557 0.54492676 0.74042404 0.06846292
4.61325705e-01 3.80771667e-01 -6.69333518e-01 3.21441233e-01 4.41120952e-01 -3.44170965e-02 6.43010437e-01 5.28051198e-01 -6.96259916e-01 3.65094513e-01 5.54161131e-01 1.24581963e-01 6.44558549e-01 7.01234877e-01 -7.37675369e-01 3.58347356e-01 6.66351616e-01 6.06259040e-04 7.53069222e-01 4.89813536e-01 -1.82823643e-01 6.33404076e-01 5.12536407e-01 1.82894215e-01 5.52064836e-01 5.58099508e-01 -6.63513482e-01 4.03404206e-01 5.99593878e-01 1.40996143e-01 6.20499074e-01 7.55669415e-01 -5.62930048e-01 5.42382002e-01 7.40603328e-01 2.25947112e-01
0.46823338 0.38584656 -0.6900956 0.324202 0.4344314 -0.02035931 0.64254606 0.5328576 -0.70162892 0.36278659 0.54602772 0.13502702 0.63260627 0.69602996 -0.73701066 0.35483795 0.65718305 0.02880194 0.75566202 0.48833764 -0.19008012 0.63767493 0.50912285 0.19031996 0.54734647 0.55414605 -0.62962812 0.40388861 0.59965587 0.13152564 0.62387592 0.75623119 -0.48856387 0.54869539 0.75233763 0.21870796
0.4671708 0.37818953 -0.6964035 0.32782975 0.42688614 -0.02988477 0.64254165 0.52577889 -0.70191765 0.36130643 0.54121393 0.12119763 0.63935548 0.68766999 -0.72279847 0.35466346 0.65304244 0.02053949 0.7574783 0.4869521 -0.19122252 0.64193505 0.50836176 0.19145338 0.54400492 0.55591244 -0.55143839 0.40662441 0.60069591 0.11396843 0.62375671 0.75711554 -0.3340227 0.55378324 0.75269091 0.20587975
0.4715206 0.37306154 -0.69680572 0.32975858 0.4240362 -0.0362197 0.63782424 0.52535713 -0.70129591 0.35014501 0.54565156 0.07751422 0.63995987 0.6888203 -0.71417212 0.35482726 0.65616494 -0.03224599 0.75786412 0.48604208 -0.19121459 0.64273167 0.50534922 0.19143768 0.53394938 0.54620636 -0.54302233 0.40284669 0.59534836 0.14029992 0.60675812 0.73964882 -0.39661506 0.55362409 0.75970727 0.18184657
0.47369587 0.35769993 -0.67897576 0.33065602 0.41632155 -0.07274009 0.61146903 0.5230943 -0.69345659 0.34086171 0.54241472 0.01556732 0.62902486 0.68730998 -0.68900603 0.35395047 0.65726227 -0.10176992 0.7602089 0.48562211 -0.18875793 0.64458114 0.50367713 0.18882792 0.51700079 0.54512471 -0.56419212 0.38881883 0.59050864 0.17846145 0.60860568 0.75017887 -0.48800078 0.54015702 0.75702131 0.1804641 
0.47078151 0.34128264 -0.53657699 0.3300418 0.40351778 0.02586087 0.57659847 0.48675793 -0.57906854 0.34124565 0.53339493 0.10300329 0.55395395 0.60131776 -0.55556583 0.35228458 0.6559543 -0.00928447 0.76207411 0.47814932 -0.18663171 0.64390016 0.49317107 0.18666714 0.52831304 0.54800385 -0.58137196 0.38828394 0.58372194 0.03578709 0.61875439 0.75661105 -0.55199486 0.53940344 0.74151635 -0.08036071
0.47320858 0.33471715 -0.60192937 0.33045518 0.38650158 -0.00181288 0.56137818 0.49018827 -0.62679583 0.34411076 0.52226043 0.07551057 0.54196846 0.61465609 -0.61009783 0.34916401 0.65271366 -0.04674919 0.76367635 0.46928883 -0.18672761 0.64337319 0.48371318 0.18676342 0.53393304 0.54882783 -0.585127 0.3849107 0.5811457 -0.06585518 0.62203568 0.75772226 -0.50462645 0.54511058 0.74207276 -0.14281639
0.47425842 0.32152507 -0.61701316 0.33087286 0.37409112 -0.0082295 0.54946917 0.48221296 -0.64224094 0.34513828 0.50776511 0.05983537 0.54593021 0.62933433 -0.61416101 0.34751579 0.63844174 -0.04415648 0.76311153 0.46212587 -0.1855458 0.64285225 0.47606221 0.1855748 0.53507584 0.55880553 -0.53373498 0.38639688 0.58255225 -0.03923843 0.63621771 0.75796914 -0.40835327 0.55894089 0.75145829 -0.08009794
0.4751862 0.30598029 -0.60443723 0.33137113 0.35742098 0.04334152 0.53922784 0.47178838 -0.63005275 0.35970366 0.49555787 0.13395825 0.49743488 0.62609768 -0.58038783 0.34859926 0.6232267 0.0337426 0.76301146 0.46180627 -0.18871121 0.64240021 0.47602847 0.18882245 0.54386556 0.56370121 -0.55999428 0.38858405 0.58239293 -0.0600655 0.64754874 0.75848037 -0.48604849 0.565449 0.76186329 -0.11340761
0.47542447 0.29199675 -0.59629869 0.33159861 0.33268172 0.03526737 0.53991228 0.45713827 -0.61408484 0.37429425 0.47608459 0.13929462 0.47550207 0.60728782 -0.54048318 0.35353664 0.59474957 0.03532983 0.76232153 0.45659134 -0.18885049 0.63987654 0.46794459 0.18895844 0.55600828 0.56835037 -0.5696435 0.3893218 0.58166194 -0.06943425 0.65341181 0.76008618 -0.48603249 0.56341016 0.75945508 -0.10133283
