0.37313801 0.42066962 -0.73914826 0.24305521 0.44499722 -0.06162913 0.43708283 0.53960872 -0.75604796 0.26850504 0.54834962 0.0530342 0.4779337 0.65709084 -0.7491318 0.27920949 0.63814086 -0.03360772 0.60546845 0.50336993 -0.21564671 0.50670362 0.51720005 0.21571262 0.3885166 0.57252181 -0.53814626 0.30045676 0.58984244 0.01643308 0.49798116 0.70745456 -0.12958862 0.44025302 0.6977632 0.19075571
0.3629297 0.42571861 -0.73593563 0.23351744 0.44925544 -0.10401627 0.43477869 0.53853679 -0.73379856 0.25985742 0.54516023 0.01710026 0.47087991 0.65500176 -0.71488243 0.27044082 0.64037746 -0.05567965 0.56823349 0.51622927 -0.20991412 0.47608048 0.52516705 0.20991433 0.3747932 0.58632702 -0.41350287 0.29126361 0.5935306 0.0598543 0.4955093 0.70720059 -0.06804141 0.41371822 0.71117592 0.24823058
0.36699897 0.4182981 -0.73074114 0.22991212 0.45196468 -0.14057565 0.42822614 0.53547084 -0.7594707 0.2514652 0.54726321 -0.05285497 0.47244591 0.65273798 -0.74662268 0.26917738 0.64406604 -0.14650965 0.56327283 0.50899577 -0.19928573 0.45896736 0.52593344 0.19896236 0.37875834 0.57946438 -0.65729243 0.29385182 0.59522051 -0.045371 0.46959719 0.70313793 -0.30953738 0.41201675 0.71040022 0.15590258
3.61539721e-01 4.16331381e-01 -6.96408331e-01 2.29768589e-01 4.50535297e-01 -1.19117312e-01 4.29719448e-01 5.35104632e-01 -7.29767382e-01 2.54547089e-01 5.51483572e-01 -8.65387730e-03 4.76952851e-01 6.54142320e-01 -7.25855589e-01 2.68841714e-01 6.45532548e-01 -8.20838585e-02 5.63370407e-01 5.13878524e-01 -1.87838405e-01 4.64221805e-01 5.29170156e-01 1.87481508e-01 4.08390135e-01 5.76735616e-01 -6.35891140e-01 2.91984558e-01 5.94719231e-01 -1.98564099e-04 4.77460563e-01 7.07225382e-01 -4.23765421e-01 4.20010775e-01 7.06284940e-01 1.61659583e-01
0.36522871 0.415005 -0.70818704 0.2292906 0.45105991 -0.14438303 0.43158191 0.5349735 -0.75487119 0.24902612 0.55185634 -0.04921556 0.47639674 0.65623176 -0.75454152 0.26996064 0.64664751 -0.12554917 0.56328958 0.51387537 -0.17644024 0.46248928 0.53080183 0.17609081 0.41829884 0.55937761 -0.68561816 0.29108706 0.59241456 -0.01919407 0.5017212 0.6969822 -0.48281193 0.41090798 0.70556194 0.15075527
0.36683282 0.41582319 -0.72893184 0.22964209 0.44879082 -0.16166548 0.42960945 0.53564858 -0.76670277 0.24988177 0.55088574 -0.05430831 0.47759286 0.65767473 -0.76346207 0.27033749 0.6476084 -0.12211806 0.56513011 0.51311946 -0.175488 0.46332371 0.52728748 0.17512815 0.41885066 0.56382984 -0.67656398 0.29005587 0.59407389 -0.01868968 0.48318791 0.69949114 -0.43037874 0.42364198 0.71118098 0.18265827
0.36504498 0.41550434 -0.71686476 0.22829738 0.44847602 -0.16287315 0.42949638 0.53515399 -0.74742275 0.25005367 0.55084765 -0.05870346 0.4745692 0.65829986 -0.74539387 0.26932427 0.64763665 -0.12585366 0.56076103 0.51219141 -0.17158513 0.46006605 0.52489543 0.17124534 0.38469133 0.56525415 -0.64315295 0.29148981 0.59359264 -0.0283745 0.48033589 0.69171959 -0.32846895 0.41079932 0.71062189 0.1872642 
0.36555919 0.41596761 -0.70617771 0.2265535 0.44826022 -0.15738355 0.42756701 0.53479552 -0.73437476 0.24631384 0.54995507 -0.05247399 0.47518322 0.65740317 -0.73489666 0.2688835 0.64746279 -0.1165822 0.55952966 0.51324123 -0.1690914 0.45914856 0.52585286 0.16875413 0.40090346 0.56612563 -0.64113641 0.28468505 0.59323066 -0.02107876 0.47847289 0.6930607 -0.35639644 0.41021591 0.70868313 0.19668746
0.36726823 0.41639635 -0.78423065 0.22516543 0.44916609 -0.20532814 0.42610121 0.53421599 -0.82345706 0.24790576 0.54872555 -0.09682158 0.4766627 0.65687782 -0.82393265 0.27112597 0.64650834 -0.15850163 0.55793434 0.51397985 -0.17032617 0.45400602 0.52679473 0.17010547 0.41004574 0.57406837 -0.71543241 0.28506073 0.59849948 -0.02053379 0.48040053 0.701675 -0.42415637 0.4156017 0.70955616 0.23673131
0.36883953 0.41676894 -0.74920928 0.22683617 0.44784912 -0.18256296 0.42587733 0.53473645 -0.77693605 0.24709447 0.54798293 -0.06572925 0.4749684 0.65797246 -0.77198678 0.27162147 0.64656854 -0.13238095 0.557944 0.51578641 -0.17132036 0.45749253 0.52780002 0.17108285 0.40667713 0.58353573 -0.65084064 0.28576991 0.59819329 -0.02395552 0.48299119 0.70618629 -0.35123923 0.41802412 0.70843726 0.23399459
0.36794451 0.41762823 -0.75460625 0.22698031 0.44821355 -0.18115517 0.42632324 0.53439498 -0.77767164 0.24716599 0.54791772 -0.06577638 0.47548267 0.65762126 -0.76231366 0.27184451 0.64682168 -0.13529046 0.56240314 0.51539975 -0.17466147 0.46331018 0.5269798 0.17430075 0.37967047 0.58225161 -0.62695062 0.28867939 0.59669936 -0.00954213 0.48380363 0.71096069 -0.34056884 0.42503569 0.70785904 0.2332132 
0.36778176 0.41753423 -0.73976308 0.22483858 0.4490059 -0.17706163 0.42723891 0.53424746 -0.771586 0.24877302 0.5479666 -0.06038905 0.47533721 0.65738088 -0.74810296 0.27157509 0.64630812 -0.12358752 0.56209743 0.51441312 -0.1699903 0.46267608 0.52622986 0.16966417 0.39147598 0.58064961 -0.61745 0.29203194 0.59807193 -0.03576659 0.4819622 0.70235974 -0.33008829 0.41923079 0.7078169 0.19404921
0.36630517 0.41738912 -0.73324257 0.22512101 0.44832632 -0.17706743 0.42539942 0.5340656 -0.76028466 0.24920756 0.54772776 -0.06074098 0.47435698 0.65746939 -0.7430256 0.27090955 0.64595807 -0.12481722 0.56069762 0.51383471 -0.16955316 0.45781952 0.52567667 0.16921079 0.39406297 0.57981497 -0.63319594 0.28901783 0.59756535 -0.04244733 0.48273948 0.69872564 -0.32397979 0.40846896 0.70658213 0.1883872 
0.3633711 0.41786367 -0.7300477 0.2269623 0.4478676 -0.16829 0.42285582 0.53424507 -0.75621808 0.25110367 0.54723871 -0.05996109 0.47446373 0.6573832 -0.7403025 0.27214435 0.64532274 -0.12449153 0.55985409 0.51364195 -0.16993105 0.45712253 0.5254063 0.16958877 0.39449888 0.58256221 -0.62750196 0.28908175 0.59778982 -0.02951861 0.48201656 0.69717091 -0.27884507 0.40629536 0.70620811 0.19303967
0.36175537 0.41767281 -0.71664667 0.22864451 0.44755119 -0.14908935 0.4211762 0.53432399 -0.73532426 0.25149268 0.54698026 -0.03199757 0.47299451 0.65595114 -0.73407006 0.27276117 0.64507186 -0.08712811 0.56112474 0.513291 -0.17044985 0.46095625 0.52524555 0.17013648 0.39626935 0.57456809 -0.62110084 0.29188439 0.59673274 0.00084921 0.47977713 0.69575989 -0.29332954 0.40631881 0.7059992 0.22635336
0.36034721 0.41776848 -0.71193171 0.22949778 0.44747365 -0.14758722 0.42007512 0.53427637 -0.73192447 0.25303125 0.54682958 -0.03100694 0.4722029 0.65573466 -0.72709745 0.27373427 0.64502358 -0.08714721 0.56170237 0.51304483 -0.17075343 0.4610903 0.52509624 0.17046228 0.39772525 0.57458198 -0.6251114 0.29342127 0.59660286 -0.00724589 0.47995663 0.69387192 -0.30501667 0.40149409 0.70496947 0.21829475
0.36042327 0.41859248 -0.71189541 0.23050064 0.44751728 -0.13938639 0.4217833 0.53461975 -0.73146385 0.25514883 0.54683006 -0.02032422 0.47304332 0.65569961 -0.72682852 0.27465108 0.64495963 -0.07633058 0.56240886 0.51298487 -0.17184362 0.46282658 0.52505744 0.17162816 0.39784315 0.57530999 -0.62178016 0.29354709 0.59717906 -0.00350929 0.48080608 0.69372064 -0.29086718 0.40470302 0.70488733 0.22133322
0.36109295 0.41945618 -0.717767 0.23116994 0.44786456 -0.13008131 0.42238504 0.53471559 -0.73475701 0.25804451 0.5467394 -0.00642895 0.47363657 0.6556434 -0.74105519 0.2741704 0.6448009 -0.06416292 0.5596143 0.51317614 -0.17674984 0.46266747 0.52545518 0.17669231 0.39951944 0.58161992 -0.61671799 0.29393086 0.59693712 -0.00353727 0.51539582 0.69415313 -0.22263983 0.40685791 0.70528424 0.23591907
0.36154082 0.42053854 -0.72052854 0.23162916 0.44779921 -0.12797266 0.42275789 0.53588521 -0.73523879 0.25967011 0.54622465 -0.00711534 0.47388965 0.65562445 -0.74081588 0.27232757 0.64467949 -0.06429734 0.55928499 0.51373363 -0.17931139 0.46328259 0.52542931 0.17932072 0.39688018 0.58364218 -0.58454186 0.29450145 0.59675133 0.01299602 0.49659988 0.69442761 -0.20386256 0.40813771 0.70574844 0.25035244
0.36175975 0.42033616 -0.71650207 0.23142311 0.44771671 -0.12692368 0.4235799 0.53654027 -0.73276275 0.2597619 0.54581416 -0.00994243 0.4740403 0.65569532 -0.74070072 0.2709935 0.64438665 -0.06748434 0.55777401 0.51312131 -0.17889333 0.4611086 0.52538151 0.1789172 0.39734843 0.57709956 -0.59683818 0.29524282 0.59934407 0.01574142 0.48875654 0.69362694 -0.24419759 0.4065302 0.70569587 0.24737687
0.36176544 0.42019612 -0.72267044 0.23154868 0.44797266 -0.12802912 0.42428213 0.53621387 -0.73938125 0.26137003 0.54576749 -0.00858424 0.47393137 0.65537649 -0.74866617 0.27001813 0.6443336 -0.06598184 0.55749041 0.51323968 -0.18087289 0.45865887 0.5260579 0.18085909 0.40412012 0.58630651 -0.59824073 0.29575005 0.59954095 0.02088045 0.48500213 0.70061427 -0.2507543 0.40890172 0.70539778 0.26644745
0.36199355 0.41994637 -0.73856241 0.23171741 0.44756362 -0.13422574 0.42475361 0.53541309 -0.76018924 0.26160654 0.54504091 -0.01493927 0.47332263 0.65519321 -0.75572783 0.26903531 0.64364493 -0.07693837 0.55712795 0.51319444 -0.18153107 0.45903376 0.52599633 0.18148762 0.38541669 0.58545077 -0.64942741 0.29629278 0.59856927 0.01837545 0.51582474 0.69960529 -0.3110173 0.40717992 0.70536482 0.2644375 
0.36233577 0.41901514 -0.74802303 0.23176681 0.44695464 -0.14380573 0.42520869 0.5333336 -0.76649666 0.26188833 0.54468691 -0.01905731 0.47335225 0.65384829 -0.76752889 0.26913917 0.64329237 -0.08066845 0.55725849 0.51173484 -0.18272839 0.4593856 0.52498031 0.18266688 0.38514957 0.5859127 -0.62141794 0.29659274 0.59757382 0.01078527 0.5220232 0.70273626 -0.29420447 0.41447711 0.70283884 0.25473854
0.36377385 0.41794688 -0.75365329 0.23228566 0.4457061 -0.14355686 0.4253383 0.53301203 -0.7707659 0.26243246 0.54379779 -0.01550708 0.47333208 0.65394366 -0.77268255 0.26928309 0.64258885 -0.078724 0.55761796 0.51062381 -0.1841457 0.45967036 0.52377886 0.18408521 0.38697764 0.58583724 -0.62002277 0.29674014 0.59494168 0.04655858 0.48745021 0.70825917 -0.3040114 0.41532817 0.70218414 0.30085522
0.36661825 0.41787317 -0.77849138 0.2324013 0.44424546 -0.14479645 0.42557383 0.5329541 -0.78158677 0.2634345 0.54203564 -0.0078794 0.47316003 0.65433174 -0.77481192 0.26912054 0.64171046 -0.07228092 0.55688095 0.51067215 -0.18842621 0.45678875 0.52277845 0.18841514 0.38777381 0.59070796 -0.57481223 0.29617625 0.59319496 0.03818858 0.5075174 0.70957381 -0.16805683 0.40979874 0.70108056 0.29286107
0.37014726 0.41749418 -0.76725024 0.23191321 0.44341233 -0.15343431 0.42661238 0.53228122 -0.76387787 0.26403084 0.54009205 -0.00891354 0.47263998 0.65337402 -0.75308847 0.26770505 0.6398865 -0.07606061 0.55707258 0.50981092 -0.18386 0.45657104 0.5224629 0.18393503 0.39729238 0.60001647 -0.54589564 0.29702023 0.5930317 -0.00215753 0.4801963 0.70710188 -0.10084341 0.40916687 0.70103043 0.29209158
0.37145653 0.41729489 -0.77912122 0.23171183 0.4426659 -0.1784195 0.42694756 0.53134602 -0.77057779 0.26409963 0.53985256 -0.03061721 0.47226265 0.65190178 -0.76374727 0.26630911 0.63983685 -0.10159386 0.55674028 0.50975353 -0.1811022 0.45316362 0.52221668 0.18126513 0.40079144 0.59970188 -0.55682576 0.29810634 0.59183776 -0.00096792 0.46564618 0.7018711 -0.06236074 0.39989752 0.70090586 0.28922966
0.37251896 0.41607052 -0.77009958 0.23101935 0.44114733 -0.19083664 0.42789662 0.53137195 -0.76136506 0.26307932 0.53959423 -0.04877224 0.47180849 0.65196264 -0.75632602 0.26494256 0.63985604 -0.11259239 0.5566951 0.50943273 -0.1763799 0.45255095 0.52098435 0.17651352 0.40160766 0.60668606 -0.52536529 0.29571179 0.58950019 0.00223601 0.46762165 0.70313388 -0.07927071 0.3955496 0.70093787 0.29433849
0.37267223 0.41548005 -0.7661165 0.23004867 0.44087693 -0.18454002 0.42811581 0.52938455 -0.75897515 0.26295254 0.53797442 -0.03237281 0.47176346 0.65124774 -0.75545782 0.2634874 0.63901365 -0.0914868 0.55723459 0.50951874 -0.17648159 0.45274034 0.52094418 0.17660162 0.40513626 0.60409653 -0.52692789 0.29584932 0.58940059 0.00358532 0.49695671 0.71132791 -0.12696956 0.39657283 0.70714289 0.27470207
0.37303272 0.41224429 -0.77080256 0.22864993 0.43914357 -0.18134452 0.42802081 0.52667606 -0.76483822 0.26177791 0.53584123 -0.03157762 0.47166374 0.64837646 -0.75799882 0.26154479 0.63771832 -0.09419844 0.55705005 0.50935984 -0.1767194 0.4512347 0.52064282 0.17682007 0.40510249 0.603239 -0.54098272 0.29527402 0.58957613 -0.00742115 0.50359637 0.71077067 -0.13728942 0.39645335 0.71144605 0.26002887
0.37293997 0.40753049 -0.77293676 0.22829063 0.43712175 -0.18238746 0.42808303 0.52303815 -0.77734309 0.25961208 0.53388417 -0.04381986 0.47148985 0.64475226 -0.77484733 0.2607218 0.6360687 -0.11196123 0.55603641 0.50644797 -0.17658088 0.45093456 0.52019697 0.17663561 0.40174773 0.58188415 -0.61921227 0.29529691 0.58970988 -0.03724443 0.51333368 0.70459461 -0.26803803 0.396786 0.71566635 0.2084333 
0.37240598 0.40587616 -0.7721144 0.22833075 0.43426782 -0.16051738 0.42814404 0.52231526 -0.77362442 0.25870511 0.53225642 -0.00772685 0.47148868 0.64196002 -0.77408653 0.26058117 0.6344496 -0.07249153 0.55559218 0.50609481 -0.17704256 0.45102617 0.51895082 0.17709784 0.40665501 0.58534688 -0.54667729 0.29571453 0.58979893 -0.02875462 0.51711917 0.70945168 -0.22221525 0.39747539 0.71544915 0.21513842
0.37239078 0.40583715 -0.77070481 0.22834846 0.43424278 -0.15375559 0.42814556 0.52142334 -0.77344775 0.257121 0.53201407 0.00271526 0.4714945 0.63953644 -0.7746259 0.25933111 0.63327795 -0.06588596 0.55548614 0.50554919 -0.17881858 0.4512369 0.51869774 0.17885575 0.41102436 0.58648896 -0.53546059 0.29555315 0.58970279 -0.02378017 0.51366693 0.70980471 -0.19222184 0.39795703 0.71591604 0.22078232
0.37237996 0.40549937 -0.77042693 0.22838579 0.43413445 -0.17649364 0.42818362 0.52122188 -0.77159715 0.25512284 0.53237659 -0.01895332 0.47106811 0.63844848 -0.77451551 0.25838172 0.63351923 -0.08885141 0.55531901 0.50567085 -0.17764807 0.45138922 0.51857227 0.17764305 0.41558298 0.59472859 -0.49192759 0.29506195 0.5880338 -0.01403393 0.51218438 0.72458041 -0.16217764 0.39897439 0.71523708 0.230863 
0.37255472 0.40425393 -0.8087253 0.22847022 0.43180037 -0.22633317 0.42795524 0.51943779 -0.81003338 0.25444528 0.53165871 -0.0728196 0.47079471 0.63633978 -0.81581879 0.25855705 0.63359392 -0.13581857 0.55532593 0.50073028 -0.17756525 0.45152038 0.51501524 0.17753488 0.4220562 0.59492052 -0.51257318 0.29550049 0.5894869 -0.01218654 0.46777552 0.72806305 -0.18980023 0.40658975 0.71128809 0.23491974
0.37233788 0.40132248 -0.79594499 0.2285078 0.43014064 -0.2122131 0.42797226 0.51778674 -0.79958045 0.25433156 0.53021747 -0.06254382 0.47045377 0.63544029 -0.8106302 0.25850931 0.63332784 -0.12284408 0.55521983 0.49740601 -0.17554156 0.45161957 0.51296276 0.1754594 0.40266573 0.58483082 -0.51631069 0.29553011 0.59016526 -0.02367676 0.48492828 0.70856535 -0.15194549 0.40572497 0.71389997 0.23605704
0.37206846 0.39872074 -0.81655306 0.22873181 0.42941284 -0.21643968 0.427654 0.51676387 -0.82834816 0.25447002 0.52936536 -0.06259293 0.47044021 0.63531756 -0.8299287 0.25856781 0.63150477 -0.12188525 0.55528849 0.49652705 -0.17784132 0.45270145 0.51268947 0.1777066 0.40854529 0.58586925 -0.54030478 0.29555634 0.59119809 -0.02194433 0.46651271 0.71663034 -0.23906004 0.40570626 0.71550113 0.23122999
0.37194809 0.3965492 -0.85738862 0.22843318 0.42847517 -0.24398905 0.42759955 0.51447731 -0.87275535 0.25441882 0.5283711 -0.08996589 0.47052169 0.63352621 -0.87372005 0.25797653 0.63044828 -0.1549466 0.55509025 0.49600279 -0.17968434 0.45237422 0.51286566 0.17956938 0.41740629 0.58816564 -0.55211788 0.29577711 0.59506691 -0.04139351 0.49063179 0.72174084 -0.22301489 0.40348202 0.71581244 0.2238546 
0.37263405 0.39434493 -0.83372068 0.22827777 0.42673451 -0.22760577 0.42762247 0.51231515 -0.84158695 0.25513625 0.52581286 -0.07764564 0.47091374 0.63111782 -0.84761262 0.257927 0.62745345 -0.14083603 0.55509311 0.49605978 -0.1798933 0.45354524 0.51253188 0.17977992 0.42155203 0.58722824 -0.57367414 0.29585177 0.59512109 -0.04026815 0.47968671 0.72062951 -0.23057529 0.40288684 0.71655071 0.24457979
0.37324196 0.39187014 -0.83238214 0.22829109 0.42465413 -0.22199602 0.42786324 0.51075023 -0.83479249 0.25559476 0.52457494 -0.07170981 0.47092453 0.62907022 -0.83875972 0.25790104 0.62530804 -0.13899952 0.5551275 0.49655381 -0.18190931 0.45368528 0.51183885 0.18185544 0.42756596 0.58639115 -0.56943619 0.29638639 0.59501272 0.0187577 0.46780729 0.72541171 -0.26465738 0.4041625 0.71649098 0.29323074
0.37343153 0.38853878 -0.81508958 0.2284126 0.4232831 -0.19950792 0.42929074 0.50821757 -0.82054234 0.25630608 0.52352977 -0.04825779 0.4709557 0.62707728 -0.82571179 0.25788361 0.62425035 -0.11171691 0.55548543 0.49577075 -0.18218045 0.45431459 0.51162076 0.18214184 0.42706227 0.58396727 -0.56707811 0.2977224 0.59540373 -0.00223413 0.46936825 0.72277683 -0.25896251 0.40811214 0.72197521 0.26156124
0.37345019 0.38580132 -0.81253684 0.22821441 0.42143422 -0.19877584 0.43015447 0.50539792 -0.82026947 0.25633743 0.52236885 -0.04522755 0.47093642 0.62306291 -0.82299083 0.25790346 0.6235882 -0.11010816 0.55541903 0.49393618 -0.18220183 0.45430252 0.51030737 0.18216035 0.42636338 0.58322811 -0.5667606 0.29919797 0.59535593 -0.01250379 0.47028974 0.72046649 -0.24502248 0.4085218 0.72461087 0.24862385
0.37384802 0.38406155 -0.82076788 0.2278742 0.41858616 -0.23032275 0.43130317 0.50424379 -0.82568848 0.25593787 0.52198696 -0.07161994 0.47082195 0.62018526 -0.8304863 0.25778368 0.62341595 -0.12827982 0.55540979 0.49137741 -0.18148638 0.45430142 0.50732481 0.18143015 0.42443806 0.58490527 -0.54175407 0.29983005 0.59531671 -0.01532348 0.50485587 0.71683609 -0.16410734 0.40673026 0.72367156 0.26525152
0.3739166 0.38261697 -0.84767306 0.22774576 0.41754538 -0.24872586 0.43175068 0.5023995 -0.85894608 0.25535414 0.52230865 -0.08798011 0.4708001 0.61768234 -0.86329925 0.25776616 0.62252867 -0.142658 0.55450135 0.49049103 -0.18147965 0.45427856 0.50708479 0.18142207 0.42386115 0.58388102 -0.56583196 0.3011477 0.59527057 -0.02205791 0.50609666 0.71329957 -0.16808876 0.40698418 0.72337663 0.26450336
0.37416011 0.38031369 -0.87733424 0.22772869 0.41591465 -0.25985932 0.43204331 0.5005396 -0.88864744 0.25542802 0.52151746 -0.09763025 0.47092828 0.61596191 -0.88761944 0.2577613 0.6207639 -0.15524669 0.55376834 0.49020365 -0.18294239 0.45437106 0.50641137 0.18287526 0.42326546 0.58267885 -0.61891323 0.30228573 0.59459597 -0.02148828 0.48788756 0.71426517 -0.2594834 0.40648621 0.72313482 0.27998793
0.37418222 0.3792724 -0.86108989 0.22750738 0.41206342 -0.27113906 0.43233904 0.49932843 -0.86754751 0.25538188 0.51946896 -0.10766108 0.47093582 0.61550593 -0.8716222 0.25774446 0.61866021 -0.159143 0.55329597 0.48849598 -0.18052679 0.45391375 0.50311595 0.1804143 0.41639274 0.58279097 -0.54771 0.30234438 0.59370488 -0.013928 0.50189048 0.70938414 -0.15845583 0.40629578 0.72288501 0.29351366
0.37507787 0.37972575 -0.85023767 0.22852829 0.41137457 -0.26690045 0.43277392 0.49896619 -0.83741277 0.25470826 0.5181464 -0.08839348 0.47090793 0.61456043 -0.84135258 0.25753945 0.61733246 -0.12984495 0.5531019 0.48747689 -0.18049185 0.45422935 0.50220662 0.18038468 0.41227996 0.58298248 -0.48232836 0.30678931 0.59276128 0.04234377 0.50173032 0.70875084 -0.10095355 0.40587261 0.72274911 0.33600459
0.37514257 0.37832949 -0.84583384 0.22866465 0.40868118 -0.25603187 0.43316603 0.49814609 -0.83714783 0.25455907 0.51605922 -0.08719081 0.47102597 0.61513883 -0.84119481 0.25740787 0.61652666 -0.12888058 0.5531401 0.48436132 -0.17961267 0.45471892 0.50051516 0.17949456 0.41215655 0.58243519 -0.49528152 0.3086012 0.59250039 0.02054219 0.4789435 0.70893985 -0.12906443 0.40586227 0.72259969 0.31718835
0.375705 0.37753013 -0.84530133 0.22915201 0.40807131 -0.25200582 0.43326995 0.4964101 -0.83678746 0.25469556 0.51424062 -0.08078774 0.47097632 0.61268765 -0.84060693 0.25738358 0.61504155 -0.12641461 0.55309021 0.48254412 -0.17979896 0.45545062 0.49969551 0.17967184 0.40961701 0.57819897 -0.51085174 0.30879152 0.59336454 0.00788811 0.47412026 0.70939124 -0.14411271 0.41207516 0.72374767 0.29420358
0.37580201 0.37516516 -0.81437361 0.23000261 0.40704507 -0.24091843 0.43361315 0.49460658 -0.80220395 0.25475496 0.51347792 -0.06666173 0.4709208 0.61031169 -0.81230748 0.25738794 0.61404079 -0.11015859 0.552369 0.48088118 -0.17845564 0.45622197 0.49844238 0.17829777 0.40709099 0.57648778 -0.48465326 0.31143239 0.59310949 0.03088691 0.48685727 0.70180357 -0.0823433 0.41157955 0.72398585 0.32615182
0.37592456 0.37440023 -0.84470469 0.22993772 0.40561643 -0.24755907 0.43375194 0.49234781 -0.84187484 0.25467694 0.51212507 -0.071035 0.47073728 0.60883367 -0.84763283 0.25735223 0.6115557 -0.11812372 0.55080831 0.48088104 -0.17904676 0.45530748 0.49776542 0.17889223 0.40726379 0.57680541 -0.51387781 0.31313357 0.5931561 0.02907358 0.47976053 0.70649022 -0.15445761 0.41140199 0.72443026 0.33071247
0.37598196 0.37345791 -0.85314465 0.22991335 0.40308559 -0.25927985 0.43375117 0.49156097 -0.85773289 0.25465766 0.51035118 -0.09226386 0.47073725 0.60773063 -0.86353171 0.25712523 0.61020023 -0.14330237 0.55079406 0.47805479 -0.17905812 0.45410007 0.49402839 0.17890489 0.41136399 0.57578534 -0.55638689 0.31304532 0.5902921 0.02270415 0.47468624 0.71082091 -0.24283238 0.40950361 0.72415739 0.31382167
0.37589177 0.3706722 -0.85137802 0.22990568 0.40188321 -0.25527909 0.43375996 0.48971435 -0.85632086 0.25436538 0.50814545 -0.08978133 0.47041082 0.60677594 -0.85733002 0.25716382 0.60861719 -0.14282966 0.55036849 0.47524387 -0.17907958 0.4529393 0.49198893 0.17892519 0.40041882 0.57614547 -0.54813612 0.31288502 0.58992738 -0.00566848 0.47312853 0.71016228 -0.19255656 0.40739909 0.72412258 0.28232944
0.37589973 0.36887473 -0.85069203 0.22995409 0.40120396 -0.25179371 0.43440652 0.48860309 -0.85215461 0.25434515 0.50698173 -0.08863205 0.47037643 0.6055854 -0.8550939 0.25718111 0.60755908 -0.14102693 0.55054349 0.47399265 -0.18029957 0.45375842 0.49045584 0.18016845 0.40068272 0.57310569 -0.54933542 0.31272095 0.58605945 0.00716815 0.47037196 0.70985276 -0.22826266 0.40664157 0.72318345 0.28281212
0.37557474 0.36683062 -0.84811562 0.2299467 0.40000227 -0.250379 0.43459591 0.48613444 -0.8496474 0.25492772 0.50366193 -0.08794324 0.47029045 0.6023339 -0.85299486 0.25715375 0.60486674 -0.14044988 0.55101562 0.47334185 -0.18062285 0.45514515 0.48929709 0.18049444 0.39365199 0.57366425 -0.50759375 0.31537366 0.58643824 0.02085895 0.469713 0.70866901 -0.15477201 0.40482837 0.72253841 0.2970323 
0.37535548 0.36299986 -0.85218573 0.23010975 0.39820048 -0.24434133 0.43463394 0.48354197 -0.85865343 0.25674209 0.5007326 -0.08654501 0.47033501 0.59954721 -0.85802412 0.25712651 0.60305941 -0.1389754 0.55324215 0.47026226 -0.18603057 0.45830551 0.48616254 0.18595886 0.40483409 0.56814706 -0.51490569 0.31848198 0.5853461 0.04753622 0.46523485 0.71173841 -0.2502479 0.40564689 0.72122073 0.30537808
0.37519857 0.36139715 -0.84526539 0.23018631 0.39505324 -0.23637874 0.43458691 0.48145625 -0.84279001 0.25729007 0.49762812 -0.08183507 0.47022349 0.59617913 -0.83290386 0.25709715 0.60067254 -0.13375351 0.55376565 0.47027102 -0.18716495 0.46008733 0.48485383 0.18709455 0.39566207 0.57005227 -0.51221019 0.31928492 0.58400398 0.07096801 0.45732698 0.71636301 -0.25761247 0.40572423 0.71641415 0.32463381
0.37524068 0.35899809 -0.85857797 0.23045413 0.3937149 -0.2464086 0.43476894 0.48035672 -0.86421156 0.25800857 0.49663851 -0.10431834 0.47018656 0.59320396 -0.86071801 0.25710383 0.59917641 -0.16753492 0.55402625 0.46801382 -0.18821695 0.46000534 0.48251 0.18817456 0.39585382 0.57221532 -0.50161147 0.31895792 0.58382589 0.05102677 0.45954233 0.71731323 -0.24248697 0.40561628 0.71638107 0.2947948 
0.37532839 0.35616282 -0.8511138 0.23073667 0.39101395 -0.24169193 0.43488613 0.47921854 -0.85900682 0.25885698 0.49452034 -0.10360428 0.47006258 0.59080404 -0.85693693 0.25708804 0.59710175 -0.16354789 0.55453438 0.46514115 -0.1880402 0.45991641 0.48067981 0.18799257 0.4216513 0.56942487 -0.52421951 0.3188692 0.57954675 -0.01403602 0.46010196 0.71719998 -0.23606017 0.40328044 0.71553892 0.24297081
0.37586695 0.35428679 -0.86415839 0.23213643 0.38828737 -0.25399956 0.43525526 0.47788444 -0.8636356 0.25883889 0.49311304 -0.10412503 0.47000903 0.5873341 -0.85579574 0.25704539 0.5959717 -0.16564938 0.55452985 0.46198016 -0.18886636 0.45966098 0.47879055 0.18880829 0.42144504 0.5683744 -0.52196932 0.31875065 0.5790168 -0.02483012 0.46026459 0.71547836 -0.19873995 0.40322024 0.71432465 0.25391245
0.37617013 0.35214147 -0.87808502 0.23290923 0.38642275 -0.2541087 0.43643123 0.4756164 -0.87713933 0.25878865 0.48832864 -0.10176643 0.47097668 0.58687502 -0.87863386 0.25686723 0.59177792 -0.16453853 0.5546307 0.46157792 -0.19220492 0.45998257 0.47818851 0.19217548 0.42843303 0.56577498 -0.57677764 0.31888992 0.57734841 -0.01148905 0.46075243 0.71561551 -0.31685621 0.40195236 0.71119541 0.27677593
0.37627766 0.35087198 -0.87156564 0.2337247 0.38311392 -0.25319529 0.43685612 0.47308299 -0.87646598 0.25896984 0.48543134 -0.10135517 0.47126409 0.58517045 -0.86572212 0.25682837 0.5886966 -0.16067873 0.55486149 0.46199882 -0.19223577 0.46037573 0.47726533 0.192202 0.42827457 0.56666428 -0.53175408 0.31917074 0.57733655 -0.00651965 0.46163216 0.71559596 -0.22993998 0.39989349 0.7103017 0.27590421
0.37668112 0.35047638 -0.841084 0.23519066 0.37930515 -0.24657381 0.43707108 0.47310597 -0.8312158 0.25943938 0.48253042 -0.08863422 0.47202292 0.58465493 -0.83642274 0.2566689 0.58609784 -0.14480998 0.55487114 0.45884189 -0.19135751 0.46048367 0.47351798 0.19132873 0.41473162 0.57235271 -0.48268908 0.31928933 0.57645428 0.00407857 0.4614886 0.71711922 -0.22372617 0.39867276 0.7103743 0.24873197
0.37732548 0.34898427 -0.81881613 0.23623125 0.3759988 -0.23369256 0.43827951 0.47247279 -0.8038044 0.26055408 0.47854027 -0.07710931 0.47170565 0.583893 -0.81062692 0.25670204 0.58255136 -0.14266741 0.55542874 0.4584904 -0.18940935 0.46051067 0.47183257 0.1893601 0.42622292 0.56924915 -0.49417952 0.3181712 0.57373655 -0.04216416 0.46467873 0.71734512 -0.2472038 0.39788893 0.71007508 0.16350967
0.37770179 0.34458902 -0.86846077 0.23627523 0.3728129 -0.25834194 0.43872914 0.46932045 -0.85733151 0.26166794 0.47506422 -0.09630097 0.47179812 0.58179462 -0.86424106 0.25676429 0.58060914 -0.16281265 0.55633551 0.45536363 -0.1902736 0.46062371 0.4688153 0.19022715 0.42565709 0.57603514 -0.53511721 0.31794006 0.5738188 -0.02873822 0.47450617 0.71804291 -0.29237136 0.39998323 0.71024472 0.20687994
0.37821853 0.34378067 -0.8185218 0.23829818 0.3694641 -0.22399484 0.43895033 0.46831563 -0.80405635 0.26203907 0.47372714 -0.07334086 0.47181764 0.58131701 -0.81422848 0.25688925 0.58047569 -0.14743848 0.55915558 0.45586812 -0.18882391 0.46114087 0.46703911 0.18878667 0.43645376 0.57265955 -0.52173191 0.31789434 0.57404459 -0.04160966 0.47453883 0.71842915 -0.2711691 0.39997602 0.71084714 0.17119144
0.37856132 0.3404018 -0.8141374 0.2417064 0.36545858 -0.21693522 0.43910995 0.46479309 -0.80468303 0.26481205 0.46892202 -0.05924467 0.47181636 0.57553869 -0.81482953 0.25688913 0.5759365 -0.14385703 0.56167519 0.45360616 -0.18933864 0.46368614 0.46459582 0.1892672 0.44628984 0.57264864 -0.45444736 0.32413468 0.57354712 -0.03671405 0.47436756 0.72070044 -0.25362211 0.39998427 0.71206421 0.18910383
0.37981865 0.33729109 -0.76247472 0.24320637 0.36192721 -0.19688644 0.4401395 0.459961 -0.7503792 0.2678788 0.46447334 -0.04165561 0.47272161 0.5731656 -0.76014459 0.25688824 0.57121581 -0.11693408 0.56417209 0.45190313 -0.18653041 0.46451542 0.46250561 0.18636967 0.44412205 0.57136822 -0.43127251 0.32566509 0.57336384 -0.03093866 0.47435716 0.72072846 -0.23662344 0.40037617 0.71211606 0.17635037
0.38005453 0.33316582 -0.78640854 0.24322739 0.35727358 -0.20634897 0.44065338 0.4553681 -0.77696586 0.26801321 0.4604193 -0.04434573 0.47366813 0.56823534 -0.78337759 0.25692558 0.56696087 -0.11842158 0.56412756 0.44786236 -0.18449306 0.46444443 0.46000335 0.18432179 0.45067805 0.56941909 -0.4375748 0.32711798 0.57305044 -0.03568763 0.47529683 0.72066116 -0.21816064 0.40038431 0.71217 0.17781202
0.38065791 0.33162144 -0.72580707 0.24634662 0.35355631 -0.17867461 0.44094273 0.45448333 -0.69854575 0.27062124 0.45810542 -0.03269501 0.47382763 0.56609493 -0.69357949 0.25988832 0.56709373 -0.09702365 0.5663901 0.44819328 -0.17869845 0.46485233 0.45772654 0.17860731 0.45682186 0.56940752 -0.38881618 0.32712859 0.56856376 -0.01063523 0.47149569 0.72121847 -0.1844154 0.40105629 0.71190894 0.18461488
0.38167468 0.32854441 -0.6893003 0.24851778 0.35161456 -0.16672938 0.44344634 0.45192426 -0.65780932 0.27106252 0.45617589 -0.02430346 0.4741784 0.55994618 -0.64902192 0.26031873 0.56233031 -0.09050967 0.5675807 0.4479143 -0.17669541 0.46517354 0.45610482 0.1765537 0.45438963 0.56779093 -0.3860164 0.32690632 0.56600356 0.00324044 0.47001708 0.72216403 -0.20380859 0.4007248 0.71150154 0.15524279
0.38187426 0.32516378 -0.67190725 0.25059381 0.34737402 -0.1480329 0.44445881 0.44444647 -0.65229934 0.27097592 0.45246169 -0.00221711 0.47409341 0.55260336 -0.66094452 0.26005441 0.55889875 -0.06408557 0.56727636 0.44631246 -0.17661224 0.46543247 0.45335487 0.17647654 0.43574664 0.56903464 -0.34391323 0.32797664 0.56315809 0.03742035 0.46571431 0.72200644 -0.20449868 0.40188462 0.71031338 0.16556528
0.38311082 0.32338002 -0.64815742 0.25305927 0.34012598 -0.12901701 0.44675869 0.44300833 -0.62149161 0.27557987 0.4490445 0.01267177 0.47428289 0.55272138 -0.61677015 0.26007506 0.5562669 -0.04335485 0.56711239 0.44522899 -0.17619722 0.46741909 0.45130163 0.17606324 0.43163607 0.56305206 -0.33889195 0.32799089 0.56228322 0.04032669 0.46321601 0.72189265 -0.20230223 0.40574273 0.71034181 0.16722958
0.38444912 0.318892 -0.67517048 0.25268713 0.3336328 -0.15816456 0.44683579 0.43899289 -0.63962501 0.27859926 0.44363499 -0.00779975 0.47427249 0.55073434 -0.63418853 0.26010391 0.55364394 -0.08310495 0.56724888 0.44084454 -0.17636105 0.46758404 0.44845262 0.17617233 0.44273555 0.56334901 -0.37196323 0.33009079 0.56324714 0.01096776 0.46479008 0.7218188 -0.21277373 0.40605608 0.71112055 0.15363637
0.3864294 0.31472245 -0.62714791 0.25241253 0.33442345 -0.13486785 0.44750148 0.43515512 -0.59240854 0.27844474 0.44425422 0.01632036 0.47426063 0.54581714 -0.58245552 0.26086107 0.55150497 -0.03106504 0.56713331 0.43819773 -0.17284133 0.46802598 0.44654703 0.17261124 0.44203651 0.55849671 -0.33034596 0.33029094 0.55878228 0.02003611 0.46494326 0.72035182 -0.19868413 0.40615678 0.70984805 0.15676582
0.38835177 0.31245837 -0.66725975 0.25334135 0.333857 -0.13673547 0.44939005 0.43273717 -0.64037508 0.2810871 0.44346681 0.01530272 0.47573802 0.54232723 -0.63775814 0.26326635 0.5498687 -0.03815296 0.56826341 0.43932122 -0.17294087 0.46978724 0.4477393 0.17269123 0.45592046 0.56318986 -0.33111253 0.34080589 0.55957258 0.03525843 0.46961674 0.72051227 -0.18616164 0.40611261 0.71067154 0.18774644
0.38855287 0.30730647 -0.68379968 0.25437692 0.33234051 -0.14323674 0.45086804 0.42491862 -0.65952176 0.28141266 0.44048443 0.01150596 0.4759869 0.53498721 -0.64450669 0.26360771 0.54530358 -0.05162304 0.56821418 0.43764693 -0.17439683 0.46988609 0.44619906 0.17413548 0.45695722 0.56147456 -0.35489243 0.34043568 0.55896622 0.00341758 0.47442603 0.71751004 -0.23471163 0.40612885 0.71057338 0.16281247
0.39023083 0.30139607 -0.6895234 0.25619477 0.32981899 -0.15353847 0.45368567 0.41953939 -0.68007594 0.28390461 0.4367767 0.01064646 0.47762495 0.53158563 -0.699031 0.26515529 0.54072392 -0.05211287 0.56769264 0.43406513 -0.17442065 0.46988776 0.44399229 0.1741741 0.46646088 0.56942856 -0.36416075 0.34758902 0.56160855 -0.00566274 0.48003688 0.71753275 -0.26660639 0.40638942 0.71279293 0.13439894
0.39408329 0.30247164 -0.70210302 0.25832087 0.32764056 -0.1691826 0.45517626 0.42229393 -0.68038076 0.28720915 0.43413562 -0.01768029 0.4809646 0.53237462 -0.69893777 0.26871443 0.53851324 -0.07765309 0.56765652 0.43105575 -0.17391971 0.46982342 0.44113863 0.17372349 0.47116086 0.56937331 -0.41163149 0.34787002 0.56158173 -0.00389674 0.48398182 0.71854043 -0.3487373 0.40619767 0.71343535 0.13118607
3.94141167e-01 2.95710444e-01 -6.88336551e-01 2.59684414e-01 3.21572125e-01 -1.46092221e-01 4.56369251e-01 4.11758125e-01 -6.72534883e-01 2.92553872e-01 4.27113175e-01 4.33448440e-05 4.83852178e-01 5.18513024e-01 -6.97187901e-01 2.71624595e-01 5.29211581e-01 -6.78893030e-02 5.63822210e-01 4.29616988e-01 -1.74191594e-01 4.68920618e-01 4.39849049e-01 1.74051955e-01 4.68208939e-01 5.69471359e-01 -4.37338859e-01 3.48903954e-01 5.60997307e-01 -4.15832223e-03 4.83905762e-01 7.19759345e-01 -3.88713568e-01 4.06211048e-01 7.13417351e-01 1.12623833e-01
0.39572823 0.28978884 -0.68121493 0.26108563 0.3151089 -0.10813013 0.45843634 0.40373003 -0.67479539 0.29559571 0.42206386 0.039522 0.48774725 0.51260126 -0.70206833 0.27124706 0.52457392 -0.03486496 0.56126547 0.42820063 -0.17843805 0.467765 0.43821487 0.17836757 0.46312794 0.5685119 -0.49097025 0.34874874 0.5606277 -0.00342525 0.48453489 0.71987337 -0.48331469 0.4053905 0.71368331 0.0976871 
0.39799482 0.28491625 -0.70866382 0.26498243 0.30845058 -0.12328821 0.46007469 0.39847907 -0.71814156 0.29785991 0.41809598 0.02539321 0.48864797 0.50587726 -0.76726466 0.27148286 0.52063924 -0.04784301 0.5579831 0.42701331 -0.18597615 0.46532768 0.43595222 0.1859124 0.45143354 0.56633943 -0.5254423 0.34820169 0.55891019 0.0232217 0.48407605 0.71987593 -0.50070137 0.40551651 0.71311545 0.16722311
4.00292456e-01 2.75492102e-01 -6.85957253e-01 2.71806479e-01 2.99156159e-01 -6.95282072e-02 4.60761428e-01 3.87202561e-01 -7.12113917e-01 3.02419007e-01 4.12833720e-01 7.29343817e-02 4.89751339e-01 4.98926759e-01 -7.55614042e-01 2.73011714e-01 5.15484691e-01 -3.56776714e-02 5.50799489e-01 4.28184360e-01 -1.86737865e-01 4.57214624e-01 4.36561286e-01 1.86658233e-01 4.51448679e-01 5.66811860e-01 -4.43567008e-01 3.48036706e-01 5.61354935e-01 1.14602917e-04 4.83720005e-01 7.20646858e-01 -4.47456539e-01 4.05615211e-01 7.17763066e-01 1.04988813e-01
0.40347242 0.26457718 -0.62962413 0.27965608 0.28854576 -0.00156458 0.46141231 0.37762541 -0.67988515 0.30976132 0.39984939 0.11829614 0.48943216 0.4914645 -0.7386784 0.27473906 0.50615919 -0.00627953 0.54436654 0.42829809 -0.18857896 0.44611683 0.43665507 0.18854131 0.45121646 0.56674004 -0.44629151 0.34761089 0.56312019 -0.00481172 0.4859544 0.72226846 -0.42212376 0.40653265 0.72018063 0.09664574
0.40632561 0.25112796 -0.59314269 0.28901228 0.28363028 0.0394083 0.46475649 0.36721438 -0.64185834 0.31256995 0.39730081 0.15710998 0.48926312 0.48306659 -0.69312704 0.27536798 0.50002676 0.0465585 0.53700536 0.42880508 -0.18927427 0.44088078 0.43676239 0.18926498 0.45135036 0.56753361 -0.39244121 0.34739667 0.56441772 -0.04510386 0.48608088 0.72377115 -0.32285714 0.40953168 0.72209996 0.06199042
0.41681302 0.24183851 -0.59650648 0.30247706 0.27560559 0.06757203 0.46815136 0.35688552 -0.64852989 0.31571513 0.38758251 0.17402545 0.48945838 0.47438335 -0.68351179 0.27723387 0.48926443 0.05078594 0.53207582 0.42910168 -0.19690371 0.44038615 0.43696991 0.19680695 0.45135799 0.57024091 -0.38197723 0.34984434 0.57109392 -0.03302469 0.48594427 0.72531855 -0.29449654 0.41141361 0.72324413 0.08066512
0.42530483 0.23472644 -0.58522362 0.31215969 0.2690883 0.06261177 0.47032067 0.34795657 -0.64713496 0.31753683 0.38074234 0.17488064 0.49089462 0.46405289 -0.68358922 0.2769435 0.48484138 0.05017454 0.5274561 0.42884347 -0.19922878 0.44069898 0.43731585 0.19902918 0.45237613 0.57295775 -0.34924302 0.35972649 0.57392061 -0.00330749 0.48583838 0.72704679 -0.25314257 0.41615832 0.72480625 0.10372587
0.43979815 0.23115659 -0.56642151 0.32207927 0.26368541 0.06944901 0.47364175 0.34231502 -0.63218594 0.32290187 0.3725172 0.18843363 0.49415249 0.45595166 -0.65703422 0.27760503 0.47134727 0.06564529 0.51498103 0.42902708 -0.1981582 0.43278059 0.43758526 0.19796532 0.45585501 0.57785922 -0.29068902 0.36583483 0.57999456 0.05721244 0.48580429 0.72812569 -0.17478633 0.42557859 0.72675174 0.1737348 
0.44875121 0.22690104 -0.55938381 0.33948317 0.25952339 0.13610187 0.47629276 0.33828318 -0.62263548 0.32966036 0.36844695 0.25830293 0.49432734 0.45032373 -0.65054178 0.27901492 0.46068075 0.15434459 0.50238407 0.43013141 -0.2050066 0.42720667 0.43889427 0.20471565 0.45854944 0.58023286 -0.27582979 0.36681026 0.58083236 0.12486899 0.48536575 0.72844827 -0.1371749 0.42385507 0.72885388 0.26557001
0.45904568 0.22374307 -0.53955656 0.35830849 0.25338987 0.17621864 0.48264205 0.33299008 -0.60989809 0.33575761 0.36055833 0.30628431 0.49488029 0.44266951 -0.65550566 0.28195357 0.44655663 0.23102881 0.49360448 0.43050763 -0.20644446 0.41892412 0.43897113 0.20610441 0.45381099 0.58105528 -0.23297882 0.37989548 0.58195442 0.20232339 0.4853276 0.72851855 -0.09767069 0.42275518 0.72803777 0.33340758
0.47937971 0.21965119 -0.46614689 0.36770269 0.24771687 0.20811655 0.49426457 0.32559738 -0.54936051 0.34461337 0.35560673 0.32610187 0.49561676 0.43329129 -0.59516364 0.28445357 0.44359025 0.24451898 0.49046987 0.43050033 -0.20224239 0.40367281 0.43796936 0.20192139 0.45639125 0.58057106 -0.24932161 0.37563086 0.5805524 0.13576616 0.48877257 0.72882426 -0.1541144 0.41926035 0.72751385 0.25764883
0.50357819 0.22023071 -0.39438444 0.37555167 0.24408577 0.2585384 0.50535077 0.32537362 -0.46575791 0.3467072 0.35344839 0.37126291 0.49579677 0.42851037 -0.46691027 0.28593862 0.44257382 0.27339029 0.4877907 0.43174526 -0.18670243 0.3898997 0.43800914 0.18646722 0.4610689 0.5816285 -0.18487515 0.37755603 0.58248103 0.1353939 0.48850769 0.72926354 -0.07237328 0.41488585 0.72714216 0.26904908
0.51281822 0.21619269 -0.28864816 0.38528603 0.2418883 0.32023787 0.51086718 0.31700128 -0.39226398 0.34926051 0.35162577 0.41634324 0.49567646 0.41838533 -0.46635604 0.29111916 0.4395746 0.31261879 0.48637742 0.42837873 -0.17636272 0.38871819 0.43323907 0.17607518 0.46151724 0.58128434 -0.19063748 0.38165653 0.58146274 0.11491549 0.49010682 0.73047501 -0.1313373 0.40938875 0.72687882 0.17775126
0.52682912 0.21602298 -0.24823827 0.39439112 0.23966122 0.31747881 0.5248071 0.31443125 -0.36505413 0.3550013 0.35149553 0.41887406 0.49566254 0.41359982 -0.45230511 0.29066065 0.4392826 0.29353371 0.48317227 0.42560717 -0.163782 0.38051993 0.42814416 0.16354325 0.467758 0.58094084 -0.17635439 0.38658398 0.58081025 0.10656255 0.48994723 0.73036593 -0.13610035 0.40796286 0.72678381 0.1273361 
0.53529835 0.21742943 -0.2289609 0.40244243 0.24502863 0.33362606 0.53415513 0.31339613 -0.36835778 0.35625052 0.3543449 0.42910638 0.49615157 0.41066822 -0.47875693 0.29013517 0.43928397 0.29637697 0.48121619 0.42458597 -0.16329142 0.37601805 0.42851427 0.16306479 0.47367939 0.58081728 -0.19740851 0.38734266 0.58038652 0.09617617 0.48893276 0.73034805 -0.14899804 0.40806189 0.72696984 0.08394113
0.54250771 0.21997987 -0.23360953 0.40387973 0.2425762 0.3052004 0.54710209 0.32016632 -0.35533777 0.32876918 0.33432138 0.4044143 0.4961051 0.41697407 -0.44852522 0.27192572 0.43404368 0.28444037 0.47312364 0.42474768 -0.15568312 0.36600778 0.42901966 0.1555493 0.47438529 0.57920939 -0.19738513 0.3889468 0.58025992 0.09416131 0.49186802 0.72858882 -0.1591168 0.40768176 0.72553098 0.08731867
0.55477077 0.22097032 -0.19201823 0.40403509 0.24491949 0.28681755 0.55059493 0.3235679 -0.29770693 0.3432278 0.34285697 0.37448114 0.49672359 0.41674435 -0.37708014 0.2847431 0.4373005 0.25528103 0.4739497 0.42493841 -0.14977272 0.36525393 0.42926872 0.14960571 0.47512558 0.578354 -0.19160198 0.39055815 0.58187467 0.10590332 0.49238032 0.7285853 -0.14750676 0.40866488 0.7255038 0.10644373
0.5621509 0.23341766 -0.1514602 0.40300888 0.24641331 0.2907604 0.55676478 0.32498586 -0.25504854 0.35766521 0.34526762 0.36525804 0.49948505 0.41835514 -0.33503973 0.29291776 0.43864176 0.25338605 0.47720161 0.42616308 -0.13779072 0.36445743 0.42965755 0.13762188 0.47927731 0.57814544 -0.20522182 0.39181706 0.58168423 0.10365328 0.49213755 0.7286517 -0.15332867 0.40798607 0.72511494 0.1113347 
0.56593162 0.23820168 -0.18029033 0.41123047 0.24664228 0.29989102 0.56001884 0.32526794 -0.28592604 0.37209746 0.34665707 0.37750661 0.50338095 0.41766104 -0.35983407 0.30040699 0.4387306 0.24912524 0.47860667 0.42701259 -0.13975164 0.36916748 0.42992184 0.13961223 0.48272568 0.57805991 -0.20397544 0.3924278 0.58145946 0.10223788 0.49331123 0.72861189 -0.15493076 0.4081172 0.72507691 0.11735513
0.56824607 0.24176785 -0.18043405 0.4177779 0.25121611 0.30839074 0.55830956 0.32860154 -0.28561163 0.3748365 0.35279953 0.38787532 0.50439262 0.41975948 -0.36650798 0.30064589 0.43918428 0.25056088 0.47991598 0.42754415 -0.14395079 0.37069315 0.43007872 0.14379141 0.48218191 0.57796806 -0.21328694 0.39331439 0.58130091 0.10296527 0.49480993 0.72850549 -0.18631424 0.40836751 0.72527444 0.11993176
0.56746888 0.24455006 -0.19789398 0.42495394 0.2567893 0.30025291 0.55826175 0.33158922 -0.29839101 0.37926874 0.36000815 0.37960282 0.50539327 0.42060262 -0.3683795 0.30197766 0.43919006 0.24781881 0.48051107 0.42978078 -0.14546874 0.37135887 0.43204173 0.14530045 0.48278186 0.5779044 -0.22734037 0.39486799 0.58126462 0.10288136 0.49461031 0.728396 -0.21202213 0.40841284 0.72506183 0.12340572
0.56411201 0.24398445 -0.20668976 0.42378685 0.25964391 0.2982161 0.55747104 0.33220181 -0.29658169 0.3791942 0.36479738 0.38054577 0.50590056 0.42138746 -0.36479369 0.30137423 0.43945485 0.24483493 0.48104864 0.43086198 -0.14697814 0.37256834 0.43293494 0.14680624 0.48391983 0.57847118 -0.22384368 0.39756113 0.5811587 0.11478322 0.49501529 0.72847456 -0.20439233 0.40875018 0.72505116 0.12402499
0.56421262 0.24403936 -0.19440618 0.42281196 0.26169032 0.30676571 0.55612165 0.33371651 -0.28188229 0.37686789 0.36696643 0.38858804 0.50594574 0.42195693 -0.3506076 0.30073348 0.4393307 0.24924822 0.48096284 0.43099847 -0.14795497 0.3730208 0.43306154 0.14778097 0.48508272 0.57845271 -0.22650501 0.39775836 0.58099258 0.11179421 0.49595484 0.72849625 -0.21082062 0.40877408 0.72520363 0.1250166 
0.56099701 0.24355946 -0.21061192 0.42198652 0.26138026 0.30608344 0.55497932 0.33412647 -0.30157813 0.37586555 0.36667484 0.38506898 0.50636971 0.42330277 -0.3701055 0.30029792 0.43878672 0.2471492 0.48124763 0.43112528 -0.15362737 0.37317863 0.43295366 0.15342331 0.48462626 0.57840782 -0.22655202 0.39607614 0.58068043 0.12469234 0.49584034 0.72849 -0.20665368 0.40857896 0.72519898 0.14689359
0.55894095 0.24270056 -0.26117021 0.42015845 0.25759834 0.30412304 0.55444062 0.33415127 -0.34403497 0.37453684 0.36642048 0.37846056 0.50641835 0.42394528 -0.40298155 0.29998571 0.43886045 0.23953538 0.48303771 0.43073606 -0.15756422 0.37538517 0.43253306 0.15734838 0.48437205 0.57747006 -0.22067408 0.3935979 0.58058983 0.13943394 0.49621829 0.7270909 -0.18542586 0.40901932 0.72519052 0.17191967
0.55284065 0.24011159 -0.33527601 0.41924977 0.25264022 0.25624308 0.55378443 0.33414051 -0.41193137 0.37113687 0.36421302 0.35063216 0.50710618 0.42594576 -0.46370432 0.29879785 0.43904677 0.22212858 0.48307201 0.43031445 -0.16623913 0.37775528 0.43210179 0.16595277 0.4820897 0.57639766 -0.22459382 0.38532302 0.58017975 0.15722807 0.49594331 0.72671038 -0.18179555 0.40931794 0.72478014 0.20348695
0.54804122 0.23510832 -0.31534791 0.41272542 0.24664703 0.25816959 0.55367368 0.33349851 -0.39165309 0.37046078 0.36319295 0.36136055 0.51101422 0.42624146 -0.45751074 0.29872498 0.43916303 0.24344923 0.48555535 0.43027645 -0.16954422 0.38113379 0.43206504 0.16925509 0.48197249 0.5763216 -0.20955558 0.37692532 0.58014649 0.17144805 0.49588466 0.72670257 -0.13433726 0.4093647 0.72477698 0.24016562
0.53800553 0.23036228 -0.3316631 0.39296886 0.24141555 0.25862128 0.55071867 0.33281019 -0.3995617 0.3652595 0.36005268 0.37412032 0.5130403 0.4289875 -0.45393971 0.29861721 0.44061631 0.26181149 0.48607889 0.43024868 -0.17519835 0.38143763 0.43161801 0.17490803 0.47797689 0.57715631 -0.17677167 0.37249309 0.58054107 0.19045047 0.49581784 0.72682303 -0.05586861 0.40949109 0.72284263 0.30708036
0.52471924 0.22778225 -0.3711918 0.38648695 0.24036074 0.27796581 0.54294443 0.33143896 -0.44728932 0.36064228 0.36001489 0.40323025 0.51281255 0.43179348 -0.47186062 0.29791868 0.44488436 0.30800614 0.48516575 0.43058905 -0.18647775 0.38233617 0.43227142 0.18616724 0.46958366 0.57797277 -0.16700459 0.37167042 0.58112228 0.20713866 0.49404326 0.72675455 -0.0284585 0.41326469 0.72382432 0.33972883
0.50693238 0.22608159 -0.38216543 0.36807299 0.23909529 0.27368671 0.53514695 0.33151305 -0.45543185 0.35097328 0.35920745 0.40011811 0.51336765 0.43598312 -0.47282299 0.29785797 0.44681033 0.29204962 0.47888479 0.43151286 -0.19245209 0.3818101 0.43324411 0.19210634 0.45094019 0.57843482 -0.16743207 0.3711502 0.58124632 0.19154814 0.49106914 0.72715193 -0.04942582 0.41579738 0.72337818 0.32231197
0.50162828 0.22553577 -0.36769864 0.34872738 0.24053921 0.27414227 0.52378821 0.33161262 -0.43828538 0.33988953 0.35929304 0.40084189 0.51328313 0.43956602 -0.46094608 0.29442328 0.4501805 0.30854878 0.47915825 0.43561852 -0.19420326 0.37699765 0.43840331 0.19384462 0.44963729 0.58088022 -0.15533127 0.35677621 0.58254886 0.18362136 0.49024889 0.72688371 0.00746014 0.41541401 0.72331995 0.36430222
0.49100357 0.22576949 -0.41516611 0.32816875 0.24131504 0.19893485 0.51393795 0.33687702 -0.46836841 0.33189717 0.36227039 0.31826052 0.51305342 0.44943967 -0.46130544 0.28835869 0.4593285 0.20985708 0.47940311 0.44132936 -0.19195162 0.37577555 0.44509235 0.19161186 0.45209223 0.58403242 -0.15706052 0.35439178 0.58428311 0.16948359 0.48956987 0.7275632 0.03144773 0.41530657 0.72388071 0.35812312
0.47391558 0.22727419 -0.43286526 0.3190003 0.24432565 0.16671053 0.50220895 0.34106958 -0.47468668 0.32726815 0.36382142 0.30537143 0.51154345 0.45379502 -0.46357805 0.28608403 0.46652275 0.19963108 0.47817388 0.44274244 -0.19054963 0.37362492 0.44796446 0.19026987 0.45398775 0.58631682 -0.14220332 0.35117429 0.58623242 0.15338273 0.48748696 0.72787845 0.07356828 0.41488945 0.72419101 0.36562246
0.45745865 0.23582004 -0.51958746 0.30969071 0.24894074 0.10869475 0.4934935 0.35440436 -0.54277933 0.32885608 0.37149218 0.27053872 0.50979054 0.4690749 -0.51731974 0.28469214 0.48126051 0.16728745 0.47102708 0.45054162 -0.19084911 0.37325037 0.45440087 0.19052382 0.44465336 0.59047687 -0.14531797 0.35384837 0.58932048 0.18520424 0.47615662 0.72809577 0.09337107 0.41482636 0.72558594 0.43051937
0.44793624 0.24630156 -0.51054984 0.29357123 0.25604677 0.07631309 0.48646823 0.36185709 -0.51518327 0.32343754 0.37773198 0.23630765 0.50856549 0.47297478 -0.4800939 0.28381741 0.49136436 0.14772134 0.47170177 0.45112762 -0.18219797 0.37452409 0.45704311 0.18186605 0.44757405 0.59163946 -0.14747678 0.35533553 0.5921067 0.1249614 0.47661239 0.72837186 0.07534388 0.41476256 0.72722971 0.39469606
0.43668434 0.25588503 -0.55230272 0.29254946 0.27039731 0.03335375 0.48191693 0.37278911 -0.55045545 0.32005298 0.3908858 0.20211171 0.50849301 0.48556015 -0.51585001 0.28297016 0.50221658 0.12330321 0.47332224 0.4544962 -0.18107973 0.37698925 0.46106574 0.18073389 0.4486447 0.59244251 -0.15142383 0.35645866 0.59157884 0.11067486 0.47958544 0.72928911 0.04875867 0.41469654 0.72673243 0.36693385
0.41911682 0.26385984 -0.52955794 0.27998143 0.28104678 0.00552253 0.47475123 0.38404962 -0.52907437 0.3137165 0.39960399 0.16750702 0.50842744 0.49621662 -0.50217289 0.28278002 0.50815207 0.08587671 0.47381631 0.45332989 -0.17116532 0.37808827 0.45818275 0.17086403 0.4465965 0.5785926 -0.32924238 0.36299103 0.5860433 0.00149648 0.47997019 0.72926831 -0.25141048 0.41579595 0.72619468 0.10882799
0.41115874 0.27224287 -0.53200769 0.2767092 0.30034772 0.02034773 0.47172242 0.38692287 -0.52837092 0.29822069 0.41327125 0.1677575 0.50706732 0.50228333 -0.49561757 0.28238618 0.51719004 0.08066739 0.47877881 0.44883981 -0.16224892 0.38103929 0.45673436 0.16209607 0.44908372 0.56509262 -0.5158096 0.35958785 0.57130492 -0.17196585 0.48239842 0.72964233 -0.51599687 0.41388336 0.72483075 -0.12285264
0.40666342 0.28600854 -0.57756108 0.26821104 0.31406596 -0.02167888 0.46988362 0.40178332 -0.57115 0.29004526 0.42228034 0.1391793 0.50373101 0.51314551 -0.52881843 0.27985308 0.5269891 0.05322257 0.49107215 0.44813672 -0.15678057 0.38592023 0.45758009 0.15671098 0.46224296 0.56892037 -0.48030877 0.35493991 0.56847793 -0.17828497 0.48531601 0.73086661 -0.45674744 0.41281921 0.72483355 -0.10710407
0.40058509 0.29911411 -0.67680657 0.25600544 0.32180443 -0.13308145 0.46001855 0.42072093 -0.66179746 0.28377098 0.43202811 0.02608614 0.50043344 0.52916855 -0.65257728 0.2746385 0.53946501 -0.03932497 0.49958739 0.45091355 -0.15314789 0.39100999 0.46003312 0.15301806 0.46592358 0.5770334 -0.42451614 0.35474554 0.57081574 -0.06526968 0.4893935 0.73156548 -0.38843295 0.41271731 0.72406685 -0.08025458
0.39038971 0.3087278 -0.72552454 0.24341142 0.33804041 -0.16755641 0.45838886 0.43394196 -0.73421615 0.27504998 0.44532517 -0.02772769 0.49485683 0.54649228 -0.74875975 0.26903534 0.54928452 -0.12833679 0.50004822 0.45701668 -0.15405574 0.39165172 0.47282737 0.15395451 0.46637285 0.57995039 -0.49786693 0.35327837 0.57103038 0.0605425 0.48986268 0.73065341 -0.3919836 0.41307002 0.72389859 0.27680612
0.38880202 0.32436073 -0.68695384 0.24543646 0.35054582 -0.13652205 0.45929909 0.452236 -0.67187977 0.27239019 0.45917466 0.0081358 0.49390095 0.56597078 -0.66757178 0.26824585 0.56402171 -0.066864 0.51473963 0.46043923 -0.15453339 0.40615335 0.47397378 0.15439166 0.46525866 0.58227158 -0.45181641 0.34524664 0.57393366 0.14165446 0.48263368 0.73053873 -0.28491539 0.41416329 0.72150141 0.34029713
0.38683891 0.34068373 -0.74512517 0.23793219 0.36716166 -0.20785688 0.46161792 0.47507465 -0.73002571 0.2661615 0.47346339 -0.0670651 0.49149454 0.58088356 -0.74301678 0.26916188 0.57690692 -0.14128882 0.52961808 0.46187785 -0.15537952 0.41793361 0.47427803 0.15522598 0.45347771 0.58002585 -0.40588602 0.33836186 0.57577974 0.09666289 0.48254332 0.72866148 -0.257691 0.41410008 0.71974695 0.27501485
0.38306597 0.35607544 -0.84491569 0.23422603 0.37922874 -0.26717108 0.45976478 0.4886888 -0.84225303 0.2619608 0.48878387 -0.12729287 0.49176019 0.59824938 -0.8436563 0.26531759 0.59391308 -0.22145005 0.54016078 0.4713513 -0.16615048 0.43119857 0.47965533 0.16606247 0.42624301 0.59151381 -0.43415478 0.31995201 0.58115274 0.08491157 0.48404303 0.72921491 -0.20439605 0.41221938 0.71703875 0.3811177 
0.38439968 0.37365395 -0.8908816 0.23026869 0.39953548 -0.32856604 0.45811066 0.50381684 -0.87215418 0.26108012 0.50604904 -0.18457115 0.49155357 0.61673665 -0.82799929 0.26574525 0.60910577 -0.26486951 0.54270118 0.47429112 -0.16843052 0.4309229 0.48647779 0.16833627 0.42795092 0.59116518 -0.53325272 0.31244773 0.58748049 0.02697593 0.48407713 0.72922283 -0.26217714 0.40653613 0.71524262 0.35183781
0.38065243 0.38793868 -0.90801388 0.22586562 0.41840932 -0.34523258 0.45745704 0.52077824 -0.92704743 0.25911096 0.52558434 -0.23813812 0.48905295 0.63494587 -0.91498286 0.26595172 0.63096809 -0.32449493 0.54645246 0.4784582 -0.16851465 0.43442383 0.49529603 0.16842867 0.42252296 0.58958393 -0.61602139 0.31678542 0.59357959 -0.09129366 0.48328146 0.73061556 -0.38638496 0.41181198 0.71550125 0.18665831
0.37728038 0.404668 -0.90275228 0.22505131 0.44070596 -0.31847146 0.45451081 0.53691739 -0.93410689 0.25713718 0.54531896 -0.22526096 0.489252 0.65120792 -0.92183876 0.26674512 0.64454883 -0.30910876 0.54801649 0.48766237 -0.17254625 0.43349892 0.50752193 0.17252578 0.41234854 0.5883857 -0.71408421 0.2943604 0.59409803 -0.10028253 0.47990072 0.7286948 -0.49157947 0.39112389 0.71740454 0.14366028
0.3701891 0.41697633 -0.91882765 0.22277983 0.45760381 -0.29528534 0.45356777 0.54665124 -0.98865652 0.25596455 0.55896628 -0.20379461 0.49036276 0.66198695 -0.99683565 0.26492563 0.65417761 -0.28181571 0.55217272 0.49257672 -0.18486445 0.44385031 0.51474947 0.18487237 0.40662611 0.58598483 -0.68661469 0.29986703 0.59754628 -0.05369982 0.49362499 0.71348959 -0.44900882 0.39354745 0.71686006 0.18501915
0.36288813 0.42729005 -0.87215394 0.22027813 0.46196073 -0.25920567 0.45883292 0.54022515 -0.93154573 0.25472471 0.55559635 -0.1488896 0.48553082 0.66124046 -0.9322238 0.26291835 0.64886844 -0.23132657 0.55103165 0.50048488 -0.18893966 0.4454889 0.51941472 0.18894683 0.4044404 0.5859431 -0.61754096 0.29169571 0.5967983 -0.04361957 0.4797048 0.71641296 -0.43186849 0.39048633 0.71115613 0.16770643
0.35906109 0.42968175 -0.89517564 0.2188765 0.46349123 -0.25626564 0.48152065 0.5383141 -0.94387203 0.2537922 0.5545302 -0.13112225 0.4851945 0.65242296 -0.93712229 0.26339689 0.64248371 -0.22742391 0.55158728 0.50318778 -0.1885592 0.44788399 0.51696593 0.18865225 0.38386005 0.59203541 -0.58299202 0.29540297 0.59673119 -0.06910977 0.47427481 0.71368033 -0.18070963 0.41076365 0.7053808 0.18504566
0.35712048 0.43056527 -0.87161094 0.2180669 0.46390247 -0.23887426 0.49040595 0.53658563 -0.90807915 0.25330299 0.55648613 -0.09302476 0.48565805 0.65559512 -0.90352958 0.26370096 0.64425355 -0.16814956 0.5546065 0.50164711 -0.18822297 0.45474398 0.51705474 0.188298 0.39110637 0.58524895 -0.60273927 0.29254153 0.5972631 -0.08599512 0.46466801 0.70983964 -0.21915506 0.41333815 0.70738494 0.14322345
0.3566798 0.42753416 -0.86533737 0.21674061 0.46489868 -0.22992234 0.48623097 0.53750002 -0.91493535 0.25320494 0.55732608 -0.09243836 0.48597723 0.65730458 -0.91162699 0.26568741 0.65065891 -0.16819471 0.55512947 0.4988524 -0.1878618 0.45535702 0.51690871 0.18786691 0.39210886 0.57888418 -0.63298023 0.28975347 0.59918141 -0.08227833 0.47124457 0.68487668 -0.2434893 0.40725753 0.71224856 0.12220449
0.34627783 0.42547458 -0.85194105 0.21549016 0.46373832 -0.18630135 0.45972469 0.535429 -0.91557324 0.24875788 0.56110793 -0.09254808 0.48415476 0.65915799 -0.91918671 0.26609391 0.65451223 -0.16714673 0.56036741 0.49782488 -0.19371524 0.46496022 0.51693583 0.19356008 0.39423954 0.55325204 -0.73746526 0.2856847 0.59856474 -0.06989579 0.47172692 0.69644266 -0.52447462 0.3977147 0.71590084 0.08211143
0.34336203 0.42672792 -0.86148453 0.21402736 0.46085617 -0.18129481 0.44836378 0.53588766 -0.95888221 0.23953196 0.559057 -0.07548202 0.48100495 0.66025752 -0.97009265 0.2641398 0.64953387 -0.14912401 0.55963033 0.49905664 -0.19851317 0.46557862 0.51719624 0.19830111 0.38791507 0.54639047 -0.71829838 0.28562582 0.59827232 -0.04656463 0.46751496 0.70076561 -0.52086884 0.39855024 0.71402663 0.11866889
0.34568337 0.42373547 -0.8668372 0.21224785 0.45999518 -0.18562418 0.44044623 0.53467172 -0.96847373 0.23660927 0.55845886 -0.08090004 0.47979832 0.65767014 -0.98078114 0.26418877 0.64769745 -0.1789055 0.56094378 0.49890524 -0.2006705 0.46742705 0.51915079 0.20040831 0.38617641 0.53903556 -0.74859673 0.28562152 0.59794128 -0.03459338 0.45787075 0.70347661 -0.55860984 0.40113944 0.71390969 0.13013853
0.34299251 0.42199439 -0.78323293 0.21205546 0.45859569 -0.12070183 0.43929836 0.53513741 -0.83135647 0.23752736 0.55560791 0.00536334 0.47869906 0.6587401 -0.82839686 0.26469234 0.64612186 -0.08361465 0.56010431 0.5009256 -0.2003895 0.46514764 0.51858497 0.20016824 0.37257904 0.54910082 -0.64540005 0.28369117 0.59794879 0.02453235 0.45925534 0.70412523 -0.38406953 0.41226518 0.70581704 0.19013222
0.34096003 0.42055368 -0.74943465 0.21304357 0.45837346 -0.07348792 0.43495756 0.53445244 -0.78290969 0.23844314 0.5545128 0.05194205 0.47859254 0.65773952 -0.77826834 0.26670873 0.6447801 -0.03248516 0.56052452 0.50295484 -0.20258871 0.46547452 0.52128565 0.20250812 0.37805462 0.55336529 -0.64430487 0.28095344 0.59854561 0.06300397 0.46006629 0.71377999 -0.45964387 0.41245884 0.70643735 0.22394468
0.34016085 0.42140752 -0.76847231 0.21344398 0.45747891 -0.09256978 0.43055645 0.53584558 -0.81515056 0.23868132 0.55412203 0.03331812 0.47833857 0.6587559 -0.8147707 0.26939252 0.64520931 -0.05138238 0.5598585 0.50824189 -0.20332597 0.46459261 0.52427596 0.20324776 0.37786189 0.5503158 -0.65633667 0.27961186 0.59815609 0.05930576 0.46026972 0.71461558 -0.4665274 0.41902775 0.70538217 0.24388762
0.34065181 0.42156395 -0.75936615 0.21367142 0.45628494 -0.09967854 0.42815199 0.5373078 -0.78830135 0.23905523 0.55288368 0.02477343 0.47788921 0.65954959 -0.78416395 0.26949459 0.6445877 -0.07151335 0.55939257 0.51002544 -0.20255136 0.46351379 0.5248794 0.20247857 0.36968249 0.54337311 -0.64116561 0.27205577 0.5941661 0.03774336 0.45224175 0.69208282 -0.37878439 0.4173992 0.7044313 0.22245209
0.34119391 0.42204046 -0.7249577 0.21358803 0.4560563 -0.09879211 0.42581251 0.53771192 -0.75495201 0.24007422 0.55404758 0.01051879 0.47701287 0.65958285 -0.74335754 0.27006024 0.64577883 -0.08318826 0.55928093 0.50987273 -0.1949691 0.46256435 0.52581686 0.19492058 0.36659729 0.54711634 -0.65271676 0.27260348 0.59409553 0.03404396 0.45434678 0.68562376 -0.42929876 0.40929192 0.70916438 0.17831285
0.34137884 0.42162079 -0.67328382 0.21292269 0.45624539 -0.0589945 0.42462564 0.53755218 -0.69083869 0.24233887 0.55343604 0.06339856 0.47710091 0.6591627 -0.68574023 0.26985881 0.64535624 -0.02229757 0.55908293 0.51112026 -0.19188352 0.46114379 0.52759224 0.19184721 0.36961415 0.54860198 -0.60199428 0.27078474 0.59411544 0.04401472 0.45474365 0.70196289 -0.42646992 0.40653011 0.70933366 0.16625771
