0.39683303 0.41641691 -0.47395387 0.34363109 0.41299954 0.03154029 0.45936644 0.51908523 -0.46304676 0.39876452 0.49677098 0.07718211 0.44030574 0.61244339 -0.44378662 0.40637296 0.58240026 0.05264106 0.67084199 0.42750773 -0.17402695 0.61339575 0.42507312 0.17442825 0.53388631 0.5227797 -0.1658996 0.46543741 0.50622159 0.27263403 0.52989691 0.63375747 0.07137085 0.53174341 0.62066954 0.33477572
0.43190837 0.41546717 -0.47839576 0.34311715 0.41970205 -0.00937094 0.49031529 0.52419168 -0.4785237 0.39826816 0.50764644 0.03550519 0.5161317 0.62408441 -0.46839678 0.41102791 0.5913676 -0.00279772 0.67753661 0.43652734 -0.15576456 0.612638 0.43756041 0.15625182 0.5152272 0.53775483 -0.15683685 0.44231769 0.52434886 0.19501437 0.52255565 0.66589612 0.02236207 0.50768423 0.6459356 0.26589206
0.43221423 0.41205406 -0.48321167 0.34800929 0.41981858 -0.05278589 0.49230313 0.5249632 -0.47587019 0.3987118 0.50976402 -0.00098131 0.52552497 0.62525672 -0.44273838 0.41166326 0.59416354 -0.03615321 0.68417335 0.44184265 -0.13837323 0.61843324 0.44195691 0.13880962 0.50501382 0.5420599 -0.13595372 0.43292347 0.52941233 0.15785231 0.51648754 0.66909957 0.02281593 0.5006004 0.66419673 0.24757962
0.44287568 0.40932372 -0.47842261 0.35099611 0.41993135 -0.08777641 0.50148821 0.5249452 -0.47177505 0.40048131 0.51271206 -0.0434119 0.52507472 0.62520832 -0.4383142 0.41690013 0.59895694 -0.08335941 0.68768793 0.44198233 -0.12165068 0.61642939 0.4450573 0.12192297 0.49514794 0.53661448 -0.11998659 0.41032904 0.52104318 0.13178207 0.51783979 0.6536265 0.04711184 0.49925938 0.64441878 0.22537977
0.45225129 0.40795645 -0.51033294 0.35300907 0.41785306 -0.11397676 0.50783873 0.52477729 -0.48547035 0.40119806 0.50854456 -0.0584098 0.52392423 0.62824613 -0.4595024 0.41480616 0.59911102 -0.100168 0.69024247 0.44098407 -0.12485529 0.61402768 0.44460541 0.12501676 0.50049752 0.53616142 -0.13348044 0.40467376 0.51902235 0.13594268 0.51795775 0.6605196 0.02817472 0.49485642 0.6484201 0.22213382
0.44613242 0.40806398 -0.52579081 0.35189885 0.41555431 -0.09866772 0.50669783 0.52360988 -0.50371373 0.40277308 0.5075233 -0.04033634 0.52175421 0.63031483 -0.46937385 0.4153598 0.59799045 -0.08800076 0.68888605 0.44416344 -0.13040486 0.61806387 0.44581878 0.13055547 0.49063584 0.53235036 -0.13586262 0.39967081 0.51328319 0.1608136 0.52791911 0.64889401 0.04683015 0.49739528 0.64126319 0.26876485
0.44785446 0.4066816 -0.55194092 0.35212931 0.41416493 -0.09617007 0.50981051 0.52135807 -0.5383417 0.40325388 0.50679547 -0.03968808 0.52273667 0.62724775 -0.5032627 0.41395333 0.60056996 -0.09868896 0.68871832 0.44301233 -0.13926362 0.61714518 0.44657099 0.13943391 0.49050152 0.52750081 -0.15913479 0.39508301 0.51076043 0.16771579 0.52760035 0.65476346 0.00219401 0.49652869 0.64153773 0.25605822
4.47301209e-01 4.06180739e-01 -5.45020044e-01 3.55662256e-01 4.13245231e-01 -6.02700822e-02 5.01497924e-01 5.21484494e-01 -5.34268379e-01 4.03271854e-01 5.05607486e-01 -4.18397132e-03 5.20011365e-01 6.30501747e-01 -4.88340706e-01 4.14315850e-01 5.97414672e-01 -5.92476353e-02 6.87335134e-01 4.44349289e-01 -1.44655094e-01 6.22598231e-01 4.48630393e-01 1.44860595e-01 4.87406701e-01 5.27481318e-01 -1.69945195e-01 3.85460526e-01 5.08417726e-01 1.73879594e-01 5.28731227e-01 6.62012696e-01 6.22643973e-04 4.96350318e-01 6.52143180e-01 2.72015780e-01
0.44947398 0.40606001 -0.53404176 0.35751483 0.413124 -0.04639176 0.50227904 0.52062583 -0.52203387 0.40318745 0.50345784 0.01634602 0.51822263 0.62801427 -0.4725323 0.4130297 0.59325731 -0.03972307 0.68659228 0.4462685 -0.14732145 0.62191963 0.44844827 0.14751634 0.48547003 0.53401071 -0.1689072 0.39110184 0.5129773 0.17687578 0.52868617 0.67011696 0.00710829 0.49457797 0.65297419 0.27681169
4.51402247e-01 4.05331671e-01 -5.58531642e-01 3.55873793e-01 4.13040519e-01 -7.05802739e-02 5.11989713e-01 5.18745542e-01 -5.39321363e-01 4.03066814e-01 5.05941629e-01 6.05344067e-05 5.26418626e-01 6.21187389e-01 -5.05582929e-01 4.12781984e-01 5.95472395e-01 -5.71069717e-02 6.87801540e-01 4.46436316e-01 -1.47050112e-01 6.20537758e-01 4.50621516e-01 1.47214308e-01 4.79524583e-01 5.33114791e-01 -1.78121865e-01 3.86857808e-01 5.12095749e-01 1.65849581e-01 5.23233414e-01 6.58473909e-01 -1.01595430e-03 4.87979740e-01 6.46127522e-01 2.45983347e-01
0.45139062 0.40380782 -0.56662065 0.35485032 0.41266486 -0.0892994 0.509453 0.51765001 -0.5459004 0.40307757 0.50558585 -0.0149594 0.52167386 0.6194604 -0.50922483 0.41244665 0.59611809 -0.07579108 0.68766791 0.44589093 -0.14548923 0.61916035 0.45067158 0.14557447 0.47581759 0.53032875 -0.17308886 0.38390088 0.51190257 0.16409151 0.52456307 0.65316814 0.01900171 0.48966342 0.64167106 0.24828868
4.48750556e-01 4.02307212e-01 -5.50287843e-01 3.55610609e-01 4.12259936e-01 -7.07411915e-02 5.04070103e-01 5.17075419e-01 -5.38385987e-01 4.03059453e-01 5.04079759e-01 6.60989783e-04 5.15957117e-01 6.19291902e-01 -4.86146092e-01 4.12110567e-01 5.93895912e-01 -5.73680513e-02 6.87950730e-01 4.45170224e-01 -1.43163875e-01 6.21404350e-01 4.49169546e-01 1.43253803e-01 4.74438369e-01 5.29443324e-01 -1.65504217e-01 3.86560142e-01 5.11571646e-01 1.72940567e-01 5.28235912e-01 6.50672674e-01 3.89382206e-02 4.90270704e-01 6.39889598e-01 2.75325418e-01
0.45155555 0.40158382 -0.56240904 0.35517117 0.41208214 -0.08713895 0.50523335 0.51661098 -0.54098129 0.40323317 0.50347704 -0.0105279 0.51795149 0.61944556 -0.49517784 0.41136986 0.59354132 -0.06186927 0.6881488 0.4450101 -0.14272512 0.62004691 0.44880831 0.14282784 0.47272891 0.52824986 -0.15863815 0.38601199 0.51041138 0.16909119 0.52744895 0.64933169 0.05255415 0.48959395 0.63934427 0.27679461
0.45121109 0.40085253 -0.55277538 0.3565802 0.41036481 -0.07839333 0.50455821 0.51702005 -0.53269219 0.40345436 0.50285965 -0.00707088 0.5154013 0.62096596 -0.49356741 0.41083845 0.59227675 -0.05447335 0.68834621 0.44556129 -0.13900171 0.61979342 0.4483166 0.13918047 0.46603552 0.52981347 -0.14922175 0.38811654 0.50911754 0.16825302 0.52739859 0.64833921 0.09033765 0.49019137 0.63850886 0.27452463
0.45363161 0.39861175 -0.55870366 0.35639995 0.40887079 -0.11816343 0.50833732 0.51787031 -0.53247452 0.4029898 0.50255978 -0.04928443 0.51862401 0.62123048 -0.48926014 0.41065031 0.59247094 -0.09573989 0.68888444 0.44489697 -0.13428345 0.61497039 0.44783428 0.13444111 0.46607897 0.52922994 -0.13838965 0.38643765 0.50865304 0.15258066 0.52657884 0.64782417 0.07075705 0.47987819 0.63818103 0.24799712
0.45502031 0.39776495 -0.56375074 0.35593346 0.40738127 -0.12748557 0.51077652 0.51844764 -0.53445137 0.40171742 0.50262827 -0.06433006 0.51808721 0.62222642 -0.48912239 0.41054094 0.5924533 -0.10599491 0.68953329 0.44455191 -0.13201538 0.61379117 0.44752225 0.1321829 0.46551204 0.53013653 -0.13342741 0.38544321 0.50806558 0.14944653 0.51383519 0.64957136 0.06814244 0.47528037 0.63966006 0.24905547
0.45638257 0.39741793 -0.5664252 0.35568792 0.4072884 -0.13561577 0.51059431 0.51887602 -0.5363735 0.39936596 0.50489646 -0.07966246 0.51717532 0.62273484 -0.49166587 0.41036788 0.59509444 -0.11979573 0.68888003 0.44432595 -0.12962218 0.61103088 0.44736078 0.1297856 0.46476349 0.52961439 -0.13195215 0.38804033 0.50884187 0.14993449 0.51311982 0.6490438 0.08001184 0.47244954 0.63947803 0.23851463
0.45699403 0.39583912 -0.56196517 0.35541758 0.40676656 -0.13197036 0.51179451 0.5187158 -0.53540754 0.39955515 0.50456834 -0.07815088 0.51666129 0.62186337 -0.48856184 0.41016394 0.59441602 -0.11868737 0.68904221 0.44406229 -0.12800226 0.60793447 0.44712761 0.12820278 0.46487835 0.53159165 -0.13351996 0.38733003 0.50893128 0.13912228 0.51386023 0.64766729 0.08550806 0.47450489 0.63926864 0.23476781
0.45772514 0.39503866 -0.55114162 0.35687512 0.40588513 -0.12540039 0.51103622 0.51860058 -0.52202767 0.3996731 0.50453365 -0.07071804 0.51597595 0.6213342 -0.48103586 0.41002733 0.59443188 -0.10801955 0.68991089 0.44388154 -0.12531643 0.60799009 0.44710228 0.12553222 0.46744111 0.52536875 -0.12182049 0.38752633 0.50549597 0.14461684 0.518493 0.64224607 0.08429485 0.47845566 0.6348592 0.24595547
0.45734352 0.39510477 -0.55023897 0.36012504 0.40318123 -0.11776718 0.51024878 0.51739389 -0.52026016 0.40002316 0.50080311 -0.06100812 0.51550007 0.620408 -0.47821575 0.40752098 0.59292394 -0.09552663 0.69009334 0.44381675 -0.12659658 0.60861719 0.44606626 0.12682383 0.46902141 0.52531117 -0.12432023 0.3916361 0.50366461 0.14557528 0.51277202 0.64102608 0.0786243 0.47412249 0.63467157 0.26042262
0.45789173 0.39519894 -0.54372436 0.36123461 0.40026659 -0.12071425 0.50976253 0.5165329 -0.50951356 0.40003812 0.49736759 -0.06147654 0.5153473 0.62012833 -0.46910998 0.40465075 0.59037244 -0.0932081 0.69003373 0.44373876 -0.12429496 0.608504 0.44321314 0.12460054 0.46925721 0.52909184 -0.12462414 0.39465168 0.50266504 0.14980617 0.51419121 0.63860923 0.09034096 0.47312713 0.62776625 0.2607173 
0.45848373 0.39468712 -0.53504348 0.36441892 0.39713433 -0.11747065 0.51028281 0.51583439 -0.50389332 0.40016821 0.49400094 -0.05711073 0.51503479 0.61884505 -0.46439898 0.40313524 0.58825672 -0.09265611 0.69051689 0.44371855 -0.12439451 0.60892838 0.44176844 0.12473477 0.47113553 0.52958906 -0.12272669 0.39905828 0.5019753 0.15172647 0.51443988 0.64150196 0.08545548 0.47461292 0.62793821 0.26332343
0.45976481 0.39291152 -0.5290848 0.36639377 0.39369839 -0.10899827 0.5101068 0.51373023 -0.49989408 0.40018883 0.4900468 -0.04286553 0.5148114 0.61496246 -0.45832804 0.40135729 0.58595157 -0.07812653 0.69045067 0.44297144 -0.12400589 0.60875016 0.44015992 0.12433623 0.47114363 0.53095895 -0.12126507 0.40703478 0.50132388 0.15728439 0.52189749 0.63788217 0.10797095 0.48676211 0.62612069 0.28360775
0.46432087 0.38874474 -0.55401027 0.36611652 0.39123201 -0.12008812 0.51124251 0.50960922 -0.53110701 0.40021074 0.48875877 -0.05375597 0.5136891 0.61109257 -0.49582842 0.40019634 0.58504099 -0.10071168 0.69074214 0.43902838 -0.12456192 0.60680133 0.43783599 0.12489776 0.47778282 0.53081203 -0.12416846 0.41128904 0.50414962 0.15461779 0.52246374 0.64004809 0.08619418 0.48704907 0.63541573 0.28266853
0.46647358 0.38477504 -0.56313068 0.36628056 0.38796681 -0.11777717 0.51113439 0.50599855 -0.54245508 0.40172008 0.48523206 -0.05241468 0.50126022 0.60541004 -0.50661439 0.40020108 0.58262569 -0.09835422 0.69127589 0.43582109 -0.12798604 0.60672128 0.43494433 0.12835827 0.48413929 0.53076732 -0.12864558 0.41644412 0.50412804 0.16056657 0.52193099 0.64256704 0.075063 0.48370677 0.6390844 0.2890861 
0.46572658 0.38074821 -0.56458062 0.36593255 0.38334116 -0.12250949 0.51047784 0.50187004 -0.54434013 0.40203837 0.47997487 -0.05294194 0.49235347 0.59874368 -0.50847912 0.40016657 0.5753994 -0.09857034 0.69114971 0.43290633 -0.12789944 0.60556954 0.4308764 0.12828262 0.49059927 0.53104645 -0.11682144 0.42896736 0.50381577 0.16225411 0.52863842 0.63908207 0.11098201 0.4853805 0.63467252 0.32000434
0.46516022 0.37616938 -0.58364087 0.36588645 0.37615979 -0.12540565 0.5076772 0.49848187 -0.56746453 0.40230283 0.47557107 -0.05364721 0.4831717 0.59425992 -0.53335446 0.40119857 0.56979108 -0.09750996 0.68927372 0.43023196 -0.13049126 0.60543638 0.42658442 0.13088073 0.49420759 0.5310427 -0.11855335 0.42784861 0.49929914 0.16836007 0.53469664 0.63332975 0.14776559 0.49310434 0.62227148 0.35554048
0.46569732 0.37223196 -0.58539075 0.36663157 0.37407276 -0.13316742 0.50839955 0.49449462 -0.56657904 0.40353307 0.47236502 -0.05816573 0.48378074 0.59192318 -0.53270948 0.40189707 0.56567162 -0.09693289 0.6886915 0.42845345 -0.13042612 0.60447228 0.42565134 0.13082306 0.49313536 0.53085423 -0.11177507 0.43244466 0.49942029 0.16654485 0.53530377 0.6341905 0.14059252 0.49251467 0.62365192 0.33616728
0.46552414 0.36888376 -0.61827797 0.36703515 0.37033606 -0.13440439 0.50719851 0.49141484 -0.60761338 0.40348136 0.46998578 -0.05398977 0.47976381 0.58672881 -0.57559806 0.40414122 0.56013238 -0.09193335 0.68859953 0.42584088 -0.13630937 0.60397059 0.4240863 0.13672554 0.50911033 0.53065568 -0.12712884 0.44660634 0.50861901 0.16374686 0.52706689 0.65389168 0.11849818 0.48466033 0.6309666 0.32609797
0.46652049 0.36548564 -0.60992241 0.36733761 0.36585358 -0.15490761 0.50831264 0.48884639 -0.59836239 0.4034822 0.46709222 -0.08363331 0.48014724 0.58606613 -0.55014294 0.40468776 0.56016672 -0.11357184 0.68745428 0.42250192 -0.12490161 0.60092241 0.41995463 0.12549454 0.54330015 0.536861 -0.11932561 0.45228755 0.508035 0.13722505 0.51831108 0.65679586 0.11303919 0.4724187 0.6314584 0.28721449
0.46210125 0.36245161 -0.59201878 0.36725551 0.35928461 -0.13748004 0.50858808 0.48570028 -0.57784134 0.40342879 0.46253699 -0.06948999 0.48278576 0.5836122 -0.53095031 0.40728992 0.55796975 -0.07772308 0.68216306 0.42069516 -0.12535889 0.59881556 0.41711575 0.12591118 0.53688025 0.5442571 -0.11971154 0.45434597 0.51077741 0.13863401 0.51386547 0.67154735 0.07665109 0.46190959 0.64577103 0.2655828 
0.45764387 0.36007601 -0.56377763 0.36601692 0.35403073 -0.12353727 0.50990969 0.48360959 -0.54676133 0.40342808 0.45716301 -0.05682318 0.48355436 0.58004135 -0.50873905 0.40819502 0.55288452 -0.05976184 0.67708945 0.41984448 -0.12536302 0.59651029 0.41467431 0.12597485 0.53487396 0.54546386 -0.11350304 0.45167157 0.51069081 0.13680647 0.51215756 0.6736775 0.08006961 0.4572064 0.6454317 0.26607424
0.45111057 0.35692197 -0.54200524 0.36600175 0.34786743 -0.10185638 0.50816303 0.47860909 -0.52091479 0.40395287 0.44838637 -0.03125392 0.48367152 0.57493192 -0.47241914 0.41016716 0.54467148 -0.03543429 0.67110896 0.41875705 -0.12629914 0.59571618 0.41165525 0.12705711 0.53885537 0.55138487 -0.11431213 0.44948894 0.51363623 0.13238664 0.51473451 0.67993271 0.07615721 0.46833405 0.64365369 0.27083883
0.42838097 0.35307524 -0.51462138 0.37267902 0.33529052 -0.02237148 0.49517122 0.47458127 -0.4909209 0.41722408 0.43757215 0.0616264 0.46457919 0.56820738 -0.41203353 0.42214647 0.52692968 0.08967345 0.66448861 0.41904518 -0.13729246 0.59956801 0.40794086 0.13800167 0.5332222 0.55368859 -0.106521 0.47107825 0.52017123 0.18544857 0.51509404 0.68253249 0.07708796 0.49784335 0.64914536 0.31460619
0.42564943 0.34773949 -0.50664103 0.3736423 0.32794556 -0.01252108 0.48887035 0.46923116 -0.47162676 0.42356199 0.43093994 0.07968548 0.45942611 0.56129241 -0.38179371 0.42373085 0.51919198 0.1091267 0.66245288 0.41714704 -0.14159255 0.60210961 0.40514323 0.1422784 0.53022349 0.55280662 -0.09775329 0.50232697 0.52654082 0.19853517 0.51838309 0.68307167 0.10105167 0.51505035 0.65042096 0.3346552 
0.42649078 0.3380273 -0.49120924 0.37321833 0.32502326 0.00257304 0.49046299 0.45735088 -0.46756086 0.42637828 0.42745119 0.08021878 0.46501642 0.55434549 -0.3913371 0.42617103 0.51821065 0.11056204 0.66221821 0.41281945 -0.14698769 0.6027534 0.40461224 0.14756237 0.5299443 0.55107999 -0.10074989 0.49578902 0.52828848 0.20158544 0.51916474 0.68257362 0.0871911 0.52081156 0.65453744 0.32639945
0.42872623 0.3302846 -0.50034058 0.37309575 0.319336 -0.00487243 0.49152735 0.45003924 -0.4810704 0.42468634 0.42280406 0.07086852 0.46341461 0.5507443 -0.41239554 0.42560798 0.51444757 0.09744106 0.66030824 0.40963385 -0.15123172 0.60072744 0.40318912 0.15170228 0.52880722 0.54948246 -0.11118731 0.48659584 0.52770609 0.19410197 0.5192551 0.68011177 0.05827443 0.51801616 0.65407085 0.32157841
0.43041953 0.32266128 -0.51813 0.36645275 0.31558144 -0.02602225 0.49227437 0.44005913 -0.51016802 0.42153126 0.41811615 0.04952411 0.49978644 0.54326946 -0.44671461 0.42455789 0.51292592 0.06737433 0.65508008 0.40409976 -0.15505619 0.5883804 0.40032843 0.15541072 0.53388572 0.54191345 -0.15648369 0.4812119 0.52633637 0.17635912 0.52063632 0.67897296 -0.01390963 0.51371509 0.6663993 0.27925783
0.43199036 0.31323135 -0.57909179 0.36431277 0.30986601 -0.01988062 0.49371338 0.43072784 -0.57399589 0.42005473 0.41513544 0.06364539 0.49818894 0.53674507 -0.52657682 0.42413858 0.51187623 0.07197212 0.65052217 0.39971545 -0.17604797 0.58402169 0.39753476 0.17632 0.53279293 0.53364003 -0.23319067 0.48083094 0.52556866 0.15210071 0.5211311 0.68197477 -0.09239385 0.51223171 0.67081809 0.26960784
0.43184188 0.30355012 -0.5748319 0.36582392 0.30619133 0.0159347 0.49317825 0.42316139 -0.56956005 0.41951996 0.410896 0.09527642 0.4960517 0.53034818 -0.51108867 0.42549616 0.51065284 0.09334053 0.64851946 0.40023449 -0.18412076 0.58568788 0.39927611 0.18443911 0.53199911 0.52931452 -0.24265835 0.48028219 0.52456975 0.15269397 0.52289611 0.68313366 -0.11470562 0.50969511 0.66564536 0.2757884 
0.4285208 0.29449147 -0.57990974 0.36657345 0.30008507 0.04538818 0.49171939 0.41499051 -0.58260763 0.41909268 0.40731966 0.13179384 0.49484643 0.52230257 -0.52019185 0.42499462 0.50681287 0.11542872 0.64244264 0.40133375 -0.19378109 0.58598155 0.40043762 0.19409095 0.52176237 0.5219146 -0.23498936 0.44630748 0.52441031 0.1869119 0.52258462 0.68202871 -0.08930398 0.51024485 0.66305721 0.32531512
0.42815816 0.28482512 -0.61475986 0.36656255 0.29547608 0.05005969 0.49202162 0.40284058 -0.63163054 0.41738582 0.40251172 0.15121976 0.49976361 0.50670123 -0.58398467 0.42611623 0.50005627 0.11527551 0.63578713 0.39917377 -0.2071484 0.58069056 0.4007374 0.20739952 0.513753 0.52391416 -0.27433103 0.44537911 0.53186762 0.18869336 0.51890963 0.68113172 -0.13886724 0.50981867 0.66775715 0.32907531
0.4288868 0.27358112 -0.59584117 0.36679184 0.29014581 0.08884441 0.49044138 0.39785162 -0.60199487 0.41252631 0.40054029 0.18094386 0.49999994 0.50495493 -0.54837823 0.42587495 0.50102276 0.13119881 0.63134694 0.39880812 -0.20879057 0.57503825 0.40183145 0.20898323 0.50059479 0.51935625 -0.28916392 0.43717161 0.53123564 0.18658055 0.51941186 0.68052673 -0.1547678 0.50946057 0.67257428 0.32734728
0.43211126 0.2634719 -0.59318364 0.36709708 0.27865937 0.07624557 0.48465317 0.39090499 -0.6045838 0.4124521 0.39517573 0.17056915 0.50088477 0.49925318 -0.54949158 0.42557392 0.49399185 0.11572362 0.6278016 0.39721406 -0.21315457 0.56970912 0.40224001 0.2132652 0.47406653 0.50943124 -0.3104516 0.41512781 0.52196795 0.18081516 0.52386463 0.66866183 -0.1666376 0.50729591 0.66971439 0.32239211
0.43223166 0.25598326 -0.59258819 0.3701885 0.2668165 0.0643599 0.48044384 0.38466424 -0.60407746 0.41244006 0.38201296 0.15346377 0.50004613 0.49035421 -0.55536109 0.42546821 0.47918025 0.10587363 0.62510622 0.39697537 -0.21122524 0.56601882 0.40149224 0.21133786 0.48398727 0.51400673 -0.2947275 0.41589022 0.51818687 0.18271509 0.52777976 0.67560929 -0.16052255 0.50720936 0.66818273 0.3337051 
0.43252975 0.24943368 -0.59308785 0.38208985 0.2586368 0.08859726 0.47765931 0.38080543 -0.61076844 0.41477799 0.37306464 0.18131804 0.49365398 0.48649666 -0.56602347 0.42517918 0.47063187 0.12065705 0.61753374 0.39869267 -0.21221831 0.56639647 0.40175068 0.21231143 0.48508447 0.5155338 -0.27296185 0.41552654 0.5061363 0.22027099 0.52799445 0.68003881 -0.14576207 0.49067593 0.65409964 0.41472372
0.43271121 0.24442871 -0.62324214 0.39638016 0.25718564 0.08609828 0.47820315 0.3771711 -0.64758474 0.43009919 0.37284881 0.18284529 0.49330208 0.48426992 -0.59852833 0.43057966 0.47101411 0.11810875 0.61673492 0.40531683 -0.21003872 0.56664425 0.40620047 0.2102426 0.51570523 0.53735292 -0.14962138 0.48329857 0.52950263 0.31649819 0.52786404 0.68936914 0.09475561 0.50025916 0.6666041 0.58936256
0.44362468 0.23422365 -0.61211395 0.40056953 0.25335786 0.12928675 0.48878112 0.36859068 -0.62753326 0.42938447 0.36751869 0.25267056 0.49620423 0.47393265 -0.55004174 0.42996082 0.46480507 0.19207831 0.61604464 0.41157341 -0.21233587 0.56167752 0.41290942 0.21255441 0.52740639 0.55237687 -0.12897043 0.47834858 0.54754978 0.27916428 0.52848035 0.69375157 0.12557401 0.5001471 0.67146271 0.5836336 
0.45746523 0.22779037 -0.6072619 0.40676397 0.25146616 0.13220359 0.4916445 0.36536503 -0.61876231 0.43208063 0.36593658 0.24407753 0.49524638 0.47336534 -0.54818153 0.42952636 0.46188012 0.17387331 0.6122281 0.41581413 -0.21698789 0.5509665 0.4157106 0.21724398 0.53313136 0.56103647 -0.15213101 0.4654966 0.55190808 0.26991782 0.53407431 0.69720829 0.04720914 0.49947888 0.67108405 0.52022552
0.47119045 0.22280742 -0.60433549 0.42090338 0.24537224 0.12471116 0.49707392 0.35914364 -0.61727577 0.43747696 0.35844928 0.2399613 0.49385443 0.46623436 -0.53112495 0.43394136 0.45059663 0.172681 0.60418683 0.41554433 -0.21475595 0.54619622 0.41536862 0.21500671 0.53059727 0.56111974 -0.17244874 0.46111456 0.55008006 0.25418139 0.53389215 0.69609916 0.034282 0.50104314 0.66738486 0.51145971
0.49273613 0.22036615 -0.60667318 0.42193973 0.24307449 0.10157368 0.50221604 0.35100091 -0.60397178 0.43839821 0.35134035 0.21929368 0.49457866 0.45931226 -0.53139615 0.42642474 0.44221389 0.16075708 0.58973962 0.41482985 -0.21349612 0.52674061 0.41482657 0.21372508 0.53025168 0.56280154 -0.16166782 0.47035381 0.54684091 0.2744264 0.53208095 0.69549918 0.05409909 0.5032289 0.66778976 0.5364089 
0.50256711 0.21278855 -0.60321963 0.4317942 0.23776194 0.09937973 0.51130825 0.34079522 -0.60371125 0.44484091 0.34574148 0.2251309 0.50314373 0.45303667 -0.56173348 0.42727417 0.43468755 0.18371053 0.57623494 0.41456434 -0.21502209 0.52043092 0.4144617 0.21522945 0.52365601 0.55884236 -0.18720463 0.46603358 0.54619735 0.26165149 0.5312959 0.69472176 -0.00514048 0.50650185 0.66757405 0.50533974
0.51884896 0.21233444 -0.60416216 0.44227463 0.23296691 0.09047306 0.51803398 0.33976504 -0.6036334 0.45057094 0.34285414 0.22447526 0.50294268 0.44969088 -0.56301588 0.42725715 0.42876536 0.18325947 0.56286812 0.41486391 -0.21413256 0.5125193 0.41682303 0.21433845 0.52384847 0.55946982 -0.18271044 0.48621222 0.54977077 0.27263409 0.53105056 0.69428563 -0.00214845 0.5118773 0.67456633 0.49325138
0.52463967 0.2134611 -0.60480201 0.46458799 0.22823057 0.08999992 0.51880312 0.33888182 -0.60543728 0.45317715 0.33701897 0.21730068 0.50277179 0.44735414 -0.57778984 0.42709294 0.42824024 0.17239258 0.5531463 0.41457555 -0.2141823 0.50470632 0.41667631 0.21432707 0.52719104 0.55898708 -0.1845831 0.48521072 0.55022901 0.29257342 0.53516603 0.69755805 -0.00974898 0.51156986 0.6780926 0.51977611
0.53721672 0.21117337 -0.60470986 0.48191845 0.22294821 0.08313552 0.52925885 0.33356318 -0.60271245 0.46062878 0.33424053 0.21603794 0.50635743 0.4434914 -0.57128412 0.42955834 0.42697746 0.17309688 0.53764999 0.41477662 -0.21401292 0.49534419 0.41638556 0.21426828 0.52603161 0.56026 -0.14005646 0.49165949 0.54903013 0.34386045 0.53494132 0.69917613 0.03354023 0.51238489 0.67744571 0.57525462
0.55081451 0.20981456 -0.60862571 0.50764722 0.21854106 0.08047345 0.53813261 0.33351576 -0.60259295 0.4795253 0.33429164 0.20894141 0.50563997 0.44297639 -0.54770613 0.43651375 0.42624 0.152986 0.52811527 0.41472962 -0.21276604 0.50355726 0.41621691 0.21280974 0.52570689 0.56152993 -0.13102132 0.50472802 0.55146998 0.32113311 0.53444946 0.69867927 0.05683626 0.51831985 0.68024266 0.54067373
0.55974245 0.20873442 -0.61238241 0.52737474 0.21714903 0.09086635 0.5432784 0.33261931 -0.60244596 0.4950701 0.33245993 0.20928304 0.50019139 0.44172198 -0.52917838 0.44658583 0.42097759 0.15085 0.52998447 0.41565892 -0.21483114 0.50883311 0.41609189 0.21463546 0.52526915 0.56134361 -0.13656059 0.51372701 0.55081469 0.33204922 0.53419334 0.70157975 0.04498627 0.52039188 0.68179214 0.5365122 
0.57118249 0.20902412 -0.61146629 0.5516035 0.21515508 0.09306439 0.55016553 0.33135119 -0.59836996 0.51368219 0.32840362 0.20906422 0.50120854 0.43897161 -0.51275837 0.45248169 0.41435054 0.15062539 0.5346716 0.41561562 -0.21170178 0.50993747 0.41448754 0.21130496 0.52662605 0.5606454 -0.13710213 0.51177806 0.55001581 0.3163777 0.53434056 0.70124787 0.0398003 0.52102989 0.68283623 0.50886434
0.57070398 0.20746583 -0.61079603 0.58065683 0.21326886 0.12168496 0.54920697 0.328619 -0.61288053 0.53334206 0.32594544 0.24570259 0.50034308 0.43742889 -0.51506752 0.47401628 0.4124034 0.18171401 0.5279482 0.41416234 -0.21292119 0.51043397 0.41241229 0.21250112 0.53600401 0.56055903 -0.13493894 0.50835723 0.54979265 0.31214494 0.53420717 0.700647 0.03889872 0.52139318 0.68355554 0.50837362
0.56993616 0.208996 -0.66373122 0.59286863 0.21333766 0.08461885 0.54692602 0.33026865 -0.66943157 0.53899169 0.32690892 0.21209739 0.49747151 0.43985176 -0.56347591 0.48728576 0.41595215 0.12670484 0.52483469 0.41275209 -0.21419208 0.51083714 0.41017926 0.21375751 0.53699756 0.56025785 -0.07928585 0.51565999 0.54957545 0.36219943 0.53415221 0.70049268 0.14061016 0.52353567 0.68364215 0.6118257 
0.5673877 0.2101417 -0.65031379 0.59310883 0.21435302 0.09084065 0.54474825 0.33089378 -0.65634829 0.54071277 0.32700959 0.21283442 0.48684812 0.44032118 -0.54814649 0.47892293 0.41154099 0.13162187 0.51733917 0.41248015 -0.21809137 0.51122445 0.4096424 0.21762198 0.53126371 0.56005931 -0.08247156 0.51674861 0.55076015 0.36344853 0.5323717 0.69956452 0.12908389 0.52415639 0.68415427 0.59622413
0.56782436 0.20961827 -0.642443 0.57904273 0.21326211 0.09805727 0.54441023 0.33034042 -0.64938033 0.53116882 0.32569775 0.22577743 0.48763275 0.43828022 -0.50984949 0.47509092 0.41244408 0.15562287 0.51680607 0.41243649 -0.21826541 0.50672817 0.40944412 0.21780758 0.53055733 0.56017601 -0.08235373 0.51448822 0.55190533 0.35857528 0.53231972 0.69982314 0.12326479 0.52376175 0.68455303 0.58728862
0.56329364 0.20793596 -0.63952988 0.57321054 0.21185155 0.09880459 0.54375637 0.33155552 -0.64225572 0.53357184 0.32637459 0.22062092 0.48803851 0.43933761 -0.49061167 0.48433647 0.41452351 0.15522522 0.51600277 0.41247413 -0.21988459 0.50710964 0.40917033 0.2193601 0.52415919 0.56011325 -0.09404583 0.5127601 0.55223435 0.35592479 0.53227723 0.70004785 0.10564533 0.52412337 0.68483508 0.57977486
0.55816704 0.20756005 -0.66097707 0.56460667 0.211741 0.07166259 0.54278117 0.33231741 -0.65380567 0.5299682 0.32710302 0.19868232 0.49168509 0.44005811 -0.4974978 0.48977977 0.4159185 0.14880142 0.51779723 0.4124327 -0.21966098 0.50589091 0.40908423 0.21920463 0.52146775 0.560076 -0.07223174 0.51000893 0.55203331 0.36870885 0.53227562 0.7001819 0.14558515 0.52346224 0.68452066 0.61237288
0.53571683 0.20606539 -0.65443861 0.55022436 0.21130428 0.07066562 0.53773636 0.33273154 -0.64896464 0.52799749 0.32845172 0.18839361 0.49204159 0.44036201 -0.50550622 0.48512086 0.41634378 0.14683746 0.51292413 0.41333482 -0.21943669 0.50091153 0.41065139 0.21897016 0.51804191 0.56039602 -0.03496151 0.50933725 0.55292553 0.39983141 0.53096843 0.70037735 0.21035896 0.52325183 0.68439746 0.68506461
0.49612451 0.20660175 -0.66305637 0.53336304 0.21176654 0.05662031 0.51634723 0.33575404 -0.65865791 0.52719164 0.33212554 0.16921461 0.48146695 0.44045287 -0.54822534 0.48397195 0.42964792 0.13047819 0.49774876 0.41502953 -0.21843602 0.49720469 0.4118208 0.2177542 0.5012266 0.56127185 0.05746508 0.5087508 0.55366242 0.47604793 0.52460122 0.70032805 0.36703199 0.52493417 0.68422961 0.83809119
0.46993485 0.21114565 -0.66144109 0.52067125 0.21528812 0.05874885 0.49517116 0.34247836 -0.6531654 0.52441287 0.33584711 0.16059402 0.4774161 0.44506508 -0.54926193 0.49886158 0.43069476 0.12836757 0.49291918 0.41918689 -0.21787681 0.49554032 0.41671118 0.21701613 0.49783495 0.56200904 0.0731882 0.50717479 0.5537287 0.47625935 0.52409685 0.70027924 0.39275321 0.52541691 0.684075 0.8409518 
0.45840493 0.2222596 -0.72706276 0.47980359 0.22265099 0.00612413 0.48941627 0.35319602 -0.73724514 0.49247375 0.3450411 0.13135281 0.46964887 0.45816299 -0.65025276 0.49641773 0.44579118 0.08109967 0.49414521 0.42749441 -0.21776621 0.48631695 0.4246141 0.21692784 0.50052339 0.56654143 0.12398835 0.50300121 0.55399674 0.53661138 0.52425092 0.69966519 0.50319934 0.52652013 0.68399733 0.96734869
0.44989145 0.23214026 -0.70006496 0.46271032 0.23415263 0.01648358 0.48208329 0.36156225 -0.70434326 0.48260346 0.35033828 0.13243966 0.46967363 0.47034591 -0.60602605 0.49307883 0.4550145 0.07148784 0.49440596 0.4332732 -0.21636172 0.4872098 0.43206999 0.21551983 0.50164032 0.56620276 0.09385835 0.50357407 0.5555464 0.50010812 0.52437538 0.69943804 0.44206229 0.52710617 0.68606752 0.87766564
0.42958108 0.24695523 -0.68175381 0.44699374 0.24717318 0.02763625 0.46761864 0.37248018 -0.68163723 0.48034939 0.36009032 0.14229681 0.46821514 0.48423392 -0.57095647 0.49128604 0.46084622 0.08726683 0.49371558 0.44767368 -0.21160577 0.48215932 0.44714913 0.21068922 0.50260502 0.57627994 0.0974587 0.49700165 0.55682755 0.50542313 0.53473938 0.71329176 0.44765064 0.52172339 0.68295753 0.89311242
0.42947221 0.26837766 -0.6738503 0.42828614 0.26449966 -0.0078841 0.47436094 0.39362004 -0.65632463 0.47869137 0.3790186 0.1157322 0.47842211 0.49942797 -0.55117822 0.48183358 0.47978511 0.08019683 0.4970147 0.46294791 -0.20074658 0.48715785 0.45253223 0.19986548 0.50388145 0.58613962 0.09004509 0.48450923 0.55669892 0.50400704 0.53472054 0.69837254 0.43317866 0.52097762 0.67860436 0.8875438 
0.41397613 0.28948185 -0.65295112 0.42531127 0.28443679 -0.02398401 0.46596634 0.41473636 -0.64626241 0.46845073 0.40191266 0.09091559 0.46741119 0.52504772 -0.54318792 0.46080029 0.49293718 0.05838512 0.49774301 0.48414135 -0.19016275 0.48420691 0.47627836 0.1893789 0.50307244 0.59697545 0.15696926 0.47051978 0.57719916 0.54300326 0.53038865 0.69166607 0.55813402 0.51861203 0.67170084 0.96863627
0.42950302 0.31025603 -0.61167258 0.40032896 0.31356305 -0.03033521 0.46838284 0.43790951 -0.60371476 0.44710246 0.42787054 0.10281702 0.50214428 0.5500949 -0.52340472 0.44291019 0.52094191 0.06450635 0.5202409 0.51199806 -0.17707324 0.47934249 0.50029296 0.17653319 0.50360215 0.60039628 0.15433136 0.44120148 0.58785719 0.5474475 0.53016031 0.68983263 0.58675981 0.51147354 0.67278773 0.98655146
0.43638968 0.33338171 -0.62107795 0.39122614 0.32929474 -0.10525046 0.49739099 0.46022856 -0.61103421 0.44867185 0.44363356 0.03758659 0.52493113 0.57115054 -0.52817321 0.44469741 0.54168236 -0.00503984 0.52962983 0.51976132 -0.17419231 0.4803932 0.50780797 0.17369008 0.50327557 0.60816669 0.14396633 0.44500342 0.58371758 0.53878725 0.53007191 0.69087207 0.55258441 0.49580389 0.67010629 0.98205513
0.44100699 0.35221675 -0.62445784 0.35957015 0.3368538 -0.19762157 0.49583188 0.47624671 -0.61790246 0.42741406 0.45641392 -0.07086955 0.51657295 0.58557212 -0.53082156 0.42871636 0.56618524 -0.06505305 0.53137261 0.50807256 -0.13363416 0.47548884 0.49519232 0.13344111 0.5548774 0.56984037 -0.05364604 0.44666222 0.5791837 0.32927123 0.53020179 0.66787708 0.23461688 0.48988512 0.66496509 0.59527409
0.43250909 0.37800509 -0.57816666 0.39121494 0.35801935 -0.11183079 0.49307269 0.50435311 -0.57607359 0.4520641 0.47329271 0.00174879 0.50811696 0.61644709 -0.46865371 0.42961085 0.57978791 -0.00936987 0.5343377 0.54456973 -0.14384128 0.50674981 0.5231607 0.1432994 0.54613936 0.60938931 0.09204432 0.47437689 0.58852345 0.34497386 0.54518408 0.6864782 0.44341066 0.50669408 0.66593581 0.69688553
0.43588126 0.39859542 -0.76240939 0.35415038 0.37927744 -0.28965494 0.50143427 0.52742058 -0.78140849 0.41578847 0.50078905 -0.17366587 0.50864053 0.64946282 -0.71909207 0.38350886 0.60458535 -0.16457491 0.5321787 0.52874792 -0.14711569 0.47251454 0.50770634 0.14679722 0.51986676 0.61231911 -0.13399705 0.41422591 0.58571202 0.12202653 0.53353626 0.69316429 0.05914045 0.48682952 0.66681081 0.39203566
0.46473217 0.41138223 -0.82834375 0.33616152 0.39600649 -0.32871869 0.55537724 0.53367108 -0.8071568 0.38900009 0.50799477 -0.16752927 0.51640469 0.64417177 -0.72619575 0.38986838 0.6020959 -0.18310583 0.55961359 0.524257 -0.14130293 0.4650723 0.50653052 0.1412103 0.58651137 0.60602605 -0.24966343 0.43006569 0.57297319 0.12812515 0.53075308 0.6805613 0.18721671 0.48070109 0.66548938 0.49758917
0.46131065 0.43713036 -0.76732099 0.33099461 0.39342555 -0.29587391 0.58964872 0.52080047 -0.74558622 0.40888286 0.47385168 -0.09642258 0.51843441 0.62273467 -0.65978569 0.41524276 0.54876232 -0.10155085 0.55160731 0.5287624 -0.13486384 0.45318088 0.5078727 0.1345288 0.56635571 0.55201441 -0.13243173 0.39080226 0.54085457 0.21012156 0.47980908 0.63927746 0.25548634 0.44698626 0.640405 0.59005892
0.46283212 0.42568728 -0.84496844 0.32619962 0.38764444 -0.33800673 0.61218733 0.51772416 -0.84428233 0.41117349 0.46927294 -0.14800921 0.52587444 0.62192065 -0.73312622 0.42013502 0.56751245 -0.13594377 0.54914504 0.52060717 -0.13875532 0.44817215 0.50743449 0.13843097 0.56785965 0.56376332 -0.19754782 0.39136419 0.54827714 0.09683076 0.49284193 0.64310199 0.25864032 0.44646621 0.64726311 0.48779964
0.46196663 0.42575246 -0.79627794 0.3149828 0.39021236 -0.37737781 0.60758674 0.51531905 -0.77579319 0.40450916 0.46537971 -0.13801068 0.52928048 0.61887622 -0.7105521 0.41741917 0.56603366 -0.09609506 0.54871154 0.51962858 -0.12291561 0.43644929 0.50267631 0.12271282 0.55387491 0.56934148 -0.10469738 0.38749856 0.54876751 0.18272814 0.4882805 0.65535736 0.36050418 0.44303557 0.65080249 0.58496124
0.46251398 0.41836897 -0.85105574 0.3300294 0.39290053 -0.37246132 0.60206252 0.51589483 -0.81812906 0.41115534 0.47872004 -0.16358125 0.54052287 0.61731875 -0.71952337 0.41929337 0.57715064 -0.17562614 0.55582637 0.53323126 -0.12603754 0.45002243 0.51318324 0.1256687 0.51674747 0.57979554 0.23021157 0.40065968 0.58273333 0.55550039 0.48427022 0.67246658 0.68147141 0.44812381 0.66153109 1.03429163
0.46873739 0.4256635 -0.84078556 0.32653484 0.39510891 -0.39678267 0.58993369 0.52073032 -0.78822786 0.40922007 0.48245367 -0.17893344 0.54326344 0.62217903 -0.68624264 0.41954279 0.5733071 -0.19691826 0.55253792 0.53864348 -0.13211647 0.45307589 0.51695251 0.13176362 0.51197135 0.58076888 0.24983032 0.40363997 0.58672988 0.56980914 0.48960707 0.67219108 0.68949813 0.44394496 0.66133422 1.03554273
0.47767779 0.41508111 -0.83434445 0.32496518 0.39371845 -0.36215842 0.56583697 0.52802116 -0.84813011 0.40530801 0.48938605 -0.19656022 0.54080743 0.63893253 -0.79141396 0.41337541 0.59328908 -0.17623727 0.5637207 0.51163733 -0.12935442 0.45285526 0.49376228 0.1292273 0.55172586 0.58079362 -0.42350781 0.38984138 0.55479228 -0.15578637 0.55625278 0.68117768 -0.20871882 0.44525635 0.67187786 0.0901691 
