0.4304004 0.4289273 -0.83513838 0.23487593 0.44061401 -0.38968307 0.44789895 0.56463313 -0.86338097 0.273642 0.56220895 -0.27573708 0.49779195 0.67234588 -0.84700507 0.26811519 0.65455443 -0.33463752 0.45155105 0.55074608 -0.14281826 0.35184053 0.54369086 0.14237292 0.4224956 0.62894702 -0.67658108 0.29334629 0.62047803 -0.00232651 0.48108333 0.74497497 -0.37699214 0.39814287 0.72554833 0.46881869
0.37804964 0.42859319 -0.74631733 0.22189118 0.43856615 -0.18725081 0.43718785 0.55195558 -0.78507859 0.25144583 0.54966629 -0.01413261 0.47615644 0.66885853 -0.80267859 0.25521237 0.64184576 -0.02837253 0.43606299 0.55497748 -0.16660991 0.34879649 0.54885834 0.16628124 0.35343942 0.59546924 -0.66954261 0.29392394 0.60607702 0.04544199 0.463101 0.73652536 -0.44648087 0.4053874 0.71773237 0.38225654
0.37181738 0.42963392 -0.71234906 0.22515063 0.4384495 -0.14505164 0.44016623 0.55594963 -0.75197834 0.2448314 0.54947484 -0.00431717 0.4771854 0.66716671 -0.7746805 0.25437742 0.645742 -0.06910682 0.47656718 0.54598534 -0.16458803 0.37388012 0.54853469 0.16426565 0.35084283 0.60520416 -0.5679667 0.2811892 0.6049878 -0.07332781 0.46225092 0.73443067 -0.2446024 0.40503922 0.71637982 0.25208193
0.36331615 0.42318666 -0.70170587 0.22770812 0.44024542 -0.10027914 0.43689373 0.54752028 -0.73301423 0.24980961 0.55009282 0.03534386 0.47776303 0.6647169 -0.74374354 0.25882009 0.64780349 -0.03720037 0.49749303 0.54145932 -0.17444918 0.39574915 0.55393183 0.17423309 0.33934948 0.58234423 -0.58228517 0.27590874 0.59779656 0.10407645 0.46574032 0.73142934 -0.37050426 0.40503734 0.71654469 0.3824313 
0.36784282 0.42391092 -0.67599738 0.23304144 0.44300428 -0.063049 0.43820834 0.54831427 -0.71778262 0.25658298 0.54968572 0.07728396 0.47535303 0.66143119 -0.61572272 0.25582257 0.64654237 -0.0017405 0.50284934 0.53869337 -0.1780559 0.43051893 0.55176979 0.17779005 0.34659004 0.58726448 -0.55528957 0.27651706 0.60207874 0.01798178 0.4694126 0.73151928 -0.33105651 0.40300548 0.71367985 0.2586863 
0.36823803 0.42291197 -0.73075747 0.23255304 0.442505 -0.10566542 0.43517193 0.5467031 -0.74519736 0.25977615 0.54613781 0.03322917 0.47841185 0.66287535 -0.68384802 0.25696144 0.64493024 -0.05501319 0.50333077 0.53488296 -0.17979077 0.43579659 0.54695487 0.17966387 0.34681728 0.58649087 -0.64555258 0.27224243 0.60468179 0.00152198 0.46795166 0.72615528 -0.38738963 0.3932305 0.71356112 0.27757779
0.36975923 0.42140055 -0.75570744 0.22920308 0.44192442 -0.1249411 0.4318333 0.54263556 -0.75450933 0.25877169 0.54436535 0.02442511 0.48084876 0.66114748 -0.69484669 0.25979945 0.64369601 -0.05833983 0.51088876 0.53479367 -0.18192419 0.43831536 0.54412675 0.1817795 0.35074499 0.58846575 -0.66886675 0.27370745 0.60562491 0.04238756 0.4714925 0.73088151 -0.40179643 0.3918587 0.71580136 0.33738628
0.36808357 0.4229522 -0.76291585 0.22946364 0.44385067 -0.12282685 0.43027017 0.54518121 -0.78677493 0.2593964 0.54471368 0.02410061 0.48202011 0.6593225 -0.76271629 0.25981927 0.64361876 -0.04708422 0.51840949 0.53712457 -0.18363953 0.44069919 0.54441661 0.18362486 0.36546448 0.59682232 -0.6473121 0.27708539 0.60629344 0.06513433 0.48299098 0.72405952 -0.38079241 0.39492583 0.7158426 0.36551857
0.36400697 0.4204652 -0.74899018 0.22900546 0.44409859 -0.12207788 0.42789242 0.54235053 -0.77452528 0.25863966 0.5447315 0.02370825 0.48260996 0.65745676 -0.75258261 0.25663042 0.64296365 -0.05274219 0.53078902 0.53788507 -0.18102548 0.44649762 0.54451448 0.18100488 0.3727631 0.59813273 -0.65231681 0.28028727 0.60595006 0.05675409 0.47463465 0.7281062 -0.39079094 0.39925572 0.71253186 0.35389611
0.3603299 0.41982105 -0.76969689 0.22860774 0.44728994 -0.14232215 0.43160242 0.54339665 -0.78496397 0.25772136 0.54915446 0.00356694 0.478935 0.66167027 -0.74381709 0.25591692 0.64724445 -0.06284126 0.53673172 0.53520846 -0.1860058 0.44721401 0.54457814 0.18601295 0.36788175 0.60273129 -0.6309067 0.27850559 0.60707301 0.06695311 0.48161209 0.72690767 -0.33006549 0.41019052 0.71097463 0.38847244
0.36491379 0.41803807 -0.77106303 0.22929852 0.44567305 -0.15736356 0.43010011 0.54375058 -0.78571814 0.25501874 0.54355949 -0.00700846 0.47699115 0.66215432 -0.75291663 0.25514117 0.64395314 -0.07713341 0.54098004 0.53052413 -0.18315558 0.44751438 0.54208601 0.18301198 0.3726092 0.60254085 -0.61582917 0.27965266 0.60694402 0.03542122 0.48538888 0.72598213 -0.32272404 0.41871512 0.70705789 0.3346926 
0.36549652 0.41663745 -0.7547186 0.22950369 0.44377574 -0.16199289 0.43052495 0.54304284 -0.76466888 0.25443166 0.54291505 -0.02705479 0.47723559 0.65977329 -0.74221855 0.25383082 0.64472198 -0.09336486 0.5416643 0.52743536 -0.17570108 0.45277143 0.53946525 0.17552306 0.37253422 0.61075836 -0.50255978 0.27928981 0.60504895 0.02766902 0.48698992 0.72092456 -0.11089941 0.42656121 0.70548928 0.30921179
0.36740124 0.41737396 -0.74888265 0.22891067 0.44492108 -0.16376288 0.42980185 0.53982133 -0.75820833 0.252321 0.54418296 -0.02151262 0.47491366 0.65674382 -0.73667961 0.25420937 0.6461969 -0.09260016 0.54238009 0.5279541 -0.17329811 0.45458758 0.54070312 0.17310895 0.37708426 0.60513961 -0.57615376 0.27875465 0.60501522 0.02135866 0.48800766 0.72164899 -0.18506242 0.42549127 0.70602506 0.31661353
0.36346859 0.41566572 -0.74919945 0.22724494 0.44517422 -0.16599287 0.42813247 0.53856355 -0.76986265 0.25347537 0.54491067 -0.01849197 0.47252229 0.65583289 -0.76069945 0.25489998 0.64728123 -0.08619861 0.54229283 0.52516037 -0.17144279 0.45423535 0.54058331 0.17126025 0.36139357 0.58889312 -0.59209067 0.27995443 0.60605532 0.00959787 0.48917851 0.71627045 -0.22038034 0.4240737 0.70900184 0.30281037
0.36280507 0.4148688 -0.75171125 0.22604991 0.44583443 -0.16091177 0.42582601 0.53351575 -0.77233821 0.25448734 0.54478419 -0.00677138 0.47122034 0.65411204 -0.76808149 0.25609091 0.64759618 -0.06831768 0.54066515 0.52767283 -0.17124972 0.45326442 0.54131186 0.17112337 0.36786118 0.59428322 -0.6205759 0.27881199 0.60717332 0.03168062 0.47356552 0.72072828 -0.30037248 0.41697085 0.70893735 0.33834255
0.36265346 0.41460341 -0.75571513 0.22481576 0.44610146 -0.16230346 0.42534393 0.53215283 -0.77672291 0.25424492 0.54547602 -0.00948565 0.47124273 0.6533944 -0.77245891 0.25687376 0.64794475 -0.07344492 0.54000235 0.52904272 -0.17078105 0.45238087 0.54180235 0.17067176 0.37083498 0.59690511 -0.62363631 0.27785155 0.60784823 0.03139555 0.47843397 0.72040498 -0.30923969 0.41485429 0.70847988 0.34164712
0.36429185 0.41525948 -0.75413239 0.22513397 0.44596493 -0.16004983 0.42677304 0.5328269 -0.77184749 0.25459784 0.54571986 -0.00856333 0.47097021 0.65314394 -0.76416498 0.25728989 0.64792901 -0.07257391 0.54099137 0.52985322 -0.17007135 0.45141068 0.54166305 0.16995525 0.3726221 0.59826732 -0.60313314 0.27782175 0.60824627 0.03655002 0.48299718 0.72093403 -0.28472576 0.41309285 0.70873129 0.33690935
0.36455038 0.41477722 -0.76255351 0.22422886 0.44554415 -0.17178437 0.42679563 0.53296071 -0.78290784 0.25297454 0.54635841 -0.01336107 0.47109905 0.65252143 -0.77948898 0.25671011 0.64824003 -0.07492641 0.5424211 0.52725387 -0.16958302 0.45254052 0.5415259 0.16946165 0.37333924 0.59740889 -0.61627227 0.27623504 0.60793704 0.02947633 0.47144634 0.72175425 -0.32985792 0.41353863 0.70930356 0.32911453
0.36289939 0.41409916 -0.76353371 0.22168404 0.44428116 -0.17666878 0.42652065 0.5315457 -0.78060609 0.25245813 0.54376131 -0.02185936 0.47152755 0.65114105 -0.7790553 0.25630951 0.64644641 -0.08855817 0.54051727 0.52657199 -0.16960524 0.44913355 0.53905404 0.16949344 0.37609634 0.59776872 -0.59875607 0.27618399 0.6079818 0.02862045 0.46948224 0.72214723 -0.31237751 0.41417602 0.70983112 0.32010403
0.36307985 0.4131093 -0.79939526 0.21935384 0.44345042 -0.20525651 0.42694715 0.52999771 -0.8155641 0.25114483 0.54338747 -0.05274504 0.47174397 0.650437 -0.80422193 0.25624973 0.64549506 -0.11601803 0.53895724 0.5247348 -0.16997078 0.44452497 0.53698611 0.16988687 0.38505217 0.59662259 -0.66967219 0.27090091 0.60804707 0.02263706 0.46731257 0.72400576 -0.40162316 0.40685299 0.71024388 0.32134199
0.36418831 0.41386765 -0.79112643 0.21887988 0.44343847 -0.20984805 0.4275592 0.53069699 -0.80099559 0.24875508 0.54386634 -0.06486513 0.4718945 0.65056533 -0.7971108 0.25540653 0.64586127 -0.12700409 0.53899622 0.52387172 -0.17083719 0.44310468 0.5357272 0.17075196 0.39547563 0.59751534 -0.64928114 0.27152884 0.60671681 0.0957329 0.46740854 0.72656471 -0.38579893 0.40724745 0.70891196 0.42796808
0.36489049 0.41424179 -0.78505695 0.21890157 0.44176334 -0.2047191 0.42756763 0.53094476 -0.79459727 0.24658582 0.54411983 -0.0594393 0.47166553 0.65026355 -0.7956956 0.25486118 0.64557457 -0.12240174 0.54012519 0.52417535 -0.17075735 0.44551718 0.53604633 0.17066847 0.4013539 0.59770018 -0.63416857 0.27210698 0.60615039 0.0997429 0.46552518 0.72654927 -0.36999524 0.40633604 0.70918536 0.42498928
0.36537084 0.41387233 -0.77263063 0.21941888 0.44176421 -0.18374918 0.42723456 0.53033 -0.77481806 0.24611528 0.54441649 -0.03778794 0.47038534 0.64977372 -0.76575792 0.25419447 0.64561206 -0.10140445 0.54237241 0.5241977 -0.17101911 0.44895497 0.53637272 0.17092691 0.40313303 0.59588832 -0.64113295 0.27236116 0.60571826 0.11976086 0.46539083 0.72666091 -0.38685548 0.40558368 0.70867211 0.44950888
0.36576709 0.41289872 -0.77491689 0.21935141 0.44134557 -0.19398534 0.4272562 0.52956992 -0.77970928 0.24460208 0.54462564 -0.04442405 0.46852794 0.64965463 -0.76576877 0.25342855 0.64562523 -0.10664033 0.54583865 0.51873928 -0.17083971 0.45236707 0.53425866 0.17073023 0.40200439 0.59150052 -0.63413584 0.27284604 0.60326177 0.10403091 0.46633309 0.72173911 -0.37274748 0.40565884 0.7055077 0.42350596
0.366023 0.4131088 -0.78148788 0.21882011 0.44145885 -0.19512179 0.42709085 0.52940619 -0.78692752 0.24416213 0.54474068 -0.04465253 0.46891791 0.64979905 -0.77368343 0.25347114 0.645468 -0.10600669 0.54565156 0.51899922 -0.17078559 0.44748086 0.53374422 0.17068444 0.40787485 0.59169978 -0.66875416 0.27292854 0.60295653 0.13536787 0.49732214 0.72086328 -0.43394759 0.40334001 0.70571613 0.4851611 
0.36649194 0.41316098 -0.81285059 0.21890646 0.44051555 -0.22081321 0.42656824 0.52967674 -0.81229317 0.24432032 0.54426819 -0.06515543 0.46910346 0.64948583 -0.7890538 0.25354445 0.64546263 -0.12045879 0.5478583 0.51609951 -0.17256403 0.44746563 0.53014511 0.17243688 0.4116815 0.59218901 -0.61319572 0.27606693 0.60204989 0.13939157 0.48512691 0.72101402 -0.34434316 0.40202814 0.70583373 0.47851455
0.36654431 0.41263956 -0.80926013 0.21901314 0.44062436 -0.21563254 0.42584425 0.52888274 -0.81841576 0.24455374 0.54377824 -0.05957747 0.46927494 0.64745784 -0.80685866 0.25331819 0.64310062 -0.1153586 0.54761302 0.51696408 -0.17373163 0.44791964 0.53021151 0.17357165 0.40810701 0.59299183 -0.61335796 0.27697366 0.60206282 0.06969535 0.47797862 0.72143143 -0.30008096 0.39942393 0.70978796 0.39175895
0.36801586 0.41192093 -0.81900394 0.21904044 0.43980417 -0.22424464 0.42585784 0.52817833 -0.8345319 0.24473673 0.54329586 -0.07131249 0.46935597 0.64736569 -0.82344723 0.25321499 0.64286882 -0.13001026 0.54744732 0.51345092 -0.17205364 0.44742399 0.52921134 0.17191228 0.4078382 0.58597833 -0.67934924 0.27683851 0.60150373 -0.00323323 0.49926165 0.71057355 -0.32438165 0.39884311 0.71332139 0.32593808
0.36935213 0.4102577 -0.85295767 0.21912779 0.43794769 -0.26947603 0.42593282 0.52830821 -0.85903901 0.24444678 0.54203969 -0.12072915 0.46958253 0.64736277 -0.84265405 0.25320548 0.64141393 -0.18015844 0.54733258 0.51018137 -0.17173219 0.44571841 0.52676624 0.17155123 0.40939996 0.58741021 -0.66272134 0.27876407 0.60010022 0.00361074 0.50380796 0.71083188 -0.30527863 0.39900786 0.71191925 0.33918485
0.36932147 0.40900552 -0.84766507 0.21893977 0.43727365 -0.25825766 0.42566478 0.52781975 -0.83385438 0.24454971 0.54181886 -0.10526665 0.46963301 0.64745742 -0.83575207 0.2533772 0.64141828 -0.16227366 0.54730082 0.50768578 -0.16800807 0.44572818 0.52564222 0.16774586 0.40887338 0.58985674 -0.55640757 0.27909032 0.60012794 0.01446264 0.50384039 0.71205974 -0.1757094 0.39913622 0.71044242 0.34640366
0.36799106 0.40773299 -0.83595109 0.21846445 0.43673688 -0.25565001 0.4257085 0.5273422 -0.83163744 0.24457934 0.54110968 -0.10432118 0.46969041 0.64605224 -0.82452935 0.25339037 0.64001936 -0.1672148 0.54643428 0.50701445 -0.16853225 0.44519937 0.52313119 0.16826507 0.40831164 0.59715497 -0.55981588 0.27930638 0.60027766 -0.00967735 0.47937435 0.71638036 -0.19543366 0.39908123 0.7111842 0.31130642
0.36553219 0.4055582 -0.84470457 0.21802965 0.43528137 -0.27212903 0.4247852 0.52686423 -0.84271747 0.24464211 0.53906476 -0.11978274 0.46856469 0.64419156 -0.83067816 0.25390601 0.63836741 -0.17665538 0.54627514 0.50371712 -0.16987787 0.44520214 0.52080488 0.16963036 0.4005698 0.59780771 -0.54469138 0.27994639 0.59898305 -0.02568321 0.46493509 0.72077024 -0.16264549 0.39449665 0.71741015 0.29006755
0.36355937 0.40542734 -0.86356026 0.21797463 0.43317634 -0.2612491 0.42367464 0.52462327 -0.86783427 0.24463455 0.53622222 -0.11312025 0.46824828 0.64168644 -0.85192823 0.25392231 0.63480335 -0.16995062 0.54565197 0.50189143 -0.17668061 0.44529825 0.51871985 0.17657056 0.38910225 0.59597617 -0.55378413 0.27979535 0.59892958 -0.02166575 0.46269846 0.71846908 -0.13889267 0.39463884 0.71923918 0.30124193
0.36147904 0.40421692 -0.88122612 0.21761626 0.43081811 -0.26647916 0.42278609 0.52269548 -0.88606387 0.24453549 0.53221476 -0.11753636 0.46588024 0.64030868 -0.86870205 0.25385147 0.63248861 -0.17601097 0.54561412 0.49846151 -0.18003592 0.44537637 0.51459497 0.17992176 0.39020458 0.59579813 -0.55664802 0.28179622 0.59875304 -0.01161835 0.46432173 0.71851307 -0.17804612 0.39016843 0.72212273 0.29094326
0.35889769 0.40101516 -0.87147665 0.21675873 0.42903072 -0.26095527 0.42203128 0.52064562 -0.87641782 0.2445935 0.52949679 -0.11098788 0.46498093 0.63739312 -0.85959637 0.25429118 0.62948126 -0.16997825 0.54440957 0.49758181 -0.18124834 0.44399261 0.51303345 0.18115014 0.39120468 0.59505641 -0.54781199 0.28267667 0.60055166 -0.00640125 0.4868232 0.71598446 -0.17546013 0.39049035 0.72308534 0.30388185
0.35841605 0.39743584 -0.87250561 0.21662918 0.42851469 -0.2589547 0.42179528 0.51633346 -0.88133854 0.24539685 0.52927923 -0.11379872 0.46111494 0.63310641 -0.86057884 0.25451273 0.62894911 -0.1730798 0.54426283 0.4939709 -0.18401727 0.44416744 0.51170003 0.18385331 0.38813892 0.58600223 -0.57997394 0.28324321 0.60166091 -0.02600051 0.49349523 0.70399946 -0.19078688 0.38693404 0.72258151 0.27831832
0.35870802 0.39693788 -0.8804453 0.21621744 0.42824307 -0.26038811 0.42133304 0.51337206 -0.89918602 0.24506801 0.52974045 -0.11692011 0.46080524 0.63158065 -0.88814735 0.25411329 0.62816054 -0.18117391 0.5418123 0.49561411 -0.18453313 0.4437215 0.5128926 0.18439619 0.39691192 0.5854544 -0.60372013 0.28478897 0.60178578 -0.01879234 0.47075802 0.70761073 -0.25131151 0.38750631 0.72500652 0.28139177
0.3586475 0.39320153 -0.8745892 0.2159858 0.42730728 -0.25960967 0.4214496 0.51061839 -0.89034331 0.24503103 0.52923131 -0.11355465 0.46072164 0.62727988 -0.87674463 0.25359008 0.6278705 -0.17743692 0.54149282 0.49323618 -0.18418878 0.44373322 0.51088077 0.18404752 0.39011279 0.58616763 -0.5796634 0.29008096 0.60096002 -0.02827341 0.46200529 0.70908016 -0.23287645 0.38804883 0.72655404 0.25128418
0.35878563 0.39260805 -0.86924326 0.21598117 0.4266291 -0.26004586 0.42148429 0.5091086 -0.88192314 0.24516243 0.52836055 -0.11161106 0.46092361 0.62572044 -0.87081081 0.25326368 0.62516844 -0.17296948 0.54086703 0.49389836 -0.18400083 0.44374987 0.50999951 0.1838669 0.38110316 0.58638901 -0.55164474 0.29019424 0.60058612 -0.01584311 0.4609018 0.71515971 -0.23486637 0.38850808 0.72761542 0.26740208
0.35923126 0.39156497 -0.87611979 0.21608175 0.42421806 -0.2681087 0.42168024 0.50807631 -0.90273291 0.24578646 0.52467883 -0.13160153 0.46020147 0.62595469 -0.90747666 0.25224677 0.62184846 -0.19509855 0.54096735 0.49244609 -0.18486007 0.44361734 0.50697666 0.18477361 0.41043052 0.58490628 -0.55190712 0.29238504 0.59995818 -0.01293238 0.45852801 0.71953207 -0.31198671 0.38974479 0.72970396 0.25773323
0.35919109 0.38833791 -0.88103706 0.21690114 0.42006239 -0.26610926 0.42177922 0.50707418 -0.90122938 0.24631862 0.52255064 -0.1257596 0.46018329 0.62337947 -0.89779264 0.2520811 0.62019664 -0.1889859 0.54149711 0.48996729 -0.18905751 0.443735 0.50364 0.18898799 0.41089985 0.58466244 -0.56588006 0.29465979 0.59703922 0.02174699 0.45637941 0.72262251 -0.32499048 0.38873702 0.72881335 0.28687724
0.3593761 0.38597831 -0.86828315 0.21760298 0.41634792 -0.26241863 0.42198145 0.50461519 -0.8868289 0.24709219 0.52024662 -0.11359073 0.4602696 0.62034321 -0.88900554 0.25146037 0.61831081 -0.1627565 0.54150277 0.48863617 -0.18817841 0.44374156 0.50220567 0.18813673 0.4127453 0.58497328 -0.5392943 0.29580599 0.5957498 -0.00283822 0.49086416 0.71457583 -0.19596213 0.39073202 0.72851402 0.27543417
0.36034653 0.38374901 -0.86227113 0.21773478 0.41315529 -0.26346883 0.42286903 0.5032059 -0.87246794 0.24740018 0.51707458 -0.11308364 0.46033832 0.61754012 -0.87663931 0.25119644 0.61534953 -0.16310377 0.54152769 0.48636639 -0.18730612 0.44381273 0.49965826 0.18726406 0.41113389 0.58519965 -0.52599436 0.29814011 0.59597141 -0.01843912 0.46642551 0.71589553 -0.16889611 0.39081696 0.72839791 0.26190361
0.36080649 0.38267899 -0.85648215 0.2181406 0.41170755 -0.24771446 0.42303547 0.50297803 -0.8703357 0.2475283 0.51413876 -0.10450894 0.46021909 0.61662787 -0.86933482 0.25118548 0.61123329 -0.16261449 0.54153603 0.485374 -0.18707371 0.44357416 0.49927416 0.18702765 0.41159087 0.58443588 -0.54670119 0.29892811 0.59491783 -0.02477276 0.48430437 0.71437126 -0.23733303 0.38859633 0.72830749 0.2460492 
0.36121294 0.38048294 -0.85510427 0.21890002 0.40885004 -0.25124323 0.42309761 0.50114441 -0.86971611 0.24809089 0.51018924 -0.10330069 0.45963442 0.61461514 -0.87140822 0.25118908 0.60831928 -0.1619245 0.54081714 0.48461017 -0.18526737 0.44254416 0.49865568 0.18520062 0.41646868 0.58460391 -0.51650369 0.30087718 0.5942145 -0.02774173 0.46674964 0.71517003 -0.19215308 0.38874906 0.72827554 0.24595428
0.36199746 0.3782109 -0.85603219 0.21940817 0.40656012 -0.25659689 0.42317939 0.49915653 -0.86999649 0.24818496 0.50739205 -0.10343044 0.4592658 0.61467201 -0.87302518 0.25130767 0.60504186 -0.16399768 0.54121417 0.48406079 -0.18376738 0.4418807 0.49777427 0.18368748 0.41517437 0.59156382 -0.52896816 0.29941973 0.59370589 -0.06190562 0.463902 0.71610183 -0.19767763 0.3884902 0.72786784 0.20793861
0.36251169 0.37476906 -0.86159629 0.2202186 0.40447766 -0.27164027 0.42359042 0.49544728 -0.87371087 0.24818547 0.50626898 -0.11264425 0.45929417 0.61058873 -0.8804642 0.25111327 0.6055662 -0.17170261 0.54123265 0.48127255 -0.18180403 0.44204435 0.49559873 0.18168944 0.41444764 0.59234202 -0.54411769 0.29911438 0.59282005 -0.04983119 0.46531507 0.71625179 -0.25831741 0.39057934 0.72746831 0.22580083
0.36335656 0.37340733 -0.86150205 0.22137886 0.40239927 -0.26999009 0.42493883 0.4956314 -0.87280738 0.24815984 0.5051052 -0.10721173 0.45931652 0.61185366 -0.87955153 0.25078064 0.60393435 -0.17155808 0.54123455 0.48191911 -0.1811823 0.4418844 0.49514067 0.18103887 0.41766965 0.59780729 -0.54508847 0.29854718 0.59279257 -0.07388176 0.46783006 0.71619588 -0.1997429 0.39059705 0.72741306 0.22979532
0.36500385 0.37147638 -0.84050113 0.22299717 0.39994156 -0.26949868 0.42603108 0.49340263 -0.84238356 0.24820378 0.50360608 -0.10707945 0.45925757 0.60870838 -0.85930687 0.25030187 0.60296977 -0.17104644 0.54165053 0.47842491 -0.17671271 0.44272894 0.4925018 0.17653441 0.41704646 0.5970065 -0.4909786 0.29893199 0.59214669 -0.06180916 0.46313405 0.71997362 -0.17881534 0.39091995 0.72732097 0.21064702
0.36584032 0.36860785 -0.83047664 0.22446457 0.39684245 -0.26186514 0.42642665 0.49112111 -0.83092117 0.24825826 0.5012005 -0.10383005 0.45911103 0.60585839 -0.8397153 0.24992351 0.6011169 -0.17063536 0.54198897 0.47854596 -0.17596613 0.44274658 0.49171051 0.17577375 0.41658503 0.59648389 -0.50425547 0.29877916 0.59213096 -0.07651013 0.46338814 0.72128814 -0.19144991 0.39413318 0.72722685 0.1884713 
0.3668946 0.36667001 -0.82712919 0.22612052 0.39443815 -0.26018527 0.42652911 0.48906556 -0.82180005 0.24960564 0.49919832 -0.09904769 0.45968118 0.60294396 -0.82690662 0.24950717 0.60102773 -0.1614334 0.5432452 0.47876403 -0.17602615 0.44373295 0.49163496 0.17583114 0.41854504 0.59365851 -0.50266069 0.29972377 0.59166718 -0.06886701 0.4634102 0.72234339 -0.17708062 0.39466277 0.72728288 0.20390716
0.36783859 0.36457804 -0.82305247 0.2267341 0.3927232 -0.26042053 0.42679945 0.48756275 -0.80206054 0.2496887 0.49902055 -0.09615564 0.45968822 0.60134494 -0.7993319 0.24950853 0.59854597 -0.15682344 0.54249519 0.47888231 -0.1747594 0.4429428 0.49082488 0.17448273 0.41844648 0.59188294 -0.5018959 0.29993361 0.58930796 -0.04804506 0.46309796 0.72258854 -0.15032937 0.39319131 0.72679794 0.22801597
0.36818576 0.36028272 -0.79483902 0.22723265 0.39179772 -0.24492091 0.42774901 0.48458144 -0.77710259 0.24941765 0.4966076 -0.08100004 0.45969439 0.59839714 -0.77120328 0.24922287 0.59792709 -0.14012019 0.54260743 0.47625539 -0.17483573 0.44415474 0.48998228 0.17455551 0.40745133 0.58663261 -0.47776493 0.30342117 0.58945602 -0.02662997 0.46317846 0.72246045 -0.1490147 0.39974424 0.72669333 0.23715329
0.36868483 0.35807425 -0.80693364 0.22733825 0.38927397 -0.25925937 0.42876703 0.48375389 -0.79479432 0.24948297 0.4937771 -0.09172338 0.45971763 0.59801447 -0.79368287 0.24876107 0.5970034 -0.15018423 0.54269791 0.47492859 -0.17472371 0.4444316 0.48859388 0.17441748 0.40278634 0.58417982 -0.49166366 0.3029651 0.58916306 -0.02862724 0.46334741 0.72181213 -0.15309677 0.39950955 0.72495806 0.24218526
0.36962318 0.35673934 -0.79126889 0.22738162 0.38817513 -0.24728948 0.42955408 0.48208705 -0.77208835 0.25146383 0.49162355 -0.08242368 0.45979029 0.59612572 -0.77268368 0.24843471 0.59438783 -0.14239515 0.54270226 0.47218382 -0.17476179 0.44492796 0.48645544 0.17446066 0.40319669 0.58449394 -0.47180954 0.3030636 0.58894497 -0.02550223 0.46466202 0.7219047 -0.15636189 0.40236542 0.72495854 0.23748158
0.3709057 0.35525668 -0.79636306 0.22735342 0.38452235 -0.26479256 0.43023762 0.48022932 -0.78636736 0.25385723 0.48795089 -0.09700483 0.46025702 0.59397036 -0.78302532 0.24842617 0.59228665 -0.15319352 0.5427056 0.46939072 -0.17413281 0.4448823 0.48503289 0.17382886 0.40550095 0.58433688 -0.4783397 0.30533022 0.58860546 -0.02350255 0.46220502 0.72094828 -0.12509289 0.40191945 0.72492772 0.2524367 
0.37124383 0.35388014 -0.80371255 0.22737736 0.3832173 -0.28183115 0.43068734 0.47824016 -0.78984421 0.25531629 0.48656863 -0.10982938 0.46048927 0.59252834 -0.79118365 0.24863389 0.59118837 -0.16005757 0.54272562 0.46719372 -0.17194089 0.44500652 0.48322615 0.17158765 0.40565753 0.58418435 -0.45282182 0.30776408 0.588687 -0.00552057 0.45526442 0.72148228 -0.10619613 0.40159807 0.72482115 0.26476547
0.37123093 0.35196355 -0.79790431 0.22774747 0.38140327 -0.27721649 0.43086419 0.47543049 -0.77922499 0.25710997 0.48424202 -0.10653165 0.46056393 0.58893263 -0.78152508 0.24884683 0.58903253 -0.16010696 0.54257256 0.4667426 -0.17192033 0.44491011 0.48253003 0.17154774 0.4148832 0.58306676 -0.45840102 0.30833533 0.58862376 -0.03030993 0.4641102 0.72221285 -0.18642002 0.40136573 0.72433168 0.20020461
0.37083751 0.35016108 -0.77487743 0.22825705 0.37850863 -0.2491753 0.43090102 0.4740158 -0.74822831 0.25617722 0.48218673 -0.07892222 0.46163857 0.5883469 -0.74437463 0.24876432 0.58807975 -0.1289255 0.54290372 0.46672952 -0.17163245 0.44524014 0.48142692 0.17124677 0.40901926 0.58313763 -0.44650626 0.30825776 0.58865631 -0.01462125 0.46759269 0.72277266 -0.13348113 0.3975755 0.72430629 0.22372079
0.37062329 0.34828955 -0.76462841 0.22839294 0.37699303 -0.24059683 0.43089652 0.47213116 -0.73140132 0.25426939 0.48164904 -0.07298246 0.46164018 0.58457357 -0.72488713 0.24851125 0.58578688 -0.13100138 0.54292834 0.46416968 -0.17084286 0.44526255 0.48001629 0.17041518 0.41729701 0.58028239 -0.47104746 0.30999693 0.58774787 -0.0324465 0.46763313 0.72160965 -0.15328829 0.39750305 0.72288775 0.20950195
0.37032235 0.34648985 -0.77582216 0.22852834 0.3755008 -0.25491449 0.43094569 0.4698157 -0.7394197 0.2540285 0.4799296 -0.0932473 0.46135658 0.58281577 -0.75229543 0.24812679 0.58419067 -0.15430923 0.54270542 0.46106374 -0.16965201 0.4450441 0.47711974 0.16919772 0.41839972 0.57585943 -0.50084561 0.31299099 0.58618039 -0.05654662 0.46795458 0.71994328 -0.22396415 0.39548346 0.72224849 0.17413214
0.37026456 0.34402883 -0.77079618 0.22887708 0.37364286 -0.22700761 0.43102783 0.46781102 -0.74953914 0.25391373 0.47786418 -0.07257783 0.4613283 0.58067691 -0.74887002 0.24792111 0.58268547 -0.14460449 0.54291391 0.46112442 -0.17407982 0.44532531 0.47616386 0.17358929 0.41170755 0.57682329 -0.51482236 0.3133941 0.58630639 -0.06137366 0.46833882 0.72150093 -0.24413706 0.39552966 0.7222892 0.16098611
0.37024722 0.34512812 -0.77650529 0.22934982 0.37314367 -0.2238265 0.43077362 0.4686268 -0.7545802 0.2538912 0.47704205 -0.06745052 0.46082181 0.58094251 -0.74894947 0.24793155 0.58207667 -0.13152413 0.54315972 0.45941296 -0.17762583 0.44512469 0.47307226 0.17725466 0.41167429 0.57652307 -0.50254029 0.31301105 0.58370566 -0.06096723 0.46694967 0.72267824 -0.23300838 0.39657313 0.72244644 0.1647777 
0.3703509 0.34408465 -0.74947703 0.2294441 0.37077132 -0.21694395 0.43072507 0.46630365 -0.71303564 0.25376871 0.47445646 -0.06381077 0.46077833 0.57816833 -0.69616568 0.24781901 0.57974285 -0.12174124 0.54318058 0.45717821 -0.17634934 0.44471169 0.47063056 0.17596859 0.41681674 0.5751068 -0.50165278 0.31278092 0.58246297 -0.06131512 0.46696597 0.7224856 -0.23643278 0.39778015 0.72258753 0.13671103
0.3704626 0.34266222 -0.7543534 0.2296569 0.3678599 -0.21483736 0.43073362 0.46334633 -0.71801978 0.25369206 0.47138494 -0.06104111 0.46072978 0.57546139 -0.70103359 0.24756402 0.57697207 -0.11981215 0.54340488 0.456588 -0.17657892 0.44459441 0.46926457 0.17620972 0.42203829 0.57386249 -0.49674585 0.31373575 0.58219248 -0.0670888 0.46664307 0.72397715 -0.25241402 0.39915308 0.72345966 0.1233155 
0.36962834 0.33926019 -0.74660617 0.22998399 0.36706826 -0.21658681 0.4306398 0.46128756 -0.72077239 0.25331888 0.46994278 -0.06193316 0.46015826 0.5733639 -0.71394926 0.24757026 0.57547349 -0.12085106 0.54348552 0.45688382 -0.17654228 0.44456413 0.46957704 0.17617111 0.42312962 0.57338536 -0.50399733 0.31644383 0.58228403 -0.02564226 0.46713686 0.72648776 -0.34806156 0.39946947 0.72350329 0.13920535
0.36962429 0.33841345 -0.71268839 0.23032179 0.36494857 -0.17996992 0.43063688 0.46040899 -0.67524451 0.25304618 0.46861655 -0.02600134 0.45934513 0.57049829 -0.65924644 0.24756654 0.57448566 -0.07948065 0.54427677 0.45695838 -0.17796883 0.44456455 0.4683885 0.17759727 0.42364094 0.57353538 -0.46156672 0.31890735 0.58221948 0.035512 0.47175041 0.7292546 -0.29028001 0.40147492 0.72339451 0.22607614
0.36978337 0.33724257 -0.72006607 0.23142004 0.36330289 -0.17182197 0.43061876 0.45922968 -0.68725532 0.25302118 0.46780911 -0.01237363 0.45856589 0.56919116 -0.67294079 0.24775021 0.5746786 -0.06539096 0.54494476 0.45737273 -0.17965633 0.44492391 0.46866098 0.17928267 0.42371017 0.57385808 -0.46896398 0.31880349 0.5822261 0.02423857 0.47170112 0.72919846 -0.27273193 0.40144163 0.72252697 0.24127491
0.36978316 0.33487138 -0.72459865 0.23167247 0.36108932 -0.17476118 0.43062899 0.45729396 -0.70060748 0.25275698 0.4673683 -0.02616911 0.45735261 0.56849831 -0.68871826 0.2477434 0.57403642 -0.08071207 0.54511726 0.45718083 -0.17954311 0.44492996 0.46781215 0.17917264 0.42924574 0.57417029 -0.50142282 0.3184177 0.58218628 0.00968048 0.47160101 0.72901875 -0.29189384 0.40004557 0.72248089 0.23404568
0.3699998 0.33370611 -0.7330814 0.23139122 0.3577632 -0.18650278 0.43079588 0.45727375 -0.69988507 0.25382006 0.46495578 -0.01927974 0.45659855 0.56793809 -0.67372185 0.24787499 0.57119912 -0.06321405 0.5454846 0.45739359 -0.17982717 0.44492686 0.46775892 0.17942238 0.42843205 0.57450104 -0.50032246 0.31820241 0.58057898 0.00296919 0.47347611 0.72872365 -0.25094622 0.39837807 0.72161329 0.22939123
0.37068608 0.33340871 -0.71064883 0.23240982 0.35461301 -0.17262606 0.43111607 0.45708197 -0.66445273 0.25494567 0.4619481 -0.00935438 0.45651498 0.56669128 -0.63256234 0.24778061 0.56625992 -0.05729523 0.5457049 0.45739946 -0.1800317 0.44566458 0.46592584 0.17962551 0.42943227 0.57708848 -0.42022297 0.31824681 0.58325678 0.00179965 0.47272071 0.72924364 -0.18006222 0.39669788 0.72145694 0.22443259
0.37073693 0.33106729 -0.70614791 0.23355651 0.35106838 -0.16435319 0.43117476 0.45305005 -0.66206551 0.25532982 0.45895872 0.00206138 0.45640954 0.56419331 -0.63601071 0.24693838 0.56257898 -0.04892228 0.54597312 0.453448 -0.18211694 0.44668177 0.46141139 0.18168457 0.42778644 0.5755173 -0.42311645 0.31809354 0.57913327 0.01507939 0.47259024 0.7297321 -0.19709598 0.39657655 0.72078729 0.22214742
0.37078452 0.32932526 -0.71513009 0.23412575 0.35113886 -0.16932333 0.4319095 0.44832548 -0.67445755 0.25699005 0.45909187 -0.00835637 0.45619485 0.56017202 -0.65146828 0.24695338 0.56307477 -0.05677858 0.54607642 0.4522801 -0.18301493 0.44665527 0.45998403 0.18261905 0.42753485 0.57558304 -0.42484856 0.32178277 0.57909065 0.0085835 0.47064176 0.72922939 -0.20499821 0.3984583 0.72081202 0.20349346
3.70478839e-01 3.24953258e-01 -7.19013631e-01 2.34109938e-01 3.46154779e-01 -1.56498745e-01 4.31716740e-01 4.45262015e-01 -6.79667115e-01 2.57480890e-01 4.55411077e-01 3.58040025e-03 4.55941767e-01 5.57335794e-01 -6.59001589e-01 2.46932864e-01 5.60658097e-01 -5.77766523e-02 5.47172785e-01 4.49360341e-01 -1.90403372e-01 4.48868006e-01 4.58426267e-01 1.90023795e-01 4.27279651e-01 5.76562285e-01 -4.30763155e-01 3.24320257e-01 5.78979075e-01 3.18165956e-04 4.69848007e-01 7.29777694e-01 -2.24255934e-01 3.98498088e-01 7.21536338e-01 1.83641061e-01
0.37079319 0.32159457 -0.69950312 0.23567162 0.34297618 -0.13570233 0.43209934 0.44326058 -0.66526222 0.25925732 0.45335397 0.01815429 0.45622724 0.55639309 -0.64682186 0.24718365 0.55893517 -0.04590796 0.55099803 0.44945934 -0.19100128 0.45202899 0.45782977 0.19064593 0.42636934 0.58229673 -0.39644665 0.32176915 0.57451355 0.01470051 0.4702799 0.73029417 -0.22394246 0.39604756 0.7212345 0.18706997
0.37064368 0.31939176 -0.70266712 0.23823343 0.34212658 -0.1403567 0.43252435 0.43944293 -0.67390895 0.25922891 0.45329079 0.01138391 0.45606703 0.55321664 -0.6691587 0.24771121 0.55971748 -0.05257427 0.55322063 0.44887209 -0.19344357 0.45495605 0.45470431 0.19315673 0.42645198 0.58255702 -0.40811595 0.32152519 0.57208717 0.03524711 0.47297049 0.73088354 -0.23078839 0.39519396 0.72057045 0.22794625
0.37162828 0.3161017 -0.7271626 0.23775387 0.33855158 -0.14202152 0.43256211 0.43428072 -0.70137197 0.25926894 0.44967514 0.01553711 0.45483392 0.54567236 -0.69522828 0.2482792 0.55615753 -0.05464125 0.55306232 0.44828048 -0.19663115 0.4546856 0.45372936 0.19636823 0.42588216 0.58500308 -0.39978963 0.32032338 0.57568538 0.02822687 0.47291559 0.73182017 -0.2260585 0.39535058 0.72054744 0.22277604
0.37213144 0.3108193 -0.72777128 0.23750447 0.33489197 -0.15762569 0.43282577 0.42909011 -0.70552319 0.25917789 0.44624272 -0.00951703 0.45469856 0.54051137 -0.71402067 0.24745512 0.55066645 -0.08547442 0.55114257 0.44476557 -0.1935661 0.45299682 0.45086211 0.19338086 0.42577773 0.58440673 -0.39871597 0.32500714 0.57749522 0.02350193 0.4716849 0.73125267 -0.23632631 0.39503449 0.72007459 0.21954829
0.37437877 0.30812973 -0.79936254 0.23745948 0.33057529 -0.20507774 0.43284279 0.42605481 -0.78238636 0.26045612 0.44202676 -0.04934733 0.45473516 0.53529304 -0.78701019 0.24761209 0.54723775 -0.13723879 0.54736155 0.43709958 -0.19122745 0.44974172 0.4462547 0.19110627 0.4319618 0.57896465 -0.47840339 0.33019501 0.57308751 -0.0693368 0.47346833 0.72903454 -0.3488161 0.39501083 0.71983463 0.10983215
0.37567535 0.30316168 -0.79058218 0.23715526 0.32466143 -0.20572977 0.43404093 0.42139989 -0.76945513 0.26156142 0.43487006 -0.05092752 0.4553847 0.52844751 -0.76936239 0.24739636 0.53796482 -0.13662685 0.54589713 0.43520382 -0.18955621 0.44567192 0.44324407 0.18946977 0.43789208 0.57872117 -0.46474645 0.33176547 0.57119638 -0.05925646 0.47344983 0.72902614 -0.31467795 0.39394018 0.71986276 0.11927534
0.37575534 0.29758614 -0.81713122 0.23707108 0.32091904 -0.21139848 0.43467352 0.4156827 -0.81251335 0.26516262 0.42904776 -0.05534926 0.45594364 0.52239078 -0.83743882 0.24878636 0.5320496 -0.15700975 0.54134846 0.43279517 -0.1904766 0.43890569 0.44072902 0.19045837 0.43795586 0.57496047 -0.56699318 0.33120462 0.56672764 -0.06495512 0.47272578 0.72769743 -0.46595687 0.39395112 0.71952599 0.13079563
0.3758831 0.28954819 -0.78756237 0.24176034 0.31461734 -0.13575797 0.43761548 0.40574884 -0.78816754 0.26846623 0.42582858 0.01942183 0.45716295 0.5108217 -0.78959531 0.24887371 0.5267185 -0.0860516 0.53921866 0.43211159 -0.1990115 0.43905854 0.44029906 0.19897109 0.43729225 0.56982958 -0.60012889 0.33100653 0.56290025 -0.03105156 0.47273147 0.7263152 -0.51526093 0.39517957 0.71953112 0.19493371
0.379585 0.28502661 -0.77130568 0.24800141 0.30985105 -0.14229095 0.4405649 0.40058085 -0.77152222 0.27066731 0.41993344 0.01626834 0.4593282 0.50942272 -0.78164226 0.24993175 0.52391094 -0.08462346 0.53612268 0.43201891 -0.1984985 0.43615642 0.43881479 0.19846587 0.43674058 0.56960738 -0.46895152 0.32869652 0.56342053 -0.051743 0.47295386 0.72634608 -0.48755255 0.3966634 0.72053719 0.11389779
0.38235998 0.27412194 -0.66463143 0.25393963 0.30258915 -0.0502163 0.44128394 0.38783354 -0.67970687 0.27363715 0.41238683 0.08909261 0.46118242 0.5005185 -0.71247226 0.25075266 0.51609212 -0.01383647 0.52919304 0.43309316 -0.19776942 0.43087992 0.44018441 0.19769561 0.43589675 0.56913114 -0.43403712 0.32633799 0.5642159 -0.03851821 0.47600448 0.72915715 -0.40435252 0.39869198 0.7219941 0.10270391
0.38433096 0.2640669 -0.63896549 0.25953984 0.29455858 -0.01390009 0.44190407 0.37755051 -0.67950261 0.27633023 0.40750033 0.11190415 0.46244261 0.49147397 -0.71868479 0.25261399 0.51109993 -0.00452325 0.52526623 0.43384889 -0.19661783 0.42463958 0.44059545 0.19661789 0.43673024 0.56943756 -0.44113505 0.32630953 0.56490099 -0.04383527 0.4833748 0.73209006 -0.44136736 0.39866588 0.72418857 0.07362033
0.38560426 0.25265422 -0.6153059 0.26836279 0.28490612 0.02655025 0.44288531 0.37260744 -0.65591615 0.28481653 0.39930195 0.14438742 0.4624342 0.48705959 -0.68711591 0.25480407 0.5051949 0.03275666 0.51405388 0.43415532 -0.19492477 0.41330472 0.44212922 0.19494101 0.43790546 0.57327086 -0.3588033 0.32942811 0.57300907 -0.0135478 0.48222136 0.7319501 -0.27128139 0.3994 0.72609144 0.09305141
0.39188588 0.2446817 -0.569206 0.27952215 0.27532166 0.09003121 0.44400975 0.35853401 -0.62371737 0.28975007 0.38632271 0.20735317 0.466153 0.47265515 -0.67208695 0.25484738 0.49025536 0.11745197 0.51179135 0.43436322 -0.19527972 0.41675237 0.4424181 0.19524844 0.43829277 0.57654923 -0.37091997 0.33673796 0.57361007 0.0030968 0.48373532 0.73199618 -0.29187953 0.39941692 0.72586197 0.1064164 
0.40177342 0.23656747 -0.54422951 0.28569913 0.27488646 0.07799146 0.44576484 0.35062009 -0.60099185 0.29204267 0.38624266 0.19530393 0.46984169 0.46424633 -0.66010171 0.25546527 0.48480108 0.09868001 0.50474894 0.43383393 -0.19407913 0.41205722 0.44320619 0.19400242 0.45101193 0.57896149 -0.32243907 0.34755489 0.57849473 0.05884057 0.48335803 0.73281276 -0.23801053 0.40414506 0.72751695 0.14965594
0.41428846 0.23367064 -0.55006343 0.2932584 0.27039686 0.09072749 0.44938502 0.34672686 -0.60823971 0.2959986 0.37614071 0.22049513 0.47152078 0.46112967 -0.64648539 0.25786945 0.47255212 0.11067824 0.4889679 0.43407291 -0.19349399 0.39756006 0.44344911 0.19340442 0.45265678 0.58232445 -0.29263559 0.35187262 0.58354187 0.05476205 0.48328918 0.73361456 -0.19286925 0.40398127 0.73079544 0.16867296
0.4270876 0.23171836 -0.56086892 0.30712798 0.26638511 0.09728789 0.45426303 0.34518018 -0.62081856 0.30301911 0.37217084 0.22337665 0.47302842 0.45587489 -0.65098327 0.25932318 0.46316597 0.10972459 0.48879728 0.43424594 -0.19458629 0.39729136 0.4439815 0.19441006 0.45162886 0.58589947 -0.26903182 0.35235065 0.5861482 0.09592661 0.48301065 0.73371977 -0.13206448 0.40535626 0.73148632 0.23678493
0.43567795 0.22907148 -0.57651734 0.32254949 0.25942478 0.10776325 0.45903721 0.34010932 -0.63067144 0.31392887 0.36418498 0.23870364 0.47313228 0.44971195 -0.66375667 0.26471561 0.45489016 0.14866289 0.47589552 0.4348802 -0.19903886 0.38737535 0.44410294 0.19878545 0.45113537 0.58727896 -0.23993702 0.36294904 0.58700281 0.19516492 0.4827995 0.73391688 -0.10168767 0.40637815 0.73099941 0.33238772
0.44501179 0.22478285 -0.54369241 0.33685452 0.25433579 0.13583332 0.46902955 0.33398694 -0.60218537 0.31956196 0.36111993 0.2722871 0.4736864 0.44110939 -0.63990605 0.26679942 0.45227718 0.19479567 0.46624884 0.43489376 -0.19865519 0.37908608 0.44325241 0.19839892 0.45196047 0.58715993 -0.2385852 0.36359027 0.58590031 0.17846578 0.48388502 0.73507822 -0.14106722 0.40597406 0.73076016 0.30012286
0.4567036 0.22187735 -0.41753259 0.34412169 0.24814266 0.23544991 0.47729272 0.327041 -0.50662404 0.32407555 0.35757405 0.34305421 0.47601601 0.4340544 -0.53874707 0.26966855 0.4510287 0.2452002 0.46705246 0.43282661 -0.19342881 0.37379718 0.44052628 0.19315983 0.45641804 0.58673012 -0.24088332 0.3656559 0.58511841 0.12716882 0.48385936 0.73501402 -0.16341752 0.4056913 0.73053432 0.23320566
0.4843919 0.22113676 -0.33786255 0.35676345 0.24329972 0.28421098 0.48805729 0.32563296 -0.42727473 0.32648811 0.35185292 0.38144082 0.47788069 0.42915162 -0.46303299 0.27548841 0.44515529 0.26772478 0.47041902 0.43232521 -0.18670593 0.37017316 0.43786731 0.18642256 0.45663509 0.58617848 -0.20721461 0.3681713 0.58511937 0.12274515 0.48373452 0.73672301 -0.13243054 0.40300101 0.73050755 0.22598882
0.49112108 0.22067168 -0.27042082 0.36715382 0.24078248 0.31218573 0.4959363 0.32485282 -0.37859049 0.33029667 0.35540181 0.40825269 0.47884065 0.42649803 -0.4581683 0.27473682 0.4471297 0.29068094 0.46308216 0.43117276 -0.16883406 0.36084029 0.43591008 0.16858847 0.46094534 0.58579975 -0.20885664 0.37600613 0.58478862 0.09363059 0.48347554 0.73665458 -0.15789267 0.40297008 0.73163772 0.1174164 
0.50870252 0.22217275 -0.21856728 0.36989671 0.24011518 0.31948647 0.51092988 0.32255781 -0.33538508 0.32786524 0.35158998 0.40661401 0.48107556 0.42099968 -0.4135482 0.27486953 0.44635436 0.28474206 0.46679491 0.43103436 -0.15879993 0.36032668 0.43545645 0.15863806 0.46869457 0.58544427 -0.19057193 0.38220575 0.58548409 0.0921772 0.48325479 0.73694021 -0.13765994 0.40294498 0.73369914 0.12699458
0.52035546 0.22399469 -0.20648186 0.37774387 0.24562626 0.30482653 0.51730776 0.32223064 -0.3362405 0.33364856 0.35418189 0.38942823 0.48277932 0.42216796 -0.44087207 0.2781592 0.44641849 0.27171591 0.46656826 0.43091157 -0.15244171 0.3577975 0.4352887 0.15225723 0.47380486 0.58302218 -0.21112402 0.38304925 0.58526218 0.06571226 0.48494348 0.73682648 -0.17930874 0.40308625 0.73373497 0.05423115
0.53064525 0.2251655 -0.20155007 0.38106096 0.24721543 0.28311783 0.52344608 0.32479954 -0.29990071 0.32769865 0.33843184 0.38137123 0.48640001 0.42325705 -0.36956355 0.27877831 0.44004714 0.27424777 0.46937203 0.43444651 -0.14392543 0.36050048 0.43648431 0.14376147 0.48376092 0.58566296 -0.16680267 0.38979882 0.58918834 0.09730392 0.48752713 0.73737162 -0.1271178 0.40361559 0.73363507 0.09999985
0.54133594 0.2314555 -0.18312086 0.3782613 0.24743538 0.27174225 0.53251183 0.3266075 -0.27574325 0.29424825 0.3213881 0.36765558 0.48757675 0.42708284 -0.34829542 0.16063076 0.35761115 0.2546837 0.47059467 0.4350355 -0.13058306 0.35953289 0.43678325 0.13045125 0.48225334 0.58553559 -0.17084059 0.38999882 0.58922988 0.09657081 0.48854262 0.73736995 -0.13388965 0.40318391 0.73262995 0.09613065
0.54653883 0.23641975 -0.1627748 0.38535541 0.25202915 0.28493002 0.53995132 0.32740659 -0.2595585 0.3330743 0.34384122 0.36504301 0.49180937 0.42780685 -0.34216475 0.2469002 0.41160679 0.24545746 0.47165218 0.43576398 -0.13883503 0.36020869 0.43694422 0.13868533 0.47966614 0.58485109 -0.1846056 0.38895509 0.58911413 0.09885973 0.49124163 0.73734635 -0.16338128 0.40332147 0.73253727 0.10273814
0.54667592 0.24283008 -0.19400208 0.39751253 0.25800365 0.29361549 0.54017949 0.33718947 -0.29403028 0.35740048 0.35889852 0.37081289 0.49615076 0.42825276 -0.37197593 0.27604637 0.43064034 0.24675921 0.47237644 0.43674305 -0.14301671 0.36161032 0.43729344 0.14285904 0.4775992 0.58430153 -0.18800196 0.38997152 0.58891934 0.10111693 0.49112141 0.7371282 -0.18063889 0.40376201 0.73199069 0.11007857
0.54492515 0.2459304 -0.1870171 0.39914599 0.26496321 0.30943379 0.53914642 0.33996201 -0.29148477 0.35819542 0.36940321 0.38775715 0.49822462 0.42898846 -0.37116817 0.28539297 0.43799558 0.25391793 0.47047925 0.43747059 -0.14557281 0.3611598 0.43905464 0.1453682 0.47747719 0.58310646 -0.24331029 0.38974896 0.58862919 0.1007155 0.4908376 0.73639846 -0.23812708 0.40564492 0.73180163 0.11320232
0.54571414 0.24812467 -0.21408482 0.40063238 0.2646805 0.28992826 0.53872734 0.34190658 -0.31773213 0.36148298 0.36796615 0.37592974 0.4979938 0.43093929 -0.38577932 0.28877193 0.4412092 0.24888752 0.47080848 0.43749067 -0.14602941 0.36190701 0.43906263 0.14578913 0.47749946 0.58173877 -0.24879304 0.39016193 0.58783281 0.11464877 0.49280441 0.73415667 -0.22648852 0.40574187 0.73100215 0.16031559
0.54226965 0.2495115 -0.22600646 0.39632335 0.2645897 0.29121262 0.53954697 0.34364909 -0.3267158 0.36019465 0.36777604 0.37904152 0.49954835 0.43407476 -0.390775 0.2888779 0.44428092 0.25186542 0.47044522 0.43852431 -0.14894104 0.3613835 0.43997586 0.14874923 0.47671792 0.58162868 -0.26708725 0.39006621 0.58774716 0.10137116 0.49339148 0.73354721 -0.23618412 0.40669718 0.73253757 0.15223154
0.53864682 0.24845897 -0.23815413 0.39398059 0.26352045 0.28830397 0.53893197 0.34346437 -0.33109295 0.36149424 0.36756465 0.38095897 0.49989891 0.43518555 -0.38803434 0.28907633 0.44527656 0.25497106 0.4699854 0.43870956 -0.15456882 0.36141711 0.43998626 0.15440181 0.476105 0.58267397 -0.25400615 0.38994011 0.5879609 0.12470946 0.49277055 0.73353332 -0.20308267 0.40569878 0.73252326 0.18413155
0.53653479 0.24823041 -0.30456227 0.39209843 0.26145259 0.24052602 0.53756344 0.3431049 -0.38218564 0.35832262 0.36713809 0.34053987 0.50049943 0.43551597 -0.43180493 0.28846475 0.44628331 0.22499132 0.47049242 0.43857414 -0.15632039 0.36219457 0.43956727 0.15616098 0.47520915 0.58267176 -0.2288307 0.38222912 0.58793145 0.13614993 0.49259558 0.73352408 -0.16508013 0.4057661 0.73252064 0.18901105
0.52917343 0.2469406 -0.29463327 0.3910467 0.25575912 0.27069318 0.53607351 0.34246594 -0.3768279 0.35635382 0.36683235 0.37302324 0.50091839 0.43565845 -0.42777613 0.28922471 0.44659454 0.2662473 0.47068211 0.43855488 -0.15928434 0.36370194 0.43904665 0.15908778 0.47113267 0.5833531 -0.21342567 0.37201008 0.58834952 0.13600063 0.4906559 0.73362702 -0.14228408 0.40562576 0.7325477 0.19847785
0.51994956 0.24372806 -0.30337402 0.39008191 0.2539292 0.2804189 0.53100759 0.34152982 -0.37722257 0.35490486 0.36671859 0.38543767 0.50110662 0.43575206 -0.41772339 0.28925011 0.44828418 0.28129688 0.47071657 0.43866116 -0.1662869 0.36713743 0.43921193 0.16607548 0.46733338 0.58359158 -0.19762261 0.36419398 0.58832365 0.14423104 0.49056622 0.73398358 -0.1177627 0.40683314 0.73197615 0.21515316
0.51257616 0.23834783 -0.33214885 0.38358894 0.25200975 0.27991569 0.52813816 0.33887222 -0.4165065 0.34915623 0.36652091 0.3831996 0.5010097 0.43634942 -0.45520553 0.2886208 0.44950923 0.27329406 0.47069338 0.43877169 -0.17414224 0.37009382 0.43961722 0.17387727 0.45801714 0.58357447 -0.19916321 0.35891724 0.58809316 0.14204286 0.4869014 0.73399162 -0.10888849 0.40997693 0.73190653 0.2322389 
0.504583 0.23641233 -0.32799497 0.3580285 0.24762106 0.26183307 0.5214048 0.33884647 -0.40431643 0.34041908 0.36638305 0.36380348 0.50108594 0.43968979 -0.44678664 0.28823432 0.45060974 0.25627926 0.47074321 0.43890384 -0.17710112 0.37005413 0.44008282 0.17682388 0.45126238 0.58389956 -0.18012029 0.35974833 0.58807033 0.15475515 0.48584911 0.73431361 -0.07796439 0.41067544 0.73119396 0.26432222
0.4926829 0.23533006 -0.3334595 0.34836736 0.24731852 0.27874056 0.51268005 0.33820689 -0.40761483 0.33123413 0.3659476 0.39387017 0.49956259 0.44184396 -0.45024124 0.28591272 0.4538607 0.29957765 0.46621054 0.44029734 -0.18370195 0.36897334 0.44232982 0.18337999 0.44530872 0.58578116 -0.14612249 0.36003301 0.58831161 0.19194359 0.48294693 0.73426151 -0.01007757 0.41059297 0.73099709 0.33206129
0.48220253 0.23738307 -0.42147636 0.33906117 0.24963807 0.1927879 0.50478023 0.34126702 -0.47065258 0.3255187 0.3662059 0.32467803 0.49781874 0.45092115 -0.47285193 0.28119916 0.45760176 0.22967485 0.46635512 0.44510296 -0.18205948 0.36880901 0.44653371 0.18175633 0.44341275 0.58873409 -0.1531482 0.35863292 0.58901006 0.17888674 0.4802171 0.73428565 0.01039342 0.41014788 0.73110449 0.31817555
0.4760004 0.24391152 -0.45856136 0.31885919 0.2526204 0.16832337 0.49871531 0.35154742 -0.49137318 0.31949708 0.36708364 0.30723545 0.49746951 0.45984012 -0.46883899 0.27718183 0.46502924 0.19454435 0.46656129 0.44966507 -0.19007708 0.36683324 0.4524903 0.18971042 0.44462344 0.59147322 -0.16517439 0.35125387 0.59036118 0.17708677 0.48022592 0.73428935 0.02164454 0.40371871 0.73111695 0.35268962
0.46438766 0.24884745 -0.51137352 0.31071997 0.25944009 0.09480414 0.49513724 0.3582949 -0.52541935 0.31663585 0.37443098 0.24527621 0.49745253 0.46858767 -0.474718 0.27446678 0.48099819 0.13376661 0.46540281 0.45749551 -0.18825822 0.3660557 0.45971495 0.18789008 0.44561604 0.59466481 -0.1464514 0.34858081 0.59267735 0.17200634 0.47896841 0.73405814 0.08999281 0.40094748 0.73110169 0.41120994
0.45032287 0.25625119 -0.55184829 0.30972877 0.26719531 0.04750581 0.48883018 0.36961001 -0.54600686 0.31532341 0.38431823 0.21452518 0.49700183 0.47885785 -0.49235231 0.27271134 0.49465543 0.13526538 0.46618891 0.4620474 -0.1842968 0.36753219 0.46573082 0.18389203 0.44598961 0.59726846 -0.11624378 0.34901401 0.59657609 0.19552909 0.47924608 0.73618203 0.10887027 0.40099835 0.73227435 0.4180494 
0.43427089 0.26016748 -0.49425337 0.29509225 0.27679473 0.10567702 0.47629631 0.37416428 -0.50718039 0.31487769 0.39117172 0.25516614 0.49645606 0.48147708 -0.48680675 0.27022991 0.50042987 0.16067275 0.46484053 0.45981091 -0.18133351 0.36761537 0.46512726 0.18093668 0.45332479 0.59655005 -0.12840927 0.35013381 0.59718925 0.18300152 0.47942466 0.73615891 0.08207639 0.40218294 0.73257476 0.37891701
0.42701703 0.26759496 -0.53156596 0.28115618 0.2860342 0.03679835 0.47491246 0.38496497 -0.52062947 0.30652824 0.40207374 0.2032281 0.49645719 0.49472135 -0.48783055 0.2698071 0.50714266 0.12695265 0.46522111 0.45873368 -0.17643562 0.36852291 0.46576396 0.17604733 0.4599165 0.59669805 -0.13449813 0.3509056 0.59806919 0.11705921 0.48224086 0.73647761 0.04567382 0.40226832 0.73250461 0.33344108
0.41849428 0.27792266 -0.54576522 0.27632564 0.30145612 0.00479906 0.47122058 0.39287776 -0.54100388 0.29749405 0.4117547 0.16090438 0.49687856 0.50402749 -0.51631826 0.26967356 0.51841933 0.07153234 0.46533933 0.45814604 -0.17212722 0.37202647 0.46722749 0.17183504 0.45581934 0.58862966 -0.283784 0.36029077 0.59245896 0.04823193 0.48223719 0.73638934 -0.17011949 0.4036797 0.73247069 0.19489703
0.4081251 0.28498834 -0.53762311 0.27044135 0.31492808 0.00637504 0.46291131 0.39897633 -0.52907079 0.28864589 0.42290851 0.1645636 0.49687454 0.51101929 -0.50347739 0.26940998 0.5290665 0.0870719 0.47711945 0.45705375 -0.16242523 0.37652597 0.46574461 0.16221692 0.45623505 0.57881987 -0.40258166 0.35889113 0.58371836 -0.10953936 0.48292133 0.73668987 -0.34687915 0.40408957 0.73217261 -0.01438176
0.40308079 0.29663822 -0.61879456 0.26296368 0.32619533 -0.06870185 0.4610453 0.41615105 -0.60815817 0.28196576 0.43502548 0.08728478 0.4961991 0.52457625 -0.5664674 0.26944542 0.54050481 0.01329278 0.48803356 0.45679119 -0.14929843 0.38488883 0.46559459 0.14912485 0.46474966 0.57472324 -0.48952553 0.35701028 0.57498139 -0.23393439 0.48470923 0.73667425 -0.45966154 0.40327814 0.73230612 -0.18206631
0.39384547 0.30898198 -0.708125 0.25163043 0.33588693 -0.18130997 0.45591897 0.4293687 -0.69462496 0.27766684 0.44443539 -0.02074496 0.49425709 0.53847587 -0.67986059 0.26577303 0.54660988 -0.08257544 0.49419585 0.45671928 -0.14990819 0.3844046 0.4663263 0.14971471 0.47089425 0.58080518 -0.41279063 0.35559586 0.57783318 -0.06758384 0.48928908 0.73700988 -0.36321655 0.40327257 0.7317785 0.04050013
0.38638112 0.32386175 -0.7541278 0.24938804 0.3507618 -0.1631598 0.45398459 0.44500083 -0.76477087 0.27137777 0.46236134 -0.02934495 0.49201927 0.55721867 -0.76733077 0.26288611 0.56236726 -0.14221136 0.49424675 0.46779507 -0.15759656 0.38769236 0.47993937 0.15756947 0.46205345 0.58848041 -0.44636667 0.35058516 0.58067513 0.176139 0.48928618 0.73837 -0.36785179 0.40503174 0.7317661 0.41676682
0.38925484 0.33873147 -0.74866295 0.24615642 0.36871147 -0.22793657 0.45669556 0.46480241 -0.73683798 0.26796862 0.480299 -0.0837232 0.49108791 0.57549834 -0.7438913 0.26243484 0.57537973 -0.16514581 0.51071292 0.46806058 -0.15115289 0.39837575 0.48316497 0.151033 0.46191439 0.59107798 -0.39294291 0.34669065 0.58099067 0.12543091 0.48851159 0.73773253 -0.29070985 0.40615016 0.73098642 0.32895601
0.38915429 0.35330391 -0.81838489 0.24097855 0.38316122 -0.26657504 0.46019131 0.48565522 -0.80797923 0.26435775 0.48965481 -0.11804607 0.48933879 0.59020823 -0.81888765 0.26294979 0.59093171 -0.19460642 0.52816463 0.47294036 -0.1544272 0.41454509 0.48553574 0.15434694 0.45817325 0.59471852 -0.39779016 0.33164805 0.58158869 0.11063331 0.48835838 0.73781353 -0.28690103 0.40487725 0.73003995 0.35385755
0.38812014 0.3715553 -0.79392838 0.23965208 0.40122324 -0.22933939 0.45966139 0.50089782 -0.80631727 0.26067865 0.51365203 -0.1026144 0.48942143 0.61130315 -0.81471872 0.26313224 0.61208874 -0.19210851 0.5385769 0.48445001 -0.15533672 0.42719156 0.49319571 0.1553317 0.45722687 0.59407699 -0.58034497 0.31793025 0.58391052 0.00224277 0.49069247 0.73760468 -0.39668137 0.40414783 0.72297865 0.30677259
0.38820383 0.39138752 -0.96283233 0.23750164 0.42264596 -0.34200153 0.46007001 0.51945984 -1.02135074 0.26047304 0.52933812 -0.23491393 0.48883793 0.62776166 -1.0212394 0.26362956 0.62846661 -0.3400484 0.54255283 0.48983005 -0.17771734 0.43283162 0.50147194 0.17777064 0.43731892 0.59622592 -0.66284955 0.31965381 0.58705312 0.00190547 0.48481518 0.73795485 -0.441636 0.3965604 0.72150731 0.33664009
0.38460568 0.40634707 -0.82814062 0.23522332 0.43728364 -0.24545874 0.45919314 0.53426516 -0.84997314 0.25963539 0.54454428 -0.13471484 0.48708531 0.64842403 -0.8444311 0.26479429 0.64475447 -0.22331129 0.54249388 0.49309584 -0.17593306 0.43239516 0.50842202 0.17594343 0.41343129 0.59566438 -0.56613058 0.30225411 0.59143001 -0.09016159 0.48229885 0.73207772 -0.38827714 0.39536327 0.72225481 0.1538929 
0.37923563 0.42139021 -0.79949814 0.23290397 0.45788792 -0.26912445 0.45897162 0.54871571 -0.84438306 0.256823 0.56205583 -0.17916021 0.48773652 0.66384339 -0.86409885 0.26481149 0.65683061 -0.25002062 0.54451257 0.50212777 -0.1721943 0.43628073 0.52062291 0.17206416 0.41342965 0.5950771 -0.63428789 0.29853195 0.59746134 -0.1015567 0.47745609 0.72723162 -0.4418827 0.39009574 0.72132212 0.1138863 
0.37180409 0.42885259 -0.7872076 0.23270275 0.46635962 -0.23460869 0.45945343 0.54943246 -0.83933246 0.2573702 0.56053907 -0.12105644 0.49017572 0.66291648 -0.84537971 0.26321393 0.65055048 -0.22870691 0.5521968 0.5076946 -0.18041201 0.45303744 0.52604616 0.18031056 0.41232729 0.59092861 -0.60238338 0.29935476 0.59957618 0.009744 0.47268331 0.72820288 -0.47491759 0.39070046 0.71263999 0.17860475
0.36765489 0.43734929 -0.81548578 0.23223767 0.46847168 -0.20614913 0.48390362 0.54692 -0.86837137 0.25889811 0.55683672 -0.0948532 0.48536366 0.65751052 -0.86357194 0.26329264 0.64484119 -0.18039291 0.55685872 0.51574475 -0.19093603 0.45907497 0.52869719 0.19085559 0.41630799 0.59836757 -0.57512808 0.29143155 0.60030138 -0.03763549 0.47398958 0.73059624 -0.38952646 0.39118674 0.71128142 0.15197328
0.3679409 0.43993518 -0.8176434 0.23108503 0.46851447 -0.2010041 0.50286484 0.53840846 -0.85557628 0.25928199 0.55560458 -0.06041717 0.49209568 0.65118384 -0.84738398 0.26467061 0.64279693 -0.12901856 0.55681318 0.51959771 -0.19315192 0.4560158 0.52988589 0.19309771 0.40887246 0.60504168 -0.57600784 0.28801239 0.60166836 -0.05920127 0.47615632 0.73568994 -0.34026629 0.40102801 0.71332765 0.1302285 
0.37054515 0.4367258 -0.8165499 0.23009941 0.47187012 -0.17748171 0.50086766 0.53763449 -0.85959905 0.26004446 0.56214708 -0.03865357 0.49490508 0.65069026 -0.86289382 0.2652024 0.64549142 -0.10405566 0.55944735 0.52125108 -0.19806576 0.45650461 0.53378773 0.19797517 0.40587881 0.60325599 -0.62070656 0.2841664 0.6039384 -0.04302072 0.47621292 0.73617804 -0.37189245 0.40094885 0.71493262 0.15508445
0.37244552 0.43331856 -0.76878643 0.22969709 0.46884662 -0.17682666 0.49768993 0.53990871 -0.80066824 0.2572633 0.56163776 -0.0440626 0.49480027 0.65504158 -0.82064331 0.26521245 0.64769417 -0.11652914 0.55746627 0.52182305 -0.19188924 0.45553902 0.53547937 0.19182956 0.41676909 0.60998666 -0.6191839 0.28299302 0.60748118 -0.09241773 0.51867169 0.72422928 -0.25829661 0.40522766 0.70849991 0.15152314
0.3727513 0.42999732 -0.77662402 0.2286022 0.4675411 -0.19884355 0.47997588 0.54202312 -0.84451264 0.25680155 0.56327099 -0.10586418 0.49005681 0.66000229 -0.85808271 0.2654396 0.65554535 -0.17815094 0.55710632 0.52241784 -0.19129662 0.45750526 0.53661162 0.19138955 0.40949467 0.60545695 -0.70192569 0.28480005 0.60694766 -0.07995071 0.52206975 0.7152288 -0.41148174 0.40525296 0.71055067 0.14161117
0.37268949 0.42788807 -0.7429108 0.22946213 0.46477205 -0.15946637 0.45719621 0.54085338 -0.78582317 0.2559019 0.56130683 -0.05439082 0.48424423 0.66024029 -0.78942025 0.26545367 0.6552881 -0.11127882 0.56051022 0.52279937 -0.18973508 0.46321872 0.53719133 0.18977286 0.39960605 0.59589487 -0.65075904 0.28696167 0.60607857 -0.01384723 0.5144785 0.71543401 -0.43288159 0.40855134 0.71151787 0.14329493
0.3729623 0.42619798 -0.70529008 0.22980773 0.46104398 -0.14396369 0.44694775 0.53919631 -0.73742384 0.25596285 0.55798054 -0.03139371 0.48160598 0.6606248 -0.74892253 0.26537892 0.65179276 -0.08178706 0.56449503 0.52381903 -0.18360835 0.46651456 0.53686875 0.183515 0.41037321 0.58817548 -0.64420718 0.28782403 0.60408223 0.09271165 0.49580899 0.71823251 -0.47726125 0.42115942 0.70161366 0.31055912
0.37306404 0.42488247 -0.7144497 0.23033258 0.46091279 -0.15111773 0.44909719 0.53983599 -0.74355322 0.25632256 0.55892164 -0.03813465 0.48074958 0.66361272 -0.75396544 0.26558539 0.65371704 -0.09653453 0.56395334 0.52467322 -0.17745884 0.46466872 0.53818548 0.17733152 0.41064501 0.58724439 -0.65147185 0.2891759 0.60592145 0.04228316 0.48556796 0.71446294 -0.44354758 0.41891998 0.70435238 0.25650367
0.37688184 0.42523223 -0.76878107 0.23067775 0.45963424 -0.20501345 0.45149589 0.54097003 -0.79875529 0.25620404 0.55804008 -0.10133145 0.48114014 0.66275609 -0.81712699 0.2659404 0.65389085 -0.1515563 0.56291097 0.52359116 -0.17745323 0.46273318 0.53661782 0.17732407 0.41495365 0.59092844 -0.69681072 0.28940046 0.60864103 0.03525548 0.47870228 0.71891826 -0.45286417 0.41505647 0.70529568 0.29654971
0.37892532 0.42464876 -0.78386492 0.23097137 0.45871156 -0.21613543 0.45230767 0.53945428 -0.81975138 0.25616437 0.557078 -0.10821047 0.48142475 0.6610207 -0.83678049 0.2659283 0.6537475 -0.16492021 0.56216246 0.52256495 -0.17738803 0.46154472 0.53573066 0.17724854 0.42333484 0.59105784 -0.70462608 0.29266766 0.60825855 0.02707289 0.51651019 0.71685183 -0.45256895 0.41052929 0.70716846 0.27904373
0.37988332 0.42407846 -0.78169101 0.23179255 0.45827588 -0.21377301 0.45175469 0.54090756 -0.81575471 0.25498301 0.55918413 -0.1097361 0.48078048 0.66353279 -0.82921207 0.26596341 0.65688717 -0.16411999 0.56281817 0.52303702 -0.17731042 0.46246582 0.53555667 0.17717059 0.41566008 0.59119803 -0.67711079 0.29305768 0.60783142 0.02118367 0.52447999 0.71205032 -0.38985538 0.41075045 0.70760936 0.26203182
0.38022223 0.42351979 -0.76781869 0.23202401 0.45816514 -0.2079372 0.44679362 0.54103053 -0.78377974 0.2532956 0.55816001 -0.10194479 0.47983268 0.66291755 -0.79827344 0.2654222 0.65671748 -0.15787491 0.56286091 0.52258694 -0.1766586 0.46243775 0.5350703 0.17651047 0.40066561 0.58727372 -0.67052758 0.29330418 0.60479861 0.0364761 0.5241881 0.7070725 -0.36860481 0.40427357 0.70914578 0.28366247
0.37932011 0.42339596 -0.76848984 0.23219737 0.45654649 -0.22013523 0.4428187 0.54058957 -0.78747308 0.25212848 0.55744737 -0.12030264 0.47860131 0.6643005 -0.8072626 0.26514018 0.65651304 -0.1619591 0.563218 0.52211607 -0.17535733 0.46219942 0.53470123 0.17516343 0.3890883 0.58186501 -0.67333156 0.29340592 0.60373729 0.0209962 0.52223939 0.70675284 -0.38786054 0.40132234 0.71082652 0.27003232
0.37746823 0.42304024 -0.73347491 0.23227349 0.45480841 -0.18273923 0.44117197 0.54298788 -0.75274473 0.25114951 0.55582118 -0.08351537 0.47745532 0.66544622 -0.76572037 0.26531333 0.65566468 -0.12624837 0.56446648 0.52186304 -0.17537425 0.46294594 0.53337914 0.17518161 0.39154363 0.58290356 -0.65109855 0.29328173 0.60188806 0.01027864 0.52149343 0.70651621 -0.38547063 0.39973861 0.71306145 0.22113159
0.37672299 0.42280063 -0.7295292 0.23239626 0.45499215 -0.18081045 0.4402788 0.54232121 -0.74260736 0.25119591 0.55723017 -0.08040407 0.47758517 0.66426557 -0.75557113 0.26583412 0.65583003 -0.12654051 0.56435966 0.52164346 -0.17539385 0.46268582 0.53270155 0.17520221 0.394252 0.58385938 -0.62325865 0.29214084 0.5989455 0.03165331 0.51893318 0.7073772 -0.35450506 0.39491808 0.71131527 0.25251782
0.37567016 0.42263272 -0.72177786 0.23242699 0.45492229 -0.17692837 0.44144684 0.54217404 -0.73711598 0.25115609 0.55755156 -0.07460875 0.47733262 0.6637249 -0.74899203 0.26556364 0.65573895 -0.12167919 0.56446785 0.52014226 -0.17472185 0.46391639 0.53136319 0.17452109 0.38553733 0.58074886 -0.6138922 0.29225239 0.59903902 0.02502334 0.51727682 0.70634151 -0.34595153 0.39522487 0.71300179 0.23967995
0.37534401 0.42248431 -0.72582138 0.2322838 0.45497975 -0.1850123 0.44200173 0.5415917 -0.74746549 0.25122264 0.5579921 -0.08094263 0.47743636 0.6634419 -0.75154364 0.26565787 0.65580809 -0.1240003 0.56433159 0.52013195 -0.17466047 0.46280739 0.53132564 0.17445867 0.41004065 0.58906472 -0.61600971 0.29216713 0.59935588 0.02421071 0.51887524 0.70956594 -0.35611424 0.39571148 0.71377432 0.25338063
0.37531942 0.42287943 -0.73039967 0.23226134 0.45492092 -0.19052608 0.44158587 0.54142445 -0.75265658 0.25127062 0.55800438 -0.08170637 0.47745597 0.66304648 -0.75810164 0.26566419 0.65559906 -0.1255215 0.56385303 0.52079964 -0.17397237 0.46082601 0.53128791 0.17378712 0.39923355 0.58904588 -0.62018359 0.28944534 0.59941947 0.04010318 0.51785421 0.70988584 -0.35750547 0.39648631 0.71119004 0.29029661
