0.35263902 0.45963874 -0.50696164 0.32261837 0.45878151 -0.08335403 0.34803596 0.5456025 -0.52821356 0.32843918 0.53845477 0.00217096 0.3220565 0.64054012 -0.49301583 0.29802889 0.61160719 0.02931616 0.46882778 0.54620993 -0.13458399 0.42707786 0.54137039 0.13482288 0.28852108 0.58414114 -0.18661246 0.27537861 0.57049018 0.06863319 0.30062589 0.67473382 0.05593692 0.31897435 0.66370773 0.15861489
0.32572034 0.38048741 -0.81526166 0.2446429 0.42456716 -0.31753901 0.36018568 0.51912266 -0.90248686 0.30177203 0.52998728 -0.33275503 0.34290633 0.635387 -0.90129292 0.28569338 0.62633491 -0.46271893 0.44219777 0.50644726 -0.16074719 0.38329372 0.50667977 0.16077381 0.32091674 0.59053695 -0.28854942 0.28316966 0.57550162 0.11202059 0.33030418 0.67891985 0.05498414 0.31205031 0.67203373 0.38787726
0.32948211 0.3648642 -0.68670094 0.23821183 0.40737212 -0.02744672 0.36593616 0.51266235 -0.7385608 0.29681996 0.52561331 0.03436404 0.36093828 0.63736254 -0.70930457 0.29269803 0.63290572 -0.04791502 0.4560222 0.51771528 -0.18991163 0.39459309 0.51665634 0.1897696 0.29226518 0.60466093 -0.26131976 0.25540125 0.5968172 0.23873129 0.35018459 0.71973413 0.06683598 0.28570211 0.68441635 0.48498094
0.33468831 0.36159891 -0.65570325 0.23436256 0.40700516 0.01538339 0.37257275 0.50699079 -0.7010653 0.29481694 0.52798676 0.11160439 0.37282184 0.63472152 -0.66227889 0.28957802 0.63840318 0.02404964 0.46508864 0.52195758 -0.20268276 0.40337056 0.52976638 0.20240986 0.33929905 0.63189328 -0.34249303 0.26393092 0.60394353 0.13336369 0.44507864 0.73739356 -0.07098218 0.38560987 0.71125823 0.32865003
0.33504748 0.35913604 -0.67479956 0.23413046 0.40749496 0.0319217 0.37219951 0.50582731 -0.71445954 0.2914426 0.52843565 0.14184859 0.37161413 0.63342434 -0.66235691 0.28508535 0.64082879 0.04703843 0.48354435 0.52001643 -0.21843569 0.40506801 0.53568161 0.21817875 0.35355097 0.64067709 -0.40324754 0.27699959 0.61731517 0.12773581 0.45708534 0.74509776 -0.1270588 0.42765054 0.729536 0.35935935
0.33465368 0.35696322 -0.71913147 0.2308396 0.40980008 -0.01882864 0.37343261 0.50627667 -0.7481938 0.29054341 0.52763706 0.08736426 0.37136093 0.63140488 -0.68108886 0.28716436 0.63895345 -0.01839671 0.49006969 0.51773679 -0.21866621 0.40819225 0.53137678 0.21844506 0.34971482 0.64621931 -0.38719645 0.2724286 0.62438983 0.173219 0.47730741 0.75274277 -0.08688177 0.40298626 0.73355323 0.43391323
0.33437601 0.355941 -0.68461066 0.22830889 0.41148409 0.01676135 0.37396955 0.50529832 -0.72156328 0.28663749 0.5261634 0.13888693 0.36565602 0.63255477 -0.66387808 0.28439426 0.63535392 0.03100337 0.49068868 0.52495563 -0.21828093 0.41453326 0.5313279 0.21795325 0.35307556 0.64663678 -0.36945114 0.29867247 0.63859367 0.14439479 0.51781148 0.75944173 -0.13613039 0.49184293 0.74338752 0.35662386
0.33366039 0.3546209 -0.68995672 0.23075373 0.40987504 0.03007312 0.37613213 0.50281781 -0.72275525 0.28547859 0.52499676 0.15554494 0.36777511 0.6297273 -0.66279244 0.28626561 0.63700891 0.0590757 0.50105381 0.51852852 -0.22133105 0.42469099 0.53093833 0.22106759 0.36372846 0.66134918 -0.38175234 0.32123557 0.64245772 0.15939993 0.53243309 0.76047999 -0.08213209 0.50820309 0.74508286 0.41404879
0.33234301 0.35227764 -0.67720342 0.23121545 0.40638229 0.05371229 0.37499356 0.49877149 -0.71543229 0.28545645 0.52581966 0.17399453 0.36899275 0.62298656 -0.64379221 0.28680333 0.6353336 0.07210203 0.50504649 0.51407361 -0.22118837 0.42865774 0.5298447 0.22095822 0.36844721 0.65758705 -0.39050466 0.33417863 0.6461243 0.14225143 0.53099024 0.75610083 -0.07151705 0.51872891 0.74229145 0.39243951
0.33237532 0.34985444 -0.69374675 0.23187131 0.40279704 0.04062217 0.37387726 0.49465594 -0.73344588 0.28581783 0.52376515 0.15920821 0.36912179 0.62113702 -0.66191709 0.28676134 0.63513237 0.05561203 0.50496149 0.51946384 -0.22394386 0.43067911 0.52955055 0.22371933 0.37309802 0.66017479 -0.42817214 0.35450658 0.6500265 0.12899515 0.56772238 0.75093734 -0.09544062 0.56162733 0.73966122 0.39022675
0.33470154 0.34825221 -0.68635941 0.2320206 0.40141356 0.04476538 0.37494895 0.49093562 -0.72969812 0.28476107 0.51947981 0.1609066 0.36650229 0.61867809 -0.64540541 0.28201234 0.63232201 0.04800159 0.50510466 0.5208841 -0.22181728 0.43187138 0.52800542 0.22155665 0.35890847 0.65658742 -0.40097067 0.34655356 0.64589429 0.13500439 0.55451584 0.74859828 -0.08476388 0.53295928 0.73714679 0.3827475 
0.33407331 0.34364599 -0.68111914 0.23309153 0.39814854 0.04237552 0.37467432 0.48383462 -0.71660638 0.28450993 0.51604348 0.16259949 0.36780936 0.6119079 -0.64694864 0.27529305 0.62702978 0.06681491 0.50739771 0.5169397 -0.21660471 0.43299529 0.52762491 0.21635495 0.38028884 0.65669399 -0.4051722 0.34852341 0.65112883 0.12661119 0.58251387 0.74276358 -0.09701099 0.55241388 0.73163277 0.37214342
0.33454683 0.34004515 -0.65465593 0.23508458 0.39528814 0.05848166 0.3747977 0.47781426 -0.69933498 0.28409687 0.51345992 0.1741181 0.36648807 0.60424346 -0.64756596 0.26876733 0.62698579 0.06622755 0.51188767 0.51397854 -0.21588889 0.43502942 0.52636647 0.21563725 0.38158774 0.65557802 -0.43272486 0.34734187 0.65061134 0.1458471 0.58246124 0.73046094 -0.09908441 0.56743133 0.72254831 0.36977163
0.33520532 0.33395502 -0.65705854 0.23637316 0.39036992 0.06387462 0.37519825 0.47432441 -0.70178491 0.28473625 0.50944173 0.17276171 0.36544272 0.60201246 -0.65012962 0.27111793 0.62270141 0.04826146 0.51270413 0.50594348 -0.22468206 0.43496907 0.52333719 0.22448985 0.37085637 0.65829265 -0.44360638 0.34824479 0.64855129 0.18143126 0.57472092 0.73555607 -0.08140155 0.56191385 0.72202271 0.42205691
0.33595768 0.33028707 -0.67092884 0.23694155 0.38633698 0.07726543 0.37561813 0.47275671 -0.71791488 0.28519893 0.50680852 0.19167866 0.36267847 0.59943897 -0.66828078 0.27185303 0.62032467 0.05228153 0.52361661 0.5087378 -0.23435026 0.44918033 0.52028382 0.23410553 0.37579781 0.65741366 -0.44595462 0.37252238 0.6479069 0.22292481 0.59562516 0.73523575 -0.07887767 0.59102535 0.71713579 0.46955076
0.33570212 0.32363981 -0.70729059 0.23732221 0.3794553 0.07406715 0.37602118 0.46932441 -0.76125455 0.28551817 0.50178951 0.18896598 0.35755092 0.59710747 -0.70795465 0.27306202 0.61315703 0.03876798 0.52221191 0.50946361 -0.24270466 0.4512594 0.51883042 0.24241881 0.39758304 0.65653139 -0.41681868 0.38031384 0.64903367 0.18296194 0.59590203 0.76159489 -0.10203659 0.56080639 0.75421315 0.44193456
0.33542025 0.31633991 -0.70488292 0.23745987 0.37291399 0.11080363 0.37771592 0.46361154 -0.75244957 0.28577071 0.49444202 0.23008931 0.35584632 0.59070414 -0.66289496 0.2742832 0.60683048 0.06966972 0.53093666 0.50472236 -0.24208561 0.46595842 0.5131222 0.24174042 0.43213752 0.65637219 -0.36313581 0.40063697 0.64732677 0.1931078 0.60524255 0.76319617 -0.0929245 0.5779227 0.74877918 0.4354775 
0.33268204 0.30994692 -0.68993872 0.23761585 0.36491087 0.15857074 0.37779731 0.45262125 -0.74227279 0.28596178 0.48565057 0.28640237 0.35485953 0.5784331 -0.64628142 0.28093636 0.59596622 0.12745269 0.53503305 0.49567765 -0.24826494 0.47314656 0.50977802 0.24782486 0.47331551 0.65498245 -0.31541595 0.41923761 0.64696121 0.29706246 0.70253408 0.7196961 -0.09504586 0.59994233 0.74689305 0.4689849 
0.32971743 0.30463716 -0.72110033 0.23825935 0.35670331 0.11943782 0.37609145 0.44765469 -0.78554225 0.2861087 0.48174486 0.24569482 0.35463935 0.576002 -0.68044215 0.28771779 0.59177095 0.09362186 0.53433853 0.48896509 -0.25232384 0.47360191 0.50775623 0.25191993 0.50055027 0.64108962 -0.32351929 0.41955221 0.6414153 0.28473747 0.72334331 0.69551545 -0.11793319 0.60764652 0.74950528 0.44856286
0.32638088 0.29949516 -0.72456467 0.23891853 0.34922025 0.10804363 0.37497902 0.44326371 -0.79639781 0.2864328 0.47415704 0.24780706 0.35440958 0.57486653 -0.68884927 0.29024932 0.5858773 0.10636523 0.53267902 0.48286286 -0.248629 0.46990883 0.50195032 0.24818811 0.53502053 0.6214155 -0.34622273 0.41202992 0.62804794 0.27447653 0.80567771 0.61756063 -0.15093744 0.59519351 0.75291979 0.435812 
0.32360807 0.29351416 -0.74855858 0.23961911 0.34097472 0.10373913 0.37314099 0.4367927 -0.79657257 0.28654635 0.46534646 0.2430011 0.35207799 0.56766868 -0.72728306 0.29059485 0.57475871 0.0945555 0.52027625 0.47600892 -0.25272092 0.46535781 0.49173334 0.25227892 0.52860624 0.61943024 -0.35111976 0.3439036 0.61708963 0.39794487 0.68035048 0.7545802 -0.20750169 0.32334125 0.75033182 0.65284252
0.32380575 0.28591776 -0.73119098 0.24064942 0.33397216 0.11131253 0.37339887 0.42722172 -0.7825951 0.28767896 0.45516708 0.23270573 0.3526845 0.54973787 -0.71430439 0.29320037 0.5631907 0.0713119 0.5171715 0.47215605 -0.24984479 0.46513021 0.48832142 0.24943042 0.51518273 0.61409575 -0.30546033 0.35409614 0.61617202 0.33295125 0.63952208 0.76733422 -0.15560097 0.42288822 0.76032901 0.45132717
0.3243874 0.27979356 -0.72374415 0.24528781 0.32855612 0.11053272 0.37515795 0.4133783 -0.77594543 0.28969958 0.44645253 0.22727735 0.35493806 0.52805024 -0.67099082 0.29649109 0.54403561 0.07371755 0.50487584 0.46462286 -0.24232095 0.45900509 0.47829023 0.24180755 0.55104572 0.59998745 -0.28478798 0.35291305 0.61614484 0.33723724 0.62796569 0.75752574 -0.11595538 0.31174308 0.75776118 0.51622385
0.32858178 0.27376854 -0.57719445 0.25186428 0.32179162 0.1864676 0.37521353 0.40269884 -0.6513859 0.29052082 0.43681344 0.29967067 0.35749701 0.50412112 -0.60439289 0.29830325 0.52939796 0.1550682 0.49667776 0.45126152 -0.24186435 0.44783777 0.4682321 0.24137214 0.52557427 0.60415578 -0.3096993 0.39520183 0.61579251 0.2994251 0.62080252 0.76633126 -0.24013491 0.35639873 0.75584501 0.39517835
0.33553737 0.26969808 -0.55878943 0.26002568 0.3131153 0.19427191 0.38316807 0.39122087 -0.6260969 0.30006763 0.42328137 0.3090339 0.3585473 0.4851267 -0.56282747 0.29784518 0.52279335 0.16766419 0.49612331 0.4421072 -0.23974502 0.44644701 0.45629603 0.23928638 0.50580537 0.59572536 -0.30531824 0.42614636 0.60809273 0.15923385 0.59268343 0.76391125 -0.21324809 0.57962853 0.75713545 0.23068069
0.34375077 0.26256922 -0.49976304 0.26648104 0.31094795 0.25298882 0.40342447 0.37711516 -0.57160771 0.30293718 0.42341727 0.37505141 0.36142915 0.48533478 -0.54345506 0.30220768 0.51539397 0.22836885 0.50172204 0.43481505 -0.24407154 0.45685351 0.44798478 0.24364921 0.48652616 0.59653372 -0.38575789 0.41943356 0.57624429 0.22782351 0.44937047 0.76823211 -0.41499838 0.53823513 0.68617022 0.32976243
0.35431555 0.2613281 -0.46341717 0.28238294 0.30415738 0.26544479 0.40524325 0.37771654 -0.53530544 0.31281352 0.4089677 0.38152897 0.36215425 0.48417473 -0.46546024 0.31588438 0.49766138 0.23194246 0.50345993 0.42569488 -0.24473181 0.46036839 0.44303697 0.24427518 0.45513284 0.5779438 -0.3770884 0.38688362 0.58650088 0.06919704 0.40939331 0.76111454 -0.33799171 0.33046579 0.69961286 0.13815944
0.35909212 0.26241708 -0.00610472 0.30492696 0.29378521 0.5776304 0.40331772 0.36921713 -0.07154502 0.33371845 0.38819253 0.65062153 0.36141747 0.45384628 -0.03747698 0.32719049 0.46532318 0.48631823 0.5040549 0.4201462 -0.21955347 0.46004784 0.43895504 0.21915902 0.46894023 0.58055633 -0.37231663 0.35843629 0.58028513 0.07246809 0.54878336 0.7626797 -0.39588627 0.30866855 0.70675057 0.11504179
0.36402565 0.26506156 -0.00823255 0.33133578 0.28992531 0.5741899 0.4078542 0.36799771 -0.07896324 0.37570381 0.3822616 0.64603335 0.3495048 0.44295415 -0.02170052 0.35931203 0.45026004 0.52001423 0.50244069 0.42282897 -0.21971281 0.47675607 0.4356052 0.21936914 0.40096742 0.57996386 -0.36548477 0.36313599 0.57616895 0.11395221 0.46442649 0.7597611 -0.38770756 0.37378043 0.71449548 0.12195309
0.37856469 0.26735786 0.04099859 0.34423208 0.29210538 0.61405599 0.40793732 0.36877805 -0.01824561 0.37816066 0.38139397 0.6870935 0.34476951 0.43384564 0.07189831 0.35280266 0.44218025 0.55361706 0.49636519 0.42218035 -0.21159211 0.48322535 0.4375509 0.21139285 0.36364129 0.56916934 -0.34097233 0.42375013 0.57811016 0.10365421 0.32194975 0.74504197 -0.40127748 0.55058843 0.73322606 0.0211955 
0.39437664 0.26928413 0.0870007 0.39468658 0.29114023 0.6586991 0.40747157 0.36707598 -0.00764094 0.41345409 0.38234037 0.7198503 0.34245819 0.42686975 0.09220126 0.37650609 0.44194463 0.64008522 0.49704856 0.42398623 -0.20348728 0.51146823 0.43880472 0.20312612 0.35664457 0.56362385 -0.28940573 0.43957216 0.57979965 0.12552069 0.31104049 0.73300302 -0.40154049 0.56461406 0.74709588 0.00492432
0.40256807 0.27306175 0.19094771 0.45161521 0.28937688 0.74096334 0.41478872 0.37330654 -0.12287285 0.55835164 0.37648594 0.62798083 0.34373248 0.43299013 -0.24329978 0.56431639 0.4435811 0.47069767 0.49770281 0.42837051 -0.20244181 0.56424075 0.44086784 0.20191427 0.35707426 0.56506687 -0.19908644 0.47948545 0.58065981 0.2421062 0.3278392 0.71607459 -0.30711135 0.52412564 0.74769878 0.09518589
0.42253724 0.27432349 0.21190491 0.43125612 0.29417017 0.83197892 0.42487618 0.37190133 -0.04157038 0.50538272 0.38310489 0.78844571 0.34688094 0.42735302 -0.15056871 0.50348938 0.44192669 0.66001546 0.50339007 0.43026313 -0.2229732 0.54245722 0.44297025 0.22228317 0.36510485 0.56922913 -0.29421586 0.46056885 0.58157903 0.18647879 0.37054431 0.72258949 -0.5361228 0.48401675 0.75001204 -0.05098825
0.42271069 0.28191671 0.2571176 0.45935875 0.29507178 0.87928516 0.42561045 0.37248057 -0.07456066 0.52801144 0.37097755 0.77296954 0.35330775 0.42648947 -0.18658237 0.50880504 0.42215893 0.59693331 0.50306648 0.43142924 -0.22898623 0.55622262 0.44374415 0.22824462 0.34690776 0.5652132 -0.28754079 0.45042762 0.58228654 0.22016697 0.30926377 0.72629726 -0.48422429 0.4874661 0.74944812 0.00852268
0.41884258 0.2907047 0.09053129 0.4976303 0.29659176 0.77372402 0.42437726 0.38059494 -0.14580444 0.59931558 0.37499535 0.73328942 0.35010612 0.43692672 -0.26041412 0.61223501 0.44146302 0.66298836 0.50446284 0.45024192 -0.26815441 0.57494938 0.45850718 0.26696199 0.36182955 0.57365704 -0.28805 0.42712265 0.58891988 0.31943589 0.44199786 0.75902015 -0.45602465 0.44718242 0.7486102 0.29569337
0.43116891 0.28991455 0.08377161 0.49463993 0.29764053 0.81523669 0.4214651 0.38731432 -0.16471174 0.60257775 0.37933594 0.7939468 0.35023168 0.45445836 -0.252859 0.5986622 0.44877207 0.73765516 0.50498635 0.45628586 -0.26561564 0.5747633 0.46439922 0.26464501 0.34980598 0.57585084 -0.29100162 0.46257648 0.59000194 0.27655473 0.31847161 0.75577849 -0.42265734 0.58076912 0.76522851 0.27035013
0.43095353 0.29291031 0.13157102 0.54850876 0.29470074 0.80785543 0.41917029 0.39146715 -0.14824821 0.62189406 0.38188097 0.74020213 0.35062167 0.46009225 -0.25504729 0.61446345 0.45218623 0.64085454 0.50327212 0.4588311 -0.25932658 0.5859828 0.46716759 0.25853795 0.35571742 0.57807839 -0.24582489 0.49046546 0.59158528 0.31951204 0.305592 0.7548207 -0.31932154 0.60120851 0.76598972 0.2419288 
0.45181999 0.29233205 0.09519245 0.51288563 0.30712345 0.76267803 0.4206104 0.39585525 -0.0859497 0.56743741 0.39638898 0.78027666 0.35724512 0.46042216 -0.09030642 0.55893707 0.45411435 0.67369288 0.50808895 0.46120855 -0.25792694 0.5475843 0.47176901 0.25735411 0.41714394 0.59821892 -0.27192226 0.47625172 0.5931896 0.23564769 0.4375208 0.77113616 -0.40103686 0.52894551 0.76020974 0.128659 
0.45517653 0.29180205 0.1020408 0.48611468 0.31329256 0.76011688 0.45753354 0.39495915 -0.0983988 0.54862398 0.40521687 0.76770735 0.3828207 0.45962539 -0.15911423 0.55557907 0.45582959 0.62746716 0.5086261 0.46050966 -0.25115764 0.5075956 0.47470996 0.25099063 0.41873816 0.59491479 -0.34242508 0.45934594 0.5959419 0.10521345 0.33461472 0.75727272 -0.48105431 0.50414038 0.75878704 -0.02916294
0.46186402 0.29031181 0.23276366 0.45043075 0.31465748 0.86856675 0.46320981 0.38082954 -0.06838996 0.45431593 0.40422431 0.87422562 0.39755467 0.44419721 -0.24001488 0.47094551 0.45152006 0.74065626 0.49846271 0.45934874 -0.24018775 0.48081851 0.4732517 0.24028137 0.41762719 0.59438175 -0.35065374 0.4586041 0.59850854 0.11709658 0.40772492 0.75962222 -0.56436372 0.48810703 0.7577244 -0.08578992
0.46162835 0.28998157 0.1527537 0.44348371 0.31355754 0.80500203 0.45967674 0.38991478 -0.06523252 0.46426255 0.40370178 0.80207384 0.39266992 0.45933422 -0.08797864 0.47465521 0.45235193 0.69708085 0.49815345 0.45809767 -0.23108546 0.48513985 0.47232008 0.23111588 0.40881592 0.58405519 -0.34290549 0.45621017 0.59850776 0.10061868 0.3264589 0.74600536 -0.49379867 0.57043147 0.76259124 -0.04051521
0.46166891 0.2866061 0.10495839 0.43336782 0.31331396 0.76429188 0.45687059 0.38963097 -0.08990373 0.43455806 0.3998349 0.78296942 0.38168123 0.46198225 -0.0809572 0.42810044 0.44842273 0.66092539 0.49741659 0.45332259 -0.22775899 0.47608653 0.46925056 0.22769316 0.39182493 0.57626563 -0.39801869 0.4303802 0.5955196 0.03272297 0.31771922 0.74165457 -0.64519531 0.49263006 0.76124299 -0.21515749
0.458707 0.28653929 0.04861636 0.43325871 0.31213078 0.67875355 0.45502129 0.38968843 -0.09868476 0.45080432 0.39965105 0.73058218 0.37921751 0.46359763 -0.08945984 0.44219705 0.44941428 0.62855506 0.48780975 0.45662183 -0.21231891 0.48457035 0.47070715 0.21212107 0.3373 0.57045579 -0.26833236 0.4603388 0.59875137 0.12889412 0.30680966 0.73159409 -0.36809975 0.59221035 0.76399618 -0.0211169 
0.45996326 0.28565305 0.14778499 0.42197269 0.31164691 0.76105022 0.4487299 0.3884773 -0.03313489 0.42972308 0.39883268 0.78935915 0.37821057 0.46262339 -0.03966188 0.39674947 0.44867963 0.6384455 0.48387814 0.45372075 -0.20200381 0.47900334 0.46989855 0.20183976 0.32824653 0.56871885 -0.28189605 0.46586731 0.59963566 0.1028082 0.30512792 0.72701305 -0.47390994 0.60161167 0.76475561 -0.10570681
0.45891848 0.28529108 0.14031069 0.42287919 0.30681425 0.76866984 0.44238719 0.38857654 -0.02876059 0.43589649 0.38964668 0.82187283 0.37782037 0.45824569 -0.00245316 0.39003652 0.43922371 0.71460241 0.4832831 0.4478102 -0.20235993 0.4830792 0.46283978 0.20212182 0.3422665 0.57042241 -0.30666462 0.462432 0.59787613 0.08460966 0.29929352 0.7279855 -0.55069619 0.5974893 0.76567101 -0.14313751
0.45859119 0.28441134 0.12942335 0.42626774 0.30278444 0.7619645 0.44091469 0.38831457 -0.03247188 0.43999854 0.38981599 0.82852775 0.37570527 0.45023233 0.00201951 0.39748824 0.43756011 0.75358421 0.48341179 0.4464401 -0.2045282 0.48561797 0.46210259 0.20422015 0.348553 0.57309747 -0.31785563 0.46001592 0.59709358 0.07916539 0.29774863 0.73544604 -0.56585342 0.59604847 0.76609486 -0.14185244
0.4503271 0.28415653 0.07495512 0.42766395 0.3004919 0.69997543 0.43704402 0.38906056 -0.05956508 0.45040697 0.38510847 0.77033108 0.37110877 0.44870538 -0.04110358 0.40438896 0.42904472 0.70925903 0.47922957 0.44654715 -0.20168439 0.48954999 0.46085551 0.20136604 0.34455487 0.5757665 -0.30210778 0.47696605 0.59739363 0.09164834 0.29852566 0.73586071 -0.53005201 0.6013298 0.76623112 -0.10088034
0.44370377 0.2834402 0.08709011 0.42255715 0.30002162 0.70977741 0.43243703 0.39172569 -0.02037947 0.43905756 0.37845623 0.78025788 0.36772808 0.44420928 0.10356174 0.38650241 0.39260224 0.74664634 0.47670171 0.446109 -0.19744751 0.49123043 0.45866838 0.19709718 0.34845164 0.57605529 -0.27207229 0.48901942 0.59899735 0.10518304 0.30199701 0.73298436 -0.46083683 0.60671848 0.76601124 -0.08631613
0.43638405 0.28214729 0.06041178 0.41593158 0.29975757 0.67979759 0.42771709 0.3917709 -0.03341552 0.42349616 0.38047206 0.75281471 0.35934022 0.44472921 0.03418947 0.38234714 0.4102518 0.71213084 0.45811045 0.45078117 -0.19758245 0.49056774 0.45899534 0.1972468 0.35649103 0.58509445 -0.2511307 0.4899995 0.60035992 0.15348992 0.35326475 0.74227434 -0.36552915 0.61095786 0.76566118 0.03967064
0.43184334 0.28110912 0.09081 0.40467915 0.30046013 0.74226475 0.42273191 0.39505926 -0.03874024 0.41827288 0.38895512 0.79837441 0.35361609 0.45854288 0.00677039 0.37546656 0.43037561 0.7012617 0.46177611 0.45082095 -0.19852306 0.48675916 0.46003363 0.19810697 0.33682674 0.58970487 -0.27929947 0.4907997 0.60198468 0.11886735 0.30821478 0.75134212 -0.37319708 0.61258644 0.76572782 -0.00763417
0.42559069 0.28088447 -0.0474192 0.40471965 0.29898113 0.62687069 0.41864431 0.39483568 -0.15628824 0.41198248 0.38822562 0.71236879 0.3455264 0.45820263 -0.07735326 0.3612622 0.42713404 0.62647325 0.45546967 0.45595706 -0.19929576 0.48801619 0.46101469 0.19877064 0.33700436 0.59035891 -0.26125747 0.51832771 0.60209107 0.14302708 0.32877609 0.75092101 -0.28414515 0.61256135 0.76611871 0.07109382
0.42149162 0.28021604 -0.13772538 0.39644146 0.29898617 0.53675479 0.41564351 0.39512667 -0.22706236 0.40062529 0.39359432 0.63520008 0.33427948 0.45809397 -0.1382806 0.35089645 0.43931296 0.533732 0.45512852 0.45786369 -0.20013748 0.48326185 0.46188599 0.19955866 0.3397032 0.58977127 -0.24847892 0.50932145 0.60662287 0.15248443 0.30792123 0.73985088 -0.24631144 0.61343378 0.76648271 0.10350613
0.41609758 0.27998596 -0.20625059 0.38610646 0.29911909 0.50855076 0.40970317 0.3963283 -0.30235627 0.3874476 0.40007636 0.6050235 0.33721974 0.46582085 -0.22441843 0.34787193 0.45962527 0.48265922 0.45984113 0.45998532 -0.21060723 0.46990445 0.46587536 0.21036255 0.3690497 0.60014743 -0.26710841 0.48072827 0.60994536 0.14990827 0.30385152 0.74137217 -0.318764 0.60957712 0.76685697 0.10082064
0.41246539 0.28002158 -0.14204437 0.38030815 0.29919967 0.55164367 0.40682107 0.3974176 -0.25137195 0.39058605 0.40248707 0.6276983 0.33936706 0.46960536 -0.17454112 0.35454988 0.46541491 0.50660181 0.45027521 0.46149188 -0.20898789 0.4668875 0.46589309 0.20875183 0.38361514 0.59881711 -0.24704409 0.48260182 0.61374646 0.18096229 0.30544278 0.74139613 -0.27915394 0.60988104 0.76686454 0.13197908
0.4065465 0.28038737 -0.21112911 0.38195327 0.29819921 0.49985203 0.40220883 0.39919567 -0.31242961 0.39156064 0.40170473 0.56825626 0.34052739 0.47745568 -0.20887883 0.35594663 0.4655306 0.45367444 0.44302639 0.46193478 -0.20753209 0.46681774 0.46508279 0.20742095 0.3528645 0.59723407 -0.24163121 0.49433604 0.61609668 0.17268959 0.29556438 0.74118042 -0.21176596 0.61142403 0.76682574 0.13899757
0.40318099 0.28043699 -0.29512867 0.37883776 0.29757282 0.43856388 0.39726597 0.40111372 -0.39660621 0.37963086 0.4028742 0.53950578 0.33819172 0.48426393 -0.31634602 0.34438461 0.47281423 0.42649984 0.44541502 0.461786 -0.20969445 0.46041816 0.46396506 0.20968468 0.37054351 0.59679741 -0.246728 0.48691112 0.61504781 0.16772322 0.29602426 0.74041027 -0.21844295 0.61260176 0.76680762 0.15387493
0.40029189 0.28026113 -0.32700682 0.37474141 0.2972053 0.40287676 0.39679539 0.40358624 -0.42143041 0.37861258 0.40411565 0.50965589 0.33861688 0.48641998 -0.34867606 0.33907112 0.47487029 0.39480275 0.44697019 0.46141917 -0.21247047 0.45561996 0.46329507 0.2124861 0.37278453 0.5950315 -0.24707508 0.48313209 0.61441964 0.18077007 0.2959221 0.73821008 -0.19978383 0.61295438 0.76675212 0.19781318
0.3995426 0.28025436 -0.36947438 0.36200592 0.29848728 0.37021169 0.39787227 0.40616915 -0.45627058 0.36347356 0.41158161 0.48045418 0.34217569 0.49470675 -0.39852142 0.32636192 0.48673674 0.36619264 0.44855228 0.4611614 -0.21516541 0.44768474 0.46331489 0.21518809 0.37257364 0.59489614 -0.25024003 0.48421139 0.61532533 0.18814495 0.2938565 0.73835415 -0.21014677 0.61468244 0.76694751 0.19625038
0.39718324 0.28027186 -0.40750954 0.355001 0.29868534 0.34214911 0.3980749 0.4077591 -0.48011672 0.35940954 0.41174155 0.46054447 0.34784803 0.49125212 -0.39980602 0.32882366 0.4842191 0.34885541 0.44952628 0.46128285 -0.21946946 0.44450188 0.46371561 0.21949135 0.38226208 0.59287775 -0.23280549 0.48440975 0.61609864 0.23002751 0.29514748 0.72917807 -0.13061062 0.61428005 0.76639247 0.2921254 
0.3950434 0.28028429 -0.32456863 0.34520608 0.30082652 0.37421513 0.39846715 0.40743044 -0.40619436 0.35669932 0.41318113 0.48471656 0.35383138 0.48826969 -0.3467066 0.33025673 0.47969756 0.36897117 0.44968641 0.46121198 -0.22103478 0.44420496 0.46407011 0.22102393 0.41292015 0.59903431 -0.23433116 0.48035464 0.61633861 0.22465281 0.44281271 0.74154055 -0.18754734 0.61375767 0.7657941 0.26204526
0.39415726 0.28019461 -0.47122437 0.32802936 0.30638534 0.21741235 0.39894277 0.41120943 -0.52118099 0.34140769 0.4229345 0.3599239 0.35680825 0.50181919 -0.46749529 0.32851738 0.48445085 0.24726874 0.45246109 0.46218845 -0.22088023 0.43147811 0.46817943 0.22088629 0.41811502 0.59555095 -0.22426388 0.47886291 0.61629355 0.24590912 0.41917044 0.73209846 -0.09149085 0.61295485 0.76628524 0.33781651
0.38938457 0.28024018 -0.49839908 0.32109728 0.31089818 0.18341275 0.39963785 0.41076764 -0.56073993 0.33927727 0.42486286 0.33561131 0.36164388 0.49811223 -0.53729314 0.33017677 0.48583359 0.21930479 0.45258492 0.46374291 -0.22315578 0.42539316 0.47233465 0.22308807 0.43975359 0.60134137 -0.23282911 0.44488642 0.61684042 0.22963648 0.47836983 0.74175537 -0.14150541 0.5918954 0.76917619 0.31922713
0.38441098 0.28097957 -0.53540355 0.31579474 0.31351009 0.15525886 0.39996171 0.41137469 -0.5701825 0.3359611 0.42779672 0.31187421 0.36361012 0.49863189 -0.54228705 0.3305693 0.49066433 0.1978856 0.45791185 0.46444714 -0.223681 0.42883679 0.47558844 0.22356406 0.51108325 0.60870832 -0.23039992 0.45108378 0.61692464 0.25342745 0.60598868 0.76120698 -0.1159826 0.59329283 0.76954651 0.35817197
0.38134125 0.28184146 -0.58995152 0.30817851 0.31594896 0.12403487 0.40006357 0.41589081 -0.61272186 0.33115414 0.43225425 0.29714572 0.36577436 0.50856394 -0.59514534 0.32815623 0.49629375 0.1796483 0.4705953 0.46449587 -0.22455783 0.42898944 0.47633874 0.22441398 0.54269707 0.61323464 -0.23313656 0.45265159 0.61868709 0.24532908 0.61652499 0.76660419 -0.11111587 0.5945062 0.76944214 0.36632442
0.37994525 0.28291047 -0.5887816 0.29940933 0.31813923 0.10862434 0.39985707 0.41780451 -0.60485572 0.323057 0.43265194 0.28068152 0.364712 0.50542676 -0.58608627 0.3171055 0.49796325 0.15071955 0.47345638 0.46676534 -0.22431131 0.42714646 0.47820002 0.22416741 0.54766148 0.61645925 -0.23531185 0.45654923 0.62216634 0.24029762 0.61984837 0.76992488 -0.10672045 0.59532326 0.7701686 0.36753458
0.37610453 0.2840699 -0.5466705 0.29486039 0.3210521 0.128528 0.39196786 0.42314774 -0.58406365 0.32034826 0.43985543 0.27818871 0.3639285 0.51554149 -0.5556308 0.31508991 0.5115692 0.17962146 0.47461891 0.467803 -0.22167933 0.42770019 0.47954962 0.22144111 0.5379017 0.61645293 -0.23640719 0.45547709 0.62282687 0.23597163 0.62024778 0.76803684 -0.12199257 0.59731263 0.77050114 0.33603254
0.36931589 0.28603327 -0.62159336 0.28855014 0.3226482 0.02957661 0.38622746 0.43005696 -0.64522594 0.31707725 0.4460431 0.18061039 0.36346489 0.53140211 -0.60420352 0.30987963 0.52802008 0.11488578 0.48302963 0.47330728 -0.21470201 0.42724636 0.48245388 0.21430266 0.53419626 0.62287003 -0.20036638 0.45005617 0.62551379 0.25607851 0.62189656 0.7667256 -0.05881016 0.60296881 0.77001685 0.39346889
0.363397 0.28720826 -0.59675473 0.28215811 0.32640016 0.09292141 0.38472235 0.43017206 -0.63501185 0.31284955 0.45014146 0.23690431 0.36295345 0.53403664 -0.59521556 0.30285403 0.5334177 0.15588948 0.48802575 0.47746822 -0.2146641 0.4277927 0.4861353 0.21426192 0.54502898 0.62728816 -0.20571589 0.45247024 0.63053381 0.25668824 0.63331664 0.76972634 -0.07056469 0.60934103 0.77075768 0.38380459
0.36134997 0.28916746 -0.66139078 0.27732512 0.33009499 0.04451593 0.3838712 0.43314233 -0.69192863 0.30960673 0.45490345 0.18825306 0.36273909 0.53839409 -0.6437822 0.29646209 0.54706949 0.10156208 0.48658013 0.4812189 -0.21438618 0.42838547 0.49261892 0.21398541 0.55946177 0.63043201 -0.19545451 0.4696033 0.63358647 0.28877163 0.63240552 0.77057928 -0.03555236 0.61244082 0.77108061 0.44047543
0.36174446 0.28988606 -0.70024854 0.2744374 0.33404753 0.03232888 0.38341653 0.43379459 -0.73253816 0.30617824 0.45890507 0.1874568 0.3616434 0.54086858 -0.69271344 0.29267058 0.55110037 0.08738554 0.49275422 0.48668888 -0.22169016 0.42832306 0.49516356 0.22122696 0.55035168 0.63730025 -0.20231672 0.46249333 0.63379103 0.29794803 0.63494492 0.77479541 -0.05426528 0.61484903 0.77103442 0.47111955
0.3603982 0.29107255 -0.67257255 0.27261987 0.33690387 0.05774482 0.38156888 0.43481451 -0.72240376 0.3044925 0.46260646 0.1937788 0.35837105 0.54728693 -0.685844 0.29222205 0.56202286 0.0857088 0.49131024 0.48639777 -0.22230852 0.43093318 0.50046653 0.22185625 0.550026 0.63885105 -0.21524073 0.46790442 0.63303012 0.26065165 0.63508332 0.77652836 -0.06286418 0.61554253 0.77102226 0.42130989
0.3566587 0.29354981 -0.69037575 0.27236697 0.33819506 0.05506257 0.37830085 0.43787137 -0.73413849 0.3057476 0.46448022 0.19489735 0.35580587 0.5512045 -0.6836161 0.29435632 0.56239605 0.09592319 0.50273192 0.48983476 -0.22346097 0.43498474 0.50417721 0.22300108 0.55700153 0.6420629 -0.21614997 0.46962118 0.63982177 0.2722142 0.63605046 0.77829731 -0.06557743 0.61530334 0.77096474 0.45422313
0.35680854 0.29834926 -0.68512261 0.27256277 0.34030569 0.07211991 0.37699804 0.44329879 -0.7355029 0.30631012 0.46415889 0.21023297 0.35454008 0.56219304 -0.6858384 0.29571554 0.562038 0.10476674 0.50621068 0.49446505 -0.22686455 0.43853816 0.50719959 0.22636037 0.54972857 0.64746535 -0.22642323 0.46576324 0.64402753 0.25877902 0.63464195 0.78132367 -0.07022721 0.61512393 0.77101636 0.43572941
0.35733122 0.29993445 -0.67168266 0.27081996 0.34558403 0.07591444 0.37667236 0.4441123 -0.73221904 0.30603367 0.46766517 0.21325643 0.35372543 0.56281543 -0.69142365 0.29503489 0.56429493 0.10117251 0.5042606 0.49551094 -0.22832967 0.43847874 0.50858063 0.22786222 0.53262186 0.6462633 -0.25946999 0.43773395 0.64426738 0.21144935 0.62822336 0.77939796 -0.12712577 0.60597074 0.77082306 0.38632479
0.35788506 0.30107895 -0.65558302 0.268383 0.34947982 0.07956953 0.37674215 0.44260567 -0.71172696 0.30512321 0.46978596 0.21390547 0.3546437 0.56195146 -0.67766607 0.29338023 0.57353413 0.09690499 0.5023526 0.49335364 -0.22809114 0.43853948 0.50902832 0.22763349 0.51673257 0.64842838 -0.26332971 0.42779854 0.64621282 0.19428486 0.62596577 0.77824295 -0.13118546 0.60584456 0.76657015 0.37296793
0.35829809 0.30244929 -0.60917592 0.2690351 0.35268745 0.1270408 0.37708679 0.44503692 -0.68007827 0.30587789 0.47518796 0.24458985 0.35503092 0.56608146 -0.66136599 0.29006886 0.57981604 0.09780177 0.50667834 0.49253026 -0.22768606 0.44233581 0.51301426 0.22722363 0.51715624 0.64832968 -0.28315413 0.42439696 0.64784825 0.13401897 0.62888211 0.77816468 -0.16303863 0.60666496 0.76651114 0.30619553
0.35843003 0.30368435 -0.61380482 0.26865962 0.3561165 0.12594022 0.37916124 0.44737703 -0.68606317 0.30557585 0.47717938 0.24675559 0.35533431 0.56935102 -0.66333663 0.28819451 0.58313388 0.10711673 0.50884551 0.49179003 -0.23705357 0.44304734 0.51222855 0.23651855 0.48500818 0.64650035 -0.33849591 0.38532832 0.64725316 0.16430783 0.62763155 0.76826191 -0.21705554 0.60422707 0.76103377 0.32944667
0.35881689 0.30526778 -0.59285837 0.26708779 0.35882199 0.131294 0.37946162 0.44789866 -0.6611588 0.3042995 0.47718674 0.2488305 0.35743552 0.5705207 -0.65158457 0.28822738 0.58422256 0.11176848 0.50883657 0.4914926 -0.23926011 0.44234425 0.51182777 0.23873082 0.44833899 0.64577377 -0.33521235 0.38226548 0.64601821 0.17542256 0.62562674 0.76532656 -0.2226291 0.60510856 0.74786562 0.33337075
0.3589755 0.30623242 -0.59563214 0.26697913 0.36150587 0.12959614 0.38089079 0.4504492 -0.67324352 0.30427659 0.48023033 0.24849088 0.37206587 0.57126707 -0.66699779 0.28768584 0.58926743 0.11683444 0.51041323 0.49623603 -0.23896852 0.44379792 0.51280206 0.23846398 0.44710496 0.64494073 -0.33737236 0.38873011 0.64581639 0.1823274 0.62687272 0.76538688 -0.2265262 0.60969591 0.74955732 0.34284586
0.35895288 0.30847436 -0.59196746 0.26685035 0.36325172 0.14867131 0.38115159 0.45171908 -0.65498406 0.30455121 0.4817231 0.27252486 0.37071559 0.57647723 -0.62804836 0.28799242 0.58826703 0.153534 0.513381 0.49998897 -0.23830315 0.44637445 0.51372546 0.23782758 0.435085 0.64667481 -0.32517621 0.39144772 0.64753896 0.18384278 0.62472552 0.76613617 -0.20579095 0.60678262 0.75125313 0.34899342
0.3575899 0.31072459 -0.59532976 0.26417002 0.36545819 0.15313698 0.38054147 0.45262438 -0.65589696 0.30439305 0.48218077 0.27978823 0.36715671 0.577227 -0.62147796 0.28839567 0.5857659 0.16034037 0.51588476 0.4987115 -0.23819831 0.44815275 0.51560289 0.23774917 0.44687873 0.64704508 -0.31949988 0.39609832 0.64803475 0.18074958 0.62366772 0.76632529 -0.17671707 0.60683388 0.74880719 0.36011398
0.35601604 0.3126983 -0.55441946 0.26392365 0.36937156 0.17804581 0.38000691 0.45582801 -0.60238445 0.30453146 0.48694259 0.29815489 0.36690766 0.58287776 -0.55797839 0.2885668 0.59103274 0.18398702 0.51740366 0.49804005 -0.2302293 0.45438603 0.51606429 0.22994979 0.43777281 0.64905971 -0.31469688 0.39994276 0.64760774 0.18270418 0.61208224 0.76649356 -0.15497017 0.5835259 0.74921411 0.3595891 
0.35424384 0.31515869 -0.56786811 0.26359829 0.37155262 0.18172728 0.3799386 0.4584161 -0.62069738 0.3046388 0.49039334 0.30581328 0.36649403 0.58752429 -0.58218807 0.28850126 0.59551013 0.19118021 0.52010179 0.50356078 -0.23085773 0.45781353 0.51670414 0.23058183 0.42992967 0.64899641 -0.32525924 0.40179822 0.64709693 0.18521404 0.60084313 0.76841331 -0.15567474 0.5827781 0.74799258 0.37374145
0.35274902 0.3169052 -0.5561676 0.26248804 0.37284094 0.18711069 0.38038597 0.45860466 -0.59937876 0.30461988 0.49106079 0.31363764 0.36653692 0.58495885 -0.54511899 0.28858414 0.59707606 0.20987451 0.52105445 0.50218779 -0.22859675 0.46082443 0.51772124 0.228358 0.429896 0.64856035 -0.33320802 0.40249446 0.64538282 0.18858756 0.59708774 0.76085007 -0.13763356 0.58410972 0.74872643 0.37338588
0.34964535 0.31990477 -0.60508955 0.26247355 0.37477812 0.17626528 0.38042358 0.4619264 -0.65472007 0.30462068 0.49380004 0.30443409 0.37010589 0.58559835 -0.59960121 0.28868884 0.59828848 0.19569755 0.5206337 0.50134891 -0.23255144 0.46036747 0.51836377 0.23231734 0.42639467 0.64827555 -0.35618031 0.40300271 0.64526117 0.18601967 0.59838122 0.76179051 -0.1387974 0.56326348 0.74951893 0.37744111
0.34878871 0.32245779 -0.64263391 0.26187518 0.37675393 0.14366934 0.37990466 0.46492499 -0.71058089 0.30408731 0.49414235 0.27385321 0.36998814 0.58610767 -0.67965478 0.28880283 0.59815466 0.13717027 0.52011341 0.50088841 -0.24048002 0.4602465 0.51826048 0.24015392 0.42048889 0.64446396 -0.41467807 0.39383551 0.6454075 0.1576447 0.59862632 0.76271224 -0.21782054 0.54353279 0.75529087 0.34825829
0.34859648 0.32473311 -0.6346935 0.26071441 0.37827075 0.11889352 0.37999859 0.4660449 -0.69749862 0.30336487 0.4933928 0.24872154 0.37024006 0.5848636 -0.69177783 0.28811923 0.59782857 0.08471218 0.51905602 0.50023806 -0.24058716 0.45556018 0.51822257 0.24029481 0.39756408 0.64071018 -0.39054358 0.35920298 0.64274049 0.15179734 0.5249694 0.77587861 -0.21371767 0.48686987 0.7578361 0.34448174
0.34791166 0.3274568 -0.63139474 0.25978214 0.38044372 0.10650749 0.3801063 0.46710238 -0.69219512 0.30303663 0.49615782 0.23420215 0.37177414 0.58398622 -0.67758316 0.28755391 0.60104477 0.08923066 0.51876289 0.49991474 -0.24044529 0.45522854 0.51914728 0.24014395 0.40392202 0.64074147 -0.37603703 0.3679226 0.6432364 0.15718883 0.54736871 0.77597368 -0.210126 0.51026762 0.75821114 0.34754023
0.3475779 0.32990023 -0.60487908 0.25867596 0.38261336 0.11608373 0.38023785 0.46878678 -0.66068429 0.30245364 0.49949849 0.23599765 0.37283525 0.58362931 -0.63531709 0.28664881 0.60512316 0.11074866 0.5187484 0.4996818 -0.23761705 0.4542309 0.51894838 0.23735636 0.39100131 0.6406464 -0.36154005 0.36891976 0.64267236 0.15995939 0.55223483 0.77571642 -0.19077292 0.52578342 0.75072676 0.34919354
0.34728548 0.33229303 -0.61448586 0.25735867 0.38497514 0.10040679 0.38029081 0.47009799 -0.66889274 0.30104065 0.5006851 0.22250639 0.37825075 0.58325964 -0.64743447 0.28671357 0.60526621 0.09219505 0.51772285 0.4996244 -0.2353413 0.44887397 0.51879013 0.23512037 0.39389411 0.6408031 -0.34934863 0.36748156 0.64329511 0.15610187 0.54625756 0.77628821 -0.1776243 0.52571827 0.75128514 0.34307793
0.34670377 0.33431095 -0.60577089 0.25558046 0.38784564 0.09388984 0.38032973 0.47246787 -0.65301436 0.30099413 0.50457066 0.21924365 0.38335827 0.5852232 -0.61944801 0.28726271 0.60631931 0.10282706 0.51591688 0.49947783 -0.22662061 0.44671774 0.51880044 0.22643355 0.38791254 0.63333136 -0.34552696 0.36733347 0.63604891 0.1536894 0.55217057 0.7575804 -0.15155485 0.52685493 0.74169308 0.34462619
0.3457619 0.33614525 -0.63271099 0.25429815 0.38987699 0.04653693 0.38099965 0.47611171 -0.67446882 0.30077812 0.50873935 0.1551218 0.38844705 0.59064025 -0.6297614 0.28730339 0.61001676 0.02813604 0.51817435 0.49961409 -0.21939389 0.44678757 0.51902193 0.21926372 0.39360386 0.63677967 -0.36334148 0.36930197 0.63299257 0.14864662 0.5539723 0.75417125 -0.10061794 0.52638406 0.73861986 0.34554574
0.34422591 0.33846381 -0.63997984 0.25341335 0.39380065 0.07031571 0.3813498 0.4789165 -0.68997014 0.30106762 0.5125283 0.18470667 0.38969111 0.59940946 -0.64757872 0.28609133 0.61379945 0.05634175 0.52147365 0.50294083 -0.22050659 0.44758207 0.52322114 0.22034998 0.39346033 0.64550656 -0.4239141 0.36815277 0.63360637 0.15671876 0.55320519 0.74589121 -0.09846473 0.52768791 0.73136348 0.35520777
0.34228978 0.34004062 -0.66409898 0.2517902 0.39658535 0.07046466 0.38124922 0.4838019 -0.72600019 0.30074415 0.51692545 0.18356089 0.38986051 0.61577088 -0.69492984 0.28171405 0.62359905 0.05039601 0.5215379 0.50389773 -0.22082235 0.44747651 0.52493745 0.22062995 0.38430679 0.6479376 -0.44677263 0.3634215 0.63417107 0.15239882 0.54825735 0.74600029 -0.08292713 0.52806675 0.72800422 0.36091286
0.34079823 0.34276289 -0.69683868 0.24931745 0.39985016 0.05364458 0.38127151 0.48610821 -0.7507025 0.29927599 0.51751858 0.17070757 0.38885605 0.61596841 -0.70109117 0.27578086 0.62377948 0.02911227 0.52423203 0.50586551 -0.22173087 0.44732746 0.52647245 0.2216326 0.3879838 0.64857119 -0.45594954 0.36272973 0.63167202 0.15277359 0.55027354 0.73736972 -0.05779034 0.52578902 0.71943688 0.38190895
0.33887348 0.34714589 -0.67523044 0.24759714 0.40280962 0.05376784 0.38142344 0.4931823 -0.73457015 0.2993032 0.51895213 0.16679735 0.38856474 0.62221128 -0.67830342 0.27580616 0.62324196 0.03330716 0.52427042 0.50699914 -0.21885517 0.44609424 0.52798086 0.21869329 0.37410748 0.64836961 -0.43295228 0.34269786 0.63219899 0.14607976 0.53496206 0.74015927 -0.04781028 0.51638687 0.7211898 0.36150002
0.335648 0.35033301 -0.67718738 0.24611692 0.40617046 0.0472587 0.38135055 0.49769241 -0.72520107 0.29896232 0.52249032 0.15231432 0.38662776 0.63199067 -0.67714667 0.27495867 0.62727326 0.01845226 0.52417046 0.51921153 -0.21846651 0.44591019 0.5318644 0.2182634 0.38423604 0.65762246 -0.42443508 0.34562156 0.64065748 0.14184228 0.55041975 0.74300653 -0.04659738 0.52340877 0.72703379 0.36149272
0.33362985 0.35569233 -0.6849575 0.24298657 0.40975094 0.00127546 0.38118783 0.50425696 -0.73779476 0.29859555 0.5260393 0.10454548 0.38755816 0.62969106 -0.69273859 0.27543482 0.63306338 -0.03031529 0.52432412 0.5174852 -0.21661089 0.44236413 0.53083259 0.21641269 0.33410743 0.62994587 -0.40732643 0.29373464 0.62427729 0.1343627 0.46608075 0.74036956 -0.06271995 0.45052102 0.72696739 0.30799818
0.32722148 0.36085245 -0.67830056 0.2414268 0.41575393 0.01833836 0.37950492 0.50967139 -0.73084825 0.29738694 0.53305078 0.12055402 0.38815764 0.63453758 -0.68043578 0.27686784 0.64167058 -0.00938141 0.5258072 0.5161584 -0.21662439 0.44353828 0.53514975 0.21637055 0.35335785 0.64098829 -0.43758577 0.31635556 0.63667905 0.14132865 0.49889627 0.72396171 -0.02183301 0.47861549 0.72393149 0.30869335
0.32265347 0.36874115 -0.70121133 0.23927736 0.41954717 -0.0053073 0.37693805 0.51828617 -0.75132537 0.2924237 0.53761137 0.08980013 0.38621432 0.64786869 -0.69499213 0.27297914 0.64905494 -0.04262694 0.52660722 0.51899952 -0.21578252 0.44352692 0.53694654 0.21549582 0.36091548 0.65815616 -0.41890386 0.31987891 0.65570331 0.14091368 0.50668359 0.7624796 -0.0186933 0.48959559 0.76324147 0.32189915
0.31788492 0.37365255 -0.6936059 0.23653425 0.42589766 0.01288951 0.37578809 0.51939768 -0.74116892 0.28975487 0.54264939 0.11555748 0.38655898 0.64712232 -0.68942714 0.27343035 0.65475768 -0.01655166 0.52651477 0.52421582 -0.21556558 0.44298062 0.54046971 0.21531343 0.35938478 0.65840042 -0.38834554 0.29856664 0.65471739 0.17758274 0.50236064 0.7593056 -0.02350827 0.47891852 0.76025319 0.32419232
0.31415167 0.37663493 -0.68800163 0.23333751 0.42992708 -0.00173311 0.37511021 0.51972455 -0.7365728 0.28750342 0.54442793 0.09912945 0.38645455 0.6486339 -0.68106627 0.27446353 0.65343285 -0.02027007 0.518749 0.52337146 -0.20965235 0.43632716 0.5402801 0.20942299 0.3418293 0.65708959 -0.33140117 0.28175181 0.64890832 0.1736237 0.47897238 0.76759642 -0.03502945 0.4468179 0.75803071 0.33072412
3.14110696e-01 3.76863748e-01 -6.87131584e-01 2.32155934e-01 4.33694690e-01 -1.18627177e-04 3.73840719e-01 5.20407617e-01 -7.33308792e-01 2.85977155e-01 5.45505941e-01 1.00649513e-01 3.89104038e-01 6.47014678e-01 -6.80514216e-01 2.75892198e-01 6.56976759e-01 -1.11642629e-02 5.18702567e-01 5.24115741e-01 -2.09994689e-01 4.34011698e-01 5.43565094e-01 2.09802926e-01 3.39466840e-01 6.56551540e-01 -3.51155490e-01 2.57572800e-01 6.40675664e-01 1.56384587e-01 4.70808566e-01 7.76849866e-01 -6.92147017e-02 3.80510449e-01 7.62176096e-01 3.31647336e-01
0.31421217 0.37837392 -0.74441153 0.22813626 0.43499097 -0.06893782 0.37329698 0.52140319 -0.77918237 0.28421506 0.54334903 0.03391106 0.38831311 0.64771783 -0.72048974 0.2759985 0.65645581 -0.06438983 0.51538783 0.52347493 -0.20865645 0.42714405 0.54248559 0.20848088 0.32394335 0.64756048 -0.35889569 0.26274475 0.63767689 0.12811254 0.43780553 0.7737577 -0.10071926 0.3364222 0.75750184 0.33741745
0.31211522 0.37787306 -0.73989582 0.22474289 0.43727428 -0.05881603 0.37215585 0.52268773 -0.76838237 0.28267297 0.5441705 0.04805811 0.38079157 0.65221858 -0.70964807 0.27557907 0.65858918 -0.0502136 0.51435351 0.52407384 -0.20891269 0.42567313 0.54255122 0.20873889 0.31115612 0.64357221 -0.37811679 0.25031275 0.6363256 0.13132681 0.43227845 0.77093083 -0.1000059 0.34123746 0.75584435 0.3380636 
0.30828369 0.37829876 -0.72952265 0.22358258 0.43883997 -0.03783308 0.37065044 0.52272409 -0.76179785 0.28096068 0.54464847 0.06579835 0.37918553 0.65579724 -0.70420915 0.27485403 0.65869832 -0.04555151 0.51239747 0.52549243 -0.20884219 0.4229337 0.54511851 0.20867403 0.32173973 0.65182149 -0.38016629 0.26706645 0.64263928 0.13435754 0.440696 0.77450055 -0.09523037 0.42086133 0.75983149 0.33891553
0.30589849 0.37834719 -0.73450297 0.22096497 0.44003886 -0.06081652 0.3696779 0.52424169 -0.76992309 0.28049648 0.54559445 0.03665433 0.37820682 0.65368062 -0.71312028 0.27345425 0.65938145 -0.07623822 0.51219499 0.52489632 -0.20831336 0.42089504 0.54438418 0.20813584 0.31078982 0.64944899 -0.39493772 0.24429853 0.62998456 0.13871907 0.42296711 0.77040666 -0.10031507 0.3397145 0.74391782 0.32523146
0.3023617 0.37836963 -0.77323204 0.2173236 0.44130799 -0.12178347 0.36747551 0.52506423 -0.8153401 0.27936521 0.54543686 -0.02172664 0.37655252 0.65213102 -0.76725537 0.27176562 0.65896612 -0.13414209 0.50985223 0.52439064 -0.20353346 0.41757229 0.54375076 0.20335037 0.31877437 0.64752096 -0.38249049 0.27034444 0.64577258 0.1105843 0.44212985 0.78044188 -0.10586516 0.37439102 0.76002485 0.32898495
0.29927593 0.37817854 -0.77719218 0.21494398 0.44220272 -0.14911923 0.36597219 0.52458805 -0.80735379 0.27799496 0.54543936 -0.04654346 0.37619486 0.65194035 -0.75635445 0.26958424 0.65893543 -0.1481594 0.50881469 0.52245969 -0.19800037 0.41588837 0.54222316 0.19779919 0.32009578 0.64340627 -0.38180891 0.25840452 0.63468862 0.11047614 0.44254613 0.77717918 -0.10412988 0.35120627 0.75981992 0.33199123
0.2980248 0.37783888 -0.76318115 0.21182112 0.44308379 -0.12260279 0.36479533 0.52385551 -0.7961629 0.2760762 0.54622704 -0.01920387 0.37348709 0.65141505 -0.74398118 0.26632476 0.65887815 -0.1286035 0.50878406 0.52137488 -0.19640227 0.41636407 0.542202 0.19621669 0.32824096 0.64318788 -0.37834567 0.30218756 0.65165609 0.09713194 0.46493834 0.77769738 -0.10303 0.39823523 0.76270872 0.3333655 
2.97773004e-01 3.77403647e-01 -7.34431863e-01 2.11547568e-01 4.45010126e-01 -1.04216635e-01 3.64811391e-01 5.23714840e-01 -7.54944682e-01 2.75439709e-01 5.47405362e-01 4.68479702e-04 3.73105466e-01 6.50403321e-01 -7.07349241e-01 2.64637291e-01 6.59560204e-01 -1.08095348e-01 5.08898199e-01 5.20549536e-01 -1.93813473e-01 4.17019159e-01 5.42048156e-01 1.93662032e-01 3.28521729e-01 6.42980754e-01 -3.71264637e-01 3.00155222e-01 6.49466157e-01 1.01492815e-01 4.60036963e-01 7.77190268e-01 -1.02642000e-01 3.87765229e-01 7.60414422e-01 3.26811045e-01
0.29645398 0.37709615 -0.72982627 0.21117578 0.44511059 -0.09934182 0.36498106 0.52362818 -0.74958599 0.27483314 0.548406 0.00426738 0.37241542 0.65046901 -0.69480145 0.26360714 0.66084826 -0.10274839 0.50910121 0.52037358 -0.1946682 0.41746655 0.54202366 0.1945204 0.32214493 0.64502388 -0.37294453 0.28991616 0.64820522 0.10639845 0.45342317 0.77627879 -0.10052907 0.38639715 0.76018184 0.32853001
0.29668346 0.37729925 -0.72654998 0.21155593 0.44535553 -0.09348841 0.36507213 0.52462113 -0.74750596 0.27434659 0.54972041 0.0085427 0.37290239 0.65894854 -0.69371939 0.26170275 0.66364723 -0.09946846 0.51011026 0.52046424 -0.19533104 0.41835773 0.54200739 0.19518055 0.32356074 0.6508165 -0.37250409 0.29475045 0.65146297 0.12449126 0.45679897 0.77904731 -0.08266573 0.40255347 0.75981134 0.33707565
0.29657176 0.37715104 -0.73452246 0.21170665 0.4458358 -0.11968014 0.36517376 0.52471918 -0.75399804 0.27418873 0.55035973 -0.01487221 0.37162808 0.65705401 -0.70731413 0.26149723 0.66527182 -0.11723461 0.51014608 0.52029276 -0.19421749 0.41847757 0.54194874 0.19405501 0.32447472 0.65119439 -0.37041399 0.29474458 0.65140349 0.12427802 0.46012956 0.78503621 -0.08272775 0.39651713 0.76045036 0.35442945
0.29625648 0.37727466 -0.72228336 0.21168725 0.44624874 -0.11817712 0.36545131 0.5248791 -0.74469608 0.27375069 0.5510996 -0.00243504 0.37153 0.65986669 -0.70005047 0.25996086 0.66592687 -0.09753295 0.51066309 0.52026796 -0.19415103 0.41933176 0.54186332 0.19399793 0.33430392 0.65480214 -0.34782019 0.30599892 0.65269464 0.12419918 0.47350881 0.79014343 -0.0836733 0.41940325 0.76845491 0.3448422 
