0.26013774 0.51480877 -0.33823612 0.25483337 0.52256691 0.24850786 0.34236887 0.59348106 -0.31681886 0.3507219 0.59471202 0.27888718 0.33161968 0.65779114 -0.15928116 0.39260346 0.66582584 0.17772189 0.49394801 0.58642328 -0.19649735 0.485374 0.59348071 0.19642001 0.30964091 0.64126414 -0.36545849 0.3082062 0.62778771 0.2955218 0.38164452 0.71302098 -0.18451913 0.41528347 0.71063459 0.23177698
0.2608678 0.51945025 -0.35094485 0.27211767 0.50645757 0.25859568 0.3179771 0.59897918 -0.34282809 0.37269565 0.57725251 0.31192008 0.34527329 0.65025896 -0.1716079 0.41427526 0.65763849 0.22588436 0.47841197 0.60679913 -0.19471438 0.48971739 0.58573592 0.19468749 0.26828793 0.67348272 -0.23222031 0.35017717 0.57869065 0.51046914 0.40832672 0.70667726 0.06182531 0.48234564 0.57065302 0.65775758
0.26231447 0.51475358 -0.40128225 0.26882002 0.50248873 0.25674027 0.32024431 0.59283185 -0.41859448 0.3557753 0.5757724 0.30637962 0.30379686 0.64806932 -0.29667142 0.38800251 0.64270848 0.16045736 0.48450848 0.60556144 -0.19476449 0.48349276 0.59203076 0.19487949 0.29912525 0.6555711 -0.30621535 0.33162102 0.59658867 0.46417928 0.41717717 0.69738501 0.0659422 0.47633773 0.63244063 0.55800378
0.26521838 0.51164597 -0.43345234 0.27002308 0.50003481 0.23687103 0.32078436 0.60639286 -0.42413422 0.35116214 0.57759148 0.28360686 0.30049551 0.65154469 -0.25045457 0.37537807 0.64515287 0.12694621 0.48321137 0.60554117 -0.19560778 0.47713092 0.5946489 0.19585489 0.2881608 0.65174478 -0.3069123 0.30842465 0.60916942 0.47211158 0.42124167 0.70436156 0.04674364 0.46934429 0.64745361 0.62633282
0.26455089 0.50990957 -0.46098709 0.27255467 0.49910247 0.23664118 0.31395152 0.60392874 -0.3897092 0.34207487 0.57353193 0.29561669 0.29534563 0.6269415 -0.08863025 0.35991609 0.63186294 0.12970902 0.47256583 0.60847622 -0.20375861 0.48481739 0.58872342 0.20414619 0.29014343 0.65261567 -0.20472568 0.33287555 0.60876435 0.5756101 0.41787273 0.70796114 0.17528795 0.46956739 0.64862555 0.79560518
0.26506746 0.50817227 -0.48049152 0.27101254 0.49485356 0.23269102 0.31402311 0.60009092 -0.37121269 0.33234701 0.56895679 0.31526729 0.29481921 0.60815215 0.01519532 0.3262414 0.6075936 0.18175723 0.46745217 0.60884053 -0.21275821 0.48010242 0.58785534 0.2130992 0.29607734 0.65252107 -0.19928403 0.32553267 0.60728234 0.53834993 0.41724291 0.70719743 0.14253111 0.46783844 0.64522117 0.63335282
0.26586035 0.50568396 -0.42168486 0.26958063 0.49106964 0.28155553 0.31397521 0.59837586 -0.34073639 0.33541393 0.56525868 0.37996054 0.28366953 0.61416954 0.01235694 0.33381543 0.60955632 0.23042078 0.4624913 0.60512662 -0.21466576 0.47001046 0.58756983 0.21494117 0.26426163 0.65316695 -0.22942735 0.28568673 0.61771786 0.40874094 0.38385075 0.72809005 0.04944313 0.39546213 0.70344484 0.51051265
0.26297864 0.50293905 -0.40900338 0.27384743 0.48767093 0.24130785 0.31335905 0.59793216 -0.34828526 0.34495229 0.56439102 0.3083047 0.29525396 0.61848581 -0.02216141 0.35178983 0.61128837 0.18712497 0.45052087 0.60506111 -0.20152012 0.47803146 0.58790129 0.20149633 0.27632046 0.64971238 -0.07005117 0.32749656 0.61093211 0.52172691 0.38270739 0.71941239 0.10280015 0.45064902 0.66672027 0.51726019
0.26153946 0.49711388 -0.41370159 0.27471775 0.48236495 0.25305465 0.31397948 0.59039289 -0.3827422 0.35211158 0.55537277 0.32130468 0.30210561 0.62601703 -0.10307556 0.35715377 0.60897076 0.20051669 0.44625223 0.60411751 -0.20272656 0.47595498 0.58714104 0.20261815 0.2698763 0.64857543 -0.07621843 0.35133079 0.61074185 0.56927538 0.3863433 0.71478754 0.09353134 0.47157484 0.66022205 0.57866943
0.26206726 0.48841646 -0.35725117 0.27501407 0.47736147 0.24653049 0.31526288 0.58006442 -0.32065716 0.35976356 0.55603844 0.29301414 0.30501729 0.62116331 -0.07816567 0.38740772 0.61213887 0.17755628 0.44165647 0.60137379 -0.18974112 0.4673467 0.58571851 0.18962248 0.26829886 0.64992577 -0.05736999 0.35800833 0.61124653 0.5397175 0.35654423 0.72849488 0.12975115 0.46984175 0.66229528 0.65249038
0.26192656 0.48851338 -0.362957 0.27604333 0.47526753 0.23317507 0.31270131 0.57886952 -0.3058441 0.34777695 0.55496061 0.29637796 0.30354217 0.6162104 -0.01690003 0.36750641 0.61190945 0.19224772 0.44558176 0.6002894 -0.18449479 0.46590477 0.58511573 0.18430257 0.26371038 0.64460754 0.00472586 0.37758523 0.61051017 0.58657038 0.35483328 0.72033554 0.14634423 0.47707599 0.6566242 0.70290333
0.26238433 0.4839769 -0.3398461 0.27506211 0.47399923 0.24165694 0.31071347 0.578852 -0.30570793 0.33778387 0.55550712 0.30764326 0.29688784 0.61801362 -0.09110185 0.34805775 0.6107254 0.21296299 0.44789436 0.5987938 -0.17852961 0.45744157 0.58496308 0.17848538 0.26842827 0.64300048 -0.05195471 0.35804462 0.61049527 0.46897137 0.36570212 0.72118497 0.08445928 0.46201661 0.66311073 0.6445812 
0.26269826 0.48034602 -0.32600254 0.27608377 0.47025713 0.23046073 0.31114325 0.57661247 -0.22383352 0.34178311 0.55315083 0.30609703 0.29596573 0.59314215 0.09026748 0.34075671 0.58969474 0.2211646 0.4457635 0.59737128 -0.17210099 0.45640561 0.58255029 0.17198546 0.26993424 0.63384473 -0.08941065 0.34445369 0.60695332 0.44604918 0.36179182 0.71741122 -0.04194971 0.440907 0.66718835 0.46501553
0.26292267 0.47425169 -0.25568721 0.27633601 0.4644815 0.29632002 0.3118383 0.56795108 -0.2167387 0.34462863 0.55287933 0.36579871 0.29940236 0.60210741 0.00934158 0.346717 0.59452111 0.28343028 0.44219539 0.58809 -0.17075197 0.4538967 0.57926029 0.17072463 0.26999396 0.63429725 -0.23319013 0.3209309 0.60817093 0.25006795 0.35833237 0.72336257 -0.15407863 0.39270264 0.69484174 0.25100067
0.2608057 0.46898469 -0.23354311 0.28132677 0.45659935 0.35141584 0.30900979 0.56011891 -0.21272622 0.34573671 0.54144424 0.40835965 0.29919481 0.60273254 0.00306594 0.34827068 0.58744621 0.32168144 0.44201443 0.58174038 -0.17038797 0.45972118 0.57407326 0.17011721 0.28374225 0.62870711 -0.0972008 0.35046256 0.60840243 0.41716751 0.36358136 0.70003992 -0.08544628 0.41322336 0.67084497 0.35770646
0.26105079 0.46217662 -0.15576403 0.2813994 0.45115322 0.43804538 0.30545503 0.55616605 -0.19594471 0.33493063 0.53684175 0.49636814 0.29309952 0.60577029 -0.00961349 0.33789366 0.58468878 0.38282412 0.44184139 0.57045233 -0.172094 0.4486002 0.5721783 0.17195146 0.28423756 0.62195522 -0.29011723 0.3237021 0.61308187 0.14111267 0.34330848 0.70321143 -0.41652229 0.37615526 0.68319762 -0.09985162
0.26119041 0.4572666 -0.17787324 0.2814765 0.44945171 0.42086089 0.30247602 0.55472857 -0.1795869 0.3295269 0.52647859 0.49580938 0.29176569 0.59661615 0.03692468 0.31555092 0.56205183 0.39224845 0.44444925 0.56544787 -0.17256634 0.43650737 0.5694657 0.17264061 0.30314583 0.62516725 -0.4967311 0.28813609 0.61327547 0.01205052 0.34945363 0.75438428 -0.66564429 0.33778894 0.70831162 -0.13010526
0.26141396 0.45362553 -0.24141419 0.2847102 0.44256625 0.34640467 0.30134246 0.55089837 -0.2104743 0.33338687 0.52145302 0.47212636 0.289305 0.58048528 0.09118716 0.32010624 0.56489843 0.34046841 0.44572192 0.56778443 -0.17412002 0.44018847 0.56447899 0.17414999 0.30435267 0.6253382 -0.34772426 0.30503917 0.61336386 0.19376147 0.35394067 0.76601571 -0.35658878 0.35596842 0.71158987 0.16252145
0.26518857 0.44653738 -0.24822147 0.28714001 0.44113001 0.34115905 0.30214214 0.5429287 -0.2204951 0.33206066 0.51769948 0.43667638 0.28971624 0.57975984 0.01450597 0.3233639 0.55573767 0.32317156 0.44873244 0.56158406 -0.1751617 0.42938167 0.56111884 0.1751868 0.34846726 0.62679803 -0.56447607 0.30779687 0.62203807 0.23543528 0.357456 0.77421647 -0.67189533 0.3516424 0.71089202 0.29599938
0.26610628 0.44488639 -0.26073194 0.2969788 0.43476528 0.3200247 0.30289307 0.54432636 -0.22489491 0.34505361 0.50962067 0.42031807 0.29930931 0.58224827 0.00162102 0.32637528 0.54786652 0.31616247 0.44886982 0.56465465 -0.17677678 0.43604106 0.56202608 0.1768257 0.34856248 0.62890303 -0.5847128 0.3238301 0.61595708 0.43227386 0.35766199 0.77555645 -0.74465853 0.36724904 0.71039766 0.58828026
0.26810721 0.44048965 -0.28312257 0.30946282 0.42605159 0.28161985 0.3045975 0.52669567 -0.22733028 0.35474885 0.4934988 0.41897559 0.2989496 0.55485499 0.05187839 0.32882902 0.53282434 0.36896992 0.44504914 0.5665983 -0.17720909 0.45258334 0.55446613 0.17727236 0.34206769 0.6293636 -0.16559778 0.35112482 0.60342675 0.5252921 0.38159972 0.76416725 -0.22318809 0.38684976 0.7009638 0.64613062
0.26948494 0.43572912 -0.24432439 0.31583878 0.42472684 0.38042039 0.30488744 0.52699584 -0.2447367 0.38097799 0.5029785 0.45659202 0.30004039 0.56529087 -0.10298798 0.37998492 0.54236257 0.38267237 0.43536514 0.55996895 -0.19294332 0.45856556 0.55370194 0.19260468 0.32649854 0.63132447 -0.22051387 0.36330497 0.61338115 0.42538303 0.38259819 0.76766843 -0.37478745 0.39708209 0.70593774 0.48930985
0.27365696 0.43043908 -0.29002479 0.3238475 0.4147082 0.28312671 0.30758908 0.52713704 -0.2807945 0.39278096 0.49043337 0.34789571 0.30007699 0.57378238 -0.07901032 0.38078445 0.54005569 0.29038271 0.43785462 0.56225264 -0.1831353 0.47683275 0.55052578 0.18261817 0.30990255 0.62149483 -0.09445467 0.39940098 0.59451169 0.44607928 0.3878819 0.74538863 -0.13919374 0.46300048 0.66972083 0.45237195
0.28023237 0.42371762 -0.35397664 0.32968593 0.41119105 0.26073721 0.31303224 0.51628518 -0.35103884 0.40203568 0.48953545 0.32037222 0.30398244 0.57672286 -0.16061193 0.39886889 0.54764825 0.23079224 0.43925887 0.56353343 -0.1874481 0.48371792 0.55056846 0.18711416 0.31033289 0.62372684 -0.15626362 0.42784026 0.59313983 0.63225836 0.37843364 0.75409687 -0.09243526 0.51270252 0.65167767 0.95146018
0.28492758 0.41846806 -0.33214587 0.34202075 0.40629548 0.26270366 0.31564313 0.51828301 -0.35104352 0.43895844 0.49386463 0.34572104 0.29307121 0.58620852 -0.18153501 0.43398532 0.56418312 0.25897264 0.43148708 0.5610168 -0.19322291 0.48458597 0.55211675 0.19294566 0.30973032 0.624394 -0.14293918 0.41352138 0.64019054 0.49461347 0.38895682 0.75306016 0.0178106 0.4762145 0.73154789 0.64006674
0.29253933 0.41435859 -0.34930891 0.34353337 0.40482664 0.30717182 0.31589374 0.51738584 -0.3825185 0.42681104 0.49684292 0.35403824 0.29362628 0.5943858 -0.19488063 0.41714752 0.58184272 0.25456285 0.42559084 0.55704015 -0.21477747 0.47875801 0.55290455 0.21461549 0.32270148 0.64486724 -0.16807713 0.40529531 0.65534103 0.34192604 0.38207203 0.76741052 0.00802808 0.39673352 0.77379173 0.55558932
0.29951358 0.41119289 -0.33743292 0.35150173 0.40188742 0.31429973 0.31578931 0.51659942 -0.37778381 0.43600827 0.49482915 0.35531506 0.29111797 0.58984715 -0.20395805 0.43135127 0.58016646 0.24455719 0.41530722 0.55505902 -0.21173419 0.47767171 0.55298603 0.21147867 0.3128522 0.60195744 -0.09269539 0.41219842 0.67118287 0.3625733 0.39401543 0.68723571 0.00813829 0.38360742 0.7890113 0.40321779
0.30659366 0.40792063 -0.36166623 0.35930598 0.3997502 0.32512611 0.31594175 0.51341867 -0.42811987 0.43886518 0.49304387 0.36545724 0.28363857 0.5897283 -0.27861813 0.42495102 0.57834661 0.25407952 0.41209212 0.55579948 -0.21532948 0.47647241 0.55323768 0.21501704 0.31490135 0.61168134 -0.08307828 0.41556194 0.6757496 0.40137553 0.39842078 0.70493507 0.05593095 0.37591776 0.79317087 0.44509077
0.31120333 0.40470272 -0.35486743 0.36278096 0.39743233 0.3262684 0.31587458 0.5122565 -0.42737567 0.42755577 0.49290672 0.3655625 0.26492915 0.58852702 -0.3094711 0.40211576 0.57707399 0.24742115 0.40347224 0.55689466 -0.21464673 0.45773071 0.55542034 0.21440567 0.304939 0.59538352 -0.11330338 0.40855259 0.67624384 0.35631803 0.39748564 0.66829574 -0.01146522 0.37349671 0.79423672 0.33317146
0.31747884 0.40240669 -0.34652165 0.36474201 0.3941108 0.22777759 0.31794694 0.50621212 -0.39248121 0.43667406 0.49272707 0.2919772 0.26226377 0.57277966 -0.23566195 0.40258196 0.56871194 0.23091793 0.39969772 0.5562945 -0.1837714 0.45907757 0.55646241 0.18344769 0.33954442 0.54811466 0.01841814 0.40590081 0.67199856 0.32181215 0.48385745 0.61014014 0.36991516 0.37335122 0.79292911 0.3967835 
0.32087123 0.40019923 -0.33316407 0.37287638 0.39133605 0.2419298 0.3211135 0.49630374 -0.36805081 0.43558475 0.48814908 0.30361831 0.26709488 0.55892074 -0.21468675 0.4005037 0.55213678 0.24013457 0.39581591 0.55549365 -0.17790405 0.4596779 0.5581919 0.17763124 0.35964447 0.55070812 -0.03380578 0.40405336 0.67269111 0.29775256 0.49624273 0.60205489 0.30281094 0.37439659 0.79215997 0.31618226
0.33145621 0.39828244 -0.31631666 0.37901023 0.39195484 0.2843608 0.32272333 0.4951359 -0.371647 0.43247283 0.48946518 0.31912285 0.2597439 0.56139505 -0.26488298 0.38141549 0.55607742 0.25439236 0.39174256 0.55572307 -0.18236338 0.45689008 0.56032908 0.18180925 0.33254749 0.55034274 -0.07665212 0.38572231 0.67591316 0.31807488 0.4781813 0.59100604 0.12853117 0.37502304 0.79298586 0.20180167
0.3397463 0.39789459 -0.32115743 0.39276356 0.38983345 0.16654879 0.32672617 0.49379027 -0.35316563 0.43817365 0.49025014 0.24961869 0.26147133 0.55164874 -0.25052655 0.38268247 0.55470651 0.2266466 0.3872669 0.55603147 -0.14804612 0.45498729 0.56637406 0.14780992 0.35314772 0.54282367 0.15917327 0.38741612 0.67838991 0.32249922 0.48008332 0.59965062 0.58668095 0.3734324 0.79445881 0.44520649
0.34910113 0.39601055 -0.35078749 0.41284683 0.39183268 0.12993149 0.3393994 0.48354039 -0.3882485 0.48130628 0.48974591 0.22517826 0.30213267 0.54686058 -0.26906961 0.43737867 0.55638218 0.21237129 0.39067447 0.55835205 -0.14112052 0.45656845 0.56886947 0.14083554 0.36764428 0.55167729 0.29422215 0.39696583 0.67318934 0.41672224 0.4698607 0.62908137 0.73934114 0.37536013 0.7871874 0.71301532
0.35655281 0.39547715 -0.40861937 0.46280533 0.39344853 0.17184006 0.34756058 0.48603261 -0.48042184 0.48876292 0.49018544 0.25815344 0.29823259 0.55676532 -0.36640608 0.43772238 0.55736464 0.2200103 0.38323802 0.56450921 -0.15291128 0.45680758 0.57528108 0.15263255 0.33962521 0.576998 0.24368873 0.40577149 0.67125744 0.47126633 0.37272203 0.67787486 0.68392879 0.37592107 0.78478074 0.7752555 
0.36708283 0.39646968 -0.43191674 0.47691035 0.39384875 0.13813064 0.35811716 0.48772368 -0.48853257 0.50073951 0.49062744 0.25016692 0.31143701 0.55815351 -0.37731701 0.45261231 0.5469147 0.23107335 0.38318089 0.56665623 -0.15406966 0.45696548 0.58024257 0.1538607 0.36024457 0.56942958 0.35648811 0.40549386 0.67503995 0.43181878 0.41276592 0.65509456 0.87627012 0.37696558 0.78554726 0.69631702
0.37598369 0.39697745 -0.44604823 0.4829295 0.39479902 0.14005272 0.36601654 0.48616087 -0.51865506 0.50929058 0.4850966 0.26657125 0.31672144 0.56038386 -0.42758158 0.47099006 0.53268617 0.29533967 0.38485166 0.56864858 -0.15767691 0.45820171 0.58189905 0.15747026 0.35979888 0.55895865 0.38620383 0.40465727 0.67710632 0.43123615 0.44166192 0.62672573 0.97000414 0.37633812 0.78767705 0.67974967
0.38210249 0.39739591 -0.43871564 0.49676615 0.39982134 0.13570391 0.36504909 0.48755768 -0.50992543 0.50634235 0.49647835 0.2067593 0.31178766 0.570898 -0.41873723 0.45445272 0.55638343 0.15451358 0.38489819 0.56924397 -0.15851036 0.46088329 0.58263552 0.15832068 0.35658661 0.56240523 0.29553026 0.40703404 0.68113738 0.42530742 0.45849487 0.61370623 0.82607359 0.37558696 0.79076761 0.63568127
0.38922256 0.40066382 -0.45113131 0.5080741 0.40168169 0.09659213 0.36613271 0.4932327 -0.50359321 0.51579374 0.49839768 0.17831339 0.31135139 0.57222372 -0.38274679 0.45181164 0.55700099 0.14489056 0.38494241 0.57164305 -0.15242399 0.46312851 0.5859552 0.1521619 0.36210871 0.56415147 0.41650447 0.41027325 0.68039805 0.50556725 0.45430875 0.62613356 0.97195727 0.37585768 0.78853399 0.86571509
0.39749643 0.40174606 -0.44045433 0.49435493 0.4060961 0.11798926 0.36965296 0.49470016 -0.50899118 0.50961822 0.4992401 0.18744837 0.309407 0.57245094 -0.42631859 0.44799361 0.56204146 0.14096028 0.38564625 0.57234019 -0.15401502 0.46303928 0.58363444 0.15379488 0.36657903 0.56525344 0.32676926 0.41165391 0.6791696 0.46582371 0.45329177 0.6293425 0.82251978 0.37493229 0.78799707 0.73394704
0.40281352 0.40628251 -0.43410686 0.49993461 0.41153792 0.11973252 0.37065905 0.50217479 -0.48974243 0.50738049 0.50516438 0.16796355 0.30967009 0.57329935 -0.40760648 0.44243905 0.57249469 0.11517721 0.38750112 0.57337511 -0.15457201 0.46296972 0.58547592 0.15438415 0.39130956 0.57105637 0.30185872 0.4123275 0.68685561 0.42577103 0.48075092 0.61417943 0.73558873 0.37429458 0.79054493 0.63150263
0.40806815 0.40793404 -0.41787067 0.49641311 0.4138853 0.15423515 0.37366214 0.50290096 -0.48163787 0.5047152 0.50406545 0.19623612 0.30970001 0.57318181 -0.41406396 0.44238743 0.56991106 0.1444608 0.39311269 0.57436854 -0.17098686 0.46170205 0.5842973 0.17087427 0.38535616 0.5788635 0.04918381 0.41247058 0.68713719 0.37369332 0.47642177 0.60842228 0.44093096 0.3735767 0.79151714 0.45354071
0.41256666 0.40908346 -0.39907399 0.49186626 0.41341779 0.17630643 0.37685549 0.50368375 -0.4655377 0.50240409 0.50659716 0.20362909 0.32299259 0.56928623 -0.3946749 0.43639478 0.57714081 0.12463475 0.3943328 0.5739482 -0.17109828 0.45690936 0.58384186 0.17093343 0.38744068 0.58494121 0.0316093 0.4142921 0.68560481 0.36798593 0.4758347 0.62493855 0.32712793 0.37371132 0.79062545 0.41192842
0.41621435 0.4101893 -0.39759997 0.49276891 0.41258246 0.17928444 0.37646222 0.50413746 -0.44639966 0.50155598 0.5055697 0.20856288 0.33032483 0.54033542 -0.33825701 0.42780685 0.57475084 0.14269805 0.39630267 0.57366174 -0.1837334 0.45500812 0.58260328 0.18366918 0.38347498 0.58802706 -0.02180512 0.41575456 0.68435627 0.3619583 0.47501978 0.62421995 0.30640435 0.37372461 0.79008174 0.43390325
0.41912332 0.41085678 -0.47384819 0.49080041 0.41200054 0.12544902 0.37640759 0.50475687 -0.50316566 0.49311405 0.49924946 0.20812838 0.32692087 0.54490125 -0.35624117 0.41912922 0.56373477 0.16755077 0.39617512 0.57436246 -0.18364444 0.44601011 0.58197743 0.18354045 0.36667752 0.59611422 0.2225859 0.41584566 0.67908776 0.45900857 0.44465545 0.66964138 0.67913169 0.37392357 0.78693014 0.78137761
0.4182997 0.41226968 -0.45756224 0.49181548 0.41162702 0.14118294 0.37587261 0.5077455 -0.50656664 0.49029231 0.49914128 0.20942372 0.31594086 0.54565394 -0.37224934 0.41667375 0.56372744 0.16753569 0.39406225 0.57442725 -0.18811268 0.44448924 0.58157909 0.18799825 0.33626604 0.5941354 0.11640091 0.41549274 0.67917895 0.44938412 0.42775351 0.65829194 0.53233945 0.37389499 0.7871716 0.70880628
0.41881061 0.41246125 -0.45413345 0.49457917 0.41132954 0.11512953 0.3656418 0.50094122 -0.49879482 0.49111265 0.49322814 0.19941899 0.32007673 0.54075611 -0.37761247 0.41699246 0.55051428 0.17199305 0.39178807 0.57357413 -0.18281899 0.44513279 0.57833093 0.18259315 0.33939195 0.59215742 0.30400938 0.41348514 0.66714394 0.46991861 0.42542839 0.66313767 0.7856847 0.37392366 0.78571612 0.78858972
0.42284128 0.4124487 -0.51231629 0.49297333 0.41122231 0.06468559 0.35979107 0.50101435 -0.516873 0.49002647 0.49110073 0.18473686 0.32180807 0.53964031 -0.3698259 0.41640356 0.54327875 0.19107282 0.39185503 0.57059503 -0.18257578 0.44363484 0.57354915 0.18245785 0.34390241 0.60814482 0.30620471 0.41264656 0.66069055 0.55631161 0.39508864 0.70076382 0.78347588 0.37541404 0.7767545 0.96868467
0.42311034 0.41277155 -0.49893871 0.49218348 0.41142398 0.06559145 0.35826415 0.50027072 -0.5111624 0.49017429 0.49136895 0.1760643 0.32625419 0.53496784 -0.36740726 0.41732562 0.54172271 0.18823907 0.3881484 0.57056934 -0.18182875 0.44166377 0.57361197 0.18172856 0.34606072 0.60250801 0.33660924 0.41152096 0.66176581 0.53053308 0.4088679 0.6803118 0.83163249 0.37512589 0.77712333 0.91029304
0.42166656 0.41265267 -0.48336098 0.49354142 0.41132528 0.08307078 0.36211205 0.50095391 -0.46148327 0.49372625 0.49174336 0.18295412 0.33309335 0.5267942 -0.24721316 0.41800663 0.5409885 0.22005303 0.38579944 0.57040977 -0.17953008 0.44235101 0.57328355 0.17936668 0.34896988 0.60138041 0.34038025 0.4130505 0.66325247 0.50256425 0.41441709 0.67245322 0.83100104 0.37502122 0.77805305 0.84387481
0.4206754 0.41181773 -0.47410011 0.49480957 0.41122803 0.09410981 0.36405504 0.50138634 -0.46581322 0.49372461 0.49168056 0.18619144 0.33120644 0.53310627 -0.29346129 0.41796005 0.54232347 0.21293603 0.38432968 0.57009399 -0.17947306 0.44296631 0.57320291 0.17925677 0.35604367 0.59918934 0.31722298 0.41297835 0.66262931 0.50440681 0.41622582 0.68076503 0.78827095 0.37502527 0.77867091 0.85782897
0.4197681 0.41176876 -0.47175461 0.49470344 0.41119617 0.09779304 0.36401889 0.50267905 -0.48835087 0.49512488 0.49185032 0.18388633 0.32261693 0.54603469 -0.32084656 0.41803434 0.54392278 0.174521 0.38430279 0.56843007 -0.17939629 0.44336185 0.57272047 0.17917502 0.35631731 0.59997469 0.30213204 0.41415676 0.66468459 0.50701642 0.41175413 0.6858753 0.7635262 0.37364566 0.78044409 0.86044973
0.4188388 0.41207501 -0.46962225 0.51449484 0.40669805 0.10087463 0.36343133 0.50409621 -0.49949956 0.49496189 0.49173313 0.18132496 0.31297931 0.54897499 -0.36234778 0.4183583 0.5435822 0.15751213 0.3817789 0.56774795 -0.1784516 0.45385793 0.57507974 0.1782023 0.35650674 0.5958758 0.29810089 0.41517511 0.67040825 0.47758502 0.41408443 0.67390311 0.75801027 0.37142134 0.7824949 0.79535097
0.41876474 0.41216147 -0.45618466 0.52258992 0.40335083 0.10284074 0.36384484 0.50413072 -0.46698445 0.49483806 0.49185309 0.18317588 0.313297 0.54812276 -0.32827911 0.41878894 0.54308379 0.17600448 0.38107684 0.56773895 -0.17707311 0.45931202 0.57504064 0.17670226 0.35726792 0.60697734 0.24862295 0.42275137 0.66213185 0.61402571 0.399872 0.70316249 0.62503326 0.41376576 0.7564925 1.06789303
0.417983 0.41219607 -0.45755863 0.52315652 0.40292493 0.08081174 0.36399645 0.50556403 -0.46202052 0.49478522 0.49352771 0.17002195 0.31836215 0.54493886 -0.30767033 0.41888133 0.54507816 0.17613783 0.38084203 0.56780124 -0.17309557 0.46032226 0.57496458 0.17266218 0.36201659 0.60384053 0.27522698 0.42207053 0.66166764 0.58137131 0.40429744 0.69395232 0.6712985 0.4139196 0.75531477 1.01043594
0.41476801 0.41207942 -0.43582535 0.52161247 0.40278676 0.08910056 0.36441302 0.50472772 -0.45135233 0.49531838 0.49366766 0.19337785 0.32231608 0.53692836 -0.31369776 0.42706576 0.54560244 0.21271475 0.38109556 0.56605089 -0.17274341 0.460538 0.57481879 0.17228055 0.36330619 0.60337639 0.27433982 0.4215132 0.66040397 0.56963694 0.40513408 0.69546568 0.68138629 0.40445551 0.75698006 0.98692727
0.41289496 0.41206411 -0.42611709 0.51915288 0.4029707 0.10612024 0.36503908 0.50473624 -0.45715252 0.49473611 0.49351981 0.20667613 0.32732093 0.53315771 -0.33296782 0.42971769 0.54435784 0.22012213 0.38088682 0.56569952 -0.17271949 0.46039233 0.57512265 0.17225824 0.36220819 0.60237575 0.27846602 0.42112139 0.6626417 0.53021109 0.40689549 0.69470561 0.68877482 0.38558313 0.77095336 0.9044137 
0.41114718 0.41205579 -0.42375073 0.51846385 0.40281007 0.10500211 0.36508247 0.50460309 -0.46019298 0.49605429 0.49118575 0.20527725 0.32724217 0.53391993 -0.33915767 0.43545866 0.53599727 0.22848503 0.37991044 0.56454408 -0.16135839 0.45994639 0.57566458 0.16089486 0.36270481 0.58271331 0.3623428 0.42031485 0.66946214 0.4657203 0.42566812 0.66156781 0.85074884 0.37506109 0.78065264 0.77714503
0.40919527 0.41206509 -0.42761144 0.51819879 0.40249953 0.10655928 0.36498168 0.50458634 -0.47467685 0.49655613 0.48831728 0.23263459 0.3270092 0.53637844 -0.36570472 0.43998522 0.53045541 0.28542468 0.37948316 0.56409842 -0.16560683 0.45960259 0.57557827 0.16512781 0.34367469 0.58532101 0.34659684 0.41524246 0.66848087 0.50322711 0.41284212 0.67015582 0.82528162 0.37271807 0.78032297 0.869582 
0.40485308 0.41186997 -0.43008178 0.51752514 0.40257719 0.13286607 0.36473581 0.50440419 -0.48285523 0.4925372 0.48820502 0.22547238 0.319841 0.54072481 -0.3747471 0.43935341 0.53331435 0.27264419 0.37743068 0.56422234 -0.17070459 0.45846921 0.57567394 0.17026173 0.33086777 0.58664495 0.28258157 0.41018811 0.66375273 0.49151915 0.40702018 0.67094553 0.71475857 0.37044206 0.7823754 0.82036746
0.40008062 0.41175085 -0.44973484 0.51561457 0.40245315 0.12025795 0.36326626 0.50683039 -0.48545805 0.48792136 0.48847225 0.22588697 0.31304643 0.54938275 -0.37017974 0.43166855 0.53059679 0.26256463 0.37364328 0.56500113 -0.17174982 0.45168737 0.57554275 0.17133574 0.31899795 0.58411586 0.29837081 0.39923978 0.66328603 0.53826702 0.40156066 0.66839927 0.76144433 0.37053671 0.77577591 0.92519486
0.39671764 0.40904889 -0.46420118 0.50860023 0.39955765 0.07317875 0.36304232 0.50512999 -0.50227112 0.49394849 0.48216957 0.2041467 0.31352276 0.54917127 -0.38842306 0.43691775 0.5225355 0.24848896 0.36752129 0.56375885 -0.16814171 0.44625187 0.57154047 0.16776209 0.32243264 0.58515561 0.33659041 0.39828524 0.66346681 0.52581167 0.40235439 0.66107315 0.81702995 0.36828279 0.77890152 0.8610757 
0.38988182 0.40553829 -0.46975344 0.46136829 0.39966917 0.0690713 0.36261448 0.49993193 -0.4977231 0.48367485 0.47689164 0.19493984 0.31398019 0.54592955 -0.38191235 0.43339854 0.51412743 0.23701093 0.35686588 0.56181884 -0.15745097 0.42534181 0.56590015 0.15700582 0.32522729 0.60246259 0.33010051 0.39710858 0.66357678 0.48429531 0.38587713 0.68270105 0.79778665 0.36702073 0.7807743 0.80030769
0.3725917 0.40267313 -0.46711215 0.47371864 0.39787635 0.07763299 0.35694107 0.49471295 -0.49192911 0.48386428 0.47874936 0.19894177 0.31111041 0.54400384 -0.37608892 0.44497839 0.52050287 0.25370398 0.34904677 0.56245381 -0.15837169 0.42398691 0.56688195 0.15806243 0.32817557 0.61402839 0.29912838 0.39693743 0.66200387 0.55255711 0.37394294 0.71583194 0.71440589 0.36697626 0.77958405 0.9576171 
0.35660052 0.40084991 -0.46419302 0.45728225 0.39484081 0.06424614 0.34818345 0.49193257 -0.4991844 0.47249743 0.47701448 0.18145032 0.30928454 0.54398113 -0.42465633 0.44437551 0.52348042 0.20854123 0.34728372 0.56110358 -0.14885391 0.41669956 0.56593716 0.14830969 0.35667965 0.59874618 0.39832285 0.39734188 0.6622231 0.54521149 0.39089632 0.6773423 0.88208133 0.36708921 0.78037047 0.92575574
0.33940038 0.40113056 -0.4349615 0.43682125 0.39314175 0.07539519 0.34270084 0.49130857 -0.52760327 0.46672994 0.46905169 0.25946367 0.32702249 0.54481226 -0.54892021 0.44629285 0.51400054 0.39331374 0.347583 0.55871171 -0.14076182 0.41837826 0.55971867 0.14004728 0.39021808 0.59191096 0.46432164 0.40872273 0.663643 0.44684413 0.4409821 0.65098965 1.02307355 0.36720926 0.78279203 0.79690892
0.32890365 0.40622717 -0.43296438 0.43801752 0.39839807 0.06623618 0.34038264 0.50042421 -0.51712877 0.46555686 0.48386958 0.1602805 0.32591867 0.56219876 -0.47084576 0.44535878 0.54940099 0.1558186 0.34549373 0.56360561 -0.14432694 0.422227 0.57013142 0.14367175 0.37877887 0.59270996 0.44608715 0.41648132 0.66528547 0.53316414 0.43401894 0.65597093 0.9949854 0.37012047 0.78210431 0.9880932 
0.32238522 0.41656935 -0.46733952 0.43410832 0.40531042 0.11365785 0.33752024 0.51148403 -0.56317449 0.46823201 0.50078338 0.14425321 0.32489073 0.58628261 -0.49313492 0.46106061 0.58920318 0.07568182 0.35703987 0.56994641 -0.18356909 0.43711609 0.57711822 0.18310872 0.35568917 0.60608542 0.26103461 0.41808993 0.6677888 0.52407235 0.39837033 0.66379625 0.72806573 0.36873993 0.77866882 0.92725122
0.31150416 0.43110383 -0.44348368 0.43430799 0.41154778 0.13834885 0.33403462 0.53005451 -0.45209873 0.46911874 0.51193398 0.15593451 0.31196934 0.60300803 -0.22208248 0.46343613 0.59923971 0.11982272 0.38256285 0.58370537 -0.19718246 0.46030137 0.58553725 0.19659635 0.31998694 0.65512115 0.1259466 0.41004407 0.6661346 0.52284491 0.34211957 0.76428878 0.46142504 0.36241007 0.77460092 0.86192864
0.2953617 0.44754702 -0.45311528 0.4093048 0.42260367 -0.01293269 0.33313546 0.54987019 -0.43427768 0.4672707 0.52367032 0.06247542 0.31271136 0.60977757 -0.26387563 0.45968115 0.60736316 0.06842046 0.37974083 0.60374677 -0.16297622 0.46183369 0.59342009 0.16196863 0.32524118 0.66173542 0.25668359 0.41670102 0.65230626 0.64152098 0.36132872 0.76228398 0.5562672 0.41169339 0.73938936 1.10104048
0.28666121 0.46693879 -0.54421145 0.36295894 0.43784195 -0.02434661 0.32976648 0.57250226 -0.50136179 0.44457236 0.54852813 0.02115297 0.31278333 0.63397819 -0.31518877 0.44655982 0.63559353 -0.01712985 0.37824929 0.62043136 -0.16908464 0.44714838 0.59717464 0.16821939 0.27470487 0.65995884 0.04538778 0.3623496 0.61238265 0.59816533 0.31304687 0.75385064 0.41262561 0.40372211 0.68082643 0.79836756
0.28572139 0.48087099 -0.54823953 0.33832037 0.45341796 -0.0205162 0.33171859 0.60297519 -0.51477939 0.39647204 0.56106448 0.00799499 0.3153258 0.64831156 -0.32548276 0.4126133 0.64117485 -0.05165726 0.3992551 0.62190521 -0.17018616 0.43626493 0.60373533 0.16933893 0.29579449 0.64489019 -0.20971538 0.33455661 0.60926795 0.43385246 0.32924151 0.74280107 -0.00438718 0.39658883 0.68038285 0.41819879
0.27885869 0.49605218 -0.42863959 0.33722317 0.46573314 0.01586533 0.32556328 0.60646313 -0.37854803 0.41116032 0.56558102 0.05383953 0.31537953 0.6517179 -0.17384681 0.41081887 0.62982237 0.07800765 0.43061057 0.62800616 -0.1548273 0.45532507 0.60043103 0.15407349 0.30495459 0.65126067 -0.11679985 0.34926027 0.61928844 0.44530416 0.37684655 0.73122132 0.13992696 0.41794634 0.68099463 0.49406087
0.26324439 0.51986641 -0.40947515 0.36022663 0.47934717 -0.04612873 0.3146359 0.62363905 -0.34557325 0.42311949 0.56897491 0.05522767 0.30947828 0.660191 -0.12431539 0.41459101 0.6213131 0.12499609 0.43111557 0.64024955 -0.12660168 0.49029976 0.60494065 0.12564322 0.30960029 0.6491105 0.24561115 0.37403995 0.62383294 0.54995924 0.39593437 0.7189821 0.47796682 0.43287569 0.68206209 0.77553219
0.26853967 0.60559177 -0.62245959 0.33000395 0.56253231 -0.43855625 0.31685013 0.67768699 -0.40912616 0.41101637 0.6192137 -0.18530855 0.30330825 0.6804387 -0.18042286 0.39186978 0.65325356 -0.01517859 0.42497334 0.66117263 -0.05692115 0.43269581 0.63994378 0.05641511 0.37097132 0.68383944 0.39969897 0.4032236 0.64133114 0.50906575 0.40241069 0.72286648 0.88081914 0.42135629 0.69652641 0.99096024
0.26642472 0.54490727 -0.55755126 0.28946221 0.54580158 -0.3694821 0.35536799 0.62965137 -0.44628793 0.36015788 0.62028581 -0.32163772 0.34266615 0.66429162 -0.3470515 0.39495799 0.65148395 -0.36876681 0.42497244 0.64858437 -0.03388 0.42509633 0.64364296 0.03330077 0.41816792 0.6780104 0.30005836 0.44474658 0.64891988 0.33565614 0.43916205 0.69296402 0.78395492 0.44786066 0.67699605 0.87431097
0.2464349 0.54402351 -0.18015127 0.29184711 0.52546173 0.0290537 0.35078219 0.61628383 -0.17615469 0.35410473 0.5939852 -0.09449789 0.35936657 0.65197676 -0.08524838 0.378014 0.64172608 -0.12678838 0.42287534 0.64756411 -0.03407865 0.43340674 0.63657671 0.03241999 0.40799505 0.67720616 0.32886147 0.42870766 0.64448619 0.37650356 0.43192917 0.6858381 0.38373142 0.45927185 0.67608494 0.4006274 
0.23387112 0.54833996 -0.16640019 0.2957404 0.52402854 0.05354093 0.34183985 0.61099738 -0.14372985 0.37415355 0.58322948 -0.03807876 0.35014617 0.64205939 0.01557709 0.38713115 0.63404649 -0.09656496 0.42084295 0.64791393 -0.04308142 0.45147687 0.63322544 0.04133457 0.35819072 0.66741681 0.32075042 0.4069351 0.63400686 0.32429415 0.42342272 0.68965727 0.27360073 0.45226866 0.6801998 0.24595825
0.24557523 0.54353112 -0.23947166 0.26576975 0.53377116 0.13972338 0.36217219 0.60898846 -0.24050522 0.34917676 0.59816968 0.11137839 0.35777885 0.6413933 -0.12234022 0.36009368 0.62983042 -0.03552679 0.44462204 0.644108 -0.1033714 0.44843274 0.63079351 0.10203449 0.33952397 0.64499825 -0.09768246 0.36694065 0.63550079 0.38624737 0.41898167 0.69164193 0.0771823 0.44976646 0.67574662 0.44170552
0.25121719 0.54116845 -0.3788633 0.26563418 0.52517927 0.16507028 0.3455807 0.62345231 -0.27522632 0.35606989 0.59411359 0.24178775 0.32260016 0.65251273 -0.09483847 0.36017957 0.63000482 0.19601095 0.47705469 0.62544733 -0.17863481 0.46945831 0.62069225 0.17847012 0.32710594 0.64778209 -0.14097635 0.35393262 0.62873578 0.5966922 0.41611761 0.71407819 0.14586315 0.44763228 0.68245924 0.92251563
0.25334048 0.5384565 -0.49162495 0.25763011 0.52666515 0.22211106 0.33589402 0.62439722 -0.46995336 0.35104343 0.59059691 0.33682856 0.32949179 0.67441052 -0.19932912 0.35527143 0.63579208 0.29497719 0.49183169 0.61355078 -0.21709622 0.48013115 0.61164749 0.21714851 0.32618934 0.65067405 -0.30226707 0.35541061 0.62868917 0.6092698 0.43080437 0.71145338 0.08706633 0.47056428 0.67356551 0.82513267
0.2515851 0.53779346 -0.47186089 0.25648147 0.52490526 0.20979257 0.32683945 0.62529868 -0.46796235 0.33198029 0.58614856 0.39909554 0.31371406 0.66968989 -0.25464743 0.31346244 0.61569577 0.43525213 0.49133617 0.60703123 -0.20863947 0.48851103 0.60057461 0.20890372 0.32726699 0.65245324 -0.1355198 0.36158326 0.62622768 0.66029692 0.43495229 0.71212941 0.16861597 0.47549078 0.67204243 1.03311288
0.24971446 0.53573567 -0.48203397 0.25265521 0.52503872 0.22677837 0.33130234 0.61770749 -0.48907477 0.31233644 0.5829435 0.43152243 0.30858508 0.66426677 -0.29699409 0.27660239 0.61219501 0.46969271 0.49460086 0.60175604 -0.21501578 0.48473397 0.59783328 0.21531479 0.3277562 0.65219992 -0.26480642 0.35500702 0.6274277 0.58545196 0.44678336 0.68950182 0.23943341 0.47894862 0.66958129 0.95462996
0.24772361 0.53436667 -0.4568727 0.2543726 0.52412218 0.25290576 0.30019918 0.6155113 -0.46096084 0.29663658 0.58212227 0.44240898 0.29816362 0.66077304 -0.26559368 0.26241952 0.61547905 0.46420583 0.49224892 0.5999164 -0.21470015 0.48702908 0.59839863 0.21508072 0.3213422 0.65199465 -0.22201641 0.35817322 0.62763101 0.56998414 0.44287524 0.70689392 0.18145323 0.48397088 0.67281747 0.78741723
0.24770033 0.53373837 -0.47382808 0.25489289 0.52336472 0.26174971 0.300556 0.61734688 -0.44227177 0.31049153 0.58809787 0.37110093 0.30100733 0.65997428 -0.10697973 0.29347855 0.63834572 0.42809251 0.49742964 0.59829628 -0.22527346 0.48753843 0.59727502 0.22556289 0.32008931 0.65157068 -0.22525206 0.35283309 0.62816811 0.56658965 0.44088331 0.70802462 0.18657362 0.47843707 0.67397308 0.70535743
0.24783237 0.53358728 -0.46663669 0.25741267 0.5228042 0.26921952 0.30059707 0.62032199 -0.39391306 0.3166582 0.59024775 0.32678202 0.29395977 0.653117 0.00352188 0.31044483 0.64585191 0.1346686 0.50014889 0.59846973 -0.22821495 0.4897531 0.59630203 0.22843626 0.3192316 0.65153486 -0.19977653 0.3490862 0.62572789 0.55474448 0.43779859 0.71713775 0.17651184 0.47444898 0.67457068 0.70932382
0.24843881 0.5332644 -0.47993475 0.25629443 0.52212024 0.26751027 0.29954192 0.61907572 -0.45539129 0.31663775 0.58859926 0.38302678 0.27632642 0.65193212 -0.1087507 0.28789368 0.63989204 0.24889153 0.50068742 0.59898323 -0.23350181 0.48912296 0.5939461 0.23384494 0.31875181 0.65167302 -0.2218543 0.33545852 0.62450188 0.50691938 0.44020227 0.7154792 0.18832655 0.47294292 0.67821765 0.63620812
0.248937 0.53320247 -0.49771422 0.25853992 0.52228606 0.26565143 0.30109796 0.61848921 -0.5094797 0.31888896 0.59134448 0.34540388 0.27747062 0.65524286 -0.26887232 0.31477341 0.65374225 0.15304278 0.49964425 0.59969676 -0.23440325 0.49206582 0.5947541 0.23471729 0.31903741 0.65112525 -0.23947701 0.33839813 0.62468535 0.48659629 0.45183989 0.71411169 0.20446572 0.47173625 0.68288732 0.63554227
0.24932167 0.53309053 -0.50420499 0.25866649 0.52253592 0.26001692 0.29970813 0.61699349 -0.5247314 0.32323718 0.5919866 0.3349686 0.28301582 0.65878963 -0.30057794 0.3220816 0.65654743 0.15635958 0.49839523 0.60016042 -0.23388648 0.4915525 0.59565961 0.23416065 0.31646857 0.65106565 -0.20020805 0.34113479 0.62396652 0.52152795 0.44757739 0.71671474 0.22223714 0.47300377 0.68032998 0.65511942
