0.5967086 0.5326153 -0.6601584 0.43515348 0.55709279 -0.76910418 0.61345696 0.55279082 -0.33337265 0.40243605 0.60564071 -0.70358837 0.60000926 0.58332247 -0.16171661 0.39190355 0.66479397 -0.73213273 0.55051386 0.56747228 0.02545331 0.45668653 0.57710594 -0.02542868 0.53126967 0.55304265 0.54290611 0.4604696 0.56600481 0.47234818 0.518426 0.52867669 1.10092509 0.45972157 0.52857029 1.03817999
0.60667259 0.53475642 -0.71377128 0.41351268 0.56110793 -0.81436068 0.63805717 0.55340999 -0.38204104 0.38667676 0.61969113 -0.76490748 0.59713662 0.58016211 -0.23474321 0.38455093 0.68868417 -0.83187258 0.55230439 0.56703192 0.02578602 0.4479461 0.57677525 -0.02573808 0.55307913 0.56443787 0.56700772 0.45400587 0.5810464 0.49337018 0.52713996 0.55576962 1.16185093 0.45306292 0.56211209 1.11175001
0. 0. 0. 0. 0. 0. 0. 0. 0. 0. 0. 0. 0. 0. 0. 0. 0. 0. 0. 0. 0. 0. 0. 0. 0. 0. 0. 0. 0. 0. 0. 0. 0. 0. 0. 0. 0. 0. 0. 0. 0. 0. 0. 0. 0. 0. 0. 0. 0. 0. 0. 0. 0. 0. 0. 0. 0. 0. 0. 0. 0. 0. 0. 0. 0. 0. 0. 0. 0. 0. 0. 0. 0. 0. 0. 0. 0. 0. 0. 0. 0. 0. 0. 0. 0. 0. 0. 0. 0. 0. 0. 0. 0. 0. 0. 0. 0. 0. 0. 0. 0. 0. 0. 0. 0. 0. 0. 0. 0. 0. 0. 0. 0. 0. 0. 0. 0. 0. 0. 0. 0. 0. 0. 0. 0. 0. 0. 0. 0. 0. 0. 0.
0. 0. 0. 0. 0. 0. 0. 0. 0. 0. 0. 0. 0. 0. 0. 0. 0. 0. 0. 0. 0. 0. 0. 0. 0. 0. 0. 0. 0. 0. 0. 0. 0. 0. 0. 0. 0. 0. 0. 0. 0. 0. 0. 0. 0. 0. 0. 0. 0. 0. 0. 0. 0. 0. 0. 0. 0. 0. 0. 0. 0. 0. 0. 0. 0. 0. 0. 0. 0. 0. 0. 0. 0. 0. 0. 0. 0. 0. 0. 0. 0. 0. 0. 0. 0. 0. 0. 0. 0. 0. 0. 0. 0. 0. 0. 0. 0. 0. 0. 0. 0. 0. 0. 0. 0. 0. 0. 0. 0. 0. 0. 0. 0. 0. 0. 0. 0. 0. 0. 0. 0. 0. 0. 0. 0. 0. 0. 0. 0. 0. 0. 0.
0.58486539 0.58242053 -0.68859124 0.40113217 0.57508099 -0.78784168 0.60645318 0.67417258 -0.64727163 0.36507654 0.68114853 -0.75586879 0.6202631 0.77236116 -0.68455595 0.36053967 0.77017403 -0.80981553 0.50032628 0.62553722 0.03914006 0.40003341 0.62221825 -0.03925036 0.53105843 0.70891291 0.34101325 0.37374914 0.7052902 0.29012984 0.54629689 0.77877033 0.75028181 0.37268898 0.77256608 0.70312589
0.62207681 0.57288158 -0.66309249 0.39721587 0.57477313 -0.68984884 0.6462931 0.68455368 -0.66768312 0.37534794 0.69638532 -0.67228407 0.68480909 0.77174014 -0.75651067 0.37320372 0.77564836 -0.7254656 0.53923744 0.61531007 0.02866424 0.42122257 0.6195851 -0.02871886 0.56723732 0.71113956 -0.37615535 0.37786987 0.69786084 -0.51031125 0.59435576 0.8241331 -0.09452371 0.40493768 0.81105703 -0.20922269
0.63596147 0.57028991 -0.76255035 0.39297673 0.57641387 -0.77512354 0.65356523 0.68050003 -0.73951083 0.38175875 0.69762403 -0.76926708 0.69221187 0.77144587 -0.8228597 0.37434998 0.77812344 -0.86084628 0.54855174 0.61693269 0.02848113 0.42784882 0.61632359 -0.02840371 0.57412165 0.71110743 -0.37820897 0.39276493 0.69858909 -0.50935656 0.58505189 0.80766958 0.00851799 0.42417619 0.82312858 -0.13534519
0.64104319 0.5679729 -0.80214804 0.39051104 0.57635969 -0.81432337 0.64868408 0.68834817 -0.78832293 0.3834776 0.69887811 -0.80606121 0.6926493 0.7728411 -0.88979483 0.3726871 0.78054947 -0.91855568 0.5536111 0.61573297 0.02498739 0.42525357 0.61490345 -0.02484886 0.57705873 0.71194863 -0.42079577 0.39590779 0.72202665 -0.4568032 0.59986353 0.81595427 0.0741211 0.42256445 0.822308 0.04156056
0.65022379 0.56995082 -0.72053546 0.3895953 0.57634443 -0.69194376 0.66326809 0.68728638 -0.67402905 0.38267162 0.69593918 -0.64820296 0.69246459 0.77125061 -0.71745908 0.37225184 0.77920997 -0.68870717 0.56266195 0.61166424 0.00871254 0.42878488 0.60806972 -0.00861993 0.5822714 0.70999503 -0.38995916 0.40431106 0.7173205 -0.31396309 0.60396612 0.83085167 -0.09865525 0.42703328 0.82687056 -0.03055182
0.65261352 0.57110429 -0.48572093 0.3872219 0.57619005 -0.5106886 0.66326076 0.68724513 -0.48838291 0.38420039 0.69637287 -0.49478602 0.69527906 0.77045321 -0.55617911 0.37702447 0.78440452 -0.53810292 0.5645172 0.60802001 0.00994067 0.43085992 0.60343236 -0.00998663 0.59098887 0.70587116 -0.30748042 0.4188768 0.7092616 -0.27303734 0.60812086 0.83472908 -0.09690276 0.43136889 0.82870454 -0.08581214
0.65577042 0.57167691 -0.44200909 0.3831237 0.57839334 -0.47157052 0.66248018 0.68669695 -0.44541135 0.38619119 0.69685084 -0.4607144 0.69453973 0.76923972 -0.52518797 0.37650299 0.78273571 -0.51376897 0.56874794 0.59530854 0.01036865 0.43164188 0.59398872 -0.01051862 0.59196657 0.69787669 -0.28291944 0.42361742 0.70106542 -0.26270494 0.60645694 0.8310948 -0.10827106 0.43083394 0.83300096 -0.1039042 
0.65296304 0.57221866 -0.54917544 0.38228941 0.57907933 -0.59005255 0.65666604 0.6865803 -0.53165168 0.38722026 0.69720614 -0.55851138 0.69474965 0.76841861 -0.58514655 0.37572542 0.78288192 -0.59763694 0.57142919 0.58474034 0.01273207 0.43026799 0.585675 -0.01288962 0.60043716 0.68588883 -0.27610001 0.42681101 0.69295198 -0.31543598 0.60550761 0.8289203 -0.05149591 0.43134022 0.83015877 -0.09919541
0.65034014 0.5726096 -0.44913951 0.38102898 0.57996821 -0.50705534 0.6530568 0.68617123 -0.46260568 0.38760665 0.69636989 -0.49892437 0.68985975 0.76679707 -0.53543139 0.3753013 0.78276783 -0.54012489 0.57435721 0.57844192 0.01439257 0.43017524 0.57941586 -0.014509 0.59722066 0.67511672 -0.17695847 0.42671081 0.69166118 -0.23488101 0.60563171 0.83064514 -0.07200401 0.42885071 0.83250171 -0.05503027
0.65104306 0.57321888 -0.44357029 0.38012084 0.58177394 -0.50053656 0.6526233 0.68621832 -0.44904357 0.38833278 0.6960184 -0.48681104 0.69188595 0.76687151 -0.52718306 0.37483898 0.78402323 -0.53445399 0.57257718 0.56977242 0.0153719 0.42964631 0.57243544 -0.0155348 0.59893841 0.67771757 -0.16975936 0.42494854 0.69142431 -0.19471994 0.60422748 0.83152837 -0.07744033 0.42951703 0.83408713 -0.06858546
0.64926082 0.57441825 -0.44117844 0.37704572 0.58161157 -0.50157028 0.65151161 0.68732899 -0.45818225 0.38813481 0.69466746 -0.49377915 0.68841612 0.76790255 -0.53858334 0.37454495 0.78330326 -0.53963262 0.57123119 0.56920898 0.01594593 0.42879081 0.57202637 -0.01613493 0.60851556 0.67792487 -0.16921483 0.42362896 0.69046986 -0.17670707 0.60674423 0.83376098 -0.12077311 0.42706859 0.83175999 -0.08645787
0.65275878 0.57778388 -0.43330899 0.37794802 0.57980746 -0.47822526 0.65814734 0.68717974 -0.43889582 0.3877736 0.68889582 -0.46679911 0.6888901 0.76803786 -0.52691883 0.37407821 0.77655566 -0.5180828 0.5837577 0.57676345 0.01617452 0.43928936 0.57611638 -0.01640026 0.61534292 0.68185622 -0.21826874 0.42394397 0.69025379 -0.20964438 0.60563344 0.83532023 -0.18305725 0.42679596 0.83406126 -0.15243401
0.6528253 0.57796776 -0.47752154 0.37846294 0.57840711 -0.53302222 0.66711819 0.68308759 -0.47838214 0.38737303 0.67895126 -0.47595569 0.69470108 0.76778048 -0.54955494 0.37361771 0.76600921 -0.51185733 0.58769774 0.57899457 0.01324159 0.4416934 0.57993549 -0.01367776 0.62581986 0.68256187 -0.32741773 0.42469949 0.69492275 -0.30175665 0.6068809 0.83663774 -0.20775034 0.42986813 0.83780521 -0.18353795
0.65570915 0.58024776 -0.42771924 0.37881485 0.57952243 -0.46672913 0.67191023 0.68276352 -0.41429195 0.38675576 0.6801784 -0.44273683 0.69650716 0.76785076 -0.51026535 0.37210652 0.76437509 -0.49329558 0.58906698 0.59053683 0.01368165 0.44250354 0.59107757 -0.01410087 0.62604582 0.68814558 -0.29495573 0.42685822 0.70189095 -0.25900888 0.60624588 0.83722717 -0.21583281 0.42980093 0.83727849 -0.18850824
0.65747845 0.58204436 -0.41031438 0.37907517 0.57936674 -0.44556588 0.67255652 0.68276584 -0.38395646 0.38647231 0.68131274 -0.41503954 0.70217824 0.76790446 -0.46365097 0.37199515 0.7613014 -0.45572796 0.59381402 0.59960866 0.01368828 0.44551134 0.59977096 -0.01418344 0.6252929 0.70190793 -0.29136518 0.42847666 0.70823681 -0.23978244 0.60634649 0.83887225 -0.20039438 0.42901215 0.83814138 -0.16809276
0.65883923 0.58093488 -0.41597536 0.37929431 0.5769999 -0.45185485 0.67078137 0.68225861 -0.39997527 0.3852109 0.6801008 -0.42770508 0.7003997 0.76746529 -0.49034786 0.37197396 0.76281083 -0.46887037 0.59694517 0.60365039 0.01387196 0.44856727 0.60281563 -0.01437938 0.62507778 0.70668107 -0.28257093 0.43394807 0.70813781 -0.25117344 0.6062122 0.84080309 -0.23786999 0.42854229 0.83978456 -0.21538392
0.65988618 0.57672769 -0.40274471 0.3793242 0.57403874 -0.43024004 0.67538011 0.67792648 -0.37147707 0.38390028 0.67590225 -0.38466761 0.70275885 0.76505882 -0.45221698 0.37129068 0.76062304 -0.40815759 0.59651262 0.60615903 0.01375023 0.44816822 0.60564101 -0.01431747 0.62477505 0.70693225 -0.26104033 0.43339217 0.70892411 -0.23938036 0.60687369 0.84100574 -0.20064585 0.42878398 0.8396911 -0.17702968
0.66301483 0.57060939 -0.42055959 0.37947872 0.56837791 -0.45837229 0.67864299 0.67533946 -0.40597814 0.3837488 0.67307591 -0.42806205 0.70238841 0.76505536 -0.48996311 0.37110218 0.76050127 -0.46339861 0.59621084 0.60691434 0.01310334 0.4488813 0.60533458 -0.01367524 0.62313116 0.70583922 -0.25136682 0.43738958 0.70801187 -0.2341101 0.60661995 0.84042108 -0.19808741 0.43120456 0.84053159 -0.17310528
0.66438782 0.56577653 -0.43558633 0.37975997 0.56449896 -0.47469792 0.67983848 0.67183346 -0.41604933 0.38515171 0.66904837 -0.44379774 0.70232874 0.76270092 -0.51359659 0.37109292 0.75871307 -0.48365834 0.59639281 0.60921878 0.01179623 0.44955769 0.60665053 -0.01241623 0.62330931 0.70691454 -0.34649977 0.43945566 0.70959216 -0.31182981 0.60656464 0.84032983 -0.17786206 0.43246272 0.84011275 -0.16416797
0.66462731 0.561176 -0.44115454 0.38241029 0.56116319 -0.48019075 0.68518448 0.66880167 -0.44467124 0.38535732 0.66787267 -0.45452785 0.70660889 0.76113862 -0.53288871 0.3707397 0.75986069 -0.4850435 0.596165 0.6086778 0.01139949 0.44945386 0.60599113 -0.01203101 0.62320709 0.70624256 -0.31328729 0.44199291 0.70949781 -0.27922913 0.606516 0.83989465 -0.18550383 0.43525502 0.84026653 -0.15727182
0.66415888 0.55812091 -0.44252858 0.38287786 0.55838186 -0.48317751 0.68538189 0.66796243 -0.46991068 0.38529432 0.66765201 -0.48037261 0.70667005 0.76039898 -0.56505007 0.37031603 0.76030105 -0.52318078 0.59493572 0.60827309 0.01138107 0.4488076 0.60587871 -0.01200251 0.6228556 0.70608294 -0.30196005 0.44199514 0.70959604 -0.27008653 0.60634655 0.83949965 -0.17273951 0.43703327 0.84019756 -0.14952844
0.66358876 0.55558312 -0.44806752 0.38355392 0.5560264 -0.48793995 0.68516767 0.66661745 -0.48437071 0.38539293 0.66565335 -0.49391931 0.70700747 0.75932539 -0.58039844 0.37034374 0.76078898 -0.5398069 0.59426832 0.60761243 0.01145733 0.44843304 0.60550296 -0.01207401 0.62334871 0.70571965 -0.30212256 0.44196567 0.70923561 -0.27964097 0.6057325 0.83954036 -0.18128562 0.43742511 0.84030479 -0.16622606
0.66397709 0.55493677 -0.45127285 0.38392177 0.5553512 -0.48944962 0.68456578 0.66584784 -0.48604274 0.38522643 0.66584849 -0.49572578 0.70721382 0.75792652 -0.58475071 0.37033123 0.75925273 -0.54741305 0.5937655 0.60744166 0.01131491 0.44811502 0.60523874 -0.01191184 0.62365085 0.70547235 -0.29354626 0.44220117 0.70899844 -0.27087221 0.60547715 0.83934277 -0.17954125 0.43803933 0.84019125 -0.16281578
0.66426533 0.55271995 -0.46657342 0.38577798 0.55210817 -0.49692252 0.68392682 0.66549671 -0.50081992 0.38524067 0.66381204 -0.50217468 0.70731074 0.75753659 -0.59762198 0.37031394 0.75723845 -0.55376101 0.59363419 0.60738158 0.01082226 0.44786611 0.60518861 -0.01143022 0.62332624 0.70486683 -0.33554274 0.44172192 0.70886362 -0.30781296 0.60519421 0.83920437 -0.18306014 0.43864113 0.84035504 -0.16886374
0.66546655 0.5515849 -0.49266577 0.38744837 0.5500508 -0.51253462 0.68372023 0.66515553 -0.52716666 0.38528696 0.66168696 -0.51121324 0.70706737 0.75783199 -0.62958795 0.37052912 0.75428981 -0.56667107 0.59413671 0.6073221 0.01061206 0.44770572 0.60494781 -0.011217 0.62352377 0.70367086 -0.37145206 0.44143805 0.70875633 -0.34555745 0.60512578 0.83916062 -0.20192179 0.43874648 0.84045082 -0.18979678
0.66661102 0.55181855 -0.72433019 0.38831615 0.54956412 -0.72010887 0.68360257 0.66544211 -0.74135 0.38569972 0.6611594 -0.69060785 0.7068128 0.75808567 -0.84173918 0.37079304 0.75275141 -0.77150548 0.59443825 0.60563666 0.01061476 0.44754761 0.60391051 -0.01115682 0.62426132 0.70259833 -0.56695461 0.4417392 0.70835203 -0.52072424 0.60503125 0.83932507 -0.26091915 0.43872973 0.84042984 -0.23244984
0.66838503 0.55154812 -0.59802061 0.390598 0.5463922 -0.69127071 0.68369269 0.66494709 -0.6049186 0.38747507 0.65918988 -0.58159691 0.70667744 0.75673676 -0.69994473 0.37151584 0.74792653 -0.60525072 0.59550673 0.60214734 0.01063033 0.44775829 0.60031021 -0.01117314 0.6241008 0.70134866 -0.42809924 0.4422965 0.70673263 -0.39646339 0.60496902 0.83937132 -0.24063981 0.43859935 0.84048641 -0.22390164
0.66916329 0.54928142 -0.52366066 0.39302275 0.54374772 -0.55641103 0.68372023 0.66345602 -0.54742891 0.38791692 0.65784436 -0.51060218 0.706545 0.75492102 -0.62058181 0.37213331 0.74508268 -0.53613919 0.59555078 0.5990659 0.01064334 0.44781086 0.59658933 -0.01118062 0.62419957 0.70004719 -0.3251968 0.4427869 0.70517731 -0.34104627 0.60495728 0.83935374 -0.22317716 0.43847913 0.84088218 -0.20884173
0.66892278 0.54544443 -0.51709688 0.39608613 0.53901464 -0.53844398 0.68362808 0.66142344 -0.53424811 0.38794428 0.65321553 -0.49677503 0.7055648 0.75071162 -0.59060133 0.37281072 0.74216676 -0.50811285 0.59551531 0.59693778 0.01076839 0.44969705 0.5948832 -0.01134121 0.62413561 0.69868463 -0.30421624 0.44338679 0.70513797 -0.30578029 0.60507286 0.83932364 -0.22500184 0.43843868 0.84125072 -0.20404856
0.66883647 0.54183322 -0.56870216 0.39679056 0.537341 -0.57862407 0.68234622 0.65934938 -0.55994487 0.3883186 0.64941961 -0.52100879 0.70547533 0.74724483 -0.59704173 0.37527737 0.73819566 -0.52361315 0.59617674 0.59652519 0.0108091 0.4536781 0.59507835 -0.01139927 0.62421536 0.69824755 -0.32611075 0.44330779 0.70810598 -0.31173593 0.60539258 0.83942801 -0.23330463 0.43806016 0.84157413 -0.19913523
0.66866088 0.53974026 -0.49418765 0.39668795 0.53689659 -0.5126164 0.68226612 0.65839422 -0.49790072 0.38873875 0.6489889 -0.47986829 0.70565224 0.7459299 -0.55399638 0.37632889 0.73535216 -0.49782279 0.59840935 0.59566242 0.01082046 0.45813903 0.5943746 -0.01141496 0.62833923 0.69807065 -0.264938 0.44295639 0.70852035 -0.26225564 0.60555071 0.83885759 -0.18137564 0.43799025 0.84185249 -0.16859512
0.66852188 0.53495991 -0.57306719 0.39654729 0.53363526 -0.59128875 0.68156081 0.65531814 -0.57154161 0.3893683 0.64709353 -0.55757499 0.70712394 0.74357897 -0.62128139 0.37644893 0.73515213 -0.58619308 0.59850931 0.59549326 0.01075582 0.45913276 0.59464037 -0.0113301 0.63079363 0.69808841 -0.37488747 0.44061977 0.70948565 -0.38297704 0.60585791 0.83850199 -0.20617607 0.43801257 0.84209251 -0.20442677
0.6689586 0.53271931 -0.56004906 0.39649662 0.53033853 -0.57383567 0.68152511 0.65409178 -0.53862888 0.38957652 0.64496809 -0.51729757 0.70898509 0.74114126 -0.58051854 0.37665716 0.73199058 -0.53278393 0.60008556 0.59374291 0.01076382 0.46126428 0.59381866 -0.01133705 0.63054574 0.69808984 -0.30334735 0.44023499 0.70820796 -0.30903378 0.60601974 0.83801013 -0.16458206 0.43803713 0.84206849 -0.16805507
0.66942686 0.52721423 -0.47580752 0.39634219 0.52499926 -0.49463636 0.68258244 0.64589298 -0.4689962 0.39000937 0.63894457 -0.45349604 0.71023339 0.73261362 -0.51998001 0.37656644 0.72859949 -0.47966483 0.60070425 0.59321564 0.00972654 0.46204567 0.59387493 -0.01037182 0.63027912 0.69754708 -0.24781395 0.43754679 0.70793551 -0.22202112 0.60601211 0.83726907 -0.14886884 0.43834761 0.84205335 -0.13740918
0.67154229 0.52168506 -0.46114612 0.39645442 0.51855552 -0.47810793 0.68403655 0.64080113 -0.46563071 0.39025909 0.62985355 -0.4512606 0.71012127 0.73038071 -0.51838583 0.37652317 0.72106463 -0.48409215 0.60132951 0.59185094 0.00906205 0.46410179 0.59274566 -0.00974545 0.63013929 0.69705755 -0.24285527 0.4374541 0.70443237 -0.23553643 0.60612887 0.83718431 -0.16017629 0.43832776 0.84205538 -0.14908545
0.67258149 0.51563716 -0.46370032 0.39631245 0.51043689 -0.4792529 0.68421727 0.63398618 -0.46454972 0.39024961 0.62008989 -0.44591686 0.7110942 0.72800452 -0.52084881 0.37534225 0.71375465 -0.48387548 0.60204256 0.58838052 0.00828422 0.46426111 0.58997077 -0.00900399 0.62721723 0.69662535 -0.23987506 0.43738556 0.70251358 -0.224178 0.60624123 0.83681577 -0.16066064 0.43846673 0.84204632 -0.15079364
0.67242277 0.50643182 -0.45394754 0.39625263 0.50026327 -0.47194755 0.68410671 0.61627215 -0.43817639 0.3893674 0.60558569 -0.41990143 0.70621061 0.71375352 -0.49467015 0.36698839 0.70038694 -0.45810407 0.60197157 0.58658659 0.00805115 0.46435532 0.58878988 -0.00877248 0.62666851 0.69616002 -0.24346231 0.4373945 0.70126683 -0.20639503 0.60648167 0.83539879 -0.15512665 0.43871769 0.84201926 -0.14668511
0.6720686 0.49924025 -0.45846215 0.39621955 0.49394459 -0.48050117 0.68340445 0.60421664 -0.43308133 0.38921502 0.59968126 -0.42237398 0.70623088 0.70453304 -0.47894099 0.36296794 0.69394124 -0.4581733 0.60193247 0.58467412 0.00797169 0.46428046 0.586483 -0.00868746 0.62486941 0.69638616 -0.22344418 0.43746191 0.70030636 -0.18304512 0.60655123 0.83511597 -0.15783152 0.43883938 0.84201217 -0.14545438
0.66966569 0.49131882 -0.45644492 0.39558154 0.48723307 -0.47975677 0.68064988 0.59181863 -0.43209058 0.38845894 0.59253573 -0.42254984 0.7054351 0.69347221 -0.48611867 0.35982019 0.68635952 -0.4604179 0.59985977 0.58388782 0.00801966 0.46394417 0.58546215 -0.00872014 0.62184316 0.69637245 -0.25746313 0.43747166 0.69754755 -0.18422779 0.6065492 0.83456898 -0.17180236 0.43887529 0.84172601 -0.16915549
0.66804343 0.48232564 -0.42855579 0.39255279 0.48191446 -0.46251768 0.67961198 0.58466083 -0.40200871 0.38767123 0.58989906 -0.40600395 0.70472652 0.68481702 -0.46607906 0.36119869 0.68837577 -0.45090634 0.59878731 0.58349735 0.00805934 0.46270499 0.58530706 -0.00873166 0.6209237 0.69606119 -0.25956488 0.43794632 0.69460553 -0.21362945 0.60653567 0.833911 -0.16057193 0.43900907 0.84166503 -0.16311966
0.6669367 0.46772337 -0.42442721 0.39178899 0.47105584 -0.45753643 0.67986286 0.57270944 -0.38955507 0.38644618 0.5817731 -0.39646634 0.7030673 0.67456591 -0.45691693 0.3628248 0.67907465 -0.44100204 0.59859848 0.58103752 0.00801189 0.46184435 0.58230817 -0.00864045 0.62031841 0.6960817 -0.26214412 0.43786904 0.69342911 -0.22420381 0.60652232 0.83367693 -0.13911225 0.43906012 0.84152716 -0.1551249 
0.66521037 0.45531633 -0.39624676 0.39172637 0.46234033 -0.4264102 0.68067753 0.56114715 -0.35779241 0.38524723 0.57372242 -0.36855155 0.70005882 0.65924418 -0.41582999 0.36849019 0.67070121 -0.41022408 0.59832388 0.57643932 0.00802014 0.46096027 0.57760608 -0.00863739 0.61986339 0.69432598 -0.25591895 0.43714908 0.69319612 -0.22561169 0.60641634 0.83340532 -0.13754395 0.43909448 0.84087521 -0.15702453
0.66407931 0.44575182 -0.37617528 0.39194158 0.45322362 -0.40414119 0.68115896 0.55281663 -0.33134505 0.38355526 0.56821454 -0.34136593 0.69851065 0.65077418 -0.37527394 0.37282744 0.66503024 -0.37718895 0.59822655 0.57216054 0.00802535 0.46088547 0.57358712 -0.00863348 0.6188463 0.69146132 -0.2637386 0.43765515 0.69276553 -0.23809335 0.60661769 0.83329105 -0.14154865 0.43915978 0.84060723 -0.18134506
0.66386676 0.43794718 -0.36765173 0.39265159 0.4427309 -0.3868362 0.68151879 0.54627526 -0.31914294 0.38126749 0.55512941 -0.31694552 0.69764996 0.6447022 -0.35972676 0.37409782 0.65136683 -0.34427094 0.59837139 0.57091397 0.00657107 0.46099478 0.5709312 -0.00710438 0.61442113 0.69083154 -0.25807369 0.43917233 0.68799549 -0.21501459 0.6066485 0.83291024 -0.14284617 0.43904275 0.84027684 -0.17721701
0.66381061 0.42927483 -0.34739789 0.39411941 0.43416378 -0.35929403 0.68153191 0.53737628 -0.29509503 0.37996304 0.54759401 -0.28360653 0.69777048 0.63626057 -0.33666161 0.37547874 0.64446872 -0.30959871 0.59961659 0.56962901 0.00254847 0.46205971 0.5694291 -0.00303507 0.6096589 0.68911719 -0.25229549 0.44005847 0.68852907 -0.20344773 0.60672796 0.83195299 -0.14520471 0.43843403 0.83976382 -0.16520669
0.66353875 0.42304203 -0.28914565 0.39470506 0.42759496 -0.30003765 0.68207675 0.53396481 -0.24756905 0.37877023 0.54236406 -0.23339488 0.69787216 0.63078558 -0.30240658 0.37541431 0.63830572 -0.27081755 0.60196275 0.57006854 -0.00297995 0.4631004 0.56980956 0.00255974 0.60602635 0.68495256 -0.26700243 0.44053227 0.68782061 -0.21070796 0.60693276 0.83122563 -0.18084036 0.43799621 0.83932251 -0.17217162
0.66350448 0.4156242 -0.28463361 0.3958936 0.41955382 -0.29710624 0.68311548 0.52775168 -0.23487468 0.37857381 0.5346781 -0.23446985 0.6980257 0.62514204 -0.28431696 0.37576994 0.62830818 -0.27615997 0.60558861 0.56901938 -0.00559226 0.46579781 0.56861299 0.00515748 0.60665852 0.68588996 -0.26598206 0.44065544 0.68810779 -0.1903318 0.60703331 0.83086944 -0.15106919 0.43814653 0.83769482 -0.11397518
0.66350859 0.40963653 -0.30280203 0.39702809 0.41132697 -0.30279273 0.68524253 0.52022511 -0.24422523 0.37869182 0.52595204 -0.23651922 0.69774228 0.61506432 -0.2687974 0.37575275 0.61865371 -0.2636103 0.6053614 0.56863141 -0.00953416 0.46654004 0.56766093 0.00896711 0.60730153 0.68860513 -0.15150446 0.4401103 0.68885678 -0.10961921 0.60704327 0.83092088 -0.02300601 0.43810433 0.83698571 0.00102446
0.66336542 0.40203175 -0.29435295 0.40004888 0.3997016 -0.28954071 0.68626845 0.51150429 -0.22535895 0.37883013 0.51332176 -0.22089523 0.69783056 0.60531175 -0.24800999 0.37588295 0.60780883 -0.25483894 0.60547256 0.56708127 -0.00984292 0.46711707 0.56623381 0.00927193 0.60778695 0.68867099 -0.15408671 0.4394407 0.68940264 -0.07034447 0.60718518 0.83095622 -0.02440703 0.43801197 0.83643907 0.03662656
0.66335994 0.39604443 -0.25681442 0.4030444 0.39231846 -0.25481495 0.68829578 0.50466847 -0.18725362 0.37892988 0.50334787 -0.18407467 0.6981371 0.59937602 -0.22362702 0.37585461 0.59761775 -0.22127171 0.60604942 0.56667751 -0.00984084 0.46711126 0.56569135 0.0093158 0.60733765 0.68883896 -0.16196266 0.43756673 0.69049484 -0.05916588 0.60739458 0.83097583 -0.0562491 0.4375709 0.83638483 0.02917418
0.66390467 0.38994715 -0.26001227 0.40543216 0.38534546 -0.26064509 0.68942481 0.49723947 -0.17250398 0.37899357 0.4929764 -0.17914854 0.69818944 0.59374404 -0.18044512 0.37517926 0.58912534 -0.20185338 0.60598016 0.56421393 -0.00922354 0.46699309 0.56297123 0.00870089 0.60485321 0.69018483 -0.00630208 0.43601698 0.69285858 -0.00119323 0.60755306 0.83106023 0.10234064 0.4375959 0.83614773 0.10887346
0.66333681 0.38386089 -0.2312645 0.40666354 0.37832212 -0.22343984 0.69036895 0.48971713 -0.13643436 0.37898913 0.48310378 -0.1392286 0.69929624 0.58605993 -0.14190984 0.37378508 0.58189732 -0.1634962 0.60594893 0.56211966 -0.0094202 0.4669334 0.56095159 0.00885949 0.60366744 0.69124097 0.01047151 0.4340353 0.69509232 0.0100266 0.60791564 0.83105075 0.12059469 0.43774796 0.83585924 0.12994078
0.66304928 0.37533721 -0.22191681 0.40729019 0.3732959 -0.19629863 0.69040841 0.48126999 -0.14329286 0.37818608 0.47738364 -0.11739421 0.69931108 0.58115375 -0.18282296 0.37248543 0.57569778 -0.15698485 0.60672915 0.56081605 -0.01225304 0.46668136 0.55966908 0.0116947 0.60262686 0.69151175 0.0096613 0.43318245 0.69523698 0.0317273 0.60818821 0.83107495 0.12628891 0.43829933 0.83559954 0.14960146
0.66270137 0.37182981 -0.20364168 0.40739551 0.36764732 -0.18820274 0.69033045 0.47868821 -0.1267544 0.37687707 0.47419077 -0.11466456 0.69849241 0.57561457 -0.17581965 0.37234426 0.57063162 -0.15296091 0.60879356 0.56144208 -0.0142002 0.46608931 0.56035399 0.01372804 0.60271007 0.69152659 0.00428695 0.4337703 0.69386578 0.06312528 0.60877568 0.83120602 0.12349818 0.43850908 0.83495754 0.189265 
0.66223407 0.36836433 -0.15837656 0.40717444 0.36666974 -0.15477183 0.68990499 0.47410396 -0.08851761 0.37562346 0.47219306 -0.09326959 0.69796395 0.5703252 -0.15903574 0.37190959 0.5670594 -0.13759367 0.60904515 0.56201148 -0.01370135 0.46458662 0.56107742 0.01323207 0.60177249 0.69214565 0.02273567 0.43450692 0.69303638 0.05416974 0.60991442 0.83137703 0.15380353 0.43852869 0.83481395 0.181187 
0.66213858 0.36567649 -0.13532051 0.40826342 0.36429816 -0.12508689 0.68957603 0.4713017 -0.07764088 0.37537584 0.46887204 -0.06956557 0.69796121 0.56445038 -0.15632834 0.37047282 0.56137663 -0.11910109 0.60898614 0.56214261 -0.01340657 0.46405461 0.55988097 0.01294708 0.60080206 0.69284284 0.02594264 0.43469375 0.69294244 0.03968301 0.61051035 0.83141589 0.14181136 0.43845099 0.83463943 0.15807661
0.66184944 0.36274105 -0.11488663 0.4090763 0.36154109 -0.10513998 0.68852335 0.46353877 -0.05335562 0.37432808 0.46543968 -0.04820212 0.69791913 0.55583978 -0.13624896 0.3658101 0.55622286 -0.104527 0.60895246 0.56208616 -0.01142681 0.46208793 0.55933553 0.01096006 0.60025108 0.69302976 0.03295793 0.43471906 0.69307536 0.03447094 0.61105913 0.8314361 0.14513257 0.43841618 0.83465737 0.14867352
0.6607917 0.3639386 -0.10798867 0.41011411 0.35932174 -0.09699523 0.68766356 0.46481407 -0.05314583 0.37353715 0.46320039 -0.04803922 0.69743562 0.5555051 -0.13500957 0.3631753 0.55302775 -0.10915404 0.6087321 0.56138593 -0.01007217 0.46027946 0.55825764 0.00961491 0.59982324 0.69318908 0.01897888 0.43448675 0.69311696 0.02151335 0.61119354 0.83146572 0.11962146 0.43765047 0.83456367 0.12731855
0.65945548 0.36403513 -0.09534113 0.41104692 0.35861433 -0.08686455 0.68686205 0.46356985 -0.0454974 0.37292811 0.4620457 -0.04231402 0.69733787 0.55348307 -0.12569553 0.36121124 0.55134004 -0.10651317 0.60746968 0.56028885 -0.00786519 0.45803669 0.55678278 0.00738794 0.59834182 0.69330084 0.01006822 0.43353653 0.69312537 0.01203719 0.61125118 0.8317163 0.10825838 0.43703914 0.83457094 0.10265749
0.6559791 0.3639316 -0.06506107 0.41138834 0.35865059 -0.05712729 0.68611264 0.46156016 -0.01482961 0.37240258 0.4614487 -0.01162429 0.69684887 0.55010992 -0.10393521 0.36002943 0.54927045 -0.08614997 0.60362208 0.55908835 -0.0058405 0.45591474 0.55570996 0.00532328 0.59630895 0.69334185 0.01386996 0.43314403 0.69313085 0.00709946 0.61141157 0.83173078 0.10001891 0.4369466 0.83458054 0.09545794
0.65468824 0.36610043 -0.07167796 0.41135204 0.35905048 -0.05753041 0.68365842 0.46425304 -0.01926174 0.37205854 0.4609867 -0.00751724 0.69512153 0.55186546 -0.10921335 0.35866055 0.54721963 -0.08167928 0.59931153 0.55881983 -0.00459816 0.45342016 0.5555259 0.00409714 0.59523088 0.69335175 0.01030635 0.43299276 0.69311053 0.00482665 0.61163229 0.83174771 0.09803838 0.43694443 0.8345893 0.09448321
0.6495223 0.36752847 -0.05340006 0.41131905 0.36009866 -0.05026862 0.68068463 0.46512422 -0.00256147 0.3715145 0.46143511 -0.00435531 0.69271004 0.55041981 -0.09797168 0.35800117 0.54676157 -0.08212883 0.59403563 0.55893505 -0.00291183 0.44967833 0.55580992 0.00241052 0.59375316 0.69349998 0.01420787 0.4328002 0.69318956 0.00292868 0.61163187 0.831918 0.09774438 0.43695077 0.83459401 0.09231275
6.45665526e-01 3.68054599e-01 -3.04402243e-02 4.10716087e-01 3.61074716e-01 -3.47936489e-02 6.77696824e-01 4.64076519e-01 2.03406624e-02 3.70641559e-01 4.61848944e-01 1.16137592e-02 6.90929532e-01 5.48525095e-01 -8.38405043e-02 3.57124358e-01 5.45073390e-01 -7.12411478e-02 5.92763841e-01 5.58474839e-01 -1.38307433e-03 4.47876811e-01 5.55803895e-01 8.66434944e-04 5.93805313e-01 6.93198800e-01 1.42132631e-02 4.32746440e-01 6.93194389e-01 2.24106188e-04 6.11640453e-01 8.32003891e-01 9.70779732e-02 4.37105477e-01 8.34599495e-01 7.86868781e-02
6.43290579e-01 3.68089139e-01 -2.84524299e-02 4.10350561e-01 3.61000329e-01 -2.60800794e-02 6.75588489e-01 4.63482022e-01 1.70756131e-02 3.69841427e-01 4.61717099e-01 2.13157237e-02 6.89455271e-01 5.48490167e-01 -9.57608372e-02 3.56397331e-01 5.43648720e-01 -6.51368424e-02 5.92860222e-01 5.57590485e-01 -1.44195999e-03 4.47374225e-01 5.55393815e-01 9.19910264e-04 5.93865037e-01 6.93250477e-01 1.32337613e-02 4.32710201e-01 6.93322420e-01 4.41845652e-04 6.11642897e-01 8.31949949e-01 9.53993946e-02 4.37132478e-01 8.34503174e-01 7.88918361e-02
6.42339289e-01 3.68428499e-01 -2.52194665e-02 4.09816891e-01 3.61489117e-01 -2.61110757e-02 6.75438285e-01 4.63509202e-01 2.48145666e-02 3.69151175e-01 4.61441875e-01 2.02243514e-02 6.88700199e-01 5.47541678e-01 -8.79112184e-02 3.55708182e-01 5.42725265e-01 -6.91012964e-02 5.92455328e-01 5.57445168e-01 -6.43879175e-04 4.46791291e-01 5.55392087e-01 1.01670143e-04 5.94822109e-01 6.93185866e-01 1.25007071e-02 4.32719409e-01 6.93431139e-01 -1.40475517e-03 6.11604393e-01 8.31927121e-01 9.01867598e-02 4.37256664e-01 8.34471047e-01 7.24777207e-02
6.41862631e-01 3.68812859e-01 -2.15595271e-02 4.09720689e-01 3.61760169e-01 -1.86188072e-02 6.74963295e-01 4.62865323e-01 2.56641209e-02 3.68135810e-01 4.60976511e-01 2.58778669e-02 6.87978208e-01 5.46804667e-01 -8.98030847e-02 3.55102301e-01 5.42333543e-01 -6.63672611e-02 5.92461050e-01 5.57197809e-01 -4.93481231e-04 4.46389914e-01 5.55167556e-01 -5.40857000e-05 5.95607042e-01 6.92885756e-01 1.05920937e-02 4.32791114e-01 6.93684638e-01 -7.77148828e-03 6.11605585e-01 8.31932664e-01 7.81459883e-02 4.37490016e-01 8.34504902e-01 6.16873279e-02
6.41861439e-01 3.69078010e-01 -2.12997030e-02 4.09689277e-01 3.61996591e-01 -1.23565113e-02 6.74981177e-01 4.63295668e-01 2.30304692e-02 3.67628485e-01 4.61143494e-01 3.33651491e-02 6.87305629e-01 5.47363043e-01 -9.40721408e-02 3.54873657e-01 5.42916059e-01 -6.00030534e-02 5.92482150e-01 5.57177484e-01 -5.14814747e-04 4.46018070e-01 5.55138290e-01 -3.15740472e-05 5.96373379e-01 6.92485452e-01 9.95584205e-03 4.32881713e-01 6.93706691e-01 -1.32277785e-02 6.11637592e-01 8.31948817e-01 7.27145746e-02 4.37662154e-01 8.34793448e-01 5.76285198e-02
6.41681254e-01 3.69230866e-01 -1.78228952e-02 4.09724146e-01 3.62223625e-01 -9.68393497e-03 6.75000250e-01 4.63826060e-01 2.13293005e-02 3.67441684e-01 4.61358368e-01 3.11781876e-02 6.86529219e-01 5.48479199e-01 -9.74677727e-02 3.54905158e-01 5.43555021e-01 -6.56137690e-02 5.92454195e-01 5.57015121e-01 -5.30590536e-04 4.45914894e-01 5.54989278e-01 -1.44880660e-05 5.96597552e-01 6.92079127e-01 7.90723227e-03 4.32874799e-01 6.93712652e-01 -1.60775129e-02 6.11655056e-01 8.31998765e-01 6.67418912e-02 4.37668264e-01 8.35201383e-01 5.33132404e-02
6.41707718e-01 3.69391888e-01 -1.69985909e-02 4.09872591e-01 3.62383962e-01 -8.11165106e-03 6.74887538e-01 4.64063048e-01 1.94048099e-02 3.67386669e-01 4.61480021e-01 2.94317733e-02 6.85911357e-01 5.49100816e-01 -9.91731137e-02 3.54949057e-01 5.44334412e-01 -6.89937845e-02 5.92404485e-01 5.56653261e-01 -5.46472496e-04 4.45945740e-01 5.54459512e-01 2.05158972e-06 5.96620798e-01 6.91803634e-01 7.48552289e-03 4.32843328e-01 6.93747520e-01 -1.60123687e-02 6.11596644e-01 8.31990838e-01 6.43187091e-02 4.37673479e-01 8.35277259e-01 5.34810014e-02
6.41692877e-01 3.69533360e-01 -1.98250618e-02 4.10238951e-01 3.62504959e-01 -5.71163511e-03 6.74837828e-01 4.63731259e-01 1.63780507e-02 3.67337018e-01 4.61539805e-01 3.32129113e-02 6.85803056e-01 5.49083650e-01 -1.01809360e-01 3.54995042e-01 5.44877052e-01 -6.44113719e-02 5.92473567e-01 5.56575179e-01 -8.93621822e-04 4.46005851e-01 5.54392934e-01 3.46238347e-04 5.96735120e-01 6.91673517e-01 7.02131074e-03 4.32783008e-01 6.94155574e-01 -1.30727021e-02 6.11520350e-01 8.31801176e-01 6.79603741e-02 4.37678397e-01 8.35260093e-01 5.85055985e-02
6.41811073e-01 3.69647682e-01 -2.35434622e-02 4.10485119e-01 3.62592250e-01 -7.66274566e-03 6.74836755e-01 4.63808209e-01 1.33568002e-02 3.67332131e-01 4.61593568e-01 3.09651662e-02 6.85742199e-01 5.49073100e-01 -1.10636286e-01 3.55025828e-01 5.45253634e-01 -6.57238066e-02 5.92719972e-01 5.56523681e-01 -1.31538743e-03 4.46187228e-01 5.54407299e-01 7.64896162e-04 5.96907377e-01 6.91547692e-01 7.18700141e-03 4.32672620e-01 6.94485903e-01 -9.76135768e-03 6.11509621e-01 8.31645191e-01 7.32463971e-02 4.37680483e-01 8.35222781e-01 6.52343035e-02
0.64190942 0.3697435 -0.02561681 0.41056961 0.3626529 -0.00975331 0.67484599 0.4639397 0.01179428 0.36733627 0.4616071 0.02914805 0.68564713 0.54919207 -0.12131212 0.35508808 0.54549819 -0.06706265 0.59323907 0.55654132 -0.00184548 0.44648683 0.55443358 0.0013068 0.59706074 0.69151789 0.00826644 0.4326039 0.69478798 -0.00584685 0.61150724 0.83145273 0.08344836 0.43767485 0.83518636 0.07758646
0.64198613 0.36982375 -0.027696 0.41062266 0.3627018 -0.0122804 0.67483544 0.46397865 0.01126464 0.36734104 0.46161759 0.02824635 0.68558192 0.5493409 -0.12287242 0.3551051 0.54563212 -0.06559326 0.59374261 0.55652118 -0.00224754 0.44664803 0.55444926 0.00171096 0.59715277 0.69149661 0.00823018 0.43254191 0.69501895 -0.00479348 0.61150545 0.83130294 0.08687244 0.43766794 0.83517438 0.0815244 
0.64204717 0.36986452 -0.0289872 0.41061887 0.36273751 -0.01433568 0.67484766 0.46424979 0.01027947 0.36735049 0.46166107 0.0271814 0.68555301 0.54941976 -0.12237067 0.35512286 0.54569584 -0.06493304 0.59406406 0.5565303 -0.00242978 0.44680089 0.55449706 0.00189207 0.5971806 0.69145775 0.0079882 0.43250948 0.69517416 -0.00479785 0.61150825 0.83120579 0.08640203 0.43764764 0.8351742 0.08111072
0.64209414 0.36992893 -0.02953251 0.41060895 0.36276749 -0.01567147 0.674824 0.46433818 0.00954884 0.36736569 0.46170869 0.026843 0.68547374 0.54953539 -0.12187017 0.35515922 0.54572242 -0.06260275 0.59444153 0.55663109 -0.00265157 0.44695929 0.55470252 0.00211982 0.59744626 0.69145691 0.0078119 0.43248278 0.69532466 -0.00390981 0.61150575 0.83117604 0.08673022 0.43763095 0.83517379 0.08330228
0.64211315 0.36992913 -0.03017764 0.41051993 0.36279908 -0.01649879 0.67480022 0.46436188 0.0091051 0.36737975 0.46172228 0.02782467 0.68539268 0.54992265 -0.1184232 0.35519108 0.54577136 -0.05853115 0.5945012 0.55699265 -0.00280803 0.44699469 0.55500734 0.00228548 0.59790808 0.6915403 0.00766039 0.43243244 0.69570357 -0.00221326 0.61144406 0.83117032 0.08799225 0.43760967 0.83518243 0.08730024
0.6420871 0.36996612 -0.03104317 0.41028658 0.36315119 -0.01785457 0.67480469 0.46441191 0.00868265 0.36756304 0.46196568 0.02722953 0.68536687 0.55041069 -0.11443286 0.35541946 0.54586959 -0.05702334 0.59481519 0.55751175 -0.00289551 0.44706511 0.55541682 0.00238329 0.59826511 0.69157159 0.00783603 0.43245226 0.69571692 -0.0008624 0.61137938 0.83115172 0.09128379 0.43760777 0.83518821 0.09064547
0.64204133 0.37012359 -0.03116477 0.41020435 0.36370033 -0.02121646 0.67480594 0.46445569 0.00852489 0.36781603 0.46269834 0.02385761 0.68520558 0.55056959 -0.11586723 0.35567138 0.54595077 -0.0651001 0.59516293 0.55812943 -0.00290336 0.4471806 0.55586535 0.00240005 0.5986771 0.69156986 0.01025422 0.4326368 0.69563198 0.00242627 0.61135471 0.83113736 0.10067112 0.43761763 0.83521962 0.09816699
0.64200103 0.37021735 -0.03086107 0.41009074 0.36394742 -0.02142517 0.67480791 0.46449229 0.00849462 0.36803138 0.46309519 0.02252463 0.68511307 0.55056202 -0.11643457 0.35572776 0.54597008 -0.0711738 0.59529996 0.55844319 -0.00287967 0.44726139 0.55595273 0.00238688 0.59886497 0.69155663 0.01193728 0.43289539 0.69556457 0.00331305 0.61140293 0.83113772 0.10384847 0.43760273 0.83524013 0.10058516
0.64200789 0.37026852 -0.02626633 0.4100821 0.36398247 -0.02067127 0.67482895 0.46446773 0.00888429 0.36843544 0.46315709 0.0203291 0.68511212 0.55018622 -0.11834032 0.35584667 0.54599029 -0.08066501 0.59534335 0.55850261 -0.00264413 0.44747239 0.55595863 0.00217117 0.59890378 0.6914956 0.01209861 0.43319845 0.69540519 0.00307386 0.61145061 0.83117104 0.10213085 0.43756044 0.83524233 0.09883481
0.64202583 0.37044182 -0.02614236 0.41007447 0.36399981 -0.02132647 0.67483175 0.4644599 0.00873405 0.36892393 0.46319756 0.01410301 0.68510622 0.54999661 -0.11944146 0.35596961 0.54598832 -0.08945447 0.59535605 0.55872399 -0.0024755 0.44760635 0.55607265 0.0020208 0.59897828 0.69143599 0.01265977 0.43326175 0.69540226 0.0036424 0.61154497 0.83122283 0.10142781 0.43751606 0.83524156 0.09836741
0.64209801 0.37065285 -0.02663156 0.41006988 0.3641609 -0.02178068 0.67481154 0.4644756 0.00659178 0.36928898 0.46333048 0.01052879 0.68510282 0.55007267 -0.12463606 0.35600278 0.54596782 -0.0930735 0.59538203 0.55883723 -0.00247692 0.44775873 0.55613238 0.00202338 0.59900498 0.69127536 0.01234587 0.43328393 0.69537729 0.00350116 0.61162901 0.83122897 0.09762899 0.43747291 0.83518386 0.09661701
0.64221317 0.37140411 -0.03041334 0.41019806 0.36448076 -0.02500233 0.67481357 0.46482313 0.00108573 0.36968052 0.46342686 0.00479007 0.68517733 0.55037302 -0.12924947 0.35611618 0.54600334 -0.09906972 0.59540856 0.55903459 -0.00247856 0.44799173 0.55621803 0.00202565 0.59901625 0.69122624 0.01228635 0.43328482 0.69534045 0.00356503 0.61175919 0.83122361 0.09612995 0.4374128 0.83508563 0.09526476
0.64230818 0.37181094 -0.03336525 0.41027501 0.36462161 -0.02626183 0.6748268 0.46507996 -0.00366505 0.36995274 0.46368268 0.00208535 0.68555397 0.55074775 -0.13317436 0.35634857 0.54653704 -0.10285383 0.59542948 0.55903524 -0.00240597 0.44816294 0.55621237 0.00195023 0.59886634 0.69107413 0.01150575 0.43327546 0.69511694 0.00197076 0.6118691 0.83124644 0.08816682 0.43735915 0.83506519 0.08399291
0.64231783 0.37187588 -0.03402403 0.41021925 0.36477175 -0.02717153 0.67473263 0.46511057 -0.0069194 0.37035525 0.46436071 0.00139245 0.68579334 0.55081755 -0.14130989 0.35646042 0.54704773 -0.10346432 0.59543985 0.55911607 -0.00241854 0.44839996 0.55636311 0.00196572 0.59871411 0.69105154 0.01192995 0.43325341 0.69488263 0.00220118 0.61193424 0.83126819 0.09061311 0.43729618 0.8351143 0.08590145
0.64207458 0.37184447 -0.03518608 0.40985087 0.36507863 -0.02795686 0.67397469 0.46518365 -0.00961742 0.37062657 0.46513525 0.00193025 0.68583542 0.5509125 -0.14599214 0.3564803 0.54776412 -0.10121955 0.59549439 0.55911201 -0.00259267 0.44861791 0.5563966 0.00214647 0.5984754 0.69100219 0.01188366 0.43323365 0.69470483 0.00218359 0.61196059 0.83129293 0.09062537 0.43714118 0.83530647 0.08609525
0.64186734 0.37181905 -0.03717838 0.40946496 0.36513132 -0.02917109 0.67339379 0.4653582 -0.01012344 0.37075016 0.46539375 0.00237905 0.68591362 0.5513522 -0.14402798 0.35651058 0.54814136 -0.09984761 0.59551144 0.55911255 -0.00278251 0.4488225 0.5564146 0.0023347 0.59842259 0.69099945 0.01174252 0.43322277 0.69469392 0.00215523 0.61196613 0.83130908 0.09061348 0.43704718 0.83540589 0.08615582
0.6412158 0.37165979 -0.03895368 0.4090552 0.36510292 -0.02963684 0.67262411 0.46541688 -0.00964065 0.37075996 0.46544844 0.00308442 0.68598992 0.55182636 -0.14373171 0.35653383 0.54859 -0.09129731 0.59554237 0.55905759 -0.00331337 0.44905797 0.55639648 0.00286279 0.59839171 0.69102836 0.0112427 0.43320054 0.69472212 0.00234805 0.61196709 0.83134454 0.09064132 0.4369798 0.8354463 0.08808282
0.64048767 0.37110773 -0.04061985 0.40868869 0.3650721 -0.03236045 0.67164034 0.46519035 -0.00926958 0.37071964 0.46544379 0.0029085 0.68636882 0.55188549 -0.1398128 0.35652396 0.54919404 -0.08705772 0.59556168 0.55900502 -0.00358361 0.44927409 0.55639994 0.00312512 0.59838694 0.69115955 0.01104815 0.43318051 0.69477016 0.00226803 0.61195987 0.83137035 0.09055534 0.43684727 0.83545905 0.08816515
0.63922834 0.36935651 -0.04932707 0.40784514 0.36460823 -0.0404962 0.67036462 0.46466234 -0.01079739 0.37069753 0.46534511 -0.00403776 0.68710995 0.55221182 -0.13333656 0.35645366 0.55017918 -0.08765691 0.59558016 0.55865461 -0.0038606 0.44967425 0.55637282 0.00337692 0.59832048 0.6913045 0.01007727 0.43317866 0.69488406 0.0021683 0.61195153 0.83147663 0.08568678 0.43679062 0.83546942 0.08671566
0.63755435 0.36738691 -0.05312192 0.40522304 0.36460689 -0.0442057 0.668378 0.46429625 -0.01255672 0.37063983 0.46539581 -0.00489392 0.68739617 0.55243242 -0.13515568 0.35644436 0.55184627 -0.08773422 0.59559357 0.55849677 -0.00417288 0.44978276 0.55657327 0.00368599 0.59812725 0.69171184 0.0137071 0.43319866 0.69540715 0.00853928 0.61198694 0.83168048 0.09717225 0.43678194 0.83544284 0.10464639
0.63626784 0.36578101 -0.05943839 0.40346837 0.36454901 -0.04606594 0.6682719 0.46330205 -0.01973206 0.36998361 0.46561432 -0.00683293 0.68850291 0.55243379 -0.13939388 0.35633504 0.5532214 -0.08809152 0.59571123 0.55812562 -0.0043159 0.45004809 0.55656701 0.00382236 0.59733075 0.69189435 0.01356697 0.43332011 0.69546372 0.00907487 0.61200625 0.83181381 0.09687132 0.43660343 0.83545023 0.10408773
0.63581586 0.36506507 -0.06572574 0.40176806 0.36442751 -0.05263682 0.66831869 0.46318251 -0.02372195 0.36919895 0.46561533 -0.01163565 0.6896168 0.55243689 -0.1394901 0.35620689 0.55364102 -0.08874185 0.59570742 0.55798507 -0.00433583 0.45009559 0.5565685 0.00384061 0.59525514 0.69246167 0.01503039 0.43342051 0.69560581 0.01051042 0.61200804 0.83186126 0.10025425 0.43633682 0.83543593 0.10870899
0.63585562 0.3651168 -0.09556644 0.39838874 0.36415842 -0.07186335 0.66833955 0.46417925 -0.05343507 0.36870033 0.46592915 -0.02653716 0.69027388 0.55453491 -0.1616699 0.35617092 0.55560744 -0.10334376 0.59569329 0.55798608 -0.00612351 0.45004433 0.55662388 0.00562075 0.59471375 0.69307095 0.01514432 0.43334901 0.69636053 0.02817007 0.61200958 0.83186537 0.10692025 0.43615279 0.83515233 0.12929687
0.63589525 0.36461622 -0.10887413 0.39521292 0.36387643 -0.09070741 0.66837561 0.46478432 -0.06140187 0.36789426 0.46668777 -0.04261636 0.69002366 0.55585068 -0.16600102 0.35619208 0.55697048 -0.12017909 0.59553355 0.55803955 -0.00747377 0.44952548 0.55673712 0.00696706 0.59470206 0.69379961 0.01762719 0.43259603 0.69758505 0.04454589 0.61201179 0.8318857 0.12184646 0.43612397 0.83423638 0.15533189
0.63633621 0.36473674 -0.110307 0.39311635 0.3637614 -0.09279487 0.6682955 0.46732399 -0.06435614 0.36680546 0.46763316 -0.04431727 0.69000518 0.55869049 -0.17050511 0.35609651 0.55839747 -0.12312154 0.59553808 0.55800354 -0.0080227 0.4490523 0.55675632 0.00753095 0.59533262 0.69396824 0.01748703 0.43172318 0.69883466 0.04333483 0.61197644 0.8320123 0.12124257 0.43611792 0.83383358 0.14941506
0.63710642 0.3650009 -0.11813801 0.39083007 0.36384279 -0.09937448 0.66852558 0.47112224 -0.07051754 0.36579269 0.46996364 -0.048641 0.69005215 0.56450641 -0.17881343 0.35636625 0.56163603 -0.12832363 0.59551275 0.55886251 -0.00959013 0.44866624 0.55785102 0.00912261 0.59773195 0.69458562 0.01746289 0.43040854 0.70017117 0.06304699 0.61199516 0.83207005 0.12213802 0.43615261 0.83357716 0.18029137
0.63779151 0.36506405 -0.1826008 0.38902757 0.36484328 -0.16231599 0.66862381 0.47440293 -0.12295144 0.36517802 0.47476369 -0.10643498 0.69006711 0.56990844 -0.21044819 0.35697427 0.56816143 -0.17576592 0.59587747 0.55943859 -0.0143241 0.44866258 0.55869704 0.01390422 0.60029078 0.69494808 0.0160298 0.42934895 0.70049644 0.08748844 0.61198777 0.83207506 0.12032646 0.43629944 0.83331668 0.20904671
0.63949561 0.36677223 -0.18244074 0.38840646 0.36780679 -0.17455798 0.67003345 0.47830111 -0.11619882 0.36408758 0.47981679 -0.12301245 0.69000667 0.5730927 -0.19937813 0.35724851 0.57410407 -0.18976136 0.59672141 0.56169838 -0.01608297 0.44885153 0.56131804 0.01570289 0.60365766 0.69552767 0.01599936 0.42883489 0.70084053 0.09395118 0.61208552 0.83211696 0.11896135 0.43677345 0.83326441 0.20892307
0.64123106 0.37158588 -0.25161549 0.38828978 0.37183151 -0.24695328 0.67056566 0.48349926 -0.17206271 0.36355641 0.48376581 -0.19108322 0.69000757 0.58037853 -0.2257116 0.35795692 0.57900125 -0.24827318 0.59614801 0.56417507 -0.01763709 0.44887966 0.56323361 0.01727337 0.60593832 0.69586122 0.01895528 0.42797065 0.70109081 0.08835956 0.61208564 0.83215922 0.12902862 0.43744934 0.83340734 0.19261661
0.6433512 0.37621626 -0.29123116 0.3866885 0.37855121 -0.27954248 0.67194003 0.48946822 -0.21585377 0.36297518 0.49438688 -0.22558065 0.69092357 0.59048247 -0.26928037 0.35889769 0.59161288 -0.29799354 0.59611893 0.56886125 -0.02393588 0.4490701 0.56795251 0.02372703 0.60697663 0.69814497 0.02312648 0.42679024 0.70322609 0.13075313 0.61189801 0.83220541 0.15383147 0.4379859 0.83341104 0.25819615
0.64714146 0.38868764 -0.2940037 0.38628259 0.39056176 -0.292698 0.67242974 0.50137794 -0.23092356 0.36287171 0.5057689 -0.24138288 0.69080842 0.59847963 -0.28581077 0.35935703 0.60597765 -0.30686578 0.59687161 0.57451975 -0.0234827 0.45036462 0.57268834 0.02329534 0.60717636 0.69831812 0.01093257 0.42633528 0.70372766 0.1087748 0.61158317 0.83220917 0.11108806 0.43881965 0.83341426 0.18613961
0.6492036 0.39995426 -0.31371242 0.38652247 0.39873922 -0.31215179 0.67324591 0.51112568 -0.24530476 0.36325219 0.51336873 -0.25600451 0.69062757 0.6080395 -0.28307688 0.35944489 0.61640805 -0.30915013 0.59613174 0.57311112 -0.0231197 0.449911 0.57132429 0.02294684 0.60723662 0.69826168 -0.00541994 0.42775047 0.70359838 0.08565108 0.61091632 0.83239007 0.04558787 0.43879718 0.83380008 0.08519986
0.64917171 0.41269833 -0.32655886 0.38613543 0.41309115 -0.34107047 0.67344874 0.52207053 -0.26872921 0.36325994 0.52481759 -0.29115269 0.69031495 0.62262422 -0.29760507 0.3591685 0.6300925 -0.32691669 0.59520918 0.57389599 -0.01728497 0.44960466 0.57201535 0.01708188 0.60732424 0.69805795 -0.04875746 0.42882892 0.7035054 0.0617426 0.61063349 0.83277184 -0.02619643 0.43803969 0.8350426 0.03482971
0.65071833 0.4292697 -0.3354578 0.38504535 0.43139857 -0.38162956 0.67301226 0.53337485 -0.26292345 0.36366537 0.53720009 -0.31414333 0.68945229 0.62710983 -0.28274611 0.3597382 0.63488889 -0.33024502 0.59330553 0.57349426 -0.00688527 0.44870394 0.57147288 0.00658086 0.60666943 0.69348198 -0.06706451 0.42931682 0.70116019 0.03278274 0.60965616 0.83281595 -0.08447321 0.43646532 0.83588308 -0.03105162
0.65353113 0.45041445 -0.38369015 0.38172066 0.45323884 -0.42188972 0.67365098 0.55674231 -0.32258111 0.36302412 0.56218272 -0.33811939 0.68982148 0.65295571 -0.33391604 0.3606132 0.65564954 -0.33472654 0.59048611 0.57158828 -0.00411476 0.44786045 0.57121193 0.00361284 0.60667157 0.68862951 -0.07276606 0.42962733 0.69584638 0.02369222 0.60965526 0.83282173 -0.10748104 0.43635097 0.83622104 -0.05553626
0.65481311 0.47040048 -0.42731792 0.37845257 0.47462761 -0.47021157 0.67365587 0.57890475 -0.37724718 0.36271948 0.58548337 -0.39897075 0.68860292 0.67054069 -0.39446813 0.3624413 0.67576194 -0.39447561 0.58687538 0.57126158 0.00368117 0.44522423 0.57074744 -0.00432412 0.61912203 0.68970549 -0.10256933 0.42672932 0.69585639 -0.05793323 0.61010385 0.83288699 -0.11835649 0.43639237 0.83808172 -0.0835252 
0.65459949 0.48720863 -0.44403535 0.37823462 0.49099338 -0.50093329 0.67196745 0.59646004 -0.40202186 0.3625876 0.60645926 -0.43558434 0.68641353 0.68208772 -0.43495771 0.36214626 0.69522417 -0.42381629 0.58707052 0.57217759 0.00681074 0.4448173 0.57258093 -0.00741761 0.62328726 0.68842626 -0.08327362 0.42570478 0.69615734 -0.05948096 0.61013895 0.83230436 -0.08614261 0.43702838 0.83809453 -0.05694844
0.65335333 0.50501126 -0.47896931 0.37808418 0.50741261 -0.53269398 0.66716111 0.6261273 -0.45599416 0.36255819 0.62225187 -0.49190566 0.68643308 0.71509111 -0.49455261 0.35907716 0.71076733 -0.48184165 0.58520293 0.57455647 0.00769019 0.44233015 0.57269216 -0.00828903 0.62152994 0.6845215 -0.09542845 0.42304489 0.69446772 -0.07450495 0.61079556 0.83231467 -0.09801304 0.43689671 0.83814889 -0.04784463
0.65211803 0.52535272 -0.49464807 0.37763569 0.53055644 -0.5355134 0.66600657 0.64913493 -0.47766051 0.36618778 0.64086181 -0.50261933 0.68751478 0.73623341 -0.51097971 0.35732737 0.7275995 -0.50416046 0.58543324 0.57551706 0.00754884 0.44009921 0.57297492 -0.00820264 0.62055898 0.68184268 -0.08395151 0.42121226 0.69313991 -0.07749848 0.61080772 0.83232325 -0.08443323 0.43699947 0.83811492 -0.02135113
0.65089339 0.54664302 -0.49953058 0.37774685 0.55219823 -0.54305542 0.65225333 0.67075908 -0.50882298 0.3661311 0.67263663 -0.54365277 0.68572295 0.75461507 -0.5545637 0.35758045 0.763322 -0.56064242 0.58387125 0.57382095 0.00880597 0.43233949 0.5721274 -0.00965018 0.62020582 0.68267494 -0.07646468 0.42103001 0.68912119 -0.07212338 0.61080647 0.83232683 -0.07448615 0.4369438 0.83599913 -0.00393628
0.64684606 0.57191879 -0.47038248 0.379244 0.58004212 -0.50735122 0.65066987 0.68444741 -0.48037645 0.37082851 0.69155818 -0.50079942 0.68099803 0.7688902 -0.54044646 0.3631354 0.78728694 -0.53324026 0.58319789 0.56235057 0.00835246 0.43332303 0.56194854 -0.00910546 0.6195243 0.68169212 -0.09683969 0.41798067 0.68761122 -0.11926351 0.61077684 0.8334285 -0.06417503 0.43692863 0.83766961 -0.03472898
0.63344157 0.57786632 -0.49961847 0.37409428 0.58989245 -0.53372973 0.64595485 0.68086505 -0.48211834 0.35327074 0.67990482 -0.49582836 0.67427987 0.76054519 -0.56135219 0.34085581 0.75406206 -0.55359286 0.56904942 0.55818772 0.01163166 0.42092898 0.5590567 -0.01229879 0.61153013 0.67707771 -0.09889084 0.41064972 0.68530399 -0.11830444 0.61031616 0.83416349 -0.07945544 0.43545601 0.83911115 -0.04734521
0.63358742 0.58645469 -0.47906685 0.37369162 0.58500761 -0.509112 0.65188104 0.67748284 -0.41027915 0.32143044 0.65823728 -0.37031743 0.67732412 0.74232274 -0.52206481 0.33108491 0.73530847 -0.34779626 0.56868279 0.55857372 0.01130291 0.42356157 0.55888337 -0.01192675 0.59909701 0.68571627 -0.09087964 0.40922967 0.68374246 -0.09115354 0.61008728 0.83433563 -0.11846209 0.43510911 0.83931154 -0.06659575
0.64308017 0.58851314 -0.46595073 0.37117264 0.58587641 -0.49347219 0.65830636 0.68182749 -0.38032609 0.31687748 0.65819424 -0.34834135 0.68183255 0.74082595 -0.47187996 0.32504871 0.73167789 -0.34225279 0.56947911 0.55970669 0.01083662 0.42127028 0.5593099 -0.01146232 0.59535915 0.6891607 -0.0825085 0.40607262 0.68464947 -0.07860151 0.60939807 0.83496737 -0.10326872 0.4345738 0.83935362 -0.04925561
0.64898789 0.58687937 -0.4554953 0.37143362 0.58422691 -0.47936034 0.66414493 0.68089747 -0.38129428 0.32589731 0.67197686 -0.36107391 0.68924981 0.74399811 -0.44803604 0.32888132 0.74002367 -0.37293759 0.57052594 0.55887312 0.01059383 0.4229643 0.55909568 -0.01119388 0.59558064 0.68928528 -0.07754932 0.40725091 0.68528229 -0.07155996 0.6089071 0.83564645 -0.09226511 0.43457049 0.8389315 -0.02917336
0.65028208 0.58141506 -0.45201868 0.37156895 0.58119458 -0.4781366 0.66462296 0.67800707 -0.40406945 0.33292684 0.68217671 -0.41158688 0.6916939 0.7487967 -0.48267686 0.33057418 0.74987888 -0.46049514 0.57517445 0.56128186 0.01041141 0.42357394 0.56145281 -0.01101956 0.60604221 0.68515819 -0.1115969 0.4079099 0.68540412 -0.12379725 0.6086998 0.83701485 -0.12117323 0.43457302 0.8389014 -0.08505876
