0.51270747 0.49005896 0.21274526 0.3901493 0.50885022 0.4757432 0.55938846 0.55427963 0.10525783 0.38839513 0.5696156 0.44592136 0.54861426 0.61385483 0.03762287 0.37723467 0.5900718 0.31483465 0.52487552 0.59516853 -0.07348462 0.42397684 0.60664278 0.07349702 0.48492041 0.59876746 -0.48677057 0.33437133 0.57925987 -0.143976 0.52973264 0.64439994 -0.71654004 0.44200858 0.61050493 -0.47042221
0.49008134 0.484108 -0.15331693 0.41771433 0.49379531 0.23036544 0.53508508 0.54783922 -0.17189722 0.428193 0.56328022 0.33686006 0.52919054 0.61401057 -0.20984279 0.40142792 0.60180825 0.22044751 0.51185346 0.60688591 -0.141469 0.43827301 0.604743 0.14174785 0.40990695 0.59924531 -0.51808989 0.33963251 0.56411749 -0.05388229 0.43251556 0.65092319 -0.46543965 0.39319074 0.63482517 -0.26990563
0.48672724 0.48005214 -0.08994566 0.42035362 0.4962979 0.25598726 0.51200175 0.54487729 -0.13737987 0.4401255 0.55744356 0.32738468 0.53534901 0.61129504 -0.13110524 0.45053539 0.59599549 0.26197273 0.5184316 0.59763807 -0.10202239 0.44777527 0.60147983 0.10226802 0.45697296 0.55328768 -0.48013067 0.34729481 0.55802763 -0.14984244 0.44758961 0.58509803 -0.63357264 0.42367941 0.57817447 -0.4124606 
0.48694837 0.48368087 -0.02424821 0.42166391 0.49413183 0.31751856 0.51356 0.54717118 -0.10187919 0.45434648 0.55284369 0.38076618 0.52425998 0.61133999 -0.11635841 0.43821654 0.60569364 0.32700109 0.52240151 0.59390509 -0.08636325 0.4553012 0.60127228 0.08657514 0.48707145 0.54497015 -0.44895577 0.39202043 0.57176912 -0.13378774 0.46883979 0.60384727 -0.69559735 0.45480028 0.61063236 -0.43643478
0.49602976 0.48407346 -0.06437548 0.42088616 0.49435386 0.26604456 0.51342893 0.54792434 -0.11890873 0.4427703 0.55416828 0.33303928 0.52485234 0.61365581 -0.11017072 0.43655625 0.60885203 0.27671576 0.52504027 0.59356612 -0.08299322 0.45916063 0.6013214 0.08320583 0.50391746 0.55113435 -0.44067511 0.3939549 0.57186139 -0.13632819 0.47395769 0.60390317 -0.59835863 0.4597694 0.6113081 -0.41364652
0.49116686 0.48279065 -0.04830187 0.42232373 0.49425045 0.29951572 0.49882263 0.54844654 -0.11786139 0.44824558 0.55231571 0.34940585 0.49711755 0.61227202 -0.10504205 0.45154327 0.59806246 0.29040113 0.52721983 0.59222341 -0.08030294 0.46604237 0.59944546 0.0804207 0.51008391 0.55810934 -0.40665558 0.40478978 0.57065278 -0.17562461 0.49210358 0.6075207 -0.63099355 0.47061238 0.61364675 -0.52950865
0.48601991 0.48273197 -0.06168582 0.4286842 0.4943336 0.34569919 0.50738853 0.54906166 -0.12788297 0.45060661 0.55481935 0.39271355 0.51020211 0.61311853 -0.10070299 0.46126726 0.60554051 0.34896082 0.52053839 0.59153593 -0.10356251 0.4688634 0.59805924 0.10355916 0.51334637 0.5482012 -0.3975144 0.4079394 0.56425869 -0.02790582 0.5070256 0.60151356 -0.59906411 0.46498489 0.60747892 -0.40954727
0.4963589 0.48484188 -0.08928891 0.42801693 0.49440679 0.3018668 0.51635921 0.55062538 -0.14674968 0.4473258 0.555592 0.35057241 0.52394867 0.61528081 -0.14041843 0.4460685 0.60724902 0.29006818 0.52287734 0.59110135 -0.10388512 0.46783343 0.59729928 0.10388071 0.51484191 0.56483102 -0.45147461 0.41586003 0.57459468 -0.05310686 0.51463318 0.61603719 -0.65512848 0.46095836 0.61937356 -0.31157786
0.50174886 0.48511365 -0.09927157 0.42583543 0.4947601 0.26346076 0.52328938 0.55001467 -0.15396187 0.44181666 0.55666721 0.32864696 0.53069383 0.61478657 -0.126293 0.44042274 0.60667121 0.26008463 0.5243786 0.59137905 -0.09642383 0.46614948 0.59685123 0.09643255 0.51793063 0.57335627 -0.40543237 0.4137612 0.57721937 -0.08524677 0.5181542 0.62746042 -0.38881573 0.45930207 0.62504381 -0.26926813
0.49662092 0.48300073 -0.21854904 0.42512 0.49348885 0.18802828 0.52111083 0.5495792 -0.26885045 0.43946356 0.55472386 0.27284819 0.5261662 0.61353916 -0.23140447 0.43678585 0.60303062 0.18278763 0.52230859 0.59100497 -0.10411005 0.46679345 0.59322482 0.1039788 0.50117117 0.57509875 -0.21936534 0.41726142 0.57985663 0.09823477 0.52269065 0.63154143 -0.09413282 0.45958507 0.63196909 0.12944645
0.49599746 0.48243418 -0.17865315 0.42492032 0.49281174 0.23795313 0.52221328 0.54960841 -0.22489844 0.43849799 0.55422509 0.30646357 0.52577662 0.61330378 -0.18739484 0.43467772 0.60227507 0.22914936 0.52290261 0.59083658 -0.1017346 0.46654731 0.592852 0.10163154 0.50418711 0.5762403 -0.28410718 0.41404203 0.58024526 0.01962376 0.52460164 0.629758 -0.23189691 0.4586466 0.63084954 -0.06021442
0.49490684 0.48155579 -0.14259765 0.4256708 0.49221173 0.26958528 0.51691109 0.550331 -0.18236122 0.44286528 0.55411732 0.33871555 0.51396501 0.61122566 -0.12384183 0.43377703 0.60121906 0.26104409 0.52354091 0.59002978 -0.1005826 0.46868324 0.59197611 0.10056165 0.50631291 0.57656062 -0.29954574 0.42284778 0.58070159 -0.06098153 0.5249896 0.63003939 -0.33233488 0.46692139 0.63348997 -0.09308209
0.49570918 0.4808746 -0.11690384 0.42528385 0.4917385 0.27770686 0.51946068 0.5517422 -0.15990978 0.44354209 0.55354613 0.34437108 0.51100242 0.60941452 -0.11448555 0.43330386 0.60046738 0.26083311 0.52365386 0.58899176 -0.09975121 0.46858573 0.59162879 0.09976935 0.5098753 0.57849121 -0.38208169 0.42076394 0.58073699 -0.11484579 0.52842206 0.63239729 -0.40987393 0.46748498 0.63473338 -0.27765483
0.4947955 0.48045036 -0.08542068 0.42610303 0.49214348 0.31322917 0.51560098 0.55094546 -0.13180092 0.44654551 0.55391777 0.3678121 0.50947779 0.6095261 -0.08285226 0.4332827 0.60025871 0.29185086 0.52374113 0.58798349 -0.10239667 0.47084454 0.59158969 0.10236803 0.51599264 0.57317328 -0.39940244 0.42204145 0.57889867 -0.11143413 0.53871882 0.61819088 -0.51659036 0.46758401 0.62729383 -0.30992621
0.49551713 0.48099938 -0.07944259 0.42616692 0.49205124 0.302766 0.51754123 0.54978728 -0.1282019 0.44663492 0.55398202 0.35653213 0.51926494 0.61060309 -0.08356401 0.4329091 0.60075116 0.29126585 0.52386963 0.58740145 -0.10123295 0.47007754 0.59156764 0.10118981 0.52130109 0.57005048 -0.44683859 0.41982007 0.57258898 -0.13247661 0.53693336 0.61582893 -0.55754155 0.46637791 0.62127393 -0.37563676
0.49634835 0.4803305 -0.05821379 0.42618364 0.49162707 0.3135471 0.51852256 0.54834664 -0.09975639 0.44719654 0.55331403 0.35961202 0.51959097 0.61089897 -0.04853284 0.4325828 0.60046762 0.29305416 0.52541238 0.58539963 -0.09975754 0.46964186 0.59016305 0.09970831 0.52847326 0.5716309 -0.48959148 0.41851658 0.56966281 -0.17373779 0.5326516 0.61778909 -0.57619178 0.46690276 0.62451857 -0.40952069
0.49692327 0.47986004 -0.0781085 0.42691711 0.49093685 0.29182506 0.51931489 0.54750627 -0.12366894 0.44798288 0.55213106 0.34601784 0.52744883 0.61088401 -0.08346092 0.43241662 0.5993343 0.27559686 0.52758253 0.58379108 -0.09934372 0.47044984 0.58852005 0.09928985 0.53127491 0.57214379 -0.47845492 0.428298 0.57170326 -0.22040129 0.53317147 0.62120956 -0.51481438 0.47914439 0.62875503 -0.40778643
0.49356547 0.47725645 -0.11527343 0.42776719 0.49084151 0.29032156 0.51209277 0.54806596 -0.16141513 0.45000619 0.5513649 0.34458235 0.50091106 0.60909635 -0.12198576 0.43302304 0.59641689 0.2561425 0.52776384 0.57890862 -0.10207427 0.47461361 0.58304924 0.10201246 0.52768505 0.57781351 -0.45485032 0.44405076 0.57253629 -0.18408018 0.53371572 0.62215543 -0.4609673 0.49042505 0.63181335 -0.38976187
0.49147475 0.47313482 -0.02497215 0.42653936 0.49058464 0.34402013 0.51187748 0.54370058 -0.09157757 0.44466034 0.55011821 0.38518518 0.49127531 0.59778482 -0.08533364 0.43306029 0.58950198 0.29777873 0.52672929 0.57662714 -0.10118054 0.47368509 0.58142012 0.10113342 0.51446819 0.57943165 -0.43785715 0.44069141 0.56686699 -0.18224812 0.51656622 0.6316725 -0.48672074 0.48453256 0.63455665 -0.3808912 
0.49180648 0.47321749 -0.04641268 0.42649096 0.48891962 0.33673289 0.51212007 0.54213226 -0.10628437 0.4418571 0.54806024 0.379985 0.49918455 0.60000026 -0.0935626 0.43200704 0.59047377 0.29023826 0.5261122 0.57588446 -0.10199868 0.47339991 0.58065039 0.10199159 0.51114792 0.57905877 -0.43591619 0.43797582 0.56545287 -0.16861321 0.50924999 0.63153476 -0.48313972 0.48326868 0.63426572 -0.3637563 
0.49207395 0.47223786 -0.06153511 0.42667094 0.48660693 0.31661925 0.51249892 0.54097533 -0.11964842 0.4431434 0.54489982 0.3654913 0.5102948 0.60049176 -0.11508068 0.43264335 0.58829874 0.28270707 0.52782178 0.57219946 -0.10256591 0.4740881 0.57631904 0.10258358 0.50185555 0.56820321 -0.4452104 0.4260006 0.55730605 -0.17357004 0.50106651 0.62431449 -0.48233712 0.47067487 0.62759197 -0.3671082 
0.49251506 0.47036883 -0.08398971 0.42665794 0.4855544 0.28504905 0.52417636 0.53526586 -0.19553626 0.44185066 0.54365665 0.33971837 0.49242482 0.57226843 -0.24973634 0.45264834 0.57895511 0.24553703 0.52860326 0.57242668 -0.10711338 0.4813295 0.57629675 0.10721899 0.49068424 0.56959331 -0.26517016 0.43711898 0.56088167 -0.04875547 0.49470544 0.63180125 -0.28515914 0.47229341 0.62834984 -0.18953334
0.49258044 0.46944389 -0.10402359 0.42662498 0.48442107 0.28096053 0.52764815 0.53435606 -0.20563185 0.44091889 0.54334897 0.33535081 0.49546078 0.57784146 -0.23479746 0.45090175 0.58381206 0.2496015 0.52866888 0.57091647 -0.11070013 0.48011583 0.57538289 0.11080451 0.48364258 0.56382263 -0.316962 0.42932183 0.56229991 -0.04534467 0.46763203 0.63141978 -0.38395339 0.44864824 0.6263147 -0.20109069
0.49867034 0.46920806 -0.10799917 0.42651159 0.48480749 0.25174135 0.52690625 0.53437692 -0.18963003 0.43701738 0.54438096 0.29683307 0.50588578 0.57938522 -0.21450047 0.44112289 0.58571124 0.20787925 0.53285003 0.57015502 -0.10953481 0.4800297 0.57547611 0.10959814 0.49086079 0.55660534 -0.40849331 0.42109606 0.56142193 -0.09850154 0.4725306 0.63119417 -0.46501392 0.44098142 0.62710559 -0.24897936
0.49932414 0.46665657 -0.06073839 0.42557359 0.48485327 0.25337458 0.54125816 0.52714711 -0.18004403 0.43547329 0.54464853 0.31005678 0.5064435 0.55607224 -0.2452442 0.44525668 0.58334225 0.22510652 0.53273416 0.56694108 -0.10853319 0.47934553 0.57367152 0.10859564 0.492993 0.54725236 -0.42890361 0.41739693 0.55830598 -0.10123025 0.47082412 0.62171727 -0.56445909 0.43738148 0.62392175 -0.28893253
0.50195068 0.46653885 -0.06955971 0.42520344 0.48516884 0.26328513 0.53536785 0.53074765 -0.14851107 0.43474269 0.54508036 0.31074542 0.5215553 0.58436078 -0.15067434 0.43852344 0.58780777 0.22857532 0.53469688 0.56613743 -0.10033759 0.47892377 0.57296115 0.10046412 0.49495459 0.55452824 -0.43166399 0.41826376 0.55982399 -0.13527885 0.4716737 0.62248915 -0.51344478 0.44226804 0.62204474 -0.31205383
0.50177091 0.46553132 -0.07369323 0.42530775 0.48466903 0.2644231 0.52878499 0.53200448 -0.15097307 0.43490764 0.54513824 0.31023419 0.51062876 0.58716869 -0.15278348 0.44722819 0.59097314 0.22829577 0.53452384 0.56468415 -0.10101688 0.48039794 0.57121831 0.10112251 0.48340759 0.56232184 -0.33188015 0.42162964 0.56273037 -0.05227474 0.47926569 0.62635231 -0.33908018 0.45237529 0.62291354 -0.17138767
0.4971987 0.46257728 -0.09363268 0.4255735 0.4823117 0.26416501 0.52191526 0.53173494 -0.17601076 0.44435239 0.5450002 0.29855675 0.49148983 0.58563352 -0.18743972 0.45055917 0.59098732 0.21341558 0.53413934 0.56225294 -0.1034452 0.4818303 0.56808853 0.10355815 0.4816266 0.56252223 -0.34011698 0.42289895 0.56005156 -0.05363225 0.47872061 0.62045801 -0.32862675 0.45776275 0.61812472 -0.17279492
0.50262207 0.45974633 -0.04899516 0.42593226 0.48222855 0.27861843 0.52183354 0.52857077 -0.13270037 0.44089249 0.54442173 0.30471188 0.49430931 0.58153021 -0.15943873 0.44269645 0.59039879 0.21593268 0.53965533 0.55777806 -0.0992542 0.48421887 0.56594282 0.09924369 0.49069124 0.55720443 -0.35227385 0.42658517 0.56072795 -0.06207182 0.49039793 0.61743617 -0.37795934 0.46066749 0.6165188 -0.17020835
0.51017785 0.46007413 -0.07989632 0.42616326 0.48278353 0.24141416 0.52270114 0.52946973 -0.1407243 0.43972707 0.54587197 0.27523506 0.50078452 0.58849925 -0.15793972 0.44459644 0.59357923 0.1982494 0.55067521 0.55746543 -0.0904014 0.4898814 0.56598598 0.09027497 0.50548458 0.552535 -0.40978405 0.42919597 0.56111896 -0.07062142 0.50629324 0.6146211 -0.35307056 0.47680256 0.6135053 -0.13579212
0.51640528 0.46058097 -0.07968958 0.42587745 0.48269811 0.243249 0.52151108 0.53023714 -0.15289359 0.4348774 0.54590338 0.27468547 0.50823075 0.59143609 -0.18619421 0.44461995 0.59551322 0.20687531 0.55468458 0.55681956 -0.08442992 0.49111587 0.56521589 0.08439257 0.52807635 0.56552815 -0.41586685 0.42922911 0.56519693 -0.1690682 0.54212481 0.62295943 -0.37758732 0.47566992 0.62156767 -0.25750116
0.5233146 0.46029004 -0.10099583 0.4258756 0.48179081 0.22079788 0.52111769 0.53015172 -0.16186163 0.43308538 0.54495549 0.25220543 0.51068813 0.59120947 -0.17253904 0.44245827 0.59527773 0.17575242 0.55805844 0.55498213 -0.08699481 0.49593207 0.56325823 0.08698993 0.525217 0.5578602 -0.41038528 0.41878098 0.56373531 -0.14776145 0.52750933 0.62113559 -0.38491172 0.45135337 0.62164944 -0.25298169
0.52732736 0.45939904 -0.16503675 0.42583933 0.48041657 0.15797144 0.52114201 0.52967083 -0.21776998 0.42905638 0.543127 0.2036318 0.52377272 0.59155154 -0.21836305 0.42538512 0.58877289 0.12755533 0.55808103 0.55412954 -0.08860649 0.49668184 0.56268287 0.08859318 0.53140086 0.55755723 -0.41202462 0.41750163 0.56781965 -0.08765199 0.56299847 0.62126011 -0.34606034 0.42255503 0.6358937 -0.08444508
0.52874899 0.45922121 -0.15481336 0.42571944 0.47899947 0.16453782 0.52284414 0.52860057 -0.21717177 0.42790991 0.53798652 0.20293951 0.52333701 0.58927804 -0.22990927 0.42065534 0.58298808 0.1204674 0.55804545 0.55260557 -0.0895618 0.49643177 0.56179619 0.08955121 0.5310542 0.54494041 -0.45243004 0.41476506 0.56774753 -0.08413914 0.54728693 0.61446154 -0.41053185 0.4189505 0.63557416 -0.10294216
0.52968341 0.45653439 -0.20358659 0.42589793 0.47856703 0.12257803 0.52418464 0.52647871 -0.25807419 0.4278636 0.53577721 0.17290889 0.52990735 0.59042567 -0.2610217 0.42125353 0.58045673 0.09871432 0.55915475 0.55111331 -0.09017978 0.49552301 0.56277221 0.09016719 0.52825326 0.54332298 -0.52057374 0.40343586 0.57433838 -0.09837785 0.54584581 0.61435372 -0.42342839 0.41548702 0.64335155 -0.06028037
0.5296452 0.45638692 -0.24949129 0.42669854 0.47764105 0.0764811 0.52466452 0.52604586 -0.2894749 0.42827421 0.53520209 0.13120584 0.53257596 0.59117764 -0.28119102 0.42069766 0.5798285 0.04969247 0.55840975 0.55190694 -0.09082872 0.49484065 0.56332821 0.09077562 0.5268355 0.53960645 -0.48031712 0.39963835 0.5727278 -0.09895787 0.54067463 0.61169821 -0.30229908 0.41397509 0.64025313 -0.02070495
0.52898294 0.45662484 -0.26726103 0.42730501 0.4760296 0.07275467 0.52547097 0.52627146 -0.30496976 0.42859313 0.53366339 0.12811305 0.5351817 0.5933305 -0.29005948 0.42160994 0.57884693 0.0457908 0.55907083 0.55169237 -0.09302979 0.49758571 0.56031352 0.09291241 0.5271188 0.54730225 -0.46921116 0.39939246 0.57541317 -0.11310983 0.53997266 0.61449009 -0.26749107 0.41429478 0.64284176 -0.02452937
0.52761012 0.45610619 -0.2882944 0.42887101 0.47438523 0.06622338 0.52642643 0.5260514 -0.33722198 0.4286719 0.52997822 0.11902095 0.53409946 0.59038609 -0.33009857 0.42255193 0.57608104 0.03645862 0.55886132 0.55084884 -0.09788122 0.49966884 0.55881637 0.09776605 0.52767503 0.54704791 -0.47351769 0.40237227 0.57831085 -0.11031891 0.54294282 0.61465961 -0.27615175 0.41453487 0.64736408 -0.00129885
5.28782248e-01 4.53965247e-01 -2.48258919e-01 4.29690897e-01 4.73280728e-01 1.07636370e-01 5.27717292e-01 5.25450945e-01 -2.96558261e-01 4.28877741e-01 5.27412295e-01 1.59137547e-01 5.34628451e-01 5.91193855e-01 -2.89884984e-01 4.21227068e-01 5.74319422e-01 7.93417692e-02 5.60323477e-01 5.49661398e-01 -9.97026339e-02 5.02755761e-01 5.58073997e-01 9.95844826e-02 5.26610792e-01 5.35962284e-01 -5.15978396e-01 4.02655929e-01 5.76608717e-01 -8.26499015e-02 5.40350914e-01 6.13515794e-01 -3.74466538e-01 4.16541606e-01 6.44781649e-01 3.36087018e-04
0.53098255 0.45313108 -0.22509527 0.43047857 0.47273806 0.12143589 0.52981478 0.52535754 -0.27823752 0.4289214 0.52809882 0.17120604 0.53311759 0.59117579 -0.27436173 0.42080662 0.57319087 0.08862695 0.56247509 0.5481624 -0.09965872 0.50456142 0.55723923 0.09954394 0.53105444 0.5328055 -0.5189653 0.40346184 0.57604384 -0.08947558 0.53944767 0.61264771 -0.42781326 0.41718531 0.64452988 -0.044981 
0.5303275 0.45162132 -0.26700118 0.43107292 0.4709751 0.10136915 0.53103918 0.52308071 -0.32212371 0.42904344 0.52628356 0.15666237 0.53642738 0.59114426 -0.32654426 0.42098105 0.5722028 0.07240267 0.56352919 0.54423118 -0.10478451 0.50409913 0.55748838 0.10474692 0.52975386 0.53685343 -0.49605757 0.40374663 0.57627547 -0.08635432 0.5307672 0.62673676 -0.36668399 0.41790497 0.64572132 0.00237721
0.5299803 0.44850069 -0.18044336 0.43152836 0.46907425 0.18403563 0.53126401 0.51888514 -0.24108042 0.42913276 0.52418214 0.23052487 0.53655851 0.58852106 -0.24488625 0.42133644 0.57144189 0.15648487 0.5649575 0.54185909 -0.10395686 0.5070079 0.55604476 0.10391008 0.54957187 0.53884494 -0.58308631 0.40405419 0.57630044 -0.05579882 0.55825496 0.62178534 -0.61108339 0.41754165 0.64582306 -0.03032308
0.52988064 0.44638351 -0.25861958 0.43170094 0.46547025 0.12383644 0.53216106 0.51623052 -0.29995322 0.42917049 0.52192491 0.18234453 0.53768289 0.58646053 -0.28576738 0.42166388 0.56848246 0.09250531 0.5642941 0.53982705 -0.10534208 0.5048545 0.55448478 0.10527398 0.56358677 0.55325431 -0.4785271 0.40581194 0.57703596 -0.04649137 0.59063709 0.62311226 -0.33898869 0.41747752 0.64685124 0.02380105
0.52990538 0.44395673 -0.29910579 0.43206733 0.4633722 0.09470551 0.53267735 0.51499474 -0.3405419 0.42950088 0.51930112 0.15848142 0.53810865 0.58447874 -0.31630901 0.42189938 0.56747621 0.0649292 0.56392449 0.54011881 -0.11267862 0.5042327 0.55300695 0.11256628 0.56135362 0.57963336 -0.44036081 0.40590918 0.58051813 -0.01765273 0.60738885 0.65197313 -0.31368181 0.41620588 0.64901894 0.11440926
0.53028619 0.44271758 -0.32121342 0.4327336 0.46170262 0.0824969 0.53273851 0.51361829 -0.36453563 0.43066141 0.51752925 0.14880185 0.53935564 0.58170158 -0.34186056 0.42201051 0.56716275 0.06082335 0.56395954 0.53942269 -0.11706492 0.50354791 0.55160528 0.11696965 0.56193936 0.57827556 -0.4084824 0.41017523 0.58350796 0.01433784 0.63117594 0.65566498 -0.31272396 0.41560882 0.64946091 0.1492838 
0.53012472 0.44015449 -0.34064618 0.43364021 0.4598819 0.06884173 0.53260714 0.51207936 -0.38273779 0.43123108 0.51545626 0.13704753 0.53895575 0.58014971 -0.36108199 0.42204013 0.56658489 0.05242081 0.5641129 0.53855991 -0.11996317 0.50501436 0.55002367 0.11988939 0.56478012 0.58646625 -0.36608729 0.41124627 0.58304536 0.01539325 0.63814759 0.66346371 -0.25854254 0.41480669 0.65062243 0.16039722
0.53002018 0.43810454 -0.3875733 0.43468815 0.45805436 0.0418375 0.53258485 0.50961697 -0.43251038 0.4319146 0.51404375 0.11173078 0.53881007 0.57842427 -0.42558837 0.4222858 0.56567985 0.02441412 0.56563681 0.53814447 -0.12842228 0.50832582 0.54872054 0.12839551 0.56194305 0.59002823 -0.32511118 0.41383496 0.58062166 0.10454968 0.64085734 0.66346151 -0.21885705 0.41501716 0.65005547 0.28742394
0.52999592 0.43774402 -0.39907679 0.43617082 0.45532414 0.03562003 0.53276944 0.50811571 -0.45025459 0.43352127 0.51221144 0.10381095 0.53991848 0.57571131 -0.44399157 0.4258194 0.56407291 0.01514978 0.56661534 0.53803837 -0.129713 0.51092631 0.54750103 0.12969494 0.56958073 0.59265578 -0.33393294 0.41540363 0.57824701 0.09184198 0.64309394 0.66780686 -0.2144759 0.41424778 0.64955872 0.28925449
0.5304932 0.43710628 -0.41615278 0.4377282 0.45225772 0.02440156 0.53312165 0.50674105 -0.46640781 0.4350782 0.51042342 0.0913844 0.54061294 0.57238781 -0.46318254 0.42702058 0.56207383 -0.00496366 0.56724316 0.53696388 -0.13253516 0.50990349 0.54514039 0.13252571 0.58063841 0.60726398 -0.2835786 0.41750386 0.57774538 0.11275476 0.64585435 0.68146557 -0.16329969 0.41448075 0.65079635 0.33378997
0.53045148 0.43528953 -0.44600016 0.43934539 0.44928214 -0.01613443 0.53378892 0.50556958 -0.50261158 0.43655148 0.50790286 0.04975645 0.54036522 0.57099718 -0.50842011 0.42727095 0.55909038 -0.03703023 0.56834596 0.53510982 -0.1326203 0.50977433 0.54214787 0.13259012 0.58187455 0.60667574 -0.28260598 0.4245221 0.57702518 0.15445045 0.6472494 0.68332642 -0.17526315 0.4145565 0.65132034 0.38632765
0.53038949 0.43234837 -0.44644362 0.44100189 0.44504228 -0.01100987 0.53388041 0.50335294 -0.49488598 0.43931288 0.5048992 0.05767183 0.54014367 0.57006514 -0.49020782 0.43107784 0.55678093 -0.01751405 0.56951302 0.53181589 -0.1334708 0.51009852 0.53800446 0.13344499 0.59325868 0.60627848 -0.26130575 0.43122563 0.57647359 0.21031326 0.64784008 0.68756288 -0.19030637 0.41463771 0.65181696 0.43014577
0.53058612 0.43007603 -0.47989643 0.44170225 0.44296873 -0.04345447 0.53397435 0.5005272 -0.5274964 0.44134575 0.50258464 0.02396242 0.53998202 0.56851673 -0.52335954 0.43371907 0.55689251 -0.04775419 0.57387394 0.52987826 -0.13390106 0.51280719 0.53610837 0.13387813 0.59420097 0.60646129 -0.24949658 0.43523398 0.57647496 0.23052473 0.64664841 0.68708885 -0.15442124 0.41421402 0.65196776 0.47432172
0.53057784 0.42766565 -0.50780016 0.443142 0.44013268 -0.0579875 0.53394753 0.4968228 -0.55648828 0.44255382 0.50022364 0.01891841 0.53935891 0.56667912 -0.55439049 0.43615609 0.55567235 -0.04836426 0.57371473 0.52672905 -0.13497329 0.51475829 0.5321846 0.13492364 0.59970671 0.61091512 -0.18065894 0.44006485 0.57712781 0.22181913 0.64832425 0.6897015 -0.08332805 0.414224 0.65327126 0.45125437
0.5323022 0.42623556 -0.54550314 0.44613802 0.43729129 -0.10396855 0.53396302 0.49409169 -0.58882642 0.44491124 0.49714607 -0.02551254 0.53929871 0.56464058 -0.58111054 0.4409374 0.55424315 -0.0939846 0.57494444 0.52377433 -0.13550343 0.51471156 0.52751052 0.13550995 0.59896499 0.61079192 -0.17113219 0.44506457 0.57755667 0.29255784 0.64758223 0.68995374 -0.06511524 0.41425323 0.65411472 0.56209564
0.53562498 0.42246738 -0.5060519 0.44980097 0.4346821 -0.07219467 0.53473175 0.49007592 -0.5504815 0.44942155 0.49361232 -0.00324031 0.53924543 0.56150758 -0.53438497 0.44730517 0.54932594 -0.07617424 0.57499844 0.5218119 -0.13485634 0.51428604 0.52520096 0.13486077 0.60035717 0.60966104 -0.18003611 0.44681683 0.57890934 0.25997263 0.64769238 0.69017786 -0.0841831 0.41459027 0.65438354 0.49719295
0.5375089 0.41841376 -0.51581478 0.45303577 0.43021584 -0.08341274 0.53616083 0.48587924 -0.55878502 0.45374766 0.48921606 -0.01828234 0.53963143 0.55558944 -0.54515034 0.45849255 0.54533315 -0.0926938 0.57595253 0.51610237 -0.13414539 0.51729906 0.52029872 0.13414708 0.59918398 0.60830969 -0.18412206 0.45128459 0.58174706 0.26139507 0.64692688 0.68949866 -0.10214678 0.41466495 0.65577388 0.47896242
0.54136443 0.4168106 -0.50689733 0.45548916 0.42714688 -0.08012133 0.54014426 0.48146108 -0.54589295 0.45715576 0.48536316 -0.00986968 0.53958291 0.5519793 -0.52874202 0.45880786 0.54174727 -0.08917297 0.57557219 0.51556599 -0.13391681 0.51860154 0.51908559 0.13391733 0.60011297 0.60698754 -0.16773744 0.45541131 0.58378232 0.26643491 0.64656484 0.68886048 -0.08212896 0.4158271 0.65579587 0.46738195
0.54165256 0.41397142 -0.49909955 0.45939812 0.42473382 -0.06953123 0.54243797 0.47798273 -0.53851652 0.46449256 0.48229799 -0.00561916 0.53671074 0.54638171 -0.5203886 0.46203575 0.53871232 -0.09398589 0.57532924 0.5152725 -0.13410866 0.5200668 0.51675016 0.13409691 0.59939545 0.60577482 -0.18931955 0.45833507 0.58354509 0.25759092 0.64616436 0.68935263 -0.11361697 0.41700345 0.6554777 0.43948773
0.54587293 0.41075453 -0.51125425 0.4618181 0.42299062 -0.08254813 0.54560298 0.47588366 -0.55531991 0.46548697 0.48080841 -0.01670028 0.53672338 0.54277933 -0.54836315 0.46675795 0.53729856 -0.11584518 0.5753091 0.51397485 -0.13518079 0.52067405 0.51635581 0.13518065 0.59910089 0.6042335 -0.20554045 0.46656117 0.58355212 0.26542225 0.64602327 0.68913215 -0.13316928 0.41853416 0.65534616 0.44696099
0.54983276 0.40794656 -0.5376541 0.4646866 0.42109501 -0.11149612 0.54712564 0.47281259 -0.58092904 0.46576163 0.47745383 -0.03708782 0.53695434 0.53685296 -0.58225924 0.46336532 0.53393912 -0.12969641 0.57522362 0.51292741 -0.1370896 0.52094901 0.51497954 0.1370641 0.5982247 0.60272616 -0.20975639 0.47212729 0.5832389 0.28590035 0.64596909 0.68869388 -0.13983713 0.42024511 0.65472454 0.48938158
0.5524869 0.40767404 -0.52038908 0.46957138 0.41970688 -0.08836444 0.5488627 0.47161523 -0.57268333 0.46746165 0.47656152 -0.01685189 0.53698015 0.53307855 -0.56753021 0.46232581 0.53269517 -0.1152126 0.57279068 0.51375282 -0.14041868 0.52088344 0.51575881 0.14038758 0.59484595 0.60216099 -0.21135627 0.47512636 0.58973479 0.24665067 0.64597303 0.68863231 -0.13949659 0.42038417 0.65481299 0.39285624
0.55625206 0.40792325 -0.52053404 0.47391927 0.41969591 -0.07966785 0.55042934 0.47214836 -0.57915705 0.4736155 0.47658536 -0.01051166 0.53858805 0.53133649 -0.57621425 0.46297419 0.53224534 -0.10612231 0.56998086 0.51439261 -0.14227703 0.52067137 0.5162552 0.14227374 0.5925315 0.60181499 -0.21130724 0.47826624 0.58979529 0.2185957 0.64564085 0.6886546 -0.13310146 0.4203251 0.6547187 0.37592137
0.56148028 0.40854269 -0.53692335 0.48001862 0.41920808 -0.10111061 0.55135781 0.47211549 -0.59415561 0.47653785 0.47568506 -0.02203383 0.53944165 0.52840281 -0.60446787 0.46220326 0.53000301 -0.12764356 0.56762624 0.51373518 -0.14215428 0.51819205 0.51497668 0.14213268 0.59415293 0.60054839 -0.20562983 0.47806188 0.58989513 0.21543734 0.64539748 0.68866265 -0.12132522 0.42026985 0.65523982 0.3897748 
0.56770343 0.40827864 -0.52735555 0.48654801 0.41899914 -0.09045007 0.55499512 0.47020209 -0.59165657 0.47669208 0.47526473 -0.01788845 0.54154932 0.52574784 -0.61319429 0.46170142 0.5295648 -0.12578748 0.56667721 0.51331884 -0.14255534 0.51812339 0.51466841 0.14253691 0.59433472 0.59978133 -0.24733208 0.47525302 0.58906186 0.14682613 0.6456961 0.68953842 -0.18578438 0.41813359 0.65778565 0.27895671
5.72145104e-01 4.08887446e-01 -5.36630690e-01 4.94641393e-01 4.18783695e-01 -8.65388960e-02 5.57954192e-01 4.71236140e-01 -5.99412620e-01 4.81158912e-01 4.74804282e-01 6.70158712e-04 5.44704020e-01 5.26136875e-01 -6.17666543e-01 4.61969376e-01 5.29932737e-01 -1.19161069e-01 5.66065967e-01 5.13651431e-01 -1.44202471e-01 5.18865466e-01 5.15176713e-01 1.44183308e-01 5.93616307e-01 5.98437428e-01 -2.56512254e-01 4.75582838e-01 5.88578105e-01 1.11207791e-01 6.46079898e-01 6.89509153e-01 -1.87596276e-01 4.15572882e-01 6.58727348e-01 2.33534664e-01
0.57779759 0.40887108 -0.53185225 0.50261974 0.41896179 -0.08593218 0.56380361 0.47137725 -0.58780187 0.48491544 0.47564223 0.00802348 0.54663789 0.52510351 -0.60888648 0.46261632 0.52928394 -0.11326516 0.56542367 0.51363409 -0.14351308 0.51877499 0.51514292 0.14349543 0.59282506 0.59844416 -0.25410551 0.47879982 0.58947021 0.13943319 0.64749789 0.69013304 -0.19908671 0.4141866 0.65973252 0.27156037
0.58412665 0.40886223 -0.51227897 0.51452476 0.41842836 -0.05849968 0.5674969 0.47140309 -0.58669353 0.49369591 0.47592062 0.02906003 0.54768604 0.52442479 -0.59857976 0.46320492 0.52965599 -0.08861859 0.5651809 0.51392382 -0.14450157 0.52154958 0.51552647 0.1444781 0.58824402 0.59913534 -0.22675334 0.4827826 0.59068334 0.21543376 0.64775747 0.69029301 -0.14145124 0.41635704 0.6595335 0.40824774
0.58585137 0.40898249 -0.48774523 0.5207029 0.41881523 -0.01401032 0.57181072 0.47013193 -0.56143665 0.49460849 0.47523266 0.06511759 0.54801345 0.52490634 -0.58148867 0.46358809 0.52896321 -0.01850628 0.56300396 0.51436567 -0.14574336 0.52255785 0.51578385 0.14563936 0.58825028 0.59971935 -0.201722 0.48569199 0.591811 0.24991119 0.64771307 0.69069231 -0.12398105 0.41739413 0.65936208 0.42065313
0.58380467 0.4091759 -0.43462673 0.53219581 0.41877684 0.06268926 0.57203305 0.47035494 -0.52270967 0.51481909 0.47474003 0.14825343 0.54822123 0.52518213 -0.54476303 0.47019926 0.52629638 0.05273919 0.56092757 0.51446539 -0.14867096 0.5265916 0.51590949 0.14865039 0.57802546 0.60052621 -0.20857906 0.4909533 0.5913133 0.08094677 0.64669144 0.69053388 -0.14161481 0.47091886 0.66952205 0.16128257
0.5851776 0.40987414 -0.46179581 0.53517395 0.41906485 0.01254589 0.57413232 0.47072917 -0.54025108 0.51940238 0.47497949 0.09439632 0.5482989 0.52513754 -0.54537624 0.46957198 0.52690047 0.00491992 0.55724192 0.51509875 -0.148063 0.52538526 0.51617259 0.1480227 0.57988167 0.60109431 -0.19401228 0.4878253 0.59211564 0.12761065 0.64636642 0.68994623 -0.11104806 0.43517101 0.66735774 0.18293436
0.59053606 0.41025141 -0.45511532 0.53715801 0.41913596 0.0263433 0.5743674 0.47076455 -0.53665 0.52006996 0.47442028 0.10662873 0.54817146 0.52490193 -0.54260337 0.46989554 0.52497125 0.02475349 0.55436677 0.51537442 -0.14760895 0.52527481 0.51626617 0.14756535 0.57221538 0.60107094 -0.17165229 0.48613423 0.59144294 0.14978881 0.63791227 0.68584549 -0.09472626 0.43196034 0.66378438 0.25228488
0.59174436 0.41099951 -0.46393061 0.54227632 0.41940883 0.02029916 0.5743047 0.47091243 -0.54061002 0.52517962 0.47472915 0.11327875 0.54821724 0.52419317 -0.54976779 0.47880808 0.52241498 0.01608947 0.55531132 0.51543427 -0.14746128 0.52511328 0.51603127 0.14741637 0.57358158 0.60106128 -0.18037298 0.48342159 0.58540887 0.1585252 0.63800323 0.68563139 -0.11130451 0.42671266 0.6589483 0.28287321
0.59050369 0.4114916 -0.44752675 0.55576551 0.41938204 0.04157146 0.57336223 0.47099453 -0.51890391 0.53581196 0.47494793 0.1336173 0.54708505 0.52431476 -0.51815057 0.49626192 0.52059573 0.03407187 0.55403912 0.51545441 -0.14814284 0.52699471 0.51604921 0.14809652 0.57503945 0.6010763 -0.1886965 0.48345241 0.58474064 0.1234257 0.63810605 0.6854822 -0.11587391 0.4266026 0.65713906 0.21887648
0.58950967 0.41164204 -0.4340468 0.55146331 0.41920879 0.06364505 0.57366902 0.47073093 -0.50170034 0.53076661 0.47507745 0.14901914 0.54637307 0.52367342 -0.48985979 0.491604 0.52090025 0.04867789 0.55475885 0.51901335 -0.14892647 0.52339929 0.516195 0.14891905 0.57455361 0.60222048 -0.18909772 0.47743496 0.58319479 0.14785655 0.63903284 0.68556315 -0.12725057 0.42526528 0.65688914 0.24437468
0.58881015 0.41215742 -0.44746709 0.55275929 0.4175013 0.04332128 0.57486588 0.47046649 -0.51670319 0.532758 0.47478336 0.13100728 0.54579449 0.52366054 -0.51339972 0.48875162 0.5204047 0.02998297 0.55499285 0.51951104 -0.1504418 0.51992744 0.51633281 0.15042789 0.58666664 0.60137272 -0.19648977 0.47295585 0.57946891 0.21243031 0.63999742 0.68565369 -0.14097458 0.42436296 0.6567896 0.36626858
0.5882917 0.41220313 -0.45200083 0.5530172 0.41670814 0.03443301 0.57552624 0.47034332 -0.52268827 0.53263348 0.4748832 0.11955164 0.54573417 0.5234971 -0.52286142 0.48721918 0.52003729 0.02686101 0.55531651 0.51945996 -0.15038626 0.51829988 0.5148769 0.15035623 0.57349044 0.60190523 -0.19302723 0.47077015 0.57758611 0.20252936 0.64004338 0.68574178 -0.12722929 0.42161098 0.65698147 0.339425 
0.58348423 0.4123168 -0.43692413 0.55545884 0.41605896 0.05854549 0.57528424 0.47040108 -0.50821185 0.53196633 0.47438064 0.14135112 0.54367554 0.52351791 -0.495857 0.48607925 0.5199762 0.05823292 0.55343771 0.5199157 -0.15014991 0.51793426 0.51493824 0.15012433 0.56413203 0.60314876 -0.15433596 0.47087017 0.57811922 0.20136316 0.64032423 0.6859172 -0.06724664 0.42074111 0.65715867 0.33897167
0.58236891 0.41229814 -0.41971529 0.5593152 0.41580012 0.07988174 0.57517308 0.47042534 -0.49343884 0.53479791 0.47444803 0.15664327 0.54238218 0.52332366 -0.47231042 0.49089241 0.52058113 0.077053 0.55285734 0.51984107 -0.15000223 0.52017975 0.51499426 0.14996636 0.55990916 0.60343468 -0.13539603 0.47667462 0.58509696 0.19779705 0.63726062 0.6855458 -0.05025118 0.4207969 0.65725482 0.30162627
0.58237118 0.41256359 -0.42589322 0.5569616 0.41591412 0.06955735 0.57468879 0.47049728 -0.49555466 0.53242171 0.47450346 0.14812572 0.54152697 0.52336544 -0.47291645 0.48998341 0.52091056 0.06866477 0.55157369 0.52075595 -0.14993875 0.51957452 0.51583314 0.14989138 0.5621509 0.60440379 -0.14155011 0.47551557 0.58913362 0.2179497 0.63762391 0.68579704 -0.05008792 0.42032531 0.65778345 0.33816898
0.58182466 0.41335344 -0.42853379 0.55708086 0.4160327 0.0587514 0.57269639 0.4709042 -0.50199926 0.53170109 0.47466424 0.14318427 0.54080594 0.52340072 -0.48570111 0.48891738 0.52107525 0.05470064 0.55151945 0.5220713 -0.14994091 0.52024466 0.51752645 0.14987792 0.56337357 0.60514563 -0.14126402 0.47357991 0.58840376 0.23559923 0.63799989 0.68597847 -0.04320306 0.41989529 0.65813047 0.37706208
0.58089113 0.41340026 -0.4335815 0.55956602 0.41613165 0.05812483 0.57194835 0.47142571 -0.50628072 0.53562605 0.47583801 0.13704243 0.54010797 0.52429658 -0.48863497 0.49630421 0.52113521 0.05286938 0.55087119 0.52199167 -0.1499093 0.52261639 0.51818722 0.1498456 0.55395573 0.60507846 -0.12139802 0.48811662 0.59235311 0.22687271 0.6349923 0.68556362 -0.01956134 0.42483908 0.65829343 0.32203957
0.58013374 0.41339561 -0.40138713 0.56081784 0.41598421 0.06935135 0.5714885 0.47166422 -0.47867823 0.53587806 0.47601706 0.13381171 0.53972781 0.52501619 -0.46499974 0.49881989 0.52121407 0.04945799 0.54755497 0.52186757 -0.14168668 0.5292266 0.51881438 0.1416364 0.50820124 0.59937483 -0.0715469 0.55923861 0.60565937 0.19358131 0.4298344 0.66428018 0.04336322 0.63539308 0.68436652 0.26544407
0.57908499 0.41339126 -0.40119153 0.56116521 0.41599846 0.07100497 0.57142943 0.471672 -0.48176429 0.53832746 0.47723973 0.13201235 0.53950256 0.52525109 -0.46971834 0.50003147 0.52193439 0.04782055 0.54618996 0.52177811 -0.14057961 0.53164393 0.51901203 0.14053506 0.50891727 0.59812152 -0.08176911 0.55851918 0.60547066 0.17954417 0.48309371 0.67033893 0.027791 0.64006072 0.68616986 0.25783357
0.57923287 0.41334882 -0.41003522 0.55983967 0.41603419 0.06702622 0.57153511 0.47165233 -0.48832861 0.53777581 0.47790724 0.13180833 0.53927737 0.52519333 -0.47682399 0.49853978 0.52200025 0.0465495 0.54621851 0.52170759 -0.14088093 0.53259015 0.51933903 0.14084254 0.5228135 0.59822971 -0.1054244 0.53466666 0.60233188 0.182217 0.52882659 0.67320901 -0.00659066 0.55650288 0.68249404 0.27532765
0.57908338 0.41332924 -0.41131178 0.55928642 0.41601002 0.06642305 0.57101941 0.4716672 -0.48829532 0.5375905 0.47802648 0.13082568 0.5392462 0.52525914 -0.4724876 0.50021762 0.5219602 0.045794 0.54649514 0.52165568 -0.1413604 0.53175312 0.51933479 0.14131269 0.5267961 0.59861672 -0.10814045 0.527942 0.60091799 0.18139693 0.53519911 0.67474437 -0.008415 0.54333562 0.68182427 0.27862141
0.57417357 0.41434854 -0.39001656 0.55771637 0.41647118 0.09305948 0.56863546 0.47345385 -0.45329559 0.53748953 0.47955528 0.15563515 0.53847194 0.52585942 -0.42086756 0.50294048 0.5228622 0.0658683 0.5463202 0.52333003 -0.14583941 0.53153086 0.52058518 0.14584926 0.53082824 0.6026352 -0.11393332 0.5180164 0.60094208 0.17503498 0.54600459 0.68033445 -0.01566164 0.52969521 0.68072194 0.2816284 
0.57078111 0.41469052 -0.38816816 0.55750084 0.41656971 0.10296711 0.56679863 0.47397879 -0.4497005 0.53777492 0.47999069 0.16352323 0.53785491 0.52591622 -0.40239277 0.51278675 0.52302611 0.07298005 0.54607093 0.52439767 -0.14919823 0.53101712 0.52142978 0.14921932 0.53273529 0.60466576 -0.11645974 0.50444573 0.6005072 0.1725616 0.54653144 0.68356019 -0.01921939 0.51402187 0.6804263 0.28195369
0.56938446 0.41494319 -0.39093092 0.55542177 0.41697904 0.09662644 0.56576282 0.47424978 -0.4501211 0.53771079 0.48100311 0.16077395 0.53745919 0.52591646 -0.40544567 0.50936162 0.5237239 0.07103009 0.54595011 0.52477145 -0.1498611 0.52912182 0.52176613 0.14988574 0.53408581 0.60531449 -0.11820036 0.50423431 0.60080034 0.17170578 0.55164653 0.68443972 -0.02021936 0.51317143 0.6811837 0.28129449
0.57018661 0.41490909 -0.39629483 0.55331391 0.41699928 0.08847585 0.56583619 0.47419244 -0.4587777 0.53453916 0.48083073 0.15307683 0.53748828 0.52585393 -0.42042527 0.50918716 0.52396238 0.07037857 0.54569978 0.52484298 -0.14913365 0.52721083 0.52166837 0.14916161 0.53476244 0.60514557 -0.10823882 0.51492846 0.60250735 0.18026464 0.54473859 0.68417686 -0.00125833 0.53432959 0.68360144 0.29054824
0.57053399 0.41490975 -0.3991335 0.55307817 0.41694391 0.08492681 0.5658294 0.47418562 -0.46066952 0.5357042 0.47782555 0.15014294 0.53768933 0.52584213 -0.41965833 0.51164448 0.52397895 0.06654038 0.54574156 0.52469373 -0.14909451 0.52608281 0.52160406 0.14913037 0.53587723 0.60501599 -0.11146314 0.51227462 0.601946 0.17231645 0.5469377 0.68397623 -0.00792135 0.520459 0.68239498 0.27064386
0.57222039 0.41509736 -0.40360501 0.5501371 0.41699097 0.08197779 0.56588095 0.47440213 -0.4613826 0.53429794 0.48005205 0.14854485 0.53801984 0.5258345 -0.42086214 0.50700569 0.5248999 0.06523353 0.54796582 0.52517462 -0.14913796 0.52417761 0.52167046 0.14916664 0.55597806 0.60685962 -0.12739021 0.48396018 0.5993011 0.17934521 0.6322307 0.68731976 -0.01990105 0.42758095 0.66617668 0.28647995
0.57443273 0.41580963 -0.4041706 0.54637814 0.41722384 0.08106645 0.56683272 0.47478122 -0.45365408 0.53094125 0.48167419 0.14925674 0.53821981 0.52583259 -0.40709937 0.49899235 0.5261122 0.0648765 0.5482955 0.52595878 -0.1492109 0.51884049 0.52173442 0.14923921 0.5588246 0.60798621 -0.13690203 0.47558731 0.59792703 0.18432039 0.63965195 0.68832189 -0.0273757 0.41922095 0.66166866 0.29648927
0.57536048 0.41643196 -0.4067871 0.54448169 0.41749784 0.08037067 0.56770402 0.47507411 -0.45286769 0.52979469 0.48240075 0.15107906 0.53983831 0.52589035 -0.40151677 0.49581271 0.52660525 0.06346492 0.54854655 0.52667892 -0.14996067 0.51490098 0.52234977 0.14998133 0.56198478 0.60935754 -0.14399995 0.47185126 0.59105068 0.21907917 0.64138603 0.68876255 -0.03634799 0.41792524 0.66178215 0.3512353 
0.5732742 0.41653043 -0.38280848 0.54506719 0.41744104 0.10924374 0.5679003 0.47511438 -0.42399204 0.53301358 0.48224312 0.17552944 0.53984272 0.52589351 -0.36756131 0.49618682 0.5265609 0.08027102 0.54855031 0.5265156 -0.15020601 0.52032089 0.5226441 0.15023498 0.55946821 0.60895824 -0.14066826 0.47784668 0.59173954 0.19625293 0.63081437 0.68811709 -0.03573176 0.42045885 0.66149133 0.29891548
0.5749386 0.41649702 -0.38716587 0.54506588 0.41742837 0.10070082 0.56826776 0.47528002 -0.43021414 0.53293896 0.48217079 0.16833964 0.5403018 0.526223 -0.38041654 0.49595189 0.52650368 0.07472316 0.54911768 0.5264957 -0.15019013 0.52000326 0.52219826 0.15021746 0.55940783 0.60868013 -0.14045662 0.4745028 0.59225625 0.19440384 0.63535619 0.68776906 -0.03633969 0.41905537 0.66120028 0.29795611
0.57503319 0.41648662 -0.37849796 0.5453667 0.41742927 0.11013133 0.56832379 0.47535753 -0.42424092 0.53360492 0.48210916 0.18000712 0.54030281 0.5263797 -0.37982607 0.50651717 0.5251379 0.08484858 0.5488345 0.52620858 -0.15042318 0.52123195 0.52217001 0.15045732 0.55887002 0.60854793 -0.14488697 0.47765923 0.59247196 0.18465388 0.63642681 0.68761605 -0.05047281 0.42029691 0.66183853 0.27466267
0.57352215 0.41647294 -0.37280828 0.54648572 0.41733298 0.12130254 0.5678094 0.47543564 -0.41268724 0.53972572 0.48203692 0.19117656 0.53893679 0.52650499 -0.35852 0.52200812 0.52459443 0.09449837 0.54792839 0.52598375 -0.15154463 0.52206147 0.52216071 0.15156157 0.55920762 0.60837638 -0.15021682 0.47625247 0.59286875 0.1910423 0.64050692 0.68853337 -0.05713417 0.41878203 0.66222608 0.28358868
0.57356298 0.41643113 -0.3662712 0.54597783 0.41743481 0.11932447 0.56864816 0.47543064 -0.4067986 0.53912503 0.48204342 0.19085082 0.53895122 0.5265038 -0.36038035 0.51712644 0.52404428 0.09459279 0.54751098 0.52567071 -0.15149282 0.51737076 0.52162713 0.15150847 0.55997503 0.60824859 -0.15541393 0.47319454 0.5929985 0.19586737 0.64147842 0.68924659 -0.06635743 0.41857955 0.66262549 0.29504377
0.57318765 0.41641381 -0.37280676 0.54599011 0.41752279 0.11680623 0.56903297 0.4753226 -0.41516685 0.53873491 0.48195469 0.18998806 0.53895909 0.52649575 -0.36550963 0.51459777 0.52348953 0.09453809 0.547005 0.52563995 -0.15233353 0.51497322 0.52162802 0.15233028 0.56180161 0.60833335 -0.15947302 0.47096184 0.59307033 0.21833444 0.64285713 0.69005704 -0.0727274 0.418423 0.66275442 0.33632919
0.57276905 0.4167062 -0.37308022 0.54392087 0.41775194 0.11380471 0.56920457 0.47532007 -0.40425277 0.53523308 0.48196545 0.18829776 0.5389601 0.52627265 -0.34986621 0.5056318 0.52282804 0.09089488 0.54524702 0.52613604 -0.15297866 0.51169175 0.52219421 0.15297288 0.56108177 0.60964209 -0.16509885 0.47056881 0.59114546 0.26029232 0.64295 0.69024307 -0.08201357 0.4183102 0.66270727 0.41017863
0.57135171 0.41709664 -0.35865694 0.54335093 0.41802445 0.1237065 0.56920391 0.47543806 -0.3925668 0.53434336 0.48198259 0.20016582 0.53815407 0.52623856 -0.34286332 0.50253266 0.52282512 0.09929214 0.54506385 0.52633023 -0.15264311 0.51247621 0.52222729 0.15263784 0.56056446 0.61031836 -0.16057698 0.47094607 0.59008425 0.21958238 0.64185584 0.69033366 -0.07486527 0.41821703 0.66255337 0.32063508
0.57335389 0.41695145 -0.41480339 0.53911918 0.41828871 0.06730887 0.56765121 0.47600833 -0.45486641 0.51691133 0.48042518 0.14950719 0.53746057 0.52646047 -0.41497397 0.48064524 0.52467227 0.06012968 0.54618901 0.52676868 -0.15285827 0.51126748 0.52243412 0.15283415 0.56475943 0.61188602 -0.16145656 0.46955624 0.58998263 0.27456906 0.64280605 0.69054282 -0.07156415 0.41774887 0.66269863 0.44379047
0.57928079 0.41674396 -0.43550509 0.516918 0.42300016 0.00177597 0.56748331 0.47647342 -0.48592359 0.48757738 0.48043838 0.07401411 0.53686452 0.52733552 -0.46935901 0.46087715 0.52677643 -0.00777736 0.54612416 0.52490783 -0.14880089 0.50506842 0.52297539 0.14868598 0.56597978 0.61159712 -0.16772427 0.46631336 0.58732837 0.27542898 0.64291734 0.69065499 -0.0801835 0.41760319 0.66268283 0.45606059
0.57063377 0.41672814 -0.35998532 0.50949043 0.42351496 0.04432032 0.56564885 0.4771786 -0.40833893 0.48347247 0.47973761 0.10360588 0.53222054 0.52953303 -0.3960571 0.4523592 0.52740192 0.02101605 0.54020596 0.52613741 -0.14448768 0.49809813 0.52303612 0.14446892 0.53821635 0.61075312 -0.14633021 0.46748209 0.58430225 0.22687326 0.58068109 0.68768239 -0.04705792 0.41595462 0.660326 0.37267721
0.57052058 0.41808048 -0.36806372 0.49507689 0.42506593 0.02874747 0.56331074 0.47869694 -0.41613463 0.4746435 0.48016697 0.09499893 0.53333682 0.53256261 -0.39921036 0.44498447 0.52901697 -0.00247042 0.54064256 0.52655417 -0.13498051 0.49354741 0.52302343 0.13501374 0.54206729 0.61066318 -0.14303896 0.4649277 0.58541065 0.24703711 0.6155383 0.68982822 -0.04537258 0.4114764 0.66055393 0.42900231
0.56412083 0.41799715 -0.45798287 0.47707814 0.42624623 -0.0495061 0.55896896 0.47969967 -0.51447785 0.45462984 0.48522231 0.03396239 0.53418034 0.53964573 -0.54086268 0.43507063 0.53786695 -0.0499161 0.54076838 0.52110475 -0.13629115 0.49125141 0.5213511 0.1362789 0.55248559 0.60840487 -0.176201 0.4637343 0.58364469 0.31154573 0.62953389 0.69159716 -0.0963115 0.41248569 0.65947282 0.5477553 
0.54785997 0.41856787 -0.43582508 0.46176478 0.4294062 -0.03008779 0.55221379 0.48023367 -0.49281678 0.4483763 0.4875828 0.06413933 0.53420746 0.54278427 -0.52857161 0.43331045 0.53994089 -0.0309769 0.54740012 0.51716924 -0.13396516 0.49403828 0.52027506 0.13399418 0.55275446 0.60702688 -0.24148569 0.46058446 0.58010018 0.14528276 0.63173032 0.69095188 -0.20914993 0.41373667 0.65868849 0.30713362
0.53244823 0.42600009 -0.47047952 0.44853219 0.43899927 -0.05200576 0.54800755 0.48890483 -0.53350842 0.44081253 0.49887595 0.03431031 0.53370863 0.55456555 -0.55106956 0.42559311 0.5509733 -0.05160038 0.56008172 0.52525938 -0.13483062 0.5036552 0.52503449 0.13486961 0.55724144 0.60737979 -0.20899092 0.4504818 0.57643235 0.18960574 0.63600063 0.69090003 -0.1473584 0.41713664 0.65626872 0.38824165
0.52133089 0.4412137 -0.46441397 0.4534882 0.44555548 -0.01447256 0.54873991 0.505216 -0.53697807 0.44276172 0.50335002 0.06256252 0.53376663 0.56638044 -0.53101295 0.42825574 0.55903351 -0.0354756 0.57706422 0.53558457 -0.13693161 0.52417606 0.53322327 0.13702567 0.56875777 0.6102922 -0.23656552 0.45194116 0.57407153 0.04852146 0.64188528 0.68859863 -0.17911983 0.4280093 0.65665489 0.21284629
0.51291692 0.45664752 -0.45010501 0.42717859 0.46734232 -0.04371695 0.549559 0.51924276 -0.51098555 0.42971152 0.51933974 0.04531947 0.53521323 0.57832325 -0.51408029 0.42551255 0.57124478 -0.03117681 0.57351792 0.54623097 -0.12494384 0.51198733 0.54318345 0.12501055 0.56802875 0.60744798 -0.35658091 0.43704292 0.57553399 -0.02628487 0.64517063 0.68148488 -0.31033191 0.43970516 0.65756327 0.12174083
0.50567043 0.47403097 -0.46593049 0.42119169 0.48683402 -0.06748155 0.55075622 0.53352338 -0.52874678 0.42512512 0.53689516 0.02040485 0.53702396 0.59527701 -0.52744132 0.42527911 0.58567512 -0.05339328 0.57534242 0.55719191 -0.11176758 0.50895125 0.55697972 0.11195435 0.5760988 0.60687983 -0.35982317 0.43013692 0.58365887 -0.03942125 0.64660513 0.67075902 -0.22960207 0.44269699 0.65793538 0.14600641
0.50242668 0.48654124 -0.53662634 0.40888476 0.50156355 -0.1494735 0.54744178 0.55387878 -0.59904456 0.41543347 0.55972171 -0.06136409 0.53692234 0.61517501 -0.62088376 0.42684826 0.60789132 -0.13720554 0.57912844 0.55817413 -0.0990948 0.51135641 0.56364954 0.0991917 0.58232427 0.57712996 -0.5726341 0.41889971 0.58397889 -0.20769982 0.64725918 0.63264155 -0.28071189 0.44489533 0.65817767 0.03253444
0.50125778 0.50258917 -0.59952956 0.40569955 0.50720352 -0.19509578 0.54193044 0.56652027 -0.65551651 0.41465566 0.56264168 -0.13182178 0.53644413 0.62761438 -0.65034723 0.42643169 0.6208744 -0.19898064 0.57939368 0.56081295 -0.09683884 0.51005155 0.56035405 0.09684474 0.5814504 0.58396822 -0.59612352 0.41990134 0.58407378 -0.17011699 0.62052763 0.6298815 -0.235506 0.44331354 0.6564455 0.06337012
0.49773216 0.51705301 -0.54497802 0.40223607 0.52769536 -0.16518708 0.54310822 0.57928967 -0.6262359 0.41429365 0.58038998 -0.11115926 0.5317229 0.63955081 -0.59617031 0.42509976 0.63481593 -0.17335691 0.57852799 0.57362235 -0.07309037 0.50882298 0.58265382 0.07299042 0.5915243 0.55778241 -0.49102253 0.41426834 0.58780992 -0.2232241 0.60455614 0.62560272 -0.25426987 0.46024454 0.64949256 -0.04005534
0.48323646 0.52756739 -0.48774952 0.40303662 0.53308004 -0.12521379 0.56413627 0.57642925 -0.51156026 0.42029262 0.57464683 -0.06869667 0.53565711 0.62952226 -0.46713501 0.42560664 0.62413776 -0.08799484 0.57618773 0.57941425 -0.0748117 0.50867993 0.58393079 0.07480428 0.61680108 0.56694835 -0.46408013 0.39882293 0.58658034 -0.1846315 0.54875833 0.62559569 -0.23312351 0.45541188 0.65062702 -0.08396351
0.47954869 0.53803283 -0.43837988 0.40250316 0.53610975 -0.11230049 0.5725463 0.57627112 -0.45606795 0.4226408 0.57349318 -0.05409797 0.53945059 0.625866 -0.41983822 0.42643365 0.6183145 -0.03980697 0.57513857 0.57853985 -0.08567009 0.512703 0.57888097 0.08565012 0.56317723 0.58355957 -0.30189297 0.41006115 0.5913226 -0.04782381 0.52558106 0.63681602 -0.09818355 0.45341706 0.6517393 0.04701821
0.47986785 0.5404771 -0.3829799 0.40558791 0.54417443 -0.05668366 0.57769173 0.57166481 -0.40707782 0.43244964 0.58140671 0.0284237 0.54165995 0.61889213 -0.38236964 0.42686877 0.61740804 -0.00188506 0.58101994 0.58074659 -0.08985741 0.52541298 0.58205229 0.08978508 0.5500102 0.61253506 -0.20698886 0.43756273 0.60097116 0.02652444 0.53050959 0.64751804 -0.01956463 0.45175841 0.65663379 0.07191062
0.48028445 0.53722864 -0.41124234 0.40616199 0.54777116 -0.06062751 0.57329965 0.56855637 -0.44476002 0.42689264 0.5815798 0.05723487 0.54126251 0.61638147 -0.4246664 0.42578587 0.6148504 0.04315574 0.58240873 0.58039337 -0.09493322 0.52614927 0.58221775 0.09514637 0.5333668 0.61848849 -0.22681753 0.42152706 0.60527164 -0.00423442 0.51512557 0.67127723 -0.10649066 0.44999525 0.66349196 -0.02288727
0.48107558 0.53220475 -0.43898362 0.40777799 0.54359883 -0.06849163 0.57286716 0.56610477 -0.48311043 0.42267847 0.58099276 0.0302539 0.54233378 0.61464369 -0.44007519 0.42695755 0.61614031 -0.0076639 0.59046209 0.5766629 -0.11093632 0.53394949 0.57742923 0.11113636 0.52917844 0.62536442 -0.2492201 0.4180415 0.6077854 -0.01015892 0.52090484 0.68241692 -0.1105364 0.44881698 0.66663784 0.03868644
0.48222774 0.52824742 -0.4766086 0.40612277 0.53913277 -0.08147623 0.57126468 0.56657451 -0.52101123 0.41899353 0.5791477 0.01257009 0.54203069 0.61671722 -0.49237129 0.42775989 0.61323661 -0.01398074 0.58989745 0.57408023 -0.11457162 0.52971083 0.57518172 0.11469148 0.5359866 0.61493623 -0.25803834 0.38560048 0.60330737 -0.01117123 0.53073281 0.67210197 -0.16581751 0.44832981 0.66498441 -0.02087954
0.48395205 0.52536768 -0.52238244 0.40460026 0.53472573 -0.13455221 0.56964016 0.5667035 -0.5739007 0.41250688 0.57465172 -0.05434248 0.54182577 0.61843097 -0.5664385 0.42830029 0.61513239 -0.11532932 0.58758754 0.56951988 -0.11282288 0.5276345 0.57300586 0.11292612 0.54182309 0.61106938 -0.30813408 0.39493236 0.58864087 -0.05314574 0.52498138 0.66269487 -0.1715695 0.44743687 0.66406626 -0.00199385
0.48450401 0.52288592 -0.56366116 0.40447372 0.531232 -0.18575169 0.56322527 0.57220149 -0.62472385 0.40608743 0.57557374 -0.14123847 0.54198462 0.62830001 -0.63889462 0.42729884 0.62539798 -0.22576483 0.59058243 0.56538242 -0.11160787 0.52888179 0.57046539 0.11147637 0.56619561 0.60911024 -0.37129638 0.4146218 0.58919632 -0.0508729 0.5704236 0.64925694 -0.11152647 0.4774864 0.64742988 0.02496213
0.48736414 0.52113289 -0.60530263 0.40418723 0.52960092 -0.24646936 0.54530615 0.58049089 -0.66467762 0.40934154 0.58191872 -0.20324422 0.54187167 0.63677812 -0.69091815 0.42597365 0.63624465 -0.30445722 0.59074843 0.56483042 -0.09479512 0.52423805 0.56912762 0.09436576 0.59157515 0.58785439 -0.59430844 0.39566833 0.58689076 -0.10041031 0.62787759 0.62992382 -0.32685745 0.46762028 0.63619977 0.02976805
0.48902017 0.52088106 -0.59783858 0.40531716 0.52738428 -0.23792295 0.53117722 0.58116716 -0.65986294 0.41166475 0.58219355 -0.20121545 0.54359126 0.63842797 -0.68418044 0.42639545 0.64134848 -0.28679058 0.59132564 0.56210077 -0.09273835 0.52404988 0.56630242 0.09230396 0.58663023 0.58226931 -0.56904429 0.39806336 0.58593404 -0.10381413 0.61114305 0.62332743 -0.25814757 0.48188272 0.62808639 0.05095988
0.48958632 0.51928121 -0.54550064 0.40755582 0.52568549 -0.23614137 0.53663218 0.57736027 -0.58214492 0.41346243 0.57925409 -0.1393676 0.54585129 0.63325465 -0.60607439 0.42780691 0.63444799 -0.20776269 0.59545553 0.56217575 -0.09366259 0.52926111 0.56607628 0.09340519 0.56746686 0.58769602 -0.46251827 0.40253711 0.58568168 -0.05964084 0.5979777 0.62828338 -0.15257651 0.47849256 0.63038892 0.03301371
0.49320498 0.51545596 -0.59105462 0.40759498 0.52190632 -0.24401575 0.53806871 0.57500213 -0.64794981 0.41448867 0.57786977 -0.19729362 0.5456 0.63054127 -0.67916995 0.427948 0.63247526 -0.29435539 0.59840763 0.56078351 -0.09421728 0.5318796 0.56551903 0.09391776 0.57349956 0.5896979 -0.52434582 0.39980912 0.58345771 -0.0591047 0.59395885 0.63046527 -0.21183555 0.44757739 0.63288176 0.04903079
0.49575964 0.51313013 -0.58603883 0.40905163 0.51909947 -0.24732058 0.53839928 0.57420218 -0.63320738 0.41499329 0.57698405 -0.2027377 0.54547942 0.62962204 -0.65522254 0.42955682 0.63022411 -0.29286438 0.59934241 0.56101793 -0.09283508 0.53277826 0.56560141 0.09247956 0.57865399 0.59098107 -0.49604538 0.4056963 0.58741897 -0.07319032 0.58976144 0.6319809 -0.19699596 0.45794022 0.63646549 0.07068113
0.49794617 0.51023233 -0.58097196 0.41240436 0.51902324 -0.21442191 0.53610575 0.57352257 -0.62665242 0.41511664 0.57677954 -0.16564943 0.53835928 0.63019824 -0.6275357 0.42964908 0.62913501 -0.24506056 0.60072774 0.56114334 -0.09022474 0.53782898 0.56579375 0.08986267 0.57752818 0.59166926 -0.48749253 0.43501037 0.59398347 -0.06562064 0.60209668 0.62943286 -0.10424198 0.51788902 0.62573564 0.11955053
0.50041413 0.50875986 -0.51841801 0.41385999 0.51905292 -0.2001186 0.53306741 0.57332599 -0.57233524 0.41609311 0.57825553 -0.14883715 0.53882337 0.63309872 -0.59565091 0.42967114 0.6353212 -0.22866482 0.60499102 0.56242394 -0.0863167 0.54278326 0.56990439 0.08587053 0.57877648 0.59033746 -0.51510769 0.42839324 0.59712732 -0.06529959 0.64716554 0.6284433 -0.23327382 0.50755608 0.62906832 0.12104367
0.50373149 0.50922304 -0.55261809 0.41716689 0.51933235 -0.23080301 0.52618349 0.57624239 -0.60430616 0.41909251 0.57966214 -0.1848249 0.53505045 0.63703865 -0.63486564 0.42911339 0.63616109 -0.26865891 0.60634327 0.56248993 -0.08479531 0.54176652 0.56970578 0.08430865 0.58866274 0.58663666 -0.55848205 0.42628497 0.59626633 -0.10196728 0.65026242 0.62981188 -0.32495263 0.49492285 0.6309917 0.09961193
0.50583059 0.50895298 -0.4864797 0.42033267 0.51954049 -0.13829504 0.5225302 0.57569855 -0.53295559 0.42709726 0.57950646 -0.06948155 0.53501457 0.63591576 -0.53838819 0.43038282 0.63492197 -0.13694006 0.6107235 0.56500536 -0.09262452 0.55422699 0.57039714 0.09226479 0.55655158 0.58558899 -0.40775594 0.44130161 0.59231049 -0.02432868 0.60335678 0.63174689 -0.22711135 0.49076113 0.64084721 0.10062708
0.50628686 0.50920439 -0.594495 0.4193114 0.51895112 -0.24134262 0.51885653 0.57912862 -0.64368254 0.42628661 0.57875484 -0.16838469 0.53533059 0.63702643 -0.6619333 0.43092737 0.63645041 -0.22682008 0.60847849 0.56487405 -0.09267676 0.55240881 0.5697006 0.09231656 0.55984491 0.58657247 -0.5753575 0.42760718 0.58357948 -0.11869528 0.60239267 0.62981701 -0.26575127 0.46203902 0.6460073 0.09071679
0.5062325 0.50920236 -0.58578485 0.41890445 0.51771849 -0.20652288 0.51779884 0.57897437 -0.62789315 0.42672631 0.57453889 -0.07880069 0.53133076 0.63614476 -0.63523203 0.43083251 0.62635672 -0.10234107 0.60788643 0.56443566 -0.09292339 0.54884446 0.56968182 0.09265919 0.56188619 0.58777905 -0.57136822 0.43450251 0.58501917 -0.11780078 0.61231124 0.62980282 -0.28878987 0.46284881 0.64675993 0.08474302
0.5087043 0.50825632 -0.62054884 0.41874808 0.51642019 -0.24755333 0.5152145 0.57869917 -0.67168814 0.42438906 0.57431769 -0.16197786 0.52567166 0.63549995 -0.69607615 0.42774525 0.62638688 -0.22400549 0.60692489 0.56418431 -0.09407524 0.54621947 0.56879359 0.09379038 0.57454461 0.58954674 -0.6381827 0.42278352 0.58317655 -0.1418941 0.61169308 0.62979847 -0.28100058 0.45088306 0.64950675 0.08170906
0.51053369 0.50522465 -0.62674683 0.41871274 0.51501203 -0.26499516 0.51639819 0.57442003 -0.6832037 0.42459169 0.57230705 -0.19128333 0.5254612 0.63344175 -0.71888292 0.42773026 0.62670261 -0.25879797 0.60660344 0.56237316 -0.09435033 0.53404629 0.56720245 0.09406891 0.57747906 0.59182096 -0.67558908 0.42269608 0.58403128 -0.13950112 0.62425262 0.63118774 -0.32805231 0.4441039 0.65556908 0.09995539
0.50994188 0.50282657 -0.56164813 0.41855863 0.51333988 -0.21615669 0.51619774 0.57096267 -0.6153518 0.42450142 0.57244515 -0.14763187 0.52406538 0.6318323 -0.64189321 0.4274697 0.62885857 -0.22863171 0.60653037 0.56239724 -0.09420633 0.53676951 0.5672195 0.09391454 0.56856304 0.59181917 -0.59610772 0.41737133 0.58520871 -0.12516131 0.63162637 0.63717294 -0.32484502 0.46047232 0.65239596 0.06744488
0.50939751 0.49850905 -0.53777802 0.41887063 0.51187849 -0.15404512 0.51597071 0.56614441 -0.60275066 0.42852598 0.57223684 -0.08235808 0.5211736 0.62752628 -0.63271457 0.43048677 0.62810481 -0.16121998 0.60470474 0.56348646 -0.10199777 0.53679025 0.56673324 0.10176027 0.56306833 0.59502286 -0.58760166 0.40968406 0.58508557 -0.09566451 0.62598836 0.6379872 -0.30348757 0.45135143 0.65102315 0.09623726
0.50911129 0.493276 -0.53543591 0.41990462 0.508102 -0.14376169 0.51689744 0.56266761 -0.59025794 0.45136449 0.56000495 0.01729162 0.51773882 0.62347865 -0.61909664 0.45862016 0.59955406 0.02705858 0.60456216 0.56119382 -0.10843178 0.54321218 0.5660097 0.10844631 0.57706553 0.59572977 -0.60086572 0.44284517 0.58599174 -0.14165127 0.63918746 0.6438629 -0.35335851 0.47495699 0.65729135 0.07452459
0.5087207 0.48879364 -0.59758657 0.41950208 0.50410795 -0.24447563 0.51580101 0.56053823 -0.63365519 0.44860041 0.56270975 -0.17184073 0.50493985 0.62366825 -0.65196937 0.44853067 0.6079852 -0.25709012 0.596439 0.55465972 -0.10690483 0.5158661 0.55603319 0.10683966 0.57655197 0.59648383 -0.58616215 0.39932477 0.58094954 -0.14437146 0.63324231 0.64231235 -0.332513 0.43585014 0.65505975 0.07532195
0.50637347 0.4853636 -0.58338326 0.41934809 0.49974611 -0.22368962 0.51364845 0.55482954 -0.62748617 0.44600651 0.55909002 -0.12433189 0.48902813 0.61795968 -0.65139103 0.43426043 0.60927063 -0.16123651 0.59192502 0.55320072 -0.10603952 0.51329905 0.55386335 0.10587603 0.57006288 0.59310818 -0.58938736 0.39947683 0.58189428 -0.18952724 0.63200384 0.6419211 -0.3340812 0.44059101 0.65431201 0.02644159
0.50512749 0.48105639 -0.55261856 0.41955084 0.494275 -0.1925195 0.50917226 0.5495528 -0.60981953 0.4438816 0.55177325 -0.08287189 0.46780804 0.60853356 -0.64405954 0.42315969 0.59746373 -0.12955195 0.59252226 0.55206543 -0.10501623 0.51649219 0.55426693 0.10483274 0.56704205 0.58668 -0.58479214 0.40234363 0.58158106 -0.18659307 0.63346374 0.6412642 -0.34864238 0.46547988 0.64544737 -0.01583618
0.50434136 0.47146633 -0.47237208 0.41946295 0.49141258 -0.13643385 0.50739259 0.5366497 -0.52525765 0.43217984 0.54090333 -0.07707103 0.46644363 0.59604925 -0.52587467 0.42388049 0.54414773 -0.1792025 0.59302783 0.54880017 -0.10322946 0.51909286 0.55483854 0.10311561 0.56719768 0.58270895 -0.5077489 0.40876439 0.58166915 -0.23350585 0.64797419 0.64591956 -0.34950054 0.48773056 0.65436894 -0.08170684
0.50344425 0.46701434 -0.51015991 0.4193705 0.48850334 -0.14196222 0.50224948 0.53376365 -0.56146359 0.41694534 0.54282349 -0.14444833 0.45262766 0.59100473 -0.57459265 0.41225255 0.57994086 -0.28816688 0.58211231 0.5477339 -0.1028567 0.50792283 0.5544216 0.10273531 0.57666415 0.57855493 -0.61785084 0.4083986 0.5848645 -0.20379218 0.64669406 0.65402824 -0.5008226 0.44290125 0.65924555 0.0372891 
0.50250304 0.46252242 -0.52080375 0.41912493 0.4819248 -0.14327991 0.4980154 0.52608144 -0.56767666 0.41338462 0.53831869 -0.13624923 0.45281804 0.58191794 -0.63451606 0.40821388 0.58799863 -0.26071569 0.5769462 0.54664421 -0.10274755 0.50508159 0.55229223 0.10260326 0.59561491 0.58081031 -0.6103676 0.40933588 0.58939737 -0.18897541 0.65209675 0.66869992 -0.47483996 0.43234709 0.66120327 0.04539015
0.50245845 0.45258847 -0.5228852 0.41911653 0.48056418 -0.15382099 0.49476731 0.51736259 -0.62056494 0.40976825 0.53769261 -0.18602978 0.44664633 0.57585055 -0.71234429 0.40158376 0.58621818 -0.40093771 0.57174522 0.54378504 -0.10091918 0.50186211 0.55183148 0.10080445 0.60015225 0.58177555 -0.61146951 0.40993312 0.58917081 -0.1995483 0.65450037 0.66970217 -0.47136933 0.42202714 0.66273081 0.04244974
0.5018751 0.44945219 -0.44866043 0.41850498 0.47751981 -0.13320918 0.49186033 0.51470542 -0.54491836 0.40979642 0.53338128 -0.12970284 0.44316956 0.57105339 -0.62902576 0.39637288 0.58487505 -0.30178922 0.56732756 0.54207641 -0.09068187 0.49961784 0.5503245 0.09066139 0.59542024 0.58276141 -0.52534401 0.40412471 0.58325773 -0.2153645 0.65502739 0.66640526 -0.42165533 0.43170115 0.64120084 -0.02692695
0.49938953 0.44716167 -0.42255676 0.41830614 0.47302076 -0.10189886 0.48839027 0.50935239 -0.50872296 0.4107542 0.52622199 -0.06111456 0.43736792 0.56481087 -0.58598113 0.3957437 0.58096015 -0.18944055 0.56117833 0.53961164 -0.09053101 0.49589664 0.54778397 0.09053969 0.59431487 0.58333141 -0.48975581 0.40209347 0.58284175 -0.11945841 0.65488654 0.66654509 -0.40741923 0.43379182 0.62588125 0.08787806
0.49576795 0.44375497 -0.46655619 0.41771179 0.46881929 -0.1133763 0.48571751 0.50409615 -0.58983719 0.40530473 0.52392489 -0.0584091 0.428027 0.56128949 -0.7153284 0.38442633 0.57791561 -0.20039669 0.5540992 0.53709167 -0.10055682 0.49303582 0.54595309 0.10050858 0.59372437 0.58888853 -0.52124989 0.39860943 0.58474857 -0.12825666 0.6563071 0.66727883 -0.38821042 0.42109463 0.65383571 0.14530697
0.49318632 0.43895838 -0.47974724 0.41647038 0.46543252 -0.12890053 0.48755589 0.49534273 -0.59030008 0.40401462 0.52154005 -0.07145531 0.43145868 0.55000466 -0.69404477 0.38090515 0.57597542 -0.20472512 0.54911816 0.53191239 -0.1014104 0.48921204 0.54211724 0.1013835 0.58926058 0.59517032 -0.39958251 0.39711687 0.58479029 -0.06340333 0.6544916 0.66640741 -0.25079584 0.41614723 0.63909054 0.21812177
