0.80891937 0.41528508 -0.21414326 0.65889096 0.38375103 -0.75013769 0.76879615 0.52897298 -0.11644209 0.57111847 0.52361578 -0.73748064 0.76679528 0.61616296 -0.19267042 0.54786855 0.63173372 -0.67178416 0.56347024 0.48458436 0.16564636 0.45375967 0.47480473 -0.16535307 0.74384439 0.55941105 0.02841429 0.65563411 0.5263955 -0.47871494 0.6387924 0.67234874 0.08850066 0.56135851 0.67313832 -0.26389319
0.8082546 0.41492304 -0.20739169 0.65858907 0.38380057 -0.75230318 0.76859522 0.52815479 -0.10963883 0.57116687 0.52363259 -0.74327141 0.76516974 0.6142534 -0.19467412 0.54794174 0.63242817 -0.68231577 0.56284177 0.48463047 0.1669542 0.45371273 0.47544518 -0.16667235 0.7442202 0.55938739 0.03876566 0.65885538 0.52671677 -0.47237384 0.63930261 0.67067397 0.09949882 0.56173342 0.67315251 -0.2395574 
0.80760187 0.41482544 -0.21492325 0.65814143 0.38420436 -0.75344926 0.76807374 0.52681088 -0.12280768 0.57107288 0.52444488 -0.74595279 0.76155853 0.61242694 -0.21019329 0.54789364 0.63344073 -0.68886155 0.56240714 0.48484537 0.16664632 0.45372364 0.47663084 -0.16637017 0.74582601 0.55891502 0.06553125 0.66173053 0.52684861 -0.46173179 0.64156258 0.67098099 0.10953311 0.56483573 0.67328018 -0.21137612
0.80744576 0.41480547 -0.21451241 0.65794522 0.38414252 -0.76443303 0.76690173 0.52562571 -0.1133974 0.57089436 0.52455282 -0.75088167 0.75654489 0.61103791 -0.19301659 0.54665428 0.63418126 -0.68659168 0.56217855 0.4847824 0.1682746 0.45374575 0.47665459 -0.16801189 0.74578011 0.55865341 0.06683082 0.66207069 0.52703458 -0.45925951 0.63795871 0.67121327 0.11519469 0.56489724 0.6735819 -0.21335776
0.80736703 0.41492832 -0.21457919 0.65782452 0.3850244 -0.77617419 0.76538962 0.52559942 -0.11249125 0.57046485 0.52552801 -0.75234097 0.75500262 0.61109519 -0.18251705 0.54641223 0.6355831 -0.68080312 0.56219792 0.48474759 0.17385525 0.4537811 0.47670385 -0.17361347 0.74572599 0.55854636 0.05862819 0.66146147 0.5271157 -0.47348914 0.63618672 0.67131972 0.12584639 0.56482315 0.67401069 -0.21783082
0.80691671 0.41487989 -0.21628247 0.65775508 0.38497502 -0.76777864 0.76528579 0.52513814 -0.11873388 0.57031018 0.5252946 -0.74741364 0.75513816 0.61114293 -0.19318567 0.54578203 0.63577622 -0.66880322 0.56229866 0.48471075 0.17293607 0.45380941 0.47663057 -0.17269005 0.74566805 0.55842763 0.05231437 0.65733117 0.52476853 -0.47804311 0.63622522 0.67351854 0.12073767 0.56446129 0.67176133 -0.21657218
0.80676109 0.41413435 -0.21443671 0.65766209 0.38491502 -0.75700629 0.7653001 0.52392471 -0.11596537 0.57019532 0.52510792 -0.73545706 0.75550723 0.61111826 -0.18706712 0.5447824 0.63586885 -0.6513713 0.56248069 0.4846555 0.17039248 0.45383212 0.47649577 -0.17014623 0.74563032 0.55827236 0.04904445 0.65401858 0.52386343 -0.47969785 0.63645774 0.67509478 0.12047793 0.56432068 0.67084193 -0.20792818
0.80659634 0.41400364 -0.21591599 0.65746993 0.38497141 -0.75204432 0.76525527 0.52362227 -0.11886414 0.57012594 0.52521038 -0.72616017 0.75555587 0.611211 -0.18909605 0.54476327 0.63588506 -0.63686532 0.56288755 0.48462841 0.16840155 0.45385927 0.47641829 -0.16817176 0.74570191 0.55764431 0.05020623 0.65295613 0.52359396 -0.48638916 0.63654011 0.67577392 0.12341397 0.56421274 0.66958678 -0.20182306
0.80656928 0.41400543 -0.220976 0.65639883 0.38493577 -0.75059932 0.76532257 0.52360606 -0.13262507 0.5700866 0.52515095 -0.72610801 0.75564152 0.6112535 -0.19878782 0.54461265 0.63584936 -0.64296544 0.56365997 0.48460755 0.16683593 0.45389244 0.4763858 -0.16656831 0.74520755 0.55757421 0.04647774 0.6493026 0.52322859 -0.50269139 0.63637525 0.67579836 0.12278722 0.56418931 0.66828412 -0.21220477
0.80654609 0.41402271 -0.2212626 0.6566329 0.38474014 -0.75046992 0.76523352 0.52359796 -0.13273335 0.57053137 0.52416646 -0.72863954 0.75572902 0.6112262 -0.19953899 0.54419518 0.63564378 -0.64817172 0.56367147 0.4845424 0.1662699 0.45391437 0.47626951 -0.16597256 0.7451697 0.55711895 0.05995196 0.64940274 0.52330291 -0.47667897 0.63644838 0.67578673 0.12136978 0.56413424 0.66813016 -0.2109568 
0.80654234 0.41404822 -0.21478079 0.65841889 0.38458088 -0.75059831 0.76515162 0.52343285 -0.11990836 0.57052511 0.52332503 -0.72715706 0.75570476 0.60865635 -0.18466082 0.54408044 0.6355527 -0.64082539 0.56380123 0.48444477 0.16649239 0.4542236 0.47621146 -0.16618469 0.74475312 0.55645061 0.07046407 0.65017915 0.52563113 -0.46103361 0.63666338 0.6757856 0.12624475 0.56372333 0.6682713 -0.20903759
0.80675328 0.41404656 -0.21474995 0.65902203 0.38475269 -0.75069547 0.76540977 0.52338785 -0.12116586 0.57119495 0.52321213 -0.72385406 0.75518256 0.608329 -0.18697961 0.5435223 0.63553035 -0.63634181 0.56439376 0.48435277 0.1668451 0.45497215 0.47616816 -0.16654108 0.74529046 0.55553091 0.07180051 0.6505248 0.52705914 -0.46352327 0.63912207 0.67529809 0.12533072 0.56391311 0.66901565 -0.20495601
0.80681902 0.41469404 -0.21498157 0.65913904 0.38484511 -0.75084072 0.76539987 0.52338082 -0.12182242 0.57206869 0.52320421 -0.72164464 0.75455379 0.6077584 -0.18743172 0.54320604 0.6355744 -0.63476503 0.5658434 0.4843418 0.16686846 0.45544076 0.4761427 -0.16655943 0.74536604 0.55489564 0.06979204 0.64908814 0.52661425 -0.47688949 0.64297551 0.6751498 0.11856177 0.56365258 0.66900295 -0.22266525
0.80686325 0.41552445 -0.21528746 0.6589359 0.38485643 -0.75070351 0.76548219 0.52338403 -0.12342565 0.57249874 0.52312046 -0.72255009 0.75427359 0.60781157 -0.18901752 0.54315865 0.63551396 -0.63857162 0.56628507 0.48435032 0.1665611 0.45555937 0.47607484 -0.16623783 0.74535733 0.55491191 0.05150269 0.64799875 0.52620268 -0.49920717 0.64418966 0.67492467 0.106659 0.56315994 0.66733819 -0.23214158
0.80714923 0.41569301 -0.21543112 0.65842867 0.38485014 -0.74896795 0.76603085 0.52339464 -0.12921041 0.5736289 0.52288991 -0.72360057 0.75429696 0.60789859 -0.20120673 0.5431574 0.63544446 -0.64768678 0.56761795 0.48445046 0.16517074 0.45598429 0.47603935 -0.16483179 0.74534857 0.55519861 0.02694381 0.64668465 0.52613831 -0.5188244 0.64438677 0.67480081 0.09664261 0.56289661 0.6659447 -0.23184043
0.80731505 0.41583696 -0.21565923 0.65830457 0.38485545 -0.73830032 0.76631081 0.52340996 -0.13414851 0.57382524 0.52279252 -0.71736896 0.75425231 0.60795963 -0.2090577 0.54321289 0.63526976 -0.64815432 0.56789237 0.48464653 0.16263905 0.45612791 0.47605005 -0.16229044 0.74535632 0.55535012 0.01259978 0.64639223 0.52595943 -0.51450205 0.64435929 0.67439258 0.08012578 0.5626505 0.66551334 -0.23127289
0.80737662 0.41577625 -0.2156959 0.65831804 0.38489348 -0.73113412 0.76642478 0.52335465 -0.13785438 0.57379818 0.52286124 -0.71279716 0.754269 0.60791695 -0.21462117 0.54332787 0.6352089 -0.64780933 0.56810832 0.48464951 0.15985394 0.45629132 0.47604498 -0.159501 0.74486589 0.55612844 0.01665724 0.64647144 0.52573889 -0.50550544 0.64453185 0.67421603 0.07936211 0.56259632 0.66539967 -0.22439851
0.80758941 0.41595349 -0.2219713 0.65752739 0.38493395 -0.73298591 0.76638466 0.5241726 -0.14900425 0.57390326 0.52287173 -0.71432441 0.75410718 0.60914403 -0.22631116 0.54336858 0.63572037 -0.64909869 0.56862175 0.48498318 0.15922716 0.45642161 0.47604036 -0.15888855 0.74464101 0.5567385 0.01285438 0.64555359 0.52581191 -0.50422674 0.6444664 0.67355025 0.08336707 0.56213742 0.66529506 -0.21921565
0.80841124 0.41665393 -0.22672668 0.65736437 0.38478822 -0.73372763 0.76636922 0.52449822 -0.15652561 0.57516122 0.52254766 -0.7154246 0.75386864 0.61013293 -0.23591238 0.54346484 0.63576394 -0.64975268 0.56921107 0.48543656 0.15722294 0.45657656 0.47602934 -0.15689337 0.74463302 0.55734503 -0.00750847 0.64551085 0.52544749 -0.50317323 0.64041406 0.67368847 0.06156167 0.56245106 0.66596264 -0.22894578
0.8086533 0.41749197 -0.22654621 0.65648264 0.38535419 -0.73434126 0.76625663 0.52484739 -0.15361929 0.57531244 0.52266091 -0.71018779 0.75257933 0.61071002 -0.23169361 0.54356784 0.63587791 -0.63443661 0.56981778 0.48575863 0.15736815 0.45704332 0.4762674 -0.1570379 0.74513733 0.5596531 -0.00201841 0.64216787 0.52547109 -0.4787595 0.63905317 0.67376202 0.06607963 0.56487173 0.66761261 -0.20615678
0.80905879 0.41797394 -0.22877179 0.65590966 0.38571882 -0.73455876 0.76629257 0.52527583 -0.15366422 0.57567924 0.52299494 -0.7100215 0.75266546 0.61101544 -0.23075193 0.54387623 0.63595414 -0.63175523 0.57086235 0.48576769 0.15739328 0.45741791 0.4764075 -0.15707302 0.74559021 0.56077325 0.00402538 0.64063084 0.52700555 -0.46729392 0.63822317 0.67411828 0.07190137 0.56538391 0.66901165 -0.19732296
0.80924362 0.4181937 -0.22620593 0.65557653 0.38610932 -0.73487747 0.76622224 0.52540249 -0.14449522 0.57569796 0.52352262 -0.70917833 0.7526719 0.61110377 -0.21856 0.54407817 0.63594031 -0.62715149 0.57117939 0.48578781 0.15840892 0.45792499 0.47656444 -0.15811095 0.7461518 0.56166971 0.00705191 0.64085448 0.52816916 -0.45926288 0.63682574 0.67418289 0.08100965 0.56504232 0.67074567 -0.19569694
0.80945545 0.41831061 -0.22151829 0.65571547 0.38648948 -0.73437142 0.76620919 0.52539504 -0.13681506 0.57588303 0.52379698 -0.69982636 0.75283641 0.61110175 -0.20416212 0.54426801 0.63589448 -0.60864282 0.57152236 0.4857907 0.15856871 0.45874229 0.47666571 -0.15826891 0.74664593 0.56171882 0.00800193 0.64098328 0.52810913 -0.44156981 0.6363132 0.67456996 0.08054899 0.56500876 0.67230779 -0.19841351
0.80996549 0.41838938 -0.21901998 0.6566962 0.38670778 -0.73461163 0.76621318 0.5253886 -0.13440453 0.57605034 0.52406621 -0.70192224 0.75324416 0.6114952 -0.20262158 0.54434568 0.63592684 -0.61513305 0.57164401 0.48579493 0.15920193 0.45897469 0.47669512 -0.15890679 0.74734652 0.56173635 0.00992337 0.64102036 0.52827752 -0.45020044 0.63595033 0.6749351 0.07998378 0.56469083 0.67260456 -0.19960432
0.81084466 0.41827491 -0.22036761 0.65729892 0.38701624 -0.7402615 0.76631886 0.5246442 -0.13447824 0.57626009 0.52412838 -0.71147197 0.75361609 0.61127102 -0.20288707 0.54459345 0.6359182 -0.62372679 0.57177413 0.4856354 0.15933129 0.45923153 0.4766804 -0.15903607 0.74766999 0.56120932 0.01079178 0.64112264 0.52835995 -0.45233175 0.63613147 0.67493689 0.08026737 0.56383246 0.67270792 -0.20046605
0.81173337 0.41816452 -0.22128284 0.65783191 0.38721305 -0.74352068 0.76632279 0.52402979 -0.13461466 0.57638043 0.52464968 -0.71412355 0.754161 0.61119235 -0.20366584 0.54491997 0.63590997 -0.62420481 0.57192105 0.48547247 0.15987748 0.45933294 0.476616 -0.15959059 0.74804991 0.56105322 0.01456733 0.65127861 0.53013647 -0.45177522 0.63617623 0.6749317 0.08169506 0.56061393 0.6728695 -0.19703342
0.81215817 0.41802695 -0.22076486 0.6581291 0.38733909 -0.74475265 0.76635271 0.52350491 -0.13059369 0.57657403 0.52516454 -0.71414292 0.75416821 0.61113113 -0.1985094 0.54494351 0.63603085 -0.62296265 0.57197338 0.48531494 0.16145132 0.45939967 0.47661394 -0.16118017 0.74826014 0.560435 0.03375932 0.6563704 0.53072184 -0.44904026 0.63623405 0.67531699 0.09207925 0.55730325 0.67307478 -0.19706681
0.81225777 0.41763815 -0.22078221 0.65872002 0.38735563 -0.74841338 0.76742899 0.52264255 -0.12923685 0.57691711 0.52544194 -0.7202332 0.75475729 0.61049426 -0.19824998 0.54500186 0.63617074 -0.62557125 0.57197154 0.48502669 0.16228805 0.45947602 0.47660324 -0.16202214 0.7484042 0.56001741 0.03553735 0.65879214 0.53146613 -0.44984335 0.63522458 0.67671615 0.09384892 0.55287069 0.67369401 -0.19919237
0.8122887 0.41763178 -0.22079122 0.65881383 0.38735703 -0.74887496 0.76832658 0.52244306 -0.12886871 0.57696557 0.5256722 -0.72154206 0.75499141 0.61048591 -0.19857945 0.54503775 0.63651454 -0.62575364 0.57198137 0.484983 0.16233131 0.45949143 0.47659764 -0.16206674 0.74850011 0.55991614 0.03494292 0.6593557 0.53163284 -0.45092362 0.63466454 0.67787683 0.09358943 0.5503006 0.67389339 -0.20444357
0.81235564 0.41763088 -0.22320932 0.65885383 0.38736221 -0.75337476 0.76842767 0.52245516 -0.12906019 0.57696849 0.52606797 -0.72499388 0.75523424 0.61074847 -0.19911233 0.54504597 0.63724732 -0.62938184 0.57224756 0.48488888 0.16262671 0.45955294 0.47657904 -0.16237161 0.74861562 0.55989385 0.03407653 0.65923285 0.53179765 -0.45348009 0.63450629 0.67860585 0.09660286 0.5484134 0.67407119 -0.20438658
0.81245196 0.41760069 -0.22751065 0.65941399 0.38736179 -0.75894547 0.7692337 0.52256864 -0.13349384 0.57718712 0.52623498 -0.7345112 0.75543159 0.61114961 -0.20500858 0.54516095 0.63779527 -0.64653999 0.57225996 0.48464999 0.16283599 0.45956066 0.47649401 -0.16259053 0.74866694 0.55978936 0.03246495 0.65926725 0.53239328 -0.45395657 0.63398176 0.67874283 0.09636254 0.54729128 0.67447841 -0.20366894
0.81245148 0.41746244 -0.23838493 0.65999472 0.38736713 -0.77517951 0.77054816 0.52319324 -0.14366032 0.57725132 0.526232 -0.75697178 0.7561664 0.61214149 -0.21582866 0.54540622 0.6384719 -0.67692786 0.57226181 0.4841015 0.16371004 0.45956901 0.476414 -0.16349 0.74875933 0.55999839 0.02966118 0.66085637 0.53586471 -0.45473069 0.63327569 0.67869896 0.09950414 0.54711592 0.67483872 -0.19641298
0.81233925 0.41750821 -0.24267408 0.65996701 0.38736385 -0.77607143 0.77060759 0.52473181 -0.15197343 0.57737833 0.52608359 -0.76158005 0.75647712 0.61358809 -0.23128445 0.54626995 0.63864726 -0.68679863 0.57209033 0.48409337 0.16370724 0.45956892 0.47638777 -0.16348837 0.74881262 0.56011128 0.01417212 0.66066611 0.53573066 -0.46122283 0.63196617 0.67871857 0.09036462 0.54590499 0.67508304 -0.19681688
0.81202549 0.41754475 -0.24311665 0.65888053 0.38735637 -0.7727288 0.77074122 0.52582616 -0.15671621 0.57751465 0.52607787 -0.7562139 0.75660157 0.61432862 -0.23960637 0.54673493 0.63912207 -0.68256855 0.57190979 0.4841831 0.16298807 0.45939273 0.47637832 -0.16277508 0.74881238 0.56014514 0.00351168 0.66014546 0.53552407 -0.46648881 0.63098186 0.67871213 0.07776687 0.54545736 0.67516363 -0.20134079
8.11897933e-01 4.17542756e-01 -2.42811441e-01 6.58229768e-01 3.87221038e-01 -7.71776497e-01 7.70844460e-01 5.26123047e-01 -1.61348477e-01 5.77589333e-01 5.26040792e-01 -7.55518198e-01 7.56809056e-01 6.14653528e-01 -2.49798864e-01 5.47034323e-01 6.39185488e-01 -6.85739577e-01 5.71225405e-01 4.84333575e-01 1.61899820e-01 4.59010005e-01 4.76375073e-01 -1.61679029e-01 7.48790503e-01 5.60140550e-01 5.34143648e-04 6.58501208e-01 5.35353720e-01 -4.68219638e-01 6.30495012e-01 6.78694308e-01 6.74362406e-02 5.45723319e-01 6.75775886e-01 -2.07967132e-01
0.81179255 0.41734794 -0.24572878 0.65770018 0.38694367 -0.77132505 0.77085495 0.52609414 -0.16587624 0.57761467 0.52581382 -0.76258546 0.75699902 0.61462456 -0.25536701 0.54733229 0.63913751 -0.69660908 0.57096839 0.48437148 0.16138352 0.45876157 0.47629511 -0.16115068 0.74840927 0.56007904 -0.01294364 0.65613669 0.53528708 -0.4732554 0.62970185 0.67863828 0.05737709 0.54591554 0.67656684 -0.22605996
0.81160641 0.41706416 -0.24495819 0.65670592 0.38694617 -0.77330202 0.7704916 0.52558583 -0.16314036 0.57718986 0.5258224 -0.76653647 0.75703275 0.61442471 -0.24923395 0.54782516 0.63912374 -0.69759834 0.57070053 0.48440203 0.16140927 0.45859993 0.47629064 -0.16117479 0.74788278 0.56005752 -0.01173501 0.65523475 0.53519952 -0.47312745 0.62915266 0.67861974 0.0604893 0.5460847 0.67726707 -0.23093139
0.81149507 0.41689953 -0.2494636 0.65515172 0.38698524 -0.7838794 0.77009785 0.52519596 -0.16618805 0.57686865 0.5258497 -0.78576106 0.75689757 0.61440045 -0.25821677 0.54798019 0.63911432 -0.72175628 0.57043815 0.48447564 0.16141982 0.45848373 0.47629157 -0.16118675 0.74723488 0.56003302 -0.02429884 0.65482002 0.53505796 -0.48873919 0.62916166 0.67861444 0.0549073 0.54648036 0.67738694 -0.23986706
0.81147927 0.41662237 -0.25705138 0.65458423 0.38738069 -0.79858726 0.77006423 0.52463663 -0.16793466 0.57683569 0.52611268 -0.79700089 0.75691783 0.61435717 -0.25747213 0.54797661 0.6391148 -0.73033607 0.57023054 0.48448184 0.16209781 0.4584049 0.47630492 -0.16188544 0.74713075 0.5600518 -0.01936555 0.65523523 0.53503758 -0.49582162 0.62970132 0.67894238 0.05809909 0.54801852 0.67737567 -0.23621202
0.81133187 0.41662917 -0.26383638 0.65395659 0.38741776 -0.809488 0.77000153 0.52463526 -0.17266515 0.57683206 0.52609354 -0.80825448 0.75691056 0.61431813 -0.26759019 0.5480268 0.63906419 -0.74640203 0.56983066 0.48472461 0.16306533 0.45836106 0.47631261 -0.16286843 0.74714053 0.5607031 -0.04045637 0.65428263 0.53499305 -0.52689087 0.62982762 0.67949033 0.0549634 0.5480113 0.67734909 -0.24906687
0.81120074 0.41662398 -0.26143372 0.65429634 0.38706157 -0.80677706 0.76999587 0.52469361 -0.17076077 0.57692045 0.5252431 -0.80419266 0.75691485 0.61398453 -0.26286983 0.54793358 0.6384967 -0.73882449 0.56906301 0.48495606 0.16460267 0.45835716 0.47634396 -0.16441125 0.74704015 0.56088996 -0.03166033 0.6532082 0.53547603 -0.52821612 0.6300236 0.67976385 0.06901924 0.54815817 0.67728645 -0.24482195
0.81106293 0.41662282 -0.25971499 0.65483803 0.3863188 -0.80948895 0.76999545 0.52472252 -0.16953583 0.57731622 0.52431875 -0.80787498 0.7577275 0.61370343 -0.26028225 0.54790986 0.63798678 -0.73996609 0.56810778 0.48513564 0.16703098 0.45832548 0.47636107 -0.16683649 0.74685675 0.56148738 -0.03064483 0.6527974 0.53598768 -0.53929406 0.63006854 0.68057829 0.07620589 0.54785687 0.67713726 -0.24293445
0.81104207 0.41659871 -0.25899121 0.65508515 0.38559946 -0.80657065 0.7700842 0.52470666 -0.16328099 0.57793069 0.52348232 -0.80309206 0.75865793 0.61315548 -0.25496387 0.54790878 0.63742 -0.73309809 0.56775177 0.48532692 0.16806181 0.45829707 0.4764016 -0.1678631 0.74683326 0.56189007 -0.02952723 0.65253997 0.5361287 -0.53986788 0.63009179 0.68133324 0.07800894 0.54789096 0.67667145 -0.24139811
0.81103575 0.41660261 -0.25815082 0.65509415 0.3851977 -0.80537981 0.77012795 0.52479666 -0.16314329 0.57861239 0.52341503 -0.80065304 0.75899154 0.61314476 -0.25435296 0.54790729 0.63742024 -0.72968388 0.56769258 0.48566332 0.1681738 0.45829186 0.47650778 -0.16797507 0.74695092 0.56279433 -0.0275719 0.65261292 0.53656399 -0.53282619 0.63011122 0.6820702 0.08183346 0.54801941 0.67638522 -0.23436783
0.81108445 0.41659459 -0.25529283 0.6551047 0.38491899 -0.79090232 0.77065337 0.52479535 -0.15986933 0.57970649 0.52323008 -0.78270304 0.75902998 0.61310953 -0.25025719 0.54790789 0.63735229 -0.71182716 0.56793427 0.48589823 0.16682005 0.45829195 0.47664842 -0.16661249 0.74726409 0.56413245 -0.02077604 0.65262586 0.53691554 -0.52820134 0.63014376 0.68244565 0.08885445 0.54838061 0.67473525 -0.20983724
0.81240308 0.416536 -0.25038707 0.65556008 0.3841266 -0.76713812 0.77219647 0.52480531 -0.16000606 0.58350402 0.52189302 -0.76458281 0.75907707 0.61305559 -0.24977487 0.54828662 0.63725495 -0.70305598 0.56990844 0.48609841 0.16255133 0.45829067 0.47663072 -0.16228944 0.74727792 0.56424576 -0.05212506 0.64611828 0.53756934 -0.5595926 0.63121879 0.68240154 0.07228322 0.55138725 0.6742388 -0.2144057 
0.81569129 0.41680974 -0.24670754 0.65772295 0.38108388 -0.76548743 0.77270991 0.52493608 -0.16351032 0.58674777 0.5194158 -0.76513124 0.7590878 0.61302704 -0.25633791 0.54828352 0.63673681 -0.71453339 0.57077748 0.4874177 0.16250156 0.4582884 0.4766393 -0.16222639 0.74701929 0.56436503 -0.08865595 0.63811803 0.53421199 -0.61424941 0.63153714 0.68238342 0.03574051 0.55262864 0.67256886 -0.29126573
0.81745911 0.41625229 -0.24912129 0.65772963 0.38060844 -0.76885945 0.7742154 0.52286494 -0.17004985 0.59004265 0.51888955 -0.77711028 0.75939852 0.61023742 -0.26082173 0.54834819 0.6356104 -0.72483206 0.57122821 0.48742095 0.16219196 0.45821655 0.47661486 -0.16190393 0.74645346 0.56422895 -0.08158906 0.63733292 0.53309417 -0.59226429 0.63166672 0.68183142 0.04211213 0.55260724 0.67233616 -0.2744565 
0.81839597 0.41470999 -0.26281464 0.65751135 0.37998381 -0.77197403 0.77507967 0.52096051 -0.18901454 0.59014153 0.51829869 -0.78833824 0.75942504 0.60724092 -0.27549991 0.5483523 0.63248295 -0.73482108 0.57283515 0.48740909 0.16078758 0.45835537 0.47646904 -0.16048373 0.74697888 0.56395513 -0.13434286 0.63499343 0.5320189 -0.64368308 0.6327526 0.68189269 -0.00090688 0.55268657 0.66969943 -0.30705053
0.81807876 0.41433522 -0.26723689 0.65742451 0.37986583 -0.78724796 0.77501625 0.51921195 -0.19048622 0.58997536 0.51644379 -0.80959052 0.75947469 0.60722792 -0.28256992 0.54864806 0.63268018 -0.7572087 0.57277364 0.4874045 0.16081887 0.45822459 0.47641578 -0.1605183 0.74719244 0.56445491 -0.10671759 0.63637292 0.53242284 -0.61128503 0.6307323 0.68197691 0.01874665 0.55200058 0.67257434 -0.28824124
0.81596434 0.41083917 -0.26550564 0.65742153 0.3797318 -0.79773659 0.77132767 0.51728272 -0.18656583 0.58875716 0.51656991 -0.80686778 0.75496471 0.60602659 -0.26683918 0.54662263 0.63282669 -0.74897218 0.57151896 0.48739412 0.16541725 0.45802507 0.4764145 -0.16519555 0.74720913 0.56364405 -0.03862868 0.64308 0.53020704 -0.59793788 0.63059735 0.68083537 0.07789768 0.55004156 0.67238194 -0.28115949
0.81100601 0.40872851 -0.26461115 0.65543264 0.37956759 -0.80388457 0.76839924 0.51207107 -0.17502928 0.58831376 0.51672482 -0.80971408 0.75454706 0.60219222 -0.25092107 0.54658121 0.63325518 -0.74585509 0.57106674 0.48683867 0.1684327 0.45797679 0.47635996 -0.16819696 0.74708986 0.56363356 -0.030596 0.64775735 0.53105813 -0.5919103 0.6307773 0.67917937 0.11620758 0.54854584 0.67263532 -0.25730756
0.80755478 0.40825757 -0.24199623 0.65541804 0.37889642 -0.77556074 0.76521254 0.51180339 -0.15794918 0.58655131 0.51603097 -0.76524699 0.74835873 0.6025995 -0.22673832 0.54659045 0.63329875 -0.70042604 0.56942493 0.48740169 0.16960411 0.45785615 0.47654885 -0.16935273 0.74690163 0.56287634 0.00905225 0.64987361 0.5311892 -0.57047391 0.63156343 0.67847401 0.11538564 0.55625665 0.67263764 -0.24674177
0.80553502 0.40686429 -0.23131821 0.65453428 0.37796301 -0.76547915 0.7629661 0.51070541 -0.14557062 0.5834738 0.51615387 -0.75131094 0.74892777 0.601403 -0.2141574 0.54822379 0.63332552 -0.67441088 0.56885487 0.48739165 0.17040613 0.45697445 0.47653884 -0.17012438 0.74637759 0.56187803 0.00237597 0.64996427 0.53127992 -0.57364541 0.63233006 0.67631721 0.14133362 0.55610001 0.6715011 -0.22982231
0.8035478 0.402933 -0.23222794 0.65453523 0.37771732 -0.76143485 0.76263344 0.50750703 -0.1455854 0.58203256 0.51637447 -0.74104589 0.74860656 0.59913117 -0.21234068 0.55125773 0.63337135 -0.67022657 0.56874305 0.48721692 0.17046501 0.45692652 0.47637317 -0.1701514 0.7447809 0.5604828 0.0186295 0.63016438 0.53254992 -0.56488228 0.6330086 0.67317277 0.14350115 0.55732453 0.67203373 -0.22867149
0.80255663 0.40081814 -0.23442622 0.65365171 0.37756541 -0.76372528 0.76165473 0.50431532 -0.14270973 0.58260238 0.51641506 -0.74921089 0.74908805 0.59464097 -0.21154694 0.55162889 0.63321549 -0.68199933 0.56822169 0.48651129 0.17142245 0.45689648 0.47630468 -0.17110313 0.74477893 0.55854905 0.01966609 0.6408329 0.53277564 -0.5661692 0.63371521 0.67325288 0.15606798 0.55793709 0.67204082 -0.22996785
0.80118066 0.39890403 -0.23540761 0.65259397 0.37703925 -0.7642296 0.76065207 0.50254261 -0.14499308 0.58259559 0.51619422 -0.75431144 0.74915749 0.59164029 -0.21666442 0.55200207 0.6326403 -0.69634521 0.56771052 0.48626292 0.17143025 0.45680958 0.47631079 -0.17111427 0.74473071 0.55856711 0.0113822 0.63131255 0.5384205 -0.58988315 0.63500929 0.67352039 0.13880479 0.55800116 0.67272657 -0.23195803
0.80120295 0.39723045 -0.2315989 0.6536206 0.37495643 -0.76578474 0.76087588 0.50037658 -0.13848658 0.58289391 0.51587886 -0.75835764 0.74903905 0.58626324 -0.20566304 0.55198807 0.63150114 -0.694484 0.56744546 0.48538908 0.17146322 0.45681831 0.47599104 -0.17113648 0.74443096 0.55723321 0.00602391 0.63019615 0.54052609 -0.57335138 0.64034003 0.67372668 0.13397826 0.55475068 0.67793941 -0.23335417
0.8011561 0.39624253 -0.21937682 0.6536907 0.37416217 -0.75860387 0.76069635 0.49930376 -0.12314638 0.58317316 0.51530933 -0.75098103 0.75037432 0.58679885 -0.18848762 0.55229753 0.63060778 -0.67837936 0.56715184 0.48533365 0.17175016 0.4568519 0.47598734 -0.17141734 0.74428201 0.55685514 0.01608855 0.63137192 0.54093051 -0.55118108 0.64047801 0.67386556 0.13689898 0.55591857 0.67800617 -0.22689028
0.8011536 0.39697781 -0.21972446 0.65386677 0.37340161 -0.76745981 0.76076525 0.50036651 -0.12845457 0.58474606 0.51335806 -0.75233549 0.75101745 0.59060287 -0.19576539 0.55483949 0.62823045 -0.68421286 0.56726682 0.48519781 0.17171247 0.45686626 0.47592565 -0.17138016 0.74428171 0.55566543 -0.03765566 0.63491166 0.53910583 -0.57815444 0.63754648 0.67497438 0.10822242 0.55594367 0.67820549 -0.24447973
0.80110705 0.39712569 -0.22231118 0.65387601 0.37343243 -0.76669145 0.76047462 0.50107557 -0.1217742 0.58526856 0.51349723 -0.74083656 0.75163698 0.59234041 -0.17352767 0.55748808 0.62833679 -0.65686214 0.56729478 0.48479778 0.17242719 0.45713791 0.47588986 -0.1720833 0.7442916 0.55435789 0.02561121 0.64331287 0.53901124 -0.55363548 0.63751537 0.67430663 0.15979381 0.55611908 0.67875898 -0.21285367
0.80093956 0.39664453 -0.22410446 0.65369487 0.37204167 -0.76799232 0.76050383 0.49877226 -0.12277089 0.5856089 0.51254237 -0.74418038 0.75171703 0.59155947 -0.17969579 0.56206042 0.62570637 -0.66727144 0.56720293 0.48408017 0.17241266 0.4570854 0.47484383 -0.17206062 0.74406821 0.5537585 -0.00202294 0.64328396 0.53452122 -0.56425434 0.63619006 0.67434752 0.14852291 0.55590594 0.67844033 -0.25549933
0.80099565 0.39617199 -0.22485086 0.65250456 0.37025508 -0.76952803 0.76026517 0.49892873 -0.12512709 0.58752966 0.51167822 -0.7478742 0.7508508 0.59193033 -0.18546747 0.5632931 0.62551504 -0.6678164 0.56716448 0.48316199 0.170509 0.45685214 0.4731102 -0.17012189 0.74405473 0.55212188 -0.05799563 0.64326382 0.52869731 -0.56457818 0.63513863 0.6743992 0.07249797 0.55611902 0.67834437 -0.28019738
0.80103129 0.39601308 -0.2314429 0.65152353 0.36973867 -0.76660657 0.76027691 0.49822697 -0.13643964 0.58744788 0.51145488 -0.73814541 0.75096661 0.58713412 -0.18736702 0.56284136 0.62563378 -0.64435595 0.5671069 0.48208302 0.1672584 0.45661184 0.47167194 -0.16682237 0.74401146 0.5503273 -0.06292891 0.64350963 0.52818501 -0.55952603 0.63608825 0.6744507 0.06880375 0.55708033 0.67568642 -0.27790463
0.79965693 0.39283556 -0.24777479 0.65079182 0.36985943 -0.78315032 0.76028877 0.49434796 -0.14002445 0.58468992 0.51152843 -0.75775981 0.75467986 0.58456939 -0.19702105 0.56253976 0.62581336 -0.6580441 0.56693441 0.4803921 0.16740052 0.4565655 0.47134769 -0.16698456 0.74383622 0.54745936 0.03009685 0.64609569 0.52865547 -0.54421216 0.64072978 0.67017817 0.18285127 0.55720705 0.67309248 -0.19585778
0.79948348 0.38770989 -0.24784318 0.65110576 0.36844051 -0.7778669 0.76033646 0.48924196 -0.13962242 0.58482158 0.5094592 -0.75429201 0.75759661 0.5807842 -0.19636846 0.56455719 0.62238747 -0.66085422 0.56696397 0.478567 0.16499588 0.4567357 0.47016841 -0.16457453 0.74378949 0.54551035 0.02328599 0.64682084 0.52427971 -0.53824109 0.65798795 0.67040515 0.18140407 0.55730259 0.67250329 -0.20787379
0.79943174 0.3861689 -0.2476348 0.6512835 0.36824319 -0.77388602 0.76037437 0.48871437 -0.13613144 0.58480817 0.50951362 -0.74133217 0.75750506 0.58159655 -0.18502116 0.56431007 0.62280619 -0.64465612 0.5673964 0.47680855 0.16407791 0.45722196 0.46866158 -0.16364935 0.74000347 0.54532844 0.01224161 0.64647764 0.5253123 -0.51213717 0.66088188 0.67111534 0.15657566 0.55581075 0.67451149 -0.21649672
0.79945487 0.38652351 -0.25583893 0.65112585 0.3666766 -0.77380234 0.76150209 0.48941478 -0.14513226 0.5827626 0.50774384 -0.74311048 0.75711334 0.58258528 -0.18633869 0.56286705 0.62287712 -0.64871114 0.56878525 0.47616157 0.1622811 0.45761979 0.46764621 -0.16188656 0.74063253 0.5478974 -0.02603596 0.64679378 0.52543157 -0.54883814 0.6583488 0.67352754 0.12934278 0.55577594 0.67109209 -0.21908662
0.79972887 0.38604304 -0.26212111 0.65113765 0.36485407 -0.77539164 0.76307195 0.48959872 -0.15792751 0.58194345 0.50601149 -0.7442497 0.7558201 0.58277506 -0.20398241 0.56278539 0.62023902 -0.64894193 0.56913763 0.47489384 0.1622138 0.45891079 0.46577796 -0.16182125 0.74237823 0.54798114 -0.05594238 0.6467303 0.52510095 -0.54966253 0.65820694 0.67521256 0.09458241 0.55230516 0.67162251 -0.22318451
0.79987848 0.3849839 -0.26329464 0.6511941 0.36227241 -0.78180426 0.76390636 0.48963889 -0.15560478 0.58204383 0.50232184 -0.74876118 0.75586426 0.58394617 -0.20152543 0.5633148 0.61699444 -0.65087634 0.56954837 0.47328407 0.16198303 0.45933625 0.46319816 -0.1615894 0.74047208 0.55195111 -0.05167317 0.64363295 0.52516776 -0.54888648 0.64991897 0.68035126 0.09498968 0.54985136 0.6716978 -0.22497208
0.80049586 0.38450336 -0.27962813 0.65123439 0.35817164 -0.79740077 0.76477933 0.48906359 -0.17345539 0.58472031 0.49653712 -0.78531486 0.75633347 0.58413559 -0.23325162 0.56583577 0.61278903 -0.70877498 0.57059258 0.47213742 0.16170162 0.45953995 0.46108049 -0.16131435 0.73775506 0.5534851 -0.09621173 0.64089841 0.52718842 -0.57116568 0.64494741 0.68174398 0.07699823 0.5467611 0.6719023 -0.25177976
0.80094403 0.38273948 -0.2777324 0.65177208 0.35515526 -0.79428965 0.76489061 0.48499233 -0.17105515 0.58512056 0.49115402 -0.78396404 0.75626826 0.57603019 -0.23899116 0.57209957 0.60377061 -0.72449625 0.57206714 0.47012633 0.16023761 0.46058381 0.45833412 -0.15982318 0.73722768 0.55345303 -0.10764418 0.63551646 0.52897048 -0.58383375 0.64454401 0.68206692 0.04508278 0.54614562 0.67201424 -0.29208046
0.80113411 0.38186783 -0.30124265 0.65173709 0.35365772 -0.81636262 0.7653743 0.48544702 -0.19210625 0.5850206 0.49158391 -0.80936635 0.75819546 0.57736003 -0.26186016 0.57147515 0.60718435 -0.75633359 0.57230777 0.46845782 0.16042589 0.46124235 0.45586762 -0.15999945 0.73660886 0.55302334 -0.09428448 0.6299454 0.5299949 -0.59742492 0.64422584 0.68204767 0.05765655 0.54444343 0.67911375 -0.28648129
0.80152977 0.38201129 -0.29933551 0.65153939 0.35094684 -0.82470614 0.76538575 0.48583725 -0.20653075 0.58568883 0.48845112 -0.83235961 0.75971293 0.57931817 -0.30894125 0.57772553 0.6022597 -0.80157572 0.57255912 0.4671517 0.16159879 0.46150234 0.45367524 -0.16114265 0.73542541 0.55071419 -0.16510132 0.62442964 0.52941185 -0.65009654 0.64413762 0.681844 0.01983025 0.54388005 0.68098849 -0.34570113
0.8022666 0.37970552 -0.30711573 0.65154427 0.34953356 -0.8377775 0.76589757 0.48577124 -0.20373477 0.58581293 0.48649958 -0.83610994 0.76045549 0.57991195 -0.28946549 0.57759339 0.60306841 -0.7874676 0.57266629 0.46521893 0.16400896 0.46274447 0.45195943 -0.16355579 0.73485827 0.54965073 -0.12830558 0.60628891 0.53040051 -0.63577962 0.64535761 0.68429118 0.03434147 0.54408604 0.68391579 -0.33231238
0.802333 0.37844485 -0.30091789 0.65137565 0.34673089 -0.83571678 0.76624292 0.48492354 -0.19767231 0.58611578 0.48451146 -0.8360405 0.7607317 0.58031166 -0.28610587 0.57703269 0.60213822 -0.79355764 0.57290071 0.46434915 0.16632672 0.46281078 0.45094118 -0.16586611 0.73549598 0.54850644 -0.12908411 0.58866227 0.53132969 -0.65782225 0.64496392 0.68435001 0.04628424 0.54410666 0.68608159 -0.36473972
0.80234146 0.37447879 -0.29875153 0.65119475 0.34422398 -0.85846043 0.76622719 0.48231423 -0.19482318 0.58677375 0.48052636 -0.86105812 0.76100832 0.58058488 -0.2956697 0.57460189 0.59167397 -0.81895906 0.57289344 0.4632377 0.17065272 0.46300322 0.4501532 -0.17021029 0.73464626 0.5488748 -0.12650689 0.58958542 0.53526342 -0.65169597 0.64327925 0.6884191 0.05455459 0.54390287 0.68554407 -0.33661065
0.802387 0.37045854 -0.3192184 0.64936906 0.34222883 -0.88488036 0.76613867 0.48052657 -0.22773089 0.58623219 0.47762355 -0.90641403 0.76098371 0.58061737 -0.34636599 0.56417662 0.59358907 -0.8833707 0.57233012 0.46163079 0.17284821 0.463135 0.44909441 -0.1724261 0.7261042 0.55433244 -0.14831449 0.59145033 0.53614944 -0.66427982 0.64391667 0.68793458 0.05790731 0.54414737 0.68678701 -0.32568172
0.80238396 0.36961806 -0.33333331 0.64743966 0.33808458 -0.90876907 0.76593637 0.47804117 -0.23923805 0.58593059 0.47357839 -0.93928605 0.76096004 0.57802814 -0.37151736 0.56212354 0.59240705 -0.92764086 0.57200593 0.46106297 0.17606428 0.46337667 0.44699714 -0.17561883 0.7199977 0.55689704 -0.17702948 0.5841465 0.53586733 -0.70875847 0.64289045 0.68822789 0.04435866 0.54461515 0.68789256 -0.35993844
0.80304629 0.36707196 -0.33432844 0.64705461 0.33644456 -0.90210974 0.76593196 0.4756487 -0.24919815 0.58624566 0.47010598 -0.92974132 0.76093602 0.57656258 -0.37912229 0.56340748 0.58455116 -0.91156429 0.57200557 0.459681 0.17687434 0.46387562 0.44479221 -0.17645445 0.71574098 0.55764556 -0.15523487 0.58252609 0.53596401 -0.70237184 0.64290738 0.6883564 0.06124778 0.54468483 0.68794435 -0.36240524
0.8031376 0.36453116 -0.36093017 0.64617026 0.33506429 -0.93286645 0.76592714 0.47355852 -0.27602318 0.58624411 0.46891955 -0.96880561 0.76159006 0.57456756 -0.40990728 0.56201118 0.58698064 -0.96068645 0.57225227 0.45820919 0.18039115 0.46420136 0.44400474 -0.17997804 0.71335363 0.5573315 -0.16014472 0.60182971 0.53230149 -0.74307775 0.64290327 0.68817848 0.08446308 0.54474694 0.68929279 -0.37665239
0.80326432 0.35940179 -0.34649929 0.64549041 0.33387932 -0.90846503 0.7660042 0.47083503 -0.27177939 0.58959687 0.47012028 -0.92863119 0.76167893 0.57210916 -0.3803418 0.57483548 0.5810976 -0.90218157 0.57257223 0.45649135 0.18211044 0.46432 0.4434582 -0.18170044 0.71244228 0.55722159 -0.12035248 0.61205351 0.52789199 -0.68488848 0.64114201 0.68800563 0.11506176 0.54534763 0.69101685 -0.36242151
0.80239499 0.35686234 -0.34334821 0.64521456 0.333296 -0.90193182 0.76586711 0.4672783 -0.23049377 0.58951265 0.46681207 -0.91428876 0.76189953 0.56961143 -0.30644059 0.57732856 0.5741182 -0.90144718 0.57263076 0.45502615 0.1861611 0.46435192 0.4433251 -0.18579765 0.71181726 0.55812669 -0.00726127 0.60440129 0.53416288 -0.62238133 0.6380347 0.68833989 0.22927657 0.54578948 0.69405144 -0.3446309 
0.8018285 0.35524413 -0.3378922 0.64365661 0.33150113 -0.89882886 0.76581603 0.46577832 -0.22754791 0.58943754 0.46616605 -0.90829152 0.76435798 0.56841451 -0.30382362 0.58030474 0.57161117 -0.88160354 0.5726341 0.45362204 0.18859269 0.46426889 0.44310507 -0.18822521 0.71160156 0.55797613 -0.00860724 0.60489637 0.53744382 -0.59585625 0.63811213 0.68825251 0.2340015 0.54593182 0.69662833 -0.33170816
0.80150831 0.35365799 -0.3376008 0.64287323 0.32756048 -0.90939587 0.76575893 0.46324021 -0.24212737 0.58884484 0.46236247 -0.93172514 0.76530325 0.56585401 -0.34766355 0.59828991 0.56456631 -0.89430457 0.57235235 0.45290983 0.19047455 0.46332473 0.44228256 -0.19011381 0.71178442 0.55796045 -0.02567392 0.60399181 0.54227328 -0.6068756 0.63680661 0.68817991 0.22618081 0.54684836 0.69616455 -0.31322241
0.8013702 0.34963217 -0.31365579 0.64172828 0.32491833 -0.87721318 0.76568455 0.4593831 -0.20506403 0.58825552 0.455888 -0.88769484 0.76651508 0.56341475 -0.28629673 0.59721452 0.55658543 -0.82878566 0.57247877 0.45017928 0.19002558 0.46332887 0.44070369 -0.18964654 0.71131289 0.55813557 -0.02164991 0.60659343 0.54360288 -0.57851213 0.63511789 0.68878514 0.22601604 0.5458675 0.69955277 -0.31462535
0.8012237 0.34855822 -0.27501407 0.64148128 0.32177481 -0.84453553 0.76496273 0.45843604 -0.15780425 0.58821923 0.45326063 -0.85374564 0.7664206 0.56222206 -0.22234094 0.60083956 0.55594772 -0.78805006 0.57232589 0.44823831 0.19130003 0.46333379 0.43902257 -0.19090438 0.7095046 0.55806905 0.01727838 0.61024731 0.54432946 -0.53560966 0.63154542 0.68924296 0.24694869 0.54598659 0.70343775 -0.31533167
0.80027449 0.34599164 -0.28154707 0.64116496 0.32156035 -0.85291874 0.76448488 0.45603141 -0.16123763 0.5871343 0.45342198 -0.86191595 0.76615137 0.55998302 -0.22600362 0.59865969 0.55753505 -0.80392432 0.57211089 0.44652775 0.19309945 0.46358016 0.43813699 -0.19271322 0.70881307 0.55802923 0.02684423 0.6118573 0.54592597 -0.54658151 0.63192129 0.68977964 0.2627221 0.5468899 0.70307374 -0.30900979
7.99941897e-01 3.44169021e-01 -2.82877833e-01 6.38919175e-01 3.18773866e-01 -8.53602707e-01 7.64090776e-01 4.54357982e-01 -1.65128112e-01 5.85595131e-01 4.50833470e-01 -8.66308093e-01 7.66134560e-01 5.58996379e-01 -2.38057345e-01 6.02539599e-01 5.56356668e-01 -8.11586440e-01 5.72185993e-01 4.45727617e-01 1.92518055e-01 4.63891894e-01 4.37402368e-01 -1.92130178e-01 7.08419204e-01 5.57992101e-01 2.56910193e-04 6.11820221e-01 5.45411408e-01 -5.57403803e-01 6.32194996e-01 6.89774454e-01 2.34781057e-01 5.46903014e-01 7.02228844e-01 -3.29726398e-01
0.80011773 0.34196296 -0.28361845 0.63671231 0.31595707 -0.84508729 0.76392448 0.4527702 -0.16986564 0.5845781 0.45014945 -0.86077219 0.76618469 0.55636346 -0.2500377 0.58388609 0.55374497 -0.81532055 0.57237291 0.44559446 0.19138339 0.46389985 0.43672797 -0.1910004 0.70844692 0.55783314 -0.00309751 0.61136293 0.54517561 -0.58842307 0.63239789 0.68981951 0.22653937 0.54691088 0.70193285 -0.34985685
0.80043226 0.33860505 -0.28876385 0.6368944 0.31103817 -0.87178499 0.76341528 0.44919062 -0.18437442 0.58458138 0.44478104 -0.91340023 0.76588571 0.55513823 -0.27659416 0.57041699 0.54489845 -0.8883751 0.57282996 0.44399849 0.19385602 0.46504122 0.4349865 -0.19348986 0.70874578 0.5578053 -0.00371538 0.61419952 0.54369217 -0.60422248 0.63304943 0.68979317 0.23915377 0.54699963 0.70299983 -0.36777261
0.80063778 0.33735743 -0.26239887 0.6372146 0.30539849 -0.82198125 0.76309431 0.44729608 -0.16638365 0.58253253 0.4340547 -0.86642301 0.76585275 0.55463898 -0.2616176 0.56710649 0.52685505 -0.86441225 0.57306468 0.44247854 0.19350968 0.46554583 0.43265468 -0.1931546 0.7078352 0.55823743 -0.01009392 0.61457235 0.54130608 -0.5961206 0.6295796 0.69175524 0.23164725 0.54429287 0.7043792 -0.3982442 
0.80134642 0.33536369 -0.27614343 0.63731545 0.30229816 -0.83237833 0.76301867 0.44625792 -0.20287381 0.58058184 0.432354 -0.88448137 0.76561445 0.5534063 -0.3075476 0.56523705 0.53156507 -0.88020647 0.57484478 0.44060853 0.19248541 0.46639991 0.43133628 -0.19213758 0.70770526 0.55822241 -0.05587721 0.61268878 0.53599876 -0.63087809 0.62958908 0.69164902 0.18368575 0.54434073 0.70168865 -0.3831169 
0.80128676 0.33229506 -0.27732229 0.63724029 0.29803714 -0.83632773 0.76251018 0.44289443 -0.20847407 0.57827592 0.42603582 -0.90243512 0.76382524 0.55119187 -0.31509387 0.56458664 0.52797782 -0.89618444 0.57526374 0.43881935 0.19221626 0.46694207 0.4279792 -0.19188848 0.70780659 0.55848819 -0.06120035 0.61030811 0.53677189 -0.62993413 0.62980938 0.69172275 0.18310127 0.54385298 0.70100576 -0.3757425 
0.80164993 0.33202353 -0.26151344 0.63723338 0.29688939 -0.81014562 0.76142126 0.44193304 -0.19104268 0.57838368 0.42633685 -0.87040633 0.7637549 0.54877877 -0.30196398 0.56551516 0.52510637 -0.86112303 0.57540816 0.43819603 0.18779735 0.46753147 0.42676464 -0.18741153 0.70743442 0.55846441 -0.10633249 0.6065737 0.53130019 -0.61093575 0.62997538 0.69184023 0.11553759 0.54057151 0.6988641 -0.37150627
0.80168861 0.32815805 -0.26235896 0.63727915 0.29475924 -0.81788856 0.76080573 0.43842804 -0.17814995 0.57821387 0.42568669 -0.86799264 0.76375151 0.54568863 -0.27626303 0.56547451 0.52757925 -0.84863347 0.57673639 0.436391 0.18778519 0.46887392 0.42646155 -0.18739924 0.70748883 0.55814236 -0.08767948 0.60716915 0.53131402 -0.59719962 0.62949693 0.6918537 0.14311755 0.54050231 0.69888175 -0.36899877
0.80173898 0.32428345 -0.26487604 0.63711762 0.29301307 -0.82438254 0.76057273 0.43650082 -0.17953978 0.57661629 0.4211072 -0.87653852 0.76409882 0.54231668 -0.27912503 0.56426239 0.52270544 -0.86615634 0.57711864 0.43509987 0.18830389 0.47014743 0.42521244 -0.1878901 0.70754212 0.55814296 -0.07863584 0.60534871 0.53087658 -0.59754366 0.6283108 0.69328761 0.15356638 0.54063404 0.69959027 -0.39827427
0.80163527 0.32009229 -0.26690826 0.63680893 0.29059866 -0.8246032 0.76056963 0.43308821 -0.17486925 0.5766331 0.42071757 -0.88129973 0.76425397 0.54047769 -0.27103722 0.56435078 0.52347159 -0.86691058 0.57796705 0.43284121 0.18948291 0.47035918 0.42439502 -0.18907599 0.70979673 0.55813378 -0.05806285 0.60464764 0.54433411 -0.6241883 0.6285876 0.69325995 0.24620853 0.54094768 0.70021957 -0.41831008
0.80164313 0.31754011 -0.26404178 0.63779175 0.28514007 -0.82796758 0.76053172 0.42941856 -0.16453537 0.57583547 0.41613358 -0.8791647 0.76432985 0.53828132 -0.25288188 0.56290054 0.52084452 -0.86626869 0.57921392 0.43053743 0.19269268 0.47197157 0.42167914 -0.19225451 0.70665687 0.5581519 -0.01213564 0.60453963 0.54777813 -0.6094355 0.62816954 0.69381428 0.29223272 0.53815711 0.70331126 -0.40656278
0.80125779 0.3138029 -0.25330442 0.63899475 0.28131813 -0.83001637 0.76036781 0.42562386 -0.14207971 0.57435137 0.40846747 -0.87997651 0.76351273 0.5351842 -0.23589355 0.55983257 0.51017272 -0.87239426 0.58043629 0.42957586 0.19670582 0.47289678 0.4209635 -0.196275 0.70416397 0.55827945 0.02789649 0.60466278 0.54733199 -0.61644876 0.6282078 0.69377309 0.36243919 0.53753567 0.70457947 -0.41431051
0.80118048 0.31046054 -0.25667232 0.63954586 0.27550745 -0.84759492 0.76024294 0.42188117 -0.15044795 0.57344919 0.40354156 -0.91094118 0.76387686 0.53167152 -0.23764914 0.558433 0.51075417 -0.91303313 0.58178556 0.42856297 0.20149598 0.47378373 0.41985902 -0.20110087 0.69980794 0.55830413 0.03722159 0.60610825 0.54985648 -0.61849904 0.62822926 0.69369215 0.35946643 0.53769469 0.70533437 -0.41966054
0.80088776 0.3082763 -0.24007034 0.63933307 0.27257803 -0.83336663 0.76024026 0.42079246 -0.14345449 0.57024539 0.39878312 -0.89681661 0.76656079 0.5297032 -0.23898807 0.55709153 0.49928319 -0.89943522 0.58292115 0.42620185 0.20151705 0.47397828 0.41657883 -0.20110908 0.69826359 0.5582934 -0.0404966 0.60621274 0.54902637 -0.63381934 0.62711173 0.6946398 0.23269638 0.53767365 0.70549929 -0.44347659
0.79826885 0.30674037 -0.21621574 0.6393885 0.27152157 -0.83378518 0.75927025 0.4179554 -0.11001344 0.57046866 0.39851505 -0.89576554 0.76638031 0.52665037 -0.22362293 0.55752033 0.49847162 -0.89783138 0.58284879 0.42530122 0.20910102 0.47421789 0.41548786 -0.20870189 0.69378859 0.5567714 -0.04474334 0.60624933 0.54890287 -0.64226133 0.62687528 0.69553274 0.21622844 0.53773344 0.70691657 -0.46070012
0.79509461 0.30153561 -0.22460511 0.63642853 0.26934251 -0.84863585 0.75797886 0.41338482 -0.11048955 0.57025373 0.39971772 -0.89947128 0.76494187 0.52061814 -0.21990763 0.55482203 0.50299084 -0.90063071 0.58261514 0.42445049 0.2119685 0.47420287 0.41537035 -0.21163216 0.69333768 0.55576956 -0.06251144 0.61047345 0.54855782 -0.64354908 0.62778729 0.6956014 0.21151933 0.53781801 0.70707077 -0.44686261
0.79388845 0.29975179 -0.22849433 0.63632017 0.26638481 -0.87067866 0.75730276 0.41265026 -0.11683279 0.56961536 0.39854416 -0.92289782 0.76497269 0.52199554 -0.22821413 0.55411482 0.50399166 -0.93873292 0.58360803 0.4211117 0.21570691 0.47448212 0.41304779 -0.21538708 0.69317883 0.55359387 -0.06214211 0.61128932 0.54850423 -0.66982728 0.62909895 0.69513249 0.25270689 0.53787148 0.70746762 -0.44823751
0.79193044 0.29665056 -0.22251879 0.6365996 0.26295969 -0.88301867 0.75650626 0.41120088 -0.10589179 0.56970507 0.39610407 -0.93184769 0.76551694 0.52164567 -0.22658293 0.55432802 0.5008229 -0.94850147 0.58355254 0.41914204 0.22050101 0.47466499 0.41168448 -0.22017597 0.6923942 0.55070674 -0.05795339 0.61143917 0.54676229 -0.65882498 0.63064557 0.69526082 0.24668732 0.53654748 0.70738548 -0.44707957
0.79210424 0.2952809 -0.22605969 0.63615274 0.25720599 -0.87722033 0.75462049 0.40992868 -0.14453793 0.56793803 0.38779542 -0.93471915 0.76551908 0.51990175 -0.30046099 0.55144978 0.4933292 -0.96427542 0.58491522 0.41927385 0.21846648 0.47509691 0.40935847 -0.21812184 0.68485457 0.55101103 -0.12787691 0.60637164 0.54407477 -0.67317224 0.62758809 0.69782013 0.11759226 0.53520894 0.70728666 -0.44474569
0.79145324 0.29213995 -0.24334013 0.63557488 0.2545951 -0.89387542 0.75321513 0.40586123 -0.16210248 0.56701314 0.38635585 -0.95768172 0.76551408 0.51664132 -0.3243365 0.54770994 0.49119231 -1.00240612 0.58523041 0.41692215 0.21848702 0.47511619 0.40708956 -0.21820177 0.68593091 0.54785961 -0.13540764 0.60640788 0.52888244 -0.70794946 0.62892926 0.69765109 0.11846229 0.53477174 0.70712566 -0.45698297
0.79136217 0.28869885 -0.25052699 0.63547242 0.25144431 -0.90023166 0.75268394 0.40429193 -0.16795912 0.56647396 0.38357371 -0.9624427 0.76522082 0.51471102 -0.32545051 0.54832351 0.49129051 -1.00128686 0.5850023 0.41547495 0.21925995 0.47516388 0.40469745 -0.21899572 0.68566257 0.5447486 -0.12283944 0.60690713 0.53069615 -0.70682168 0.6291669 0.69714135 0.13706289 0.5348711 0.70673752 -0.47468376
0.79120415 0.28642017 -0.26059487 0.63484585 0.24956848 -0.90411079 0.75107813 0.40201861 -0.17896289 0.5643667 0.38168007 -0.96844107 0.76450217 0.51140577 -0.33316806 0.54544175 0.48663533 -1.00640368 0.58521008 0.41417518 0.21971607 0.4752706 0.40315774 -0.21946405 0.68604571 0.54255331 -0.12089259 0.6069501 0.52721316 -0.69417191 0.629354 0.69705224 0.12802655 0.53487837 0.70631289 -0.47743547
0.79121375 0.28257698 -0.26251131 0.63342798 0.24739729 -0.90799993 0.74946439 0.40001917 -0.17865923 0.56450534 0.37974894 -0.971627 0.76450467 0.50960696 -0.32721254 0.54604727 0.4830187 -0.99967253 0.58710772 0.41274738 0.22030155 0.4765251 0.40201062 -0.22003807 0.6849069 0.54335213 -0.11305889 0.60447389 0.52820051 -0.67891347 0.62843752 0.6976704 0.12631048 0.53447932 0.7061978 -0.45063493
0.79071003 0.28125402 -0.26949397 0.63207406 0.24397932 -0.90190697 0.74779022 0.39935631 -0.18749742 0.56372958 0.37767136 -0.96908176 0.76423788 0.50800461 -0.32812124 0.54535621 0.48137227 -0.9941119 0.58719015 0.41119176 0.21929708 0.47691786 0.3998054 -0.21904643 0.68311244 0.54404426 -0.10711198 0.60190767 0.52854216 -0.61919624 0.62641692 0.69840342 0.10505905 0.53436005 0.70606148 -0.40669876
0.79023582 0.27856505 -0.26772979 0.63194168 0.23908344 -0.89863563 0.74629277 0.39602068 -0.18598585 0.56371689 0.37149039 -0.96184814 0.76423699 0.50574583 -0.3308402 0.54564852 0.47636127 -0.98574752 0.58861518 0.41104278 0.2186555 0.47885081 0.39851189 -0.21841307 0.68312442 0.54408157 -0.10726745 0.59775728 0.52996033 -0.6294933 0.62647152 0.69837499 0.11671782 0.5350315 0.70504993 -0.41172984
0.78913599 0.27747589 -0.25481787 0.63114661 0.23392698 -0.87386394 0.74587494 0.39467338 -0.17556047 0.56198055 0.36353511 -0.93749803 0.76423275 0.50348705 -0.32635066 0.54532093 0.46786153 -0.973984 0.58942747 0.41157326 0.21566661 0.48063931 0.39731571 -0.21541926 0.68344575 0.54293835 -0.10734864 0.59468776 0.53042716 -0.62954998 0.6265353 0.69818866 0.09702385 0.53377074 0.70385021 -0.41591734
0.78911841 0.27331883 -0.2617915 0.62887537 0.2331854 -0.87421179 0.74578029 0.38959125 -0.1834859 0.55965978 0.36152378 -0.93918169 0.76446122 0.50000572 -0.33872452 0.54418033 0.46387047 -0.97598314 0.59186417 0.41019127 0.21343197 0.48249957 0.39646211 -0.21322381 0.68368357 0.54234821 -0.11861733 0.59321207 0.53104979 -0.61987019 0.62642378 0.69814515 0.08459526 0.53311545 0.70375502 -0.41099212
0.78797913 0.26947585 -0.26068437 0.62624168 0.22983854 -0.87482923 0.74548674 0.38586208 -0.17837748 0.55836284 0.35605511 -0.93914253 0.7642116 0.49500242 -0.33205095 0.54031479 0.45838308 -0.97492588 0.59370607 0.4096649 0.21229269 0.48414662 0.3950946 -0.21208493 0.68364936 0.54111564 -0.08462811 0.59252131 0.53144944 -0.59112883 0.6266551 0.69703686 0.09618788 0.53294659 0.70397162 -0.39584649
0.7840125 0.26121616 -0.23971047 0.62471563 0.22605099 -0.87609792 0.74445409 0.38027051 -0.13022886 0.55777782 0.35146368 -0.9399572 0.763367 0.49073967 -0.2804614 0.53917515 0.45521647 -0.97913063 0.59634191 0.40899259 0.2137107 0.48975939 0.39589974 -0.21352179 0.68377841 0.54104018 -0.02031107 0.59099412 0.53266913 -0.53984892 0.6284067 0.69671893 0.15969254 0.53322554 0.70615256 -0.35956365
0.78119069 0.2589348 -0.22917636 0.61975771 0.22288409 -0.83297455 0.74011546 0.37709847 -0.12600966 0.55518407 0.3476918 -0.88657671 0.76245564 0.48758501 -0.2699143 0.53184617 0.4499009 -0.92118782 0.59866613 0.40826803 0.20697477 0.49258763 0.39524493 -0.20671609 0.68344015 0.54158038 -0.02370382 0.59139359 0.53228062 -0.5260362 0.62971431 0.69571817 0.16775452 0.53397918 0.70652592 -0.33416367
0.77908748 0.25360218 -0.22238371 0.61573428 0.21883988 -0.79743814 0.73808384 0.37385157 -0.12203237 0.55356026 0.34574035 -0.84931773 0.75966513 0.48355263 -0.27129894 0.52847344 0.44871804 -0.89619476 0.60513639 0.40640411 0.19949019 0.49931985 0.39428315 -0.19920602 0.68351644 0.54155177 -0.02928805 0.59156179 0.53185201 -0.47617158 0.62899005 0.69529587 0.11338689 0.53536987 0.70648265 -0.28497028
0.7749998 0.24762414 -0.2050171 0.61234432 0.21411727 -0.75877935 0.73407036 0.36820772 -0.11199216 0.55386555 0.3416959 -0.81557721 0.75684118 0.47367147 -0.26107273 0.52653831 0.44232085 -0.8637982 0.61057776 0.40666524 0.19147022 0.50529975 0.39471591 -0.19118038 0.68357474 0.54164547 0.01538778 0.59193397 0.53196752 -0.46927148 0.63010895 0.69483185 0.16869748 0.53666747 0.70630628 -0.28866407
0.76836115 0.24158403 -0.16752872 0.60695344 0.20965202 -0.76648939 0.72939497 0.36280435 -0.05541217 0.55397207 0.33855909 -0.83192706 0.75449318 0.46729535 -0.21819437 0.52752173 0.4431771 -0.8871308 0.61210155 0.4069024 0.19342904 0.50826907 0.39479008 -0.19314525 0.68335122 0.54174739 0.01285392 0.59036893 0.53204083 -0.49493375 0.63045102 0.69434035 0.16715759 0.53792965 0.70512962 -0.31138778
0.76343608 0.23537563 -0.14147948 0.60251212 0.20379196 -0.73989207 0.72814041 0.35929349 -0.01677331 0.5529263 0.33453831 -0.79627436 0.75221509 0.46312299 -0.15592292 0.5283528 0.4412775 -0.84311771 0.61482698 0.40698856 0.19405964 0.51195323 0.3950583 -0.19379331 0.68309265 0.541758 0.00279012 0.59063417 0.53187209 -0.46841639 0.62514925 0.69564319 0.09481741 0.53876024 0.70447057 -0.32515889
0.75404608 0.23107833 -0.15320437 0.59691906 0.19898123 -0.75825995 0.7252388 0.35391226 -0.00910687 0.55192828 0.32866874 -0.81680107 0.74997991 0.45622319 -0.12977712 0.52548224 0.43368071 -0.86421454 0.61993122 0.40713921 0.1948545 0.51620507 0.397255 -0.19460946 0.68278426 0.5423097 0.09667158 0.57885671 0.5399673 -0.44083747 0.62975872 0.6917212 0.29862732 0.53876722 0.70475835 -0.26488033
0.75024211 0.22806726 -0.07685901 0.58751881 0.19506563 -0.67132723 0.72264111 0.34838903 0.08051528 0.55011696 0.32403156 -0.71943343 0.74986506 0.4499532 -0.00703614 0.52404952 0.42600816 -0.76016235 0.63162613 0.4072102 0.18576346 0.52530712 0.39980134 -0.18558154 0.68141991 0.54230344 0.08204374 0.57629979 0.54093784 -0.43921074 0.62978351 0.69185829 0.24042937 0.5393998 0.70486438 -0.29246292
0.74393797 0.22533126 -0.03769544 0.57900256 0.19063854 -0.60178465 0.72189504 0.34575596 0.1355871 0.54696012 0.31724283 -0.63689476 0.75016552 0.44465244 0.07559568 0.5235064 0.42138353 -0.6644116 0.64657676 0.4072538 0.17427595 0.5381971 0.39995915 -0.17425644 0.68087959 0.54495162 0.05382706 0.57204294 0.54543108 -0.29886457 0.62925935 0.69480336 0.21635468 0.53835887 0.70634544 -0.10767515
0.74109232 0.21789972 -0.06524745 0.57115275 0.18414563 -0.56920737 0.72256446 0.34084368 0.12246143 0.54507226 0.31439495 -0.58467883 0.7502318 0.43813449 0.09118333 0.52398241 0.41954628 -0.60779649 0.65958071 0.40678138 0.14779332 0.54925591 0.40012598 -0.1478855 0.67380571 0.54461974 0.09634154 0.56462437 0.54596847 -0.14601703 0.62935483 0.69561207 0.28807011 0.53836262 0.70631313 0.07032629
0.73645973 0.21389382 -0.00516264 0.56687516 0.17855367 -0.5104295 0.72305167 0.33499587 0.1741576 0.54253387 0.30669385 -0.54300839 0.75136566 0.43026459 0.12255277 0.52376336 0.41206425 -0.59376121 0.66642046 0.40413332 0.1523761 0.55889916 0.39862695 -0.15254167 0.66794318 0.54839981 0.12282373 0.56653321 0.54745007 -0.16412978 0.63264883 0.69560069 0.30513346 0.53843009 0.70622611 0.0319735 
0.72854441 0.20874931 0.03031002 0.55727732 0.17666402 -0.47874802 0.72250283 0.33058104 0.19388992 0.53946936 0.30106878 -0.52986538 0.75147158 0.42421612 0.11551677 0.52387816 0.40601489 -0.59386766 0.67130476 0.40261686 0.15651901 0.56263089 0.3979505 -0.15666106 0.66637081 0.55059391 0.20916595 0.56524289 0.54986668 -0.11564597 0.63176984 0.69597322 0.43638939 0.53850114 0.70615596 0.12294912
0.7184186 0.20374219 0.09632866 0.5454703 0.17460816 -0.42242879 0.71873069 0.32378367 0.22439697 0.53468865 0.29748875 -0.49805331 0.75146234 0.41717431 0.11049156 0.52405202 0.40133733 -0.56946224 0.67513824 0.39969668 0.16010724 0.56321543 0.39613435 -0.16020651 0.66684037 0.55133629 0.18794447 0.56379306 0.55065125 -0.15237412 0.63185894 0.69657576 0.38565299 0.53940535 0.70610899 0.060031 
0.71001017 0.20395942 0.04617475 0.53027695 0.17690589 -0.45793408 0.71743274 0.32172406 0.18742472 0.53058362 0.30026799 -0.49967724 0.75283408 0.41528305 0.08613507 0.5238148 0.40077978 -0.54384017 0.67592514 0.39298815 0.15418619 0.5626812 0.39086622 -0.15438691 0.66565895 0.55052543 0.15822802 0.56023943 0.54858649 -0.16083837 0.63612711 0.69656748 0.33714703 0.53924435 0.70609343 0.02079063
0.70203018 0.20138244 0.09350155 0.51966614 0.17539546 -0.36118528 0.7161485 0.31499681 0.23492987 0.52629179 0.29954737 -0.38954377 0.75251168 0.40669382 0.1542585 0.52275634 0.39963397 -0.43362543 0.67921501 0.38569668 0.14389621 0.56618065 0.38463518 -0.14411984 0.65815502 0.54917395 0.13788202 0.55542493 0.54831576 -0.16858624 0.63811845 0.6965853 0.26113892 0.53767931 0.70593673 -0.02465321
0.68721765 0.20066993 0.14814873 0.51436573 0.17609246 -0.31611773 0.71290928 0.3101922 0.27901024 0.52221543 0.29417464 -0.36836761 0.75099975 0.39905819 0.20943587 0.52285588 0.39526126 -0.41453364 0.67916262 0.38009197 0.14140289 0.56944954 0.37799379 -0.14166433 0.6510523 0.54583657 0.1288067 0.55525601 0.54724067 -0.17516716 0.63857239 0.69528347 0.22529015 0.53788209 0.70423383 -0.04027912
0.67568618 0.201603 0.20752408 0.5061323 0.17968601 -0.24282226 0.71008366 0.31000772 0.33671215 0.5201593 0.29698744 -0.29777804 0.75103599 0.40047422 0.2657893 0.52316362 0.39481825 -0.35392648 0.67804414 0.38331988 0.14045183 0.56902182 0.38050547 -0.14069112 0.64704907 0.5460847 0.13966779 0.55049974 0.54843754 -0.16704834 0.64150888 0.69491273 0.23300852 0.53768092 0.70432144 -0.04769201
0.66538346 0.20286025 0.29699168 0.50089842 0.18273315 -0.18013464 0.70499235 0.3106851 0.37962994 0.51368004 0.29480177 -0.29513913 0.74904841 0.39979708 0.26204389 0.52340251 0.39425543 -0.38717896 0.67596734 0.38455477 0.14075045 0.56730163 0.38050124 -0.140902 0.64544916 0.5463202 0.12049612 0.54339677 0.54891771 -0.18951099 0.64292496 0.69602853 0.20695344 0.53666955 0.70598805 -0.06867284
0.65649486 0.20427735 0.32505116 0.49858448 0.18711081 -0.15107806 0.69530934 0.31162915 0.41406432 0.50952059 0.29221788 -0.26694807 0.74295908 0.39924985 0.31752351 0.52503496 0.39460108 -0.36739165 0.67465359 0.38505512 0.14245614 0.56778949 0.38061157 -0.14258686 0.64489043 0.54626596 0.10653917 0.54160166 0.54877222 -0.19887088 0.64450127 0.69659156 0.16898422 0.53667599 0.7062611 -0.10385743
0.64747071 0.20596759 0.35293382 0.49347121 0.18882933 -0.12835796 0.68785566 0.31316197 0.44799864 0.50299042 0.29046476 -0.23586538 0.73843151 0.40030617 0.35841465 0.52576655 0.39432141 -0.32875505 0.67370301 0.38386628 0.14337941 0.56663251 0.37903449 -0.14349405 0.64464444 0.54625422 0.09443928 0.537799 0.54871482 -0.20355967 0.64458179 0.69668931 0.14113523 0.53692967 0.70633912 -0.12762421
0.63694072 0.20885335 0.3705264 0.486458 0.19312261 -0.12977426 0.6808359 0.31453604 0.4690209 0.50265008 0.29176801 -0.230967 0.73629183 0.40148634 0.37974128 0.5279581 0.39568517 -0.30843329 0.67274886 0.38175917 0.14398442 0.56691128 0.37790447 -0.14408383 0.63997144 0.54616868 0.09078813 0.53855294 0.54841125 -0.21543823 0.64448369 0.69648248 0.13232519 0.53588581 0.70564532 -0.15061523
0.62662888 0.2145102 0.30968261 0.47768214 0.2005918 -0.21169505 0.67288762 0.31469381 0.42312261 0.50443816 0.302136 -0.27638158 0.73286819 0.40122613 0.3370454 0.5333674 0.39936635 -0.30641887 0.66710365 0.38216516 0.15128314 0.56632847 0.37856653 -0.15136985 0.63833493 0.54626209 0.11613331 0.53963667 0.54785472 -0.21576162 0.63961279 0.69636858 0.16068071 0.53638959 0.70557594 -0.14558508
0.62306356 0.22038506 0.33092278 0.47268507 0.2034644 -0.14398922 0.67099714 0.32038075 0.42652559 0.50055307 0.30498543 -0.20710638 0.73178995 0.40242359 0.32985374 0.53590065 0.40207168 -0.24424639 0.66561073 0.38262251 0.14501478 0.56664222 0.37897322 -0.14506857 0.63954169 0.54602772 0.11529166 0.54057294 0.54694021 -0.20200688 0.63948256 0.69566959 0.14020051 0.5362699 0.70458341 -0.1367818 
0.62033117 0.22121789 0.31612837 0.47056216 0.20727834 -0.19715829 0.67079431 0.32307431 0.40831527 0.50129288 0.31002542 -0.25553221 0.72989601 0.40284842 0.30207044 0.53650045 0.40604743 -0.28867608 0.66369885 0.38269702 0.14520915 0.56651497 0.3810299 -0.14528221 0.63778436 0.54649872 0.13257861 0.54056042 0.54823053 -0.19694534 0.63963085 0.69562143 0.14500342 0.53636312 0.70461899 -0.13632655
0.61379623 0.22128171 0.26637012 0.46778455 0.20919059 -0.21872151 0.66676748 0.3238883 0.40553036 0.50201702 0.31411129 -0.27669936 0.72643316 0.40350538 0.29109651 0.5450325 0.40999621 -0.30383605 0.65991372 0.38442963 0.14541876 0.56526792 0.38336989 -0.14550745 0.63627666 0.54671115 0.14131333 0.54066646 0.5500986 -0.1888324 0.63923627 0.69558966 0.16464487 0.53674066 0.70467347 -0.11847935
0.61393034 0.22136925 0.24395077 0.46885312 0.2085028 -0.2363638 0.66793317 0.32441038 0.38149998 0.5019322 0.31348878 -0.28542382 0.72548884 0.40407029 0.28579727 0.5447126 0.41046989 -0.30718803 0.65954322 0.38585746 0.14563222 0.56507909 0.38476533 -0.14572257 0.63696241 0.54675239 0.14694481 0.54097283 0.5501495 -0.18446559 0.63948733 0.69478947 0.1774814 0.53748161 0.70407176 -0.1135461 
0.61039037 0.22114891 0.22037874 0.47003159 0.20815738 -0.26041999 0.66728532 0.32457563 0.35833776 0.50243843 0.31411663 -0.28845197 0.72491729 0.40475503 0.28288111 0.54468477 0.41107252 -0.3182604 0.65842062 0.38589326 0.14786898 0.56519097 0.38482532 -0.14802775 0.63742924 0.54644817 0.15267487 0.5419727 0.55003929 -0.18659797 0.63880301 0.6941846 0.194691 0.53808612 0.7038998 -0.11320259
0.61202639 0.22099906 0.26805985 0.47164771 0.20744616 -0.22349145 0.66796464 0.32359254 0.3827841 0.50203288 0.31268331 -0.27233461 0.72436261 0.40499353 0.31165045 0.54418701 0.41071543 -0.31060001 0.65768838 0.38596427 0.15253735 0.56540519 0.38482368 -0.1526939 0.63764137 0.54647529 0.14713597 0.54447532 0.54990947 -0.19138202 0.63837987 0.6941309 0.20142376 0.53802544 0.70368832 -0.11437327
0.61461037 0.21926209 0.34142846 0.47274247 0.20534846 -0.16543961 0.66714483 0.32125533 0.44437891 0.50019139 0.31055206 -0.23315975 0.72385424 0.40440795 0.36779267 0.5438596 0.40956306 -0.27789021 0.65613264 0.38437462 0.15589814 0.56532496 0.38279477 -0.15601018 0.63771546 0.54602897 0.14534691 0.54913515 0.54824919 -0.20181057 0.63781977 0.69414485 0.19502386 0.53718847 0.70339769 -0.12674673
0.61654025 0.21661922 0.31821376 0.47334734 0.20363326 -0.17276795 0.66732812 0.31863508 0.42421144 0.50020087 0.30988234 -0.25268525 0.72395438 0.40342417 0.3384957 0.54343671 0.40944061 -0.29119843 0.65486318 0.38447315 0.15504929 0.56433696 0.38340712 -0.15515804 0.63800937 0.5460127 0.14798424 0.54922038 0.54851788 -0.19112605 0.63782346 0.69373095 0.19634615 0.53613073 0.70309287 -0.11910078
0.62007236 0.21524242 0.31065634 0.47363719 0.20161058 -0.19477834 0.66930294 0.31761643 0.42116147 0.50037903 0.30884448 -0.26090133 0.72425568 0.40349868 0.34856707 0.54305542 0.40908909 -0.29522789 0.65490544 0.38503882 0.15650789 0.56400514 0.38379994 -0.15660976 0.64108545 0.54581964 0.14596134 0.55334759 0.54850483 -0.19177771 0.63745165 0.69379359 0.19605829 0.53628612 0.70315909 -0.11894955
0.632873 0.21455537 0.29946804 0.47417268 0.20002107 -0.21709357 0.67512548 0.31757164 0.41015476 0.50048518 0.30872458 -0.26485804 0.72721738 0.40443611 0.34718221 0.54090446 0.40902001 -0.28354391 0.65486503 0.38644543 0.15547594 0.55910194 0.38537675 -0.15554464 0.64595461 0.54553336 0.13693279 0.55351114 0.54848498 -0.19191603 0.63675833 0.6938408 0.19184317 0.53634506 0.70319957 -0.09940417
0.6398387 0.2115306 0.3172051 0.47989994 0.19462986 -0.22016928 0.6791057 0.3163183 0.4379715 0.5014618 0.30637494 -0.27298558 0.72741532 0.4050357 0.38276923 0.5395841 0.40839547 -0.29813305 0.65853095 0.38868424 0.15663943 0.55912513 0.3861348 -0.15667902 0.65489459 0.54545289 0.13523641 0.55731803 0.54840434 -0.19223495 0.63678604 0.69395977 0.19507413 0.5377869 0.70409733 -0.10061492
0.65039784 0.20922717 0.26438099 0.48749468 0.19379814 -0.3269071 0.6869632 0.31649193 0.41867915 0.5066539 0.30717754 -0.37046599 0.73144525 0.40593699 0.36239779 0.54086447 0.408779 -0.38509655 0.66281897 0.39144424 0.16035934 0.56009668 0.3883945 -0.16040987 0.6647318 0.54541957 0.15359925 0.56108421 0.54839975 -0.18324269 0.63616776 0.69396138 0.25011659 0.53796047 0.70408148 -0.06568473
0.66139013 0.20854639 0.20252708 0.49779329 0.19330253 -0.408943 0.69325799 0.3171418 0.34424403 0.51069337 0.30784085 -0.45885909 0.73666435 0.41028324 0.26949459 0.53891957 0.40980795 -0.48519751 0.66499931 0.39309147 0.17253421 0.56067991 0.39067698 -0.17262089 0.6715005 0.54601169 0.17448711 0.5641315 0.54935139 -0.18383157 0.63619584 0.69377691 0.2988748 0.53953868 0.70416027 -0.04564652
0.67462224 0.20703845 0.17090908 0.50888795 0.19352886 -0.43028742 0.69870609 0.3210074 0.3140265 0.51132709 0.31064257 -0.48185787 0.74534237 0.41546869 0.24176887 0.53594404 0.41340315 -0.51588082 0.66629487 0.39726076 0.17325127 0.56074607 0.3948527 -0.1733515 0.67528421 0.54963416 0.16780362 0.56728142 0.55206716 -0.18143646 0.63734525 0.69374549 0.3100979 0.54364425 0.70522064 -0.01611146
0.68770611 0.20815301 0.14912574 0.5218308 0.19386968 -0.44663906 0.70291471 0.32728812 0.28912044 0.51567239 0.31316406 -0.50457293 0.74961239 0.42303973 0.22064781 0.53573191 0.41503191 -0.53794563 0.66745019 0.40527096 0.17213319 0.56265515 0.40088832 -0.17223093 0.67844224 0.55145919 0.18502741 0.57001144 0.55298978 -0.15550518 0.63712919 0.6932658 0.32827094 0.54355705 0.70507139 0.01992931
0.69667602 0.21071993 0.1151104 0.53091931 0.19712199 -0.46841818 0.70700103 0.33000946 0.26734456 0.51955986 0.3160966 -0.51078147 0.74962676 0.42420301 0.22341549 0.53409737 0.41852191 -0.51907104 0.66652292 0.40566853 0.17059927 0.56177902 0.40247339 -0.17070508 0.67703128 0.55146867 0.17731835 0.57270199 0.55282634 -0.16155589 0.63650972 0.69315314 0.32414216 0.54256475 0.70500934 -0.01114308
0.70563906 0.21885079 0.0343251 0.54187882 0.20318873 -0.51366979 0.70967251 0.33870554 0.18195865 0.52362579 0.3230229 -0.54543644 0.74949884 0.43631661 0.14201926 0.52513713 0.42513087 -0.55046183 0.66307652 0.41270182 0.16362147 0.5597508 0.40966269 -0.16372356 0.6773259 0.55163598 0.18271396 0.5740754 0.55419773 -0.13327365 0.63701707 0.69221514 0.32055783 0.54224372 0.70451134 0.03192328
0.7175765 0.22677237 -0.0932224 0.55061918 0.21383266 -0.64060092 0.7194199 0.3456524 0.06732816 0.53138673 0.33992261 -0.64499313 0.75545853 0.44332287 0.04238695 0.52482963 0.44792983 -0.62359571 0.65493906 0.41561472 0.16254929 0.55093455 0.4139649 -0.16267413 0.6783877 0.55150861 0.21859863 0.57407457 0.55596459 -0.08919681 0.63702148 0.69212848 0.39348954 0.54163873 0.70445311 0.1165952 
0.72453094 0.23311606 -0.17977554 0.56461442 0.2210612 -0.75462914 0.72653276 0.35182339 -0.00557214 0.53580505 0.34961775 -0.75794512 0.76077235 0.45205513 -0.0277722 0.52601022 0.46205097 -0.72221696 0.64868379 0.41415188 0.16255233 0.54247695 0.41423094 -0.16268301 0.67776543 0.55143803 0.23185405 0.57351822 0.55581874 -0.08811138 0.63779348 0.6920926 0.42943653 0.54040426 0.7048229 0.12697507
0.73804402 0.24361661 -0.25305438 0.57561278 0.22822064 -0.83427304 0.73521966 0.36115149 -0.0961586 0.5400961 0.35848978 -0.83857602 0.76244056 0.46251136 -0.14945941 0.52642608 0.46698934 -0.79353189 0.64736742 0.41429913 0.16644722 0.54002219 0.4139463 -0.16664436 0.67783338 0.55129933 0.22811167 0.57327384 0.55387783 -0.10353814 0.63748008 0.69259226 0.44659606 0.53971225 0.70523953 0.13626425
0.74852735 0.25259084 -0.30679131 0.58263451 0.23878556 -0.85290182 0.73988408 0.36997816 -0.1401656 0.54685587 0.37251893 -0.84191424 0.76376426 0.47286099 -0.15434924 0.53226376 0.48270461 -0.79189885 0.64756489 0.41376057 0.16629799 0.53693509 0.41408384 -0.16647229 0.6777854 0.5512228 0.25064373 0.57405561 0.55129135 -0.24252439 0.63922322 0.69273251 0.48887736 0.53912413 0.70567209 -0.04872175
0.75817233 0.26117098 -0.24502563 0.59567207 0.24245122 -0.79398447 0.74161917 0.38020489 -0.08803134 0.55491585 0.372749 -0.77690452 0.76629591 0.48351425 -0.11084225 0.53221172 0.47808313 -0.7272467 0.6480602 0.41302028 0.16564503 0.53754479 0.41290814 -0.16584916 0.6763342 0.55067122 0.17532945 0.577272 0.54711235 -0.29838863 0.63774329 0.69296432 0.36081952 0.53906935 0.70514977 -0.15061276
0.76926535 0.27181306 -0.37850025 0.60369205 0.25297651 -0.89705122 0.74689633 0.38914034 -0.23709415 0.56798536 0.38773629 -0.88887507 0.76665032 0.49307039 -0.264992 0.53507555 0.49001092 -0.84142435 0.6451605 0.41352734 0.16535783 0.53406161 0.41266099 -0.16559599 0.67493254 0.54948312 0.09004056 0.58407325 0.54688889 -0.3668063 0.63976324 0.6929161 0.23584495 0.54034191 0.70475656 -0.2294489 
0.77730817 0.28114003 -0.40966263 0.61060435 0.26324394 -0.96483743 0.75317198 0.39720336 -0.2582821 0.56721181 0.39833197 -0.98037958 0.76689225 0.50340933 -0.3282128 0.53920257 0.50294834 -0.96774358 0.63062668 0.41353747 0.17137714 0.51517421 0.41255543 -0.17164041 0.66947448 0.54773736 0.00435082 0.58709204 0.54534823 -0.4889544 0.63874251 0.69306028 0.17141967 0.54017025 0.70585763 -0.35159448
0.78627884 0.29492375 -0.40326673 0.61864382 0.27349314 -0.96226025 0.75825214 0.40874961 -0.26358959 0.57082665 0.40717161 -0.98219615 0.76634055 0.51390123 -0.3380352 0.54364109 0.50951296 -0.97291601 0.62283981 0.41578534 0.17370179 0.50558323 0.41344878 -0.1739167 0.66729057 0.5469597 -0.07889079 0.58689839 0.54543179 -0.52624929 0.63885224 0.69309121 0.09141963 0.53913951 0.70586258 -0.3859821 
0.79090285 0.30851582 -0.36545214 0.62891537 0.28047863 -0.96986878 0.76202667 0.42465734 -0.2479917 0.58162719 0.41562456 -1.01637304 0.76839197 0.52874988 -0.36921787 0.54619777 0.51571912 -1.02575302 0.59503835 0.4256629 0.18282554 0.48619503 0.41647923 -0.18292272 0.66692615 0.547171 -0.11763319 0.58648562 0.5457198 -0.6170848 0.63764894 0.69402343 0.1091553 0.5405463 0.70667952 -0.38999161
0.79620522 0.32104832 -0.40672922 0.63379019 0.29323152 -1.05158007 0.76318282 0.43874732 -0.30394185 0.57990366 0.42343271 -1.1137085 0.7679776 0.54011941 -0.47937572 0.54837853 0.52245289 -1.14151883 0.58225352 0.4339816 0.19306128 0.4794625 0.42179981 -0.19303221 0.66696656 0.55610007 -0.11394548 0.57924873 0.54744393 -0.65598273 0.63462603 0.69569725 0.1721905 0.53838408 0.70791394 -0.34741139
0.79606038 0.33540881 -0.37912732 0.63970226 0.30393773 -1.02638614 0.76364124 0.45179129 -0.28077251 0.58162886 0.43009397 -1.09088671 0.76765531 0.55128652 -0.45841864 0.55428511 0.52577281 -1.13413942 0.57446915 0.43849996 0.19755977 0.47501999 0.42471489 -0.19738376 0.6704334 0.55660278 -0.17980321 0.57947987 0.5461092 -0.74311203 0.63612896 0.69566286 0.12459115 0.53604472 0.70802999 -0.42548928
0.80111384 0.35380122 -0.44093823 0.64120573 0.32081592 -1.06520832 0.76487613 0.46829239 -0.34593433 0.58350533 0.44544008 -1.14787245 0.76887357 0.56875759 -0.51471448 0.55727142 0.53779149 -1.22572267 0.57535559 0.44131517 0.19568627 0.47240558 0.42803484 -0.1953951 0.67902303 0.55589259 -0.25609404 0.57984257 0.54617172 -0.78116184 0.63662082 0.69564921 0.07705296 0.53485501 0.70922351 -0.44235519
0.80085135 0.36625758 -0.38098711 0.64533573 0.33933058 -0.99011952 0.76662368 0.48095021 -0.27982193 0.58622605 0.46571967 -1.0418545 0.77040452 0.58321267 -0.42529917 0.56380188 0.5528214 -1.02988076 0.57904601 0.44432575 0.19219935 0.47586432 0.43596736 -0.19167969 0.69587088 0.55328959 -0.24619025 0.58773768 0.54124892 -0.71623391 0.6336382 0.68974984 0.07423086 0.53361374 0.70691621 -0.39502937
0.80194116 0.38583833 -0.20691492 0.65156221 0.35069439 -0.76303589 0.76820171 0.49848041 -0.12958251 0.59059238 0.47086623 -0.79837531 0.77145314 0.59965903 -0.29364774 0.56463236 0.55868244 -0.79388338 0.57692677 0.45762014 0.17755556 0.47744888 0.44509888 -0.17706516 0.7064333 0.55220056 -0.32059467 0.60659516 0.53225696 -0.7335512 0.62849975 0.68936265 -0.09984637 0.54149014 0.69582134 -0.39349619
0.80298275 0.39940348 -0.25713667 0.64997643 0.37221572 -0.83271873 0.76989323 0.51169854 -0.15729487 0.5907284 0.49666449 -0.85435259 0.77557296 0.60996819 -0.27573666 0.57881916 0.58840877 -0.82363021 0.57753658 0.46174309 0.17531565 0.47609779 0.45348331 -0.17482732 0.71689224 0.5518623 -0.22453672 0.61191159 0.53397274 -0.66053742 0.62632257 0.68658775 0.00303788 0.55425191 0.69338071 -0.34733346
0.80233073 0.41723925 -0.23986423 0.65060496 0.39054677 -0.80392087 0.7687493 0.52502829 -0.12367325 0.58874667 0.51332778 -0.78703558 0.77516234 0.61983669 -0.18570597 0.56850106 0.6272589 -0.71162963 0.5719381 0.46994096 0.1766759 0.47462028 0.46322247 -0.1762637 0.72838813 0.55031514 -0.03211105 0.63129312 0.53536218 -0.54572088 0.64866763 0.68088108 0.1087836 0.56249237 0.69317281 -0.22556686
0.80612451 0.42935726 -0.22633393 0.66329718 0.39096302 -0.74964517 0.76923144 0.52875298 -0.12444934 0.5795294 0.51428694 -0.73748833 0.77631521 0.620206 -0.19652481 0.56739306 0.62530035 -0.67353004 0.57110298 0.4758288 0.16759546 0.47379121 0.46516794 -0.16737652 0.73165679 0.55107635 -0.02386877 0.63661468 0.53521824 -0.50570035 0.64655733 0.68096215 0.10871886 0.56143278 0.68754882 -0.21779107
0.80924988 0.43558928 -0.24806459 0.66976696 0.38588175 -0.77231884 0.77191472 0.5360595 -0.17013608 0.574772 0.51232457 -0.77705359 0.77597433 0.62173975 -0.2848478 0.56691068 0.62481469 -0.73595601 0.57004601 0.48203951 0.15903574 0.47137165 0.46727759 -0.15892823 0.7363646 0.55586964 -0.05846332 0.63588458 0.53292525 -0.52985221 0.63566434 0.68075359 0.05348066 0.56309438 0.6833955 -0.2360588 
0.81312513 0.43218389 -0.25718239 0.67060947 0.38683987 -0.76046377 0.77366292 0.53477842 -0.18156645 0.56900001 0.51617479 -0.76138228 0.77322513 0.62067944 -0.29721987 0.56666344 0.6293754 -0.73073411 0.57208663 0.48478413 0.15484147 0.47158512 0.47119492 -0.15481752 0.74636632 0.56119788 -0.03557484 0.6430195 0.5278672 -0.48518661 0.63390297 0.68056846 0.0529827 0.56487513 0.68625587 -0.22071192
0.81661761 0.42797238 -0.26123911 0.66687846 0.38716644 -0.75181091 0.77426165 0.53395462 -0.18344308 0.57334542 0.51893497 -0.73004901 0.77131706 0.62365407 -0.30864412 0.56605417 0.62875444 -0.69122458 0.57334346 0.48495448 0.15501565 0.47262135 0.47271544 -0.15503778 0.75281066 0.56049746 -0.03865977 0.65648043 0.52428216 -0.47442728 0.63453579 0.68101543 0.01861626 0.5674237 0.68432069 -0.23576571
0.82067239 0.42420343 -0.26110053 0.67042994 0.38771507 -0.75818121 0.77532607 0.53277916 -0.17886823 0.58534455 0.51765251 -0.72975117 0.7712819 0.62234873 -0.29948249 0.56635475 0.62173432 -0.6773538 0.57359189 0.48573944 0.15615018 0.47303545 0.47383317 -0.15616608 0.75678229 0.56108207 -0.02923942 0.65773344 0.5295971 -0.45906782 0.63321692 0.6832456 0.03956866 0.56635499 0.68190116 -0.19043964
0.82276213 0.42091668 -0.25249508 0.67725104 0.38775319 -0.77014333 0.78345615 0.52806562 -0.16094629 0.58871758 0.51831961 -0.7591508 0.77463257 0.6186462 -0.27100018 0.56580532 0.62366134 -0.71791875 0.57463044 0.48367083 0.15740959 0.47320428 0.47446057 -0.15740101 0.7564016 0.56056595 -0.02762177 0.66036344 0.53309411 -0.4791396 0.6403299 0.68384868 0.03271466 0.56942898 0.68361819 -0.21570465
0.83087564 0.41912177 -0.27876914 0.67955124 0.38616648 -0.77671653 0.78862011 0.53179979 -0.18993737 0.59211636 0.52012479 -0.77224064 0.77584487 0.62017614 -0.2883116 0.56549734 0.6306411 -0.73474956 0.57966608 0.48354053 0.15762535 0.4741835 0.47363222 -0.15755625 0.75810754 0.56073761 -0.05621552 0.65736061 0.53881961 -0.48307118 0.6417895 0.68256873 0.04362958 0.56811535 0.68641889 -0.22297029
0.83658367 0.41814825 -0.28358042 0.68109292 0.38306573 -0.77437305 0.78876346 0.53114444 -0.20397203 0.59577227 0.51634175 -0.77554834 0.77669752 0.62042689 -0.29353663 0.56749654 0.62924904 -0.73414046 0.58405691 0.48392531 0.15640718 0.47485352 0.47337487 -0.15626773 0.76010036 0.5608657 -0.06979995 0.65889299 0.53969938 -0.49169391 0.64155543 0.68228352 0.03557466 0.56731892 0.68670541 -0.22991945
0.83724338 0.41754895 -0.28254384 0.68017679 0.38476864 -0.77847344 0.78831077 0.52961063 -0.20055056 0.59787941 0.51781529 -0.77695125 0.77733314 0.62042433 -0.27354509 0.56769276 0.63042229 -0.72436893 0.58777148 0.48427847 0.15872805 0.47674006 0.47503561 -0.15854439 0.76258039 0.56069434 -0.04188219 0.67212623 0.5411256 -0.4992564 0.64132875 0.67991871 0.06671982 0.56675875 0.68367898 -0.21527499
0.8370018 0.41850886 -0.28407401 0.68017769 0.38486862 -0.77844423 0.78883106 0.52785891 -0.20809741 0.60001665 0.51749372 -0.77088845 0.77707893 0.61914551 -0.27486181 0.56782371 0.63079697 -0.71785486 0.59044087 0.48518711 0.1597424 0.47811857 0.47586429 -0.15950009 0.76404393 0.56117535 -0.03207654 0.67689258 0.54213893 -0.49639797 0.6432122 0.67991471 0.07167238 0.56720018 0.68205941 -0.21439783
0.83534992 0.41904467 -0.28263077 0.67962009 0.38432434 -0.77211297 0.79005229 0.52748513 -0.20795538 0.5997625 0.51794851 -0.76443601 0.77706438 0.61963952 -0.27964693 0.56943017 0.63058442 -0.71868843 0.59096003 0.48620662 0.1599364 0.4781684 0.47643825 -0.1597112 0.76474118 0.56111413 -0.01703482 0.67468274 0.54380906 -0.48404112 0.65226722 0.68267453 0.07361987 0.56850892 0.6816712 -0.20676261
0.83504879 0.41972256 -0.27940014 0.68087536 0.38334164 -0.77307719 0.79284239 0.53097665 -0.20610702 0.60415041 0.51702434 -0.7596066 0.77769345 0.62325937 -0.28004101 0.57010019 0.63134128 -0.70980269 0.59079498 0.48747626 0.16026975 0.47829521 0.47636503 -0.16002078 0.7660349 0.56265318 0.00632153 0.6736359 0.54505897 -0.48616773 0.65201408 0.68077403 0.09189735 0.56825054 0.6805293 -0.19277984
0.83489168 0.42024866 -0.25646651 0.68211323 0.38267404 -0.74935097 0.79481781 0.53079587 -0.18749283 0.60887945 0.51594853 -0.72727734 0.77982187 0.62217098 -0.25405106 0.57036304 0.62910408 -0.67451888 0.59062088 0.48940328 0.16041808 0.47833177 0.47659585 -0.16016756 0.76586807 0.56273669 -0.00362365 0.67105228 0.54469997 -0.4899613 0.65082711 0.68066579 0.08816734 0.56831962 0.67916471 -0.19803238
0.83511573 0.41976005 -0.25652558 0.68296206 0.38287064 -0.75695002 0.79541409 0.52989799 -0.18351664 0.60804045 0.51523018 -0.74097043 0.78091246 0.62083721 -0.25266621 0.57031739 0.62885588 -0.69262838 0.5904786 0.48902225 0.16238382 0.47824267 0.47680956 -0.16210891 0.76753569 0.56260985 0.00570742 0.67302465 0.54302442 -0.49082002 0.6500383 0.67873317 0.0909443 0.56924808 0.67715991 -0.20277765
0.83476382 0.41925052 -0.23804465 0.683061 0.3830061 -0.7451939 0.79503489 0.52940023 -0.15787901 0.60703135 0.51518816 -0.71828246 0.78250885 0.62053943 -0.21658495 0.57021576 0.63055736 -0.65673852 0.59037864 0.4888469 0.16394751 0.47807097 0.4771733 -0.16363938 0.76753885 0.5633086 0.04087549 0.67456353 0.54365307 -0.49147174 0.65008223 0.67664295 0.13823798 0.57696134 0.67449021 -0.16374737
