0.72327298 0.46571678 -0.37589261 0.57490671 0.45361471 -0.85198385 0.70247608 0.56154174 -0.24829172 0.52059925 0.57042855 -0.85136276 0.69788849 0.66159064 -0.39539966 0.51511502 0.66581517 -0.87829441 0.51514941 0.51538062 0.14849122 0.41638997 0.51379776 -0.1480139 0.64546639 0.59752858 -0.15668418 0.47709051 0.59795344 -0.59049541 0.56178236 0.69656461 0.07502756 0.48905572 0.70892209 -0.26627216
0.72262406 0.48087189 -0.301375 0.56780684 0.45997295 -0.81333435 0.70199323 0.58317602 -0.19865894 0.52019197 0.5756647 -0.81371254 0.70009667 0.67158586 -0.32311895 0.52089155 0.67147082 -0.79648578 0.52251214 0.54964077 0.13882458 0.416796 0.54148269 -0.13862403 0.70009857 0.60719317 -0.0856524 0.46378145 0.62594903 -0.65533078 0.64497542 0.73828703 0.02234777 0.43787166 0.73817462 -0.23677675
0.72270721 0.47708088 -0.32010105 0.56769609 0.4599714 -0.80747271 0.70698911 0.57123685 -0.2093529 0.52015156 0.57708013 -0.81221092 0.70085353 0.65583605 -0.30162069 0.53029728 0.67520076 -0.77314919 0.52802104 0.55271918 0.13030022 0.42163539 0.54623359 -0.13009612 0.7152077 0.61775327 -0.02142998 0.46764234 0.62893975 -0.63908952 0.68335134 0.73261535 0.12442622 0.43539101 0.75618649 -0.25215325
0.72275388 0.47461647 -0.4083769 0.56228107 0.45845297 -0.84804189 0.70720214 0.56916845 -0.28986067 0.51994187 0.57889676 -0.85359681 0.70098406 0.6624046 -0.36121166 0.52477962 0.67087072 -0.82742834 0.53349251 0.55009365 0.12389877 0.42307615 0.54581445 -0.12361957 0.71585119 0.62060332 -0.07539627 0.46529964 0.62459671 -0.6853537 0.69410408 0.74613899 0.11860931 0.43862486 0.74799818 -0.2566326 
0.72278225 0.47726658 -0.39652595 0.55834311 0.45578668 -0.83680433 0.70640993 0.56840289 -0.28339222 0.51979107 0.57707316 -0.84232366 0.70062691 0.65954012 -0.35249528 0.52176249 0.67094558 -0.8030498 0.53453213 0.55344903 0.12146512 0.42356044 0.54823393 -0.12119394 0.72376746 0.61428368 -0.08125245 0.47967976 0.62350017 -0.71011615 0.68867058 0.73345727 0.10703025 0.43651327 0.74926311 -0.31912687
0.72342968 0.47269899 -0.43947235 0.55436915 0.45500106 -0.87150335 0.70612079 0.56229633 -0.30844128 0.51973033 0.57368594 -0.87073004 0.69945049 0.65994817 -0.36954093 0.51956141 0.668455 -0.83421838 0.53955454 0.54973149 0.12267587 0.42379132 0.54661232 -0.12241452 0.72901791 0.61355704 -0.13914983 0.48549342 0.62847674 -0.68437451 0.6885435 0.73988539 0.08664101 0.43318987 0.75698555 -0.28676143
0.72345769 0.47199422 -0.41769868 0.55453962 0.45248571 -0.85192275 0.70488816 0.56366163 -0.30044374 0.51934654 0.57320499 -0.85330379 0.69781488 0.65898639 -0.36624542 0.51848596 0.66703993 -0.81141132 0.53975636 0.54952443 0.12298686 0.42402631 0.54635805 -0.12277442 0.73067093 0.61110771 -0.11824409 0.47143996 0.6270836 -0.69941956 0.68455625 0.72540987 0.10439695 0.43537846 0.74700773 -0.27084142
0.72337502 0.46926096 -0.45410237 0.55443162 0.45137903 -0.88181204 0.70373631 0.56099433 -0.34005994 0.5185529 0.57264191 -0.8970046 0.69778603 0.65334702 -0.41098109 0.51776725 0.66705287 -0.86660832 0.54033476 0.54716223 0.12409664 0.42474234 0.5446589 -0.1239031 0.72836339 0.61365145 -0.14561369 0.46653703 0.63147277 -0.66930372 0.68367702 0.7262817 0.08053385 0.43326974 0.75301826 -0.22354609
0.72312969 0.46925285 -0.45367724 0.55532873 0.45160419 -0.88821465 0.70265347 0.56176186 -0.33834377 0.51840109 0.57336247 -0.90264785 0.69784516 0.65310198 -0.40513185 0.51738697 0.66688931 -0.87840402 0.54146665 0.5455904 0.12479936 0.4254055 0.54436022 -0.12461319 0.72741151 0.61305398 -0.15573515 0.46369982 0.63209164 -0.65763998 0.68523884 0.72833699 0.07287846 0.43079481 0.75905281 -0.2143884 
0.72307795 0.46925741 -0.46333301 0.55592155 0.45096672 -0.90286559 0.70226848 0.56099516 -0.34331989 0.51828367 0.57162225 -0.91728199 0.69804871 0.65609783 -0.41640303 0.51747262 0.66640151 -0.90666866 0.54312176 0.54380107 0.12523259 0.42592189 0.54245639 -0.12504843 0.72693139 0.61217123 -0.19111219 0.46309561 0.62883586 -0.66768938 0.6881088 0.72872108 0.03862564 0.43307403 0.75167656 -0.21534932
0.7230435 0.46880981 -0.44675934 0.55590624 0.44986358 -0.88608336 0.70135415 0.55908394 -0.32747102 0.51823115 0.57051653 -0.89785469 0.69802088 0.65286267 -0.39393854 0.51817316 0.66480094 -0.8702147 0.54329425 0.5434978 0.12428361 0.42603666 0.54225796 -0.12412077 0.72612417 0.61020273 -0.14516607 0.46462044 0.62805545 -0.70316911 0.69289041 0.72802639 0.07551203 0.43090621 0.7546351 -0.30567637
0.72309047 0.46671978 -0.47042242 0.55605412 0.44865504 -0.90596563 0.7004717 0.55818963 -0.35581586 0.51818973 0.56967938 -0.92684054 0.6979866 0.65296996 -0.41769427 0.51805496 0.66382903 -0.8990407 0.54399055 0.54195291 0.12432791 0.42636922 0.5411036 -0.12418018 0.72584742 0.6110903 -0.14925578 0.46466479 0.62856042 -0.71230876 0.69409877 0.72714293 0.10035463 0.43063709 0.75471401 -0.30866989
0.72324318 0.46632999 -0.47429511 0.5552668 0.4474687 -0.9079833 0.69947946 0.55874628 -0.36076424 0.51804942 0.56889933 -0.92654771 0.69793993 0.65260249 -0.42027172 0.51790071 0.66338837 -0.89648682 0.54484427 0.54084545 0.12369006 0.42659464 0.53962529 -0.12355224 0.7271924 0.61009574 -0.15055734 0.46274653 0.63096333 -0.70958734 0.69469452 0.72616035 0.11486337 0.42993608 0.75493985 -0.30983815
0.72400475 0.46497339 -0.48418945 0.55460268 0.44624278 -0.93751967 0.69695312 0.55824679 -0.37888643 0.51801479 0.56766361 -0.97055924 0.6971541 0.65237784 -0.43928498 0.51781726 0.66349095 -0.94065857 0.54462349 0.54025513 0.12650537 0.426644 0.53909796 -0.12644561 0.72656506 0.61024493 -0.1315113 0.46457973 0.63381988 -0.66870767 0.69552994 0.72613716 0.15820175 0.42790484 0.76194298 -0.29709995
0.72449315 0.46382436 -0.49514878 0.55477548 0.44482854 -0.94720477 0.6956405 0.55721194 -0.39479917 0.51797074 0.56591171 -0.98900223 0.69697076 0.65110809 -0.46897209 0.51773578 0.66195256 -0.97372854 0.54434806 0.53976876 0.12744889 0.42673552 0.5380646 -0.12740779 0.72630692 0.61295664 -0.13484669 0.4657203 0.63252205 -0.65093488 0.69427681 0.72937715 0.15694261 0.42745355 0.7615878 -0.28182796
0.72504878 0.46289217 -0.48916456 0.55489606 0.4439759 -0.93283021 0.69458848 0.5564149 -0.38203362 0.51795846 0.56502634 -0.96392912 0.6966548 0.65124929 -0.44342235 0.51773298 0.66151839 -0.93969405 0.5445652 0.5385161 0.12747838 0.42685524 0.53688407 -0.12744579 0.72537994 0.61264378 -0.13268937 0.46523151 0.63084996 -0.63991994 0.693717 0.72998595 0.14890869 0.42661968 0.76329041 -0.26550552
0.72529602 0.46204242 -0.47914129 0.55628306 0.44343358 -0.92403758 0.69431555 0.55584705 -0.37121928 0.51793563 0.56487346 -0.94928193 0.69663924 0.65104252 -0.43458572 0.51767945 0.66111672 -0.92311269 0.5445587 0.53782207 0.12749925 0.42742181 0.53597569 -0.12747955 0.72415149 0.61449677 -0.13072713 0.46363476 0.6306271 -0.59063363 0.693331 0.73034883 0.10298146 0.42533788 0.76419079 -0.18916081
0.72567022 0.45961756 -0.47808844 0.55654526 0.44233924 -0.92411447 0.69425154 0.55524367 -0.36695239 0.51792163 0.56370991 -0.95138538 0.6965428 0.65052354 -0.42981276 0.51749808 0.66009533 -0.92184687 0.54495317 0.53731471 0.12779133 0.42786869 0.53553063 -0.12778851 0.72311252 0.61395639 -0.12866871 0.46402454 0.63170666 -0.6108737 0.69156754 0.72982955 0.1079322 0.42405143 0.76606125 -0.19823159
0.72721785 0.45623145 -0.47499552 0.55888641 0.43988854 -0.92010117 0.69381201 0.55502933 -0.36410427 0.51836306 0.56117398 -0.94744754 0.69653088 0.65047151 -0.42746931 0.51722771 0.6588679 -0.92724383 0.54594982 0.53558242 0.12793408 0.42853883 0.53242284 -0.12795602 0.72118777 0.61359924 -0.14845492 0.46308047 0.6301316 -0.5902589 0.68990558 0.73060966 0.08176505 0.42321143 0.76443118 -0.1712331 
0.7282204 0.45300421 -0.47372156 0.56080711 0.4372676 -0.91911536 0.69288796 0.55073428 -0.36371467 0.51904887 0.55838287 -0.95066559 0.69637197 0.64554465 -0.41737041 0.51515943 0.65601605 -0.93468547 0.54842347 0.53188694 0.12795615 0.43096486 0.52720559 -0.12797576 0.72109431 0.61288172 -0.15086077 0.4596734 0.63004655 -0.59219831 0.68988872 0.7296145 0.08089186 0.42273232 0.76315761 -0.19780938
0.72896779 0.44760114 -0.47261256 0.56211782 0.43450689 -0.91768169 0.69324982 0.53972352 -0.36286652 0.51983553 0.55230707 -0.95250708 0.69669127 0.63519198 -0.41549513 0.5135026 0.65137398 -0.93890893 0.54993385 0.52952677 0.1286788 0.43373984 0.52421606 -0.12872431 0.71624845 0.61452192 -0.15485576 0.46024576 0.62891763 -0.5865826 0.68501949 0.72918051 0.08433697 0.42163214 0.76298302 -0.20289725
0.72917062 0.44347668 -0.47170129 0.56219 0.43052265 -0.91479641 0.69310474 0.53455615 -0.36283368 0.52096289 0.54625565 -0.9494732 0.69581378 0.63145363 -0.41485241 0.5097717 0.64310533 -0.93472368 0.55363196 0.52327311 0.12865123 0.43543798 0.52030712 -0.12869646 0.71476018 0.61397839 -0.14041626 0.45985132 0.62851483 -0.57747597 0.68386227 0.72532862 0.08516587 0.42216116 0.76412815 -0.19715126
0.72918826 0.4387863 -0.46672866 0.56311774 0.42688596 -0.91686589 0.69308394 0.52889788 -0.34324461 0.52319515 0.54000312 -0.94799685 0.69295764 0.62567163 -0.3982951 0.5075891 0.63511068 -0.93722349 0.55465221 0.51750952 0.12937555 0.43650511 0.51537091 -0.12942094 0.70763665 0.61358625 -0.14909136 0.46011794 0.62750173 -0.56725174 0.6841377 0.72261363 0.08471008 0.42250898 0.76393157 -0.18334565
0.72952664 0.43440911 -0.48204187 0.56400275 0.42014986 -0.95543855 0.69463086 0.522255 -0.34980199 0.52415788 0.53365254 -0.98524737 0.69284481 0.62026328 -0.41777056 0.50581694 0.62862134 -0.98652953 0.55467194 0.51238412 0.13371506 0.43688151 0.51054615 -0.13374582 0.70169121 0.61247635 -0.15241987 0.46156332 0.62481731 -0.56716597 0.68325883 0.72257918 0.08621003 0.42277375 0.76320928 -0.1918238 
0.7299124 0.42887792 -0.48242471 0.56746912 0.41367963 -0.95649809 0.69455427 0.51660699 -0.35389623 0.52502358 0.52649659 -1.00063217 0.68975294 0.6166833 -0.427894 0.5054149 0.619977 -1.00889254 0.55449575 0.50832307 0.13623974 0.43773103 0.50562966 -0.13631701 0.69245076 0.61226475 -0.15161325 0.46557119 0.62127554 -0.54987526 0.68341982 0.72262758 0.08740435 0.4231866 0.76185185 -0.21817546
0.73091269 0.42435551 -0.51836032 0.56862164 0.40861925 -1.00678253 0.69524002 0.51320595 -0.39492488 0.52494341 0.5196228 -1.05939937 0.68717295 0.61521643 -0.49198404 0.50524247 0.61386615 -1.09176075 0.5563513 0.50333828 0.13998258 0.43960387 0.50016451 -0.1400343 0.68713272 0.61165905 -0.16553546 0.46803349 0.61924231 -0.55850083 0.68301153 0.72405976 0.08772457 0.42524168 0.76158315 -0.23198318
0.73172861 0.42013481 -0.54292256 0.56925499 0.40237215 -1.04511189 0.69578958 0.51461685 -0.4309597 0.52496141 0.51349962 -1.11435413 0.68645275 0.61494201 -0.53264564 0.50525552 0.61043453 -1.15654755 0.55768842 0.49959511 0.14765757 0.44125816 0.49653485 -0.14774103 0.68134165 0.61155069 -0.1536011 0.46825635 0.61825794 -0.56202513 0.68105614 0.72504628 0.13497204 0.425107 0.7628631 -0.25920519
0.73172015 0.41389933 -0.52749151 0.56985873 0.39737326 -1.03287613 0.69747597 0.50780004 -0.41107756 0.52522767 0.50855291 -1.09195852 0.68661714 0.6121136 -0.49861088 0.50546634 0.6055361 -1.11520314 0.55744833 0.49659887 0.15156388 0.44177502 0.49493936 -0.15160137 0.67783785 0.60905844 -0.1322186 0.46762702 0.61836857 -0.54926682 0.67919409 0.72454238 0.13495071 0.42481604 0.76395643 -0.27681798
0.73165601 0.40883124 -0.53817183 0.56987023 0.38959467 -1.06655324 0.7000308 0.50208664 -0.4265734 0.52522463 0.50308347 -1.13280129 0.68757123 0.60632479 -0.5284006 0.50555676 0.60119188 -1.1755724 0.55709904 0.49521491 0.16020042 0.4422687 0.49179545 -0.16015464 0.67276609 0.60738337 -0.0910836 0.46805945 0.61690295 -0.57873768 0.67928427 0.7234152 0.18780908 0.42503902 0.76443577 -0.36922428
0.73154712 0.40275419 -0.54647666 0.56980121 0.38192046 -1.06701744 0.70130479 0.49810129 -0.44763598 0.52474809 0.49119574 -1.13228476 0.68858218 0.60385305 -0.56377357 0.50558048 0.58725178 -1.18064189 0.55700982 0.49128196 0.16174583 0.44238514 0.48854265 -0.16168752 0.67204124 0.60386658 -0.10236563 0.46854621 0.61683303 -0.58588481 0.67913032 0.72163868 0.17049848 0.42623299 0.76634622 -0.3634187 
0.73153049 0.39534903 -0.53986019 0.57088774 0.37450019 -1.05878806 0.70460522 0.49134395 -0.42979056 0.52417922 0.48251274 -1.12465811 0.69106352 0.59528881 -0.53632003 0.50563151 0.58064616 -1.16235638 0.55661547 0.48922935 0.16543509 0.44286764 0.48630801 -0.16539137 0.6680755 0.60001391 -0.10742795 0.46854374 0.61684191 -0.55471355 0.67683136 0.72151864 0.17069495 0.4264743 0.76764911 -0.32556 
0.73151082 0.38598111 -0.53217727 0.57254142 0.36655664 -1.05208933 0.70434088 0.4866668 -0.42324659 0.52257699 0.47296476 -1.11112392 0.69107264 0.59315711 -0.53165948 0.50526285 0.57240403 -1.14870167 0.55647117 0.48537445 0.16467085 0.44494539 0.48282856 -0.16466872 0.66299057 0.59802353 -0.10825634 0.46854222 0.6155408 -0.50898701 0.67633003 0.72188437 0.1805941 0.42673284 0.76869696 -0.27088076
0.73149651 0.3783727 -0.48555201 0.57452184 0.35817921 -1.03323102 0.70274878 0.48031813 -0.3753784 0.52038389 0.46411908 -1.08130741 0.69093084 0.58385378 -0.48917937 0.50553739 0.56654876 -1.10174227 0.55636573 0.48556563 0.16543549 0.44764611 0.48306486 -0.16548716 0.66166085 0.59640396 -0.09330185 0.46582589 0.61903465 -0.47852778 0.67632616 0.72543395 0.19355777 0.42676011 0.76935482 -0.22738656
0.73136765 0.36960539 -0.43591061 0.57470578 0.35120627 -0.96556181 0.70243019 0.47286427 -0.31626531 0.51906556 0.46087587 -1.0050689 0.69111168 0.57643074 -0.41956851 0.50648832 0.56328177 -1.02533162 0.55698836 0.48458815 0.16659969 0.4519645 0.48106527 -0.16675961 0.66070652 0.59553462 -0.05762955 0.46453574 0.61940253 -0.4560985 0.67575604 0.72868466 0.21582766 0.42684814 0.76971096 -0.2359516 
0.73082262 0.36195555 -0.41910496 0.57498538 0.34345892 -0.97240633 0.70232397 0.46467406 -0.29413298 0.51622337 0.45273873 -1.02164054 0.69388205 0.56947219 -0.40636477 0.50643963 0.55751252 -1.04685533 0.55884385 0.48253247 0.17736292 0.45675078 0.4793714 -0.17755617 0.66193318 0.58897597 -0.06810182 0.46437263 0.61951846 -0.47960594 0.6707353 0.72844595 0.22312342 0.42736617 0.76950675 -0.25165161
0.72631276 0.35810551 -0.39974371 0.57492179 0.33679029 -0.95262158 0.70223707 0.45724243 -0.27735379 0.51499367 0.44710296 -1.00900555 0.694112 0.55785847 -0.37787378 0.5065757 0.553177 -1.04245758 0.55978233 0.48123658 0.18118556 0.45941338 0.47741413 -0.18137458 0.6598863 0.58970177 -0.04727182 0.46466437 0.61883622 -0.46517131 0.66958219 0.72815132 0.25501311 0.42787376 0.76631761 -0.2519179 
0.7191577 0.35388619 -0.34751156 0.57484549 0.33090693 -0.9050684 0.70148623 0.45016012 -0.2177237 0.51446509 0.43947545 -0.96197575 0.6939311 0.54647434 -0.31365457 0.51045364 0.54157203 -0.99232835 0.56466144 0.48184451 0.18331778 0.4633885 0.47713858 -0.18348858 0.65596342 0.58892399 -0.01189953 0.46825287 0.61753488 -0.47557592 0.66847199 0.72796077 0.28938884 0.42817292 0.76565379 -0.30592379
0.71160012 0.35106757 -0.3070372 0.57337308 0.32492456 -0.85212439 0.70095241 0.44634169 -0.171333 0.51374978 0.4308719 -0.90168929 0.69341987 0.53942138 -0.25338623 0.51267964 0.52844197 -0.92202437 0.57016969 0.48206669 0.18381251 0.46838003 0.47696877 -0.18398841 0.65693247 0.58893144 0.06827198 0.47483301 0.6155144 -0.46747729 0.66716236 0.72761029 0.34888956 0.42902705 0.7638002 -0.33961371
0.70831817 0.34795651 -0.26893848 0.5704627 0.31960139 -0.84771299 0.6954183 0.44519651 -0.11768539 0.51335061 0.42593098 -0.89391071 0.69328135 0.54071802 -0.19919041 0.51308101 0.52374262 -0.91276151 0.57936198 0.48293036 0.19091956 0.47877395 0.47811681 -0.19118376 0.65532333 0.59469575 0.26123336 0.47700199 0.61519599 -0.41012388 0.6674912 0.72744906 0.64541602 0.42927429 0.76331639 -0.26245254
0.70467019 0.3433677 -0.22430079 0.56514752 0.31488159 -0.79068023 0.68966568 0.44100991 -0.06811249 0.51050013 0.42191842 -0.8281799 0.69300514 0.54057318 -0.15823768 0.5130201 0.52061379 -0.85459614 0.58913386 0.48331547 0.19209345 0.48599154 0.47825545 -0.19233017 0.65630692 0.60358292 0.26367769 0.47868511 0.61567003 -0.42861792 0.66766608 0.72732109 0.69291013 0.43055132 0.76424003 -0.26008376
0.70421875 0.33873847 -0.22959964 0.56012255 0.31163377 -0.78850317 0.68586636 0.43282953 -0.07349784 0.51003051 0.41922441 -0.8303861 0.69276845 0.53231251 -0.17190239 0.51264369 0.51887321 -0.86332095 0.59543383 0.48343387 0.19063596 0.49334919 0.47872686 -0.19090402 0.65587491 0.60929257 0.24727874 0.48336774 0.61525255 -0.43195698 0.66787928 0.73008609 0.65104789 0.43055186 0.76290137 -0.27681932
0.70567393 0.33596855 -0.1850065 0.5579077 0.30843467 -0.72351724 0.6826418 0.43135336 -0.02638193 0.50867265 0.41581255 -0.75871807 0.69276845 0.52815551 -0.14335349 0.51238543 0.51418322 -0.80934894 0.60055268 0.48518541 0.19022883 0.50101364 0.48068562 -0.19048409 0.65509188 0.60975528 0.2718946 0.4824031 0.61594331 -0.32405207 0.66794437 0.72938693 0.70714724 0.43054917 0.76293868 -0.16690207
0.70663184 0.33494964 -0.22196871 0.5544976 0.30869362 -0.76504827 0.68302453 0.43232363 -0.06126073 0.50748289 0.41604826 -0.80486488 0.69265699 0.52526623 -0.16454919 0.5122959 0.51575935 -0.86445236 0.60333455 0.48466593 0.18893161 0.50354755 0.4804123 -0.18916592 0.65550417 0.60891992 0.2864624 0.48285449 0.61421186 -0.3821983 0.66776031 0.72917134 0.76528829 0.43111792 0.7620796 -0.20856704
0.70403069 0.33545125 -0.21037136 0.55085176 0.30781788 -0.77571505 0.68372083 0.43284246 -0.0510174 0.50644743 0.4146809 -0.8222968 0.69262862 0.52414078 -0.17124736 0.5127629 0.51246125 -0.88547951 0.60781825 0.48491219 0.18874125 0.5070864 0.48091927 -0.18897854 0.65580767 0.60957503 0.32803991 0.48450533 0.61403531 -0.40536156 0.66818291 0.73131043 0.78330958 0.43088302 0.76266545 -0.21096073
0.69611877 0.33435622 -0.18171443 0.55012965 0.30668119 -0.77510709 0.68067837 0.43287718 -0.02690521 0.50613624 0.41330221 -0.83150911 0.68976599 0.523534 -0.14882371 0.51363713 0.51137418 -0.8937993 0.60810161 0.48505875 0.19179265 0.5080418 0.48108524 -0.19201113 0.65637791 0.61062586 0.33282092 0.48610744 0.61376739 -0.45433971 0.66953534 0.73282588 0.78727865 0.43087968 0.76275891 -0.30624422
0.68848908 0.33341265 -0.1585201 0.55075252 0.3056486 -0.75792474 0.6799221 0.43234685 -0.00519192 0.50616002 0.41244495 -0.81929332 0.68928927 0.52272755 -0.13317646 0.51470512 0.51048023 -0.88645065 0.61039484 0.48515952 0.19469588 0.51239073 0.48195204 -0.1949202 0.65652668 0.61154974 0.35204196 0.48774707 0.61407262 -0.4381009 0.6702109 0.73354638 0.77824962 0.43087661 0.76277763 -0.29197982
6.84335113e-01 3.33615720e-01 -1.53374970e-01 5.51162660e-01 3.05780977e-01 -7.52409935e-01 6.78783417e-01 4.32828158e-01 -8.54931248e-04 5.06179094e-01 4.13629532e-01 -8.14066410e-01 6.89293444e-01 5.23506522e-01 -1.14158139e-01 5.14750540e-01 5.09381175e-01 -8.73091102e-01 6.14722013e-01 4.86546159e-01 1.94090351e-01 5.16930044e-01 4.83935177e-01 -1.94335639e-01 6.56661451e-01 6.12987220e-01 4.41649228e-01 4.88902837e-01 6.14187837e-01 -4.40014094e-01 6.71136379e-01 7.33222008e-01 8.88432562e-01 4.30873662e-01 7.62475908e-01 -3.12193334e-01
0.68556982 0.33449477 -0.11172689 0.55152929 0.30573291 -0.71160591 0.67921913 0.43357575 0.04326003 0.50633764 0.4130657 -0.76902628 0.69033575 0.52537394 -0.06482158 0.51386195 0.50910342 -0.82419217 0.61831552 0.48821136 0.19345157 0.51600689 0.4856123 -0.1936965 0.65733659 0.61642832 0.37341619 0.48905098 0.61422706 -0.42565119 0.67142326 0.73361927 0.80585116 0.43101141 0.76195151 -0.26573178
0.68447274 0.33462483 -0.09543002 0.55183309 0.30564469 -0.6956116 0.67904443 0.43336198 0.05722887 0.50690365 0.41203052 -0.74811387 0.69041198 0.52526128 -0.05327868 0.5137946 0.50933689 -0.79828423 0.61853266 0.48872668 0.19305947 0.51650667 0.48596606 -0.19331053 0.65744525 0.61823928 0.37587729 0.48818731 0.61485553 -0.37253502 0.67161322 0.73362964 0.78906828 0.43190715 0.76196766 -0.23849931
0.68488801 0.33465508 -0.07553666 0.55206245 0.30542395 -0.68157154 0.67921877 0.43361345 0.07875451 0.50791305 0.4116765 -0.73291087 0.69393873 0.52613586 -0.02832872 0.51284909 0.50893956 -0.78169602 0.61823779 0.48912022 0.19282331 0.51554728 0.48645136 -0.1930546 0.65868902 0.61971259 0.38553223 0.48583063 0.61775702 -0.35807121 0.67162508 0.73415262 0.78458065 0.43239906 0.76409614 -0.24438508
0.68416727 0.33431569 -0.07193469 0.55248672 0.30524036 -0.67278117 0.67945719 0.43386996 0.08391297 0.50898671 0.41178164 -0.72188014 0.69649309 0.52674603 -0.01851948 0.51284134 0.50800627 -0.76469767 0.62021232 0.48974892 0.19272293 0.51822084 0.4871687 -0.19295788 0.65946406 0.62060612 0.41670054 0.48554873 0.61906755 -0.34969634 0.67162752 0.73497087 0.80933517 0.43316257 0.76550686 -0.25633562
0.68460214 0.33353817 -0.06701643 0.55263996 0.3047967 -0.67219609 0.67961508 0.43370262 0.08711974 0.51050305 0.41166303 -0.72241318 0.69669062 0.52698654 -0.01250474 0.51290804 0.50758737 -0.76288408 0.62188321 0.48991767 0.19251162 0.52148074 0.48737329 -0.19274808 0.66038245 0.620395 0.40777603 0.48545352 0.61937177 -0.33951065 0.67196172 0.73590481 0.79059303 0.43363559 0.76546901 -0.25683248
0.6850664 0.33362839 -0.07943664 0.55257702 0.30426455 -0.67743325 0.68153399 0.43369168 0.07262913 0.5118832 0.41131303 -0.72650492 0.70003116 0.52698886 -0.03664192 0.51307088 0.50672102 -0.77216405 0.62281644 0.48986486 0.19168919 0.52053362 0.48729467 -0.19189854 0.66164708 0.61983079 0.38518402 0.48541722 0.61942691 -0.33578786 0.6731202 0.7361412 0.77753353 0.43362987 0.76533031 -0.24651885
0.68512273 0.3337737 -0.063522 0.55201304 0.30419961 -0.64532709 0.68363661 0.43386286 0.0815171 0.51348835 0.41101161 -0.69042921 0.70302624 0.52708501 -0.0354877 0.51314503 0.5058853 -0.74635249 0.62352753 0.48988339 0.18916655 0.51956123 0.48732522 -0.18932474 0.66272956 0.61974686 0.37582666 0.48536327 0.62015027 -0.34117213 0.67382002 0.7364735 0.76991373 0.4336409 0.76531351 -0.24422741
0.68554747 0.3339529 -0.05125865 0.55076718 0.3040978 -0.62277901 0.68373019 0.43394321 0.09067325 0.51421082 0.41064245 -0.66533089 0.70348847 0.52610463 -0.02740543 0.51311141 0.50585681 -0.7174207 0.62420189 0.4903017 0.18668611 0.51920801 0.48755392 -0.18679586 0.66272789 0.62034851 0.37773851 0.48518479 0.62128043 -0.31661442 0.67427033 0.73662597 0.75141871 0.43388078 0.76528484 -0.23826189
0.68560213 0.33407784 -0.04867448 0.54981846 0.30380881 -0.61940098 0.68374407 0.43401575 0.09875222 0.51503426 0.41018766 -0.65950614 0.70353591 0.52525461 -0.01640125 0.51308161 0.50584906 -0.71298188 0.62443596 0.49022135 0.18564165 0.51885235 0.48741865 -0.18573584 0.66264635 0.62010127 0.3734594 0.48518839 0.62118363 -0.33067045 0.67507201 0.73663872 0.72430152 0.43400073 0.76519328 -0.25893167
0.68578851 0.33420509 -0.04877105 0.54656065 0.30375233 -0.61807853 0.68376011 0.43394804 0.09878801 0.51515687 0.4098669 -0.65551144 0.7034387 0.52441686 -0.0227929 0.51299846 0.50510871 -0.71369392 0.62434775 0.49008751 0.18483257 0.51855165 0.4871873 -0.18491744 0.66266084 0.62016743 0.37114948 0.484795 0.62111342 -0.33605984 0.67543983 0.73661685 0.72347379 0.43422523 0.76539975 -0.28512171
0.6825918 0.33426714 -0.04522199 0.54223686 0.3035652 -0.61571246 0.68307352 0.43389419 0.10578325 0.51483935 0.40963078 -0.65480471 0.70337087 0.52391094 -0.02262388 0.51300156 0.5045566 -0.71962911 0.624448 0.48944747 0.18379416 0.51836389 0.4865616 -0.18389523 0.66269952 0.62018168 0.37069428 0.48481423 0.62084603 -0.38770264 0.67594439 0.73626179 0.73236662 0.43450052 0.76601905 -0.33687165
0.68156737 0.33415982 -0.04434687 0.53816307 0.30361015 -0.5951438 0.68309021 0.43383929 0.10151761 0.5142464 0.40950039 -0.63204551 0.70361406 0.52407438 -0.02717182 0.51262897 0.50343853 -0.70420563 0.62434852 0.48927954 0.18079254 0.51820803 0.48651859 -0.1808597 0.66299063 0.62014562 0.36345109 0.48471606 0.62081784 -0.3824929 0.67621267 0.73611921 0.72075367 0.43536884 0.76648194 -0.32341722
0.67804456 0.33361006 -0.03851931 0.53327477 0.3034012 -0.6005249 0.68324924 0.43311283 0.11030693 0.51297396 0.40904862 -0.63583279 0.70390511 0.52419573 -0.01643462 0.51227486 0.50211298 -0.70685631 0.62381047 0.48853335 0.18084569 0.5174005 0.48576513 -0.18092375 0.6628511 0.61640483 0.35680473 0.48428583 0.61986709 -0.41584298 0.67688084 0.73570645 0.71164215 0.43574759 0.76651889 -0.34485656
0.67195344 0.33293456 -0.03794353 0.52803856 0.30302876 -0.58312184 0.68318671 0.43198958 0.11000095 0.51031047 0.40844142 -0.61562854 0.70381033 0.52353907 -0.02080471 0.51155603 0.50101227 -0.69359499 0.62326342 0.48730072 0.17982979 0.51734793 0.4848482 -0.17989703 0.66263837 0.61470902 0.35662392 0.48426113 0.61873281 -0.4042325 0.67712539 0.73499131 0.70533425 0.43586802 0.76602072 -0.34395245
0.66682315 0.3320058 -0.03734091 0.5220176 0.30270469 -0.58588362 0.6801464 0.43070522 0.11657381 0.50628531 0.40807027 -0.61802995 0.70306724 0.52224475 -0.01671014 0.51088816 0.50060999 -0.69611979 0.62278777 0.4862341 0.17966239 0.51781392 0.48414728 -0.17974296 0.66171163 0.61425585 0.35692218 0.4842371 0.61793876 -0.40798634 0.67720938 0.73494548 0.70989281 0.43612579 0.7659896 -0.36781499
0.66412234 0.3320719 -0.02076598 0.5147534 0.30262133 -0.54675061 0.67901123 0.43029916 0.13351983 0.50262946 0.40681842 -0.57479125 0.70299494 0.52183396 -0.00245846 0.51056033 0.49974817 -0.66077191 0.62254244 0.48583472 0.17646417 0.51774442 0.48355323 -0.17655349 0.66170144 0.61366665 0.33689132 0.48427209 0.61752874 -0.40480781 0.67717165 0.73496938 0.70834714 0.43608275 0.7649464 -0.35821426
0.6561926 0.33089444 0.00818582 0.50877082 0.30244514 -0.53437901 0.67355937 0.42829397 0.15975076 0.49983689 0.40645251 -0.56718397 0.7013492 0.52028865 0.02597777 0.51037198 0.49890053 -0.64442247 0.6210804 0.48509258 0.17671643 0.51770425 0.48313484 -0.17680733 0.66169602 0.6131779 0.30886158 0.48427936 0.61669409 -0.40020809 0.67755407 0.73554844 0.63217938 0.43593165 0.76303905 -0.34303904
0.64929533 0.33075884 0.01279669 0.50251842 0.3024604 -0.538311 0.66607332 0.4261004 0.17003065 0.49482864 0.40589243 -0.57843584 0.69866782 0.51684994 0.04384566 0.50937688 0.49863398 -0.65013683 0.61956072 0.48444197 0.17609745 0.51604491 0.48293537 -0.17618124 0.66176647 0.61181444 0.30181831 0.48426321 0.61622488 -0.39826348 0.67791981 0.735466 0.64372128 0.43575147 0.76307213 -0.32611984
0.64075738 0.33048266 0.04551776 0.49662188 0.30258134 -0.52602303 0.65693414 0.4240053 0.20344977 0.49043575 0.40519869 -0.57347476 0.69237065 0.51169938 0.08684076 0.50863093 0.49810371 -0.63412035 0.61714995 0.48277768 0.17486371 0.51441318 0.48196703 -0.17492661 0.66156459 0.61043018 0.30029979 0.48416832 0.61585164 -0.38644901 0.67820477 0.73540157 0.60423249 0.43558922 0.76304376 -0.32544255
0.63385934 0.32973382 0.04158792 0.4894962 0.30292737 -0.51349795 0.65202332 0.42149121 0.19516908 0.48769763 0.40477556 -0.56078529 0.6903488 0.5074048 0.07450186 0.50787401 0.49733257 -0.61617672 0.61671174 0.48199421 0.17095266 0.51441485 0.48157138 -0.17102148 0.66160262 0.61047053 0.30926147 0.48465213 0.61542189 -0.32141894 0.67789906 0.73440713 0.62093461 0.43558717 0.76275504 -0.27385587
0.62686658 0.32958859 0.04887467 0.48480806 0.30377156 -0.5055477 0.64940673 0.42002565 0.19786601 0.48444435 0.40460199 -0.55881983 0.68958914 0.50385118 0.08461383 0.50660592 0.49716312 -0.6067977 0.61667216 0.48114416 0.16622606 0.51449472 0.48110586 -0.16630012 0.66231126 0.6105969 0.31262568 0.48444027 0.61645192 -0.31590652 0.67726576 0.73448569 0.60364044 0.43553311 0.76280659 -0.28181967
0.62208158 0.32902023 0.05210396 0.47823736 0.30494776 -0.50015956 0.64686584 0.4185175 0.19368674 0.48073047 0.40467185 -0.56156367 0.6882295 0.50122368 0.0691635 0.50579751 0.49702361 -0.61523646 0.61696351 0.48077968 0.16406807 0.51483744 0.48111787 -0.16415133 0.66391176 0.61145782 0.33528817 0.48389095 0.61792362 -0.30945173 0.67729127 0.73442173 0.60522413 0.43553549 0.76280302 -0.27883697
0.6166718 0.32829493 0.0802398 0.47274452 0.30564603 -0.4620949 0.64437252 0.41683781 0.21197204 0.47739601 0.40472737 -0.52678472 0.68754971 0.49906179 0.07795177 0.50485331 0.49680057 -0.58230698 0.61692464 0.48060286 0.16170958 0.5148502 0.48113501 -0.16178578 0.66430467 0.61149853 0.35578778 0.48357436 0.61962891 -0.30723682 0.67706358 0.73340714 0.65090615 0.43555748 0.76294672 -0.28386572
0.61427921 0.32809108 0.10003211 0.46863985 0.30606663 -0.42171437 0.64206153 0.4163937 0.22428679 0.4737297 0.40471229 -0.48640266 0.68759274 0.49817723 0.08832943 0.50370187 0.49624413 -0.54150993 0.61692744 0.47919288 0.15623872 0.51522392 0.48029986 -0.15630993 0.66386712 0.61018312 0.35224456 0.48398969 0.61965919 -0.3148334 0.67684728 0.73182338 0.64683878 0.4336991 0.76327866 -0.30489352
0.60727036 0.32656556 0.13424423 0.46476209 0.30617133 -0.40798816 0.63564539 0.41386646 0.25757664 0.47050667 0.40454596 -0.47703162 0.68626177 0.49409893 0.12357395 0.50336796 0.49571449 -0.53058928 0.61687195 0.47696552 0.1574225 0.51580238 0.47843152 -0.15750112 0.66265994 0.60977441 0.35571095 0.48416397 0.61949337 -0.31549621 0.67558283 0.73183942 0.64492291 0.4325147 0.7655493 -0.31319827
0.60070777 0.32625639 0.17948245 0.45947435 0.30686238 -0.35586897 0.63119674 0.4118 0.2870982 0.46713993 0.40449342 -0.43972236 0.68218672 0.48862728 0.15707363 0.50250071 0.49513629 -0.48658413 0.61674106 0.4761475 0.15683433 0.51618242 0.47745004 -0.15692648 0.65920889 0.60967672 0.35430649 0.48420298 0.61945766 -0.30746219 0.6754337 0.73187226 0.60865349 0.43184811 0.76666802 -0.32229987
0.590186 0.32567492 0.2096568 0.45250866 0.3079429 -0.34087202 0.62666935 0.41079506 0.31768364 0.4652974 0.40484351 -0.42617497 0.67804211 0.4876357 0.19167198 0.5008173 0.49508926 -0.47212946 0.61658901 0.47631264 0.15704618 0.51651949 0.47756132 -0.15713708 0.65872097 0.60932225 0.35685429 0.48333645 0.61977768 -0.30786434 0.67542976 0.73050982 0.6184513 0.43186572 0.76661599 -0.36092457
0.58127803 0.32567087 0.221476 0.44741029 0.30993026 -0.34070092 0.62320417 0.41049728 0.32222208 0.46110836 0.40578729 -0.44491369 0.6766715 0.48603183 0.18723176 0.4999741 0.49514124 -0.51050127 0.61638248 0.47648904 0.15743871 0.51766819 0.47762313 -0.15751192 0.65876794 0.60892004 0.30757624 0.48178491 0.62025768 -0.30067724 0.67551053 0.73048264 0.50553656 0.43188015 0.76645261 -0.31826395
0.57459581 0.32570219 0.25081405 0.44321615 0.31134918 -0.33824161 0.62084049 0.41071612 0.36115605 0.45734337 0.40700653 -0.44861326 0.67670894 0.48643401 0.24172857 0.49891555 0.49580958 -0.51903534 0.6155352 0.47610366 0.16331151 0.51887548 0.47726244 -0.16336338 0.65879446 0.60823756 0.24829398 0.48176727 0.62041599 -0.29047263 0.67728055 0.73027235 0.39770174 0.43175799 0.76782238 -0.28315517
0.56775194 0.3273057 0.25897148 0.43845609 0.3129665 -0.3295815 0.62143242 0.41089219 0.36192885 0.45543382 0.40771067 -0.44404948 0.67705756 0.48797283 0.24674405 0.49793604 0.4957872 -0.51285791 0.61419713 0.47618467 0.16394234 0.51906693 0.47733161 -0.16398314 0.65952998 0.6079846 0.24078028 0.47978735 0.62100989 -0.31234723 0.67726946 0.72960472 0.38906762 0.43176955 0.768255 -0.30960512
0.55706376 0.32727432 0.36340892 0.43274829 0.31503147 -0.24145375 0.61199498 0.41055202 0.46527553 0.45075703 0.40808618 -0.37148952 0.67350906 0.4827728 0.36350125 0.49785858 0.49543053 -0.45065308 0.61299515 0.47520235 0.1639687 0.51927811 0.47650799 -0.16400188 0.66000986 0.60728019 0.09025612 0.47984523 0.62038308 -0.30931902 0.6775406 0.72996485 0.13317394 0.43169537 0.76955217 -0.26061016
0.54940945 0.3273921 0.38439041 0.42843631 0.31722057 -0.22313668 0.60401803 0.41115087 0.48919117 0.44634768 0.40956503 -0.34804985 0.66660565 0.48324955 0.40089309 0.4979682 0.49533975 -0.41902569 0.61161119 0.47487783 0.16708149 0.51962411 0.47610548 -0.16710798 0.66085285 0.60656583 0.07850964 0.48027581 0.61999476 -0.30575159 0.67757028 0.73028338 0.10075728 0.43140602 0.77026272 -0.2682941 
0.54459733 0.32822675 0.42531309 0.42564693 0.31769636 -0.17331123 0.59805572 0.41139716 0.50815117 0.44186661 0.40951264 -0.32458523 0.65925747 0.48181635 0.397789 0.49802381 0.49359828 -0.42523992 0.60921359 0.4740822 0.16783974 0.51954269 0.47540104 -0.16783375 0.66145635 0.60662258 0.07386564 0.48011118 0.62023365 -0.3045381 0.67811728 0.73197097 0.10982846 0.43097049 0.77257186 -0.26731706
0.54361421 0.33046466 0.40958995 0.42148519 0.31946558 -0.17033932 0.59839159 0.41366586 0.49976701 0.44066501 0.41004008 -0.32463238 0.66038096 0.48247275 0.37409621 0.49813294 0.49323121 -0.45277157 0.60885119 0.47325918 0.16799042 0.51957774 0.47503763 -0.16798347 0.66190642 0.60614711 0.0859945 0.48020363 0.62022609 -0.3214294 0.67819846 0.7318455 0.1301136 0.43066877 0.77270389 -0.293194 
0.54179382 0.33377269 0.35324627 0.41922393 0.32034698 -0.23061261 0.59718609 0.41866523 0.44960108 0.44040442 0.41040841 -0.32925814 0.661093 0.49103084 0.32892445 0.49838364 0.49328718 -0.50783086 0.60750782 0.47334158 0.17009093 0.51947045 0.47557011 -0.17006579 0.66393876 0.60619438 0.13433123 0.48080254 0.62023801 -0.31271029 0.67698431 0.73191619 0.22275366 0.43073663 0.77324545 -0.27509481
0.54197884 0.33638459 0.31422406 0.41733757 0.32245573 -0.25289908 0.5984453 0.42042276 0.4147034 0.43971193 0.41181895 -0.34791705 0.66188449 0.49232951 0.27779391 0.49904215 0.493303 -0.51057333 0.60718602 0.47360548 0.17004298 0.51946729 0.47699127 -0.1700118 0.66502249 0.60613137 0.14813121 0.48217419 0.6204477 -0.31006321 0.67648304 0.73095894 0.26317677 0.43094105 0.77309668 -0.26665732
0.54363352 0.33845118 0.31143796 0.41691068 0.32346448 -0.2606203 0.59793347 0.42197558 0.41206887 0.43913361 0.4122082 -0.36847064 0.66137832 0.49256057 0.27392188 0.50134408 0.49327907 -0.5034948 0.60700923 0.47438076 0.16988538 0.51948249 0.47824666 -0.1698401 0.66683692 0.60638213 0.13893023 0.48234993 0.62224573 -0.30010584 0.67640179 0.73097211 0.22524548 0.43222672 0.77304006 -0.24736613
0.54198694 0.3391594 0.33186114 0.41639259 0.32382128 -0.24597433 0.59662306 0.42234212 0.4298591 0.43982127 0.41215214 -0.37122765 0.66043681 0.49252647 0.29894921 0.50365394 0.49345744 -0.50280416 0.60654211 0.4744381 0.16940866 0.51947504 0.47832215 -0.16935232 0.66832519 0.60633528 0.0839505 0.48320353 0.62282342 -0.30148432 0.67641938 0.7309531 0.13352114 0.43359876 0.77290326 -0.24838912
0.54045802 0.33884531 0.33298334 0.41635454 0.32347575 -0.25352722 0.59651434 0.42214397 0.42663851 0.44035167 0.41209602 -0.37332773 0.66031659 0.49248204 0.30684787 0.50552243 0.49368474 -0.50061238 0.60613936 0.47509345 0.16938396 0.51905876 0.47894943 -0.16932741 0.66970599 0.60647857 0.10038639 0.48368716 0.62296176 -0.29495645 0.67642105 0.73076743 0.14672852 0.43450949 0.77266014 -0.25556478
0.53913361 0.33849147 0.31620249 0.41764769 0.32316247 -0.32360023 0.59657896 0.42269924 0.41263476 0.44227314 0.41254947 -0.43693489 0.66037005 0.49264207 0.30428246 0.50798374 0.4961153 -0.51064962 0.60616904 0.47726473 0.17332776 0.52069968 0.47985724 -0.17326106 0.67242563 0.60810113 0.10930717 0.48415211 0.62413812 -0.27552336 0.67642605 0.73079026 0.16113895 0.43460357 0.77258813 -0.22768149
0.53965646 0.33778688 0.3107127 0.41953903 0.32216117 -0.32417077 0.59680688 0.42255753 0.41035357 0.44824755 0.41235346 -0.42849988 0.66039538 0.49262372 0.30112684 0.51006097 0.49610436 -0.49630329 0.60620219 0.47748926 0.17320858 0.52074528 0.47989368 -0.1731423 0.67441922 0.60804379 0.06606286 0.48425967 0.62447423 -0.27962345 0.67645115 0.73081458 0.10118256 0.43468916 0.77255911 -0.24030651
0.55955487 0.33739617 0.27425662 0.43036041 0.31904963 -0.33650029 0.61071217 0.42238846 0.3740308 0.45279574 0.41037619 -0.43369102 0.67109734 0.49463031 0.27165416 0.51055175 0.4954789 -0.49886897 0.60731447 0.4778201 0.17304672 0.51983851 0.47978348 -0.17298427 0.67855591 0.60759723 0.08786611 0.48430288 0.62437147 -0.30831361 0.67648119 0.7307685 0.15162921 0.43476877 0.77187634 -0.27184445
0.57874918 0.33670932 0.20429948 0.44597137 0.31635538 -0.43532461 0.63244408 0.42264643 0.31279209 0.46376827 0.410308 -0.52142268 0.691356 0.50002778 0.22600952 0.51086313 0.49652636 -0.54207563 0.60925412 0.4808962 0.17447685 0.51833266 0.48356161 -0.17442171 0.68162197 0.60717273 0.1874501 0.48451257 0.6246044 -0.280332 0.67776793 0.73074967 0.31701922 0.43476072 0.77128577 -0.18849632
0.599181 0.33659416 0.12304895 0.46185032 0.31374595 -0.50674927 0.64620119 0.42694625 0.24194033 0.47238404 0.41055018 -0.57647753 0.70312613 0.51090586 0.13887072 0.51120049 0.49766284 -0.59338433 0.61126143 0.48727894 0.17613858 0.51802123 0.48891476 -0.17611569 0.68674088 0.60730577 0.26510993 0.48545319 0.62531495 -0.27000538 0.67928874 0.73076361 0.45441148 0.43461344 0.76986617 -0.18125525
0.62457299 0.33626875 0.05069954 0.47801706 0.31158057 -0.53843397 0.66023374 0.42854184 0.17135422 0.47773856 0.41197667 -0.60233593 0.70994121 0.52056009 0.0616004 0.51111436 0.50391889 -0.63545203 0.6109392 0.49435216 0.17442071 0.5106312 0.4949159 -0.17444566 0.68784803 0.60740656 0.24633531 0.48499972 0.62730068 -0.22624119 0.67969942 0.73011833 0.50819522 0.43460768 0.76918381 -0.06599692
0.6509577 0.33634913 -0.09711266 0.49693066 0.3107945 -0.71839714 0.67506349 0.43406379 0.05551946 0.48747185 0.42037091 -0.75936383 0.71324241 0.5312736 -0.03410042 0.51397198 0.52508676 -0.76437289 0.61029315 0.49761185 0.17691238 0.50232726 0.49698976 -0.17702465 0.6870963 0.60825467 0.32690763 0.4846189 0.62825203 -0.22866797 0.67878717 0.73098755 0.69094896 0.43422365 0.76886469 -0.04428943
0.67452139 0.34059152 -0.14551127 0.52195251 0.31106803 -0.79312837 0.68618673 0.4419823 0.00934309 0.49763229 0.42675945 -0.84204209 0.71116018 0.540048 -0.09632566 0.51541334 0.53571904 -0.8621884 0.60669321 0.50227177 0.18042178 0.49394792 0.49840209 -0.18061247 0.68656051 0.60829842 0.32847267 0.48193511 0.62748951 -0.38192099 0.67863154 0.73146164 0.74842542 0.43418786 0.76775891 -0.07096547
0.69590038 0.35047156 -0.27465686 0.54563892 0.31731611 -0.91283476 0.69262558 0.45383754 -0.12909988 0.50491041 0.43495798 -0.97300887 0.71080798 0.55140322 -0.26408142 0.51518655 0.54171693 -1.01118541 0.60462099 0.5023855 0.18178919 0.48594016 0.49716398 -0.18201707 0.6862061 0.60673904 0.30886894 0.47631237 0.62038839 -0.48040032 0.67867458 0.73161489 0.7695961 0.43421698 0.76586133 -0.23579076
0.70928669 0.35918444 -0.39124054 0.55895263 0.34013623 -1.03432822 0.69556469 0.46650153 -0.23931664 0.51412654 0.45206872 -1.09822929 0.71355885 0.5659163 -0.37163404 0.51508236 0.55285347 -1.13797855 0.6013726 0.50201821 0.18142956 0.48017442 0.49626911 -0.18164217 0.68546247 0.60237277 0.08044089 0.47539052 0.60982972 -0.68641847 0.67871583 0.73288131 0.5122689 0.43346924 0.76579165 -0.4554528 
0.72901154 0.37786496 -0.40989238 0.57108694 0.36027309 -1.020504 0.70126396 0.4846721 -0.27172831 0.52201241 0.47030357 -1.08795333 0.71278214 0.58430654 -0.39768746 0.51938891 0.56891835 -1.11396241 0.58369499 0.49976137 0.178158 0.4647651 0.49660164 -0.17840266 0.67636555 0.59899086 -0.03761582 0.47404 0.60981292 -0.70586914 0.67681038 0.73250312 0.33253568 0.43274337 0.76572359 -0.47036058
0.73915154 0.40642789 -0.40709829 0.57565886 0.38125223 -0.96002626 0.71132815 0.50713181 -0.27469987 0.52255386 0.4915503 -1.01458585 0.71059471 0.60563916 -0.37503764 0.51888746 0.58783907 -1.03120196 0.56649959 0.50668103 0.1679069 0.45191637 0.50180888 -0.16810215 0.67684728 0.59911889 -0.09537193 0.47376728 0.61076105 -0.63110715 0.67582089 0.73159242 0.26016176 0.4320327 0.76598001 -0.41426229
0.7396518 0.42071992 -0.49172014 0.58211237 0.40454519 -1.00473046 0.71687359 0.52005816 -0.35738531 0.52700353 0.50684321 -1.04981029 0.70934689 0.61705357 -0.47116119 0.51610947 0.60521001 -1.0920434 0.55856574 0.50857937 0.15524746 0.44315878 0.50325555 -0.15535608 0.67725062 0.59939659 -0.17272194 0.46981755 0.61068195 -0.70167351 0.67602062 0.72984624 0.0956566 0.42925751 0.76391059 -0.45524335
0.74130785 0.43875441 -0.33763245 0.58995599 0.43161443 -0.88570756 0.71645242 0.53825444 -0.22392495 0.52240086 0.53385329 -1.01593256 0.70777279 0.63184667 -0.32753345 0.51491708 0.64034635 -0.93782461 0.54889518 0.52368569 0.14957988 0.43854889 0.51760596 -0.14954439 0.69178092 0.59115773 -0.17881067 0.46624175 0.60915697 -0.79314375 0.67759663 0.71823108 -0.02732811 0.42757496 0.76493073 -0.66163772
0.7495051 0.46005991 -0.44659609 0.58987588 0.45170105 -0.94651955 0.71491843 0.55287731 -0.3339549 0.51488072 0.55565292 -1.00496507 0.7070896 0.651187 -0.41762292 0.52425587 0.66492653 -1.01483846 0.54825783 0.52847046 0.14130312 0.43450585 0.52377522 -0.14127691 0.72566628 0.57314408 -0.20426451 0.46610102 0.60692948 -0.81176895 0.70205015 0.70889843 0.0198909 0.42417294 0.75699055 -0.62671089
0.73368019 0.47184208 -0.34388641 0.59084678 0.46733108 -0.82805216 0.7128585 0.5629738 -0.16996469 0.49781522 0.56874138 -0.87235773 0.70615965 0.64987773 -0.25782821 0.5378536 0.67042601 -0.89161009 0.53034109 0.53587621 0.14207537 0.42638975 0.52994591 -0.14207792 0.71616733 0.57273793 -0.13438378 0.4662244 0.60933155 -0.69376427 0.69943577 0.70869923 -0.02965643 0.42178202 0.75818509 -0.52302527
0.72875488 0.48794955 -0.23716776 0.59921092 0.48024255 -0.78053564 0.71042287 0.57066816 -0.05351701 0.47827539 0.56252193 -0.79803848 0.70591182 0.64827234 -0.13401514 0.55185807 0.65685964 -0.78073335 0.52748752 0.5387609 0.14494364 0.42335689 0.53543925 -0.14491884 0.71720344 0.57438058 -0.03669461 0.47789368 0.63100553 -0.5207808 0.69924694 0.71011841 0.03442097 0.41867498 0.76270014 -0.35734296
0.7255016 0.49599549 -0.15908825 0.59944642 0.49299267 -0.76003641 0.69873607 0.5676989 0.13938589 0.45430726 0.55739689 -0.68379176 0.68725258 0.63772207 0.2205244 0.55537409 0.64805317 -0.52435076 0.51932806 0.54162133 0.15751866 0.41939011 0.54070872 -0.15698239 0.71325433 0.57574844 0.02730436 0.48259673 0.63252831 -0.36461633 0.68764085 0.72057873 0.08839651 0.41796565 0.76305974 -0.1322168 
0.72297871 0.50052875 -0.14688531 0.6026625 0.49390313 -0.76237279 0.69871002 0.57152081 0.16953422 0.43954721 0.55303299 -0.66892904 0.6878441 0.63430864 0.26113373 0.54966664 0.63694894 -0.47663084 0.51080775 0.54219222 0.16528779 0.4122161 0.53868479 -0.16459779 0.70258242 0.58479112 0.07064795 0.48992625 0.63653988 -0.40878689 0.6847204 0.72246522 0.12706885 0.41618305 0.76302123 -0.23243263
0.72663659 0.50653815 -0.20306903 0.60006601 0.49867478 -0.77061349 0.69981122 0.57832742 0.06342129 0.42711374 0.55100614 -0.67402577 0.68814856 0.6306451 0.10933471 0.54657716 0.63354212 -0.48728982 0.51990366 0.54326975 0.16493933 0.41409233 0.53902781 -0.1640228 0.70012462 0.58817047 0.03602602 0.48948663 0.64527339 -0.37733984 0.68466562 0.72492903 0.09165476 0.41624665 0.76545757 -0.14003423
0.73145717 0.50806892 -0.20793983 0.60127652 0.49519721 -0.7477535 0.70809716 0.5831781 0.02479543 0.41867608 0.54664922 -0.58990437 0.68803114 0.62822026 0.03488746 0.54577529 0.6277861 -0.34070924 0.52336413 0.5428232 0.16243955 0.41422427 0.53717124 -0.161484 0.69837606 0.59281826 0.02316422 0.48198625 0.6541065 -0.29637429 0.68444437 0.72577149 0.05377228 0.41520432 0.76748747 -0.01530116
0.73064077 0.50896013 -0.19757697 0.60114706 0.48768565 -0.70825332 0.71136862 0.58421779 0.01756374 0.41750872 0.54416275 -0.6457817 0.6874944 0.63106191 0.00661554 0.54057258 0.62485242 -0.51617122 0.5227133 0.54116458 0.15239792 0.41461864 0.5352754 -0.15171425 0.69709659 0.59620947 0.01903025 0.47270265 0.65372646 -0.30806881 0.68367928 0.72661805 0.02337521 0.41407272 0.76929855 -0.06851692
0.73090661 0.5059523 -0.23540428 0.60051125 0.48111573 -0.71015441 0.7102899 0.58046639 -0.00359102 0.4235242 0.54327929 -0.6877166 0.68785429 0.63185567 -0.01850801 0.53820139 0.62431091 -0.54963714 0.52409637 0.53960484 0.1428396 0.41661358 0.53453457 -0.14223945 0.69709295 0.59955353 0.02988347 0.47309965 0.65150696 -0.36723387 0.68339455 0.72728705 0.06356031 0.41346917 0.7696861 -0.11819421
0.73034072 0.49857378 -0.30490172 0.59914714 0.47737873 -0.81342673 0.70962644 0.57403195 -0.08164389 0.43028721 0.54601783 -0.79107112 0.68813634 0.63544106 -0.13344172 0.53413135 0.62822002 -0.72151393 0.52466702 0.53921425 0.13849014 0.41801319 0.53120625 -0.13807684 0.69212413 0.60762149 -0.0099766 0.4737196 0.63911229 -0.358888 0.67715436 0.7299794 0.04160305 0.41371071 0.76500154 -0.09109645
0.73219419 0.49627134 -0.34069452 0.59853345 0.4759886 -0.84587008 0.7093423 0.56933409 -0.1427715 0.44552043 0.54767507 -0.8711924 0.68876112 0.63994014 -0.1916157 0.53408635 0.6391089 -0.85416931 0.52537638 0.53599864 0.13468555 0.41861591 0.52613121 -0.1343717 0.68866599 0.60496628 0.00185388 0.45225948 0.63697094 -0.36233196 0.67635852 0.72974229 0.04798175 0.40847376 0.76485443 -0.11559326
7.34556675e-01 4.88291949e-01 -4.07050967e-01 5.97537458e-01 4.66984063e-01 -9.11061645e-01 7.09217191e-01 5.62546611e-01 -2.19717950e-01 4.62443233e-01 5.49341619e-01 -9.44026589e-01 6.89208746e-01 6.41036093e-01 -2.68082887e-01 5.34756720e-01 6.43036425e-01 -9.45037365e-01 5.28008461e-01 5.29356837e-01 1.34857997e-01 4.20321167e-01 5.20708978e-01 -1.34567037e-01 6.88124597e-01 6.03613198e-01 -4.38684318e-03 4.44515884e-01 6.38533890e-01 -3.10377508e-01 6.78177953e-01 7.28540480e-01 4.68884818e-02 3.72702181e-01 7.51209915e-01 -8.45179777e-04
0.73633826 0.47705787 -0.38202092 0.59694123 0.45287973 -0.88248658 0.70902944 0.55376077 -0.21142535 0.47513333 0.54780924 -0.90687895 0.6976921 0.63878614 -0.27819183 0.53501385 0.64054942 -0.89709276 0.52827185 0.52446711 0.13474099 0.42116919 0.51405644 -0.13446021 0.68613273 0.60567218 -0.00414653 0.44750744 0.6330874 -0.24843781 0.67758119 0.72843003 0.05370613 0.38363728 0.74463391 0.03778138
0.73743445 0.46594414 -0.38314819 0.59643543 0.44541705 -0.8800931 0.70894557 0.547414 -0.25005507 0.4802779 0.54498756 -0.85892123 0.69987971 0.63936776 -0.33028209 0.5361284 0.63849062 -0.83154184 0.53398484 0.51544935 0.12927237 0.42322129 0.50783473 -0.12902784 0.68602496 0.60526699 -0.00406815 0.44945458 0.62601173 -0.26650384 0.6762799 0.72752452 0.05547336 0.37723324 0.748896 0.008126 
0.73969895 0.45304993 -0.38400286 0.59434599 0.43101555 -0.85827368 0.70952231 0.5347771 -0.22452016 0.47877684 0.53074783 -0.86166108 0.69865364 0.62782729 -0.29778069 0.53559297 0.62197262 -0.86486 0.5367074 0.50862241 0.13106868 0.42329496 0.50107557 -0.13082138 0.68495721 0.60514653 -0.00466228 0.4507181 0.62424284 -0.25578153 0.67312539 0.72492129 0.04226563 0.38307527 0.74787909 -0.0029273 
0.74531502 0.43955487 -0.4228673 0.59144986 0.41629192 -0.85074455 0.71119726 0.52269614 -0.27872097 0.47639748 0.51213944 -0.8704797 0.69847226 0.60628682 -0.3614417 0.53329426 0.60525209 -0.89337599 0.54189926 0.50151384 0.12332136 0.4247207 0.49301159 -0.12309933 0.68488306 0.6021958 -0.05729207 0.45167214 0.61675465 -0.24750336 0.67340547 0.7225154 -0.03464814 0.38823727 0.74849629 -0.02431491
