0.53109592 0.22799312 0.39358479 0.36340481 0.25893468 0.50786173 0.60006738 0.23659022 0.10096253 0.34553674 0.32505783 0.47502843 0.60762686 0.25387967 -0.10672144 0.32900864 0.37063035 0.32456288 0.46117973 0.3761822 -0.04946742 0.37337321 0.38898933 0.04881361 0.47779128 0.42283908 -0.40262583 0.38796008 0.43113175 -0.2412947 0.55145043 0.53925359 -0.76294869 0.48815772 0.52555043 -0.56996393
0.5651108 0.23148631 0.44139671 0.42063579 0.26182964 0.71262741 0.58418822 0.22461541 0.04733546 0.36316234 0.31397751 0.78120047 0.52731526 0.18025731 -0.12758139 0.34805962 0.30356959 0.82554966 0.53596866 0.36565208 -0.08550269 0.4303112 0.38124737 0.08537721 0.48977068 0.4317908 -0.66075617 0.40827376 0.43605003 -0.30155447 0.58169675 0.56840456 -1.11909449 0.5097487 0.53626353 -0.62637562
0.5556832 0.23689874 0.40965515 0.41908562 0.26535237 0.58123738 0.59256572 0.23024358 0.01680454 0.3913855 0.32028547 0.59246057 0.55649197 0.20890413 -0.21753442 0.38981357 0.32255378 0.56296623 0.52473354 0.37358534 -0.09205361 0.44596609 0.38519523 0.09159081 0.50242645 0.44499555 -0.40951571 0.42157099 0.44664684 -0.26320279 0.56617928 0.57340801 -0.6916641 0.52481729 0.54613298 -0.44001198
0.50304371 0.22869816 0.39108825 0.32710457 0.26462004 0.50473535 0.56346077 0.22580589 -0.09284022 0.32472494 0.32144412 0.29145622 0.49224395 0.17580037 -0.30220428 0.33698434 0.30486995 0.13400625 0.50546461 0.38152346 -0.06110963 0.37217829 0.39214358 0.06094915 0.47426787 0.41851798 -0.5011887 0.36045063 0.4110195 -0.42212012 0.53184026 0.53649533 -0.77712893 0.50459921 0.51378655 -0.63598984
0.56362528 0.22861776 0.38322258 0.48173982 0.25635347 0.63179427 0.58640856 0.23732091 0.30114889 0.44712162 0.26668909 0.53501081 0.52928901 0.21488659 0.5148685 0.37172014 0.22787404 0.34399605 0.59340292 0.36224899 -0.12735218 0.54874974 0.37141195 0.12645486 0.51501304 0.44173601 -0.32871133 0.4964599 0.42532212 -0.04860792 0.5626781 0.56894088 -0.62625605 0.53105718 0.53718263 -0.30414364
0.5611828 0.22648579 0.40040627 0.48544374 0.25247359 0.68231255 0.60675222 0.24208722 0.31389672 0.45494822 0.26138988 0.67047864 0.58324832 0.22079475 0.39569482 0.37483025 0.22302961 0.62313235 0.61232221 0.3521387 -0.12394905 0.56499219 0.36715716 0.12322522 0.54538369 0.44317764 -0.44066408 0.49233928 0.44415966 -0.14241649 0.58360195 0.57936513 -0.73653299 0.52797204 0.56581688 -0.39786023
0.55479306 0.22351183 0.40528533 0.47860932 0.25016162 0.68718088 0.5977118 0.24498972 0.18441196 0.44993326 0.2651889 0.65544969 0.55333579 0.22676949 0.08067289 0.38736886 0.22916229 0.59231234 0.60516727 0.34950629 -0.13131104 0.55527866 0.36609206 0.13031277 0.52223361 0.43904248 -0.45755661 0.48182565 0.43159142 -0.15657124 0.58588278 0.58398348 -0.8712458 0.52973473 0.56752813 -0.52912736
0.5129143 0.22703704 0.42256966 0.48995125 0.23579171 0.61810982 0.57919294 0.24363776 0.30629304 0.50445879 0.25084695 0.46175951 0.55747408 0.22889148 0.39691442 0.44915339 0.22905794 0.32230654 0.58668822 0.35672787 -0.11147545 0.57961869 0.36060685 0.11067998 0.5145312 0.45233366 -0.38132748 0.52497137 0.4434807 -0.15854192 0.56955731 0.56879616 -0.65197474 0.56496608 0.56307411 -0.46821356
0.51559293 0.21862242 0.22111927 0.48019698 0.23824672 0.52513719 0.59414804 0.25059661 0.04917236 0.48271841 0.25997716 0.42433155 0.58122337 0.25747755 -0.04791154 0.39210847 0.2255325 0.26642311 0.6135875 0.35784206 -0.13141789 0.58177471 0.36842048 0.13104053 0.50887918 0.44960701 -0.39235625 0.50269002 0.4411504 -0.15394022 0.57420474 0.57614839 -0.70614016 0.54919022 0.55521446 -0.44387981
0.5174498 0.21861972 0.27332366 0.47792143 0.24123503 0.51365274 0.5931043 0.25664914 0.12566963 0.46206012 0.26171556 0.3799057 0.56113911 0.25609615 0.10545702 0.39766487 0.23392536 0.11738899 0.62109125 0.35835117 -0.11559148 0.58956575 0.37128073 0.1151545 0.50604111 0.44743791 -0.35334417 0.49917874 0.43072012 -0.13805293 0.56452686 0.55621803 -0.66323549 0.54290104 0.5313943 -0.43877017
0.52364689 0.22124921 0.16798706 0.45417085 0.25897315 0.44852504 0.60236466 0.25932536 -0.00336431 0.41775012 0.26807845 0.50305098 0.55975831 0.25039747 -0.08386452 0.35423505 0.2316006 0.51112014 0.62877703 0.35959694 -0.12257908 0.58068728 0.37718773 0.12244792 0.50275922 0.44957429 -0.35363886 0.49415079 0.43779123 -0.14894412 0.567972 0.56461161 -0.54327601 0.54195476 0.54154581 -0.30157554
0.52043343 0.22758882 0.19175366 0.44536322 0.27524519 0.45083651 0.59646195 0.2636708 0.03008423 0.41752633 0.29549679 0.51456642 0.56575805 0.2546252 -0.02311112 0.37065348 0.24917051 0.52869362 0.63863474 0.36688903 -0.1221709 0.5816775 0.39360416 0.1218478 0.47479066 0.4503178 -0.34809789 0.48324829 0.45232067 -0.10172469 0.54062885 0.56424314 -0.42848653 0.53484714 0.5441944 -0.21381491
0.49896607 0.23023206 0.11910646 0.41855809 0.27836549 0.4252758 0.60015446 0.26674968 0.02841884 0.42510018 0.32195273 0.45394856 0.63995177 0.2980195 -0.02912702 0.42331886 0.30117789 0.32738337 0.64018428 0.37659878 -0.13427527 0.58399957 0.39462909 0.13389182 0.44910979 0.45573902 -0.30655566 0.44972873 0.4443683 -0.06274839 0.53528714 0.58336526 -0.44146627 0.51945651 0.55257767 -0.19489956
0.48937717 0.23665611 -0.18018919 0.41009927 0.27373087 0.22227982 0.5983898 0.2701084 -0.16398248 0.45768258 0.31098214 0.51372063 0.63805366 0.29999793 -0.14547016 0.47463858 0.29798073 0.61777735 0.6475656 0.38664883 -0.15360674 0.58677733 0.39319658 0.15384595 0.45843652 0.45880863 -0.43475249 0.41709748 0.43233079 -0.05368516 0.54599655 0.58955199 -0.32693309 0.40264997 0.54294431 -0.0438111 
0.4938632 0.24601878 -0.23695311 0.41962785 0.27136475 0.20472071 0.61155701 0.27900845 -0.24163856 0.46459243 0.29857379 0.55814362 0.63773167 0.30176407 -0.27424303 0.46581557 0.29697016 0.74676776 0.65062028 0.38948861 -0.16139451 0.59481782 0.39206207 0.16189803 0.46109828 0.46151522 -0.38877782 0.41887158 0.4359419 -0.00623993 0.53616673 0.59799552 -0.28924865 0.41403413 0.54556972 0.03634273
0.47627553 0.24534282 -0.14066003 0.38998237 0.27741161 0.25964755 0.60483497 0.27715188 -0.15095098 0.41566479 0.2795645 0.5110209 0.6331172 0.30193791 -0.12055321 0.40062213 0.23672722 0.58963227 0.64620101 0.38811353 -0.17135765 0.58812672 0.40293872 0.17167844 0.42403373 0.45672721 -0.37382054 0.43262127 0.47625247 -0.03098804 0.53287989 0.56849569 -0.15852676 0.52261603 0.57926071 0.05469797
0.4797157 0.25377792 -0.35462481 0.38433078 0.28081977 0.13875642 0.6060431 0.28310615 -0.19319509 0.42332053 0.31834733 0.49462923 0.63092119 0.3101674 -0.03506226 0.44530416 0.3204343 0.55261165 0.65003705 0.39145276 -0.19237916 0.58276719 0.40067706 0.19285133 0.43481746 0.46410897 -0.432778 0.40876174 0.44869387 -0.03616947 0.55154222 0.57009 -0.21170673 0.39193869 0.5477463 -0.01270588
0.47257203 0.25655276 -0.23419367 0.39388898 0.29318574 0.19280671 0.60364377 0.2881678 -0.12434666 0.47645709 0.33704224 0.49007171 0.63220882 0.31286213 0.04009232 0.51767778 0.35412568 0.54983413 0.65072346 0.39924315 -0.18176837 0.581882 0.40418559 0.18217382 0.43851531 0.46559414 -0.31444648 0.38607785 0.42570072 0.02730202 0.53526145 0.57702678 -0.19722702 0.37251908 0.51819712 -0.05749749
0.46751645 0.2605187 -0.17583798 0.39943326 0.28962409 0.23715055 0.6005435 0.29502392 -0.22752421 0.44388703 0.33288872 0.56915319 0.62753403 0.31816855 -0.22653298 0.41848499 0.2995061 0.72426873 0.65064394 0.40655386 -0.18328598 0.59298903 0.40922689 0.18364358 0.42869622 0.47631481 -0.28452492 0.38153279 0.431034 0.10340924 0.51459187 0.58830613 -0.19087128 0.3898893 0.531991 0.01221841
0.45937029 0.25575769 -0.18150385 0.36449671 0.27608719 0.09024882 0.59302717 0.27508399 -0.23940806 0.43454626 0.32345214 0.08583278 0.58182335 0.28661454 -0.33432803 0.41954023 0.30404383 -0.1313657 0.64439821 0.39513385 -0.15004903 0.5836693 0.40219814 0.15027884 0.41675442 0.47723529 -0.26841465 0.3967813 0.43402684 0.10198049 0.49326512 0.58649611 -0.14738587 0.38655075 0.53508002 0.08066355
0.46567973 0.26608762 -0.19969776 0.37784716 0.28473839 0.11791204 0.59298664 0.29807502 -0.32748052 0.40115553 0.31826165 0.27969167 0.56268114 0.29046303 -0.49465734 0.36976039 0.29978228 0.18049794 0.64546585 0.4030371 -0.14779474 0.58492702 0.40248889 0.14811155 0.42585286 0.47675344 -0.2891888 0.39979142 0.43269122 0.1181311 0.48206317 0.57300448 -0.1798735 0.39088857 0.51482582 0.06171598
0.46560183 0.27725133 -0.16228618 0.41484672 0.29370943 0.15997639 0.56372333 0.30116928 -0.29843631 0.44008616 0.31772038 0.376555 0.56920969 0.30042693 -0.4470517 0.43456963 0.29870656 0.49013487 0.64556521 0.41086942 -0.14336438 0.60141236 0.40868503 0.14359951 0.42503771 0.46975049 -0.24360996 0.40291116 0.43311679 0.10000378 0.45892519 0.57343102 -0.21820042 0.39427742 0.52109134 0.02453931
0.46718827 0.28837511 -0.24292071 0.41495594 0.30774638 0.18053445 0.58084506 0.31974378 -0.24215673 0.47684491 0.3494119 0.40573931 0.57379723 0.32046649 -0.05317793 0.4991667 0.36149329 0.46459389 0.65309608 0.42031041 -0.17600335 0.60255897 0.42178854 0.17637417 0.42804533 0.46956247 -0.33234873 0.40323484 0.4638285 0.09974604 0.53134936 0.58595902 -0.22616617 0.3966777 0.56774974 0.06200087
0.45922536 0.27841103 -0.17894943 0.36963561 0.30353981 0.18958847 0.55589348 0.31765679 -0.36866868 0.40010706 0.34363732 0.3455371 0.50940907 0.30772892 -0.61005718 0.41379955 0.34356105 0.36674359 0.65069342 0.41598383 -0.17377566 0.59322274 0.42258832 0.17407922 0.42562193 0.45200491 -0.37467572 0.40969598 0.47821796 0.05851315 0.54481918 0.57402807 -0.23816155 0.48142678 0.57446647 0.03410276
0.46033463 0.29565495 -0.16502082 0.40551236 0.30241743 0.29991764 0.54535365 0.32347769 -0.31514904 0.44469476 0.33517778 0.44716412 0.52724171 0.31210536 -0.38960132 0.43218419 0.32864913 0.45399988 0.65587109 0.43004569 -0.18893069 0.61808848 0.42389715 0.18911655 0.40685749 0.45102292 -0.31707925 0.40999722 0.4587436 0.1217337 0.52377295 0.58136457 -0.24684352 0.46293572 0.57456017 0.05046922
0.47932887 0.29530093 -0.28077954 0.37585729 0.30393139 0.08831985 0.54977262 0.33352804 -0.30715853 0.36110029 0.33170757 0.37888241 0.54478437 0.32853147 -0.43239665 0.34756789 0.32456475 0.48284104 0.65549225 0.43160093 -0.18035832 0.61598414 0.42744911 0.18040706 0.41289142 0.45202929 -0.31787214 0.40755069 0.46205053 0.06843076 0.52314156 0.58313888 -0.22604103 0.41763711 0.58074367 0.02922067
0.47877949 0.28718531 -0.28409085 0.38320208 0.30149713 0.14439996 0.47892964 0.31526965 -0.50370073 0.36048263 0.31259066 0.3035728 0.45601112 0.28063077 -0.72240198 0.33565789 0.28153402 0.1939144 0.65486062 0.43220717 -0.1990564 0.61761987 0.42358854 0.19934274 0.41219428 0.44891897 -0.30612695 0.3962318 0.45036411 0.1849194 0.49084219 0.58098859 -0.23616025 0.39171273 0.57420701 0.15955839
0.47403929 0.29148212 -0.41905534 0.37646535 0.29224283 -0.03815897 0.50176531 0.32622352 -0.54986703 0.34102079 0.29846734 -0.01473527 0.40988079 0.30211917 -0.65817851 0.30749145 0.2451027 -0.06899296 0.65555984 0.43824536 -0.18852699 0.61156201 0.42306888 0.1887975 0.41387039 0.46356019 -0.39984336 0.40172958 0.4562687 0.1294145 0.52395678 0.58821994 -0.23835523 0.39428967 0.57112849 0.20410906
0.47200412 0.28733808 -0.36637741 0.39351693 0.27676901 0.11012896 0.38187915 0.31929189 -0.53035492 0.33151814 0.28813764 0.20927563 0.28380144 0.26972783 -0.59642708 0.28318843 0.23900194 0.13493137 0.65557587 0.44223848 -0.20955285 0.62394303 0.42193159 0.2096868 0.41589221 0.46488947 -0.37962538 0.39730701 0.44639266 0.3010096 0.49822223 0.59083521 -0.29662567 0.39992407 0.56983286 0.33222997
0.46661043 0.29097936 -0.37730896 0.40527382 0.27868983 0.12085992 0.38493553 0.3325544 -0.56154644 0.32738671 0.29160836 0.17877187 0.29100576 0.27860156 -0.6664893 0.2740792 0.22922309 0.00765572 0.65631473 0.44764796 -0.21613848 0.63183182 0.43181434 0.21636963 0.41054779 0.46452039 -0.36351612 0.3986575 0.46840444 0.27800581 0.48736724 0.59828317 -0.26930466 0.44462338 0.57753581 0.34797311
0.47699347 0.2884531 -0.40284994 0.39967182 0.27327988 0.09286955 0.43027797 0.33390418 -0.51689941 0.32869616 0.29557723 0.13358007 0.31624997 0.29875556 -0.55863154 0.27070081 0.2492629 -0.00495248 0.65600425 0.44632041 -0.20655157 0.62544751 0.43098792 0.20671313 0.40220031 0.46033096 -0.37052673 0.3995811 0.47104082 0.24461433 0.48891324 0.59643298 -0.25448254 0.46667343 0.57673764 0.34364584
0.48196331 0.29795206 -0.34453115 0.40254939 0.28001517 0.1222631 0.43179134 0.33809063 -0.50240767 0.33308041 0.2887533 0.10369376 0.32064101 0.29969719 -0.59296328 0.27011633 0.2017159 -0.05510801 0.6556111 0.4525314 -0.20201313 0.62674004 0.44264814 0.20218897 0.40422785 0.4595629 -0.36389759 0.40020925 0.48144069 0.24068835 0.49418861 0.59646797 -0.25510654 0.45979491 0.58157337 0.315813 
0.48269993 0.31628433 -0.37247053 0.43725786 0.2901774 0.12622239 0.42787933 0.3477681 -0.55623817 0.34205887 0.28505105 0.19487211 0.32904539 0.31616989 -0.69062072 0.28251481 0.20854406 0.0142058 0.6558004 0.46358585 -0.20187673 0.64542216 0.451056 0.20223187 0.40634933 0.47205618 -0.28122684 0.4060173 0.48506281 0.2467459 0.50454533 0.60989165 -0.15675394 0.49879512 0.58722055 0.31768638
0.48247162 0.30824715 -0.32485086 0.43623266 0.30289975 0.21620993 0.43063352 0.35390431 -0.5385201 0.35597634 0.34124169 0.34855604 0.32964024 0.32773831 -0.63372052 0.29274231 0.31076798 0.29746911 0.65555799 0.46695107 -0.20007378 0.64391863 0.46096298 0.20038706 0.42860755 0.4630751 -0.27055863 0.40641287 0.48810533 0.22386815 0.5049209 0.60611635 -0.16785081 0.49046457 0.58901542 0.27547586
0.4820925 0.33236676 -0.37523511 0.43242919 0.3096953 0.20284317 0.4064748 0.3670558 -0.53487712 0.35360408 0.32411131 0.31308854 0.29668337 0.32768825 -0.62990862 0.28774101 0.25367323 0.24324808 0.65533674 0.47617149 -0.19913311 0.6467182 0.46744844 0.1994666 0.42776304 0.46764532 -0.27595383 0.40442234 0.4899669 0.25041059 0.48908663 0.6091544 -0.17238046 0.48877463 0.59148252 0.30528098
0.48535636 0.32690242 -0.36811098 0.42600143 0.30613789 0.11634959 0.44592318 0.36918843 -0.50755936 0.34753403 0.32358021 0.18042873 0.32611677 0.32397798 -0.60670698 0.28457808 0.26697227 0.09540249 0.65222257 0.47706354 -0.19839677 0.63836473 0.46982297 0.19877146 0.40435112 0.45733312 -0.3439669 0.3914198 0.48587352 0.23737073 0.49172249 0.60758489 -0.21147193 0.47959799 0.58854693 0.28290534
0.48145378 0.32772842 -0.37016344 0.4171499 0.30413359 0.10583577 0.45319533 0.37305433 -0.49691156 0.34756717 0.3237136 0.19191535 0.33444411 0.32232267 -0.54337192 0.2875365 0.28038618 0.28664067 0.64926356 0.48435789 -0.19864981 0.63000536 0.47492716 0.19887143 0.38874623 0.44592905 -0.39221936 0.38554204 0.4845376 0.23911642 0.50329596 0.59935856 -0.24561736 0.48712447 0.57758749 0.31073228
0.49854961 0.35440409 -0.32643306 0.43795031 0.34524015 0.17754935 0.43359613 0.37559688 -0.5081386 0.34863153 0.34765479 0.20170517 0.32047167 0.32501656 -0.6007759 0.28984335 0.29549712 0.12967874 0.64915758 0.50124466 -0.19830175 0.63111895 0.49985343 0.19850653 0.38285777 0.45939586 -0.37554798 0.38253143 0.48293343 0.23879361 0.48784384 0.60021126 -0.26587769 0.44028664 0.57759953 0.23944375
0.50297123 0.34240147 -0.3353166 0.42357132 0.34396565 0.19447947 0.41711611 0.38552558 -0.51827264 0.33122718 0.36328733 0.08412948 0.27833426 0.33398506 -0.5436914 0.26890329 0.29585171 -0.26199904 0.6489448 0.49830815 -0.19854504 0.61635435 0.50473726 0.19871947 0.38810962 0.45936051 -0.43458444 0.3790642 0.50741583 0.24178059 0.4901647 0.60746062 -0.26593733 0.46336314 0.59693849 0.30003107
0.50725621 0.36257455 -0.36075994 0.43204659 0.35930309 0.19903499 0.40856186 0.39001319 -0.53851807 0.33020177 0.3626357 0.29111794 0.26744619 0.33941299 -0.5741663 0.26813674 0.30063257 0.17140865 0.64789188 0.50785327 -0.1988095 0.61300576 0.51194108 0.19901098 0.39098042 0.46885425 -0.45718685 0.37725428 0.50452471 0.23606668 0.49036837 0.60774398 -0.27280423 0.43527249 0.60152489 0.29036832
0.50521457 0.37387341 -0.35705024 0.44094494 0.36770806 0.20786621 0.40695986 0.38516802 -0.52786744 0.3337976 0.35665312 0.32808787 0.26866218 0.337531 -0.54629147 0.27303842 0.29351655 0.22162047 0.64787847 0.51018232 -0.19901454 0.61379576 0.51911849 0.19922923 0.39547116 0.47726053 -0.38321576 0.37849355 0.50886059 0.23852691 0.50137776 0.61151236 -0.20192841 0.44055343 0.61312002 0.28620476
0.50425237 0.36591902 -0.37697682 0.43767059 0.36696452 0.19976856 0.40358937 0.3851994 -0.58078742 0.33574229 0.3611562 0.2050682 0.26554018 0.31822032 -0.62065071 0.27044809 0.29044825 -0.04606946 0.64671558 0.51065379 -0.20119363 0.60999453 0.51932561 0.20145242 0.3963441 0.47468725 -0.48072189 0.37003082 0.50670087 0.25778982 0.50111026 0.61029446 -0.23660406 0.4678821 0.60806268 0.30524594
0.50570166 0.36149487 -0.35060933 0.4319599 0.36977303 0.20964371 0.40864173 0.38548654 -0.56688052 0.33655915 0.3790231 0.13365541 0.27390116 0.31155428 -0.63693249 0.27246094 0.30244181 -0.17460635 0.64627129 0.51546413 -0.20161766 0.60809249 0.52191728 0.20179527 0.39665952 0.47382316 -0.49592453 0.3687889 0.50907546 0.25168765 0.50117481 0.60974449 -0.31287476 0.46989611 0.60448658 0.24353623
0.50719702 0.35892582 -0.35726953 0.4237107 0.3690072 0.20321846 0.42400661 0.39044735 -0.60749745 0.33695695 0.38440821 0.01405401 0.30408764 0.30965859 -0.69153827 0.2742008 0.30891421 -0.37418517 0.64521903 0.51662415 -0.20136301 0.59930891 0.52177173 0.20151278 0.4051511 0.47280914 -0.59322077 0.36883613 0.49094468 0.25159726 0.48979318 0.60907769 -0.38389966 0.4601416 0.60040158 0.21848084
0.50444621 0.38437176 -0.34169209 0.4457503 0.38481084 0.23655424 0.41257545 0.38117555 -0.58171076 0.35356933 0.39196846 0.38270608 0.30318615 0.30239919 -0.66158187 0.28639778 0.34049019 0.271862 0.64515769 0.5207839 -0.20125522 0.60268795 0.525769 0.20138896 0.41093835 0.47252294 -0.48448199 0.39100671 0.49104321 0.2847518 0.49008262 0.60275239 -0.33726054 0.48256609 0.59395653 0.31834644
0.51015997 0.3731814 -0.39153966 0.44206265 0.37646663 0.1888057 0.41167045 0.38060769 -0.63151634 0.35281935 0.3886404 0.16034354 0.29860598 0.29960689 -0.70272392 0.28608862 0.33392805 -0.15354548 0.64526415 0.5170055 -0.20007579 0.60346925 0.52215523 0.20018403 0.40647602 0.46810481 -0.46759102 0.39020711 0.50136048 0.27779618 0.49014571 0.59017539 -0.15307878 0.48599583 0.59366989 0.38954887
0.50468272 0.38431123 -0.42542008 0.44506919 0.37937051 0.17080513 0.39685047 0.37728414 -0.66081786 0.36392319 0.37483919 0.27734566 0.28018221 0.30040357 -0.71476889 0.29234007 0.31335464 0.15325633 0.64594322 0.51758522 -0.20627214 0.60461241 0.52003175 0.20662153 0.40624049 0.4699502 -0.35090008 0.3910245 0.50034904 0.31972259 0.47181743 0.59053218 -0.08564924 0.48328456 0.5805043 0.43494505
0.51023608 0.39304394 -0.2568576 0.46516421 0.39705607 0.24281873 0.40024227 0.36714581 -0.44258723 0.3729077 0.37288719 0.34365764 0.29288134 0.2962431 -0.42594942 0.30267015 0.31253588 0.16808844 0.64728063 0.51564413 -0.20396818 0.61368215 0.5200119 0.20428982 0.43433487 0.47659317 -0.36392412 0.42342326 0.50004625 0.25851631 0.4881281 0.58955669 -0.25709409 0.47677922 0.58049184 0.26875737
0.51265937 0.39210123 -0.29804996 0.47217417 0.39594671 0.23374927 0.38922292 0.37157238 -0.48726666 0.36975455 0.38379398 0.3587096 0.27473155 0.32466429 -0.45894197 0.29431671 0.33619499 0.19547357 0.65445209 0.51512855 -0.20266275 0.62472796 0.5188449 0.20297338 0.44158465 0.48512235 -0.37688133 0.42782936 0.51689851 0.2153983 0.52139693 0.60711193 -0.26791081 0.48277864 0.59019208 0.25155187
0.51437151 0.38938957 -0.33371356 0.46753687 0.3894814 0.18978831 0.39165738 0.38037825 -0.50743783 0.37628561 0.37445471 0.31772661 0.27826074 0.3329469 -0.51116401 0.30100116 0.32658246 0.16909321 0.66498405 0.50615269 -0.20163895 0.63470829 0.51297992 0.20193547 0.441782 0.48334101 -0.32331526 0.44176409 0.51628363 0.22631405 0.51657706 0.60682869 -0.19096133 0.45767894 0.5901531 0.27342355
0.52154565 0.39058504 -0.3346234 0.47042766 0.38838375 0.17942464 0.39237514 0.38274333 -0.51327693 0.37982786 0.37435099 0.30372322 0.28204572 0.34440577 -0.50467968 0.30306798 0.33188123 0.13465378 0.67001134 0.4999094 -0.19370024 0.63966554 0.5096063 0.1939635 0.45954862 0.48086745 -0.32945472 0.4516319 0.51272142 0.21364799 0.52589548 0.59903103 -0.19843026 0.48238018 0.59197342 0.27435106
0.51956648 0.38153213 -0.31832221 0.46676517 0.38766527 0.22810721 0.41442725 0.3727451 -0.51682436 0.3842015 0.37414134 0.39753583 0.29814646 0.33612546 -0.56793702 0.30602884 0.33371502 0.29498923 0.67178285 0.49302652 -0.19231907 0.64793807 0.50367731 0.19251928 0.4611147 0.47133082 -0.34315249 0.45047739 0.49604994 0.21740524 0.52069801 0.59450012 -0.20729585 0.43295032 0.58823866 0.26382411
0.51842117 0.37431464 -0.32120892 0.46816516 0.38096878 0.25075349 0.42714593 0.35470244 -0.57687944 0.38228709 0.37414169 0.39234027 0.31351465 0.3121365 -0.67900676 0.30765697 0.3506161 0.25948355 0.67369533 0.48520938 -0.19563906 0.6563037 0.4948869 0.1958777 0.47439474 0.47309986 -0.32183054 0.45631418 0.49591646 0.21587029 0.52202946 0.60581183 -0.2163448 0.45757413 0.59490228 0.24691296
0.52042001 0.36893749 -0.38308284 0.49194804 0.36289352 0.20928633 0.44444978 0.35770366 -0.654558 0.39077735 0.35712677 0.38352379 0.32851979 0.30343279 -0.77278501 0.3089864 0.32368293 0.20426092 0.68324441 0.483127 -0.20351738 0.6710307 0.48624024 0.20378475 0.47205731 0.47788218 -0.29674178 0.46470243 0.49411896 0.22050838 0.52691227 0.6121918 -0.15934773 0.50592959 0.5968287 0.30731532
0.52291226 0.35002342 -0.47617352 0.48362488 0.34045792 0.11695502 0.4443731 0.35984346 -0.72157121 0.3902657 0.34067142 0.23435371 0.33505633 0.30564398 -0.86563754 0.3143478 0.29635826 0.100702 0.68442243 0.4773522 -0.21622166 0.66478801 0.47114861 0.21649948 0.4705959 0.4792648 -0.32088616 0.45615858 0.47410992 0.22165459 0.52441901 0.60999292 -0.17613231 0.50244558 0.5940609 0.32266057
0.54245871 0.3552286 -0.41631725 0.48031697 0.34875634 0.0754214 0.49434865 0.37178522 -0.63847721 0.39877465 0.34289268 0.13521451 0.39839962 0.33206472 -0.75228429 0.32187438 0.29959455 -0.01421122 0.68857735 0.47807604 -0.19401321 0.66434979 0.47263795 0.19414863 0.46967345 0.48145437 -0.28238681 0.45790651 0.47531253 0.15386464 0.52568418 0.6098147 -0.15422356 0.51065665 0.58823764 0.22785883
0.56298929 0.3376821 -0.40022716 0.44437334 0.34421569 -0.01513592 0.60673225 0.38809967 -0.64070177 0.40546471 0.3834323 0.03456923 0.47615576 0.34933764 -0.86681527 0.35151416 0.36598119 -0.09301627 0.69504058 0.46560532 -0.17268603 0.63986832 0.46681735 0.17277035 0.46798927 0.48270577 -0.31272355 0.44188204 0.47795138 -0.04188413 0.52609968 0.60966229 -0.11052691 0.50320834 0.58780706 0.04537532
0.55561328 0.32536134 -0.40986687 0.43447796 0.32170266 0.02955037 0.61035067 0.39031336 -0.62809139 0.40501937 0.37940639 0.11207813 0.47281709 0.35366768 -0.76835865 0.3693485 0.34617093 0.01257037 0.69853097 0.46187219 -0.1784633 0.63462865 0.45575604 0.17860082 0.44916007 0.4776344 -0.290214 0.43761799 0.46581611 0.04713491 0.52181906 0.59996164 -0.01816716 0.48185477 0.58398533 0.1480002 
0.54547215 0.31200057 -0.55429459 0.41417634 0.30507413 -0.20773752 0.57434148 0.3879278 -0.61715198 0.38261986 0.37623224 -0.06359452 0.45961213 0.35726887 -0.69251662 0.35225445 0.35762227 -0.05915235 0.6769262 0.4399212 -0.13721764 0.59703708 0.43695 0.13750488 0.47249845 0.45357078 -0.24977259 0.43489745 0.46478027 0.09026424 0.51936829 0.51900381 0.25210407 0.44069475 0.5496397 0.40478823
0.53421462 0.31863931 -0.503914 0.44832313 0.30871013 -0.02802976 0.48334858 0.35738045 -0.50561291 0.38270053 0.32024059 0.05534917 0.37414259 0.30781633 -0.49285781 0.34538841 0.26039246 -0.02994754 0.67853165 0.44529265 -0.15441959 0.6196298 0.4417198 0.15467072 0.48736724 0.45695516 -0.12550567 0.44886097 0.46522567 0.1691622 0.47543013 0.55573261 0.09121172 0.44557807 0.56144142 0.34061411
0.54562014 0.3205516 -0.33412638 0.49245471 0.31930745 0.13564686 0.47338834 0.35010579 -0.41955829 0.40367359 0.32912984 0.20383294 0.35200539 0.31037313 -0.38163388 0.34166932 0.28440312 0.06397446 0.7009145 0.45019981 -0.16185103 0.67324179 0.4474805 0.16209376 0.49490544 0.45091674 -0.1764605 0.4803502 0.46728307 0.17072488 0.47775117 0.56062627 0.02721598 0.4614599 0.56720227 0.273987 
0.52237976 0.28372028 -0.42861101 0.45668104 0.2770353 0.03285134 0.45126766 0.33284032 -0.49366522 0.37880564 0.31571409 0.06942125 0.31285635 0.26721495 -0.5005703 0.30217466 0.26609087 -0.03389816 0.69506752 0.42735904 -0.16195498 0.65002882 0.42896003 0.16225855 0.50581485 0.42984563 -0.15958244 0.47241691 0.47378626 0.14303915 0.4877508 0.52805406 0.22880617 0.46984246 0.56761402 0.35370153
0.52628899 0.30457479 -0.47908047 0.47304714 0.28053007 -0.08953918 0.51283586 0.34512672 -0.48984799 0.3816272 0.26651448 0.02588272 0.4176102 0.31704944 -0.47224951 0.30769792 0.20096245 -0.03305956 0.69320369 0.43615302 -0.15993036 0.65702927 0.42403758 0.16041704 0.49488017 0.43605313 -0.06197851 0.48654807 0.46482354 0.29724005 0.46744108 0.54402012 0.2191063 0.46995389 0.55556267 0.53987157
0.52488327 0.29590136 -0.56904089 0.47671583 0.2504794 -0.09508193 0.43957296 0.34654629 -0.61523378 0.37908897 0.25122589 0.02465228 0.31609619 0.30067974 -0.64747828 0.30146852 0.19417587 -0.07885837 0.69616097 0.42785248 -0.16624974 0.65704471 0.40529147 0.16699532 0.49810016 0.43990901 -0.09453245 0.48546442 0.45290136 0.30696079 0.44297564 0.55226249 0.21214573 0.46562514 0.54811656 0.59900922
0.51297212 0.30587757 -0.59613258 0.44921112 0.24964435 -0.30745527 0.44056797 0.37219289 -0.46731871 0.37344027 0.22588769 -0.07751249 0.36169115 0.32872364 -0.3292591 0.29731569 0.17114902 -0.04157662 0.6559214 0.4147481 -0.11794246 0.61187398 0.39936227 0.11847792 0.53827512 0.43026569 -0.1392938 0.4798502 0.45836145 0.27759558 0.49815413 0.49375555 0.30753887 0.36587059 0.54791152 0.56434739
0.50058132 0.24390094 -0.56633294 0.39272267 0.23513767 -0.26512745 0.45191941 0.33022514 -0.48561499 0.3745721 0.2781024 -0.05028907 0.3282811 0.28638506 -0.38377002 0.31694892 0.27189407 0.03162785 0.6394878 0.38476592 -0.09144612 0.55611485 0.38254663 0.09181985 0.64913476 0.43593359 -0.01536432 0.4568654 0.45878887 0.24827321 0.54172218 0.47074956 0.54063004 0.38157681 0.52008486 0.54394585
0.4908002 0.2524901 -0.50646067 0.40304154 0.2304443 -0.1912916 0.50555885 0.33048636 -0.39873976 0.40000778 0.28137738 -0.04718555 0.39306682 0.31654316 -0.35753518 0.34750381 0.27442124 0.14281335 0.6298874 0.3845987 -0.10426663 0.57890189 0.37781394 0.10443571 0.58299237 0.41300246 -0.16573016 0.45686981 0.42206186 0.24694183 0.41353202 0.45418352 0.03647712 0.35495609 0.45092261 0.385748 
0.48778245 0.26453379 -0.50274646 0.41428006 0.22774161 -0.1544033 0.54851234 0.33725271 -0.39033604 0.42106459 0.27853829 0.17344639 0.43561307 0.32524264 -0.29560423 0.37171254 0.27011594 0.41079307 0.63607806 0.40009102 -0.11487859 0.58360606 0.38568872 0.11485576 0.47196868 0.41429996 -0.02000442 0.45464516 0.42101547 0.3523615 0.38483375 0.49022833 0.30441394 0.37872601 0.49786872 0.59053367
0.50940865 0.27537507 -0.45117372 0.4377411 0.24326225 -0.18093035 0.58882558 0.34440258 -0.33976826 0.44092456 0.28192303 0.14525643 0.45887297 0.32729778 -0.22069812 0.38852471 0.28602761 0.27353761 0.64404535 0.40721688 -0.11933855 0.60754311 0.39012566 0.11953412 0.44070625 0.42075264 -0.18175434 0.44053912 0.39037868 0.23901156 0.36088413 0.50147492 0.048877 0.37995157 0.49092096 0.3566319 
0.53403765 0.27989721 -0.53808498 0.39495641 0.25580123 -0.33719429 0.62791854 0.34940818 -0.38667345 0.42869049 0.30078653 -0.07364021 0.50177789 0.32373247 -0.24198069 0.38862866 0.29317266 0.09404162 0.64634228 0.40856901 -0.09969017 0.56185067 0.39465606 0.09971322 0.51275086 0.42448336 -0.31974149 0.40502787 0.40880719 0.11815808 0.40196526 0.50632513 0.03112175 0.33181921 0.49468571 0.33691984
0.50864607 0.28246099 -0.52415693 0.37194657 0.25489494 -0.47048053 0.59970671 0.34748071 -0.33096215 0.42115852 0.23593412 -0.20815003 0.50271732 0.31900731 -0.17818965 0.3714115 0.20434815 -0.00356015 0.60485947 0.39540598 -0.06058213 0.52184236 0.38442963 0.06038588 0.54248971 0.42699802 0.02955559 0.37977695 0.41797525 0.16165742 0.41273916 0.49380457 0.48126194 0.29859921 0.50724357 0.37542862
0.51866013 0.2957148 -0.52150768 0.43077862 0.26285997 -0.33845672 0.60173124 0.34781823 -0.42194858 0.45239723 0.2460292 0.02742166 0.50176162 0.3178468 -0.22828199 0.40042251 0.23842652 0.27021503 0.63726491 0.40009436 -0.07042183 0.58058417 0.38853118 0.07008655 0.47780174 0.42545715 -0.21660295 0.39738238 0.41161776 0.1082571 0.41791475 0.49930149 0.02841722 0.33098176 0.51094174 0.23489514
0.51863176 0.29559329 -0.51382297 0.39557964 0.26500088 -0.34813327 0.61175585 0.34288993 -0.38269937 0.40474743 0.25091302 -0.08204874 0.51025283 0.3075555 -0.20437472 0.36603892 0.21923353 0.08627155 0.63018525 0.39819965 -0.08276808 0.55407459 0.38739327 0.08270141 0.48417211 0.42034987 -0.20016712 0.37375712 0.4202306 0.06757879 0.42209551 0.50038254 0.11239181 0.32811216 0.51294672 0.21198897
0.5169459 0.28633124 -0.50410545 0.39457995 0.26293647 -0.31562725 0.61799145 0.33473244 -0.41626847 0.39385042 0.24302956 -0.12234227 0.51271749 0.299355 -0.32151514 0.36548504 0.19573899 -0.01600249 0.63161021 0.38988033 -0.09067289 0.55769175 0.38075688 0.09071021 0.48707935 0.42177206 -0.24180968 0.38712335 0.41933182 0.02512635 0.42684492 0.49584764 0.04086394 0.33979475 0.50451601 0.13275672
0.52777368 0.29124883 -0.474767 0.40854952 0.26951155 -0.22194692 0.63654739 0.33744991 -0.414314 0.40990084 0.25403443 0.0321908 0.52034968 0.30192128 -0.28749388 0.37177229 0.21369039 0.19598868 0.67249578 0.39249241 -0.11278808 0.58614242 0.38324821 0.11297878 0.48770216 0.42843708 -0.32233942 0.40829393 0.42240176 0.07344864 0.5122484 0.50542825 0.00690062 0.39951128 0.5079208 0.24033232
0.53073126 0.28203219 -0.47317201 0.3819136 0.27119759 -0.22186455 0.63038462 0.33811054 -0.35234195 0.40674016 0.31249702 0.01400003 0.52592713 0.30282241 -0.18654913 0.37759182 0.29675895 0.15817463 0.67506462 0.39563766 -0.1101108 0.5798527 0.3846814 0.1101895 0.54928219 0.46176872 -0.29059845 0.41640401 0.44451883 0.09040441 0.58974624 0.52421403 0.06640599 0.39471859 0.5303694 0.21179597
0.55018103 0.27420995 -0.59628868 0.36960235 0.27302971 -0.33845937 0.63804299 0.33916044 -0.37434062 0.40679142 0.33556101 -0.02959124 0.54141569 0.30333608 -0.18565641 0.38334563 0.34214416 0.15657283 0.67797226 0.39675549 -0.10905867 0.57271618 0.38527483 0.10918113 0.55896831 0.46996957 -0.25535002 0.42575854 0.44968635 0.16663 0.62915313 0.52228147 0.28336236 0.38857016 0.5304178 0.44948852
0.54598123 0.27599582 -0.53252882 0.3998498 0.27898014 -0.1246246 0.64783823 0.33004871 -0.65325677 0.40893745 0.31507254 0.24860571 0.54283035 0.2959865 -0.78851485 0.38154978 0.30904853 0.57417876 0.68579477 0.39781192 -0.1585505 0.59146589 0.38686678 0.15913488 0.52374542 0.46649522 -0.51698768 0.41469011 0.42915326 -0.02925951 0.57359087 0.54119891 -0.13388184 0.37489223 0.53039002 0.03293381
0.54065162 0.27450818 -0.50165486 0.40391004 0.27743059 -0.12714842 0.6483624 0.32418534 -0.53176993 0.40965772 0.3002381 0.23914586 0.53279787 0.27964985 -0.48559266 0.38035503 0.25747856 0.54181314 0.68467009 0.39690098 -0.15768677 0.59330541 0.38766387 0.15816216 0.52684152 0.4689993 -0.49152827 0.41463888 0.4216738 -0.07942212 0.60441589 0.55693376 -0.1152266 0.34279311 0.53480202 -0.00913962
0.5307138 0.27206126 -0.34056938 0.40859771 0.27687779 -0.01891947 0.64757711 0.31742728 -0.51258743 0.40340632 0.27745476 0.28321648 0.52998167 0.2744883 -0.6111545 0.35717687 0.22013687 0.51715875 0.68773323 0.39554968 -0.15888122 0.60290974 0.38830885 0.15939373 0.52180481 0.47609094 -0.43107286 0.41479763 0.43245628 -0.14416191 0.63053173 0.56469417 -0.06179115 0.47523308 0.53912085 -0.05063225
0.53033769 0.27031359 -0.12018157 0.45508313 0.27882347 0.2385222 0.64601737 0.30871883 -0.41993681 0.45348874 0.29278243 0.5220691 0.5266819 0.27044919 -0.6016022 0.41882849 0.26611283 0.75242877 0.69152051 0.39157182 -0.1528652 0.63135254 0.38573521 0.15335992 0.50476104 0.46827686 -0.38709834 0.43748322 0.42084426 -0.03862064 0.59894246 0.56404883 -0.31472635 0.48483813 0.52663052 -0.05589299
0.52088517 0.25531882 -0.24851608 0.44122002 0.26900637 0.04398894 0.64421803 0.30473277 -0.42945251 0.46039742 0.29474732 0.3210381 0.52605128 0.26862034 -0.61365956 0.42931417 0.26997289 0.53510666 0.68869776 0.38383573 -0.14385901 0.6252898 0.3836861 0.14466925 0.5037446 0.4592472 -0.36176229 0.45376027 0.42255691 -0.04368945 0.58490628 0.55609763 -0.21977614 0.45771849 0.52496767 -0.07562601
0.53570342 0.24747203 -0.29447606 0.43725413 0.26089817 0.02468646 0.64482355 0.30244893 -0.43392926 0.46106288 0.30639103 0.27073666 0.54043633 0.27440614 -0.6187489 0.43759489 0.29485455 0.38509861 0.68705207 0.38230073 -0.1427816 0.6188845 0.38289326 0.14348872 0.49673915 0.45661935 -0.35596207 0.44911528 0.42274931 -0.03790382 0.5773192 0.55988997 -0.16335137 0.48524356 0.51970875 0.00280569
0.52348506 0.24957313 -0.38030583 0.43689376 0.26032248 0.06550843 0.64517099 0.29315695 -0.24441692 0.45203695 0.29408628 0.42669073 0.59219867 0.28655455 0.05209694 0.43300146 0.28339502 0.57088596 0.68749064 0.38206118 -0.18403077 0.61899245 0.38358843 0.18466282 0.49159923 0.4487136 -0.38065723 0.44554454 0.42298111 -0.02236324 0.57807666 0.58325958 -0.23490851 0.47124776 0.51998025 0.00498483
0.51997799 0.24267146 -0.3153685 0.43094802 0.25571534 0.14253873 0.64354616 0.28715661 -0.14080136 0.45034397 0.2917296 0.47558832 0.57029247 0.27977499 0.18256269 0.41980401 0.28017184 0.58750105 0.68673402 0.37588564 -0.18135241 0.61797792 0.38044235 0.18185113 0.49243706 0.44617003 -0.40074834 0.44082901 0.40640914 -0.01741805 0.5768348 0.5720762 -0.25439489 0.44672382 0.49868491 -0.04588724
0.51264411 0.23545313 -0.23070601 0.43177241 0.25459111 0.17428525 0.64142096 0.27721089 -0.21093948 0.44776347 0.28408915 0.49422121 0.56044066 0.25979665 -0.00110415 0.41414803 0.26078504 0.65617228 0.68286794 0.37035996 -0.17258261 0.61644405 0.37779871 0.17303498 0.49499494 0.44677788 -0.33264557 0.41868657 0.40218571 0.02600418 0.56826729 0.56929833 -0.29350561 0.43911842 0.49491933 -0.06552873
0.50645047 0.22760963 -0.21190538 0.43253419 0.25166386 0.22335355 0.63507539 0.26551872 -0.27627611 0.46067593 0.29934871 0.43350095 0.55572379 0.24246341 -0.28874362 0.43872929 0.29329205 0.44860017 0.67792279 0.36449948 -0.16849709 0.61844581 0.37378624 0.16896191 0.49260226 0.44012943 -0.3038564 0.41465655 0.40283537 0.03125051 0.54688478 0.56637728 -0.25474843 0.4359248 0.50122315 -0.06060931
0.50684595 0.22216858 -0.16899258 0.43230185 0.24882102 0.33859661 0.62494701 0.25442392 -0.14134851 0.46935245 0.300188 0.58831882 0.56218988 0.25314581 0.02513965 0.46437445 0.30599117 0.55706376 0.66916496 0.35905159 -0.17477596 0.60763419 0.370931 0.17531882 0.51254082 0.44358122 -0.47546211 0.41457278 0.40579045 -0.08452485 0.56170404 0.58616859 -0.50069958 0.3998867 0.52342486 -0.19375515
0.5006454 0.21422058 -0.14654718 0.42956045 0.24752852 0.38803977 0.6181466 0.24643439 -0.09386628 0.49849504 0.29957756 0.6486271 0.60204947 0.25865459 0.12215141 0.53338003 0.32562691 0.65145129 0.66251814 0.35415143 -0.17399038 0.60077453 0.36291504 0.17457905 0.55079931 0.4397966 -0.57945281 0.40913147 0.40262839 -0.18263777 0.57768309 0.58381498 -0.69658464 0.35343224 0.52482283 -0.40964368
0.49662012 0.2080916 -0.01086706 0.4285019 0.24943584 0.42482081 0.60884047 0.23615123 -0.19621409 0.49536619 0.3007561 0.60213959 0.59843051 0.22347265 -0.32081425 0.51446193 0.32029361 0.58907622 0.64668387 0.351827 -0.17170212 0.59649652 0.36092991 0.17222072 0.487396 0.42362174 -0.48190719 0.3782407 0.38175106 -0.1016838 0.51140821 0.58191019 -0.58113891 0.34706938 0.51149869 -0.32333431
0.49299762 0.20101766 0.02246489 0.41862863 0.24639374 0.40148437 0.59130281 0.21752258 -0.21055509 0.48639205 0.30052695 0.63658631 0.51232928 0.17069569 -0.29894999 0.51274878 0.32332838 0.70950413 0.63558698 0.34521076 -0.15219904 0.57404125 0.35699445 0.15249747 0.52900529 0.42931935 -0.5022341 0.37441832 0.3830525 -0.10348321 0.5379656 0.58792847 -0.74041587 0.35143748 0.50361794 -0.29658133
0.49291733 0.18962954 -0.01521231 0.42003673 0.23530033 0.42345837 0.59823239 0.22369789 -0.00708884 0.52005076 0.28621823 0.5560438 0.61151457 0.22784582 0.14752723 0.56683785 0.31790486 0.46959466 0.62400943 0.34194762 -0.15172563 0.57400388 0.35168934 0.15188612 0.5448122 0.4361499 -0.47965381 0.3812502 0.38860598 -0.09942132 0.57333213 0.59487617 -0.69005215 0.36312568 0.49722692 -0.24810441
0.48681074 0.18633905 -0.02770967 0.41723144 0.23706436 0.34907067 0.6015358 0.21963972 -0.07018693 0.50519377 0.28984946 0.51402497 0.62550992 0.242671 -0.04016424 0.53064018 0.31625739 0.42224848 0.60985923 0.34225565 -0.13382575 0.5667302 0.35346207 0.13398735 0.53847414 0.43298635 -0.46399352 0.36032477 0.38791513 -0.12717766 0.57198387 0.58840269 -0.54704231 0.36030108 0.50033039 -0.23733968
0.48721823 0.18357731 0.08018082 0.40911996 0.23974705 0.39116481 0.58894181 0.2140967 -0.02887148 0.47943076 0.29706028 0.51006007 0.60615498 0.23049031 -0.08073319 0.51842135 0.31633469 0.4387385 0.60557008 0.33980703 -0.11828309 0.54827005 0.35489228 0.11839242 0.53519458 0.43611813 -0.45399931 0.35548046 0.40001106 -0.1863994 0.584171 0.59775347 -0.57771802 0.36704129 0.54681325 -0.34891284
0.48532394 0.18301667 0.11724795 0.38356256 0.2369535 0.38432389 0.59073174 0.2170427 -0.00844049 0.43687248 0.29646936 0.51315516 0.59549367 0.21963209 -0.09550279 0.44592828 0.29418647 0.44839835 0.59842503 0.338806 -0.10971333 0.52235377 0.35503802 0.10997006 0.5390963 0.43470773 -0.49690744 0.33289689 0.39397821 -0.25153291 0.59120381 0.59198266 -0.62832659 0.37982893 0.53169173 -0.35058987
0.48658344 0.18428379 0.06238018 0.39031568 0.23531057 0.40597686 0.58623815 0.21584353 -0.07069324 0.44564623 0.2902444 0.64542758 0.58878917 0.22642617 -0.16484465 0.45328516 0.29368857 0.75170767 0.5975796 0.34105837 -0.11806667 0.52399623 0.35626122 0.11833802 0.53567034 0.42582157 -0.55783141 0.31435442 0.37750229 -0.23943284 0.58741093 0.589836 -0.70749128 0.34604859 0.51738745 -0.37365916
0.48596495 0.18403968 0.08208898 0.38722038 0.2366953 0.42953104 0.58844477 0.21837579 0.00467453 0.44963974 0.29577744 0.51400858 0.59709662 0.26286137 -0.03214897 0.45823807 0.31868058 0.36188653 0.58803034 0.33845332 -0.12105748 0.51663464 0.35668591 0.12129323 0.52168584 0.4193095 -0.5865472 0.32223108 0.37715259 -0.2766636 0.58833289 0.58863354 -0.80294615 0.40453047 0.48843378 -0.44809946
0.48324975 0.1823698 0.13890417 0.38937369 0.2353754 0.43185869 0.58823538 0.21922009 0.04391295 0.4508408 0.2980195 0.41588512 0.61622566 0.27776206 -0.04031954 0.47485927 0.32783064 0.21850148 0.58214378 0.33279607 -0.11698879 0.51249033 0.35332069 0.1169703 0.52173454 0.42556658 -0.54249829 0.34078988 0.40243387 -0.27871248 0.58780617 0.59649497 -0.67808485 0.46711096 0.54800045 -0.37957737
0.48443314 0.18551414 0.24918599 0.39076763 0.22667819 0.4099628 0.5893392 0.22907947 0.18681414 0.45237973 0.28172049 0.26039854 0.60945064 0.2685827 0.12138616 0.49304855 0.29725602 0.03929473 0.57984543 0.33160374 -0.08890019 0.51607579 0.34835231 0.08865558 0.51873469 0.42866865 -0.4492006 0.46429786 0.42799571 -0.25283307 0.57274669 0.58280158 -0.59600443 0.53154749 0.56251651 -0.40312782
0.48022228 0.18599315 0.21668914 0.35808194 0.22808555 0.42005435 0.57930464 0.22354642 0.18004672 0.38498452 0.28984013 0.33859164 0.61162019 0.26452574 0.08106075 0.38418654 0.26310834 0.10391447 0.56795931 0.33202523 -0.08882897 0.49009818 0.34931087 0.08862708 0.51878023 0.43854472 -0.39266947 0.44375819 0.42728871 -0.22793847 0.57890838 0.59726918 -0.48942068 0.50887543 0.55520123 -0.29859591
0.47807828 0.18287487 0.20245823 0.36615378 0.22717829 0.44551325 0.57925427 0.2240492 0.13867997 0.39767122 0.28626919 0.41899994 0.61450052 0.26550353 0.03148915 0.40252668 0.26541504 0.22877158 0.57198554 0.32270795 -0.09650248 0.49387372 0.34283128 0.09640751 0.5162527 0.43820223 -0.42429271 0.43187681 0.42069992 -0.25862062 0.57899463 0.59849328 -0.53375292 0.49681339 0.54817092 -0.34706986
0.47910988 0.18464422 0.19323944 0.33992592 0.22896314 0.38890925 0.56815434 0.22368068 0.14313617 0.3406778 0.27313274 0.27440238 0.61562371 0.26481515 0.03257453 0.34566361 0.21641372 0.08190612 0.57114875 0.32298467 -0.09000186 0.48828152 0.3480975 0.0898888 0.51633728 0.44256654 -0.47098631 0.42301515 0.42114171 -0.26776519 0.58278942 0.60143214 -0.5425207 0.49008128 0.54626161 -0.29705143
