0. 0. 0. 0. 0. 0. 0. 0. 0. 0. 0. 0. 0. 0. 0. 0. 0. 0. 0. 0. 0. 0. 0. 0. 0. 0. 0. 0. 0. 0. 0. 0. 0. 0. 0. 0. 0. 0. 0. 0. 0. 0. 0. 0. 0. 0. 0. 0. 0. 0. 0. 0. 0. 0. 0. 0. 0. 0. 0. 0. 0. 0. 0. 0. 0. 0. 0. 0. 0. 0. 0. 0. 0. 0. 0. 0. 0. 0. 0. 0. 0. 0. 0. 0. 0. 0. 0. 0. 0. 0. 0. 0. 0. 0. 0. 0. 0. 0. 0. 0. 0. 0. 0. 0. 0. 0. 0. 0. 0. 0. 0. 0. 0. 0. 0. 0. 0. 0. 0. 0. 0. 0. 0. 0. 0. 0. 0. 0. 0. 0. 0. 0.
0.28825521 0.72584569 -0.18254188 0.26656809 0.71725142 0.0981961 0.29323179 0.73820561 -0.17933445 0.26950407 0.72832638 0.25293338 0.28393069 0.79224622 -0.05563813 0.28602356 0.77007806 0.39360383 0.2747409 0.56945843 -0.10886896 0.26030841 0.5691725 0.10898882 0.30897361 0.48685122 -0.11345509 0.31495798 0.49466944 0.16013399 0.36434308 0.39050815 -0.02901652 0.34921005 0.4019528 0.24393398
0. 0. 0. 0. 0. 0. 0. 0. 0. 0. 0. 0. 0. 0. 0. 0. 0. 0. 0. 0. 0. 0. 0. 0. 0. 0. 0. 0. 0. 0. 0. 0. 0. 0. 0. 0. 0. 0. 0. 0. 0. 0. 0. 0. 0. 0. 0. 0. 0. 0. 0. 0. 0. 0. 0. 0. 0. 0. 0. 0. 0. 0. 0. 0. 0. 0. 0. 0. 0. 0. 0. 0. 0. 0. 0. 0. 0. 0. 0. 0. 0. 0. 0. 0. 0. 0. 0. 0. 0. 0. 0. 0. 0. 0. 0. 0. 0. 0. 0. 0. 0. 0. 0. 0. 0. 0. 0. 0. 0. 0. 0. 0. 0. 0. 0. 0. 0. 0. 0. 0. 0. 0. 0. 0. 0. 0. 0. 0. 0. 0. 0. 0.
0.28670546 0.71187454 -0.13844344 0.2728982 0.7073077 0.06310112 0.27863711 0.7124266 -0.12356288 0.27170375 0.72904521 0.16951737 0.26116788 0.7676419 -0.01620075 0.26713353 0.77831197 0.26788187 0.27807236 0.55736738 -0.08503996 0.26755917 0.55756009 0.08507649 0.29842824 0.46915892 -0.10627002 0.31751689 0.48195457 0.12522842 0.35190925 0.38751763 0.01365994 0.34186056 0.38942081 0.19996691
0.28656381 0.68721336 0.06494178 0.28098604 0.69722492 -0.01755599 0.28287718 0.68534642 0.18946731 0.28680095 0.73131961 0.00098283 0.25702131 0.7093519 0.26765969 0.29386419 0.77830577 0.09850071 0.27557617 0.54684335 -0.00564668 0.26990139 0.54696536 0.0050714 0.28332877 0.46936366 -0.01701201 0.30348861 0.47878796 0.02402186 0.34734666 0.38746247 0.06103647 0.34146076 0.3893503 0.10891759
0.27815601 0.68013322 0.0799349 0.28442544 0.69432902 -0.07581626 0.27379471 0.67616075 0.22345884 0.29128858 0.73801261 -0.08852373 0.25713104 0.68844771 0.31498781 0.30038369 0.77862358 -0.0013197 0.26429588 0.54644674 0.02534672 0.27329528 0.54633659 -0.02574274 0.26390934 0.47035676 0.00787591 0.30404034 0.47540963 -0.02871579 0.33437049 0.38914341 0.05177833 0.34825119 0.38996354 0.0231759 
0.27669561 0.68021768 0.00464984 0.30078074 0.67518204 0.06968573 0.27392048 0.72441733 -0.02913476 0.31593016 0.73703164 -0.01283112 0.25113663 0.77324718 0.05538924 0.29765654 0.78253651 0.10830043 0.25767872 0.54288536 -0.02293523 0.27751532 0.53913873 0.02293102 0.26205721 0.4666943 -0.10990142 0.32035008 0.47338125 0.02379133 0.33487195 0.38899991 -0.06425464 0.360973 0.38972071 0.06957772
0. 0. 0. 0. 0. 0. 0. 0. 0. 0. 0. 0. 0. 0. 0. 0. 0. 0. 0. 0. 0. 0. 0. 0. 0. 0. 0. 0. 0. 0. 0. 0. 0. 0. 0. 0. 0. 0. 0. 0. 0. 0. 0. 0. 0. 0. 0. 0. 0. 0. 0. 0. 0. 0. 0. 0. 0. 0. 0. 0. 0. 0. 0. 0. 0. 0. 0. 0. 0. 0. 0. 0. 0. 0. 0. 0. 0. 0. 0. 0. 0. 0. 0. 0. 0. 0. 0. 0. 0. 0. 0. 0. 0. 0. 0. 0. 0. 0. 0. 0. 0. 0. 0. 0. 0. 0. 0. 0. 0. 0. 0. 0. 0. 0. 0. 0. 0. 0. 0. 0. 0. 0. 0. 0. 0. 0. 0. 0. 0. 0. 0. 0.
0.26037884 0.69296038 -0.12250762 0.29942459 0.68469328 0.07804482 0.26758832 0.7136603 -0.12325503 0.31589913 0.6840561 0.17016162 0.26644129 0.74903274 0.01364192 0.30992919 0.70753932 0.22937363 0.25906724 0.53890431 -0.07109042 0.2878167 0.53850907 0.07106103 0.26998416 0.45952135 -0.14276701 0.33483234 0.46785408 0.07301475 0.34164372 0.38055646 0.01992887 0.36263037 0.37963909 0.20096906
0.25814861 0.72200769 -0.13235869 0.29914403 0.70295107 0.21829154 0.27754635 0.76187915 -0.1362146 0.33614612 0.71992499 0.40085253 0.27433825 0.80464268 0.06050383 0.32346979 0.7486065 0.52190965 0.25702938 0.562621 -0.08389288 0.28707445 0.56093305 0.0838191 0.26066816 0.46919593 -0.16498455 0.3337476 0.48093063 0.08571093 0.33988997 0.39177495 -0.00669363 0.36048245 0.38783661 0.16821082
0.24921124 0.7222811 -0.14984018 0.30113932 0.70218337 0.21663134 0.28091472 0.76391375 -0.21169902 0.35416612 0.71687698 0.33020654 0.28597388 0.81347728 -0.08672498 0.36891222 0.75099719 0.36392993 0.24640851 0.56098562 -0.09289228 0.28698596 0.5587858 0.09283923 0.25694177 0.46934623 -0.16645224 0.33739701 0.48229977 0.09535467 0.34079513 0.40057647 -0.00272498 0.36897981 0.39718989 0.18162791
0. 0. 0. 0. 0. 0. 0. 0. 0. 0. 0. 0. 0. 0. 0. 0. 0. 0. 0. 0. 0. 0. 0. 0. 0. 0. 0. 0. 0. 0. 0. 0. 0. 0. 0. 0. 0. 0. 0. 0. 0. 0. 0. 0. 0. 0. 0. 0. 0. 0. 0. 0. 0. 0. 0. 0. 0. 0. 0. 0. 0. 0. 0. 0. 0. 0. 0. 0. 0. 0. 0. 0. 0. 0. 0. 0. 0. 0. 0. 0. 0. 0. 0. 0. 0. 0. 0. 0. 0. 0. 0. 0. 0. 0. 0. 0. 0. 0. 0. 0. 0. 0. 0. 0. 0. 0. 0. 0. 0. 0. 0. 0. 0. 0. 0. 0. 0. 0. 0. 0. 0. 0. 0. 0. 0. 0. 0. 0. 0. 0. 0. 0.
0.26391739 0.43416548 0.27086928 0.35191277 0.43678433 -0.18302765 0.22345845 0.49530077 0.37639907 0.3333562 0.45935374 -0.23598945 0.22745256 0.5410068 0.3757008 0.40065697 0.41105038 -0.14424193 0.23261839 0.57614368 0.17384414 0.28442615 0.57862455 -0.17408215 0.28254655 0.68415165 0.32098281 0.3210302 0.69227201 -0.22800575 0.25150537 0.7787807 0.4594661 0.3117668 0.8160544 -0.30018032
0.25875974 0.44449669 0.36335427 0.34425873 0.43246779 -0.07837417 0.22597231 0.49707192 0.59794706 0.35926107 0.44494346 -0.13754395 0.25039691 0.53118569 0.79694963 0.40053737 0.41001442 -0.0531476 0.23261751 0.57739323 0.16130821 0.28452131 0.57872403 -0.16157937 0.28247219 0.68257105 0.34698835 0.32290915 0.69214123 -0.31379113 0.25312665 0.77877021 0.49245307 0.31125867 0.81752878 -0.522636 
0.25331905 0.44627315 0.39943945 0.34257153 0.43042666 -0.0803478 0.22618714 0.49749854 0.64609832 0.35392058 0.44524252 -0.16145176 0.25124905 0.52148181 0.83844566 0.40076724 0.41311046 -0.08072076 0.23263919 0.57764977 0.16175494 0.28605074 0.57884037 -0.1619968 0.28247097 0.68116409 0.35173678 0.32669127 0.69197786 -0.31676766 0.25405678 0.77903342 0.49343413 0.31125715 0.81855088 -0.52423781
0.24683821 0.44745252 0.36479476 0.34670761 0.42911303 -0.08127508 0.21789835 0.49846447 0.5960207 0.3552424 0.44732395 -0.13985483 0.24885014 0.51226735 0.79706234 0.40077764 0.417422 -0.08235504 0.22847459 0.57763094 0.15330727 0.28919321 0.57739156 -0.1534698 0.28275424 0.67980134 0.32837051 0.33712956 0.69177848 -0.3041161 0.2539984 0.77898115 0.45010173 0.31211263 0.81960589 -0.44999236
0.24486901 0.44665644 0.3622798 0.3468366 0.42943624 -0.08306229 0.21534403 0.50306231 0.59219456 0.35128966 0.45869598 -0.13298766 0.24869575 0.51337534 0.77157074 0.40093905 0.42068741 -0.07042023 0.22864041 0.5777902 0.15183286 0.29310256 0.57744467 -0.15195191 0.28387201 0.67857414 0.32147098 0.34548321 0.69201791 -0.2865293 0.25386003 0.77810413 0.44192144 0.31224936 0.82019699 -0.44245142
0.24038734 0.45317319 0.35294023 0.3478089 0.43952745 -0.03727689 0.21697658 0.50614727 0.58153915 0.35011557 0.4670994 0.01628174 0.24758665 0.51463485 0.76382571 0.40588763 0.42159781 0.19197033 0.22869842 0.58420944 0.14291181 0.29635498 0.58442295 -0.14317676 0.28600219 0.67871946 0.29745576 0.354965 0.6942187 -0.25091788 0.2534523 0.77763921 0.40250888 0.31236932 0.8206026 -0.42252758
0.2421018 0.45377272 0.3468785 0.34468028 0.43957776 -0.0578306 0.22745255 0.5058338 0.58757126 0.35104114 0.46975666 -0.03571391 0.24894027 0.50552779 0.80882818 0.40704936 0.42553124 0.08987118 0.22902229 0.58709592 0.14468531 0.2959736 0.58846319 -0.14488208 0.29219797 0.67887616 0.30275586 0.36422423 0.696217 -0.2438008 0.25376749 0.77743244 0.41839555 0.3113381 0.82065731 -0.41882077
0.24721256 0.45530322 0.34364882 0.34351784 0.44301429 -0.06014445 0.25128183 0.50267684 0.60856318 0.35857621 0.47109506 0.00726488 0.2710264 0.48466048 0.85680801 0.40681916 0.43075678 0.21498919 0.22944203 0.5924527 0.14422134 0.29574272 0.59536767 -0.14439324 0.29574314 0.68019611 0.32420433 0.37238699 0.70026845 -0.23477206 0.25509569 0.7774626 0.47010449 0.31131479 0.82059282 -0.39486825
0.24881431 0.45706227 0.3123115 0.34392717 0.44754249 -0.09445233 0.24744456 0.50507897 0.57781929 0.35679021 0.47886568 -0.04003325 0.26515701 0.51139677 0.80050027 0.40671894 0.43640599 0.08942816 0.22967933 0.59842783 0.14523168 0.29684573 0.60097259 -0.14546497 0.30071801 0.68030488 0.31565058 0.38174257 0.70213598 -0.22068079 0.25510564 0.77767318 0.45391884 0.31118312 0.81977516 -0.32654133
0.25558227 0.45718142 0.22386439 0.34415534 0.45034388 -0.14974812 0.24897738 0.51452082 0.4446632 0.36841574 0.48052332 -0.09080621 0.26834625 0.5376364 0.64807171 0.40705359 0.44330606 0.05883287 0.22975223 0.60310555 0.14424653 0.2966761 0.60686904 -0.14437899 0.30208844 0.68349528 0.31137156 0.38996837 0.70458865 -0.16489698 0.25510073 0.778 0.45393875 0.31166735 0.81855559 -0.21085507
0.25701237 0.45943391 0.1673231 0.35166287 0.45404258 -0.16448499 0.22652596 0.51761883 0.36039093 0.40675998 0.49115932 -0.12271585 0.25074303 0.54584503 0.55642319 0.40789384 0.45299631 0.05047406 0.22950718 0.60657519 0.14384261 0.29640946 0.61097676 -0.14396656 0.30598569 0.68467945 0.31560919 0.39418551 0.70627296 -0.12222718 0.25575903 0.77774775 0.46045607 0.31478682 0.81769925 -0.16586545
0.25287226 0.46874422 0.2088505 0.34891498 0.45955449 -0.10085078 0.22398676 0.52555698 0.42234147 0.40220132 0.48966736 0.00817871 0.24582675 0.54992199 0.64874232 0.40178975 0.45790556 0.27916327 0.22738297 0.61157382 0.14355932 0.29543346 0.61467636 -0.14376847 0.30606458 0.68609208 0.32863155 0.40065995 0.70727164 -0.14944929 0.25728187 0.77768743 0.46553016 0.31892073 0.81720448 -0.22779344
0.2520358 0.4712911 0.20781371 0.34832788 0.46496007 -0.14155085 0.21191965 0.52758569 0.43789813 0.37108707 0.50001276 -0.03243716 0.22703932 0.54669291 0.65135235 0.40191525 0.46225977 0.14880159 0.22443339 0.61528426 0.14257947 0.29001796 0.6192351 -0.14268059 0.3113912 0.68605506 0.33741313 0.40319294 0.70626271 -0.17551798 0.25748116 0.77743858 0.49726754 0.32187161 0.81655324 -0.27093008
0.25338492 0.47670522 0.22440395 0.35004258 0.47187042 -0.17327289 0.2129834 0.53511018 0.44954318 0.35382646 0.50928164 -0.17732522 0.22644438 0.55710137 0.65446687 0.39633146 0.47055885 -0.04827211 0.22320284 0.62047082 0.16418144 0.28673533 0.62382787 -0.16413881 0.32404184 0.68205637 0.39880165 0.40640503 0.70603496 -0.2380942 0.25764248 0.77557153 0.60895342 0.32242078 0.8161608 -0.33117679
0.24741052 0.48134634 0.2146641 0.34640554 0.47878715 -0.17293097 0.20859255 0.53699708 0.45281005 0.34533584 0.51792461 -0.11389402 0.22501573 0.55491143 0.66158152 0.39346415 0.47481158 0.14431815 0.2170679 0.62417507 0.16211636 0.27992359 0.6298455 -0.16215692 0.32700124 0.67874807 0.3864896 0.40692165 0.70661372 -0.23821968 0.257985 0.77451956 0.58187628 0.32202986 0.81616879 -0.34019154
0.24635139 0.48626846 0.22475179 0.3466025 0.48180664 -0.16214983 0.189331 0.54555893 0.4378013 0.34147909 0.52374566 -0.1099425 0.21582712 0.56614882 0.61767966 0.39156914 0.47875032 0.12514147 0.21484326 0.62943226 0.1572036 0.27972686 0.63212216 -0.15717426 0.32295325 0.68021625 0.37198108 0.40812126 0.70952284 -0.18174891 0.25827059 0.77458364 0.54520577 0.32174301 0.81623673 -0.2668708 
0.22304726 0.50032407 0.31192032 0.3388986 0.48528525 -0.02049812 0.18694083 0.55265844 0.53398347 0.37013781 0.51693118 0.08385991 0.21716049 0.5669421 0.76724398 0.38538933 0.47657192 0.35390362 0.21310344 0.63355923 0.14217104 0.27828798 0.63215196 -0.14240834 0.32048759 0.67885238 0.39315507 0.40713078 0.70902836 -0.18657309 0.25977108 0.77400196 0.48287997 0.32157195 0.81570965 -0.4192141 
0.22279164 0.50530261 0.29705498 0.33967072 0.49093091 -0.02702205 0.17988768 0.55667174 0.51487619 0.36380044 0.52166831 0.06782375 0.21619268 0.56229174 0.76067966 0.38104749 0.48253396 0.3037158 0.21214242 0.63828284 0.13731837 0.27904052 0.63829768 -0.13757643 0.32138258 0.67846286 0.41577542 0.40697047 0.7088502 -0.18899445 0.26061919 0.77291405 0.43995917 0.32083717 0.81572169 -0.44364455
0.2229474 0.51110375 0.31403026 0.33998075 0.49541774 -0.00848244 0.18552645 0.55545294 0.51549184 0.37304723 0.53335512 0.08273461 0.21788496 0.55609912 0.77523148 0.3765218 0.49880272 0.31319764 0.21235697 0.64412487 0.13873307 0.27916932 0.64335883 -0.13898018 0.32228732 0.67334932 0.4323146 0.40989766 0.70970368 -0.19259699 0.26209748 0.77084965 0.3884972 0.32072839 0.81573242 -0.50955105
0.21692228 0.51796412 0.34770587 0.33720767 0.49998614 0.01892723 0.18914525 0.55566412 0.55343246 0.37269315 0.54496944 0.17885247 0.22659951 0.54932868 0.81299615 0.3749696 0.51241267 0.52053839 0.21162182 0.64968765 0.13890117 0.27931193 0.65003479 -0.13941623 0.31748831 0.67362732 0.46225867 0.41758373 0.71291041 -0.19212657 0.26341999 0.77026957 0.39987624 0.32022256 0.81578225 -0.50458819
2.21034899e-01 5.16613603e-01 3.22396785e-01 3.37776899e-01 5.03447473e-01 -1.08966306e-04 1.91100284e-01 5.53427339e-01 5.34036756e-01 3.54370117e-01 5.50178170e-01 1.44592881e-01 2.26754352e-01 5.45435727e-01 8.14094484e-01 3.76964927e-01 5.28067231e-01 4.44717169e-01 2.11555600e-01 6.51628077e-01 1.37478784e-01 2.79580444e-01 6.51247442e-01 -1.37966558e-01 3.17320645e-01 6.75711453e-01 4.30878282e-01 4.16493893e-01 7.16176867e-01 -1.65697217e-01 2.63516039e-01 7.70478547e-01 4.23377216e-01 3.20167184e-01 8.16389263e-01 -4.72480953e-01
0.22314121 0.5210439 0.31363052 0.33810139 0.50840193 0.00420321 0.19327183 0.5579868 0.51924205 0.35254306 0.55772865 0.1119099 0.22681184 0.54563171 0.77947074 0.37972459 0.52242309 0.35760075 0.21018212 0.65601653 0.13566083 0.27849683 0.65495867 -0.13625337 0.31371623 0.67671555 0.47122738 0.42070833 0.71908188 -0.13505547 0.26386514 0.77063972 0.42380172 0.32129964 0.81639165 -0.40992609
0.22374491 0.52182072 0.32257548 0.34161422 0.51180041 0.00232141 0.19379517 0.56285095 0.53913301 0.352707 0.56032425 0.10213172 0.2266876 0.55128461 0.84195054 0.37834954 0.53730965 0.35180944 0.21038873 0.65896207 0.13664049 0.27867228 0.65716815 -0.13743526 0.31318739 0.67712033 0.47877964 0.42019099 0.7217564 -0.11602111 0.26390213 0.77212358 0.47218922 0.32189786 0.81676072 -0.33069438
0.22889782 0.52663118 0.29467276 0.34424865 0.51908368 -0.0587709 0.2057372 0.57014918 0.51626456 0.35279608 0.57039291 -0.01184322 0.23281427 0.55632025 0.80310374 0.37710562 0.55766422 0.17552048 0.2105854 0.66580671 0.13958474 0.27883679 0.66457134 -0.14036205 0.32553884 0.67770952 0.49371597 0.42186531 0.72238791 -0.06999884 0.26697597 0.77121848 0.49459764 0.32248744 0.81688249 -0.25113139
0.23919392 0.52599651 0.20965292 0.35204503 0.52605611 -0.11269364 0.20545121 0.56732333 0.45361191 0.36639103 0.56489909 -0.00224625 0.23263888 0.56065756 0.73203963 0.38537315 0.55154395 0.23918855 0.21073057 0.67130512 0.13871308 0.27859128 0.67256707 -0.13933098 0.33790237 0.67743671 0.47273472 0.42194018 0.72660869 -0.09150158 0.26887614 0.77031642 0.54215127 0.32225105 0.81724936 -0.2306089 
0.25006959 0.53037363 0.16599995 0.35148641 0.53297502 -0.15652925 0.18595548 0.56901848 0.44035184 0.34933227 0.58341485 -0.09070046 0.22346647 0.55950677 0.73981822 0.37914127 0.54846138 0.09724618 0.2091057 0.67632943 0.13883445 0.2711032 0.68381864 -0.13934188 0.33504078 0.68230814 0.48369253 0.42263949 0.73037148 -0.10107204 0.2686111 0.76961201 0.5922789 0.32167515 0.81890637 -0.22520751
0.2518132 0.53892899 0.21534701 0.34503442 0.5389297 -0.11634383 0.18702492 0.57357788 0.50824845 0.34354109 0.58486283 0.06682596 0.22386615 0.55942619 0.8035605 0.3785007 0.54851043 0.46026188 0.20654251 0.68293655 0.13885117 0.26230285 0.68923944 -0.13931587 0.3394762 0.68422943 0.47679681 0.42653787 0.72864127 -0.09224532 0.26782638 0.77084768 0.55350143 0.32151756 0.81904304 -0.20217884
0.25433499 0.54451585 0.25774506 0.34914494 0.54279321 -0.09528739 0.18908671 0.58065152 0.55331647 0.33135945 0.59726369 0.05655489 0.23094667 0.55438006 0.86122948 0.37458923 0.55766481 0.36490989 0.20630144 0.68531162 0.1426761 0.26471251 0.69082755 -0.14306617 0.34613064 0.69042736 0.52366686 0.42965171 0.73093539 -0.10472192 0.26556316 0.77182889 0.63078886 0.32364881 0.81886852 -0.25129178
0.25305909 0.54934847 0.25786093 0.34905058 0.54792327 -0.09623744 0.19031829 0.58977705 0.53462976 0.32537588 0.60113662 0.09301297 0.23449568 0.56680351 0.82872623 0.37185714 0.56484467 0.50244707 0.20476514 0.6901769 0.14574122 0.25997087 0.69781232 -0.14604229 0.35695511 0.69617164 0.5080741 0.43206444 0.73393255 -0.11066395 0.26485738 0.77211791 0.60976613 0.32357275 0.81920779 -0.2497718 
0.25192764 0.55461776 0.25766128 0.35022753 0.55243075 -0.07247978 0.1901489 0.59434181 0.5288648 0.32298312 0.61209255 0.14439091 0.2355983 0.57837671 0.81202996 0.35955614 0.57875645 0.56689548 0.20165941 0.69440275 0.14529397 0.25747046 0.70367771 -0.14562985 0.35780773 0.69997007 0.52824241 0.4327977 0.73490745 -0.08627877 0.26383018 0.77623725 0.59500784 0.32353434 0.81919616 -0.24744178
0.25238088 0.55455631 0.15764941 0.35523361 0.55697507 -0.11904781 0.18862817 0.5930078 0.39832389 0.3184664 0.62460434 0.10322598 0.2362119 0.57247192 0.65927237 0.35205793 0.58130199 0.49482489 0.19950137 0.69738168 0.14340599 0.2589272 0.70824516 -0.1437512 0.3575317 0.69894713 0.57017893 0.43310633 0.73420322 -0.05128278 0.26285288 0.77660275 0.64423525 0.32348806 0.81940836 -0.19109714
0.25209934 0.55961502 0.18427539 0.36110792 0.5623135 -0.10773505 0.18840705 0.59678578 0.42688 0.32107341 0.62240005 0.09598348 0.23615757 0.57513726 0.69856536 0.35554576 0.58479238 0.45965779 0.19832967 0.70463377 0.1412393 0.260102 0.71131682 -0.14171544 0.32736161 0.70414823 0.61305714 0.43244708 0.73499298 -0.00774116 0.26218966 0.77840441 0.65668386 0.32443881 0.81966335 -0.16364889
0.25951391 0.5618161 0.19153091 0.36594546 0.56570172 -0.12340017 0.1875395 0.60291082 0.43444964 0.3200219 0.62594539 0.07172497 0.23304211 0.58439994 0.68314815 0.35768989 0.59149063 0.44268391 0.19696063 0.70710665 0.15023929 0.26022056 0.7138325 -0.15070477 0.3183952 0.70565879 0.60725033 0.43266812 0.73658836 -0.04490636 0.26231876 0.77770954 0.70970708 0.32496867 0.82030845 -0.17613907
0.26166099 0.56278676 0.20921709 0.36855233 0.56657559 -0.13074677 0.18587615 0.60859692 0.44464156 0.32034159 0.62489575 -0.05313519 0.23299816 0.58566159 0.70897573 0.36656919 0.59486389 0.18488248 0.19650729 0.70577335 0.15767372 0.26075411 0.71236569 -0.15796374 0.32036152 0.70684177 0.59404117 0.43317255 0.7374317 -0.08121309 0.2629104 0.77715737 0.69450188 0.32500798 0.82180989 -0.18620451
0.26611748 0.56474203 0.1843769 0.3721188 0.57122719 -0.15368959 0.18782422 0.60631478 0.42397335 0.3203119 0.63016504 -0.06375542 0.24469297 0.58875346 0.68070775 0.36662903 0.59956175 0.21931484 0.19565816 0.70571655 0.15590002 0.26080722 0.71262747 -0.15620154 0.32087624 0.70724285 0.57310778 0.43475965 0.7367093 -0.08961232 0.26531714 0.77672273 0.67413133 0.32644102 0.82179916 -0.18528004
0.28145468 0.56684321 0.18627301 0.37709579 0.57860583 -0.16515255 0.20030735 0.60888475 0.40380457 0.3222672 0.64037114 -0.03376399 0.2571117 0.58985931 0.60178423 0.36631531 0.60327095 0.23369573 0.19559504 0.70873415 0.16028218 0.26077491 0.71604365 -0.16051202 0.32105413 0.71386158 0.54146487 0.43600881 0.73865753 -0.10956457 0.26611385 0.77742302 0.65710348 0.32661596 0.82330495 -0.16770424
0.282749 0.57029545 0.19450633 0.38001764 0.58360392 -0.15674855 0.20795913 0.61942142 0.42006877 0.31451827 0.63994801 -0.03465464 0.26224035 0.59069049 0.63487309 0.36660451 0.60685867 0.28256956 0.19354899 0.71019852 0.16020316 0.25859776 0.71826684 -0.16045026 0.32247815 0.71554005 0.5391497 0.43644482 0.74044305 -0.1089846 0.26739302 0.78048503 0.61875153 0.32808128 0.82359517 -0.17337126
0.28552684 0.5738287 0.19239686 0.38205871 0.58930206 -0.15613024 0.20837857 0.6281389 0.38651747 0.31634432 0.64953828 -0.04264559 0.2640253 0.59711641 0.55316496 0.36865622 0.60909176 0.27246562 0.19202602 0.71107745 0.16016382 0.25399569 0.72057575 -0.16036311 0.34020862 0.71497452 0.52019852 0.43771073 0.73981029 -0.10667156 0.27434561 0.78622252 0.58072698 0.32963318 0.82352602 -0.17068489
0.28969207 0.5781818 0.20119452 0.38127449 0.59550089 -0.14961845 0.2169794 0.62969393 0.3954775 0.31679708 0.65085638 -0.01218528 0.27454734 0.60099614 0.61620092 0.37417221 0.61348152 0.38496917 0.19242293 0.71207374 0.16144031 0.24850111 0.72398949 -0.16166194 0.35250935 0.71990424 0.51503044 0.43818593 0.73964816 -0.1049461 0.27452981 0.78942531 0.5800724 0.32967991 0.8238526 -0.17207789
0.29262874 0.58084285 0.210118 0.38156617 0.60076708 -0.15787584 0.21984209 0.63044477 0.42409283 0.31430998 0.65531456 -0.01786405 0.28252208 0.60428339 0.63440019 0.37416276 0.62295622 0.36727959 0.19269811 0.71469617 0.1638055 0.24295239 0.72649467 -0.16402733 0.36044696 0.72198135 0.49370494 0.43925166 0.73972982 -0.10513388 0.27950802 0.79056716 0.56739205 0.32958379 0.82378113 -0.15351914
0.29782876 0.58379531 0.20890351 0.38151157 0.60243011 -0.16531064 0.21968946 0.6317898 0.42685452 0.31495798 0.65917909 -0.02172387 0.28216028 0.61057729 0.63118124 0.37748766 0.62661749 0.36082798 0.19329078 0.713494 0.16462749 0.23656084 0.7266742 -0.16480261 0.36764064 0.72291851 0.44451055 0.43905798 0.74035424 -0.10891124 0.28335351 0.79255301 0.53827238 0.32916933 0.82386905 -0.1059037 
0.29748783 0.58655411 0.19028284 0.38353503 0.60828131 -0.18311813 0.21799439 0.64113516 0.37725279 0.31552121 0.6719389 -0.02348159 0.28010529 0.61095303 0.52912569 0.38100359 0.63716245 0.3758342 0.19333035 0.71609753 0.16565561 0.23705153 0.73245019 -0.16585149 0.36400685 0.7265113 0.47379625 0.43910596 0.7425428 -0.04193384 0.28234038 0.79232603 0.56074399 0.32871377 0.82451361 -0.04260042
0.29946938 0.59010756 0.17600645 0.38317746 0.6114912 -0.19879873 0.21668699 0.64484096 0.37630561 0.3204332 0.67866164 -0.03974734 0.28669196 0.6178934 0.54624122 0.3849436 0.64239609 0.3677623 0.19347316 0.72083509 0.16520272 0.23717949 0.73880333 -0.16540726 0.36283812 0.7288751 0.48331293 0.43970263 0.74374861 -0.02115235 0.281771 0.79267037 0.56496614 0.32853794 0.82492846 -0.0050283 
0.29999337 0.5914526 0.14316362 0.38725156 0.61580056 -0.20309298 0.21644536 0.64333397 0.31801474 0.31999582 0.68118042 -0.04190786 0.28886816 0.61369038 0.46350297 0.38677579 0.64961779 0.35883728 0.19359247 0.72449321 0.16095997 0.23829626 0.74176311 -0.16118193 0.35414511 0.72810417 0.50961405 0.44397587 0.74365777 -0.00234905 0.28140649 0.79197556 0.57004154 0.32851872 0.824853 0.03101699
0.30083683 0.59484589 0.10804824 0.39071685 0.62134707 -0.2080112 0.21626998 0.64427531 0.28465185 0.32130647 0.68705076 -0.03841101 0.28529119 0.61072469 0.44231647 0.3868829 0.6534248 0.35818392 0.19371632 0.72799361 0.15272436 0.23877688 0.74502289 -0.15298121 0.34235349 0.73097992 0.51072073 0.44620517 0.74460423 0.01775633 0.28112727 0.79345357 0.56842768 0.3280668 0.82482511 0.06945249
0.3022691 0.59763396 0.11976143 0.39251241 0.62280458 -0.22942108 0.2179849 0.64329034 0.2980938 0.32618001 0.69174677 -0.05861006 0.28833032 0.61504108 0.43124643 0.38971955 0.65880263 0.3392891 0.19375174 0.73094487 0.15307768 0.23934665 0.74730915 -0.15332864 0.342006 0.73064399 0.53172988 0.44731009 0.74493325 0.01264514 0.28107336 0.79608858 0.63317263 0.3278746 0.82477957 0.10644761
0.30362219 0.60000205 0.11445992 0.39168462 0.62582803 -0.23105308 0.21940038 0.64358819 0.29236048 0.32620654 0.6938256 -0.06897292 0.29126421 0.61519933 0.42105374 0.38871044 0.66097128 0.31556356 0.19431497 0.73302084 0.15021522 0.23942707 0.75177199 -0.15041985 0.34353867 0.73004276 0.48523611 0.44679198 0.74718058 -0.00733846 0.28130466 0.7983228 0.62340057 0.32699901 0.8250683 0.11380094
0.3054415 0.60400951 0.11754418 0.39126942 0.62760311 -0.22065118 0.22156513 0.64487636 0.31420842 0.32817191 0.68941683 -0.05866501 0.29221392 0.61930561 0.46186194 0.38512093 0.6578359 0.32200131 0.19612448 0.73580867 0.14802904 0.23869282 0.75542289 -0.14820385 0.34883988 0.73002744 0.45725149 0.44645435 0.74846834 -0.01215758 0.28552493 0.79998177 0.62033272 0.32618085 0.82620567 0.10820106
0.30657899 0.60658556 0.12204136 0.39063114 0.6295023 -0.25389516 0.2209931 0.6450913 0.31876472 0.32236823 0.69272792 -0.10393441 0.29219314 0.62246507 0.44205615 0.38090116 0.66215914 0.28178042 0.19782178 0.73848116 0.15356502 0.23727846 0.75905263 -0.15368533 0.35324422 0.72942758 0.48548093 0.44684353 0.74984932 -0.05276641 0.28523949 0.79987234 0.64178163 0.32541841 0.82672679 0.06262082
0.30710199 0.60957271 0.1287971 0.38802958 0.63055688 -0.24581118 0.22055958 0.65011907 0.32487845 0.31903097 0.69342738 -0.10853469 0.29347008 0.63045096 0.44229129 0.37769622 0.66414475 0.2595273 0.19919194 0.74287492 0.15679802 0.23671636 0.76256812 -0.15689074 0.35693043 0.72944629 0.48618746 0.4472433 0.75120163 -0.06861801 0.2879982 0.8011381 0.63363361 0.32510987 0.82674712 0.04885468
0.30824691 0.61137789 0.13227057 0.38639235 0.63319308 -0.25423834 0.22108687 0.65063685 0.32833433 0.31915656 0.69781268 -0.12267586 0.29437628 0.63110596 0.43386039 0.37774342 0.66897458 0.24970967 0.19981098 0.74407357 0.16340823 0.23709793 0.76274866 -0.1635554 0.3561348 0.73024505 0.54105705 0.44718865 0.75080377 -0.06162164 0.28747633 0.80163097 0.66339046 0.32524401 0.82673144 0.0438838 
0.30827329 0.61142546 0.11249724 0.38422185 0.63432628 -0.25423011 0.22095282 0.6489011 0.31366566 0.31979126 0.69905609 -0.11454328 0.28766033 0.62934709 0.43105975 0.37803602 0.66869777 0.25117901 0.19979948 0.74390978 0.16121845 0.23705141 0.76246089 -0.16135257 0.35015014 0.73359418 0.53271961 0.44710052 0.75064522 -0.03738247 0.28696674 0.80382276 0.67342126 0.32523593 0.82677382 0.07244746
0.30772871 0.61137164 0.08924185 0.38379449 0.63588637 -0.25421265 0.21109113 0.64799899 0.28169793 0.31994352 0.69882125 -0.10629939 0.27943531 0.62837237 0.39897612 0.37809631 0.66934335 0.25597128 0.19945543 0.74409986 0.15558429 0.23726682 0.76290333 -0.15567651 0.34486094 0.73448503 0.52317423 0.44702938 0.75044042 -0.02157807 0.28578687 0.8042497 0.66496855 0.32523367 0.82674444 0.09639444
0.30761027 0.6109305 0.09670432 0.38282031 0.63394034 -0.25077838 0.205452 0.64743602 0.28854394 0.31995592 0.69698894 -0.09966532 0.27830178 0.62612718 0.39252186 0.37972912 0.66615862 0.25946265 0.19987622 0.74366951 0.15565944 0.23698166 0.76423204 -0.15574013 0.34815508 0.73427361 0.51391244 0.44640043 0.75024194 -0.02299288 0.2854757 0.80367243 0.65801686 0.32521024 0.82662851 0.09572107
0.30738813 0.6099093 0.09890222 0.38237369 0.63233608 -0.24641724 0.2050533 0.64920968 0.29814655 0.31849551 0.69547719 -0.09560006 0.28256887 0.63037229 0.40594625 0.37776974 0.66671509 0.26097259 0.19891278 0.7438606 0.15636902 0.23554912 0.76303041 -0.15644546 0.34882694 0.7342934 0.50954378 0.44359466 0.75016493 -0.02641816 0.28532854 0.8046611 0.63215876 0.32528165 0.82660633 0.07759795
0.30581123 0.60880166 0.10586446 0.38287464 0.63183028 -0.23279013 0.2058847 0.64921671 0.30269054 0.32048211 0.69278407 -0.07812688 0.2846629 0.63477063 0.41805872 0.37499988 0.66977179 0.28451321 0.19456002 0.74256504 0.15550466 0.23569769 0.75995642 -0.15565713 0.34151751 0.73594928 0.51052946 0.4387365 0.74799728 0.02535124 0.28258437 0.80440396 0.58464301 0.3259373 0.82587141 0.10179195
0.30207592 0.60514659 0.15132426 0.38433826 0.62948495 -0.21047944 0.20615159 0.64965171 0.34397119 0.3233299 0.69165975 -0.0530816 0.2849136 0.63296157 0.4934524 0.37795147 0.66941857 0.33471647 0.19342427 0.74023926 0.15566213 0.23617475 0.75519663 -0.15585436 0.34215248 0.73591715 0.52683342 0.43891644 0.7446894 0.01757969 0.2818155 0.80431712 0.57302219 0.3267439 0.82522511 0.05429878
0.30071846 0.59885913 0.18498439 0.38707763 0.62000072 -0.19220041 0.20667028 0.64891368 0.35774678 0.32356068 0.67895633 -0.05536368 0.2862474 0.63159466 0.49808893 0.38145319 0.65304267 0.33039784 0.19294421 0.73175013 0.15576126 0.23862123 0.74220061 -0.15596297 0.3453441 0.73366052 0.52736747 0.43839696 0.74189389 0.00471663 0.28182301 0.80149609 0.52659583 0.32728669 0.82432175 -0.06996832
0.29993692 0.59329873 0.19774525 0.39342919 0.61195982 -0.16938366 0.20693751 0.64589894 0.37530896 0.32452264 0.66659766 -0.03694949 0.28636688 0.63037211 0.53077704 0.37453589 0.6429624 0.32750428 0.19062288 0.72312105 0.15549321 0.24222413 0.7329874 -0.15573902 0.34255186 0.73354858 0.52616459 0.43592697 0.74077117 0.00789914 0.2816118 0.79809433 0.49091017 0.33103588 0.82481933 -0.08071333
0.29877886 0.5850206 0.21550646 0.39720836 0.60472435 -0.18486042 0.21040583 0.64033234 0.39876559 0.32600415 0.65829152 -0.04103447 0.28479907 0.63180321 0.54308921 0.3693476 0.64511198 0.32453448 0.19065161 0.71386588 0.16510607 0.24897636 0.72439808 -0.16537483 0.34809521 0.73051745 0.49906021 0.43441832 0.74080461 -0.03103663 0.28291181 0.79549247 0.50810003 0.33184862 0.82520837 -0.06312534
0.29853648 0.58016986 0.19387469 0.40121937 0.59708488 -0.18392542 0.21989945 0.63445657 0.38839221 0.32975599 0.65365255 -0.02443074 0.28638494 0.61989588 0.55804741 0.37021744 0.6305576 0.38026696 0.19075346 0.71100539 0.16425574 0.25294051 0.72161287 -0.16452205 0.3302851 0.72371161 0.5655815 0.43420297 0.73911923 -0.02486857 0.2804029 0.79109645 0.59455621 0.33169302 0.82529938 -0.05601431
0.29856595 0.57521611 0.18905005 0.40597975 0.59207654 -0.1619705 0.22089165 0.6264531 0.37636009 0.33420074 0.64537275 0.00616899 0.28184 0.60427612 0.54815549 0.37245357 0.61524081 0.41638908 0.19084115 0.70837182 0.16058701 0.25566497 0.72030187 -0.16100605 0.32685015 0.72447574 0.58463061 0.43386868 0.73953766 -0.01841864 0.27805656 0.79191738 0.62122095 0.33157268 0.82588983 -0.07440509
0.29728729 0.56863075 0.17264105 0.40855432 0.58265573 -0.15703067 0.22034186 0.61970323 0.37460282 0.3385455 0.63173109 0.01671136 0.26966336 0.60403079 0.56720722 0.37266859 0.60826701 0.41025445 0.1928079 0.70684826 0.15819353 0.25857249 0.7171247 -0.15862964 0.32731441 0.72433072 0.57888335 0.43331274 0.73918468 -0.01839886 0.27668351 0.79257315 0.65317887 0.33149126 0.82596111 -0.06097817
0.29554546 0.56175643 0.14383824 0.40967569 0.57386547 -0.12935023 0.21835899 0.61608601 0.34107205 0.34694698 0.62199789 0.04515687 0.25880226 0.59345418 0.56302768 0.37701675 0.59487081 0.44864401 0.19327548 0.70256436 0.14855453 0.26040402 0.71294248 -0.14915326 0.3208226 0.71987188 0.60218173 0.43174657 0.73775256 0.00841898 0.27427113 0.79115069 0.63994205 0.33141375 0.82597452 -0.06910708
0.29473561 0.55573052 0.15605485 0.40993857 0.56609946 -0.14964141 0.21871287 0.60341775 0.40422291 0.34873128 0.61673796 0.02200257 0.26227075 0.58904606 0.63674545 0.37740958 0.59117156 0.41462484 0.19405723 0.69684511 0.14980458 0.26020423 0.70668966 -0.15046652 0.32337326 0.71447331 0.62997216 0.43061051 0.73624307 -0.00274283 0.27204201 0.78915524 0.7096194 0.33125907 0.82607496 -0.09412877
0.29484129 0.54637367 0.14278734 0.41297948 0.56084895 -0.14368017 0.21601608 0.59830558 0.36171758 0.34952611 0.61121488 0.04621631 0.26315951 0.57663673 0.58628243 0.37604186 0.58999413 0.45039168 0.1967178 0.69082302 0.14950983 0.26249132 0.70067745 -0.15010998 0.32461804 0.70915598 0.61849213 0.43068722 0.73435432 -0.00520585 0.27228248 0.78431809 0.668033 0.33119842 0.82639915 -0.12982345
0.29519191 0.54098976 0.14748879 0.41423452 0.55289894 -0.1414092 0.20977773 0.58474475 0.36384743 0.35264066 0.60423392 0.04275111 0.2661837 0.56621063 0.60968131 0.37604317 0.58395636 0.45314381 0.20143622 0.68608749 0.14991735 0.26639807 0.69290805 -0.1504911 0.3195889 0.70509249 0.60832506 0.43074784 0.73287106 -0.00545605 0.27196312 0.78403324 0.66145629 0.33102173 0.82772577 -0.11646784
0.29524913 0.53177375 0.16881339 0.41334996 0.54333127 -0.14266618 0.20985904 0.5677284 0.41788381 0.35575101 0.59480792 0.04121948 0.27150324 0.56606269 0.70364702 0.38620511 0.57649964 0.45141083 0.20479903 0.67851102 0.1521187 0.27000004 0.68542391 -0.15272346 0.32307747 0.69750726 0.60551393 0.43094921 0.73115134 -0.08433566 0.27429825 0.78297943 0.66806412 0.3317233 0.82770455 -0.22068363
0.29191467 0.52712804 0.16930565 0.41237196 0.53862786 -0.14663507 0.20882946 0.56585163 0.41145286 0.35420755 0.59065133 0.03276256 0.27180889 0.56128961 0.69602007 0.38235644 0.57481641 0.43683615 0.20621668 0.67300111 0.15256384 0.27293569 0.68041474 -0.15319483 0.32405934 0.69114435 0.61932582 0.43108147 0.73059243 -0.0663023 0.27438089 0.78334069 0.70629996 0.33208221 0.82768917 -0.1711361 
0.29166812 0.52308255 0.19661933 0.41210702 0.52864295 -0.14817987 0.21367395 0.55792171 0.47043276 0.35866785 0.57726192 0.02799373 0.27049679 0.55406386 0.77242768 0.38812965 0.562765 0.43507457 0.2080882 0.66872299 0.15283358 0.27501312 0.67355388 -0.15346551 0.32494989 0.69458681 0.61473244 0.43097335 0.73030555 -0.05990793 0.27441463 0.78289115 0.68362844 0.33204058 0.82783675 -0.16522615
0.28787214 0.52545077 0.19208556 0.40894479 0.52788109 -0.1494727 0.232829 0.56439143 0.44656441 0.36419278 0.57294476 0.0261893 0.27718177 0.55454254 0.72419327 0.39772803 0.55140018 0.43143946 0.20786142 0.66965806 0.141993 0.27375716 0.67768586 -0.14257772 0.32044885 0.69271463 0.58616424 0.43065536 0.72977287 -0.0409804 0.27463484 0.78147209 0.67288756 0.33231562 0.82780606 -0.15283889
0.28817958 0.51235205 0.20689623 0.39834505 0.51368833 -0.12791252 0.23045373 0.54220849 0.53160745 0.3637377 0.55856484 0.0764892 0.26974478 0.53094029 0.84452802 0.39992347 0.53390437 0.50076675 0.20743282 0.66196448 0.1420994 0.27315214 0.66856086 -0.14279869 0.32857126 0.68952203 0.56459486 0.43049255 0.72710854 -0.14793158 0.27424547 0.78211302 0.72232991 0.33229184 0.8278839 -0.26034531
0.28852141 0.50123 0.1797242 0.39757916 0.50666654 -0.12868731 0.23057275 0.53025275 0.4824135 0.36798722 0.54590064 0.06422798 0.27003434 0.51820445 0.76510406 0.40608716 0.5229367 0.47057927 0.20783815 0.65700555 0.13728546 0.27233583 0.66364074 -0.13781424 0.32841215 0.68767953 0.50783789 0.42871645 0.72631747 -0.12018237 0.27283239 0.78234804 0.69320154 0.33210289 0.82758641 -0.20382486
0.28445446 0.49959627 0.18007277 0.39473504 0.50159895 -0.11338873 0.22738583 0.5386098 0.48644283 0.38886255 0.53889054 0.05599177 0.26327503 0.52141815 0.77352566 0.40293345 0.50528294 0.419965 0.20777076 0.65236437 0.13103254 0.27265704 0.6590367 -0.13150525 0.32062984 0.68934309 0.50414968 0.42604968 0.72424716 -0.09708653 0.27042207 0.78248566 0.62803721 0.33003989 0.82761472 -0.19763952
0.27509621 0.49708042 0.20560233 0.38721025 0.49377009 -0.12118357 0.20658579 0.54351246 0.49045488 0.36792415 0.53744358 -0.09111148 0.25540724 0.53216863 0.77442223 0.40149054 0.50513083 0.08947469 0.20763257 0.64742333 0.12980805 0.27311036 0.65220678 -0.13010301 0.32049042 0.68925107 0.4569737 0.42274719 0.72186881 -0.08878402 0.26724526 0.7826764 0.55785024 0.32717618 0.82874715 -0.19008528
0.27328652 0.49514008 0.21616375 0.3862676 0.48864222 -0.14770029 0.20533438 0.54398888 0.50202572 0.36496052 0.52943152 -0.20935492 0.24169716 0.53783345 0.7944169 0.40372175 0.50713509 -0.12364656 0.20794217 0.64444947 0.13166098 0.27395341 0.64713925 -0.13205029 0.31978843 0.68765289 0.46925363 0.41846955 0.72173935 -0.08802247 0.26647851 0.7828095 0.59526569 0.32722476 0.83127505 -0.18324895
0.27460587 0.48875806 0.20788194 0.38727245 0.48381832 -0.1599486 0.19735359 0.53959405 0.45094422 0.36435762 0.52051002 -0.21183822 0.23569103 0.54149312 0.70583004 0.40258083 0.50705659 -0.10243494 0.20787153 0.63914889 0.13207822 0.27682123 0.64029849 -0.13226883 0.31804478 0.68663949 0.41372597 0.4105666 0.71968013 -0.10016648 0.2664836 0.78287977 0.52770817 0.3272492 0.83153248 -0.17963363
0.27276382 0.48528817 0.20402206 0.38783777 0.48001641 -0.16154279 0.19997858 0.54295808 0.42426333 0.36199877 0.5194881 -0.19375336 0.23936318 0.55535161 0.65253651 0.40183383 0.50099748 -0.05106859 0.20822042 0.635306 0.13356668 0.2790792 0.63667041 -0.13379659 0.31617618 0.687828 0.42608953 0.40455464 0.71862453 -0.07426253 0.26660919 0.78528976 0.51842225 0.32725024 0.83207107 -0.15653384
0.27359182 0.48063618 0.20151792 0.3883526 0.47570744 -0.14195074 0.21751684 0.54449117 0.34807709 0.36319101 0.51422024 -0.13965161 0.23968077 0.56273729 0.50158024 0.40131921 0.49634331 0.04183184 0.21029241 0.63004792 0.13053322 0.28130239 0.63157743 -0.13083717 0.31669644 0.68836588 0.40823916 0.40086907 0.71786284 -0.04269312 0.26497555 0.78554374 0.46460569 0.32540259 0.83194894 -0.13925157
0.2742441 0.47577542 0.20138155 0.38855493 0.47127911 -0.12985171 0.22331075 0.54414546 0.33457854 0.36752734 0.50441402 -0.1237739 0.240738 0.56627578 0.45652318 0.40245235 0.48339224 0.09643121 0.21265729 0.62319171 0.1294575 0.28161508 0.62582195 -0.12978013 0.31551528 0.68831652 0.39071125 0.39657891 0.71735215 -0.04673381 0.2635251 0.78553826 0.45082632 0.323374 0.83184808 -0.14201151
0.27450901 0.47250625 0.18348993 0.38936728 0.46640942 -0.13594076 0.228746 0.54282016 0.2960791 0.38715336 0.49651346 -0.16983128 0.2432012 0.57027471 0.41118947 0.40649843 0.4781231 -0.03345789 0.21599066 0.61881196 0.12907419 0.28385967 0.62009406 -0.12940384 0.30900294 0.68871605 0.35948753 0.39233437 0.71643537 -0.0433933 0.26194653 0.78527939 0.43000361 0.32348421 0.83223599 -0.1018056 
0.27454942 0.46804392 0.17698978 0.39059857 0.46128798 -0.15738066 0.2170734 0.52147895 0.28390259 0.386659 0.49136487 -0.30704665 0.23679695 0.5554781 0.41445678 0.4174304 0.48359096 -0.33863151 0.21606144 0.61287183 0.13884167 0.28174698 0.61398119 -0.13884424 0.30577767 0.69183332 0.33579531 0.38475153 0.71449161 -0.12750643 0.26149511 0.78541559 0.47079876 0.32350591 0.83228844 -0.18082878
0.27366453 0.46717608 0.12835884 0.39073291 0.45871863 -0.17071749 0.22116815 0.51773006 0.28772739 0.43593156 0.48492905 -0.24957682 0.23785059 0.54395777 0.4610936 0.42129898 0.47708681 -0.18649533 0.21751493 0.61118126 0.1342095 0.28147519 0.6125347 -0.1342756 0.30709881 0.68994135 0.37863299 0.38116086 0.71379477 -0.1089867 0.26042959 0.7824735 0.51785868 0.32597455 0.83238024 -0.17612842
0.27526748 0.46633229 0.21818323 0.38136339 0.45316783 -0.11860128 0.24354613 0.52027667 0.33696997 0.4151924 0.47016281 -0.20736489 0.25804636 0.54613501 0.49351627 0.45661578 0.48199454 -0.163458 0.22008084 0.60629213 0.13427828 0.27964333 0.60508251 -0.13435715 0.30779588 0.68765205 0.3520118 0.37180775 0.70996368 -0.15729502 0.25997624 0.7797066 0.51123852 0.32651329 0.8323682 -0.25533199
0.27751192 0.46322396 0.24567583 0.37640214 0.45115948 -0.11677157 0.24582268 0.51757091 0.44395638 0.40719131 0.46815246 -0.19493723 0.25810316 0.53675824 0.61958551 0.42916042 0.45022863 -0.09808471 0.22170076 0.60393196 0.14047572 0.27591324 0.60173637 -0.14050952 0.30821964 0.68616778 0.33866459 0.36287212 0.70843112 -0.17449529 0.25993904 0.78001666 0.48280203 0.32645452 0.83233911 -0.29023862
0.28557804 0.45658031 0.29981953 0.37523872 0.44949204 -0.1079741 0.24443285 0.51087582 0.50949979 0.40361896 0.47309369 -0.19349332 0.25680149 0.52900189 0.68590724 0.41103053 0.43701345 -0.1238341 0.22362585 0.5971868 0.15309021 0.2743102 0.59600121 -0.15316497 0.30700335 0.68579608 0.3234956 0.35459504 0.70676023 -0.20593417 0.26004589 0.77973175 0.4504832 0.32662529 0.83150047 -0.35691604
0.28222513 0.45353323 0.28085846 0.37640974 0.45041671 -0.11374151 0.24406202 0.50709635 0.50991368 0.37186092 0.47197536 -0.19560738 0.24933432 0.51747918 0.69746381 0.40054417 0.42956021 -0.15772399 0.22406873 0.59601104 0.1520371 0.27274203 0.59374291 -0.15212758 0.3052327 0.68605334 0.33706012 0.34999207 0.70487428 -0.19915229 0.25999534 0.78183848 0.46075693 0.32680023 0.83148181 -0.33372194
0.2877993 0.44699201 0.28447247 0.37733102 0.44412622 -0.13612162 0.24792452 0.50619668 0.49420184 0.37113342 0.47125274 -0.26313415 0.25686491 0.52493906 0.68431163 0.39944482 0.43551871 -0.28237268 0.22649601 0.59119499 0.15396333 0.27201253 0.58966804 -0.15401991 0.29836276 0.68626076 0.34452528 0.34704372 0.70252734 -0.2047884 0.25914353 0.78271681 0.47982228 0.32679394 0.83130252 -0.34127289
0.28949279 0.4513616 0.34725395 0.35685 0.44003022 -0.12420142 0.25209889 0.51080841 0.48816219 0.35993826 0.46589771 -0.30394855 0.25753698 0.55623239 0.57971609 0.39704651 0.42973468 -0.3906028 0.23118316 0.58924711 0.16027427 0.27188918 0.58686173 -0.16043657 0.29665819 0.68641526 0.34802675 0.34337345 0.70124501 -0.22740285 0.2591666 0.78492159 0.53293848 0.32660073 0.83098561 -0.37666696
0.28662428 0.45360252 0.36530891 0.34249985 0.44202945 -0.06886552 0.25306803 0.52958 0.47194371 0.38765514 0.45147184 -0.2569313 0.26143914 0.58229041 0.48332959 0.39590469 0.42009544 -0.29339293 0.23330702 0.59018248 0.15810627 0.27190194 0.58771193 -0.15827017 0.29067189 0.68672913 0.38558355 0.34035954 0.70142758 -0.25803137 0.25933722 0.78708857 0.57125217 0.32573622 0.8301599 -0.45900875
0.28660044 0.44884878 0.32321316 0.34893438 0.43404919 -0.15677312 0.25977889 0.51956683 0.4646734 0.37260246 0.4517225 -0.36076316 0.26126894 0.567518 0.53448409 0.39435041 0.41599995 -0.43284038 0.23925869 0.58618104 0.15985008 0.27245444 0.58552921 -0.1600133 0.2882174 0.68788683 0.38572836 0.337127 0.70144999 -0.2426011 0.25933772 0.78774327 0.59165192 0.32234469 0.82989061 -0.32095051
0.28477764 0.44763371 0.33821777 0.35234955 0.43461141 -0.14969799 0.25292659 0.50178361 0.53730839 0.38955191 0.44025511 -0.30595472 0.26049185 0.53112239 0.66396356 0.38957667 0.41106761 -0.33422825 0.24058798 0.58400863 0.16643444 0.27512941 0.58399743 -0.16661818 0.28613052 0.68858033 0.36420384 0.33432767 0.70029294 -0.25284585 0.25937176 0.78847295 0.52786469 0.32002142 0.82986093 -0.42132473
0.28271019 0.44883758 0.32823458 0.3551842 0.43332466 -0.12729277 0.25287366 0.4983643 0.51631033 0.3925806 0.4272494 -0.29331538 0.26711932 0.52893519 0.66137552 0.38733491 0.41025221 -0.34865427 0.24147277 0.5826984 0.16515528 0.27641237 0.58306772 -0.1653659 0.28599155 0.68958783 0.3712987 0.32816023 0.69732189 -0.2749722 0.26073006 0.78858846 0.54691094 0.31725895 0.82817054 -0.45125759
0.28639391 0.44379741 0.38035622 0.3569476 0.42876157 -0.12454588 0.25497794 0.49816665 0.58929932 0.35845473 0.44146648 -0.33121327 0.268897 0.51594943 0.75897205 0.38888341 0.41479081 -0.46332118 0.24705607 0.5782665 0.17077668 0.28064257 0.57794058 -0.17089112 0.28549546 0.69037837 0.34945938 0.32273304 0.69512749 -0.26369587 0.26083821 0.78894031 0.49290788 0.31490049 0.82725823 -0.43160111
0.28571838 0.44627997 0.37161082 0.35767782 0.43103808 -0.14163752 0.27342549 0.50023597 0.60248864 0.38881594 0.4332312 -0.34235415 0.29091063 0.51197094 0.78681648 0.38897106 0.410763 -0.42525935 0.24912146 0.5816316 0.17282659 0.28118664 0.58152771 -0.17290558 0.28654799 0.69035637 0.35122412 0.31486911 0.69624239 -0.29228163 0.25830191 0.78776646 0.51309198 0.31357422 0.82733834 -0.46608523
0.28574318 0.44651231 0.36310285 0.35681602 0.43200433 -0.16134125 0.27142337 0.49809277 0.60308218 0.38878831 0.4342595 -0.36369902 0.28551885 0.50615275 0.79686683 0.38696799 0.41143182 -0.44445008 0.25311634 0.58296365 0.17394824 0.28187811 0.58325577 -0.17400177 0.28717354 0.69000489 0.3515442 0.31280267 0.69688582 -0.29544821 0.26031154 0.78785932 0.53088695 0.31271952 0.82737672 -0.46610698
0.27617279 0.44740635 0.35961896 0.35737795 0.42540184 -0.15380137 0.24765843 0.49897423 0.57120526 0.4115999 0.41179997 -0.30627701 0.28058285 0.51187831 0.76061851 0.38653597 0.40239069 -0.24913022 0.25155163 0.58227044 0.17132851 0.28219175 0.58225572 -0.1713611 0.28717124 0.68945146 0.31878883 0.31626573 0.69712472 -0.27380964 0.26030064 0.7885043 0.4551475 0.31307471 0.82744771 -0.43438944
0.2815128 0.44613904 0.30716515 0.35471079 0.42681038 -0.19437604 0.24792553 0.49624529 0.54163742 0.40628281 0.41413659 -0.40365526 0.2789664 0.51288098 0.74306399 0.38709807 0.40243334 -0.48442721 0.2526134 0.58212 0.17076656 0.28309387 0.58217394 -0.1708927 0.28726268 0.68953305 0.32444331 0.31805301 0.69726729 -0.22702847 0.26030272 0.78917789 0.47918814 0.31322339 0.82785028 -0.35059008
0.28082722 0.44612077 0.31053159 0.35521263 0.42806843 -0.19152156 0.23207405 0.49571717 0.551476 0.41575533 0.4198584 -0.36140364 0.26713216 0.50462568 0.77171975 0.3871446 0.40183881 -0.40871361 0.25249153 0.58220172 0.16442016 0.28800672 0.58262128 -0.16452365 0.28355893 0.68954933 0.31562379 0.3196221 0.69730836 -0.20521481 0.25982925 0.79031694 0.44661951 0.31315503 0.82848006 -0.34618214
0.27997273 0.44655225 0.31070521 0.35681576 0.42879009 -0.18037625 0.22748432 0.49652812 0.5561496 0.41537908 0.41924903 -0.34378332 0.26339701 0.50637221 0.7846334 0.38725853 0.40201747 -0.38807142 0.25196281 0.58243585 0.15903638 0.29142147 0.58288127 -0.15911186 0.2828249 0.68971997 0.29453647 0.32046992 0.69808805 -0.17738493 0.25979561 0.79138589 0.41126645 0.31328395 0.82885557 -0.29574853
0.27861011 0.45041341 0.36675438 0.35702497 0.42938897 -0.11667504 0.22912614 0.49672067 0.61414361 0.41290739 0.42282584 -0.28383425 0.26405928 0.5082137 0.84127367 0.38741136 0.40426406 -0.33326453 0.25154492 0.58268559 0.15899596 0.29188082 0.58255249 -0.15908663 0.28584281 0.69019127 0.27926373 0.32156765 0.6982097 -0.23257592 0.26174426 0.79250991 0.37537086 0.31310013 0.82977682 -0.40980977
0.26839527 0.45270303 0.39398712 0.35464403 0.43015495 -0.06676856 0.2537578 0.49598715 0.61391699 0.41287258 0.43393037 -0.21065629 0.28174075 0.4813998 0.82631779 0.38963553 0.40629795 -0.26344615 0.25114068 0.58290231 0.15666926 0.29418808 0.58278716 -0.15682231 0.28591865 0.69049877 0.28914431 0.32169223 0.69827169 -0.29115707 0.26172763 0.79324365 0.37979528 0.31313223 0.83045977 -0.51283592
0.26708898 0.45321199 0.37398684 0.35494033 0.43043607 -0.0598315 0.24778239 0.49730822 0.59633648 0.41162637 0.42819107 -0.01208065 0.27965796 0.49242619 0.80485332 0.39110026 0.40689632 0.26581743 0.25080374 0.58160973 0.1483563 0.29689088 0.58277738 -0.14866662 0.28601691 0.69049531 0.28810856 0.32238427 0.698699 -0.27041277 0.26170811 0.79319096 0.37853813 0.31316325 0.83047587 -0.45568821
0.26766452 0.45317498 0.36994496 0.36378008 0.43063027 -0.05176664 0.23027755 0.50269538 0.56608444 0.42022938 0.43670139 -0.09720013 0.26370025 0.51265353 0.76871324 0.39711469 0.41067302 -0.02290612 0.25012997 0.57972348 0.14665329 0.30196041 0.58152497 -0.14699762 0.28293049 0.69025022 0.2958717 0.32721308 0.69942367 -0.28044084 0.26115283 0.79306012 0.40068445 0.31331465 0.83118701 -0.47677058
