0.40401232 0.24594857 0.27583307 0.36024711 0.25091991 -0.14037573 0.40926901 0.27604297 0.50688589 0.37279439 0.26724964 -0.35564461 0.4257535 0.24136281 0.59174681 0.44676945 0.21737963 -0.45055845 0.37707385 0.41810873 0.16079029 0.35434914 0.41774046 -0.16098526 0.37854576 0.5080148 0.26533499 0.35711315 0.52073365 -0.06187681 0.37738273 0.60671037 0.37379575 0.37934726 0.62002188 -0.01329147
0.39991212 0.24298695 0.28205788 0.34579572 0.24454635 -0.18105996 0.41860881 0.26733875 0.48593038 0.36962229 0.26672551 -0.46335623 0.46124429 0.23365034 0.57592422 0.45350313 0.20830077 -0.61517984 0.37661666 0.408416 0.14992656 0.35406289 0.41049767 -0.15001859 0.377707 0.50559968 0.19610502 0.35910016 0.51586115 -0.16783156 0.38200516 0.60010117 0.2906121 0.38850981 0.61306918 -0.19733106
0.37487856 0.24854045 0.24162468 0.35398981 0.24768986 -0.2307265 0.41478664 0.25512317 0.42483822 0.41338074 0.24876499 -0.43553808 0.45421934 0.21057992 0.44472456 0.45469576 0.19517818 -0.44734374 0.36730275 0.40771493 0.15889612 0.36026028 0.41171405 -0.15901366 0.37351859 0.50364077 0.23595084 0.36941433 0.51591378 -0.16982169 0.38177243 0.59813118 0.32948044 0.39677602 0.61748159 -0.17788084
0.37460566 0.24910194 0.22325295 0.35663801 0.24665444 -0.23926128 0.41338789 0.24979302 0.4531723 0.42280856 0.24093442 -0.43155316 0.44866076 0.20627648 0.54540837 0.45271438 0.19367684 -0.47576645 0.36598825 0.40525925 0.16109852 0.36296675 0.40895021 -0.16129671 0.37150219 0.50023592 0.27590516 0.37471345 0.51198733 -0.1360382 0.37775996 0.59127915 0.39652243 0.40135834 0.61391914 -0.13316704
0.37342769 0.24839021 0.22752124 0.36126015 0.24598798 -0.24595806 0.39740455 0.25037965 0.43363929 0.4227559 0.24009721 -0.40399209 0.40948904 0.22496639 0.48543152 0.45505479 0.19170518 -0.36257514 0.36747792 0.40196472 0.16323516 0.36399621 0.40338644 -0.1634222 0.37155405 0.49634558 0.26139107 0.38026938 0.50705028 -0.17243224 0.37562671 0.59241098 0.3685165 0.39785632 0.61078173 -0.19367816
0.37808627 0.25174204 0.21512018 0.36427227 0.24655589 -0.26184267 0.4163942 0.24921113 0.37203211 0.42113072 0.23911089 -0.40260372 0.41164848 0.21475178 0.32815179 0.45576027 0.19333462 -0.37123939 0.36806986 0.40322846 0.16466978 0.36483783 0.40494892 -0.16483642 0.37461561 0.49657026 0.27011749 0.38744286 0.50784153 -0.18196177 0.37397197 0.59211934 0.39521983 0.39864326 0.61375499 -0.21735008
0.40789255 0.25262684 0.14831884 0.34601873 0.24747875 -0.29563695 0.46755394 0.26241359 0.16383594 0.40350091 0.25006941 -0.57243282 0.43603322 0.22061104 0.02363554 0.45125476 0.19833608 -0.67391026 0.38722339 0.40363184 0.15645893 0.36390883 0.40643424 -0.15648833 0.38511816 0.49721166 0.22332987 0.38696483 0.50833398 -0.16251755 0.37339231 0.59473711 0.3711248 0.39516068 0.61140275 -0.13659246
0.38621354 0.25157845 0.19208573 0.35543087 0.24813685 -0.27128011 0.45187095 0.24113402 0.33209807 0.43417248 0.24564371 -0.49277988 0.43899387 0.2022925 0.12964678 0.44981569 0.20047852 -0.53796345 0.38293222 0.40190613 0.15741938 0.37283692 0.40657169 -0.15740754 0.38354182 0.49611348 0.29926834 0.40691695 0.51248616 -0.18717825 0.36774117 0.58624876 0.45963526 0.3968792 0.6151951 -0.22014223
0.34536433 0.25936782 0.22110787 0.37530714 0.25409743 -0.25390077 0.41431469 0.25471911 0.39853767 0.44319478 0.24038349 -0.36685076 0.41800338 0.21837281 0.47746187 0.45095578 0.2017727 -0.29039627 0.36934441 0.40372697 0.15960011 0.37817571 0.40768823 -0.15974726 0.38294414 0.49932772 0.36306271 0.40877333 0.51470011 -0.18944632 0.36527699 0.59023845 0.5298357 0.39565659 0.61767632 -0.28938925
0.33903188 0.26660115 0.23165339 0.38168892 0.26192555 -0.2466145 0.36747459 0.25698867 0.46797717 0.43312493 0.24420974 -0.38986376 0.38549304 0.2282657 0.61820799 0.45038387 0.20524445 -0.32824361 0.36144385 0.40444937 0.15970446 0.37661552 0.40864986 -0.15987957 0.38260332 0.50027311 0.35132211 0.42095956 0.51647556 -0.20174268 0.36462808 0.58404553 0.50785351 0.39751005 0.61824292 -0.30280006
0.3510181 0.27221614 0.23494956 0.38135374 0.26701602 -0.24659902 0.38400108 0.26029152 0.48375797 0.43438593 0.24454241 -0.37953615 0.3936058 0.2285866 0.62742049 0.44959131 0.20100306 -0.31502464 0.36329758 0.4090254 0.16052695 0.37628856 0.4129642 -0.1606787 0.38595206 0.50175405 0.316477 0.4272826 0.51750767 -0.16939168 0.36587042 0.59027684 0.46344924 0.39670724 0.6178599 -0.18211316
0.35735145 0.28342122 0.22929297 0.36765593 0.27573135 -0.24885358 0.37538695 0.26730114 0.46734208 0.43066761 0.2461683 -0.47093841 0.37760493 0.25661483 0.58986163 0.45401898 0.21487735 -0.5959658 0.36771792 0.41474697 0.16104367 0.36795276 0.41539228 -0.16122243 0.39835855 0.5024808 0.26409736 0.42877159 0.51796681 -0.16343373 0.36796886 0.59294373 0.40183252 0.39632758 0.6161381 -0.15846919
0.36080036 0.27870494 0.20295183 0.36460838 0.27536184 -0.27525306 0.37902683 0.26752844 0.46366286 0.4204042 0.25567019 -0.52971894 0.39823893 0.2555711 0.62153399 0.45378506 0.21814936 -0.68391913 0.3681047 0.41726744 0.15910856 0.36670989 0.41828364 -0.15919313 0.39880481 0.50289929 0.27470738 0.44503194 0.51813972 -0.14732514 0.36810091 0.59314442 0.40438718 0.39665723 0.61568356 -0.12472399
0.36236057 0.27639532 0.2145277 0.36548686 0.27421948 -0.27327114 0.38136101 0.25654528 0.4617022 0.41905069 0.25587475 -0.48583311 0.40154356 0.22343516 0.59602153 0.45386812 0.21532299 -0.57865882 0.36646521 0.4169257 0.15964004 0.36453733 0.41813621 -0.15975168 0.39614356 0.50341243 0.26635119 0.44883209 0.51832497 -0.15794167 0.36786115 0.59321678 0.40981001 0.39775085 0.61607707 -0.14260541
0.36128506 0.28781667 0.19251996 0.38129431 0.2795144 -0.26667869 0.30255666 0.31620172 0.45884052 0.41599867 0.27618495 -0.56177163 0.29556236 0.33593428 0.67312616 0.45591635 0.22909856 -0.81453258 0.36622018 0.42268425 0.15545239 0.36712104 0.42398629 -0.15571174 0.39495277 0.50549334 0.26833802 0.45666882 0.52081478 -0.1303111 0.36780563 0.59396106 0.41825369 0.39873448 0.61669582 -0.08257754
0.36192197 0.29025406 0.20137991 0.37350002 0.28590247 -0.26600361 0.339901 0.33175671 0.3931905 0.39041188 0.29316124 -0.54107875 0.33961108 0.36100504 0.42517886 0.45565742 0.24691167 -0.73197132 0.36634222 0.4262023 0.16002114 0.36709988 0.42706218 -0.16016978 0.39753389 0.50849944 0.23954363 0.46115178 0.52427781 -0.14074819 0.3677043 0.59410208 0.37608311 0.39840016 0.61655402 -0.07905044
0.33522934 0.29828662 0.20780391 0.39241916 0.29502648 -0.26361477 0.29202062 0.32831642 0.4704411 0.39268222 0.30636561 -0.51757669 0.31016049 0.32840183 0.7053749 0.45508617 0.26579851 -0.68144643 0.36156744 0.43255615 0.16599447 0.37110534 0.43552792 -0.16620219 0.40917766 0.50966197 0.31561804 0.46760756 0.52791524 -0.14747572 0.36690664 0.59234911 0.48901615 0.39823839 0.61859244 -0.11497661
0.33115491 0.30481768 0.21490267 0.38985884 0.30380476 -0.26229683 0.31795654 0.31634572 0.5376063 0.40089545 0.3093603 -0.51849234 0.32838657 0.31124833 0.82716906 0.45595935 0.2745586 -0.68910474 0.35798943 0.43796521 0.17119634 0.37255371 0.44176909 -0.17144187 0.41056392 0.51270473 0.32419443 0.47719133 0.53245908 -0.14846945 0.36689517 0.5917539 0.50140977 0.39956015 0.62225014 -0.12794796
0.33658254 0.30859873 0.20953359 0.38526362 0.30762243 -0.25966236 0.3755576 0.31343377 0.49551499 0.40163204 0.31820804 -0.47498858 0.38557863 0.29003212 0.68672681 0.45560056 0.27411672 -0.5672344 0.35850507 0.4428854 0.17062478 0.37233424 0.44629014 -0.17078249 0.41534278 0.51537561 0.30238834 0.48280731 0.53455466 -0.16283853 0.36469644 0.59222257 0.47566047 0.40093979 0.62423784 -0.13117991
0.36599413 0.31864193 0.19524293 0.37873107 0.31760696 -0.27222401 0.41113311 0.31135547 0.36168432 0.41082743 0.3166267 -0.44959101 0.41660202 0.27970853 0.41485482 0.45632297 0.27496371 -0.47422215 0.36319628 0.4485721 0.17027956 0.36827594 0.45175353 -0.17042896 0.43496758 0.5186398 0.22968392 0.48219836 0.5367043 -0.16749899 0.36513904 0.59255445 0.35538465 0.40075934 0.6241684 -0.1181532 
0.36917129 0.32603633 0.22359863 0.37597987 0.32320204 -0.28284383 0.41928181 0.31409565 0.40175915 0.42186993 0.31453502 -0.43891501 0.43819493 0.27452129 0.47965518 0.45672315 0.26759154 -0.43573824 0.36327651 0.45364246 0.17582218 0.36540058 0.45639843 -0.17580156 0.44342148 0.52056134 0.23751891 0.48403528 0.53973013 -0.18123978 0.36517209 0.59277874 0.36952463 0.4011679 0.62497556 -0.12414218
0.37087035 0.33134905 0.22240756 0.37270108 0.32953021 -0.28684184 0.42433429 0.32057518 0.36694703 0.43124619 0.31712386 -0.38260677 0.44061381 0.27637994 0.36757353 0.45643923 0.27139869 -0.30924544 0.3623364 0.45740893 0.17835911 0.3614465 0.4606486 -0.17832178 0.44279236 0.52203345 0.24702576 0.48195913 0.54251486 -0.19655745 0.36323938 0.59239346 0.38723543 0.40131018 0.62510908 -0.14929083
0.36972782 0.32905236 0.22039807 0.3713924 0.333152 -0.28653026 0.41016331 0.32954735 0.36406681 0.42909929 0.33267516 -0.3073689 0.42729428 0.2767674 0.40591016 0.45270127 0.28561482 -0.1534813 0.36241537 0.4602907 0.17811364 0.3593705 0.46553761 -0.17809132 0.44534743 0.52299982 0.21606605 0.48363042 0.54707605 -0.23866673 0.36259809 0.5882051 0.38747329 0.40221104 0.62638122 -0.22038975
0.36276668 0.3350412 0.20291154 0.37015212 0.34026119 -0.25922224 0.37520298 0.33522901 0.38807654 0.41605121 0.34326437 -0.37239558 0.37913051 0.2998051 0.57056534 0.45115253 0.29646891 -0.36370286 0.3624658 0.46339649 0.17505176 0.35886297 0.47083265 -0.17507108 0.44692752 0.5269751 0.18621342 0.48170149 0.54819906 -0.21908228 0.3617931 0.58859056 0.35413077 0.40211868 0.62770748 -0.21340099
0.35152271 0.34006879 0.19045231 0.37237996 0.34672859 -0.26027325 0.35731336 0.34330359 0.4040913 0.4219352 0.34966508 -0.38983902 0.37358108 0.31101352 0.57027274 0.45555684 0.30089861 -0.40315419 0.35829148 0.46919745 0.17481877 0.35798305 0.476374 -0.17485216 0.44304678 0.52866149 0.21279033 0.48491725 0.5515002 -0.21138415 0.36149728 0.5890919 0.45221683 0.40207833 0.62918264 -0.14587303
0.35258886 0.3488749 0.11619359 0.37423438 0.35428274 -0.27684805 0.35123366 0.35072362 0.34548903 0.42171955 0.35234106 -0.32110843 0.36426044 0.31317845 0.51311177 0.44792679 0.29679984 -0.22432069 0.35859865 0.47592151 0.16525909 0.35811722 0.48279122 -0.16538349 0.4554956 0.53040028 0.22385554 0.48322454 0.55473536 -0.17510769 0.36125323 0.58872694 0.46889317 0.40203395 0.62995148 -0.08523642
0.34040812 0.34974802 0.11323375 0.38253939 0.35971156 -0.28020725 0.34579137 0.3607046 0.3522785 0.4214533 0.36571279 -0.32199803 0.34590939 0.33311158 0.53932405 0.42561802 0.31721741 -0.22065383 0.3512806 0.47854722 0.16350581 0.36083737 0.48833579 -0.16361095 0.45427758 0.5296703 0.28461191 0.49015531 0.55738258 -0.15406983 0.36170417 0.58655703 0.50486302 0.40209144 0.63367057 -0.08249627
0.33503479 0.35905448 0.1216257 0.39986444 0.36606258 -0.26712856 0.3146567 0.36391318 0.36972582 0.42279789 0.36664534 -0.2985028 0.32370606 0.34566015 0.6268456 0.41990697 0.32322851 -0.20383044 0.3474988 0.48571089 0.16131519 0.36580443 0.4950859 -0.1613691 0.45108184 0.52894837 0.30219749 0.50328708 0.55787534 -0.16901276 0.35561812 0.58802575 0.49604389 0.4024938 0.63382703 -0.13978583
0.33843353 0.35765922 0.12919313 0.39746764 0.37294611 -0.26553926 0.33329359 0.35741359 0.35349771 0.4013721 0.38216016 -0.35308436 0.34233218 0.33384639 0.59632593 0.41578054 0.33474618 -0.35105547 0.34901673 0.4889774 0.16181387 0.36514136 0.50007939 -0.16184087 0.45685285 0.5348593 0.26894546 0.50660235 0.5584985 -0.17342485 0.36005428 0.59227645 0.4139418 0.40291992 0.63319832 -0.13478385
0.3426756 0.35858193 0.12634775 0.38857931 0.37640223 -0.24792874 0.3340365 0.36705819 0.3143433 0.4024694 0.38775319 -0.21745998 0.34913775 0.34780771 0.45976451 0.41658121 0.34291634 -0.00722035 0.34724534 0.49209636 0.15692221 0.36205128 0.50322193 -0.15689808 0.46008185 0.5332762 0.22891551 0.50949359 0.55725062 -0.20694637 0.35595542 0.59356922 0.37071243 0.40279946 0.63286239 -0.16739669
0.3561745 0.36354959 0.11946037 0.37874681 0.38028562 -0.25620142 0.35162377 0.37903574 0.3207027 0.39053094 0.39538375 -0.28552094 0.35922691 0.34895235 0.46667984 0.40857595 0.34487075 -0.14923249 0.34884724 0.49600056 0.1578311 0.35886106 0.50918871 -0.1577992 0.4770523 0.53451985 0.21552357 0.51407123 0.55712348 -0.19364454 0.35607344 0.59705263 0.33694056 0.40077752 0.63257092 -0.12056027
0.36096916 0.37230358 0.11595201 0.3786898 0.38694581 -0.25646523 0.35266218 0.37975028 0.32519138 0.39247859 0.40482491 -0.27493757 0.36398605 0.34947011 0.4844979 0.41287798 0.35796607 -0.1176414 0.34858239 0.49970922 0.15505731 0.35544533 0.51272112 -0.15488757 0.4827916 0.53319526 0.21929705 0.51339144 0.55787939 -0.15921181 0.36431503 0.58994794 0.34550676 0.40076753 0.63234329 -0.05758895
0.35907349 0.3770484 0.12505473 0.37907371 0.39225659 -0.27922946 0.34228015 0.37312859 0.37420753 0.39084512 0.40578851 -0.52671617 0.35221097 0.36422613 0.60324252 0.41518244 0.37750134 -0.7209965 0.34662315 0.50367016 0.16428432 0.35382763 0.51834863 -0.16413516 0.48901209 0.53462684 0.27971098 0.51477557 0.56010908 -0.15430826 0.36898515 0.58999568 0.46232161 0.40056244 0.6323967 -0.02036759
0.35108042 0.3740373 0.09249115 0.3764523 0.39652497 -0.27672863 0.34479168 0.39345974 0.30533394 0.38837495 0.4273209 -0.42306682 0.35591811 0.38201922 0.45076227 0.41732979 0.39687538 -0.42624488 0.33849394 0.50612551 0.15595026 0.34864441 0.5206632 -0.15574683 0.48106498 0.5333975 0.25460249 0.51496553 0.56024843 -0.13547641 0.37086663 0.59177673 0.40339816 0.39912781 0.632267 0.00375633
0.34495324 0.38748565 0.04626719 0.37839997 0.40744469 -0.28057814 0.33680502 0.39213458 0.28535336 0.38686612 0.42591408 -0.39893642 0.35695809 0.37113959 0.47230795 0.41825753 0.38852775 -0.39783871 0.33211556 0.51112807 0.14716639 0.34727427 0.52659678 -0.14704925 0.46883103 0.51486331 0.31463295 0.51780921 0.56070298 -0.14171688 0.37319836 0.58132738 0.50424206 0.39914101 0.63127983 -0.04186799
0.34768048 0.38804844 0.06433643 0.38264459 0.41094434 -0.28013209 0.32839245 0.39566439 0.29679292 0.38395301 0.44248793 -0.39115867 0.35723737 0.37270433 0.5595485 0.43080047 0.40776634 -0.37362194 0.33395579 0.51238906 0.14557277 0.34707406 0.5291819 -0.14543816 0.46847051 0.51501489 0.32070497 0.51913613 0.56059182 -0.14684182 0.37318009 0.58338046 0.51994741 0.39859998 0.62797379 -0.01973061
0.35484448 0.38692275 0.0602672 0.38429731 0.41404173 -0.28138825 0.32292578 0.39996126 0.30465207 0.38027072 0.45324072 -0.41372782 0.35560897 0.37581027 0.586303 0.42918885 0.40920582 -0.46940929 0.3327007 0.51469791 0.14733681 0.3476342 0.53065062 -0.14721461 0.46779421 0.51573682 0.34890601 0.51999772 0.56168008 -0.1506115 0.37258762 0.58721024 0.58138734 0.40009198 0.62781698 -0.02075473
0.35677999 0.39041519 0.0504093 0.41011149 0.41475379 -0.27989209 0.30928558 0.4118475 0.30450538 0.38927048 0.45068085 -0.40045169 0.35610145 0.37993449 0.57937336 0.43824089 0.41756374 -0.41378838 0.33301631 0.51593119 0.14830752 0.34827334 0.53319949 -0.1481646 0.46744651 0.51273715 0.39851335 0.52297753 0.56160945 -0.161724 0.36922002 0.58180988 0.66160935 0.40055156 0.62766796 -0.04636991
0.36650676 0.38863736 0.05227626 0.40577647 0.41440073 -0.28535321 0.31069389 0.41677341 0.36663234 0.38578382 0.4585245 -0.47875977 0.35671338 0.38563606 0.62926662 0.44127882 0.43232352 -0.61447805 0.33286351 0.51640576 0.15579939 0.34645748 0.53438973 -0.15560099 0.47385034 0.51506317 0.40256962 0.52347666 0.56186759 -0.18088639 0.37061405 0.58329254 0.6595884 0.40010354 0.62772268 -0.04984989
0.36816388 0.39038265 0.05147596 0.42968705 0.41041458 -0.29197237 0.29957056 0.42503169 0.32106882 0.39166027 0.46602476 -0.35037985 0.35483703 0.3914488 0.55042225 0.45064878 0.45388049 -0.30021399 0.32901308 0.51876372 0.155801 0.34687358 0.53626418 -0.15560144 0.4726744 0.51609665 0.4175694 0.52296185 0.56271183 -0.17513673 0.37056112 0.58386099 0.67982745 0.40000528 0.62793338 -0.01922716
0.37101164 0.39357862 0.02002415 0.44848749 0.41123316 -0.31146613 0.30042514 0.43006188 0.28051859 0.39945608 0.4755474 -0.29200694 0.35302466 0.39853075 0.49023682 0.45940375 0.46236411 -0.15624657 0.32423154 0.52236515 0.15462141 0.34992787 0.54049677 -0.15439944 0.45989615 0.51964885 0.46901569 0.5220412 0.56534576 -0.11334357 0.3675676 0.58807153 0.77845782 0.39971957 0.62853581 0.05319201
0.37282699 0.39686692 0.0300007 0.45226005 0.416767 -0.32050523 0.29237208 0.43440565 0.2951532 0.39767081 0.48171383 -0.2063511 0.35241634 0.40875632 0.50555813 0.46120116 0.46923444 0.06327445 0.32047665 0.52581644 0.15529774 0.35001591 0.54400259 -0.1550625 0.45555019 0.52698809 0.43641767 0.52148056 0.56710935 -0.10202979 0.36522695 0.59670615 0.71432209 0.39956993 0.62881935 0.09610333
0.37358001 0.39984351 0.03610788 0.45458862 0.41948304 -0.32573944 0.2868486 0.43549374 0.30341628 0.39562851 0.48500875 -0.28084472 0.3527849 0.41374147 0.5067842 0.45922089 0.46770811 -0.13210198 0.31741664 0.52756184 0.15587211 0.34986651 0.54629207 -0.15561812 0.45451778 0.52962118 0.47491816 0.52056879 0.5678612 -0.11183165 0.36710566 0.5993157 0.77848333 0.39960358 0.62920684 0.06172681
0.37598971 0.40217167 0.05965889 0.45717975 0.420991 -0.31669644 0.28632325 0.43875471 0.33322516 0.39472908 0.48390242 -0.27843314 0.3469137 0.42483124 0.54339832 0.45867553 0.46409243 -0.10661986 0.31501511 0.52908415 0.15977982 0.34852839 0.54873431 -0.15954678 0.4541589 0.53222251 0.50925666 0.52045852 0.56724375 -0.13496606 0.3666541 0.5981257 0.80968916 0.40005678 0.63016737 0.02426726
0.37894779 0.40189159 0.05996044 0.45749339 0.42338026 -0.30768001 0.29032472 0.43792328 0.3325628 0.39343333 0.4861545 -0.16932553 0.34790832 0.42227 0.52712327 0.45815116 0.46611503 0.12723938 0.31496814 0.52766311 0.1589098 0.34738383 0.54829895 -0.15869902 0.45171994 0.5333308 0.49986899 0.52016979 0.56683135 -0.12736028 0.36778349 0.60010922 0.77601707 0.40127063 0.63016182 0.01833368
0.38039556 0.40662411 0.06005842 0.46137345 0.42831576 -0.31129628 0.28619957 0.4478412 0.33532164 0.39245036 0.4929741 -0.15025425 0.34799647 0.43408984 0.52848864 0.45644051 0.46857414 0.20490783 0.31016123 0.53042626 0.1593689 0.34322807 0.55142182 -0.15918915 0.45144641 0.53760487 0.49265984 0.5193603 0.56717002 -0.10767398 0.36607906 0.60407788 0.74976647 0.40139806 0.63014477 0.0602807 
0.38170755 0.40808085 0.05693452 0.46048224 0.43219632 -0.33056006 0.28779739 0.4501875 0.33477646 0.39150494 0.49561927 -0.17369291 0.35413885 0.43505335 0.51528049 0.45670316 0.46956912 0.17681192 0.30922011 0.53282744 0.15937957 0.34283635 0.55456853 -0.15922159 0.44980079 0.53868711 0.52353722 0.51900083 0.56693679 -0.08051672 0.36609 0.60594463 0.80964428 0.40341368 0.63026625 0.10647763
0.38251486 0.41023147 0.09477307 0.46033639 0.43450546 -0.33013722 0.28713411 0.4526419 0.37773231 0.39136556 0.49835703 -0.19943057 0.35584831 0.43574724 0.54113525 0.46000665 0.47118607 0.12531218 0.30657926 0.53646022 0.16366298 0.34320042 0.55642104 -0.16364577 0.44441259 0.54446411 0.51953572 0.51869476 0.56689137 -0.09337254 0.3661029 0.60461789 0.7910946 0.40381828 0.62939769 0.10354515
0.38560909 0.41258368 0.12494911 0.45742115 0.43629894 -0.32564333 0.28752565 0.45257938 0.39492074 0.38863122 0.49904266 -0.30869839 0.35626671 0.44104847 0.55673188 0.46028358 0.47346199 -0.13755015 0.30829877 0.53765327 0.16949621 0.33943745 0.55992043 -0.16943756 0.44581872 0.54352576 0.49483445 0.51714081 0.56773794 -0.13407981 0.36962917 0.60471809 0.76679188 0.40375897 0.62975699 0.0877131 
0.38640594 0.41453457 0.12600669 0.45721126 0.43847486 -0.31147039 0.28911522 0.45531309 0.3959707 0.38845104 0.50211483 -0.19504249 0.35835102 0.44128284 0.5521968 0.46237236 0.47577289 0.12620558 0.30741364 0.53903121 0.16884424 0.33936313 0.5618782 -0.16877371 0.44570509 0.54199433 0.48576456 0.51637965 0.5679577 -0.13348968 0.3695828 0.60474402 0.7599141 0.40340877 0.63027769 0.09156261
0.38716412 0.41769445 0.12804326 0.45635343 0.44227266 -0.29981098 0.28909564 0.45852658 0.38896507 0.38807598 0.50821155 -0.19479829 0.35833496 0.44495469 0.54590499 0.46529877 0.47777286 0.09732527 0.30689785 0.54183388 0.16829415 0.33698207 0.56561285 -0.16822734 0.45634872 0.54101384 0.42609039 0.51621675 0.56899637 -0.13608187 0.36988732 0.60431993 0.66541165 0.40339205 0.63030219 0.10982993
0.38743663 0.41934982 0.12057687 0.45855168 0.44573641 -0.30041221 0.28894791 0.46111876 0.33678102 0.38746649 0.5115577 -0.16609821 0.35832846 0.44162595 0.43903995 0.46471134 0.48073721 0.15829018 0.30755696 0.54324841 0.16813189 0.33712766 0.56741118 -0.16806817 0.45783186 0.5404979 0.42744088 0.51617038 0.56919301 -0.12963167 0.37222648 0.60424435 0.68045425 0.40321726 0.63090593 0.1419508 
0.38690093 0.42274681 0.11203421 0.4608413 0.44837299 -0.29908884 0.28944913 0.46329507 0.33758572 0.38702741 0.51208502 -0.1452311 0.35741377 0.44376022 0.48061398 0.46453178 0.48586628 0.20747913 0.30772561 0.54483056 0.16816433 0.33702338 0.56954187 -0.1681058 0.46060762 0.54374129 0.42241272 0.51609528 0.57115877 -0.14080307 0.37387109 0.60403854 0.66398591 0.40311217 0.63383234 0.1154747 
0.38677791 0.42442718 0.10803678 0.46493 0.45202291 -0.27728331 0.28965941 0.46420309 0.33506194 0.38761267 0.51608336 -0.12849866 0.35689333 0.4483422 0.47079453 0.46364826 0.4910219 0.20569049 0.30713272 0.54798168 0.16495487 0.33723739 0.57092285 -0.16498806 0.47165942 0.54287487 0.42441276 0.5193727 0.56988025 -0.10271507 0.37405232 0.60390079 0.65946406 0.40368098 0.63297904 0.10970397
0.38698268 0.42759794 0.09349302 0.46949655 0.45379746 -0.26071042 0.28848192 0.46546003 0.32114482 0.39002222 0.51780874 -0.10391647 0.35771412 0.44766936 0.47159168 0.46316677 0.49342951 0.23765889 0.30645594 0.55212617 0.16053067 0.33738628 0.5727185 -0.1606508 0.46939105 0.54287714 0.44942629 0.51973957 0.56903195 -0.06258626 0.37680459 0.60770541 0.66025859 0.40515196 0.63293475 0.11204258
0.38918436 0.4291909 0.07620495 0.46987134 0.45778042 -0.26828194 0.29030681 0.46692783 0.30831853 0.39105931 0.51893657 -0.11499308 0.36377877 0.44747946 0.4525227 0.46395048 0.49189371 0.21616776 0.30622911 0.55490339 0.15767044 0.33734101 0.57474273 -0.15769945 0.4648273 0.54266942 0.44320098 0.51964009 0.56852829 -0.07907762 0.37734184 0.60807353 0.67158055 0.40644756 0.63392675 0.10998861
0.39132652 0.42941418 0.07795031 0.47086897 0.45875585 -0.26739067 0.29297242 0.46658513 0.31303206 0.39382973 0.52142137 -0.11419875 0.36687723 0.44341332 0.46588752 0.46894503 0.49773842 0.2171717 0.30526218 0.55499244 0.15784055 0.33649603 0.57564479 -0.15785772 0.4646166 0.54287821 0.43861109 0.51951826 0.56982595 -0.08849392 0.37707368 0.61020583 0.67755687 0.40632603 0.63533247 0.12889974
0.39223447 0.42888114 0.06344668 0.47060731 0.45843685 -0.27002528 0.29606277 0.46585259 0.29001242 0.3941704 0.51789248 -0.12814084 0.36813816 0.44119424 0.43648979 0.46912962 0.49308336 0.18742575 0.3050887 0.55267906 0.1536573 0.33578795 0.57460296 -0.15357383 0.46426293 0.54547626 0.43089229 0.51853389 0.5704301 -0.09449982 0.37699026 0.60936189 0.68014503 0.4062528 0.63520122 0.12099542
0.39371532 0.42810577 0.06839351 0.47012416 0.45744935 -0.27261347 0.29715511 0.46542251 0.30210495 0.39419439 0.51670617 -0.1330737 0.36880463 0.44013521 0.44340694 0.47564545 0.48836863 0.1767665 0.30380183 0.55158007 0.15135816 0.33496442 0.57358861 -0.15121324 0.45693418 0.54496056 0.43665037 0.51709884 0.57038635 -0.11726972 0.37684572 0.60890746 0.71412826 0.40626532 0.63519597 0.07222842
0.39520997 0.42739397 0.06219152 0.47409776 0.4573099 -0.27025604 0.29713842 0.46491563 0.29127026 0.3972598 0.51553267 -0.12680897 0.3687222 0.43616706 0.43414274 0.47551072 0.49579805 0.1785274 0.30138537 0.55143577 0.14841652 0.33471274 0.57285577 -0.14830922 0.44221002 0.54460931 0.43723717 0.51683778 0.56900901 -0.07174964 0.3767218 0.60879314 0.70970726 0.40625134 0.63467568 0.16749802
0.39471346 0.42550099 0.06340215 0.47896129 0.45471671 -0.25254011 0.3040227 0.4637821 0.29443243 0.40303558 0.50962168 -0.07801814 0.36911339 0.43090451 0.44175148 0.4768649 0.48180789 0.2882162 0.29684618 0.54953575 0.14839274 0.33831981 0.56827015 -0.14844474 0.42248964 0.54626095 0.53285778 0.51593179 0.56830257 -0.01296388 0.37459034 0.60802817 0.71910739 0.40614662 0.63376254 0.14497641
0.39465505 0.41934305 0.11438613 0.4788312 0.44230255 -0.26357293 0.30572399 0.45759881 0.36535972 0.40743083 0.50166386 -0.0985669 0.37473273 0.43369907 0.51570773 0.47599226 0.47552937 0.24143645 0.29532415 0.53803647 0.15549211 0.33772635 0.55797303 -0.15551619 0.42899799 0.54603833 0.52295101 0.51353312 0.56787437 -0.04849133 0.37038532 0.60938901 0.74825197 0.40497023 0.63374943 0.10176548
0.39445126 0.41359815 0.10765479 0.48387498 0.43575588 -0.25738353 0.30544817 0.45656526 0.3537868 0.40909767 0.49455109 -0.09368587 0.37315881 0.43891287 0.49943781 0.46993935 0.47489697 0.25626114 0.29326478 0.53369915 0.15443055 0.33882016 0.55272973 -0.15451612 0.42878261 0.54583508 0.51822555 0.51036215 0.56743228 -0.02539845 0.37160906 0.60930789 0.68593371 0.40483806 0.63564694 0.08554792
0.39430445 0.40946063 0.08996651 0.48956898 0.4329336 -0.22833605 0.30535901 0.45143157 0.30328107 0.41380027 0.48974091 -0.05544688 0.37301981 0.43372276 0.48368683 0.46827734 0.47481924 0.28109053 0.2940779 0.52917498 0.14693138 0.34075361 0.54768854 -0.14699218 0.4321785 0.5418309 0.51438361 0.50825441 0.56738341 -0.03517549 0.37166935 0.6082229 0.61194527 0.40478629 0.63656425 0.03017432
0.3938168 0.40481964 0.09817306 0.48939425 0.42800549 -0.22676696 0.29945138 0.44686958 0.30417061 0.41277841 0.48333302 -0.05428188 0.36805877 0.42962614 0.48913607 0.45961368 0.47082087 0.29968047 0.29434431 0.52696037 0.14726159 0.34645662 0.5435099 -0.14724895 0.42583829 0.54195464 0.5532853 0.50536501 0.56780732 -0.02656847 0.36592346 0.60818022 0.64726621 0.4032954 0.63802999 0.00267962
0.39389554 0.39957044 0.11793921 0.48931992 0.42402211 -0.22274899 0.29953468 0.44298828 0.33776018 0.41239613 0.47744226 -0.05026876 0.36839363 0.42468259 0.52474517 0.45413014 0.45872918 0.322063 0.29459482 0.52281505 0.14747038 0.34884405 0.54001713 -0.14736035 0.42080304 0.54301471 0.56104642 0.50381863 0.56792468 0.00098007 0.36076733 0.60923731 0.66030562 0.40233892 0.63952726 0.01984114
0.39390171 0.39472282 0.13391644 0.48834574 0.41888878 -0.22225019 0.30002105 0.43704966 0.36097991 0.41102526 0.47327211 -0.04617023 0.37348691 0.41958901 0.54141122 0.45542154 0.45162138 0.331265 0.29332522 0.51920092 0.15065618 0.34813935 0.53714937 -0.15078124 0.40423352 0.54128474 0.57439876 0.5018127 0.56785047 0.00120275 0.36035186 0.60918808 0.68439341 0.39893523 0.64078957 0.01359673
0.39384577 0.39049825 0.12340014 0.48822716 0.41188172 -0.19583328 0.30220163 0.43074325 0.35181776 0.41009292 0.46592405 -0.00729599 0.37301829 0.40230668 0.54006994 0.45615172 0.44738045 0.3752895 0.29282787 0.51780546 0.15064828 0.3477197 0.53359032 -0.15080406 0.39735046 0.53738505 0.5728429 0.50102419 0.56691897 -0.01002485 0.35834271 0.60590684 0.68530691 0.39886552 0.64160615 -0.03050799
0.39458501 0.38627908 0.11864765 0.4879992 0.40465775 -0.19828376 0.30419776 0.42651588 0.34660238 0.40977713 0.45711172 -0.00336086 0.37297958 0.39925009 0.54632807 0.45620337 0.44501013 0.39198905 0.29305387 0.51502353 0.15066719 0.34516153 0.53114212 -0.15082018 0.40407723 0.53695798 0.53265125 0.50017697 0.56616122 -0.05250079 0.35925183 0.6061843 0.61766058 0.39746979 0.64209235 -0.08964006
0.3957943 0.38026252 0.13498454 0.48766893 0.39943159 -0.17492589 0.30540821 0.42093652 0.38328609 0.408465 0.44850624 0.01161916 0.37285355 0.39018127 0.60666519 0.44758376 0.42195216 0.38590443 0.2920301 0.51245582 0.15165301 0.34009716 0.52838582 -0.15175709 0.41007984 0.53596312 0.52114433 0.4995459 0.56537795 -0.12827788 0.35961452 0.60544556 0.626073 0.3975648 0.64279139 -0.20377478
0.39705983 0.37489745 0.14384846 0.48743495 0.39264446 -0.1813146 0.30432251 0.41657415 0.37706006 0.408225 0.44631407 -0.01127854 0.36681938 0.38414195 0.5967626 0.44712529 0.41750032 0.35302988 0.29169849 0.50695693 0.15503123 0.34026909 0.52307397 -0.15506189 0.41364881 0.53351694 0.55892289 0.49977168 0.56471336 -0.1412199 0.35804996 0.60465902 0.67483711 0.39772862 0.64369047 -0.25966185
0.40053046 0.36893517 0.17917193 0.47876328 0.38507542 -0.17440853 0.30525762 0.3914021 0.44009057 0.40335804 0.43521887 -0.10492358 0.36683923 0.37835148 0.67563707 0.44532055 0.40348426 0.1269958 0.29313985 0.49975482 0.16447777 0.33541146 0.51706052 -0.16433969 0.44202831 0.52943671 0.47616759 0.49995264 0.56157947 -0.21848598 0.35843226 0.60329819 0.66662955 0.39770442 0.64353883 -0.24980886
0.40080553 0.36506599 0.15797581 0.47457621 0.38185596 -0.18452713 0.30530649 0.38429254 0.40990508 0.40345991 0.43320671 -0.08388073 0.36398044 0.3708902 0.64120591 0.44759813 0.39738417 0.22022092 0.29340228 0.49545377 0.163524 0.33431551 0.51273167 -0.16343729 0.44049209 0.52073526 0.55232561 0.49910426 0.55979061 -0.20678048 0.35869789 0.59192532 0.77048367 0.39773852 0.64347714 -0.2689355 
0.40069586 0.36072463 0.17128649 0.47467571 0.37728152 -0.20114373 0.30683362 0.38380238 0.44396982 0.40375835 0.42761138 -0.08922321 0.36416298 0.36715543 0.68815887 0.4575133 0.39496264 0.23937011 0.29508349 0.49188811 0.17023161 0.33415434 0.50991505 -0.17010917 0.44597563 0.51633137 0.5129512 0.49876302 0.55889672 -0.23779498 0.36109757 0.59089243 0.72891706 0.39816785 0.64340025 -0.27303228
0.39866814 0.35618871 0.16866046 0.47479129 0.36992189 -0.20106381 0.30360255 0.37962979 0.42419788 0.40459523 0.42133495 -0.08116882 0.35081702 0.36652267 0.64438403 0.46001589 0.38979262 0.24313951 0.29559729 0.48938906 0.17047356 0.33681247 0.50667983 -0.17040265 0.44043705 0.51729429 0.56888539 0.49722466 0.5589121 -0.19292009 0.36057976 0.59318173 0.7913003 0.39888859 0.64344972 -0.25160974
0.39816511 0.34853667 0.16098453 0.47505596 0.36380443 -0.22224329 0.30356357 0.37562725 0.41235319 0.40806699 0.41844955 -0.17509307 0.34773618 0.36506578 0.62741458 0.45982665 0.38815302 0.0201877 0.29559106 0.48783663 0.17007795 0.33993351 0.50369722 -0.17001544 0.43061945 0.51460528 0.6243456 0.49574205 0.55916125 -0.17881107 0.36063546 0.59439671 0.85866761 0.39905027 0.64333874 -0.26448745
0.39195463 0.34581754 0.12087475 0.47607619 0.35919705 -0.2202311 0.30037874 0.36948025 0.38498944 0.4126454 0.41030553 -0.0629473 0.32890385 0.35911995 0.62041241 0.46650061 0.37800643 0.27149725 0.29515603 0.48619497 0.16572954 0.34774539 0.50154394 -0.16574949 0.42236441 0.51541859 0.62820411 0.49290743 0.55924696 -0.15686037 0.36047292 0.59517491 0.8572799 0.39893812 0.64343983 -0.2237138 
0.38678101 0.34002218 0.12428752 0.47613084 0.35251912 -0.22048937 0.29380739 0.36288404 0.39760724 0.41782832 0.39929733 -0.13619193 0.32154524 0.35626152 0.6548751 0.4706091 0.37173569 0.0883428 0.29527417 0.48401648 0.16572393 0.34856471 0.49820453 -0.16575637 0.42009473 0.51548278 0.61501539 0.49110079 0.55843931 -0.15623276 0.36039877 0.59997725 0.83833939 0.39600569 0.64337623 -0.22953504
0.38559338 0.33575538 0.09767944 0.47635323 0.3465319 -0.25510207 0.29449147 0.35617104 0.3752256 0.42344874 0.39052412 -0.2736274 0.32858741 0.34912822 0.63970172 0.47479209 0.35994193 -0.19192611 0.29720566 0.48018488 0.16557543 0.34969997 0.49391195 -0.1655909 0.41818592 0.51268417 0.616916 0.48814285 0.55855203 -0.15647608 0.36032444 0.59833568 0.88944674 0.39443085 0.64340204 -0.21710914
0.38583687 0.33286798 0.07228705 0.47727215 0.34028143 -0.26525098 0.29453176 0.36772022 0.33595085 0.42506272 0.3862924 -0.31568682 0.31946459 0.34785172 0.59933466 0.47457755 0.34778169 -0.28233698 0.30206588 0.47654983 0.16318746 0.35120124 0.49094722 -0.16313396 0.42380184 0.50645936 0.60653883 0.48705021 0.55867797 -0.15583725 0.36130446 0.59435058 0.90528333 0.39289188 0.64389217 -0.18942487
0.38504478 0.32898137 0.07557646 0.47716397 0.33439687 -0.27322862 0.29579973 0.36585099 0.34997419 0.42604423 0.37933925 -0.34429798 0.32438356 0.33913031 0.62016511 0.47467187 0.3393406 -0.32503572 0.3076677 0.47311085 0.16277847 0.35170156 0.48810631 -0.16271402 0.42585808 0.50359541 0.60563433 0.48569942 0.55803752 -0.16367823 0.36233079 0.59163719 0.8839674 0.39285502 0.64384943 -0.18880264
0.38507381 0.32382563 0.08780159 0.47725981 0.32816043 -0.26470375 0.3025901 0.35328382 0.37060037 0.4643119 0.355351 -0.3692697 0.31261793 0.33581778 0.6676482 0.49029434 0.32364056 -0.38092053 0.30817604 0.47034428 0.15943184 0.35308769 0.48425633 -0.15940578 0.42391285 0.50486034 0.58137721 0.48447657 0.55647856 -0.16261888 0.36241481 0.59242648 0.85650295 0.39298159 0.64419514 -0.20463903
0.38200116 0.32100871 0.09589081 0.47732651 0.32276624 -0.23953216 0.30246264 0.35398027 0.36691028 0.46841022 0.35576963 -0.27924871 0.29637024 0.33236137 0.62193513 0.48965171 0.32841814 -0.16921148 0.30813667 0.46546391 0.15693031 0.35838336 0.47804978 -0.15701631 0.41347301 0.50597245 0.54257327 0.47837591 0.55466586 -0.13324617 0.36215642 0.59513694 0.80482805 0.39298329 0.64446884 -0.16927513
0.38138992 0.31801495 0.10190902 0.47538045 0.3198849 -0.24040042 0.29938298 0.34256211 0.4009752 0.48273292 0.3374477 -0.3658534 0.30316627 0.33733961 0.68491429 0.49175256 0.30225644 -0.42828384 0.30982214 0.46103495 0.1500176 0.35914269 0.47344637 -0.15015124 0.40918341 0.51086801 0.49881497 0.4763326 0.55253756 -0.04938022 0.36122724 0.5972234 0.76224697 0.39320341 0.64431649 -0.02243991
0.38009304 0.31329396 0.0803447 0.4749628 0.3173739 -0.25582767 0.29582414 0.34910911 0.36769724 0.48447871 0.34007999 -0.38963029 0.27978742 0.32970583 0.67244649 0.49540514 0.2882522 -0.47612271 0.31154814 0.45904022 0.14702219 0.35856056 0.47209567 -0.14708197 0.40951222 0.51543564 0.45685431 0.47369948 0.55169505 -0.03700991 0.35757416 0.59557551 0.75559551 0.39322907 0.64427352 0.0405093 
0.37927493 0.30650628 0.0857381 0.46804783 0.30678988 -0.25556445 0.29646838 0.34270573 0.37010172 0.45268184 0.34611493 -0.41692454 0.28430042 0.31065959 0.66726834 0.49299672 0.29385355 -0.57892656 0.31595105 0.45507807 0.14492725 0.36091751 0.46595934 -0.1449396 0.40377498 0.5170244 0.47469071 0.4690837 0.54929084 -0.07119135 0.35760966 0.59682995 0.76371604 0.39412662 0.6442529 -0.05570485
0.3773399 0.30887395 0.12488671 0.45418513 0.30701873 -0.25047588 0.30190197 0.34338602 0.43478781 0.44322842 0.3403303 -0.39550731 0.31620127 0.3201974 0.74848747 0.48917463 0.29510984 -0.52143866 0.3217091 0.45365515 0.14530589 0.36032292 0.46389616 -0.14525169 0.40905443 0.51834947 0.42451623 0.46101579 0.54676229 -0.08506608 0.35805625 0.60091883 0.6739527 0.39351064 0.64319611 -0.07122649
0.37211388 0.30990192 0.17019559 0.43743879 0.30430204 -0.23579842 0.30942285 0.34209281 0.49760985 0.44207683 0.33209518 -0.36428893 0.31762272 0.32221982 0.79837412 0.48992744 0.2862162 -0.45260087 0.32418755 0.451646 0.14744994 0.36015832 0.46125045 -0.14740442 0.40923142 0.51823288 0.39808473 0.45716667 0.54460275 -0.08965024 0.35835367 0.60300541 0.62145442 0.39358118 0.64272565 -0.0979743 
0.44047126 0.31042579 0.154724 0.39950806 0.29605818 -0.26874393 0.42286855 0.34808719 0.33029005 0.37657222 0.33352426 -0.57121569 0.42102343 0.39013815 0.35071006 0.48891267 0.28174755 -0.8240121 0.35862547 0.44566435 0.1479151 0.34821969 0.44850606 -0.14789875 0.41237113 0.52338368 0.32861117 0.44677731 0.54065526 -0.14828905 0.35993844 0.6090858 0.56238389 0.39353365 0.6408093 -0.11171506
0.44599888 0.30564302 0.19699073 0.3995266 0.29196277 -0.262548 0.43694198 0.3395381 0.33255529 0.38694683 0.33250836 -0.54227263 0.45036453 0.37015614 0.46630156 0.48875377 0.27935722 -0.75004524 0.3656899 0.43965662 0.14922075 0.34687749 0.44173604 -0.14906493 0.41414857 0.52696913 0.27281794 0.4361074 0.53847229 -0.19506659 0.3599672 0.6104461 0.4647927 0.39222053 0.64003915 -0.20046775
0.41298345 0.30091774 0.25197574 0.41556954 0.29583564 -0.16637677 0.39329728 0.32214257 0.5181489 0.39512205 0.32766071 -0.36255535 0.40587404 0.29841822 0.78635824 0.48841989 0.27745119 -0.5593152 0.35377076 0.44029954 0.15444863 0.35014808 0.4438152 -0.15430255 0.41096419 0.52615803 0.35770962 0.44163105 0.53866369 -0.26017079 0.35878432 0.60919362 0.56847203 0.39255738 0.64003021 -0.39713195
0.42852393 0.29845765 0.21001855 0.40526071 0.29310513 -0.23358114 0.43305323 0.33134705 0.40222377 0.40279555 0.31651342 -0.5100888 0.4217515 0.34119284 0.44794288 0.48686042 0.26833883 -0.72217327 0.36422324 0.43315378 0.155904 0.35258138 0.43420151 -0.15575875 0.40590718 0.52530664 0.321623 0.42273319 0.5359695 -0.20638397 0.35878828 0.60902947 0.52522004 0.38913423 0.63725716 -0.25879651
0.42723811 0.29307777 0.25426114 0.38893482 0.29310256 -0.23370661 0.43621004 0.34849304 0.39658242 0.4058139 0.30799598 -0.5075689 0.42269152 0.37919465 0.38919801 0.48666918 0.26346847 -0.69872868 0.37247419 0.43127152 0.1587631 0.35262081 0.43116096 -0.15857579 0.40605637 0.52487963 0.28620914 0.41421539 0.53314412 -0.25714839 0.36022207 0.61310232 0.47004479 0.38897812 0.6372658 -0.33670002
0.42357221 0.29380029 0.22479631 0.38979101 0.29590568 -0.27340525 0.42448327 0.32533476 0.44243807 0.40792885 0.30536222 -0.58654898 0.41153145 0.32543781 0.56122363 0.48655021 0.25991896 -0.81524342 0.37730828 0.43389085 0.16484819 0.35270011 0.43465212 -0.1646702 0.40420797 0.525222 0.29972702 0.40712085 0.53338635 -0.19324328 0.36023703 0.61335146 0.49888554 0.38737658 0.63625717 -0.15136296
0.40182137 0.28894565 0.22803925 0.40870062 0.28787804 -0.22370614 0.41092059 0.30233538 0.48887062 0.42416024 0.29731375 -0.51874155 0.40904462 0.28104961 0.71092314 0.49071041 0.24977089 -0.70230716 0.36928719 0.4278191 0.16020223 0.37320927 0.43042371 -0.16019113 0.3751879 0.5233168 0.32709643 0.41657498 0.53439987 -0.19472945 0.35526896 0.6126498 0.50920421 0.38968685 0.63638246 -0.27071828
0.38775355 0.28882879 0.22400625 0.43257996 0.28650084 -0.21881282 0.33235958 0.30319926 0.52654111 0.45240265 0.3014448 -0.51169842 0.36067796 0.28131849 0.84099686 0.49330914 0.24836357 -0.73322749 0.36526439 0.42795476 0.15788871 0.38289547 0.43210474 -0.1580364 0.36792848 0.52325642 0.33162796 0.42122132 0.53462815 -0.17889062 0.35152626 0.61208975 0.52816027 0.39001137 0.63659322 -0.25534821
0.38203093 0.28906679 0.23321638 0.43922949 0.28568885 -0.21322155 0.33081299 0.30900258 0.53899765 0.45508423 0.30014369 -0.51575655 0.35028377 0.28133303 0.84797448 0.49457833 0.24669032 -0.76518887 0.36426875 0.42611161 0.15611489 0.38736972 0.43132588 -0.15633452 0.36212838 0.52321267 0.34030938 0.42158049 0.53531289 -0.17176776 0.35116068 0.6129719 0.51925993 0.38998377 0.63683361 -0.24449064
0.37209293 0.29050693 0.20907274 0.44347098 0.28563005 -0.21705003 0.31872639 0.30708534 0.51874107 0.47114798 0.29656935 -0.50776017 0.35033661 0.27890575 0.8570739 0.49734667 0.24372989 -0.71764451 0.36243671 0.42571232 0.14884096 0.39777803 0.43164098 -0.14913069 0.35755551 0.52148753 0.31490979 0.41985434 0.5356304 -0.13112378 0.35123387 0.61265755 0.46342146 0.38998759 0.63695258 -0.18715854
0.37938073 0.2856563 0.20559928 0.43649054 0.28266811 -0.28188208 0.34378612 0.30091974 0.53299814 0.45496404 0.29918525 -0.59183121 0.3599613 0.28360659 0.82922435 0.49724716 0.24455279 -0.83628845 0.37490743 0.4250513 0.15786105 0.39103726 0.42794126 -0.15810734 0.36315703 0.52125955 0.30915761 0.4019199 0.53544974 -0.1396639 0.35157275 0.61000937 0.47415748 0.38939598 0.63706738 -0.14589213
0.37962905 0.28759289 0.17063187 0.42924985 0.28439724 -0.30665573 0.36527631 0.29849955 0.51765823 0.44534978 0.28927559 -0.61795115 0.37110013 0.2846922 0.78540236 0.49671388 0.24076241 -0.85781813 0.37841466 0.42670754 0.15626204 0.38977638 0.42969468 -0.156545 0.36703846 0.52094233 0.29148224 0.39425057 0.53336304 -0.06515794 0.35182676 0.60890955 0.46976879 0.38862234 0.63631839 0.02725748
0.38009033 0.28552967 0.16689068 0.4340786 0.28087941 -0.28271148 0.3699443 0.30396846 0.43150207 0.44457516 0.29462594 -0.56640321 0.37158257 0.2998288 0.6404466 0.49783185 0.24242274 -0.78299671 0.38112104 0.4258067 0.15295124 0.3983928 0.42892858 -0.15322566 0.3675532 0.51985711 0.28974181 0.39940342 0.53183454 -0.07649131 0.35123673 0.60682815 0.44067955 0.3887623 0.63636935 -0.02967597
0.41681847 0.28675169 0.20957415 0.42522126 0.2768482 -0.27808487 0.4194473 0.34801993 0.30735448 0.42748517 0.29593223 -0.5737837 0.41213608 0.40525371 0.26264557 0.49761257 0.24283887 -0.76510113 0.38282695 0.42505732 0.15514143 0.39585847 0.42662442 -0.15534921 0.36912233 0.51978093 0.27951154 0.40276539 0.53181899 -0.08288661 0.35129815 0.60735303 0.44312117 0.38877398 0.63600594 -0.08531778
0.42961022 0.28747952 0.22414401 0.4253372 0.27576888 -0.27359691 0.4173024 0.34355178 0.28706676 0.42144564 0.29764798 -0.56518114 0.40665564 0.40717813 0.23324762 0.49938506 0.24353872 -0.75527829 0.3846738 0.42428914 0.15557687 0.3967118 0.42591327 -0.15576351 0.36930054 0.51966566 0.25660843 0.40479246 0.53135759 -0.1030691 0.3518368 0.60852206 0.40885028 0.38871029 0.63578206 -0.10047203
0.4319135 0.28762263 0.23638724 0.42103601 0.27426872 -0.27193496 0.41657108 0.34742504 0.30767122 0.42043495 0.29752824 -0.56735039 0.40618822 0.41516978 0.25679648 0.50169808 0.2424508 -0.75130743 0.38657528 0.42360681 0.15966393 0.39841995 0.42508057 -0.15980294 0.37840423 0.51975805 0.26335713 0.41237286 0.53181732 -0.14192407 0.35240072 0.60988766 0.42420268 0.38873413 0.63579738 -0.11446216
0.42711031 0.28149801 0.23961557 0.42577651 0.27536276 -0.27905324 0.41243988 0.34176967 0.34553409 0.42063046 0.29821631 -0.57498711 0.40283096 0.39370477 0.33049193 0.50404871 0.24280898 -0.75984412 0.39349306 0.42310163 0.16492571 0.40068519 0.42511943 -0.16498403 0.39226374 0.51983321 0.26463652 0.4146494 0.53201908 -0.16636151 0.35836068 0.61198199 0.42190671 0.38890654 0.63660985 -0.15730156
0.42408851 0.2820259 0.24682564 0.42458695 0.27643123 -0.26402792 0.40801266 0.33614814 0.39291897 0.42165911 0.29527083 -0.5682283 0.39781091 0.37971124 0.39732265 0.50465089 0.24166542 -0.77378482 0.39453316 0.42323151 0.16426909 0.40222141 0.42534626 -0.16433418 0.39520904 0.51974964 0.25098744 0.41538882 0.53170693 -0.18974982 0.35841396 0.61218357 0.39438093 0.38892865 0.63668007 -0.21273169
