0.53599638 0.43920246 0.10575344 0.64361209 0.44553307 0.36629581 0.56278944 0.46651348 0.09816686 0.7124033 0.48326167 0.44432715 0.52818352 0.43534869 0.25649905 0.67296612 0.46133649 0.54690462 0.61161482 0.55807537 -0.07681889 0.68975455 0.55422664 0.07627026 0.60174304 0.66916502 -0.108936 0.6764248 0.66187161 0.07871201 0.59128815 0.75554311 -0.17772233 0.6825605 0.75825131 -0.00574183
0.53230834 0.44440421 0.06123488 0.648224 0.45480898 0.48088375 0.57308978 0.48158109 -0.20415266 0.69771612 0.49499995 0.49023348 0.5502106 0.46172991 -0.39340463 0.67271233 0.47302952 0.45499328 0.63258141 0.58749527 -0.13800843 0.71657085 0.58293939 0.13753812 0.59557647 0.71427041 -0.11646121 0.68325377 0.7099176 0.13694343 0.59159249 0.81768715 -0.18197531 0.68279022 0.802351 0.06864768
0.53352851 0.44412473 0.01758347 0.63457185 0.45484635 0.37406006 0.58362502 0.48468009 -0.18839543 0.68779409 0.49773979 0.50017869 0.5354529 0.45014003 -0.27870134 0.64939386 0.4907164 0.64222115 0.63899207 0.59071463 -0.1367832 0.71627611 0.58745342 0.13627481 0.58882248 0.71395683 -0.14403857 0.68227333 0.70580059 0.24100138 0.57647777 0.84813803 -0.23913148 0.69156092 0.82274884 0.27929828
0.52703714 0.44183597 0.08856928 0.63252836 0.45372996 0.36311865 0.58446527 0.48419276 -0.03177866 0.72286433 0.49992177 0.45615116 0.60160798 0.46305838 -0.06250171 0.68978596 0.48946697 0.59395325 0.63348186 0.58687866 -0.11573646 0.71308231 0.58193249 0.11537857 0.59481311 0.71231657 -0.12605672 0.69137996 0.70606321 0.15272249 0.57712507 0.84837878 -0.24409536 0.69024992 0.8257581 0.09738056
0.52658486 0.44169357 0.07041702 0.62812424 0.45424137 0.3871913 0.58876395 0.47344765 -0.0867741 0.71903259 0.4996658 0.47505441 0.61849654 0.4570896 -0.16472821 0.6883021 0.4879446 0.5782305 0.6352216 0.58677322 -0.12421563 0.71502501 0.583242 0.12388978 0.5974403 0.71388537 -0.12802099 0.69171923 0.70770252 0.17633174 0.57583022 0.85076421 -0.25844529 0.68823653 0.82807678 0.10637279
0.52486384 0.441542 0.07270911 0.64342356 0.44707358 0.39285409 0.58946246 0.47564313 -0.13459022 0.71503383 0.49570122 0.47078997 0.61800247 0.46300331 -0.29783127 0.69819105 0.49359846 0.56417161 0.63520288 0.58877158 -0.11964713 0.71712309 0.58341426 0.11925972 0.59774852 0.71692556 -0.10716608 0.69129324 0.71135777 0.18029711 0.57600033 0.84930038 -0.21126713 0.68898451 0.82826525 0.1238322 
0.52466673 0.44235346 0.0613382 0.63352358 0.45409116 0.36953497 0.59015715 0.47052586 -0.17631358 0.71846235 0.49842915 0.4974857 0.61732519 0.45702925 -0.36153603 0.69726348 0.49327859 0.65952128 0.63576561 0.59071755 -0.11995436 0.71901059 0.5849902 0.11953713 0.59821421 0.71921217 -0.10106735 0.68852979 0.7124548 0.20986287 0.57745147 0.85023946 -0.19935364 0.68820977 0.82595229 0.18504171
0.52498794 0.44165385 0.05533087 0.62892103 0.45378131 0.3661558 0.59188801 0.47157824 -0.20128731 0.70997 0.49705553 0.49595168 0.61676556 0.45532605 -0.39025506 0.68906051 0.49347237 0.6508801 0.63615197 0.58944571 -0.12177377 0.71836627 0.58363837 0.12135758 0.59884965 0.7167927 -0.09771711 0.68959516 0.71381688 0.19843128 0.57989907 0.84872836 -0.19086064 0.68932593 0.82821959 0.17724717
0.52525735 0.44171083 0.04509316 0.63090801 0.4549022 0.35153133 0.59003395 0.46941039 -0.21308298 0.70789254 0.4966625 0.50037241 0.59996754 0.45199105 -0.40921551 0.68634313 0.49482393 0.6798321 0.63655889 0.59059137 -0.12082007 0.71974635 0.58442885 0.12039454 0.59940612 0.71747035 -0.10020745 0.69086558 0.7130118 0.20431039 0.57925951 0.84990805 -0.18693338 0.6888777 0.82863361 0.1993894 
0.52528387 0.4423925 0.04770505 0.63320225 0.4543604 0.34055507 0.58592063 0.46942127 -0.207395 0.71710163 0.49651632 0.47391224 0.59830517 0.45499381 -0.36682782 0.69567239 0.49645385 0.64363468 0.63613153 0.5916726 -0.11824631 0.71985948 0.58537447 0.11785755 0.59981209 0.71737307 -0.09145615 0.6899085 0.71229106 0.21638949 0.57832122 0.84932345 -0.17366968 0.69179374 0.82837594 0.23031031
0.52318555 0.44210699 0.05514666 0.63130927 0.4529075 0.35843337 0.58713853 0.46870714 -0.16987915 0.71801442 0.49557024 0.4423475 0.61827362 0.46345329 -0.30472749 0.7036382 0.49736768 0.54026663 0.636033 0.59056181 -0.11862471 0.72083384 0.58405125 0.11825456 0.60001147 0.71842974 -0.09306595 0.68928534 0.71139264 0.2124642 0.57726008 0.85045618 -0.17612025 0.69039094 0.82819825 0.2136835 
0.52221978 0.44165114 0.05459571 0.63007265 0.45238146 0.35718226 0.58795428 0.46843964 -0.1664401 0.71658939 0.49475929 0.45644772 0.61483461 0.46196374 -0.31413439 0.70889038 0.49906808 0.57330173 0.63551003 0.59054196 -0.11890342 0.7204234 0.58422631 0.11853039 0.6000815 0.71766841 -0.09579257 0.68950438 0.71024555 0.22117086 0.57742429 0.84938675 -0.17963834 0.6892162 0.82723343 0.22419798
0.52204627 0.44127437 0.05038885 0.62952965 0.45242849 0.38205928 0.58528012 0.46885616 -0.18502739 0.7100215 0.4952479 0.49849007 0.61421663 0.46485618 -0.3583298 0.70616192 0.50166696 0.62424934 0.63550562 0.58952016 -0.12417106 0.71952897 0.58366656 0.12378702 0.59941149 0.71864986 -0.09984244 0.68662566 0.71086746 0.21293615 0.57744449 0.84957367 -0.19720189 0.68954581 0.82750714 0.20633195
0.52228403 0.4412497 0.04685279 0.62981552 0.45319375 0.37066928 0.58372384 0.46932846 -0.20794086 0.70579737 0.49555126 0.5068714 0.5990876 0.46215972 -0.40931076 0.70395267 0.50253826 0.67073786 0.63567513 0.59042144 -0.12494258 0.71996349 0.58469409 0.12453184 0.59832644 0.72004449 -0.10384884 0.6850394 0.71069151 0.22132967 0.57758731 0.85061294 -0.1974663 0.68976408 0.82751822 0.21646374
0.52170539 0.44264057 0.04674742 0.6297515 0.45316488 0.35094801 0.58408511 0.47416303 -0.18258502 0.70475155 0.49587086 0.47747177 0.59473675 0.46187314 -0.31168619 0.69808638 0.4996132 0.5953216 0.63643795 0.59140569 -0.1223989 0.72152209 0.58549875 0.12191028 0.59632254 0.71970093 -0.08292463 0.68312562 0.71128327 0.21358824 0.57768738 0.85058463 -0.15385132 0.68991423 0.82719529 0.2134403 
0.521254 0.44330648 0.0492555 0.62845975 0.45378071 0.35467774 0.59057772 0.47535029 -0.1796715 0.70176125 0.49648824 0.46676555 0.59516793 0.46294451 -0.31612715 0.68542826 0.49781227 0.57359087 0.63781327 0.59063679 -0.12173749 0.72158378 0.5855453 0.12126554 0.58966213 0.71797663 -0.08797684 0.68179327 0.71004874 0.2120797 0.57775593 0.84975201 -0.17950344 0.68844342 0.82741576 0.20873719
0.51985347 0.44462788 0.04995535 0.62719512 0.45662466 0.35708079 0.58631659 0.47428182 -0.17841341 0.70326072 0.49762094 0.49555138 0.5868848 0.46212608 -0.31808794 0.68562865 0.49438447 0.68475181 0.63759661 0.59060073 -0.12354988 0.72074533 0.58610123 0.12313813 0.57888108 0.71729714 -0.11482517 0.68062419 0.70949191 0.21883872 0.57717091 0.8495267 -0.23609464 0.68636698 0.82787013 0.20733711
0.51880068 0.44486082 0.04761427 0.62780476 0.45745584 0.37458006 0.57644057 0.47813272 -0.17250736 0.70186794 0.50223178 0.55072504 0.53983635 0.45922714 -0.26590666 0.66850358 0.49242011 0.7824285 0.63797611 0.59196037 -0.13251501 0.71971685 0.58904666 0.13211228 0.571917 0.7168923 -0.13029358 0.67845035 0.70917439 0.22373864 0.57774043 0.84971052 -0.24364302 0.6850878 0.82758546 0.21142551
0.51900709 0.44842345 0.00420615 0.62808567 0.459755 0.39555737 0.55882388 0.47912994 -0.2305187 0.69878161 0.50225335 0.61555713 0.52286065 0.45907184 -0.349814 0.64821464 0.4848949 0.87559676 0.63782704 0.59705663 -0.14513113 0.71873212 0.59508884 0.14479038 0.56321406 0.71696812 -0.18302321 0.67354316 0.70869762 0.24753501 0.57739049 0.84976524 -0.32631603 0.68443418 0.82714325 0.23008278
0.51819199 0.454238 0.01223877 0.63045323 0.46387598 0.38423675 0.55773264 0.47865292 -0.21097584 0.69848031 0.50394595 0.56230819 0.52192777 0.45879009 -0.33678916 0.65327334 0.48494723 0.79501688 0.63739747 0.60160369 -0.14750518 0.71831834 0.59872097 0.14715528 0.55420995 0.7168085 -0.20538181 0.67097247 0.70854944 0.26736325 0.57642478 0.84971333 -0.35297868 0.68390602 0.82671416 0.26684931
0.51463217 0.45853862 0.0212154 0.63712615 0.46736449 0.37746423 0.54738808 0.47803131 -0.18077847 0.7117883 0.50987566 0.57752103 0.51635963 0.45864359 -0.29863146 0.66245484 0.48512658 0.82680315 0.63704115 0.60759467 -0.14608096 0.7186206 0.60363334 0.14570189 0.55086309 0.71864599 -0.20732667 0.66568542 0.70902246 0.26959139 0.57608926 0.84983188 -0.34405616 0.68360555 0.82645452 0.27412659
0.50788212 0.4652501 0.04679205 0.64422381 0.47270602 0.30380625 0.54151148 0.47829476 -0.06046401 0.71915078 0.51200068 0.50486237 0.51458859 0.45858794 -0.10246484 0.67510611 0.4863987 0.77758121 0.63370347 0.61269349 -0.13657448 0.71898019 0.60730851 0.13610964 0.54690462 0.71954179 -0.19557171 0.66139597 0.71120721 0.25631773 0.57468456 0.84985369 -0.32265273 0.68345129 0.82709372 0.25733393
0.50344527 0.47434017 0.04858066 0.64813584 0.47890466 0.29196411 0.53387028 0.48583624 0.04073375 0.72507197 0.51777995 0.49866119 0.5161612 0.46103996 0.13363171 0.68362182 0.48830095 0.75118792 0.63422316 0.62184548 -0.13353507 0.7220943 0.6152364 0.13304482 0.54212666 0.71943462 -0.19701122 0.65727293 0.71228719 0.25002635 0.5740242 0.85068995 -0.32619122 0.68331718 0.82756031 0.24136451
0.50191492 0.48125362 0.04795326 0.6469698 0.48202047 0.29846615 0.53692901 0.49802282 0.03731198 0.72068536 0.52021182 0.49804875 0.51560998 0.47051969 0.13614291 0.68344969 0.49108389 0.74733627 0.63429755 0.62475878 -0.13468787 0.72260302 0.61859423 0.13422816 0.53739458 0.72063625 -0.20691954 0.65730983 0.71361423 0.24919976 0.57371652 0.8516916 -0.33880332 0.68331909 0.82950985 0.24062525
0.50327981 0.48845398 0.04923527 0.65110689 0.48774737 0.30447403 0.54123759 0.52032447 0.10555015 0.72455662 0.52962297 0.46266055 0.51808017 0.48869362 0.29459766 0.67951578 0.50307673 0.65246552 0.63484627 0.62886035 -0.1346167 0.72458053 0.62329417 0.13415457 0.53473264 0.72324163 -0.19586816 0.65748543 0.71647745 0.25078228 0.57066137 0.85192961 -0.3216365 0.68341082 0.8296634 0.23645949
0.5040676 0.49258506 0.07268583 0.65088487 0.49224758 0.30533239 0.54841429 0.52376872 0.07522539 0.72224772 0.53538883 0.40046576 0.52001333 0.49515668 0.18237551 0.67663115 0.51121968 0.52943432 0.63581383 0.63117474 -0.13442339 0.72674996 0.62567466 0.13394794 0.53395683 0.72336584 -0.1847128 0.65725642 0.71797639 0.29439566 0.5677011 0.85210365 -0.26780075 0.68337965 0.82976425 0.327885 
0.50481206 0.49993598 0.04252887 0.65044236 0.49796784 0.29582721 0.54873818 0.53174347 0.06341448 0.7205838 0.54116148 0.41123554 0.521092 0.49699217 0.22044799 0.66903847 0.51636791 0.54958028 0.63920027 0.63737559 -0.13584545 0.73119307 0.63161981 0.1353341 0.52857262 0.72340262 -0.18431203 0.65534621 0.71835709 0.32737592 0.56548643 0.8524133 -0.27052724 0.68290228 0.82959491 0.3663255 
0.50528473 0.50817037 0.03041048 0.65122449 0.50563198 0.28949851 0.54885215 0.53775364 0.04836419 0.72060889 0.54699111 0.41780034 0.52353019 0.50417072 0.19028278 0.67411476 0.52095115 0.57140678 0.64253253 0.64468586 -0.13790126 0.73553711 0.63824087 0.13735376 0.52162772 0.72544038 -0.18782382 0.65097177 0.72134662 0.33296067 0.56440139 0.85389727 -0.28964546 0.68220508 0.83021957 0.36115253
0.50566262 0.5136627 0.01977163 0.65070546 0.51068884 0.29628435 0.56021255 0.54608321 -0.04989685 0.72103602 0.55443376 0.42749095 0.52612507 0.51045263 -0.03994757 0.67535537 0.52746385 0.60222691 0.64861202 0.65146375 -0.14115481 0.73618048 0.64533246 0.14062534 0.52130222 0.72817105 -0.15804318 0.64834857 0.72464025 0.36933205 0.56493199 0.85370606 -0.22415675 0.6821807 0.83007127 0.43328422
0.50587648 0.52062362 0.01865292 0.65040809 0.51702762 0.26111516 0.56192541 0.55407888 0.01478472 0.73015124 0.56153893 0.36411244 0.52631795 0.51587468 0.13263965 0.67816991 0.53611308 0.46849632 0.64785534 0.6563133 -0.13676737 0.73655778 0.64872086 0.1361586 0.52394331 0.73044449 -0.09915282 0.64610618 0.724729 0.38846269 0.56523401 0.85352594 -0.12416133 0.68084508 0.82995427 0.50669032
0.50537056 0.52742541 0.0544131 0.64994931 0.52182126 0.27273038 0.56166267 0.56047207 0.01097994 0.73121041 0.56591314 0.31280819 0.52540648 0.52395052 0.0970126 0.67907524 0.54052263 0.32600874 0.64728522 0.66036612 -0.13105927 0.73793769 0.65170562 0.13053194 0.51950121 0.72970599 -0.08977395 0.64535373 0.72414482 0.40183067 0.56415534 0.85272098 -0.11152955 0.68028563 0.82989448 0.54403621
0.50905955 0.53005654 0.02505312 0.64762044 0.52807146 0.31909427 0.56096166 0.56170106 -0.11676104 0.72238111 0.56491071 0.4304806 0.52135253 0.53242087 -0.16893421 0.68370551 0.5481317 0.48117247 0.64682811 0.66181886 -0.14281255 0.73724675 0.6547851 0.14218552 0.51854146 0.72954351 -0.12819375 0.64526886 0.72563201 0.45526144 0.56369269 0.85170442 -0.13584295 0.67876226 0.8302592 0.582708 
0.51271069 0.53505796 0.00905886 0.64904845 0.53335965 0.33159536 0.55159044 0.56805295 -0.06887061 0.72309375 0.57149237 0.50774485 0.51712143 0.53454411 0.06026092 0.67935902 0.54750389 0.68952924 0.646725 0.66778004 -0.14731248 0.73894691 0.66284639 0.14663175 0.51460338 0.72948855 -0.12855594 0.6487571 0.72768044 0.45884597 0.56268835 0.85166466 -0.17961872 0.67857772 0.83073968 0.58196747
0.51405662 0.54068184 -0.00914925 0.64891833 0.53741699 0.31318733 0.55165017 0.57740462 -0.00457679 0.72930396 0.57905835 0.49031055 0.5178268 0.54396528 0.17777303 0.67605209 0.55378067 0.61609268 0.64793104 0.67202735 -0.14674735 0.73943943 0.66609269 0.14608265 0.51403439 0.73122114 -0.14372404 0.644692 0.7282837 0.43880871 0.5629009 0.85209537 -0.19377314 0.67779887 0.83147502 0.55018014
5.13923883e-01 5.47392428e-01 7.93448358e-04 6.48827612e-01 5.42140603e-01 3.14465493e-01 5.52714288e-01 5.82235336e-01 -2.19849832e-02 7.30962574e-01 5.83170831e-01 4.75932658e-01 5.19254267e-01 5.49511909e-01 1.10484250e-01 6.73282146e-01 5.63013196e-01 5.82900763e-01 6.47760451e-01 6.76598310e-01 -1.45988986e-01 7.41658688e-01 6.69945002e-01 1.45340681e-01 5.11005819e-01 7.30706215e-01 -1.41679078e-01 6.40587926e-01 7.28144050e-01 4.60238189e-01 5.61516762e-01 8.52644801e-01 -1.99058130e-01 6.75593972e-01 8.32245409e-01 5.86237073e-01
0.5146302 0.55438298 -0.01014499 0.65042752 0.5481559 0.31440255 0.5528394 0.5912106 -0.02206469 0.73044169 0.58959591 0.46547601 0.51842219 0.55487084 0.10661729 0.6707558 0.5669893 0.57939416 0.64781845 0.68201727 -0.14759964 0.74311775 0.67693603 0.14694971 0.50952584 0.73095131 -0.1412819 0.64117986 0.72972232 0.48341343 0.56094563 0.85296887 -0.19616698 0.67547947 0.83226997 0.62550563
0.51607865 0.56154823 -0.00340201 0.65007675 0.55383974 0.31950614 0.54926342 0.59828734 0.00273037 0.72419029 0.5905782 0.49101806 0.5158543 0.55662519 0.14654891 0.66078889 0.56969053 0.66071874 0.6455341 0.68786705 -0.14702865 0.74262482 0.68133259 0.14639157 0.50770396 0.7306934 -0.13437456 0.6411373 0.73008817 0.48480779 0.56098938 0.85299647 -0.19822565 0.67375976 0.83223647 0.59723765
0.5179677 0.56413943 -0.00777357 0.64932019 0.55859756 0.340011 0.55507582 0.60389519 -0.05331542 0.72429216 0.59831935 0.52403945 0.5167079 0.5661574 0.01485387 0.66180325 0.57388109 0.69697475 0.64550918 0.69435537 -0.15193433 0.74132586 0.68666548 0.15135458 0.5068056 0.73256224 -0.14497635 0.64154285 0.73315781 0.50827026 0.56138366 0.85339111 -0.19939525 0.67270201 0.83220941 0.66422164
0.5208469 0.5705139 -0.08089497 0.64595962 0.56115991 0.2417483 0.55821151 0.61698443 -0.03542281 0.72096401 0.60149449 0.43160975 0.51728547 0.57304329 0.19116113 0.66145402 0.58072317 0.64212275 0.64740491 0.69875616 -0.15123333 0.74053347 0.68891579 0.15065442 0.50714546 0.73246586 -0.14839898 0.64163601 0.73290724 0.49749061 0.56143761 0.85327566 -0.16848448 0.67227995 0.83217835 0.68464059
0.5208112 0.57632935 -0.1094124 0.6445964 0.5653531 0.21509553 0.55818236 0.62302417 -0.09742644 0.71655136 0.60496873 0.41226959 0.51206392 0.57641947 0.03949208 0.65756893 0.58355421 0.62349868 0.64745647 0.70098495 -0.14921506 0.73884201 0.69006646 0.14870779 0.50682175 0.73370242 -0.13602154 0.64247841 0.73645413 0.48570439 0.55943966 0.85277307 -0.11242506 0.67074633 0.83193171 0.68459243
0.52218252 0.58084613 -0.09613883 0.64250976 0.56934702 0.24174893 0.56293327 0.61982924 -0.10454486 0.71255809 0.60797173 0.46310264 0.5113501 0.58086574 0.00385593 0.65561938 0.58599269 0.70696443 0.65173519 0.70667011 -0.14914642 0.73752707 0.69640768 0.1486389 0.50609112 0.73553526 -0.1517231 0.64218432 0.74003959 0.48705754 0.55853021 0.85322165 -0.14715797 0.67085302 0.83191085 0.68357176
0.52077913 0.58587795 -0.1043158 0.64326036 0.57341641 0.18673457 0.56278205 0.63558078 -0.07467767 0.7162655 0.61912876 0.38221508 0.51320362 0.58901668 0.1340827 0.66265398 0.59014535 0.59454942 0.65419984 0.71525419 -0.14037384 0.74073941 0.70311469 0.13994922 0.50518072 0.73626029 -0.10824186 0.64046627 0.74691457 0.47927365 0.55866182 0.85294694 -0.0729209 0.67160624 0.82962132 0.67176908
0.51921785 0.58817893 -0.12293047 0.64282751 0.57639408 0.19689117 0.57131112 0.62958235 -0.09686748 0.71755201 0.6197046 0.40205181 0.52597749 0.59757358 0.07618562 0.66276413 0.59380829 0.62651384 0.65626323 0.72069585 -0.14042585 0.74383682 0.7088632 0.13999924 0.50407177 0.73632526 -0.08184154 0.64058 0.74629784 0.47634453 0.55851722 0.85292947 -0.07126555 0.67278677 0.82909662 0.65354919
0.51918775 0.59251541 -0.14799485 0.64219064 0.5812754 0.19763178 0.56987768 0.64028239 -0.16173102 0.71312863 0.62211001 0.41328526 0.52554619 0.60138422 -0.04893225 0.66192561 0.59799463 0.67409223 0.6577968 0.72594124 -0.14148659 0.74349642 0.71253622 0.14119685 0.50410932 0.73823619 -0.11455749 0.63362867 0.74789721 0.47423226 0.55873585 0.8531267 -0.09882858 0.6709646 0.82850617 0.66715866
0.51863903 0.59588045 -0.1648495 0.63984191 0.58481109 0.20806901 0.56922215 0.64569777 -0.20420067 0.7087639 0.62381643 0.4280048 0.52322888 0.60544908 -0.10392597 0.6583941 0.60349566 0.70011181 0.66217363 0.7300905 -0.14913338 0.74455673 0.71610129 0.1489142 0.50235683 0.73780942 -0.11598709 0.6274913 0.7449736 0.47898594 0.55787289 0.85311985 -0.11472698 0.67086154 0.82677442 0.66991204
0.51588857 0.5997526 -0.15979867 0.63748705 0.58623737 0.19903715 0.56390017 0.65008736 -0.1869565 0.7057693 0.62597424 0.43158555 0.52090782 0.6053896 0.10817201 0.64623332 0.60309505 0.72165591 0.66370666 0.73338956 -0.15161662 0.74497235 0.71824557 0.15137222 0.50145668 0.73937762 -0.11744589 0.61815441 0.73640513 0.48230448 0.55944347 0.85362744 -0.13793336 0.67037153 0.82225728 0.66061771
0.50906736 0.60444343 -0.16337238 0.63734227 0.58950931 0.16489281 0.55676395 0.6539619 -0.13805333 0.70700592 0.62741768 0.40503269 0.52108473 0.61260623 0.15694389 0.65221834 0.60811955 0.70163459 0.66291374 0.73826885 -0.1512832 0.74481314 0.72191852 0.15103708 0.49998701 0.73900819 -0.08778592 0.60812622 0.7327404 0.49392802 0.56119603 0.85224473 -0.11960181 0.66769576 0.81510931 0.64211172
0.50554472 0.61028993 -0.16399097 0.63738883 0.59294432 0.14480011 0.54690933 0.66120255 -0.0547439 0.7069506 0.6300422 0.38338047 0.51777571 0.60963762 0.24890512 0.64590228 0.60829914 0.68836236 0.66120243 0.74259526 -0.14444877 0.74471593 0.72346538 0.14415061 0.49862859 0.73923862 -0.07494848 0.60580951 0.73133224 0.49982893 0.56160694 0.85204846 -0.06076504 0.66724849 0.8104533 0.67204291
0.50381333 0.61288315 -0.1729251 0.63901496 0.59626162 0.12755054 0.54378438 0.66755193 -0.05482738 0.70748651 0.63449085 0.3513183 0.51588351 0.62070215 0.25518632 0.66217262 0.61333454 0.64440095 0.66112763 0.7441963 -0.13924393 0.74342638 0.72486669 0.13884105 0.49730551 0.73779261 -0.02763763 0.60303771 0.72668272 0.49532336 0.57070559 0.84924626 0.00742961 0.66922379 0.80776131 0.63003975
0.50159383 0.61564714 -0.1700217 0.63883847 0.59655112 0.14977224 0.54523039 0.67479217 -0.03920103 0.70790106 0.63741457 0.37508225 0.51536447 0.62974304 0.28438187 0.6561482 0.60996681 0.67772561 0.66057807 0.74568969 -0.14325686 0.74363095 0.72853529 0.14281054 0.49385574 0.73743546 -0.03510769 0.60340559 0.72440368 0.51324016 0.57005811 0.84883684 -0.05071567 0.66974449 0.80926996 0.61056232
0.50019228 0.61679691 -0.1703438 0.63836437 0.59957516 0.15155706 0.54331541 0.67430663 -0.03829676 0.70817447 0.63862872 0.38110581 0.52501094 0.63305151 0.29014084 0.65713066 0.613774 0.67541802 0.66036886 0.74843735 -0.14457035 0.74210155 0.7309373 0.14414446 0.48709768 0.73762023 -0.04984568 0.5945248 0.72456735 0.47473523 0.56776416 0.84903532 -0.04703626 0.66977698 0.80983132 0.5741505 
0.50351834 0.61967719 -0.19618286 0.63230598 0.60077918 0.16488619 0.54481053 0.67496401 -0.09277441 0.70460063 0.64103109 0.4033902 0.52295804 0.6262607 0.24467428 0.65848488 0.61078423 0.66755861 0.66817862 0.74848884 -0.16068982 0.73977172 0.73187816 0.16061933 0.48870894 0.73413616 -0.18309143 0.59281731 0.7244156 0.48840168 0.56761992 0.8491298 -0.17717798 0.66987348 0.8108024 0.6740455 
0.50381523 0.62212265 -0.21508078 0.63153571 0.60193866 0.15668584 0.54516363 0.67921489 -0.09817327 0.7050361 0.64080304 0.38178635 0.52339447 0.62673384 0.2222407 0.65850103 0.61484504 0.63343507 0.67120993 0.75022769 -0.16087712 0.73739547 0.73243213 0.16081962 0.48617515 0.73060811 -0.14338771 0.58170354 0.72268015 0.46855676 0.56723207 0.84810477 -0.08238228 0.66913766 0.80941856 0.64945203
0.50572199 0.62354714 -0.20931524 0.6302703 0.60344052 0.15718254 0.54192954 0.67870033 -0.09446159 0.69920599 0.6430043 0.36882576 0.52120513 0.62434554 0.21443468 0.65850532 0.61768627 0.59251827 0.67248493 0.75080299 -0.15947367 0.7326985 0.73344719 0.15936421 0.48235354 0.72848624 -0.16283008 0.57887208 0.72198182 0.45697692 0.56713814 0.84824455 -0.10146271 0.66719264 0.80990475 0.64792031
0.50503093 0.62220889 -0.20460901 0.62757647 0.6012575 0.14822121 0.53968203 0.67850333 -0.07804748 0.6993838 0.64224112 0.36586586 0.52091688 0.62469888 0.25174335 0.6592077 0.61632508 0.60494012 0.67161179 0.75031054 -0.15862876 0.72366816 0.73237908 0.15849078 0.47469765 0.72847742 -0.14246464 0.57218534 0.72259241 0.47003752 0.56708294 0.84803689 -0.05248747 0.66558152 0.81032664 0.65778017
0.50470972 0.62290663 -0.20038569 0.62796825 0.60056585 0.13755096 0.54042673 0.68323046 -0.03131682 0.7021386 0.64067817 0.36964253 0.52837759 0.63250977 0.32242614 0.66327482 0.61504024 0.63875622 0.6712262 0.75034499 -0.15567137 0.72384417 0.73098797 0.15550281 0.4743503 0.72734731 -0.06451787 0.56720722 0.72407544 0.47140098 0.5704124 0.8468464 0.04785895 0.65921766 0.8117097 0.66785634
0.50219238 0.62118775 -0.17918994 0.6279313 0.60009438 0.1390796 0.54071534 0.67893827 -0.01292945 0.70738161 0.63973153 0.36876047 0.52999043 0.63296151 0.33448628 0.66928905 0.61789948 0.63040704 0.67008978 0.74888736 -0.15454012 0.72510588 0.73059213 0.154375 0.48158699 0.73020768 -0.08654602 0.57312155 0.72755826 0.45934367 0.56977057 0.84694606 -0.01647807 0.65993053 0.81228107 0.66201013
0.50200987 0.61910051 -0.17375706 0.62588269 0.59964436 0.14304133 0.54285449 0.66332686 -0.06506994 0.71417934 0.63916361 0.3608489 0.52444237 0.62515181 0.18041757 0.67645991 0.62057298 0.55552965 0.66937351 0.74515235 -0.1547848 0.7257098 0.73036224 0.15459956 0.48563567 0.73041099 -0.14288741 0.57625508 0.73201919 0.44137654 0.56953782 0.84707296 -0.10203909 0.66033781 0.81505525 0.61504686
0.50095397 0.61352134 -0.15689406 0.62530237 0.59839606 0.16948976 0.54072767 0.6561693 -0.05724429 0.71779597 0.63878942 0.38761768 0.50991541 0.61736327 0.19814181 0.67462605 0.61938202 0.56198061 0.66867441 0.73971039 -0.15584733 0.73126906 0.72826678 0.15562056 0.48865536 0.73068392 -0.17828567 0.59252387 0.73352474 0.46496233 0.56497121 0.84791529 -0.16960216 0.66434038 0.81667209 0.6602782 
0.49764055 0.60805613 -0.10045464 0.62482989 0.5939092 0.23968647 0.5327394 0.65278745 0.02814207 0.71722579 0.63221973 0.46964726 0.50752431 0.61189896 0.33907181 0.67366481 0.60966104 0.72078061 0.66614372 0.73371542 -0.15875199 0.73640019 0.72487146 0.15842623 0.4909811 0.73289961 -0.17160162 0.60046351 0.73461407 0.49161851 0.56069785 0.84927332 -0.24932401 0.66721237 0.81966788 0.6187768 
0.49801207 0.60614562 -0.1214832 0.62503761 0.59261769 0.24942335 0.53006846 0.65320468 -0.0399468 0.70744991 0.62943095 0.51236778 0.50343049 0.61285031 0.21932019 0.66161555 0.60768265 0.80630338 0.66929346 0.72997516 -0.1636689 0.74067295 0.72194552 0.16342326 0.49369749 0.73326409 -0.19576919 0.60766417 0.73976839 0.50722694 0.55629927 0.85073894 -0.22030231 0.66862363 0.8244192 0.70410597
0.49814972 0.60411322 -0.13353899 0.62446415 0.58783776 0.25178698 0.53576881 0.6538589 -0.07649695 0.7052269 0.6278035 0.51525128 0.50248277 0.61321384 0.1528037 0.64832783 0.60225648 0.81009376 0.66918153 0.72767562 -0.16650289 0.74163675 0.72001517 0.16622373 0.49547938 0.73401386 -0.15219866 0.62433702 0.74039662 0.5535351 0.55457729 0.85126942 -0.19465521 0.66948426 0.82520652 0.70499676
0.50470573 0.60087132 -0.11581361 0.62461376 0.58585799 0.29102024 0.53319305 0.64173132 -0.13755292 0.68625957 0.62545013 0.55736637 0.49806458 0.60697061 -0.02311575 0.64694774 0.60318112 0.84977049 0.67264301 0.72344148 -0.16592196 0.74462533 0.71869063 0.16575478 0.49627945 0.73490113 -0.15103741 0.63108784 0.74107134 0.53492987 0.55511618 0.85224688 -0.28211012 0.67032862 0.82604033 0.63265932
0.50885928 0.59836096 -0.11707556 0.62523472 0.58192545 0.28386286 0.52124882 0.63110954 -0.10744663 0.68453926 0.61652225 0.56641597 0.49978411 0.59890312 0.08976139 0.64754981 0.60028952 0.87816197 0.67307842 0.71972424 -0.16515076 0.74540824 0.71378726 0.16495924 0.50123322 0.73498404 -0.15109262 0.63622993 0.74599004 0.52036035 0.555484 0.85220695 -0.23349376 0.66831803 0.82957661 0.6191529 
0.515935 0.59618956 -0.11099549 0.6284703 0.58228284 0.26444265 0.52105987 0.62247962 -0.10938773 0.67815167 0.61174184 0.52998179 0.50055265 0.59369022 0.03767146 0.64510417 0.59625369 0.824175 0.67531615 0.71572745 -0.16132356 0.74851364 0.71078151 0.16089301 0.50792539 0.73597986 -0.15054165 0.64314783 0.74685252 0.47132909 0.55563354 0.85212123 -0.21144192 0.66715145 0.83145529 0.59039015
0.51494664 0.5915221 -0.04672109 0.6304878 0.5807972 0.32175103 0.52301764 0.61334991 -0.11796845 0.67783141 0.6059792 0.58005452 0.50103271 0.59195828 -0.0631771 0.64572245 0.59220201 0.87670809 0.67498934 0.70924646 -0.15909506 0.75220573 0.70680755 0.15843967 0.50767815 0.7355687 -0.14652167 0.64444673 0.74396986 0.45130047 0.55589771 0.85210723 -0.26470661 0.66809678 0.8307094 0.4933674 
0.52684194 0.59199411 -0.05475232 0.63347548 0.5770064 0.3009938 0.52329159 0.61713511 -0.108653 0.68098813 0.60649133 0.54962528 0.50166106 0.58738291 -0.01596456 0.65716374 0.5933184 0.76847303 0.67962044 0.70728046 -0.15896685 0.76032895 0.70396656 0.15827265 0.51152015 0.73148417 -0.14435084 0.64618862 0.74016213 0.45804402 0.55596453 0.85098273 -0.25769347 0.66733444 0.83060175 0.55578119
0.53520828 0.59360135 -0.04183271 0.63653815 0.57518464 0.30076796 0.52267027 0.62191027 0.01404079 0.68222618 0.60690689 0.53208077 0.49088672 0.57773298 0.24755345 0.65225023 0.58745271 0.74120128 0.68445832 0.70457649 -0.15762457 0.76512426 0.69916475 0.15681989 0.51639533 0.73149925 -0.14431387 0.64446175 0.73784608 0.4358559 0.55609637 0.85099727 -0.25231215 0.66761392 0.83147401 0.53326964
0.54406309 0.59895766 0.01521149 0.64769065 0.57647544 0.30884114 0.53130019 0.62528354 0.12314997 0.68333495 0.60744584 0.48923051 0.49567413 0.57966006 0.39359117 0.64799118 0.58888817 0.65973943 0.68316478 0.70611787 -0.14067987 0.76420373 0.69651341 0.13966675 0.52003169 0.73041683 -0.12598832 0.64608848 0.73637742 0.43929541 0.55591202 0.85110229 -0.16988626 0.67106003 0.83121693 0.54542774
0.55438608 0.5966813 0.00090438 0.65415442 0.57368481 0.31808102 0.53472555 0.62017357 0.08215977 0.68502969 0.60937107 0.48773199 0.49473763 0.571006 0.3311336 0.64839864 0.58710361 0.64984983 0.68514127 0.70159632 -0.14301445 0.76370656 0.69211358 0.14211866 0.52149343 0.72847813 -0.14985347 0.64745712 0.73479235 0.43540561 0.55545187 0.85130036 -0.20409162 0.67305899 0.83146369 0.52892071
0.54851913 0.59347445 0.00888704 0.65090293 0.56909329 0.31961244 0.53598297 0.62287277 0.09767853 0.68778276 0.60730731 0.44635278 0.49728897 0.57433426 0.36848783 0.66078824 0.58398396 0.56735837 0.68471467 0.69534326 -0.14266664 0.76321399 0.68713981 0.14183109 0.52272886 0.72833025 -0.14987417 0.64642566 0.73551685 0.38832834 0.55551934 0.85255265 -0.22204754 0.67396939 0.83213115 0.42714328
0.54448014 0.58928508 -0.01599049 0.64902997 0.56533879 0.2802406 0.52488971 0.62258279 0.09714445 0.68783355 0.59332889 0.46196121 0.49695683 0.57009482 0.40915024 0.65486097 0.57207114 0.68601662 0.68370831 0.68894935 -0.1314514 0.75648874 0.68152696 0.13073331 0.53042579 0.72680253 -0.13151842 0.64964134 0.73618793 0.33261183 0.5566327 0.85252386 -0.16557649 0.67282945 0.83195919 0.36962947
0.53900754 0.58466369 -0.01340406 0.63991666 0.56002808 0.27542663 0.52294165 0.62218988 0.11513373 0.69337302 0.59229243 0.43598646 0.49713066 0.56743526 0.44007927 0.65386188 0.57341868 0.623285 0.67776966 0.68423438 -0.12962909 0.75632662 0.67684674 0.12889451 0.53339732 0.72713339 -0.12405736 0.65331167 0.73619449 0.35547858 0.55665392 0.85378033 -0.13923931 0.67395097 0.83179635 0.43159071
0.53870702 0.57967687 -0.01683382 0.63739669 0.55609584 0.29012436 0.52698809 0.62129301 0.07805496 0.6855368 0.59066737 0.45171818 0.50323868 0.57128966 0.38024798 0.65289176 0.57089901 0.64245933 0.67880476 0.68248969 -0.13851435 0.75806177 0.67389387 0.13780984 0.53179801 0.72729468 -0.15302281 0.65604407 0.73396873 0.37971959 0.55706924 0.85393137 -0.19419111 0.67502975 0.83167452 0.46465147
0.53927034 0.5766927 -0.01400059 0.64151496 0.55469364 0.29703325 0.52866036 0.61515778 0.06939238 0.68820709 0.58467841 0.45514873 0.50230283 0.56357592 0.34225285 0.65142089 0.56684357 0.65250522 0.67966461 0.67854321 -0.13926458 0.75818622 0.66907513 0.13856597 0.53107542 0.72632486 -0.1675757 0.65414917 0.73009932 0.38395315 0.55712098 0.85386693 -0.2386224 0.67398119 0.83164561 0.46681783
0.53956294 0.57761192 -0.02726796 0.63941061 0.55361533 0.28208739 0.53048074 0.61544979 0.06265563 0.68495488 0.58551025 0.46034929 0.50265497 0.56215233 0.33009684 0.6381191 0.56301183 0.65516573 0.67546666 0.67543942 -0.13906935 0.75614238 0.66908723 0.13835268 0.52403444 0.72966689 -0.1634305 0.65369904 0.72939098 0.38779342 0.55824238 0.8538211 -0.22770436 0.67391521 0.830616 0.50580323
0.5387404 0.57126224 -0.02633639 0.63892758 0.5501889 0.28233635 0.53328151 0.60598058 0.00579084 0.68518752 0.5814501 0.45631069 0.50353134 0.55919939 0.16565964 0.63844031 0.56061202 0.64601737 0.67209506 0.67268503 -0.13922869 0.75150299 0.66413105 0.13851818 0.53169155 0.72964507 -0.17153379 0.65291739 0.7274937 0.40103552 0.55822867 0.85386074 -0.23047042 0.67390954 0.8298074 0.525078 
0.53811705 0.56397736 -0.02531031 0.6342206 0.54590261 0.28369144 0.54698193 0.59939164 -0.03883091 0.69275987 0.57701457 0.45106 0.50451446 0.55607784 0.0752182 0.63971877 0.55911863 0.61676657 0.67194617 0.66813445 -0.14387697 0.74571055 0.66015679 0.14325391 0.53223419 0.72812462 -0.1959831 0.64934903 0.72665018 0.39542654 0.55762428 0.85384363 -0.28043678 0.67298859 0.82942462 0.49034837
0.52521765 0.55670261 -0.01079535 0.63438749 0.54503423 0.29044268 0.54914469 0.59545285 -0.01882841 0.69853359 0.57363617 0.4503203 0.50866383 0.55232084 0.11575041 0.64723259 0.5543974 0.61101025 0.67015707 0.66736752 -0.14375179 0.74407172 0.65721065 0.14312674 0.53145653 0.72811812 -0.19160037 0.64967489 0.72397906 0.37308833 0.55746734 0.85342199 -0.25455555 0.67195296 0.82858777 0.43009436
0.51768446 0.55267471 0.0336923 0.63667196 0.54284477 0.30769157 0.54714274 0.59757292 0.03756478 0.71089405 0.57078224 0.45792142 0.50838995 0.55010974 0.17501453 0.65164894 0.55192101 0.62570882 0.66832787 0.66578084 -0.14102373 0.74479377 0.65647131 0.14039774 0.53097075 0.72812057 -0.18185727 0.64960533 0.72469741 0.3566919 0.55713439 0.85286999 -0.26236913 0.67196715 0.82827789 0.39917016
0.51323813 0.54971278 0.02560117 0.63775349 0.54068202 0.30872908 0.54612738 0.59833306 0.04603104 0.70794833 0.57007569 0.4494099 0.50907463 0.55173385 0.18624464 0.6541459 0.55247074 0.59351158 0.66753495 0.66399032 -0.14114016 0.74495041 0.65469569 0.14051181 0.5305481 0.72765332 -0.17692907 0.64736891 0.72462827 0.36271912 0.55695015 0.85211635 -0.25720677 0.67195499 0.82823902 0.42051557
0.50755924 0.54229373 0.02134607 0.63776356 0.53845847 0.30649334 0.54321879 0.58327639 0.04250749 0.70422816 0.56505734 0.46677756 0.50803614 0.54541999 0.16151953 0.65689838 0.54817718 0.65974873 0.66506445 0.65921581 -0.14122349 0.73870802 0.65161526 0.14060439 0.52901387 0.72648638 -0.2232327 0.63963193 0.72312158 0.33025664 0.55691963 0.85143554 -0.36761919 0.67211062 0.82802552 0.33981678
0.50433278 0.53609163 0.06769655 0.64050645 0.53576118 0.33684739 0.54101151 0.5785867 0.10116673 0.71933198 0.56518197 0.50512582 0.50933588 0.5485341 0.23009796 0.66240054 0.54441553 0.6984756 0.66017622 0.65604806 -0.14342515 0.73831284 0.64961845 0.14291684 0.52332306 0.72641194 -0.23957081 0.63683593 0.72359276 0.34563246 0.55698436 0.85112947 -0.37419805 0.67054164 0.82802713 0.3945092 
0.50337952 0.53324103 0.05637609 0.64100879 0.53302795 0.34973788 0.54361057 0.57843167 0.09564435 0.72180241 0.56331033 0.52316827 0.5174042 0.54962081 0.24406795 0.66436237 0.54126942 0.71274066 0.66046071 0.65484589 -0.152806 0.7382077 0.64887428 0.15234564 0.51953006 0.72623581 -0.27906737 0.63026625 0.72359341 0.37277609 0.55714518 0.85160893 -0.45172206 0.67052007 0.8270728 0.41017506
0.50288558 0.52743632 0.06029268 0.63902289 0.52861267 0.35755199 0.54321396 0.5707683 0.07901049 0.71741319 0.55995613 0.5299992 0.516882 0.54940647 0.19717446 0.66636711 0.54161799 0.70804977 0.65666145 0.65188509 -0.15458344 0.732517 0.64492953 0.15407135 0.51780295 0.72438139 -0.26690841 0.62871939 0.7220642 0.37315941 0.55762643 0.85219753 -0.43506023 0.67123067 0.82709217 0.41087586
0.50030035 0.52128011 0.08871805 0.63409829 0.52562296 0.34446326 0.54304594 0.56284207 0.11644268 0.71596426 0.55708629 0.50535226 0.5305478 0.54389036 0.23068145 0.66586798 0.53570557 0.64437157 0.6536985 0.6502527 -0.15352383 0.72845501 0.64236027 0.15304489 0.51742029 0.72451317 -0.24388599 0.63370091 0.71654582 0.36482289 0.5577184 0.8524605 -0.38360405 0.67121786 0.8270371 0.4036687 
0.49919146 0.51796836 0.06861103 0.63028878 0.52214646 0.34132671 0.54287118 0.56208497 0.11878579 0.71424007 0.55395561 0.51275504 0.53489912 0.54634625 0.26330665 0.66860473 0.53491628 0.72114992 0.64693552 0.64645922 -0.15052618 0.72190148 0.64052778 0.15010315 0.51696402 0.72603989 -0.24063051 0.6295684 0.71822417 0.34971553 0.55771631 0.85322189 -0.36384279 0.67121387 0.82704276 0.38498166
0.49894261 0.51476294 0.06593721 0.62921542 0.51872289 0.32334426 0.54281455 0.56271648 0.10215377 0.70651788 0.55209082 0.46626365 0.53932333 0.54704511 0.25301448 0.66540855 0.53578568 0.63934183 0.6411258 0.64117283 -0.14904711 0.7179752 0.63757855 0.14864001 0.51717991 0.72588897 -0.23356491 0.62769657 0.71904188 0.34281644 0.55744672 0.85207915 -0.36051437 0.67326629 0.82739586 0.38366196
0.49758729 0.50907534 0.06330456 0.62703145 0.51242763 0.31188726 0.5384295 0.56209868 0.14071158 0.70630807 0.54953617 0.46392778 0.53530854 0.54623127 0.34322828 0.66509312 0.53301537 0.64830858 0.64012855 0.64003915 -0.1408509 0.71487951 0.63551611 0.14045587 0.51732814 0.7247417 -0.19406815 0.62615764 0.71945822 0.32329145 0.5573653 0.85253656 -0.30850548 0.67462647 0.82761711 0.35232446
0.49821931 0.50650638 0.04030231 0.62734479 0.50915414 0.30365413 0.53155875 0.55212593 0.11951613 0.70603937 0.54644573 0.49458963 0.53311563 0.53237635 0.29637519 0.66248268 0.52778715 0.73239475 0.63798141 0.63997626 -0.14110021 0.7128315 0.63476878 0.14068417 0.51714247 0.72314268 -0.19496281 0.6253016 0.71869963 0.32140163 0.55723912 0.85260314 -0.33934009 0.67749625 0.82707822 0.33483851
0.49875125 0.50278258 0.03293046 0.62572968 0.50625288 0.32729933 0.54212922 0.54137343 0.02771681 0.69729447 0.54421479 0.53675401 0.5329681 0.5250541 0.10397016 0.65970063 0.52554286 0.75487673 0.63676697 0.63781679 -0.14672193 0.70685071 0.63294947 0.14642218 0.51590127 0.72174627 -0.23646089 0.61942762 0.7176494 0.31658402 0.55708224 0.85257441 -0.38484833 0.67728543 0.8270123 0.31878275
0.49877363 0.49819157 0.03934157 0.62118775 0.50076383 0.32762328 0.54705751 0.53647804 0.0239604 0.69728929 0.54491532 0.52230257 0.53767872 0.51981372 0.07358859 0.65801579 0.52290195 0.72667587 0.63139725 0.6365577 -0.14738338 0.70432037 0.62981182 0.14713064 0.51522928 0.72119427 -0.23233411 0.61999613 0.71557212 0.32346073 0.55733162 0.85257667 -0.37929115 0.6771487 0.82693464 0.3547456 
0.49887797 0.49227706 0.05660817 0.62166947 0.49621746 0.3811627 0.53728855 0.52464479 -0.02206354 0.69792652 0.54469848 0.58043987 0.51828825 0.50012755 -0.0438589 0.65226334 0.51356262 0.77301902 0.6278851 0.6340754 -0.14877033 0.704108 0.62756091 0.14855275 0.51391822 0.72053623 -0.24073833 0.6142295 0.71158141 0.35224137 0.55826628 0.85190088 -0.38821465 0.67521971 0.82620984 0.39547703
0.49775097 0.48651439 0.05666654 0.62122375 0.49098131 0.40399709 0.5331043 0.51976269 -0.04195302 0.69820279 0.54295826 0.60362583 0.50448793 0.49267107 -0.07684399 0.64802772 0.50758088 0.79292583 0.62312144 0.63019526 -0.15282804 0.70112842 0.62340277 0.15268683 0.51405096 0.72064537 -0.2394035 0.61605507 0.71276021 0.3528828 0.55901277 0.85169405 -0.37726742 0.6745941 0.82587224 0.39644322
0.4979997 0.4824425 0.05499963 0.62346447 0.48809871 0.37863955 0.53216279 0.51320636 0.03148459 0.70190459 0.53696787 0.57727891 0.50797111 0.49007353 0.11677555 0.64814883 0.50264448 0.79827076 0.6214627 0.62854981 -0.15060259 0.70055622 0.62180591 0.15048248 0.51410913 0.72266096 -0.2184092 0.61934298 0.71341854 0.32225713 0.56196588 0.85168451 -0.32148176 0.67469662 0.82556474 0.35007426
0.49623492 0.47784054 0.09640001 0.62292051 0.4815506 0.37725487 0.53249872 0.51273513 0.13759123 0.70191604 0.53038442 0.52158076 0.51132107 0.49147186 0.27051663 0.64854676 0.49790832 0.70669347 0.61901706 0.62561071 -0.14767125 0.69844705 0.61793929 0.14753929 0.51434124 0.72281724 -0.23325767 0.61996019 0.71106791 0.29953635 0.56511849 0.85172135 -0.38095003 0.67436659 0.82415098 0.2978678 
0.49649394 0.46829712 0.07174536 0.62071961 0.47463277 0.37284443 0.53685158 0.50865871 0.13510713 0.70193511 0.52619416 0.53587645 0.51192898 0.482658 0.21900709 0.64899892 0.49163911 0.73793876 0.6195966 0.61826557 -0.15200083 0.69711286 0.61249989 0.15182929 0.51514524 0.72098249 -0.25927597 0.62007278 0.7075265 0.31399208 0.56563532 0.85146755 -0.43705517 0.67385501 0.82283336 0.32483554
0.49774271 0.46304256 0.05733312 0.62085271 0.47057781 0.36563447 0.54037178 0.50544614 0.00866435 0.70169973 0.52229041 0.54526478 0.51411289 0.48680842 0.0216547 0.64917833 0.49237913 0.74991214 0.62042838 0.61267632 -0.15416884 0.69780153 0.60778207 0.15399946 0.51825863 0.71950305 -0.26151559 0.62188035 0.70709151 0.31522119 0.56540889 0.85133708 -0.44329041 0.6733861 0.82291657 0.30615526
0.50335687 0.45356911 0.04784471 0.61847043 0.46108809 0.38757789 0.56441814 0.49980408 -0.16911583 0.69215864 0.51515806 0.57513267 0.54411918 0.47671258 -0.35003123 0.64431673 0.48975983 0.78335679 0.62044466 0.60352731 -0.15686391 0.69654149 0.59999764 0.15684304 0.52305514 0.7157383 -0.2562266 0.62609756 0.70669025 0.297916 0.56527096 0.85119539 -0.41743976 0.6731174 0.82301438 0.28178748
0.5048762 0.44593632 0.06279071 0.62148446 0.45694315 0.38394943 0.56585157 0.4954541 -0.12451914 0.6931197 0.50822413 0.57252991 0.55588251 0.47809145 -0.28952396 0.65174818 0.48230591 0.77869874 0.6204024 0.59857535 -0.15653341 0.69711459 0.59441537 0.15650238 0.5361439 0.71477872 -0.22960781 0.63152939 0.70676219 0.2903685 0.56530792 0.8512041 -0.37994942 0.67323571 0.82301581 0.29265779
0.50988925 0.44000989 0.06180926 0.62741816 0.45080185 0.3776314 0.57790518 0.49094188 -0.12233127 0.69440514 0.50385356 0.57163423 0.55676448 0.47310466 -0.25145367 0.6603139 0.47435006 0.76719499 0.61877763 0.59332043 -0.15186074 0.6964156 0.58838052 0.15185544 0.55479121 0.71338367 -0.17689392 0.63675517 0.70531964 0.27490279 0.56697822 0.85120666 -0.31320056 0.67415965 0.82382393 0.27124867
0.51426536 0.43623909 0.05525404 0.63571113 0.44561571 0.37661728 0.58224595 0.48399448 -0.08639822 0.69452804 0.49911705 0.57108974 0.56382549 0.45676231 -0.13742608 0.65993917 0.46886081 0.76697093 0.61837274 0.59058285 -0.14437684 0.69635814 0.58444691 0.14434718 0.57062227 0.71350259 -0.16204418 0.6426785 0.7045089 0.2422033 0.56780851 0.85119027 -0.29201466 0.67541784 0.82398719 0.23181383
0.51778626 0.43151626 0.06434484 0.64109337 0.44425508 0.38176733 0.58289522 0.4760718 -0.0490586 0.69486594 0.49324524 0.56974584 0.55805385 0.4513393 -0.05773639 0.66412294 0.46860796 0.80025321 0.61792535 0.58770913 -0.13504469 0.69447327 0.58126801 0.13486256 0.58720297 0.71395248 -0.14892697 0.64878982 0.70502478 0.21608558 0.56838119 0.85118502 -0.27581614 0.68181902 0.82456172 0.19755344
0.5207181 0.43163222 0.07714996 0.64205331 0.44212511 0.31416181 0.58512217 0.47697908 0.11271954 0.7019102 0.49123108 0.47923601 0.56873268 0.45156398 0.26569891 0.67726487 0.46916005 0.72721267 0.61635673 0.59020156 -0.10842292 0.69293582 0.58374125 0.10799559 0.5946238 0.71707207 -0.08179563 0.65795642 0.7060281 0.20754659 0.56847155 0.85268688 -0.16260134 0.68355364 0.82587695 0.21441324
0.51980942 0.4302381 0.1227364 0.64105713 0.43945324 0.31091744 0.58078712 0.47792464 0.20330817 0.69994664 0.48943743 0.47916305 0.56369311 0.45276412 0.38795879 0.67746109 0.46852434 0.73330015 0.61318934 0.58749324 -0.09282042 0.68905538 0.58067715 0.09241788 0.5930599 0.71698201 -0.08900253 0.66192508 0.70603871 0.17729561 0.56882894 0.85344797 -0.19040954 0.68583733 0.826491 0.17502509
0.52091765 0.42938572 0.10910504 0.64831012 0.44238666 0.31321961 0.57878804 0.46977186 0.14954259 0.70270479 0.4906044 0.4921667 0.56187451 0.44517413 0.28920972 0.6754626 0.46985418 0.75809395 0.61201435 0.58881891 -0.09361538 0.68938327 0.5820955 0.09314211 0.59083402 0.71756822 -0.09730853 0.66426975 0.70644099 0.18897264 0.56889999 0.85475916 -0.20835426 0.68797821 0.82670367 0.18347743
0.52151108 0.42941821 0.09944627 0.64777851 0.44060427 0.31049499 0.57851613 0.47246069 0.09844249 0.70624238 0.4893494 0.47800049 0.56048441 0.44409329 0.18967344 0.67380261 0.46606615 0.73947442 0.61134642 0.58859456 -0.1023837 0.68979585 0.5819748 0.10195667 0.58949006 0.71877974 -0.09356729 0.66681856 0.7065652 0.20703998 0.56988949 0.85578555 -0.2076758 0.68956971 0.82669729 0.20935293
0.52370954 0.43040848 0.0784575 0.64661515 0.43914416 0.31982443 0.58660579 0.47257832 0.00196307 0.70575649 0.48866758 0.48506632 0.55845582 0.44168183 0.03107102 0.66478401 0.46345425 0.74116153 0.6117034 0.5871926 -0.10300819 0.69015115 0.58183771 0.10270704 0.58876109 0.718777 -0.09701164 0.6673997 0.70661223 0.21202707 0.5705927 0.85561502 -0.19610615 0.68919474 0.82671052 0.21954478
0.5276081 0.43278989 0.09424713 0.64753401 0.44139358 0.32363236 0.59342951 0.47561881 0.01285105 0.71203083 0.49122518 0.45975223 0.56367153 0.44789851 0.05983156 0.67444223 0.4718962 0.66592115 0.61244452 0.58832377 -0.10696294 0.69092929 0.58332098 0.1066234 0.58864093 0.71878546 -0.1005766 0.66798234 0.70706922 0.20588389 0.57057226 0.85553777 -0.2076306 0.69008189 0.82684457 0.20047325
0.53180254 0.43382925 0.0933137 0.6480518 0.44265273 0.32280183 0.59791487 0.4774003 0.03433238 0.7112959 0.492753 0.46531311 0.57098424 0.45005032 0.11745542 0.67352599 0.47219366 0.68823409 0.61413479 0.58825719 -0.10813922 0.69366598 0.58392495 0.10774516 0.59292167 0.71878362 -0.09703622 0.67006385 0.70749134 0.20539951 0.5702318 0.85609794 -0.20844091 0.68994033 0.82693404 0.20090814
0.53058493 0.43467858 0.10876793 0.64946884 0.44345918 0.30785346 0.59688449 0.47842064 0.13439083 0.718041 0.49364361 0.41725677 0.58729416 0.45114753 0.30320257 0.67791355 0.47263077 0.60390145 0.61501122 0.5884729 -0.09739891 0.69652015 0.58409351 0.09694392 0.5955705 0.71916032 -0.07637957 0.67301095 0.70833874 0.18067764 0.57018614 0.85607928 -0.18849976 0.68983406 0.82697445 0.16240977
0.52996987 0.43519133 0.11043646 0.64896572 0.44358581 0.31185073 0.59825927 0.47871405 0.15352646 0.72068292 0.49377728 0.43952578 0.58720344 0.4508315 0.33063698 0.67958951 0.4716619 0.64449781 0.61554748 0.58878917 -0.10046638 0.69804376 0.58427751 0.10003215 0.59750056 0.71986949 -0.08879504 0.67515785 0.7090472 0.18389323 0.57014871 0.85625321 -0.20081675 0.68988842 0.82722402 0.1674756 
0.52949786 0.43512201 0.11090263 0.6488058 0.44352636 0.31312704 0.59828705 0.47875169 0.11828089 0.72071463 0.4940019 0.43502757 0.59070724 0.4518216 0.2414977 0.67923665 0.47289145 0.63807362 0.61693221 0.58863413 -0.10167808 0.69951916 0.58415776 0.101243 0.59746718 0.72024715 -0.08798265 0.67678362 0.70927501 0.18820155 0.57009131 0.85632521 -0.19742414 0.68975353 0.82726002 0.17904282
0.52948487 0.43465838 0.10770359 0.64847177 0.44341984 0.31362981 0.59767306 0.47826073 0.09414088 0.7173025 0.49247643 0.44559059 0.5834921 0.44552478 0.1961351 0.67493516 0.47209004 0.65245652 0.61812723 0.58840603 -0.10228897 0.70061558 0.58405393 0.10182155 0.59764361 0.72076422 -0.08439889 0.67787427 0.70950502 0.18944705 0.57011646 0.85640252 -0.19338985 0.68966389 0.82727796 0.18480998
0.52924585 0.43450201 0.10695793 0.64831346 0.4431091 0.30793354 0.59712547 0.47493011 0.09803508 0.71418965 0.4913069 0.446895 0.57686257 0.44334844 0.2155524 0.67262274 0.47130898 0.65518248 0.61855197 0.58844525 -0.09994376 0.70135885 0.58402514 0.09942582 0.598014 0.72138077 -0.07950239 0.67891014 0.70976788 0.19053181 0.57010204 0.85650849 -0.18702151 0.68961143 0.82728541 0.1869186 
0.52909005 0.43421024 0.109985 0.64920431 0.44316319 0.30901772 0.59664345 0.47350249 0.09564352 0.71462071 0.49094772 0.43088266 0.57209879 0.44229788 0.20686115 0.67149973 0.47076312 0.63072371 0.61855531 0.58774 -0.09748033 0.70143402 0.58358669 0.09695516 0.59778583 0.72140229 -0.07847564 0.67961383 0.70980942 0.18714765 0.57007819 0.85666519 -0.1901895 0.68958396 0.82734275 0.18488367
0.52896774 0.43356618 0.13042933 0.64938736 0.44309741 0.30139059 0.59638274 0.47415069 0.16772085 0.71576345 0.49117601 0.41479766 0.58668929 0.4460088 0.3263953 0.67739135 0.47101539 0.60803622 0.6183508 0.58689171 -0.09145219 0.70141357 0.58248889 0.09095249 0.59770483 0.72138536 -0.08047496 0.67991382 0.70978326 0.17566636 0.57006377 0.85691065 -0.19330487 0.68973035 0.82735389 0.16784185
0.5288775 0.43360674 0.13963258 0.64934659 0.4431501 0.30204198 0.5964452 0.47457886 0.16605411 0.71635175 0.49127752 0.40524516 0.59683174 0.4539521 0.30863211 0.6795029 0.47172156 0.58395725 0.6181258 0.5865252 -0.08747169 0.70142424 0.58171564 0.08699857 0.59794492 0.72122562 -0.08040804 0.67980045 0.7097103 0.16930385 0.56983203 0.85710013 -0.19405797 0.68971932 0.82734752 0.15884313
