0.34587541 0.2305648 -0.12820259 0.30092123 0.25433573 0.27019116 0.38826832 0.26099202 -0.27094555 0.34377038 0.31285706 0.49324256 0.36776334 0.25732827 -0.34810704 0.33293977 0.32016781 0.54971594 0.42230257 0.41930553 -0.1469408 0.39075747 0.42627659 0.14726262 0.4304916 0.54671127 -0.22481866 0.38508707 0.54792809 0.12051896 0.43645072 0.6879769 -0.29874331 0.39352867 0.69159043 0.04307995
0.33404681 0.23180324 -0.13151555 0.27828893 0.25669491 0.19302435 0.43681404 0.26949733 -0.35157707 0.33041501 0.33227473 0.34483466 0.3818253 0.27804175 -0.42277148 0.31716919 0.36285222 0.21043941 0.41020131 0.41386688 -0.14548801 0.38643959 0.42041013 0.1458945 0.41483477 0.53779674 -0.1671692 0.38222536 0.54976362 0.10924429 0.4269906 0.67567581 -0.17293255 0.39684799 0.67387867 0.07600878
0.34258771 0.22819622 -0.15133032 0.29778466 0.25538537 0.17603411 0.46573612 0.26987782 -0.36731368 0.31561264 0.33123112 0.30103382 0.38558689 0.26703054 -0.46039563 0.29532635 0.33886856 0.19767673 0.41766632 0.41295165 -0.15258542 0.38695008 0.42024553 0.15302268 0.41394761 0.5446164 -0.17480962 0.38245273 0.55107218 0.13793942 0.40909058 0.68621677 -0.17955703 0.40410241 0.67180926 0.12269698
0.33690247 0.22652699 -0.1589154 0.29326385 0.25449741 0.17631762 0.44422272 0.27896541 -0.30339712 0.32436717 0.33172333 0.28457263 0.39022151 0.29474127 -0.33162904 0.32925722 0.35502946 0.19796875 0.4102031 0.41188794 -0.15230806 0.38505825 0.41804048 0.15265584 0.39949629 0.54111665 -0.1784794 0.39163151 0.54680747 0.13688348 0.40205193 0.68546867 -0.19621396 0.39325222 0.67127877 0.10166728
0.33817312 0.22539066 -0.16013864 0.28423738 0.25567129 0.17654291 0.43950248 0.27483454 -0.2929385 0.31297496 0.33526498 0.25902021 0.39322799 0.2822811 -0.33720866 0.31718764 0.36292785 0.16123416 0.4225105 0.4032025 -0.14326517 0.37395722 0.41522217 0.14358394 0.42648199 0.53146076 -0.1833847 0.37022957 0.54493499 0.09708563 0.43961832 0.6701346 -0.19749855 0.37552157 0.67121255 0.05592803
0.34200567 0.22959037 -0.16641887 0.27668062 0.25707763 0.165078 0.44161925 0.2765812 -0.35490686 0.29587597 0.33816832 0.2612212 0.38146806 0.28311744 -0.4476642 0.2915808 0.35263374 0.18546087 0.41545004 0.41126835 -0.14338854 0.37196538 0.41924158 0.14366531 0.41478381 0.529791 -0.28260469 0.36958915 0.54560667 0.08976932 0.43856734 0.67345726 -0.29345015 0.39317289 0.67430013 0.01409113
0.34766173 0.2320998 -0.17689775 0.2751188 0.26341307 0.16214815 0.44960117 0.28692251 -0.42820483 0.28924561 0.35094118 0.2385416 0.36439779 0.26562417 -0.54590553 0.29467919 0.38013598 0.13059051 0.42833906 0.41616052 -0.13633297 0.36646149 0.42301401 0.1366269 0.42774758 0.5333851 -0.28858268 0.36027375 0.54650104 0.02994558 0.44889691 0.67013133 -0.29433024 0.37792203 0.67476583 -0.04946471
0.34918121 0.23336004 -0.17953703 0.27288803 0.26548162 0.15880135 0.43543965 0.28721014 -0.39893261 0.29587942 0.35034105 0.21964361 0.32867813 0.25511882 -0.49216607 0.30244729 0.38037208 0.1078432 0.42362565 0.41705218 -0.13369131 0.36298692 0.42428854 0.13390349 0.4232201 0.53381157 -0.29238126 0.34989306 0.54393172 0.08615632 0.45271948 0.6693247 -0.34428689 0.3587054 0.6653825 0.04216887
0.3519105 0.2349506 -0.20839158 0.2710861 0.27099892 0.16133304 0.45220751 0.2902177 -0.40516794 0.29827258 0.35526785 0.25399178 0.422418 0.2997098 -0.54742914 0.30626565 0.39490223 0.18441741 0.43015727 0.41851535 -0.13591965 0.36961222 0.42647514 0.13616791 0.4269895 0.53352386 -0.30080083 0.35314801 0.54552197 0.08628315 0.45544702 0.66856879 -0.33781797 0.37198201 0.66706496 0.04039535
0.35009891 0.24160123 -0.21818599 0.27138239 0.27625382 0.15742518 0.44804806 0.29670027 -0.4210692 0.30641255 0.36277312 0.24231678 0.41386899 0.29866564 -0.54526889 0.31939751 0.40891817 0.15457362 0.42963168 0.4204106 -0.13605379 0.36923352 0.43399507 0.13624738 0.42193606 0.53582495 -0.31555909 0.35779095 0.54874593 0.04639935 0.45711994 0.66809857 -0.33695731 0.37120995 0.66795784 -0.02872558
0.34872395 0.25335246 -0.23082632 0.26816982 0.28414625 0.1504696 0.4529497 0.30363944 -0.40293217 0.29893273 0.3631635 0.27972075 0.44120911 0.31822455 -0.53441727 0.31024569 0.4080677 0.23295416 0.4284265 0.42417035 -0.13630106 0.36535996 0.43811491 0.13651416 0.42073265 0.53801388 -0.30043954 0.34883606 0.55095732 0.05746535 0.45770544 0.66826499 -0.31736603 0.36723089 0.66697282 0.0250009 
0.34989291 0.25930509 -0.2253135 0.26724714 0.2902258 0.1799386 0.46155772 0.31035334 -0.43158624 0.30306023 0.37707523 0.29265955 0.45315987 0.30758581 -0.61432719 0.30824411 0.41716576 0.19332054 0.43049189 0.4273566 -0.14314589 0.36698619 0.441008 0.14333768 0.42029351 0.53914732 -0.34496909 0.34596178 0.55730575 -0.01203845 0.45852807 0.66879219 -0.32127792 0.37253749 0.69675833 -0.05233959
3.49090934e-01 2.68728226e-01 -3.03108245e-01 2.72037417e-01 2.92756110e-01 1.37009114e-01 4.57255065e-01 3.20670187e-01 -4.78083849e-01 3.05020928e-01 3.68847013e-01 2.86232710e-01 4.39457983e-01 3.26861352e-01 -6.20139778e-01 3.04364800e-01 4.02214825e-01 1.95710376e-01 4.32652026e-01 4.33577269e-01 -1.52628765e-01 3.71172816e-01 4.42681402e-01 1.52763933e-01 4.12540197e-01 5.41627884e-01 -3.26041698e-01 3.49076897e-01 5.58674157e-01 1.54669899e-02 4.58910614e-01 6.68434083e-01 -2.80568123e-01 3.73905182e-01 6.96545362e-01 -3.95027368e-04
0.34624445 0.27581707 -0.35514942 0.27490819 0.29809517 0.08438632 0.45681494 0.33093271 -0.47184744 0.30873811 0.37260532 0.20176095 0.41464406 0.35267943 -0.55386817 0.30649313 0.39721128 0.09128038 0.43621004 0.43932325 -0.15852778 0.37575701 0.44583356 0.15851349 0.41360226 0.54368234 -0.34690481 0.35021669 0.55825275 0.00241798 0.46012974 0.66951448 -0.31589538 0.37585431 0.69308376 -0.00628144
0.34705326 0.28208831 -0.391451 0.27522719 0.3039459 0.0701617 0.45565364 0.33930567 -0.5068143 0.31074271 0.38061625 0.21970166 0.41600013 0.37458092 -0.57793546 0.3087509 0.41770226 0.13530771 0.43876675 0.44230562 -0.1602862 0.37804019 0.44727504 0.16026972 0.41265917 0.54772604 -0.35585386 0.35018411 0.55803812 0.00618392 0.46022245 0.66954774 -0.32637131 0.37314701 0.69235343 0.00967192
0.34764817 0.28769985 -0.41565126 0.27419132 0.30642942 0.05800793 0.45479369 0.37016875 -0.46915507 0.31399414 0.38287795 0.2543537 0.42605871 0.4331404 -0.44365886 0.30429813 0.42833528 0.26559168 0.44119868 0.44409692 -0.15261473 0.37497082 0.44758463 0.15256633 0.41471097 0.54822689 -0.37951937 0.33878717 0.55498356 -0.07070413 0.46339959 0.6697579 -0.35430473 0.37175822 0.68810266 -0.05708621
0.34782004 0.29332596 -0.4791756 0.27499276 0.30899727 0.00367048 0.45715925 0.38086766 -0.49569577 0.32181105 0.3846927 0.21347776 0.42801422 0.43297097 -0.4437291 0.30596346 0.42740411 0.22446564 0.45150208 0.44399297 -0.15260854 0.37570328 0.44705507 0.15258737 0.4159615 0.54817259 -0.40767118 0.32678592 0.54736656 -0.05327122 0.46475622 0.66930908 -0.35996711 0.37019917 0.67151248 0.02222857
0.35282388 0.30009171 -0.51028347 0.26691917 0.3148652 -0.02891066 0.45904523 0.3944059 -0.51947302 0.32210571 0.3934328 0.18803214 0.42348814 0.44880894 -0.45127964 0.29660949 0.43421745 0.18482164 0.45598575 0.44428664 -0.15255125 0.37266713 0.44715723 0.15254296 0.41206223 0.54746842 -0.44358796 0.31774184 0.54026991 -0.14030536 0.46490607 0.66801792 -0.35680249 0.3583217 0.65981692 -0.0022483 
0.35559079 0.30583128 -0.44430616 0.26696953 0.32034194 -0.00638744 0.4671036 0.37079313 -0.60055465 0.32629016 0.401555 0.19618167 0.43995437 0.42093694 -0.74874002 0.30332038 0.44540867 0.18484965 0.46038178 0.44869655 -0.15296383 0.37348235 0.4523797 0.15298261 0.41128382 0.54774678 -0.50914383 0.31781164 0.54002404 -0.11400506 0.46523622 0.66841799 -0.45229673 0.35870731 0.66042578 0.13574828
0.35661486 0.30959284 -0.41692638 0.26703826 0.32743415 0.01909397 0.46809682 0.36767519 -0.58370489 0.34094626 0.40982559 0.20358102 0.45058769 0.40007231 -0.75084227 0.33598235 0.45672473 0.17046914 0.46355274 0.4509269 -0.15288514 0.37386432 0.45631987 0.15291896 0.40791801 0.54719812 -0.61807913 0.31526944 0.53725117 -0.19163442 0.46545625 0.66872418 -0.54301465 0.35854799 0.65981805 -0.0763877 
0.35681713 0.3139323 -0.43292585 0.26366699 0.3331826 0.02888625 0.46656969 0.3779344 -0.54404604 0.33971825 0.41546249 0.20481457 0.43731371 0.43926397 -0.71014512 0.33544892 0.46091366 0.15105635 0.46284679 0.45401961 -0.1528488 0.37234947 0.45967868 0.15288481 0.39864105 0.54415727 -0.66801208 0.30784789 0.5341534 -0.23753335 0.46491268 0.6689468 -0.5844624 0.35195288 0.66250205 -0.16511528
0.3564207 0.31979564 -0.43171325 0.26441926 0.33493605 0.03306261 0.46351379 0.39806145 -0.53099 0.33936071 0.41545421 0.20635276 0.42899689 0.4479306 -0.60206747 0.33336389 0.46939293 0.15202165 0.46193233 0.45602807 -0.1511967 0.37118775 0.45995906 0.15120901 0.39796871 0.54426229 -0.61518037 0.30644256 0.53488648 -0.21879983 0.4644556 0.66899407 -0.54338861 0.35313451 0.6636169 -0.16484344
0.35577768 0.32394204 -0.42880484 0.26060984 0.34392741 0.04112465 0.46090981 0.39755905 -0.52543616 0.33043528 0.42708752 0.19948606 0.42725837 0.43546304 -0.59841788 0.33294222 0.47818711 0.14115348 0.45773005 0.46118411 -0.15117924 0.36189771 0.46839285 0.15119289 0.38980314 0.54277962 -0.73784113 0.31029278 0.54269725 -0.20564601 0.46442091 0.66910964 -0.66779351 0.34065175 0.70267999 -0.23096335
0.35249519 0.32700527 -0.41681644 0.26203564 0.34509459 0.07841913 0.46074671 0.38935935 -0.64073539 0.32890472 0.42611459 0.243642 0.41380474 0.40625337 -0.86808985 0.33542618 0.47113541 0.16485137 0.46147287 0.46148396 -0.15636492 0.3637529 0.46793681 0.15651871 0.39296073 0.5435589 -0.71414781 0.30701786 0.54272884 -0.31770298 0.46445274 0.66944373 -0.68632823 0.32878542 0.71239841 -0.41060004
0.35243714 0.3341555 -0.3990894 0.26037261 0.35473591 0.08912694 0.45777532 0.41363743 -0.58845425 0.32291859 0.43766719 0.23597515 0.39000073 0.44786498 -0.70527792 0.33394814 0.48428434 0.13905683 0.46175259 0.46388137 -0.15707466 0.36463493 0.47376835 0.15716203 0.39170054 0.54620534 -0.7432211 0.30751121 0.57066464 -0.26530102 0.4648996 0.67011571 -0.68003619 0.33005151 0.71895736 -0.33602455
0.35308436 0.33842337 -0.38969094 0.2598767 0.3623659 0.09167829 0.45656055 0.40269545 -0.56090337 0.3185243 0.44015667 0.25816941 0.39774475 0.46079105 -0.66977757 0.32898331 0.48193577 0.20647171 0.46146548 0.46750578 -0.15177117 0.36438808 0.47864494 0.15186612 0.39101201 0.54818237 -0.74767154 0.30804461 0.56333899 -0.33737755 0.46506116 0.67094159 -0.68583357 0.33398813 0.71109962 -0.39354491
0.35741973 0.34322819 -0.32675296 0.26033226 0.36927471 0.15084618 0.46097702 0.40044633 -0.52307421 0.32158321 0.4591856 0.24631825 0.42551807 0.45683411 -0.65988779 0.35296503 0.51176816 0.06671558 0.4627623 0.47305268 -0.15272525 0.36668473 0.48802051 0.15277505 0.38631147 0.54808784 -0.78208882 0.30815968 0.58061779 -0.32887626 0.46517691 0.67129898 -0.70405805 0.33550492 0.74581009 -0.46382487
0.3576763 0.34632888 -0.34491456 0.25901937 0.3768152 0.13049002 0.46107137 0.39770481 -0.62503302 0.3072806 0.44780847 0.20680819 0.4252117 0.40342122 -0.90262777 0.31311882 0.49259886 0.0285593 0.46510983 0.47646344 -0.15254372 0.36742046 0.48979047 0.15261613 0.38585457 0.5483979 -0.78775483 0.30825308 0.57205528 -0.37906012 0.46488947 0.67111975 -0.71155334 0.33142021 0.72654259 -0.44217625
0.35663301 0.35169107 -0.37550235 0.25758284 0.37674379 0.07234742 0.461321 0.40015376 -0.69609267 0.30056298 0.44276255 0.26069751 0.42293847 0.40251714 -1.03170037 0.28806069 0.4860048 0.20698941 0.46808216 0.48026004 -0.15415767 0.3726882 0.49014276 0.15440451 0.38340348 0.549721 -0.81869411 0.30488318 0.5631907 -0.30955553 0.464867 0.67108601 -0.7383821 0.33522794 0.66726965 -0.23961043
0.3471846 0.35700864 -0.31835073 0.25800008 0.38243291 0.15234032 0.42880791 0.41862816 -0.55711603 0.30050418 0.45086029 0.26110068 0.36016732 0.43457931 -0.73668927 0.29713774 0.49877387 0.14894973 0.46618226 0.4847455 -0.15884443 0.37241864 0.49453017 0.15905711 0.37798664 0.54962033 -0.78925329 0.31508911 0.56781685 -0.15336005 0.46240968 0.67006236 -0.74321741 0.33666 0.66876698 -0.12738132
0.34737 0.36098462 -0.32008782 0.25827602 0.38447791 0.16505353 0.41116089 0.42001042 -0.59205818 0.29774573 0.44566461 0.28720737 0.32110927 0.43425748 -0.81288594 0.28705266 0.49295631 0.16595651 0.46369553 0.48836747 -0.16660568 0.37562811 0.5047093 0.16679698 0.37624735 0.54992896 -0.79825675 0.3107692 0.56654495 -0.19920689 0.46344531 0.67001247 -0.79067153 0.35031077 0.67478335 -0.13600817
0.34749264 0.36631233 -0.40779459 0.25833645 0.38743982 0.08740852 0.42276704 0.41863915 -0.72659904 0.29609373 0.44800538 0.22307235 0.34338397 0.43390876 -0.99501526 0.29132807 0.48996297 0.10902727 0.47660014 0.48872408 -0.1691594 0.38845053 0.49763003 0.16946012 0.37789726 0.5535661 -0.80045527 0.310119 0.56624585 -0.20746833 0.46411473 0.66998214 -0.73427385 0.3499583 0.66720295 -0.1483033 
0.34762907 0.37318432 -0.35035977 0.25588959 0.39206499 0.09611502 0.44295135 0.43561012 -0.60769129 0.29627872 0.45908275 0.24224161 0.3602303 0.45349124 -0.89208049 0.30205312 0.49039671 0.13262245 0.47987422 0.49028102 -0.16847642 0.38648802 0.49621767 0.16897024 0.38019007 0.55333555 -0.79704463 0.28889772 0.54774326 -0.20812452 0.46414039 0.66958302 -0.75950044 0.34781101 0.65289289 -0.12160596
0.348005 0.37775785 -0.37721097 0.25608277 0.39646721 0.08362845 0.44527209 0.43406257 -0.67138445 0.29840368 0.45699754 0.27828905 0.36085579 0.4436408 -0.9460277 0.29527903 0.48806232 0.25250021 0.48246557 0.49263954 -0.16872247 0.39414382 0.50544286 0.16918035 0.38098094 0.55580747 -0.78198624 0.28611875 0.54845291 -0.10561465 0.46408901 0.67002869 -0.79106581 0.34772742 0.65101224 0.01789855
0.3476491 0.38305795 -0.37671623 0.25634539 0.40081316 0.08003865 0.43636298 0.44192556 -0.64815909 0.29991564 0.459741 0.27649504 0.3388733 0.43953723 -0.88272506 0.29656956 0.48780206 0.20975153 0.48911828 0.49439463 -0.16780685 0.40227968 0.50750917 0.16821469 0.38152266 0.55888397 -0.77480268 0.28722122 0.54982919 -0.09323817 0.46453601 0.67044246 -0.77352917 0.33931005 0.65184385 0.03847823
0.34771454 0.38662091 -0.36019579 0.25906891 0.40426311 0.12847082 0.41959971 0.46780583 -0.43286759 0.30941784 0.4642795 0.26873913 0.33713776 0.49637297 -0.41762644 0.31818917 0.49598292 0.19329002 0.494645 0.49564075 -0.16757146 0.41090795 0.50825816 0.16786119 0.37749752 0.56149638 -0.68415338 0.27376738 0.54895586 -0.04778015 0.46458235 0.67028737 -0.58117533 0.33744422 0.648076 0.11378966
0.34257558 0.39207658 -0.34836218 0.25844589 0.40730032 0.15560092 0.42035508 0.46162906 -0.49998707 0.32948092 0.46354213 0.3097063 0.35835743 0.49336937 -0.58016855 0.36776653 0.50389487 0.2821641 0.4954496 0.49884394 -0.16979057 0.4091979 0.50503755 0.1699401 0.37825856 0.56540483 -0.68104792 0.28253171 0.56283337 -0.11716686 0.46541241 0.67028928 -0.62272483 0.33788711 0.66162342 -0.11714269
0.34288222 0.40244639 -0.39087486 0.26219788 0.41245613 0.14593972 0.39954674 0.48365685 -0.46437433 0.3331981 0.46921459 0.30450755 0.34363255 0.52586263 -0.38290396 0.37271479 0.5087955 0.26539406 0.50245202 0.50429171 -0.17535682 0.42159009 0.51479757 0.17537524 0.37548146 0.56431514 -0.68993831 0.28647387 0.56934243 -0.13625096 0.46504197 0.67030323 -0.55049413 0.33813015 0.66690511 -0.05757792
0.3417443 0.41139519 -0.5249396 0.26367852 0.41403756 0.01820949 0.39408517 0.49817461 -0.50931925 0.33117667 0.47068039 0.19384494 0.3394264 0.5495587 -0.36782774 0.37088072 0.51346034 0.19720745 0.50073266 0.50849402 -0.1743149 0.41659525 0.51077831 0.17414927 0.37589845 0.56758595 -0.64633626 0.27476549 0.56761944 -0.07817011 0.46389255 0.67078072 -0.46806452 0.33834901 0.66571254 0.10866112
0.34062842 0.41394359 -0.52384716 0.26475334 0.41968623 0.03507135 0.37644431 0.51451707 -0.52154648 0.33618838 0.48194119 0.16566207 0.330672 0.58201993 -0.4091382 0.36989585 0.53397053 0.10903736 0.50014287 0.51322025 -0.1725539 0.41637117 0.51022714 0.17223813 0.36797395 0.56601262 -0.62871665 0.26356265 0.55759758 0.00360513 0.46381846 0.67086232 -0.46739143 0.33746156 0.65652698 0.19517951
0.34049469 0.41585425 -0.49056867 0.26586452 0.42771611 0.0439407 0.37371403 0.51615036 -0.50055325 0.33983094 0.49303663 0.15134241 0.3313019 0.58951288 -0.36399215 0.37839597 0.54124391 0.08161777 0.50204057 0.5171774 -0.1678842 0.4240551 0.52245945 0.16752474 0.36489797 0.56589085 -0.62442797 0.26828563 0.55771351 0.0346269 0.46355844 0.67111617 -0.50867736 0.33748996 0.65461558 0.18909666
0.34057295 0.4202615 -0.46527642 0.2693359 0.43288907 0.05712914 0.38437483 0.51730955 -0.46648487 0.33999982 0.49331644 0.22007641 0.3274425 0.57740605 -0.30918214 0.36912641 0.53350741 0.22962502 0.50616091 0.51885706 -0.16776066 0.42336759 0.51797509 0.16738403 0.36238185 0.55948275 -0.60273015 0.26233461 0.55670476 -0.00436891 0.46229494 0.67138058 -0.50163347 0.33637774 0.65484929 0.10054779
0.34084818 0.42350101 -0.45696756 0.26907316 0.4369275 0.06107383 0.38878495 0.51549399 -0.46360236 0.3395859 0.49278113 0.19889854 0.3288134 0.56885022 -0.34163198 0.36888683 0.52856845 0.12797152 0.50445521 0.52066588 -0.16763243 0.42451352 0.52826923 0.16723564 0.36324805 0.55890071 -0.62882292 0.25841901 0.55642855 -0.02295313 0.46187958 0.67134011 -0.53262746 0.33653975 0.65551823 0.09647553
0.33897972 0.43498239 -0.45166409 0.27010852 0.44347009 0.09453409 0.38690373 0.52666122 -0.4791258 0.34616974 0.49990815 0.20804222 0.32169455 0.58367342 -0.3751505 0.37417966 0.53340161 0.13802347 0.5043177 0.52850223 -0.17061889 0.42727152 0.53031504 0.17032827 0.34991375 0.55352056 -0.64093512 0.25315356 0.55658311 -0.01397456 0.459351 0.67098886 -0.58343995 0.33682901 0.65599048 0.08655433
0.33876383 0.44127619 -0.45153287 0.27028987 0.45096895 0.09309026 0.38850325 0.52897578 -0.48816755 0.34371799 0.51104277 0.21035461 0.31498057 0.58824199 -0.39690953 0.36903217 0.5532946 0.12658231 0.50350463 0.53527969 -0.17119394 0.43315369 0.54556215 0.17094117 0.34075823 0.55332345 -0.62414306 0.25498798 0.55840397 0.00817947 0.45904678 0.67090702 -0.55185997 0.35566661 0.65929449 0.1093616 
0.33265418 0.44803378 -0.57853419 0.27063411 0.45265767 -0.02499071 0.37036097 0.55285484 -0.62289208 0.34315825 0.52032632 0.08129396 0.31822842 0.62196696 -0.50277108 0.36645186 0.58487332 0.0244093 0.50296575 0.53863269 -0.16885534 0.43026814 0.53868657 0.16862506 0.34482861 0.55326176 -0.6335988 0.24506429 0.55737728 0.01943825 0.4572781 0.67007989 -0.54320437 0.3601639 0.6526987 0.18073271
0.33249205 0.4518266 -0.60469747 0.27158496 0.45828298 -0.046714 0.37421614 0.55182451 -0.65828997 0.34633711 0.52370852 0.07656311 0.30959466 0.6315617 -0.56206214 0.36595488 0.57990539 0.03181955 0.50189972 0.54267722 -0.16878632 0.43235123 0.54796791 0.16857663 0.34481671 0.55079758 -0.61774731 0.24492699 0.55728692 0.0623384 0.45510167 0.6684258 -0.48483598 0.35869914 0.65182966 0.25764436
0.32974777 0.45313007 -0.61150742 0.27137414 0.4614172 -0.06492446 0.36082175 0.56252593 -0.661084 0.33892903 0.53484541 0.0216424 0.31390494 0.6413883 -0.57605475 0.34434372 0.60692471 -0.04789656 0.50119352 0.54361898 -0.16549185 0.43122536 0.54249877 0.16523533 0.34721351 0.55106103 -0.57439685 0.24508865 0.56170392 0.0840361 0.45532751 0.66843563 -0.44648749 0.36093158 0.65747738 0.27910808
0.32386658 0.45893946 -0.63469422 0.27047163 0.46313894 -0.07379051 0.3553949 0.56733519 -0.68829995 0.33720377 0.54168832 0.00957961 0.31636843 0.65048134 -0.61662412 0.33904812 0.61980563 -0.06595095 0.49895781 0.54880172 -0.16511853 0.43029591 0.55322838 0.16485482 0.34897199 0.55955768 -0.5359 0.26572117 0.57001513 0.16218023 0.45537445 0.6685791 -0.39557123 0.36885649 0.67140174 0.40607914
0.32339978 0.46174371 -0.64894378 0.26684928 0.46769831 -0.08386637 0.35803264 0.57032186 -0.71656144 0.33459198 0.55006313 0.00222736 0.31716254 0.64663202 -0.65924102 0.33002234 0.62631756 -0.08533745 0.49861056 0.55414414 -0.16466908 0.42714366 0.55074745 0.1644101 0.34961325 0.5612253 -0.57509017 0.25569534 0.56788868 0.15159497 0.45641407 0.66883451 -0.4355309 0.36882639 0.66858846 0.4111208 
0.31914833 0.46048623 -0.56811821 0.2651166 0.47004968 0.01252352 0.35747513 0.56332242 -0.63025969 0.33628654 0.54100031 0.07692572 0.31790665 0.6434201 -0.5434078 0.33144492 0.61225444 -0.02827607 0.49658066 0.55197507 -0.16490273 0.42818406 0.55979818 0.1646561 0.3499997 0.56194222 -0.58777505 0.26556095 0.57046133 0.11399683 0.45643285 0.6692282 -0.460978 0.3760868 0.67104328 0.29780775
0.31884739 0.46612057 -0.62537313 0.2648609 0.46962643 -0.03312298 0.35612497 0.56855875 -0.69142085 0.32908574 0.54761791 0.05281575 0.31836337 0.64650434 -0.62868118 0.33053648 0.63272959 -0.02914609 0.4958868 0.55543751 -0.16619539 0.42789096 0.55405182 0.16597633 0.35176677 0.56415933 -0.59322083 0.26684174 0.5719499 0.19683993 0.45726305 0.67052585 -0.45281684 0.37212831 0.66838843 0.47349241
0.31680864 0.46818426 -0.59805137 0.26488337 0.46890938 -0.01480904 0.35421756 0.56779152 -0.66073424 0.31709954 0.54103476 0.08428527 0.31948847 0.65182024 -0.60993171 0.30467188 0.61355609 0.03059991 0.48552364 0.55572528 -0.16717026 0.42511588 0.55117607 0.16697736 0.34802756 0.56682742 -0.55287051 0.25418934 0.57084715 0.18100138 0.4573116 0.67133355 -0.41956002 0.36461756 0.66403002 0.39826789
0.31800503 0.46932247 -0.60108966 0.26483095 0.46927735 -0.02252338 0.35562733 0.5666756 -0.64990836 0.31913677 0.54007035 0.05486231 0.32159927 0.64556223 -0.55534744 0.30579454 0.60989815 -0.02313005 0.48636109 0.55608827 -0.16733542 0.42384139 0.55018151 0.16716655 0.36007923 0.57282966 -0.63208914 0.26143086 0.57001197 0.26062918 0.45873997 0.67172247 -0.56949973 0.34960991 0.66092759 0.51267093
0.31882733 0.46779621 -0.58757371 0.26442093 0.46846429 -0.02042384 0.35556483 0.56508178 -0.61971837 0.32095817 0.5377661 0.05673201 0.32404053 0.64367008 -0.50591928 0.3081823 0.60953832 -0.01089558 0.48697752 0.55588329 -0.16273591 0.4212369 0.54986542 0.16264415 0.36515456 0.57275331 -0.67746586 0.25684544 0.56739908 0.22209224 0.46005651 0.67200565 -0.61956543 0.33559787 0.66102862 0.45008844
0.31923842 0.46584845 -0.53163034 0.26424745 0.4670684 0.00616508 0.35562322 0.56280452 -0.60290581 0.25405803 0.49578139 0.25363645 0.32119086 0.63979083 -0.51688457 0.20828599 0.50927734 0.37813184 0.48744908 0.55484766 -0.16271579 0.42063785 0.54926133 0.16269098 0.35871956 0.57510066 -0.62462938 0.24782275 0.56092536 0.06683031 0.46007988 0.67206585 -0.48948562 0.33856294 0.65891111 0.27397513
0.31921679 0.46767911 -0.59070843 0.26199442 0.46677223 -0.00726229 0.35578474 0.56324667 -0.64450699 0.2795788 0.50250429 0.12464197 0.32117715 0.64235628 -0.52656209 0.26139817 0.53851968 0.11199947 0.48787525 0.55383611 -0.16335738 0.42066389 0.54696345 0.16334042 0.37346774 0.5738461 -0.60952097 0.24846502 0.56054914 0.11604651 0.46017396 0.67206115 -0.48979148 0.34090269 0.65920615 0.34279847
0.31726375 0.45990625 -0.48578462 0.26206034 0.46668062 0.1168192 0.34702423 0.55716854 -0.55330831 0.2887105 0.50918144 0.22553071 0.32041064 0.6416139 -0.43951371 0.28133419 0.54992145 0.20343056 0.49356773 0.55257505 -0.16595258 0.42678237 0.54775429 0.1660251 0.38412622 0.56924939 -0.71720749 0.30887532 0.59251326 0.07984266 0.46060815 0.67194426 -0.63373739 0.34957868 0.68774045 0.23132451
0.31961572 0.46523577 -0.58762366 0.25898123 0.45510587 -0.01711102 0.34851974 0.55887491 -0.65354973 0.27561712 0.48682263 0.20226175 0.32045719 0.64662713 -0.54041463 0.23646323 0.50162804 0.3286759 0.50037158 0.54912549 -0.16595246 0.42606071 0.54466081 0.16602591 0.38346291 0.56128776 -0.68661886 0.29274321 0.57464707 0.0836188 0.46051767 0.67153525 -0.57502079 0.34934807 0.68019122 0.30993411
0.3197256 0.45874536 -0.58330828 0.25921839 0.455394 -0.00269992 0.35006195 0.54813313 -0.64325434 0.30936888 0.50314432 0.11573146 0.32026488 0.64183086 -0.52022809 0.32694361 0.56318688 0.05842049 0.50468427 0.54428023 -0.17291342 0.43145114 0.54788291 0.17285785 0.38121021 0.55588472 -0.68182796 0.29055965 0.57186043 0.18069296 0.45922276 0.67125821 -0.64097255 0.35386738 0.67599982 0.37267354
0.32331273 0.44703689 -0.52101654 0.26350883 0.45278421 0.11751104 0.36513388 0.53723919 -0.60478812 0.3150447 0.49857464 0.2281711 0.32216728 0.6256507 -0.48794764 0.31921262 0.53370243 0.1513941 0.5178479 0.53685707 -0.18459451 0.44928518 0.54574758 0.18469703 0.38340265 0.55360109 -0.71714199 0.29378518 0.56532574 0.13281181 0.46156597 0.67126179 -0.64419866 0.34798682 0.6750502 0.28189841
0.32831365 0.4426783 -0.50401598 0.26929921 0.45306215 0.13242093 0.3763549 0.53334153 -0.56248093 0.33678693 0.50102985 0.21889387 0.32272938 0.61281037 -0.4242689 0.34564662 0.55313563 0.14277472 0.52187848 0.5316121 -0.19156617 0.45027995 0.53518021 0.19148909 0.38195413 0.55048382 -0.62776655 0.28920171 0.56139153 0.09398861 0.46202084 0.67056465 -0.52617007 0.34869266 0.67421395 0.17735162
0.33036196 0.44008601 -0.50136185 0.26903266 0.45013666 0.12957586 0.38396373 0.52958405 -0.562644 0.33696771 0.50001174 0.26250482 0.31862643 0.59484321 -0.44802937 0.34685066 0.54177874 0.20024246 0.51925933 0.52528679 -0.18991108 0.44632202 0.5271731 0.1899268 0.3813799 0.55011106 -0.70392972 0.29116854 0.55821687 0.00711608 0.46195638 0.66969204 -0.57333452 0.34774777 0.66915256 0.07567782
0.33323345 0.42769542 -0.45118377 0.26888385 0.44485199 0.13922441 0.39762151 0.50908625 -0.49465299 0.35160959 0.49341503 0.25264618 0.34191588 0.56595367 -0.3721745 0.37234944 0.53516936 0.18053241 0.5201776 0.51945132 -0.18750101 0.44521648 0.52146232 0.18751132 0.38204312 0.54718328 -0.6410386 0.29326123 0.55590153 -0.00117452 0.46045709 0.66851264 -0.51513958 0.34799877 0.66326064 0.04961198
0.33459282 0.42254877 -0.44271439 0.276169 0.44201195 0.16350712 0.39282757 0.51798588 -0.48898119 0.35738325 0.49752799 0.25130016 0.33940247 0.58617747 -0.3685551 0.38139683 0.53604311 0.16844374 0.52224505 0.51567781 -0.18632099 0.45647457 0.52625513 0.18633236 0.38509658 0.54795724 -0.64372605 0.29545516 0.55685425 0.00856568 0.46162578 0.66932786 -0.59408224 0.35114157 0.66889244 0.15022092
0.33407468 0.42742285 -0.4836494 0.27764228 0.43326157 0.10460673 0.38798186 0.52379918 -0.51458693 0.3610881 0.48826104 0.21480066 0.33396667 0.58818811 -0.41142064 0.39027578 0.53422171 0.16188401 0.52259916 0.51380569 -0.18470597 0.45270807 0.51345229 0.1847569 0.38994232 0.54870218 -0.63094556 0.29887712 0.5557273 0.16226165 0.46168438 0.66962266 -0.59199363 0.34930405 0.65316612 0.31428936
0.33393842 0.42197412 -0.46920797 0.2779901 0.42976433 0.15324594 0.38543332 0.51106346 -0.52336913 0.36955857 0.48081014 0.26411647 0.3313472 0.57922357 -0.40230152 0.40400118 0.52064866 0.19766605 0.52297544 0.50891179 -0.18427122 0.45054865 0.50791663 0.18435283 0.39042288 0.54941773 -0.70587575 0.30849335 0.5574019 0.05392336 0.46328032 0.66980904 -0.65658557 0.34727862 0.65562457 0.1476935 
0.33364639 0.41729453 -0.44161034 0.27768978 0.4266963 0.17414378 0.38359305 0.51100045 -0.48935226 0.36379024 0.48197678 0.30184799 0.34243688 0.57999325 -0.35864571 0.39885509 0.52531797 0.25439507 0.52420503 0.50714087 -0.18387304 0.45018849 0.50779647 0.18394685 0.38965842 0.54988533 -0.74277878 0.3061665 0.55763727 -0.00920872 0.46399486 0.66940129 -0.67075521 0.34264821 0.65611583 0.06028694
0.33443666 0.41224682 -0.41315836 0.27705196 0.42859581 0.20600314 0.3843289 0.50396156 -0.46036807 0.36545244 0.47839582 0.32161292 0.3502841 0.56368828 -0.31675342 0.40051723 0.51900905 0.24768759 0.52726698 0.50246984 -0.18418433 0.45538971 0.50285399 0.18430293 0.39213029 0.5492636 -0.72003263 0.3099142 0.56097025 -0.05023096 0.46549261 0.66843402 -0.63533074 0.34245995 0.65955454 -0.01609766
0.33526176 0.40528527 -0.3556602 0.27647653 0.42649367 0.23220836 0.40771547 0.48071671 -0.43963665 0.37064496 0.47063503 0.33622959 0.36487862 0.5261544 -0.35868493 0.40922317 0.50172365 0.25352183 0.52864611 0.4977361 -0.18395804 0.45996672 0.50831693 0.18408218 0.39425522 0.54702049 -0.73851764 0.30675697 0.55747759 -0.0209325 0.46595684 0.66809762 -0.73123652 0.3392548 0.65989077 -0.01476838
0.3355037 0.40197662 -0.35968435 0.27605838 0.4182938 0.21237698 0.41499928 0.47451416 -0.41912517 0.35438511 0.46830937 0.3706792 0.36119789 0.5214709 -0.32293257 0.3780027 0.49718049 0.35792515 0.52900422 0.49320358 -0.18238543 0.4598141 0.49729088 0.18256438 0.39505258 0.54378903 -0.74413121 0.30403903 0.55027997 -0.02186188 0.4664762 0.66797668 -0.74335581 0.33766079 0.65587306 0.00250878
0.33627149 0.39713719 -0.36639208 0.27702338 0.41572672 0.20391943 0.42039329 0.46480578 -0.45645791 0.34669274 0.46630591 0.32959411 0.36662364 0.50519162 -0.45845386 0.36059129 0.49141139 0.28267547 0.52916926 0.48942393 -0.1823163 0.4583196 0.4932473 0.18249662 0.39537096 0.54292363 -0.7287485 0.30459261 0.5501976 -0.00122574 0.46703163 0.66781723 -0.71658999 0.33784077 0.65382993 0.05120962
0.33611318 0.39476579 -0.3543292 0.27936199 0.41189259 0.22920951 0.41431546 0.45844096 -0.49126795 0.3395578 0.4648799 0.38845292 0.37193727 0.49544466 -0.56059992 0.35375953 0.48969582 0.37088424 0.52896917 0.48536965 -0.18440907 0.45772803 0.49067801 0.18462667 0.39569828 0.54092342 -0.67485571 0.31808037 0.56091934 -0.06210985 0.46761099 0.6671527 -0.6855135 0.33775747 0.65438664 -0.10292576
0.33825749 0.39195761 -0.37900734 0.28283927 0.407884 0.22747664 0.44649637 0.43348745 -0.52786177 0.32967147 0.45968089 0.47308683 0.43104908 0.46527755 -0.60774219 0.32330456 0.48099706 0.54989582 0.53000689 0.48209792 -0.197056 0.46415243 0.49617466 0.19728345 0.39460778 0.53914011 -0.55295467 0.33176723 0.57161623 -0.05980159 0.46755928 0.66659176 -0.46484986 0.37123665 0.67429143 -0.10089625
0.33780861 0.38792002 -0.3897486 0.28211132 0.40082672 0.21051249 0.4314785 0.4387472 -0.6078018 0.32210276 0.45212704 0.47067815 0.40270013 0.47907048 -0.77723664 0.31098038 0.4797374 0.59716731 0.53028172 0.48207375 -0.19883159 0.46583909 0.49664721 0.19895864 0.39430833 0.54018998 -0.5159502 0.33970147 0.57466221 -0.04834963 0.46737993 0.66661036 -0.41012222 0.37040263 0.67326337 -0.02531085
0.33824486 0.38816223 -0.36397764 0.28401706 0.4020161 0.23374152 0.42518345 0.44508156 -0.61394262 0.32018116 0.45413294 0.49334106 0.39305142 0.48795611 -0.82110316 0.30579752 0.48076165 0.59941024 0.53300637 0.48198256 -0.19917411 0.46534619 0.48843971 0.19928534 0.39410025 0.54046786 -0.55677295 0.33589301 0.57508624 -0.06701545 0.46731898 0.66660273 -0.44635782 0.3921012 0.68009961 -0.06560034
0.33897534 0.38485146 -0.45877084 0.28367519 0.39957812 0.141187 0.45684811 0.42663634 -0.64117914 0.31497693 0.45133951 0.47044316 0.44137838 0.46471149 -0.78490198 0.29037726 0.47352901 0.62677479 0.53617013 0.47677726 -0.20084631 0.46471748 0.4904291 0.2010112 0.39389762 0.54063851 -0.51212454 0.33386359 0.57290208 -0.04981294 0.46739185 0.6666196 -0.35340199 0.38887969 0.678204 -0.05444565
0.3388364 0.38284582 -0.48740247 0.28319073 0.39549869 0.08919217 0.45519891 0.42890665 -0.68356967 0.31176484 0.44619697 0.44232348 0.42623934 0.46973756 -0.84894735 0.28582063 0.47170413 0.61404049 0.5372318 0.47417939 -0.19958551 0.4645786 0.47563836 0.19972299 0.39515498 0.54082263 -0.51144034 0.33206517 0.57197642 -0.04903276 0.46762037 0.66661078 -0.34786034 0.382842 0.67620337 0.01602999
0.34309304 0.37932968 -0.60578126 0.28286189 0.39438325 -0.03756502 0.46952516 0.41635853 -0.89609367 0.31352708 0.44828334 0.42892528 0.46482268 0.43734348 -1.22992671 0.29915011 0.46955827 0.74148226 0.53999168 0.46966204 -0.20025176 0.46396902 0.47118217 0.20053907 0.39802864 0.54109448 -0.51228708 0.33258063 0.5616473 -0.04122677 0.46838832 0.66680545 -0.37666053 0.39169833 0.66254467 0.07799172
0.34678242 0.37449938 -0.59765005 0.28224173 0.3894701 -0.00949045 0.47565398 0.42629716 -0.79131454 0.31275061 0.44417879 0.35662374 0.44109043 0.46492293 -0.61508399 0.31205675 0.47546154 0.56144273 0.53924221 0.46371499 -0.19977838 0.45930555 0.46493608 0.20022297 0.40210444 0.54323989 -0.54288757 0.33094817 0.54830617 -0.11630148 0.46838698 0.66851741 -0.41148496 0.38740173 0.66458595 -0.03945011
0.3460229 0.36792648 -0.5735659 0.28178918 0.37820801 0.01373591 0.47289616 0.41356358 -0.77975518 0.31292552 0.43719882 0.37035722 0.44906762 0.4571017 -1.01012695 0.28722084 0.47446838 0.5470342 0.5407753 0.45900556 -0.20836164 0.46030888 0.45794991 0.20884904 0.40261918 0.54490983 -0.44405359 0.32990798 0.55047232 0.01161354 0.46836817 0.67041552 -0.29757801 0.39054325 0.65362245 0.17821811
3.45797658e-01 3.63703460e-01 -6.38370037e-01 2.81218976e-01 3.72676432e-01 -2.29972452e-02 4.66636300e-01 4.19741839e-01 -7.28082895e-01 3.11378628e-01 4.36668694e-01 3.34349781e-01 4.42563653e-01 4.66759264e-01 -8.05846632e-01 2.86213726e-01 4.75753605e-01 4.74163532e-01 5.40227950e-01 4.59113061e-01 -2.07917631e-01 4.59863394e-01 4.56878096e-01 2.08407193e-01 4.04227883e-01 5.45210421e-01 -5.00142574e-01 3.27675134e-01 5.51278472e-01 3.65593878e-04 4.70537871e-01 6.70997262e-01 -3.77626330e-01 3.87569696e-01 6.52413607e-01 1.46370962e-01
0.35374829 0.35643476 -0.70715964 0.27679211 0.36906612 -0.09698258 0.49740708 0.3957206 -0.73352015 0.31180665 0.43807861 0.33571243 0.45016566 0.40659714 -0.73811048 0.29211336 0.47525969 0.64600927 0.5399251 0.45397577 -0.20674761 0.45627755 0.45184919 0.20716459 0.40571433 0.54520857 -0.55787361 0.32759169 0.54575044 -0.1063275 0.47139996 0.67168218 -0.54082507 0.38444725 0.6506266 -0.02770936
0.35224515 0.34850571 -0.55126196 0.2707383 0.36690024 -0.0881217 0.49032134 0.38707903 -0.71261466 0.30962422 0.43639696 0.34368908 0.4588722 0.4164736 -0.90497404 0.29755312 0.47635227 0.52922279 0.53416693 0.45253769 -0.1949655 0.44299021 0.45304283 0.195502 0.41007873 0.54526269 -0.5711329 0.32741234 0.54395097 -0.17390527 0.47141051 0.67343706 -0.57017064 0.38229439 0.66989774 -0.17348328
0.35159743 0.34358591 -0.48622862 0.26853001 0.36136511 0.01634561 0.47792539 0.40128389 -0.59674186 0.31047657 0.43558425 0.24851653 0.42046869 0.43107587 -0.64655435 0.30901414 0.49085706 0.21955605 0.52759486 0.45405501 -0.18234742 0.43524408 0.45416227 0.18255138 0.40900081 0.54490227 -0.57042992 0.32668671 0.54252088 -0.15223296 0.46744367 0.67269349 -0.56829542 0.35109213 0.66538006 -0.09453086
0.35086086 0.33248231 -0.48482695 0.2620886 0.34844443 -0.00759455 0.48949623 0.38013762 -0.59396333 0.31180349 0.41250378 0.30706877 0.4372108 0.40305719 -0.68659073 0.32311335 0.44490534 0.38695666 0.51698345 0.44883791 -0.15595207 0.42304048 0.45019212 0.1563836 0.41033852 0.54491532 -0.55918574 0.32763889 0.54227173 -0.20126568 0.46588299 0.6718725 -0.53219724 0.33728358 0.6807493 -0.22171314
0.35367474 0.32306004 -0.39873791 0.25992754 0.34992534 0.06872936 0.50082672 0.3739377 -0.46010879 0.31243882 0.41584006 0.34137639 0.45889023 0.41641289 -0.48295897 0.32261905 0.45374343 0.41983652 0.50722921 0.44868377 -0.15268531 0.40940759 0.45282567 0.15297714 0.40916041 0.54532391 -0.54629683 0.32731935 0.54333317 -0.21073751 0.46841827 0.67213386 -0.54995018 0.32180014 0.69468337 -0.27222106
0.35303745 0.31112841 -0.3415767 0.25679219 0.3424502 0.13865028 0.49246985 0.35311234 -0.44727597 0.30671829 0.40904462 0.4129039 0.43919575 0.37612337 -0.51995575 0.3160485 0.44167668 0.43481418 0.48927283 0.44812724 -0.15702179 0.39387396 0.45222324 0.15728664 0.4061861 0.54532015 -0.60240042 0.31679875 0.54096591 -0.22306585 0.46832621 0.67215002 -0.58197945 0.30945081 0.68773329 -0.24469528
3.55309606e-01 2.97258466e-01 -3.36952597e-01 2.56811321e-01 3.29363912e-01 9.23103020e-02 5.04415095e-01 3.35276961e-01 -4.96949643e-01 3.05362046e-01 3.95299017e-01 2.82679141e-01 4.50005442e-01 3.53837192e-01 -6.89113081e-01 2.60599583e-01 4.11502004e-01 2.71619081e-01 4.79409337e-01 4.45681274e-01 -1.39129639e-01 3.79342496e-01 4.48303431e-01 1.39354989e-01 4.05252188e-01 5.42225122e-01 -5.19650638e-01 3.07327121e-01 5.37911475e-01 -1.38072520e-01 4.66329008e-01 6.66249394e-01 -3.74190986e-01 3.23221833e-01 6.66741550e-01 4.47385653e-04
0.36223671 0.28010792 -0.38194597 0.25432512 0.31876123 0.09856682 0.49799889 0.32436186 -0.64812827 0.30643961 0.39821005 0.30969295 0.46746635 0.33318025 -0.99878967 0.27612731 0.42490143 0.25293815 0.46755934 0.4410744 -0.14945912 0.36994928 0.44853267 0.14971764 0.40643024 0.5415675 -0.65073007 0.30939183 0.53979236 -0.25394732 0.46636602 0.66695911 -0.55336702 0.32457644 0.68991578 -0.19752471
0.36104712 0.27311337 -0.22576295 0.25447536 0.30515447 0.14315686 0.49454689 0.3229169 -0.42140156 0.30623126 0.38158438 0.28365847 0.46173954 0.32264328 -0.68998563 0.26136145 0.38973874 0.15548356 0.45723221 0.42829606 -0.12877779 0.36846164 0.43762115 0.12895823 0.40336615 0.53418469 -0.44056183 0.32073656 0.5403893 -0.16710262 0.46130437 0.6659928 -0.49058759 0.33110845 0.67154735 -0.1999699 
0.36014089 0.25738254 -0.24890171 0.25531578 0.29243878 0.12612684 0.46906668 0.32576722 -0.44859633 0.29995769 0.37077349 0.25201279 0.45858839 0.31097761 -0.69990861 0.25582466 0.36959156 0.12328108 0.44411463 0.42594385 -0.1342614 0.36927566 0.43356958 0.13442071 0.41383064 0.53440267 -0.31308323 0.33184022 0.54094887 0.14961553 0.46161914 0.66618061 -0.3555285 0.35025811 0.66025269 0.19018067
0.3597436 0.24442269 -0.27507046 0.25538 0.28390056 0.15151852 0.46061987 0.3062596 -0.49163863 0.30090755 0.35929778 0.33598027 0.45715526 0.30303547 -0.77440125 0.25788108 0.37485427 0.17995809 0.44138819 0.42559761 -0.13899259 0.36560085 0.43304551 0.13914412 0.44092181 0.53876799 -0.19238548 0.34180915 0.54448956 0.08755108 0.46492586 0.66744328 -0.13017219 0.36323988 0.66728687 0.12977757
0.35980958 0.23993054 -0.26488537 0.25565189 0.27801546 0.13103051 0.46318027 0.30201206 -0.50489533 0.30144179 0.35458767 0.26152021 0.45976907 0.28054503 -0.79555678 0.26379803 0.36787924 0.11989108 0.43549511 0.42301247 -0.141195 0.36387184 0.43191296 0.14132608 0.44258165 0.53886855 -0.1684836 0.35444212 0.54882705 0.11821517 0.4649069 0.6680001 -0.09528806 0.37124777 0.670699 0.15985018
0.35919601 0.23762737 -0.24314213 0.25650445 0.27023304 0.16229315 0.46446073 0.29390734 -0.50187975 0.3011072 0.3564249 0.27659169 0.45863232 0.26981178 -0.77784288 0.2738325 0.38610542 0.12238722 0.42790022 0.42139119 -0.14381957 0.36211786 0.43101078 0.14373174 0.43774554 0.53917199 -0.19906673 0.36094227 0.55058879 0.10949147 0.45861986 0.66950089 -0.12818187 0.37544656 0.67769367 0.13659939
0.36109844 0.23055075 -0.20239645 0.25591218 0.26767397 0.16628872 0.461036 0.28664419 -0.48446593 0.29024914 0.34503314 0.25648242 0.44557536 0.25903422 -0.76217622 0.28228858 0.39876935 0.1259968 0.42240265 0.41806906 -0.14256166 0.35727078 0.42956072 0.14245616 0.43796268 0.53795707 -0.18483348 0.35985267 0.5541907 0.11720216 0.45914784 0.66928416 -0.12982193 0.37992233 0.67908311 0.11773029
0.36186886 0.22960693 -0.16836253 0.25651002 0.26058683 0.17171486 0.46092278 0.28142291 -0.4091627 0.28965017 0.34217051 0.27097112 0.43862 0.24696665 -0.63788134 0.28091297 0.38331923 0.1696589 0.42162794 0.4111678 -0.13169256 0.35663742 0.42262891 0.13163196 0.4380672 0.53254724 -0.1963229 0.35663775 0.55028903 0.08838844 0.45952353 0.66825521 -0.19056198 0.3730526 0.67219102 0.10561474
0.36287603 0.22977635 -0.16500038 0.25693962 0.26005945 0.18948109 0.46168303 0.28456891 -0.44930756 0.28985092 0.34758911 0.2783328 0.43920037 0.23798367 -0.67792588 0.29980135 0.38982216 0.16463232 0.41789925 0.41215211 -0.13506466 0.35585454 0.42420897 0.13505517 0.43652168 0.53230488 -0.19067454 0.3541922 0.55244386 0.06329658 0.45846805 0.66737002 -0.13530079 0.37182334 0.69169974 0.07904548
0.35775563 0.22675434 -0.13005342 0.25912225 0.25782478 0.20403649 0.46047044 0.27973801 -0.37673047 0.29035914 0.3474198 0.28213429 0.43365738 0.2470594 -0.58106965 0.29827496 0.39441401 0.16045293 0.4146741 0.40457806 -0.13360228 0.35443422 0.41800976 0.13363191 0.42946762 0.52782714 -0.24797645 0.35760361 0.54808021 0.05874834 0.45333678 0.66742462 -0.27355707 0.3747384 0.68819731 -0.06950755
0.34974372 0.2255099 -0.13705093 0.26161849 0.2549825 0.21892689 0.44896293 0.28374049 -0.40655652 0.2897335 0.33983338 0.30768344 0.37431979 0.23931575 -0.59485501 0.28658524 0.37585771 0.16263993 0.40522408 0.40545145 -0.13490824 0.35138413 0.41872454 0.13496685 0.41544065 0.52650565 -0.31719378 0.35808468 0.546386 0.03507565 0.45102778 0.66756862 -0.39109582 0.37356979 0.69109523 -0.13118675
0.34638253 0.22543387 -0.1587451 0.2771019 0.25197712 0.20111933 0.45060611 0.2703357 -0.39786476 0.30758739 0.33891594 0.26106811 0.39277071 0.25511938 -0.54875892 0.31116244 0.38282302 0.14257734 0.41085571 0.40598851 -0.13106006 0.35690415 0.41466305 0.13109894 0.41570038 0.52751422 -0.28769329 0.36381415 0.54633576 0.01159291 0.44983032 0.66837007 -0.34256226 0.37752703 0.68923479 -0.12517571
0.34133941 0.2284022 -0.17828922 0.27562559 0.25499663 0.19230561 0.43996662 0.27022183 -0.41104558 0.30500346 0.34029287 0.30542025 0.40177456 0.25940952 -0.58985144 0.30734766 0.38421994 0.22595486 0.39996216 0.40635976 -0.14974664 0.36129212 0.41720077 0.14978993 0.37304518 0.54042625 -0.22436899 0.3962481 0.54569596 0.1718986 0.39236531 0.68427646 -0.2525593 0.43143794 0.67609859 0.17793679
0.34001178 0.22899358 -0.1864401 0.27470374 0.25573429 0.18747982 0.43710193 0.27025992 -0.4092783 0.30248395 0.34169489 0.28285226 0.40221828 0.26514563 -0.55812454 0.30484986 0.38647395 0.18261304 0.40350106 0.40872067 -0.15145743 0.36195803 0.41820905 0.15147072 0.3832522 0.54042417 -0.204924 0.38748905 0.54378217 0.12799048 0.40466988 0.68157887 -0.20465067 0.42171025 0.67135394 0.10361059
0.33956623 0.22871785 -0.19150199 0.27420095 0.25720268 0.1862105 0.43559787 0.27159187 -0.4145931 0.2983115 0.34063941 0.29308718 0.40268707 0.26967907 -0.57755738 0.30333355 0.38541985 0.20931236 0.40714952 0.40793431 -0.15147404 0.36253223 0.41725343 0.15149209 0.38956106 0.53897178 -0.20076632 0.38285777 0.54344046 0.10917926 0.41198683 0.68017608 -0.17790999 0.41193146 0.66716629 0.08830713
0.33689499 0.22989812 -0.19303308 0.27367625 0.25844708 0.19203486 0.43322751 0.27316105 -0.41891935 0.2963686 0.34268147 0.27728358 0.39596492 0.27106684 -0.58589363 0.30204254 0.40181714 0.16384274 0.40649918 0.40857223 -0.1527963 0.36263481 0.41810554 0.15279862 0.39261773 0.5394693 -0.21435125 0.37949041 0.54547888 0.10441422 0.41026476 0.67910826 -0.20801333 0.41355994 0.66827559 0.07090002
0.33617941 0.23055318 -0.19341666 0.27278972 0.25936684 0.20351307 0.4294627 0.27848884 -0.43589094 0.29666927 0.35200387 0.27902594 0.39896694 0.27594307 -0.65402418 0.30775952 0.41854674 0.14420983 0.40593275 0.41178814 -0.16155304 0.36291191 0.41922224 0.16157953 0.39235339 0.54157138 -0.20135261 0.38127497 0.54557896 0.13747156 0.39516926 0.68054885 -0.17769039 0.42539412 0.66615802 0.14299452
0.33676258 0.23052101 -0.21322735 0.27182302 0.26011422 0.19936372 0.43186885 0.28094378 -0.47290894 0.29649931 0.35428351 0.2674408 0.38217202 0.27121916 -0.66981322 0.30745772 0.41440207 0.12338869 0.40543443 0.41409841 -0.16815379 0.36295819 0.42033175 0.1681983 0.36937773 0.54755962 -0.1908277 0.38439345 0.54586124 0.16476397 0.38748121 0.6846534 -0.16487183 0.43207833 0.66551238 0.18272813
