0.51709533 0.33129606 0.1627605 0.34592465 0.33545989 0.2031057 0.53802699 0.39716989 -0.07176002 0.31745771 0.41795579 0.00085773 0.56580579 0.3528485 -0.51029408 0.27374914 0.3515825 -0.45274037 0.48896354 0.48556384 -0.0193395 0.37726563 0.48557329 0.01923698 0.51289934 0.62086082 -0.10134881 0.3591314 0.62218374 -0.07894172 0.55690914 0.74680382 0.11568066 0.33288404 0.74990648 0.12506171
0.52291143 0.32710215 0.21562943 0.33923382 0.33175597 0.23002502 0.53067511 0.39567497 -0.05256237 0.31326672 0.4117099 0.02869799 0.57259375 0.34760696 -0.5093022 0.2690922 0.35030863 -0.41390252 0.4804996 0.48189047 -0.00456387 0.36624742 0.48107484 0.00451662 0.50942123 0.61496061 -0.05454519 0.34832749 0.61802649 -0.07193381 0.55270797 0.74134648 0.12838775 0.3247242 0.74780303 0.12979867
0.5227381 0.32524064 0.20380417 0.33539504 0.32927972 0.22218642 0.53024614 0.39459822 -0.05453856 0.30514854 0.41060504 0.02055418 0.57905269 0.3434056 -0.5283215 0.26348582 0.3437117 -0.44215858 0.47725835 0.48003456 -0.00357268 0.36269158 0.47943029 0.00352122 0.50264454 0.61711812 -0.08028816 0.34799001 0.61909014 -0.08038582 0.54838622 0.74101603 0.11371572 0.3232075 0.74408424 0.14546485
0.52471858 0.32599562 0.15150778 0.33900768 0.33072564 0.19169506 0.5262236 0.38815117 -0.04984994 0.29999861 0.40988824 0.01209303 0.57577127 0.34314024 -0.45760646 0.26534408 0.35010818 -0.46113896 0.47511196 0.47927582 -0.00919347 0.36181337 0.47851098 0.00916397 0.50109053 0.61688161 -0.08064558 0.35162646 0.61878085 -0.08055347 0.54944438 0.74096572 0.10300227 0.32737216 0.74676096 0.13847353
0.52709556 0.32697937 0.11042868 0.33770964 0.32919177 0.10953544 0.52649635 0.37339491 -0.13253291 0.29729125 0.40124723 -0.14968701 0.56273645 0.34794056 -0.55990303 0.27531144 0.35350654 -0.61108738 0.47509992 0.47976059 -0.00465126 0.36113152 0.47992662 0.00449535 0.50149202 0.61748689 -0.05893366 0.3513532 0.61974716 -0.07226461 0.54889935 0.74095923 0.06978329 0.32637951 0.744995 0.08187409
5.28768063e-01 3.26599449e-01 1.48452252e-01 3.37747335e-01 3.29156995e-01 1.42619520e-01 5.27378500e-01 3.78599375e-01 -6.89051673e-02 2.92485863e-01 4.04189616e-01 -6.37058690e-02 5.57875931e-01 3.53452951e-01 -4.52163965e-01 2.75524497e-01 3.58547270e-01 -4.95867908e-01 4.76408899e-01 4.79806989e-01 4.84890799e-04 3.62077594e-01 4.80055660e-01 -5.38330700e-04 5.04407704e-01 6.17434502e-01 -7.65093639e-02 3.50957960e-01 6.19439900e-01 -9.59206596e-02 5.49260557e-01 7.42968857e-01 4.52601612e-02 3.25431079e-01 7.44703114e-01 4.44954000e-02
0.52961302 0.32723078 0.18074226 0.33842829 0.32910198 0.15996796 0.52878463 0.37750253 -0.07221174 0.2908873 0.40343577 -0.07050879 0.5635466 0.34757882 -0.49686408 0.27149424 0.35004351 -0.51421934 0.47705197 0.47890481 0.00497299 0.36157319 0.47924715 -0.00498186 0.50612098 0.61637539 -0.0708243 0.35174805 0.61974043 -0.09812293 0.54944479 0.74189657 0.0621646 0.32546517 0.74567336 0.04353643
0.52884048 0.3269842 0.10685053 0.3348493 0.32772505 0.04197826 0.52240175 0.37468308 -0.18862201 0.30120495 0.39847517 -0.18097323 0.53901309 0.35334441 -0.64410305 0.31881291 0.36384544 -0.53699034 0.47796547 0.47766015 0.01023633 0.36144549 0.47886127 -0.01022312 0.5068379 0.61660802 -0.05777176 0.35271293 0.61860996 -0.07885121 0.54902375 0.741153 0.09305093 0.32663897 0.74582928 0.0489018 
0.5271861 0.3262879 0.16309066 0.33361042 0.32761812 0.11540543 0.52501386 0.37627301 -0.11521939 0.3025206 0.40060857 -0.07742171 0.55975527 0.34569582 -0.53217483 0.29528296 0.3633658 -0.47688016 0.47802067 0.47609636 0.01075909 0.36174622 0.47760436 -0.01069843 0.50710207 0.61618459 -0.07065068 0.35463193 0.61820793 -0.09698424 0.54930282 0.74061936 0.06528413 0.32738841 0.74525875 0.04061424
0.52709413 0.32581103 0.17307103 0.33381695 0.32777062 0.12998708 0.52580369 0.37955102 -0.0603336 0.30249962 0.40299955 -0.04827945 0.5614174 0.34973589 -0.49098703 0.28839579 0.36575359 -0.43570137 0.47820744 0.47635397 0.01109673 0.36086369 0.47754192 -0.01096681 0.50711173 0.61602038 -0.06832764 0.354893 0.61881548 -0.09797288 0.54943973 0.7402668 0.08606952 0.32723123 0.74515939 0.05191752
0.52594662 0.32483092 0.20284016 0.33523491 0.32756644 0.17170915 0.52581382 0.38095197 -0.03322981 0.30373785 0.40495101 -0.02496819 0.56768948 0.34338653 -0.4523001 0.27617198 0.35361394 -0.44395089 0.47819683 0.47583872 0.00744559 0.36024287 0.47635555 -0.00733263 0.50687873 0.6159392 -0.06808361 0.35505569 0.6189875 -0.09304784 0.54965156 0.74132246 0.08813307 0.32741669 0.74473345 0.05719029
0.52507555 0.32606661 0.25771633 0.33332273 0.32825664 0.22156955 0.52787173 0.38455659 -0.00403914 0.29463476 0.40473145 -0.01907338 0.57063109 0.34485897 -0.4480212 0.27348986 0.35667899 -0.41340247 0.4780156 0.47591197 0.00848953 0.36033908 0.47637156 -0.00833599 0.5062744 0.61597437 -0.0614296 0.35478884 0.61891258 -0.09453791 0.54941815 0.74103773 0.11228719 0.326709 0.7443406 0.0709594 
0.52457845 0.3266578 0.24955162 0.33203185 0.327997 0.22621515 0.52819413 0.38766369 -0.00241024 0.29129511 0.40520304 -0.0174893 0.57156086 0.34557363 -0.44292337 0.27154174 0.35679778 -0.41056427 0.47773471 0.47609165 0.0077763 0.36005777 0.47634512 -0.00762509 0.50568277 0.61574978 -0.06185229 0.35395977 0.61924487 -0.09516078 0.54924035 0.74140584 0.12505135 0.32645473 0.74444461 0.08747552
0.52473307 0.32692802 0.24236803 0.33099014 0.32802117 0.21546705 0.52946061 0.38808319 -0.00233653 0.2879 0.40507472 -0.00707344 0.57125473 0.34682024 -0.43996295 0.27126557 0.35719776 -0.41018695 0.47721213 0.47615537 0.00888322 0.35916302 0.47638717 -0.00874608 0.50539392 0.61538321 -0.06292184 0.35355514 0.61951798 -0.09939516 0.54888195 0.74180776 0.11027918 0.32646659 0.74493825 0.08582932
0.52489716 0.32717481 0.24370253 0.33057934 0.32842195 0.22259323 0.52959281 0.38829243 0.00453766 0.28669316 0.40537545 0.00564748 0.57102096 0.34744331 -0.41027009 0.26840052 0.35334632 -0.39722639 0.47625986 0.47667441 0.00804862 0.35808966 0.47703201 -0.00793948 0.50474221 0.61555082 -0.06253022 0.35295066 0.61989671 -0.0994357 0.54883629 0.7422179 0.10804962 0.32691097 0.74535728 0.08546036
0.52471137 0.32721052 0.23633026 0.33028337 0.32860759 0.22249916 0.52969486 0.38844636 -0.00347081 0.28632668 0.40548956 0.01053757 0.57155019 0.34778628 -0.41474271 0.2656115 0.35087138 -0.4039529 0.47552314 0.47683194 0.00733237 0.35732937 0.47714332 -0.00723361 0.50461972 0.61558396 -0.06223406 0.35252434 0.62015915 -0.09834552 0.54887229 0.74271971 0.11033391 0.32679933 0.74521738 0.08583552
0.52455163 0.32708856 0.23617445 0.33043697 0.32888871 0.22114848 0.52952915 0.3885408 -0.00983303 0.28715318 0.40535516 0.01056375 0.57161647 0.34816155 -0.43384841 0.26527214 0.34959251 -0.42166626 0.47486883 0.47673646 0.0076071 0.35690466 0.47686151 -0.00751809 0.50464106 0.61571509 -0.06331401 0.35254201 0.62016147 -0.09908785 0.54891431 0.74251407 0.11188894 0.32648823 0.74485272 0.08565297
0.52443844 0.32706657 0.23169415 0.32988212 0.32898214 0.20477489 0.52922201 0.38856977 -0.02919072 0.28876206 0.40550101 -0.01483315 0.57105172 0.34837931 -0.47396857 0.26717049 0.35130736 -0.4565483 0.47459814 0.47690722 0.00772232 0.35651961 0.47701263 -0.00764797 0.50466192 0.6158514 -0.06046268 0.35225448 0.62022018 -0.09758116 0.54920936 0.74233216 0.11724073 0.32628343 0.74448216 0.08702926
0.52435142 0.32715324 0.22579928 0.32964903 0.32903823 0.19934964 0.52903724 0.38863003 -0.03436239 0.28971192 0.4056482 -0.02185486 0.57069659 0.34854791 -0.47897735 0.26843539 0.35167402 -0.4591985 0.47453883 0.47700539 0.00828044 0.35632223 0.4770093 -0.00821664 0.50475359 0.61597127 -0.06000277 0.35202625 0.62017465 -0.09736853 0.54929489 0.74225676 0.11393976 0.32593697 0.74449074 0.08436202
0.52433074 0.32708767 0.23386399 0.32934216 0.32886261 0.20930015 0.5284934 0.38869897 -0.02811918 0.29043013 0.40545875 -0.01724988 0.57036275 0.348654 -0.47300163 0.26921254 0.35301575 -0.44260323 0.47441453 0.47687691 0.00815721 0.35593745 0.4769786 -0.00808963 0.50477916 0.61592484 -0.06055236 0.35178152 0.62001455 -0.09769192 0.54935831 0.74228966 0.11049003 0.32576838 0.74457616 0.07645401
0.52413416 0.32701227 0.24013197 0.32898861 0.32871026 0.21223748 0.52797246 0.38896799 -0.00508705 0.29058701 0.40556875 -0.0116283 0.57018542 0.34874469 -0.41461527 0.26963103 0.35366139 -0.43654746 0.47426966 0.47671321 0.00823803 0.35569805 0.47695282 -0.0081721 0.50478733 0.61577666 -0.06107654 0.35175657 0.61980987 -0.09960021 0.54939193 0.74229395 0.09984735 0.3259505 0.74467736 0.0604548 
0.52354157 0.32705626 0.23972081 0.32860124 0.32872143 0.21571626 0.5262717 0.38913959 -0.00970324 0.29181829 0.40559676 -0.01081506 0.56995106 0.34873894 -0.42143068 0.27160507 0.3551493 -0.43055564 0.47402427 0.47648507 0.00813165 0.35539395 0.47700498 -0.00806644 0.50477779 0.61576152 -0.06145367 0.35157472 0.61977315 -0.09946369 0.54945058 0.74233776 0.09676768 0.32610103 0.74478829 0.05937441
0.52308869 0.32688513 0.23471059 0.32833663 0.32862386 0.20516039 0.52610046 0.38907376 -0.0256085 0.29230377 0.40565258 -0.01815545 0.56932324 0.3487066 -0.46619502 0.27173641 0.35522431 -0.45823595 0.47391397 0.47647125 0.00828647 0.35520282 0.47708699 -0.00822056 0.50479943 0.61577636 -0.06219374 0.35144886 0.6197719 -0.10069983 0.54949522 0.7423752 0.09674706 0.32620674 0.74483818 0.06083276
0.52254921 0.32675928 0.23299958 0.32814556 0.32839373 0.20276034 0.52518457 0.38917759 -0.02433549 0.29336491 0.40571296 -0.0146964 0.56925964 0.34866074 -0.46210623 0.27190933 0.35605106 -0.44900611 0.47382984 0.47650567 0.00823654 0.35511762 0.47711328 -0.00817057 0.5047968 0.61579973 -0.06239846 0.35125932 0.61977541 -0.10047111 0.54953057 0.74240619 0.09882889 0.32630354 0.74488693 0.0619184 
0.52243197 0.32664314 0.22416756 0.32792744 0.32841125 0.20394222 0.52347469 0.39094147 -0.02410202 0.2936599 0.4063234 -0.00368549 0.56901747 0.34871915 -0.45971668 0.27210337 0.35728028 -0.44354641 0.47381017 0.47653449 0.00773948 0.35500503 0.47726786 -0.00766813 0.504785 0.61582375 -0.06250318 0.35113615 0.61980134 -0.09885202 0.5495469 0.74244279 0.11376032 0.32637984 0.74494272 0.08149005
0.52182537 0.32661954 0.22124898 0.32743773 0.32830784 0.20293151 0.52125013 0.39294532 -0.01249994 0.29398075 0.40652567 0.00577225 0.5673331 0.35027325 -0.42242017 0.27718723 0.36571294 -0.41875961 0.4737851 0.47656155 0.00770998 0.35499227 0.47747558 -0.00764025 0.50477111 0.61583954 -0.05907913 0.35101125 0.61982268 -0.09632195 0.54957283 0.74247259 0.12240016 0.3264415 0.74499184 0.08830483
0.52155733 0.32663172 0.20033072 0.32691923 0.32829717 0.18638608 0.5195201 0.39295164 -0.01743983 0.29456034 0.40690124 0.00126638 0.56476754 0.3519477 -0.42298841 0.27906215 0.36881018 -0.42200798 0.47375897 0.4767389 0.00765059 0.35502157 0.47800311 -0.00758462 0.50473869 0.61588806 -0.05923822 0.35091311 0.61983973 -0.09568398 0.5495916 0.74248672 0.11870494 0.32648095 0.74504316 0.08661444
0.52140015 0.32663685 0.19392546 0.32660717 0.32830715 0.1773214 0.51910496 0.3928425 -0.02577002 0.29487169 0.40691772 -0.00927186 0.5629943 0.35309431 -0.4346523 0.2809228 0.37058145 -0.42898083 0.47361934 0.47679839 0.00761866 0.35499439 0.47819644 -0.00755293 0.50471008 0.61589724 -0.06074683 0.35088229 0.61985427 -0.09615996 0.54961354 0.74249667 0.10866481 0.3264342 0.74506491 0.07807511
0.52137542 0.32664537 0.19390182 0.32639244 0.32833406 0.17265712 0.51923764 0.39228147 -0.03019897 0.29494616 0.40693358 -0.01312168 0.55916291 0.35470957 -0.45181301 0.28160977 0.37070552 -0.42900366 0.47357437 0.47699985 0.00775332 0.35498229 0.47852463 -0.00768791 0.50466394 0.61595529 -0.06096519 0.35083824 0.6198824 -0.09699053 0.54963231 0.74248385 0.10780042 0.32639936 0.74513108 0.07519768
0.52127033 0.32665223 0.19014288 0.3263267 0.32834977 0.16324867 0.51934719 0.39140266 -0.03635289 0.29506376 0.40680784 -0.01797379 0.55734569 0.35555163 -0.47079217 0.28157142 0.37063873 -0.42937559 0.4735209 0.47700951 0.00819346 0.35492843 0.47861665 -0.00811838 0.50459027 0.61597687 -0.06105013 0.35083273 0.61989063 -0.09726229 0.54964501 0.74243909 0.1076145 0.32636145 0.74519938 0.07508083
0.52109295 0.32672441 0.1923694 0.32633978 0.32840598 0.16839355 0.51972038 0.3910116 -0.03562501 0.2950812 0.40673313 -0.01564825 0.55749434 0.3556346 -0.4691864 0.28202072 0.3711668 -0.41803855 0.47349536 0.47711781 0.00826213 0.35492143 0.47867504 -0.00818105 0.50444061 0.61601126 -0.06116318 0.35075304 0.61991006 -0.09724697 0.54966408 0.7424441 0.10791956 0.32632235 0.74526107 0.07623947
0.52101177 0.32676557 0.1928023 0.32633129 0.32849833 0.17074865 0.52014601 0.39068475 -0.03563393 0.29482898 0.40673047 -0.01298738 0.55761743 0.3557215 -0.47255471 0.28027678 0.36918801 -0.41878709 0.47325331 0.47714338 0.00822454 0.3547588 0.47869581 -0.0081407 0.5043118 0.6160301 -0.06232833 0.35074961 0.61991841 -0.09737504 0.54972947 0.74245071 0.10619769 0.32629591 0.74532354 0.07556584
0.52086174 0.32683489 0.19393471 0.32633892 0.3287462 0.17256735 0.52020341 0.39013538 -0.0483685 0.29487681 0.40672171 -0.02144262 0.55764115 0.35569265 -0.48536348 0.27855918 0.36800182 -0.44967127 0.4730064 0.47730702 0.00812645 0.35471347 0.47876036 -0.00803953 0.50418532 0.61608702 -0.06231583 0.35070381 0.6199252 -0.09674258 0.54973775 0.74246037 0.1064555 0.3262994 0.74535972 0.07690051
0.52055699 0.32689089 0.19899857 0.32632816 0.32878992 0.18924014 0.51983303 0.39013922 -0.04607127 0.29488236 0.40685174 -0.01531367 0.5576517 0.35558206 -0.47055182 0.27611399 0.3649967 -0.44616866 0.47286463 0.47737893 0.00737049 0.35462627 0.47882318 -0.00728851 0.50406057 0.61610252 -0.06234049 0.350665 0.61993057 -0.09593832 0.54975319 0.74246562 0.10655385 0.32630339 0.74544626 0.07720427
0.5205186 0.32689723 0.19935845 0.3262746 0.32884562 0.18910216 0.51983476 0.39001963 -0.03924633 0.2939291 0.40685424 -0.01469095 0.55517989 0.35553893 -0.45457876 0.27520004 0.3643837 -0.44490474 0.47269192 0.47760054 0.00713264 0.35444471 0.47898802 -0.00705665 0.5038994 0.61611491 -0.06182305 0.35063395 0.61993575 -0.0957835 0.54976416 0.74247175 0.104593 0.32630584 0.74548185 0.07418798
0.52041209 0.32692358 0.19540703 0.32627732 0.32893613 0.18270703 0.51964945 0.38952321 -0.03904764 0.29395959 0.40713221 -0.02143897 0.55240685 0.35561946 -0.45024955 0.27604181 0.36708528 -0.44401184 0.47264504 0.47769728 0.0066007 0.35442844 0.4791159 -0.00653939 0.50372082 0.61613095 -0.06184553 0.35059536 0.61994362 -0.09471152 0.54979235 0.74247861 0.09463688 0.32631946 0.74552244 0.06713477
0.5204404 0.3269318 0.19572972 0.32630861 0.32906449 0.17883748 0.51967883 0.38952401 -0.03888791 0.29417896 0.40729079 -0.02057728 0.55265278 0.35537809 -0.45257446 0.27606907 0.36807585 -0.43821505 0.47264075 0.47771159 0.00660164 0.35444033 0.47907057 -0.00653892 0.5036611 0.61613715 -0.06159519 0.35057443 0.61994761 -0.09411032 0.54980379 0.74246389 0.09441286 0.32628122 0.74560416 0.0669384 
0.5204314 0.32693881 0.21191724 0.32639131 0.32916844 0.18412021 0.51978922 0.38959238 -0.0142405 0.29419783 0.40726724 -0.01901171 0.55304754 0.35526764 -0.4108052 0.27609596 0.36750224 -0.42386165 0.472646 0.4777177 0.00659749 0.35444546 0.47908023 -0.00653417 0.50357288 0.61613101 -0.06187806 0.35056102 0.61994141 -0.09448224 0.54984725 0.74242198 0.08858471 0.32625422 0.74569613 0.0576186 
0.52042955 0.32698911 0.20160043 0.32643798 0.32942724 0.17840193 0.51965362 0.38922036 -0.02365907 0.29419103 0.40724543 -0.0321385 0.55227274 0.3552359 -0.42071372 0.27564773 0.36672896 -0.43600875 0.47264382 0.47779849 0.00649595 0.35445029 0.47911805 -0.00644188 0.50347787 0.61613774 -0.06271036 0.35055146 0.61994457 -0.09447201 0.54986268 0.74239635 0.08089654 0.32623884 0.74571747 0.05376432
0.52045739 0.32710284 0.19569162 0.32643837 0.32958111 0.17293502 0.51980442 0.3889581 -0.02505778 0.29420263 0.40748155 -0.03484786 0.55190903 0.35550192 -0.42205611 0.27683252 0.36893269 -0.43917379 0.47264147 0.47785708 0.00638305 0.35445794 0.47917527 -0.00633226 0.50338936 0.616144 -0.06273682 0.35053396 0.61994725 -0.0941393 0.54988945 0.74237698 0.08248042 0.32623693 0.74578643 0.05555405
0.52050573 0.32717305 0.1789321 0.3263194 0.32965451 0.15601975 0.52006233 0.38792166 -0.03286126 0.29416466 0.40762323 -0.04513647 0.55038893 0.35651058 -0.42586267 0.27847692 0.37155101 -0.44822493 0.47263902 0.47792307 0.00622265 0.35445324 0.47922626 -0.00617766 0.50330681 0.61614925 -0.06313086 0.35051209 0.61995131 -0.09385321 0.54992831 0.74234861 0.08218726 0.32622436 0.74581432 0.05668923
0.52052402 0.3272258 0.18225299 0.32625225 0.32965988 0.15099657 0.52064896 0.38773578 -0.0275796 0.29400921 0.40754601 -0.04288242 0.54883575 0.35948578 -0.42336974 0.29001004 0.38135302 -0.41062409 0.47266307 0.47796521 0.00632733 0.35446322 0.47926223 -0.00627519 0.50328588 0.61615384 -0.06439804 0.35050109 0.61995411 -0.09443358 0.54994452 0.74232686 0.08050601 0.3262108 0.74582887 0.05671615
0.52052104 0.32727006 0.18193853 0.32625675 0.3297649 0.15064935 0.52112156 0.38774735 -0.03044111 0.29391935 0.40752158 -0.04081091 0.54897463 0.35932094 -0.43854341 0.29149705 0.38294277 -0.41426462 0.47277805 0.47803786 0.00636443 0.35458216 0.47933042 -0.00630939 0.5032782 0.61615759 -0.06435391 0.35049537 0.61995631 -0.09400564 0.54995418 0.74222618 0.08125814 0.32617965 0.74585122 0.05838659
0.52040559 0.32741335 0.17777181 0.32628378 0.32977656 0.14391771 0.52151036 0.38772714 -0.0428918 0.29421932 0.40751708 -0.03886766 0.54906899 0.35917106 -0.46743304 0.29220098 0.38292614 -0.4016571 0.47289455 0.47808203 0.00643002 0.35470989 0.47933993 -0.00637241 0.5032236 0.61616093 -0.06428848 0.35048932 0.61994964 -0.09369083 0.5499655 0.74221033 0.0813391 0.32616878 0.74587667 0.06107878
0.52041966 0.32743374 0.17647919 0.32643887 0.32976532 0.14786951 0.52256328 0.38732448 -0.04815758 0.29427603 0.40790221 -0.02783611 0.54914165 0.35899752 -0.47250995 0.29303306 0.38282359 -0.39953303 0.47312793 0.4778882 0.00603079 0.35477638 0.47921318 -0.0059696 0.5031634 0.61612916 -0.06673685 0.35048375 0.61993039 -0.09369228 0.54997897 0.74217761 0.07998525 0.32616377 0.74589646 0.06121583
0.52039713 0.32752675 0.17410059 0.32651085 0.32976717 0.14897211 0.52554613 0.38665527 -0.05269846 0.29492205 0.40830454 -0.03472844 0.55490279 0.35683694 -0.46628231 0.28235653 0.37761456 -0.43347332 0.47312894 0.4778966 0.00555707 0.35477999 0.47920877 -0.00553421 0.50307161 0.61609787 -0.07352147 0.35047975 0.61989874 -0.09672576 0.54998863 0.74213588 0.04972936 0.32611781 0.74591076 0.03162066
0.52060831 0.32760364 0.16731386 0.32671234 0.32977909 0.15004715 0.52615118 0.38598901 -0.05199126 0.29615477 0.40834162 -0.033951 0.55476868 0.35861942 -0.45034239 0.27785796 0.3699016 -0.44187197 0.47284183 0.47782555 0.0047094 0.3547045 0.47900772 -0.00471588 0.50298977 0.6160962 -0.08216947 0.35046688 0.6198104 -0.10070084 0.55000436 0.74212241 0.03706887 0.32609066 0.745924 0.02138408
0.52116191 0.32772949 0.16368626 0.32686746 0.3299427 0.14521544 0.52870178 0.38245788 -0.02020732 0.29638863 0.40839693 -0.04329515 0.54854596 0.36573628 -0.34371951 0.2776235 0.36810511 -0.44094524 0.47280091 0.47788939 0.00470454 0.35460794 0.47904882 -0.00471307 0.50290734 0.61609894 -0.09009068 0.35042423 0.61980993 -0.10480671 0.5500176 0.74210101 0.01993307 0.32610238 0.74594009 0.00729843
0.52196991 0.32776082 0.16556244 0.32759488 0.33050588 0.15427509 0.53325844 0.38255084 -0.01974732 0.29568571 0.40892246 -0.03593654 0.55106837 0.36479753 -0.37993944 0.27047879 0.36147121 -0.44752485 0.47275966 0.47789937 0.00405446 0.35460746 0.47896579 -0.00408814 0.5028677 0.61613941 -0.09348464 0.35037383 0.61980027 -0.10880089 0.55002719 0.74212444 0.01830593 0.32611871 0.74606109 0.00149788
0.52222127 0.32780945 0.16651639 0.32820633 0.3312521 0.16199072 0.53392082 0.38273463 -0.00418041 0.29507181 0.41069996 -0.01770087 0.55371296 0.36420566 -0.36451012 0.26785949 0.35959524 -0.44145244 0.4727284 0.47792393 0.00360033 0.35459703 0.47893649 -0.00364907 0.50269002 0.61621177 -0.09170398 0.35036388 0.61978596 -0.10810506 0.55003136 0.74216187 0.0278496 0.32618368 0.74615514 0.00923724
0.52229226 0.32797569 0.19070815 0.32957643 0.33178028 0.19693573 0.5337013 0.38336197 0.01058179 0.2949782 0.41284961 0.0241019 0.55847633 0.36338818 -0.34867564 0.26553485 0.35582131 -0.3917861 0.47268796 0.47792813 0.00240498 0.35459912 0.47889772 -0.00247355 0.50245154 0.61624414 -0.09013519 0.35036027 0.61971819 -0.10776979 0.55003923 0.74216121 0.03335633 0.32625976 0.74619842 0.01310914
0.52225423 0.32813165 0.20418185 0.3301481 0.33217648 0.20590052 0.53346175 0.38482946 0.02134058 0.29502696 0.4144367 0.03530533 0.56117517 0.36184463 -0.34098354 0.26494685 0.3564437 -0.38041195 0.4727042 0.47780174 0.00198842 0.3546018 0.47863573 -0.00205083 0.50233275 0.61625588 -0.08911178 0.35039935 0.61963755 -0.10744366 0.55013192 0.74212152 0.03616378 0.32626548 0.74621004 0.01606728
0.52180719 0.32832521 0.22709523 0.33178696 0.33273998 0.23013645 0.53244078 0.38602504 0.02944813 0.2963343 0.41557816 0.05041194 0.56583047 0.35889164 -0.33614922 0.26515302 0.35522214 -0.37244087 0.47270811 0.47778121 0.00130405 0.35462567 0.47861063 -0.00136125 0.50225461 0.61636519 -0.08551675 0.35041565 0.61963177 -0.10671327 0.55024904 0.74210346 0.04414742 0.3262746 0.74621665 0.01734995
0.52180535 0.32852805 0.21808089 0.33212885 0.33292341 0.21602802 0.53294271 0.38629857 0.02314087 0.29700941 0.41551718 0.03362247 0.56734776 0.35876051 -0.37925363 0.26572356 0.35641387 -0.40146151 0.47271663 0.47774345 0.00126948 0.35462603 0.47856429 -0.00132129 0.50215316 0.61638713 -0.08146091 0.35042807 0.61961865 -0.10649066 0.55039918 0.74203736 0.05772301 0.32627511 0.74622732 0.02633673
0.52186251 0.32873076 0.21319818 0.33213159 0.33320767 0.2103153 0.53311867 0.38672721 0.02159094 0.29723141 0.41534033 0.02179226 0.56707674 0.35913441 -0.38298997 0.26605493 0.35668477 -0.41992941 0.47265729 0.47763193 0.00128007 0.35459834 0.47838247 -0.00133055 0.50200123 0.61639005 -0.08013335 0.35042676 0.61961609 -0.10639677 0.55051726 0.7418986 0.05770327 0.32621208 0.74623805 0.0262094 
0.52220565 0.32876161 0.21191329 0.33248535 0.33367687 0.20947136 0.53335363 0.38695362 0.01601618 0.29722789 0.41547263 0.0236566 0.56670648 0.35958722 -0.37410873 0.26658127 0.35741186 -0.41372588 0.47250667 0.47722539 0.00109739 0.35442531 0.47807443 -0.00114067 0.50186813 0.61636823 -0.0805985 0.35041288 0.61961365 -0.10683694 0.55059427 0.74171311 0.05758203 0.32620358 0.74624729 0.02595801
0.52207267 0.32913712 0.21066681 0.33271047 0.3337734 0.20647497 0.53212923 0.38731557 -0.00079887 0.29725108 0.4153823 0.0230166 0.56791484 0.35768408 -0.41932082 0.2683228 0.35916683 -0.4198077 0.47243288 0.47700956 0.00124289 0.35442543 0.47794411 -0.00127446 0.50183147 0.6163727 -0.07363151 0.35040256 0.61962974 -0.10485412 0.55062485 0.74173015 0.07663462 0.32643881 0.74608546 0.04448177
0.52196497 0.32936898 0.21339567 0.33296791 0.33429331 0.20867373 0.53109622 0.38769436 -0.00099979 0.2971352 0.41539189 0.02158538 0.56762826 0.35772607 -0.41121155 0.26849428 0.35936013 -0.41847944 0.47231382 0.47679141 0.00124109 0.35443625 0.4777959 -0.00127027 0.50178581 0.61635882 -0.07390362 0.35039699 0.61963075 -0.10492861 0.55063576 0.74173564 0.07310235 0.32700047 0.74602008 0.04244198
0.52215254 0.32941204 0.21498233 0.33315697 0.33492246 0.21120849 0.53039688 0.3876586 0.01294628 0.29676449 0.41553646 0.02756392 0.56714988 0.35816288 -0.35783383 0.26866511 0.35949346 -0.39129189 0.47196224 0.47676167 0.00119026 0.35443613 0.47770643 -0.00122169 0.50176018 0.61634237 -0.0778821 0.35039496 0.61962754 -0.10668607 0.55065739 0.74173445 0.05898566 0.32734758 0.74598992 0.03162153
0.52222371 0.32941902 0.22233751 0.33353075 0.33532396 0.21997179 0.53030348 0.38757408 0.03094672 0.29625908 0.41562185 0.04538158 0.5669651 0.35818121 -0.32510117 0.26866847 0.35945714 -0.36048645 0.47178531 0.47671559 0.00105227 0.35447341 0.47765365 -0.00108439 0.50174826 0.61632621 -0.08349286 0.35039666 0.6196264 -0.10887708 0.55067158 0.74174863 0.04566812 0.32797092 0.7460081 0.02156308
0.52253348 0.32947487 0.21608198 0.33348951 0.33550587 0.2002418 0.53141671 0.38608912 0.03791291 0.29635808 0.41560066 0.03240633 0.56637037 0.3586784 -0.28733841 0.26898867 0.35985872 -0.37234679 0.47178066 0.47681129 0.00118838 0.35454595 0.47776493 -0.00122159 0.50167453 0.61631757 -0.08382518 0.35038218 0.61962152 -0.10891698 0.55068368 0.7418167 0.04128807 0.32806897 0.7459982 0.01770319
0.52263469 0.32965121 0.21166509 0.33345386 0.33561081 0.1946234 0.53162712 0.38596553 0.0363761 0.29671127 0.41563904 0.03091564 0.56593186 0.35916153 -0.29400027 0.26906201 0.36033911 -0.37478375 0.47183746 0.47693342 0.00119001 0.35466167 0.47793433 -0.00122304 0.50162584 0.61627674 -0.08380955 0.35035291 0.61961895 -0.10884826 0.55069399 0.74187249 0.04121812 0.32819998 0.74598622 0.01795273
0.52266777 0.32983688 0.20134148 0.33342946 0.33571666 0.19258371 0.53161019 0.38607726 0.02503936 0.2970511 0.41604999 0.02869817 0.56583071 0.35949132 -0.3057155 0.26910418 0.36096182 -0.37687606 0.47185817 0.47725317 0.00084288 0.35480854 0.47829232 -0.0008767 0.50160259 0.61627614 -0.08372243 0.35028371 0.61961764 -0.10843174 0.55072975 0.74191648 0.04204876 0.32821795 0.74598324 0.0186333 
5.22664249e-01 3.29902798e-01 2.06828028e-01 3.33545089e-01 3.35894316e-01 2.01575637e-01 5.31600893e-01 3.86425316e-01 2.36511063e-02 2.97081798e-01 4.16325301e-01 3.09049580e-02 5.66383898e-01 3.59269559e-01 -3.24413568e-01 2.68720508e-01 3.60430598e-01 -3.78402889e-01 4.71867293e-01 4.77261037e-01 6.82465557e-04 3.55009794e-01 4.78337288e-01 -7.20948388e-04 5.01593113e-01 6.16189003e-01 -8.37224573e-02 3.50283206e-01 6.19486511e-01 -1.08352371e-01 5.50786197e-01 7.41919160e-01 4.23044674e-02 3.28216463e-01 7.45935619e-01 1.89179461e-02
0.52254522 0.33012065 0.21173042 0.33376518 0.33639398 0.2031012 0.53188652 0.38652471 0.02296967 0.29728845 0.41657293 0.03073558 0.5668782 0.35863221 -0.34615082 0.26847881 0.36018211 -0.38130164 0.47194564 0.47723261 0.00079183 0.35540074 0.47835058 -0.0008372 0.50153965 0.61589962 -0.08297693 0.35032874 0.61924881 -0.10829226 0.55083025 0.74178112 0.04230901 0.32820806 0.74587697 0.01659463
0.52240169 0.33063629 0.20059167 0.33370182 0.3367061 0.19209431 0.5318808 0.38715887 -0.01759372 0.29929817 0.41726103 0.0033817 0.56734258 0.35679346 -0.42629451 0.2685101 0.36268455 -0.42352217 0.47196928 0.47706077 0.00121914 0.35548329 0.47834721 -0.00127186 0.50156891 0.61553138 -0.08675053 0.35027099 0.61902565 -0.11228837 0.55084014 0.74183953 0.03159318 0.32817239 0.74581826 0.01157924
0.52175605 0.33119625 0.22004521 0.33303183 0.33668852 0.20617397 0.53040755 0.39105606 0.02519708 0.29928493 0.41783428 0.03247753 0.56729358 0.35773578 -0.36967883 0.26864424 0.364346 -0.37714887 0.47194257 0.47669694 0.00173912 0.35547394 0.47812563 -0.00178663 0.501616 0.61492556 -0.08662798 0.35006848 0.61886537 -0.11308444 0.55083376 0.74186522 0.03346577 0.32812345 0.74576128 0.0124494 
0.52187508 0.3322486 0.1770999 0.331402 0.33708069 0.15505224 0.53255653 0.39077193 0.0111646 0.29897919 0.41836396 -0.01839858 0.55790859 0.3674905 -0.3587856 0.27983013 0.37807947 -0.40299937 0.47194332 0.47632521 0.00219713 0.35539871 0.47769055 -0.00226259 0.50240707 0.61402828 -0.08622325 0.34994376 0.6185652 -0.11396445 0.55073994 0.74187148 0.02338604 0.3281064 0.74584633 -0.00453447
0.52158391 0.33416706 0.24245213 0.33107355 0.33762583 0.23521577 0.52926135 0.39969453 0.05891971 0.29841548 0.4198963 0.07070942 0.56415284 0.36454201 -0.32897744 0.26696211 0.36899385 -0.3468681 0.47166577 0.47633117 0.00245323 0.3553398 0.4776614 -0.00249686 0.5037365 0.6136477 -0.09373038 0.34965688 0.61841375 -0.11887281 0.55074435 0.74184495 0.02560641 0.32806236 0.74623626 -0.00108216
0.52153248 0.33604571 0.26188505 0.33107427 0.33998764 0.25917333 0.52722293 0.40360531 0.08848468 0.29811552 0.42165425 0.10310127 0.56446981 0.36415046 -0.27076048 0.26161173 0.36881959 -0.29066014 0.4716464 0.47641322 0.00266363 0.35533383 0.47767556 -0.00271118 0.50661659 0.61341339 -0.09504566 0.34933883 0.61770457 -0.12014081 0.55074704 0.74182647 0.01441798 0.32798412 0.74630225 -0.00639299
0.52171379 0.33994979 0.2515761 0.33106887 0.3441081 0.25783744 0.52694142 0.40677124 0.07572156 0.29402927 0.42318138 0.08491126 0.56460172 0.36492121 -0.32742155 0.25377274 0.36329907 -0.32491249 0.47161064 0.47841951 0.00269696 0.35533634 0.47881749 -0.00274406 0.5103156 0.61362076 -0.10702913 0.347507 0.61770749 -0.12125514 0.5508948 0.74198782 0.01677318 0.3279497 0.74666196 -0.00187533
5.23302376e-01 3.43731999e-01 4.13998067e-02 3.30211043e-01 3.47664207e-01 5.20936809e-02 5.28009236e-01 4.05677706e-01 -1.83106825e-01 2.89179921e-01 4.25144255e-01 -1.54948443e-01 5.52368522e-01 3.78278226e-01 -6.32871985e-01 2.53093988e-01 3.71702999e-01 -6.14052296e-01 4.71491814e-01 4.79226798e-01 2.71015358e-03 3.55166703e-01 4.79282945e-01 -2.77091400e-03 5.13916552e-01 6.13743424e-01 -1.10986695e-01 3.44336092e-01 6.17818952e-01 -1.14770442e-01 5.50946236e-01 7.41998613e-01 -5.03379526e-03 3.27529430e-01 7.46633351e-01 -4.52642678e-04
0.52365243 0.35034713 0.04227857 0.32743317 0.35119957 0.04592737 0.5280146 0.4058831 -0.12078049 0.28948295 0.42861474 -0.12200437 0.52953553 0.39790085 -0.4833968 0.26651743 0.4082059 -0.49508265 0.47125891 0.48255131 0.0027422 0.35465693 0.48139369 -0.00284022 0.51886541 0.61446995 -0.1081975 0.33968085 0.6178177 -0.11980175 0.55136257 0.74203807 -0.01562587 0.32702988 0.7466206 -0.0141009 
0.52261513 0.35666284 -0.03333042 0.32619581 0.35550717 -0.06099963 0.52803421 0.40685657 -0.2516135 0.29225349 0.42785794 -0.29147774 0.53382307 0.39796129 -0.68192941 0.31532425 0.40310341 -0.72285122 0.47101769 0.48394838 0.00414506 0.35431486 0.48262855 -0.00427908 0.52349293 0.6144889 -0.1538472 0.33592993 0.6177696 -0.16249037 0.55138069 0.74201971 -0.02068313 0.32681412 0.74711955 -0.01087895
0.51916826 0.36288604 0.05637163 0.3254573 0.36129722 0.0463201 0.52653527 0.4149358 -0.16234739 0.29792124 0.42742345 -0.1637544 0.53507304 0.40043342 -0.54989898 0.34603497 0.40357116 -0.56574929 0.46971989 0.48903105 0.00486235 0.35329321 0.48671606 -0.00498692 0.52678567 0.61568481 -0.16653232 0.33123457 0.61874634 -0.17258817 0.55181366 0.74169135 -0.04062135 0.32680973 0.74755412 -0.02512624
0.51704216 0.36891988 0.08065581 0.32549113 0.36740181 0.0794639 0.52186912 0.43037316 -0.13095704 0.29785937 0.43213856 -0.13115978 0.54107887 0.39641654 -0.5135712 0.32089922 0.40517905 -0.54847556 0.46890718 0.49515912 0.0043994 0.35328603 0.49086797 -0.00448354 0.53062278 0.61630565 -0.20760037 0.32822517 0.6187405 -0.24382766 0.55192983 0.74164873 -0.05353817 0.32643005 0.74745083 -0.05913161
0.51394361 0.37430257 0.24499568 0.32896867 0.37625736 0.22880416 0.52214921 0.43409187 0.10239184 0.29783481 0.44568509 0.07104134 0.55592799 0.39451993 -0.22079699 0.28337312 0.40203109 -0.33444694 0.46791264 0.50145179 0.00163016 0.35349864 0.49757484 -0.00165007 0.53472006 0.61877185 -0.24736124 0.32637712 0.61881447 -0.30706245 0.55201715 0.74168479 -0.17213801 0.32611978 0.74775594 -0.18261325
5.12327731e-01 3.83186847e-01 2.18285561e-01 3.29866230e-01 3.86246055e-01 2.04565659e-01 5.15375376e-01 4.44453597e-01 1.05331436e-01 2.93344498e-01 4.57996547e-01 6.54829666e-02 5.57791889e-01 4.05169785e-01 -1.98204324e-01 2.64317274e-01 4.06619966e-01 -3.28377694e-01 4.67520297e-01 5.06444395e-01 -1.36399773e-04 3.53852302e-01 5.02435923e-01 1.37399358e-04 5.37506461e-01 6.19770944e-01 -2.80070066e-01 3.25207353e-01 6.18803144e-01 -3.39890391e-01 5.51833153e-01 7.41667151e-01 -1.96504250e-01 3.25932294e-01 7.47751951e-01 -2.13424951e-01
5.12022614e-01 3.91902715e-01 1.63073882e-01 3.29862058e-01 3.94360840e-01 1.50107771e-01 5.16636193e-01 4.48064804e-01 5.75614236e-02 2.91922480e-01 4.64487642e-01 4.72136289e-02 5.60609519e-01 4.13596988e-01 -3.02537769e-01 2.57081538e-01 4.15025234e-01 -3.69486749e-01 4.67664242e-01 5.11880040e-01 1.82621847e-07 3.54828626e-01 5.08315742e-01 1.46479360e-05 5.40800869e-01 6.21348441e-01 -3.23434502e-01 3.24701905e-01 6.18885934e-01 -3.72459352e-01 5.51894128e-01 7.41681933e-01 -2.27978691e-01 3.25859040e-01 7.47770011e-01 -2.45708212e-01
0.51061344 0.40268701 0.11641701 0.32988468 0.40505007 0.06759176 0.52008581 0.4524093 -0.00857172 0.29197931 0.47010019 -0.06014151 0.56303555 0.41805515 -0.37268198 0.25887585 0.4207674 -0.44764036 0.46763572 0.51725459 0.00669714 0.3548564 0.51486182 -0.00660542 0.54128599 0.62152088 -0.39951068 0.32496956 0.61808085 -0.46316832 0.55259776 0.74169141 -0.33505005 0.32553458 0.74907374 -0.37928981
0.50791252 0.41213638 0.03740409 0.32961398 0.41612667 -0.01907857 0.5225684 0.46014008 -0.1230577 0.29174283 0.48074219 -0.13344587 0.56761658 0.42302388 -0.51674783 0.25419143 0.42635375 -0.47131339 0.46761596 0.52409333 0.00975809 0.35487267 0.52180982 -0.00963072 0.54311442 0.62274367 -0.44302922 0.32494816 0.61803943 -0.50676554 0.55244035 0.74170607 -0.34107271 0.3252885 0.74935347 -0.39244303
0.50676465 0.41936854 -0.00612114 0.33000866 0.42412385 -0.05129003 0.52501667 0.46994111 -0.18731973 0.29010862 0.48828378 -0.19970487 0.56901675 0.42873585 -0.61636156 0.25020793 0.42880449 -0.57815456 0.46739504 0.5301708 0.0122403 0.35510802 0.52753866 -0.01216234 0.54441613 0.62383652 -0.48995876 0.32509691 0.61823756 -0.52788955 0.55237919 0.74170506 -0.37035698 0.32519084 0.74982804 -0.40899074
0.50710863 0.4275015 -0.06657543 0.33016664 0.43423751 -0.11960836 0.52521563 0.47803789 -0.11959651 0.28849405 0.49678621 -0.25243297 0.56905556 0.44069591 -0.34632674 0.25077167 0.43821871 -0.59432191 0.46663705 0.53738528 0.01182006 0.35509431 0.5340026 -0.01175946 0.5450505 0.62459975 -0.50568783 0.32508045 0.61890405 -0.54166168 0.55227196 0.74168378 -0.38005346 0.3252638 0.75052947 -0.41107965
0.50773078 0.43665716 -0.14691019 0.33016098 0.44537845 -0.24856195 0.52624762 0.48109579 0.08743729 0.28612635 0.50388914 -0.39592892 0.56858981 0.44718298 0.20050672 0.2521649 0.44213435 -0.73379588 0.46662277 0.5448578 0.01207247 0.35507399 0.54162383 -0.01209263 0.54625034 0.62511379 -0.55423027 0.32522756 0.61905092 -0.60232109 0.55279267 0.74166167 -0.37453216 0.32523867 0.75164986 -0.41585901
0.50792366 0.44618216 -0.20515822 0.32872543 0.45207658 -0.29166821 0.52577204 0.49015933 0.04472662 0.28536093 0.51052588 -0.39409009 0.56760818 0.45735973 0.1495827 0.25116363 0.45416924 -0.67727077 0.46670777 0.55284113 0.01213068 0.35491291 0.55053937 -0.0121853 0.549725 0.62764323 -0.58272159 0.32514262 0.62089634 -0.62354833 0.5533067 0.74207777 -0.35857722 0.3251414 0.75165695 -0.39753169
0.50800347 0.45554429 -0.2719318 0.32789332 0.46264067 -0.30587441 0.52661729 0.50256455 -0.24488544 0.28247473 0.51729274 -0.42758551 0.56843615 0.46652195 -0.37561059 0.24955466 0.46258757 -0.72976524 0.46642643 0.56155574 0.01101454 0.3543914 0.55834222 -0.01098093 0.55265409 0.63123935 -0.62264156 0.32522345 0.62389964 -0.67424285 0.55341941 0.74302804 -0.37461272 0.32485905 0.75131691 -0.41822115
0.50810409 0.46092546 -0.16266188 0.32734254 0.46845484 -0.18786348 0.52873403 0.50630945 -0.16601922 0.27961665 0.52423733 -0.17048873 0.56881601 0.47366494 -0.11897466 0.24853137 0.46986443 -0.27332661 0.46685082 0.56996238 0.00602817 0.3544032 0.56718349 -0.00585673 0.55443138 0.63241613 -0.68862474 0.32521966 0.62513709 -0.69942737 0.55350018 0.7430734 -0.47112909 0.32458201 0.75123322 -0.48551601
0.50817782 0.46825829 -0.22095779 0.32774979 0.47788528 -0.23108929 0.52957755 0.51426703 -0.26215413 0.27903894 0.53118312 -0.25409487 0.5729354 0.47889939 -0.46428576 0.24826008 0.47577363 -0.43504474 0.46788099 0.57488692 0.00422911 0.35522205 0.57201248 -0.00400638 0.55495083 0.6347726 -0.69234341 0.32526961 0.6266197 -0.68919778 0.55365485 0.74387968 -0.46143311 0.32453108 0.75062549 -0.46886328
0.5084033 0.47529826 -0.30554673 0.32738689 0.48422512 -0.3262434 0.5362429 0.51213074 -0.24861233 0.27803645 0.53680897 -0.38041806 0.5735032 0.48604587 -0.335581 0.24537091 0.47957987 -0.5440582 0.46812505 0.58221203 0.00430839 0.355225 0.57996887 -0.00411675 0.55530679 0.6371088 -0.7058903 0.32531047 0.62767261 -0.69408417 0.55383772 0.744331 -0.41954756 0.32452142 0.75038153 -0.43347815
0.50839818 0.47987542 -0.32314029 0.32695362 0.49041089 -0.37659746 0.53746587 0.51824379 -0.19648823 0.27787429 0.542723 -0.50230712 0.57421124 0.48904851 -0.17385778 0.24492721 0.4880375 -0.75955456 0.46904945 0.58543545 0.00433883 0.35534638 0.58349079 -0.00415627 0.55682534 0.63681376 -0.69185305 0.32489753 0.62975776 -0.69924492 0.55397087 0.74456781 -0.40458468 0.32451603 0.75074399 -0.42410004
0.50784969 0.48394454 -0.36173722 0.32648757 0.49323171 -0.39935026 0.53683811 0.52754414 -0.31893054 0.27741715 0.54789543 -0.59298366 0.57400364 0.49111116 -0.39831981 0.24540287 0.49348369 -0.95267099 0.46905783 0.5907557 0.00533871 0.35551569 0.5899747 -0.00514367 0.56162715 0.63822365 -0.67760772 0.32356355 0.63157845 -0.71263492 0.55401593 0.7450071 -0.34148884 0.32452545 0.75107175 -0.40555704
0.50696623 0.48662701 -0.35022941 0.32593054 0.49583966 -0.39552054 0.53563851 0.53631395 -0.24454942 0.27702397 0.55349833 -0.60331106 0.57374561 0.49686047 -0.09787028 0.24484193 0.49841121 -0.9878704 0.46903944 0.59479529 0.00562741 0.35562968 0.59472823 -0.00550207 0.56481075 0.63884842 -0.67846715 0.32072422 0.63464284 -0.7047652 0.55401945 0.74530929 -0.32161623 0.3244015 0.75188273 -0.36642155
0.50623369 0.48783875 -0.33046329 0.32594413 0.49718606 -0.4146477 0.53543973 0.53291953 -0.07612994 0.27708632 0.55270618 -0.57102174 0.57361645 0.49655968 0.10532561 0.24510925 0.4982855 -0.87781429 0.46908107 0.59322894 0.00675823 0.35600978 0.59379858 -0.00676209 0.56425208 0.63863957 -0.70816684 0.32095459 0.63413143 -0.71077818 0.55387759 0.74592417 -0.36950955 0.32462516 0.7523793 -0.40515211
0.50583565 0.49356601 -0.35205457 0.32581246 0.50466251 -0.39285356 0.53537267 0.53921163 -0.29894575 0.27727753 0.56014556 -0.61043459 0.5735091 0.50243527 -0.36598262 0.24490322 0.50526196 -1.00884008 0.46996015 0.59991759 0.00677018 0.35819256 0.59936512 -0.0067724 0.56645072 0.64031333 -0.69621694 0.32050031 0.63428175 -0.71500015 0.55365026 0.7460025 -0.34615925 0.32521495 0.75234276 -0.38815251
0.50547725 0.49842405 -0.33136252 0.32576212 0.50743818 -0.39133334 0.53514844 0.54359287 -0.18571702 0.27732271 0.56391007 -0.59259081 0.57365936 0.50847393 -0.08980861 0.24418135 0.51079172 -0.96459454 0.47088945 0.60560125 0.00790706 0.35893083 0.60476142 -0.00792205 0.57010609 0.64167869 -0.69264388 0.31882724 0.63668549 -0.73289555 0.55324137 0.74616969 -0.3371323 0.32522953 0.75261813 -0.38871291
0.50551522 0.50407457 -0.35880181 0.32567927 0.51294887 -0.41909218 0.53468353 0.5506224 -0.19923386 0.27746722 0.56728882 -0.63428056 0.57390249 0.5142985 -0.12748037 0.24342069 0.51846492 -1.02279603 0.47100678 0.61024469 0.00972262 0.35902032 0.6097194 -0.0097462 0.57191241 0.64339817 -0.6891377 0.31810161 0.63745135 -0.74305195 0.55307686 0.74620426 -0.33545941 0.32511511 0.7525934 -0.39072391
0.50527179 0.51003391 -0.35642985 0.32615584 0.51631576 -0.38367221 0.53452885 0.55516917 -0.1540819 0.2775664 0.56809151 -0.59710133 0.57407862 0.51931983 -0.07873871 0.24292579 0.52102888 -0.97557521 0.47146288 0.61439168 0.0123344 0.35923404 0.61469102 -0.01247052 0.57282841 0.64421833 -0.71322149 0.31795803 0.63804823 -0.78290015 0.55281812 0.74689823 -0.36834592 0.32511798 0.75280476 -0.44292745
0.50521243 0.51357722 -0.33020777 0.32642436 0.52095968 -0.40501422 0.53448123 0.55756783 -0.03043132 0.27794018 0.57133752 -0.568919 0.57452542 0.52356464 0.20679717 0.24247007 0.52508777 -0.92312592 0.47157329 0.618545 0.01227423 0.35942066 0.6184724 -0.01240406 0.57362086 0.64596814 -0.7212739 0.31722438 0.64243084 -0.75491625 0.5528003 0.74758136 -0.36649695 0.32495567 0.75291944 -0.4307282 
0.50501674 0.5164215 -0.28443098 0.32671922 0.52271926 -0.33344615 0.53436136 0.56257212 -0.20802276 0.27914277 0.5747999 -0.52154529 0.57483655 0.52850181 -0.27815294 0.2425254 0.53015763 -0.92132932 0.47168049 0.62223583 0.01212516 0.35964572 0.62228334 -0.01224923 0.57520521 0.64600688 -0.70988172 0.31663162 0.64401591 -0.73884779 0.55276585 0.74832577 -0.38423666 0.32495254 0.75335956 -0.42184272
0.50512218 0.51884162 -0.28654197 0.32692471 0.52701515 -0.31211364 0.53462124 0.5637064 -0.33605212 0.27920452 0.57759213 -0.56042355 0.57478261 0.5316444 -0.50282395 0.24238898 0.53093785 -1.00933754 0.47245917 0.62452781 0.0119757 0.36018425 0.62534344 -0.01206543 0.5766269 0.64554119 -0.72088546 0.31670848 0.6440208 -0.73234373 0.55283499 0.74830776 -0.42278764 0.32498464 0.75427747 -0.42637509
0.50520289 0.52161407 -0.27501097 0.32699111 0.5285449 -0.2742385 0.53502035 0.56554192 -0.4469229 0.27921948 0.57989955 -0.56034636 0.57476467 0.53389174 -0.75180459 0.24246021 0.53391004 -1.03520799 0.47372121 0.62804675 0.01178681 0.36163056 0.62895024 -0.01180418 0.57755274 0.645338 -0.73149925 0.31689447 0.64340389 -0.74453169 0.55283338 0.74830818 -0.46154043 0.32497895 0.75457281 -0.46197808
0.50598389 0.52381784 -0.25359556 0.32695732 0.53122258 -0.24455708 0.53624874 0.56776237 -0.49910554 0.27923262 0.58341396 -0.55592304 0.57559621 0.53583378 -0.8827529 0.24251181 0.53599113 -1.02168131 0.47463876 0.62973714 0.0115222 0.36283922 0.63154131 -0.01144965 0.57802457 0.6450606 -0.72493017 0.31704324 0.64320439 -0.73853493 0.55280906 0.74827313 -0.46232662 0.32511047 0.75478065 -0.46064132
0.5063346 0.52638799 -0.12485168 0.32709765 0.5335685 -0.14267506 0.536852 0.56927377 -0.19684124 0.27920195 0.58482617 -0.39743859 0.57585216 0.53569293 -0.39394569 0.24241273 0.53632671 -0.83719867 0.47501475 0.63222229 0.0113552 0.36312154 0.63397986 -0.01124702 0.57822299 0.64487976 -0.67801118 0.31746912 0.64378822 -0.67658603 0.55271459 0.7473067 -0.43782449 0.32542223 0.75477475 -0.43057549
0.50652152 0.5277983 -0.09564584 0.32722357 0.53526789 -0.10637746 0.53712112 0.57172829 -0.25436929 0.2792159 0.58799756 -0.33857858 0.57610416 0.53953165 -0.59481645 0.24244709 0.53884429 -0.75087714 0.47611615 0.63338363 0.01127593 0.36393234 0.63588673 -0.01118142 0.57834643 0.6448589 -0.66168642 0.31862456 0.64482522 -0.65848237 0.55272561 0.74682021 -0.44445801 0.3255738 0.75475162 -0.43007916
0.5069226 0.52921778 -0.09145357 0.32726505 0.53773159 -0.10854076 0.53792888 0.57220727 -0.25372228 0.27922419 0.58970898 -0.34342518 0.57628137 0.54034233 -0.54715711 0.24282305 0.54121238 -0.75746495 0.47714972 0.63496107 0.01125188 0.36463538 0.6373474 -0.01109598 0.5788939 0.64500046 -0.65694642 0.31932589 0.64511001 -0.66843909 0.5527097 0.74640757 -0.44510639 0.32563636 0.75483787 -0.44395491
5.07105649e-01 5.31571925e-01 6.75025745e-04 3.27622652e-01 5.38778365e-01 -2.01164093e-02 5.37862897e-01 5.74252307e-01 -2.02201769e-01 2.78906465e-01 5.89188933e-01 -2.29535967e-01 5.76410353e-01 5.42496562e-01 -5.31202555e-01 2.42947415e-01 5.42066991e-01 -6.03309393e-01 4.77314353e-01 6.36421323e-01 1.12610320e-02 3.64781708e-01 6.38864160e-01 -1.10658873e-02 5.79267144e-01 6.44927621e-01 -6.40222549e-01 3.20330471e-01 6.45499229e-01 -6.46391630e-01 5.52777529e-01 7.45853543e-01 -4.59858537e-01 3.25652152e-01 7.54826128e-01 -4.55811590e-01
0.5071153 0.53275877 -0.06535596 0.32760239 0.53966755 -0.08908951 0.53786689 0.57508475 -0.34086311 0.27891651 0.58953744 -0.3470338 0.57664824 0.54311526 -0.77532184 0.24367401 0.54256999 -0.72135437 0.47724718 0.63781464 0.01138109 0.36472437 0.64082658 -0.01115779 0.57994109 0.64494836 -0.65207195 0.32034048 0.64624077 -0.69937223 0.55285996 0.74586284 -0.48003688 0.32571056 0.75504941 -0.51300502
0.50783616 0.5328297 -0.06044873 0.32759857 0.53916389 -0.08586124 0.53796947 0.57584411 -0.33892262 0.27874362 0.59001184 -0.35019022 0.57736701 0.54365563 -0.76683301 0.24422584 0.54300147 -0.77356035 0.47725162 0.63928246 0.01138168 0.36467576 0.6420756 -0.01114426 0.58003902 0.64498812 -0.65639228 0.3203665 0.64672381 -0.71800762 0.55286211 0.74591619 -0.49145395 0.32578951 0.75503999 -0.53979075
0.50894457 0.53367984 -0.09847075 0.32781112 0.540667 -0.11733156 0.53817725 0.57397932 -0.35588887 0.27856845 0.59087539 -0.37150466 0.57742751 0.54438955 -0.75556338 0.24499339 0.54463482 -0.83325082 0.47734556 0.63986117 0.0109853 0.36470675 0.64240617 -0.01069497 0.57994038 0.64501899 -0.66317594 0.32032531 0.64746284 -0.71836883 0.55285001 0.74586445 -0.485966 0.32580018 0.75538158 -0.519858 
0.50935113 0.53510743 -0.06597465 0.32830775 0.54123372 -0.08228868 0.53872114 0.57469976 -0.33970442 0.2782867 0.59102815 -0.33944583 0.5777896 0.54486603 -0.75070339 0.24531321 0.54438114 -0.77734762 0.47734207 0.64046538 0.01097671 0.36476144 0.64254797 -0.01068046 0.57991248 0.64512473 -0.65285438 0.32021123 0.64745206 -0.71006852 0.55280221 0.74583888 -0.48030984 0.32582548 0.75554109 -0.51455659
0.51052284 0.53539139 -0.08805759 0.32902753 0.54138297 -0.0860797 0.5387643 0.57535005 -0.40326002 0.27801847 0.59166235 -0.38938862 0.57939225 0.54375732 -0.8259933 0.24596821 0.54421109 -0.83337086 0.47758558 0.64026797 0.01098028 0.3647573 0.6421845 -0.01068375 0.57995129 0.64542222 -0.65494746 0.32003212 0.64742339 -0.71555585 0.55280221 0.74546486 -0.46149418 0.32586563 0.75560224 -0.50326931
0.51097965 0.5356186 -0.09907741 0.32909876 0.54110724 -0.11099423 0.53918314 0.57501191 -0.38300657 0.27777246 0.59144646 -0.38867968 0.5806576 0.54316729 -0.79445243 0.24596882 0.54363638 -0.82878464 0.47776631 0.64034921 0.01102455 0.36474365 0.64216596 -0.01072699 0.58004183 0.64577824 -0.65758163 0.31975383 0.64767277 -0.71712202 0.55278611 0.7453568 -0.45312724 0.32588443 0.75562233 -0.4972575 
0.51096642 0.53582501 -0.08508037 0.32912374 0.54106301 -0.10326414 0.53916186 0.57501024 -0.3594462 0.27758247 0.59146965 -0.36329028 0.58059537 0.54309553 -0.76111859 0.2459823 0.54352647 -0.79816526 0.47812834 0.64035064 0.01101806 0.36476684 0.64217466 -0.01072031 0.58007228 0.64615226 -0.65937269 0.31929684 0.64765424 -0.71536249 0.55277604 0.74516976 -0.45493221 0.32592693 0.75562018 -0.49867967
0.51099628 0.53660142 -0.11011177 0.32912263 0.54102778 -0.12317076 0.53932899 0.574929 -0.40644941 0.27738613 0.5916515 -0.40450811 0.58076888 0.54298717 -0.83241218 0.24614753 0.54397464 -0.85843384 0.47829154 0.64048523 0.01098419 0.3647517 0.64233875 -0.0106872 0.58009917 0.64632267 -0.6650672 0.31901488 0.64792687 -0.72238082 0.55277503 0.74500847 -0.45547214 0.32595745 0.7556113 -0.49946854
0.51108241 0.53701311 -0.13359089 0.32916144 0.54109007 -0.14594285 0.53986353 0.57499093 -0.42237136 0.27716145 0.59163231 -0.42122608 0.58109939 0.54292595 -0.84262234 0.24643038 0.54443848 -0.87055153 0.47829789 0.64028335 0.01096399 0.36438447 0.64226025 -0.01066777 0.580024 0.6466822 -0.66578245 0.31890681 0.64806807 -0.72144634 0.55277401 0.74497259 -0.4488219 0.32596129 0.75553894 -0.49681944
0.51114589 0.53644007 -0.10744793 0.32941437 0.54121202 -0.12072878 0.54044271 0.57494545 -0.39451697 0.27684027 0.59165961 -0.3813034 0.58169246 0.54296452 -0.78937292 0.24655056 0.54473346 -0.81322569 0.47828612 0.64034361 0.01084945 0.36426985 0.64231801 -0.01055091 0.57934296 0.64684856 -0.6591242 0.31888369 0.64816719 -0.70757896 0.55276877 0.74495083 -0.44841304 0.32596636 0.75553435 -0.49098098
0.51112229 0.53605497 -0.13386187 0.32941747 0.54098642 -0.14868255 0.54145616 0.57479727 -0.41764793 0.27668542 0.59189737 -0.41624358 0.58222163 0.54271531 -0.84094918 0.24655083 0.54475188 -0.86048228 0.47833478 0.64010686 0.01081843 0.36427778 0.64209253 -0.01051588 0.5778265 0.64697462 -0.66146457 0.3190636 0.64822382 -0.71504396 0.55273968 0.74496746 -0.44565216 0.32596865 0.75561589 -0.48689604
0.51090908 0.53588909 -0.15483408 0.32940903 0.54084164 -0.16441604 0.54144448 0.5747261 -0.43806365 0.27636719 0.59174526 -0.4340696 0.58238739 0.54268241 -0.86169308 0.24654625 0.54456228 -0.87884271 0.4781037 0.6399374 0.01081295 0.36426607 0.64192748 -0.01050883 0.57442528 0.64722258 -0.66251153 0.32005435 0.6486122 -0.71311599 0.55270737 0.74493027 -0.42932093 0.3259719 0.75562465 -0.4613153 
0.51078421 0.53426552 -0.10464571 0.32941407 0.54043198 -0.11378996 0.54082876 0.57357901 -0.36029342 0.27576023 0.5914185 -0.34334078 0.5823558 0.54170293 -0.75382859 0.24625327 0.54304379 -0.73710704 0.4781028 0.63833618 0.01079292 0.36433119 0.64013374 -0.01048446 0.5710029 0.64721656 -0.65805328 0.32163689 0.64876866 -0.67623764 0.55263865 0.7448498 -0.4235709 0.32597488 0.75562298 -0.43914592
0.51068646 0.53380692 -0.10821421 0.32957849 0.53927249 -0.12011573 0.54080999 0.57152951 -0.36474973 0.27577487 0.59047067 -0.35420164 0.58287919 0.53787917 -0.75942135 0.24625419 0.54027534 -0.74660397 0.47809413 0.63602036 0.01110602 0.36426026 0.63697016 -0.01077603 0.5687778 0.64749527 -0.63487786 0.32419938 0.64869779 -0.65496075 0.5524956 0.74490994 -0.40451878 0.32598299 0.75552887 -0.42726493
0.51112676 0.53264934 -0.15282382 0.32956901 0.53563035 -0.16398986 0.54079318 0.56963229 -0.41805381 0.27613986 0.58876765 -0.39833906 0.58407122 0.53466779 -0.81456101 0.24631926 0.53894842 -0.7573725 0.4780843 0.63304979 0.01115567 0.36405012 0.63344419 -0.01082093 0.56786513 0.64760715 -0.63956034 0.32599831 0.64762849 -0.66202658 0.55211312 0.74528909 -0.41112858 0.3259742 0.75553912 -0.42317274
0.51119351 0.52876097 -0.1833287 0.32963765 0.53162748 -0.18751767 0.53697461 0.56873423 -0.45728639 0.27679864 0.58639914 -0.41688141 0.58401805 0.53368181 -0.87972009 0.24698164 0.53640306 -0.78713721 0.47787452 0.62931257 0.01117018 0.36390871 0.62927049 -0.01082885 0.56632173 0.64753777 -0.64496297 0.32807618 0.64534581 -0.66454047 0.55207688 0.74540114 -0.41536766 0.32594436 0.75567776 -0.42635179
0.51133567 0.52424055 -0.22020854 0.33036527 0.52804136 -0.22905371 0.53698534 0.56231672 -0.45984197 0.27818576 0.58111739 -0.43991148 0.58420449 0.53026384 -0.84973621 0.24828437 0.53185111 -0.79071373 0.4778204 0.62328911 0.01112316 0.3641884 0.6225006 -0.01077335 0.56483299 0.64754242 -0.64749479 0.32972613 0.6436258 -0.64379936 0.55194807 0.74541849 -0.40540737 0.32592735 0.75553536 -0.39816919
0.51167351 0.52019918 -0.28307638 0.33132181 0.52510417 -0.28091547 0.53669697 0.55708301 -0.5621624 0.27974555 0.57605654 -0.48744828 0.58409917 0.5255937 -1.00503504 0.24996468 0.52834314 -0.8401984 0.47781673 0.61737114 0.01113981 0.36444286 0.61700261 -0.01078582 0.56097502 0.64726365 -0.66127372 0.33172408 0.64146072 -0.6410715 0.55195475 0.74596101 -0.40103519 0.32592544 0.75487256 -0.37835503
0.51200885 0.51617074 -0.30744305 0.3315461 0.52093458 -0.31094632 0.53674024 0.55151588 -0.55898345 0.28098825 0.57127213 -0.53660566 0.58414376 0.5202772 -0.96053964 0.25218636 0.52408218 -0.9061138 0.47781995 0.60952103 0.01136871 0.36478725 0.60918051 -0.01102942 0.55687004 0.64678693 -0.66123873 0.3346613 0.63964647 -0.63149482 0.55207407 0.74699914 -0.39371854 0.32583359 0.75472826 -0.37703693
0.51175684 0.51275146 -0.40108263 0.33153886 0.51657712 -0.39960262 0.53602058 0.54556566 -0.71859449 0.28168294 0.56701559 -0.59029579 0.58247203 0.51609993 -1.1908555 0.25302893 0.51834524 -0.88942415 0.47733375 0.60645676 0.01137295 0.36476779 0.60610026 -0.01103889 0.5542345 0.64692169 -0.68223429 0.33674163 0.63933867 -0.65654022 0.5521366 0.74741089 -0.37281361 0.3258779 0.75467861 -0.37347785
0.51174688 0.50930297 -0.48936689 0.33156562 0.51303059 -0.46685624 0.53606999 0.53894329 -0.86185169 0.2818563 0.56128526 -0.72831202 0.58212119 0.5120275 -1.36595345 0.25394866 0.51236594 -1.09811187 0.47676054 0.60055882 0.01089356 0.36464718 0.60013109 -0.0106134 0.54910988 0.64519298 -0.74089599 0.33784902 0.63815755 -0.73803949 0.55211598 0.74754035 -0.41398263 0.32568404 0.75477356 -0.41592497
0.5119648 0.50356239 -0.42614228 0.33139196 0.50666034 -0.41655761 0.53630298 0.53703874 -0.77133119 0.28177452 0.55706668 -0.71034324 0.58212662 0.50506347 -1.26319146 0.25313571 0.50695825 -1.1441009 0.47631836 0.59688359 0.01107864 0.36371872 0.59700274 -0.01080604 0.54238838 0.63960916 -0.73553705 0.34153405 0.6360029 -0.71080321 0.55196738 0.74752921 -0.45200425 0.32567373 0.75474477 -0.42865324
0.51066321 0.49763802 -0.261455 0.3320407 0.50368184 -0.24025051 0.53633171 0.53413808 -0.51038492 0.28287801 0.55176789 -0.31685969 0.58213913 0.50110829 -0.92056179 0.25310814 0.50203657 -0.50593549 0.4760685 0.59174562 0.00374366 0.36340362 0.59097165 -0.00342329 0.53839302 0.63777429 -0.71977633 0.34538177 0.63369393 -0.68951613 0.55207807 0.74751282 -0.5085085 0.32546633 0.7551133 -0.47094622
5.10465920e-01 4.91214305e-01 -2.57012665e-01 3.32447439e-01 4.98033822e-01 -2.29495063e-01 5.35526097e-01 5.31199813e-01 -5.66801429e-01 2.83114493e-01 5.44210494e-01 -3.53694677e-01 5.82062721e-01 4.97720331e-01 -1.04988503e+00 2.53040254e-01 4.92726624e-01 -5.70863008e-01 4.75976348e-01 5.86757243e-01 1.41105009e-03 3.62987548e-01 5.86386025e-01 -1.01369841e-03 5.35601258e-01 6.35356307e-01 -7.27096796e-01 3.48560274e-01 6.31286561e-01 -6.90091610e-01 5.52177727e-01 7.47484207e-01 -5.43368220e-01 3.24650824e-01 7.55100071e-01 -5.01481712e-01
0.5106501 0.48313496 -0.1515259 0.33483922 0.49151844 -0.14738882 0.534747 0.528063 -0.34316295 0.283041 0.53956443 -0.25827587 0.58063984 0.49356911 -0.66495675 0.25309065 0.48782709 -0.47513235 0.47499904 0.57995903 0.002242 0.36165461 0.57814956 -0.00186207 0.53421873 0.63282663 -0.69350791 0.35115606 0.63006473 -0.6546278 0.55216688 0.74739683 -0.5415318 0.32458702 0.75510329 -0.50758302
0.51065445 0.47903967 -0.1539989 0.33492696 0.48799011 -0.16279003 0.53477019 0.52304465 -0.24006899 0.28311431 0.53497601 -0.23337802 0.58083481 0.4873133 -0.44794661 0.25302327 0.48524734 -0.4079217 0.47370002 0.57564557 0.0026456 0.36088735 0.57428932 -0.00227279 0.53463107 0.6289978 -0.68556041 0.35237163 0.62807739 -0.65616632 0.55275887 0.74650484 -0.52533996 0.32462311 0.75499469 -0.50375021
5.10712862e-01 4.74836349e-01 -2.01492254e-02 3.37302536e-01 4.80083972e-01 -1.06779095e-02 5.35021484e-01 5.17232060e-01 -1.07098550e-01 2.86221713e-01 5.30998886e-01 4.33919653e-02 5.82549870e-01 4.80790138e-01 -3.52829456e-01 2.53204674e-01 4.80697334e-01 -1.79589894e-02 4.71826017e-01 5.71429551e-01 8.97332939e-05 3.59748363e-01 5.69517076e-01 3.58253223e-04 5.34740865e-01 6.27244890e-01 -6.38948917e-01 3.51424634e-01 6.25889897e-01 -6.43914342e-01 5.52858889e-01 7.46203125e-01 -5.50061762e-01 3.24618727e-01 7.54506767e-01 -5.50899446e-01
5.12508512e-01 4.68743205e-01 -1.10333107e-01 3.37341368e-01 4.73604143e-01 -1.18964896e-01 5.40185452e-01 5.02764761e-01 2.75322616e-01 2.86771834e-01 5.26253104e-01 -1.25587344e-01 5.82939804e-01 4.72800702e-01 5.97354352e-01 2.53188699e-01 4.74308878e-01 -1.51099458e-01 4.71420318e-01 5.66084862e-01 2.77586980e-04 3.58652651e-01 5.63707113e-01 -6.74937692e-05 5.35057604e-01 6.25985503e-01 -6.30146980e-01 3.50600392e-01 6.25064611e-01 -6.35940909e-01 5.52961111e-01 7.45774150e-01 -4.64382976e-01 3.24552268e-01 7.54470885e-01 -5.18921971e-01
5.13199568e-01 4.64270294e-01 -9.85663906e-02 3.37196589e-01 4.68374074e-01 -1.45630553e-01 5.37233293e-01 5.00523448e-01 2.16176137e-01 2.87889302e-01 5.22336185e-01 -9.83347837e-03 5.81014812e-01 4.70211804e-01 4.21783477e-01 2.53147542e-01 4.72116143e-01 1.09739210e-02 4.70694125e-01 5.60778320e-01 3.93649476e-04 3.57918292e-01 5.58793783e-01 -2.06143886e-04 5.35137236e-01 6.25900269e-01 -6.09643877e-01 3.50403160e-01 6.25524521e-01 -6.28566325e-01 5.53220212e-01 7.45642006e-01 -4.67840791e-01 3.24468106e-01 7.54266083e-01 -5.21997869e-01
5.15017390e-01 4.57279354e-01 -1.16691716e-01 3.37668210e-01 4.60509688e-01 -1.64726526e-01 5.37047684e-01 4.96453017e-01 1.89789474e-01 2.90058017e-01 5.17151117e-01 -1.44457549e-01 5.80471098e-01 4.67389762e-01 3.95234138e-01 2.53504634e-01 4.69348073e-01 -2.47706413e-01 4.70511317e-01 5.55332184e-01 4.53890156e-04 3.57812554e-01 5.53424120e-01 -3.53105075e-04 5.34100711e-01 6.25076473e-01 -6.11361861e-01 3.49954426e-01 6.23611808e-01 -6.18043542e-01 5.53563714e-01 7.45456874e-01 -4.45697427e-01 3.24401826e-01 7.52857506e-01 -4.52676982e-01
5.14892757e-01 4.50500309e-01 -9.77334604e-02 3.38400930e-01 4.55247223e-01 -1.51217148e-01 5.35595238e-01 4.97015387e-01 8.66575539e-03 2.92712897e-01 5.11150658e-01 -3.41002047e-02 5.78468204e-01 4.61783022e-01 -4.74769548e-02 2.53482252e-01 4.61313635e-01 -3.90898027e-02 4.70587611e-01 5.50868273e-01 6.47717039e-04 3.58138502e-01 5.49384236e-01 -4.86280303e-04 5.33352971e-01 6.24713063e-01 -5.90492129e-01 3.49448651e-01 6.22819602e-01 -6.07751667e-01 5.53924263e-01 7.45123863e-01 -4.46790248e-01 3.24279755e-01 7.52070367e-01 -4.67827767e-01
0.51496851 0.443396 -0.09365255 0.33863482 0.44915536 -0.14108644 0.53559703 0.49153116 -0.08475053 0.29353359 0.50277603 -0.08337855 0.5781765 0.45378032 -0.26315513 0.25424805 0.4508855 -0.16711622 0.47065029 0.546094 0.00209949 0.35826376 0.54414141 -0.00192992 0.53402412 0.62410486 -0.56704718 0.34837273 0.62313968 -0.59293789 0.55430889 0.74512273 -0.45253199 0.32409042 0.75202668 -0.4742434 
0.51520175 0.43671075 -0.19042479 0.33874246 0.44170126 -0.26134208 0.53192282 0.48875368 -0.10119685 0.29392818 0.49764282 -0.18250942 0.57751167 0.44699201 -0.27871299 0.25435624 0.4461942 -0.22852735 0.47068322 0.54195029 0.00597941 0.35842708 0.54021084 -0.00587381 0.53443414 0.6238541 -0.53782558 0.34669694 0.62383324 -0.55402339 0.55439883 0.745202 -0.40230113 0.32408038 0.75207466 -0.42106745
0.51599777 0.4317618 -0.30051029 0.3381474 0.43366042 -0.40017828 0.53208065 0.48154414 -0.29343042 0.29397875 0.49305838 -0.37432495 0.57743514 0.43976438 -0.54453242 0.25342065 0.44083908 -0.51920551 0.47076032 0.53836972 0.0141792 0.35825008 0.53631574 -0.0141159 0.53530508 0.62312227 -0.54181671 0.34513268 0.62357301 -0.5840444 0.55447972 0.74524534 -0.38308823 0.32385457 0.75194091 -0.42883047
0.51652759 0.42421916 -0.32924858 0.33816838 0.42780527 -0.39130789 0.53406233 0.47535628 -0.60347867 0.29521796 0.48946002 -0.53251469 0.57765877 0.43275562 -1.16210508 0.25351089 0.43552405 -0.87857854 0.47112036 0.53482842 0.01654472 0.3585088 0.53288198 -0.0165149 0.53877968 0.62343174 -0.51723331 0.34387186 0.62323207 -0.53050244 0.55435765 0.74529147 -0.33535314 0.32384312 0.75154418 -0.34900662
0.5165801 0.41788661 -0.34273806 0.33843607 0.42038676 -0.4033713 0.53407902 0.47147921 -0.64573473 0.2949135 0.48270002 -0.60158992 0.57759058 0.42509651 -1.23769462 0.25372943 0.42534214 -1.0105443 0.47115022 0.5294643 0.02009044 0.35852841 0.5266847 -0.0201571 0.54081947 0.62314838 -0.4846352 0.34288749 0.62333924 -0.47567812 0.55393547 0.74510771 -0.31073332 0.32358307 0.75135672 -0.31112412
0.51658934 0.41244745 -0.30524471 0.33853319 0.41398713 -0.3532919 0.53210419 0.4635759 -0.59305418 0.29579729 0.47491699 -0.57674265 0.57750726 0.42454788 -1.17831314 0.25557974 0.42112964 -1.04622614 0.47202381 0.52422208 0.01961738 0.35942125 0.5222044 -0.01969668 0.5416494 0.62217724 -0.44686931 0.34185776 0.62340903 -0.38958687 0.55359352 0.74505544 -0.28404891 0.32330054 0.75035387 -0.2453699 
0.51663923 0.4027065 -0.25809342 0.33859825 0.40453279 -0.29598743 0.52950895 0.45992467 -0.48095325 0.29795152 0.46790853 -0.49249622 0.57563609 0.42220691 -1.04576218 0.26049942 0.42050746 -0.98506165 0.47212699 0.51689464 0.01887763 0.3597056 0.51494986 -0.01892954 0.5420174 0.62150514 -0.37998894 0.33988485 0.62334067 -0.34771723 0.55313104 0.74509543 -0.21112823 0.32324257 0.74979675 -0.18976319
0.51961535 0.38932273 -0.1176697 0.34053946 0.39495069 -0.14240035 0.52946204 0.45033652 -0.33309418 0.29887131 0.46440306 -0.38687962 0.57327974 0.42156032 -0.84322351 0.26533318 0.41261801 -0.86285341 0.47224605 0.51268375 0.01605671 0.35972434 0.511024 -0.01616544 0.54259652 0.62104243 -0.34801549 0.33720163 0.62282932 -0.32843277 0.55236977 0.74529684 -0.16527167 0.3231371 0.7490961 -0.15629512
0.5247407 0.37600437 -0.09719372 0.34098428 0.38512579 -0.14369492 0.54359418 0.42406705 -0.24591923 0.30211812 0.45766592 -0.3180851 0.56694329 0.41434032 -0.69494075 0.26841429 0.41601935 -0.76218355 0.47346514 0.5055843 0.01292463 0.35988724 0.5044657 -0.01312583 0.54258657 0.61939722 -0.2119848 0.33388555 0.62180215 -0.24237745 0.55232322 0.74537271 -0.0872829 0.32265192 0.74889553 -0.10912032
0.52650499 0.37228554 -0.02101041 0.34249139 0.37644845 -0.05705682 0.5427739 0.42926255 -0.24064419 0.30674556 0.44877642 -0.27991629 0.57145077 0.39826968 -0.77188259 0.27082962 0.40397254 -0.81467223 0.47350213 0.50271463 0.01290129 0.35989991 0.5002318 -0.01309382 0.54243571 0.61809856 -0.26584107 0.33091715 0.62037981 -0.29386002 0.55220973 0.74543709 -0.0787473 0.32214847 0.74890268 -0.1016521 
0.52592802 0.36785382 0.09821671 0.34303808 0.36849335 0.04728975 0.53516781 0.42855039 -0.07525486 0.31178585 0.44568411 -0.13983427 0.57162976 0.39580896 -0.55708039 0.2698755 0.39122918 -0.66990316 0.47388345 0.4985829 0.0155713 0.3602927 0.49557394 -0.01569254 0.5415653 0.61807573 -0.22364596 0.3293131 0.61908311 -0.29105568 0.55196118 0.74545312 -0.05722266 0.32176849 0.7482121 -0.10716258
0.52958626 0.36111784 -0.13061437 0.34297138 0.3591722 -0.14493598 0.53539073 0.41195637 -0.23102592 0.31201997 0.42971513 -0.32155472 0.54598486 0.40299416 -0.70455027 0.27831829 0.39831388 -0.83397943 0.47524861 0.49244139 0.01269726 0.36039117 0.49071425 -0.01286113 0.54018331 0.61715913 -0.16922073 0.32975736 0.61796099 -0.21734701 0.55202264 0.74535275 0.03836222 0.32170531 0.74794132 0.00366511
0.5335958 0.3538202 0.10481664 0.34285572 0.34959897 0.11978938 0.53599399 0.40904301 -0.11642208 0.3119058 0.42881539 -0.07334267 0.55193603 0.39065334 -0.62845832 0.2762782 0.39495558 -0.57095307 0.4764224 0.48851672 0.00617717 0.36043254 0.48737875 -0.00633727 0.53430158 0.61498135 -0.18968211 0.32981566 0.61666954 -0.19611387 0.55218929 0.74535573 -0.0236762 0.3217032 0.74762028 -0.01345052
0.53277391 0.34071007 0.25232214 0.34469771 0.34076944 0.26903313 0.53419089 0.4090344 0.06621396 0.30812737 0.42396852 0.11694683 0.56806743 0.36871827 -0.34604505 0.27506536 0.36435664 -0.32542759 0.47895661 0.48161629 0.00197088 0.36240444 0.47966006 -0.00206508 0.52963376 0.61322516 -0.15885907 0.33285531 0.61525917 -0.15472803 0.55225253 0.74521959 -0.03939344 0.3216528 0.74763316 -0.0304847 
0.532884 0.33432585 0.19851455 0.34544626 0.33191359 0.20639679 0.53418654 0.39997885 -0.00569978 0.29928264 0.4159542 0.03779326 0.56818122 0.35996923 -0.44803372 0.27460364 0.36003944 -0.41861877 0.4798927 0.47621173 0.00255261 0.36302119 0.47444695 -0.00263119 0.52281356 0.61190259 -0.07995591 0.33823964 0.61470717 -0.11903702 0.55228215 0.74180412 0.10432421 0.32167301 0.7475332 0.04943629
0.53371465 0.32911935 0.18854491 0.34487146 0.32431492 0.16944495 0.53661144 0.39406186 -0.03420709 0.29655811 0.40608507 -0.02088265 0.56493926 0.36575815 -0.5055477 0.29420355 0.37383392 -0.48062485 0.48077425 0.47404283 0.00298324 0.36304134 0.47263831 -0.00301714 0.51524538 0.61175734 -0.05861216 0.3411735 0.61463159 -0.10717948 0.55284816 0.74164087 0.11269352 0.32159558 0.74711508 0.06934869
0.53364819 0.32600322 0.2105573 0.34327877 0.32134253 0.20908481 0.53745633 0.38750479 -0.01360083 0.2925081 0.40404889 0.0177851 0.56660366 0.35058725 -0.44161898 0.29248691 0.35168973 -0.42393786 0.4808349 0.47443131 0.00171131 0.36307013 0.47353414 -0.00173441 0.5089618 0.61148316 -0.06840072 0.34491003 0.61476898 -0.10575042 0.55300224 0.74149692 0.09408953 0.32158574 0.74694538 0.05148166
0.53377193 0.32466838 0.219881 0.34325108 0.32023889 0.21648321 0.53754139 0.38543656 -0.00454659 0.29285929 0.40294379 0.01991428 0.566746 0.34805569 -0.40809634 0.2913717 0.34329313 -0.41332734 0.48084119 0.47375 0.00133215 0.36311436 0.47275418 -0.00134865 0.50609642 0.61186135 -0.05048048 0.34867749 0.6147269 -0.09380955 0.55300403 0.7405659 0.12732309 0.32196289 0.74536151 0.0717155 
0.53419 0.32322147 0.23885985 0.34164515 0.31900135 0.21833307 0.53339005 0.38552502 0.01010195 0.29285628 0.39908683 0.01413769 0.56423712 0.35063162 -0.39538935 0.28875431 0.34665766 -0.39802134 0.48079032 0.4718852 0.00166583 0.36301029 0.4714095 -0.00168675 0.50567067 0.6113224 -0.07643093 0.35099128 0.61425143 -0.11497221 0.55303115 0.74050432 0.0750308 0.32216245 0.74543637 0.02727153
0.53674948 0.32273751 0.20942079 0.34037831 0.31882912 0.17532097 0.53360862 0.38375726 -0.00079298 0.29292247 0.39969441 -0.01847041 0.56031901 0.35375163 -0.40617174 0.29441047 0.35576117 -0.42439818 0.48083678 0.47196308 0.00172257 0.36288664 0.47091544 -0.00174734 0.50676954 0.61149317 -0.08750539 0.35087952 0.61417502 -0.12566365 0.55293864 0.74059081 0.04498296 0.32213935 0.74547058 0.00860579
5.37332058e-01 3.21222097e-01 2.12055862e-01 3.40168804e-01 3.18953961e-01 1.78809717e-01 5.32522380e-01 3.86778265e-01 3.18376720e-02 2.92886794e-01 4.01385933e-01 5.56331710e-04 5.57917297e-01 3.56240690e-01 -3.39904457e-01 3.08563173e-01 3.56928259e-01 -3.79791170e-01 4.81203884e-01 4.72090304e-01 1.97832403e-03 3.62916648e-01 4.70993042e-01 -1.99955283e-03 5.07332444e-01 6.11594319e-01 -5.83727993e-02 3.50695014e-01 6.14254057e-01 -1.10747553e-01 5.52958488e-01 7.40152717e-01 8.00589845e-02 3.22182298e-01 7.45492101e-01 2.08260529e-02
5.37119746e-01 3.20940405e-01 2.41213962e-01 3.40164423e-01 3.20194066e-01 2.32689321e-01 5.24538279e-01 3.90253097e-01 4.52281609e-02 2.92921335e-01 4.02366310e-01 6.00426085e-02 5.59365213e-01 3.51098329e-01 -3.50507438e-01 3.06676298e-01 3.55444878e-01 -3.55443686e-01 4.81468946e-01 4.72590297e-01 3.02223896e-04 3.63015175e-01 4.71691549e-01 -2.45162140e-04 5.08042991e-01 6.11674547e-01 -6.27332479e-02 3.50778073e-01 6.14525378e-01 -9.74932536e-02 5.52615047e-01 7.40084589e-01 1.17518373e-01 3.22231919e-01 7.45522618e-01 6.53077662e-02
0.53693175 0.32209486 0.25289807 0.34016362 0.32088515 0.25443757 0.51743758 0.39151666 0.07339726 0.29295123 0.40470156 0.0900619 0.56025064 0.35170919 -0.30477226 0.29318646 0.35044667 -0.32968909 0.48144034 0.47194815 -0.00086602 0.36300349 0.47121471 0.00093757 0.5078845 0.61112881 -0.0659849 0.35115367 0.61458772 -0.09536172 0.55261093 0.73937243 0.11531579 0.32226276 0.74550885 0.07079224
0.5367403 0.32225916 0.24654183 0.34016228 0.32148492 0.24720001 0.51733077 0.39293835 0.07292708 0.29436573 0.40553701 0.0868075 0.56054521 0.35144907 -0.28851703 0.28696087 0.34853837 -0.31666878 0.48145345 0.47174701 -0.00147889 0.3631658 0.47137466 0.00155173 0.50779164 0.61117023 -0.07288516 0.35144255 0.61460495 -0.09963531 0.55259061 0.73867047 0.08989849 0.32240331 0.74554628 0.04697056
0.53623688 0.32227761 0.24901612 0.34009838 0.32142213 0.25835589 0.51714957 0.39389992 0.07920377 0.29533595 0.40531781 0.09851731 0.56070465 0.3525584 -0.26987278 0.27969605 0.34449419 -0.30980995 0.48142067 0.47180605 -0.00265315 0.36314055 0.47142643 0.00275014 0.50702113 0.61121005 -0.06777195 0.35152894 0.6146453 -0.09332142 0.5526045 0.73813921 0.09786969 0.32255396 0.74551731 0.05777832
0.53571206 0.32221973 0.25097796 0.3403379 0.32179144 0.27155206 0.5166871 0.39451009 0.07936438 0.29685047 0.40565637 0.10863122 0.56079715 0.35193366 -0.25963703 0.27546567 0.34193265 -0.30360952 0.4811376 0.47211888 -0.00478716 0.36314064 0.47144261 0.0049112 0.50637394 0.61150205 -0.06688604 0.35154575 0.61467159 -0.08875802 0.55296189 0.73780286 0.09720721 0.32261786 0.74506962 0.05968566
0.53559273 0.32249624 0.24066702 0.34053302 0.32200128 0.25393757 0.51694244 0.3947615 0.06488663 0.29734087 0.40612274 0.09225106 0.56123894 0.350912 -0.29175851 0.27267119 0.34209272 -0.32517612 0.48108447 0.47245646 -0.00547515 0.36317083 0.47171149 0.00561105 0.50592846 0.61167061 -0.06556202 0.35154104 0.61481369 -0.08772841 0.55349058 0.73755682 0.10406405 0.32282686 0.74508291 0.06350268
