0.6560728 0.24009369 -0.15112901 0.61039639 0.26824126 0.36161757 0.74696511 0.30806795 -0.48014194 0.65483493 0.34279308 0.4219605 0.69960815 0.24619985 -0.77619046 0.64800721 0.38504565 0.32623732 0.74733746 0.39927751 -0.18303451 0.70346838 0.41013303 0.1830565 0.74166995 0.54377168 -0.28311977 0.71226174 0.53508073 0.31928885 0.75335801 0.70151341 -0.44862971 0.73194176 0.64726675 0.43797103
0.66592902 0.23641564 -0.12119018 0.61986196 0.26282704 0.37950659 0.7546218 0.30353072 -0.50514495 0.66166377 0.33688676 0.50353104 0.72617185 0.23576121 -0.87429267 0.64643502 0.37786624 0.51736641 0.75087714 0.39581585 -0.18018393 0.70623302 0.40485674 0.18026689 0.74899125 0.54379231 -0.2874057 0.72621363 0.53007966 0.34634289 0.76128018 0.69908029 -0.46097347 0.74012166 0.63508415 0.51905942
0.66615808 0.23377307 -0.11100572 0.62715453 0.26360211 0.37426129 0.74714547 0.28224081 -0.49172816 0.67050552 0.32801354 0.57416379 0.71738082 0.23153491 -0.80528915 0.632909 0.3481496 0.57668149 0.75300378 0.39932784 -0.17688063 0.70739025 0.40936986 0.17699863 0.75317955 0.545739 -0.29060397 0.72097838 0.53185934 0.31792849 0.76551157 0.70062649 -0.48098189 0.73961312 0.64138544 0.4284943 
0.67261994 0.2323437 -0.09712554 0.62530625 0.26569226 0.376544 0.7536515 0.29206541 -0.35248965 0.65533346 0.33074698 0.49644771 0.69002283 0.2740632 -0.54518723 0.62060827 0.3537659 0.43572706 0.756643 0.39543608 -0.17474885 0.7072717 0.40693086 0.17491037 0.75408024 0.54508132 -0.31932986 0.71809042 0.53155416 0.32948717 0.76567572 0.70090771 -0.54355568 0.73951566 0.64311564 0.43702579
0.67602032 0.23271164 -0.05248981 0.62680179 0.26410928 0.38787153 0.76192963 0.28866103 -0.37489486 0.66694039 0.32952902 0.52023214 0.71201706 0.23478237 -0.64179009 0.62633312 0.35586515 0.5658496 0.75881076 0.39277655 -0.17034598 0.70933443 0.40370411 0.17053121 0.75349808 0.54381663 -0.31193838 0.71731746 0.53051049 0.30095473 0.76576251 0.69954813 -0.52026755 0.73901552 0.64382356 0.3950488 
0.67528588 0.23126115 -0.04630081 0.62722892 0.26301849 0.40070263 0.76569253 0.29388028 -0.26315382 0.67341346 0.32844108 0.55726701 0.69577378 0.27323377 -0.37074259 0.62571186 0.34766153 0.56768948 0.75717986 0.3888841 -0.17112957 0.71047133 0.40067992 0.17130087 0.75559074 0.54132777 -0.31168213 0.71623391 0.5284428 0.29306245 0.76697338 0.69934815 -0.5234316 0.73956633 0.64348704 0.37358922
0.67677909 0.23042163 -0.04093901 0.62962729 0.26294526 0.40543693 0.76535583 0.29213467 -0.3493726 0.6703372 0.32966265 0.56610364 0.70566303 0.26051387 -0.54115903 0.62209117 0.35241583 0.59535527 0.75844628 0.39154476 -0.16942911 0.71169811 0.40255231 0.1696101 0.75478482 0.54165822 -0.30368185 0.7152313 0.52979392 0.29946455 0.76733512 0.69938916 -0.51421857 0.74088413 0.6397332 0.39657891
0.6784901 0.22899076 -0.01146422 0.62778413 0.26437369 0.42737117 0.76382619 0.29266998 -0.34973344 0.66730642 0.32894039 0.61267984 0.71325845 0.24104346 -0.61759663 0.61973464 0.3432216 0.67711478 0.75976616 0.39062622 -0.16895196 0.71174228 0.40192932 0.16912796 0.75466514 0.54129308 -0.31081793 0.71491522 0.52968973 0.29201868 0.76719254 0.69980073 -0.54920071 0.74157059 0.64002246 0.38148776
0.67912591 0.23061295 -0.02661887 0.63003474 0.26570287 0.42582819 0.76205933 0.29371184 -0.36778253 0.67443633 0.33059722 0.60732216 0.71424735 0.23783414 -0.63995755 0.61885875 0.3484039 0.67531812 0.76245773 0.39234817 -0.16935222 0.71415985 0.40271223 0.16952103 0.75453907 0.54219609 -0.31004754 0.7154448 0.5305559 0.30678642 0.76682442 0.70023191 -0.53851384 0.7425642 0.63890308 0.41093683
0.67954904 0.23120028 -0.02155509 0.62802875 0.26644772 0.43165344 0.76309317 0.29319519 -0.37158477 0.67067522 0.32889393 0.6386742 0.71603668 0.23030263 -0.64493215 0.61803842 0.3501958 0.73370934 0.76322323 0.39284399 -0.16881119 0.7136569 0.4031764 0.1689605 0.75497168 0.5424487 -0.30899584 0.71586061 0.53181344 0.29680446 0.76749974 0.70007789 -0.53243256 0.74274421 0.64154792 0.3871595 
0.67981339 0.23228627 -0.0282849 0.62648284 0.26715332 0.42732394 0.76535982 0.29370368 -0.37464163 0.66358209 0.32918343 0.64223653 0.71825022 0.22484758 -0.68364441 0.61733586 0.34630182 0.74376577 0.76543403 0.39286509 -0.16825417 0.71443152 0.40292147 0.16840447 0.75484306 0.54224879 -0.30526653 0.71586335 0.53229982 0.28898215 0.76769423 0.70006502 -0.52719897 0.74256736 0.64165765 0.37208697
0.68048847 0.23265049 -0.03077533 0.62553269 0.26759377 0.41550338 0.76879942 0.29603118 -0.35950086 0.66122317 0.33013403 0.60769367 0.71834183 0.22717212 -0.63136333 0.6172353 0.34215125 0.64776337 0.76634878 0.39345974 -0.16637065 0.71376216 0.40336847 0.16651553 0.75563484 0.54185921 -0.30270788 0.71594232 0.53238034 0.2718285 0.76775777 0.700423 -0.52579188 0.74286854 0.64250457 0.328217 
0.6795823 0.23259182 -0.00679365 0.62533575 0.26787135 0.42780614 0.76993805 0.2953631 -0.29039493 0.67320979 0.33021089 0.62410796 0.71568012 0.22762372 -0.49787891 0.61633486 0.33455431 0.687989 0.76674348 0.39297575 -0.16439818 0.71554112 0.40328538 0.16457383 0.75626886 0.5418278 -0.30285943 0.71677846 0.53270137 0.25075936 0.76804 0.70074004 -0.53029364 0.74306977 0.6428749 0.29022557
0.67964393 0.23284708 -0.0101416 0.62514913 0.26813903 0.41912574 0.76997685 0.29490778 -0.30468395 0.66550237 0.33024475 0.6156469 0.71622181 0.22796755 -0.55287731 0.61757666 0.33837727 0.68312234 0.76830924 0.39187607 -0.16453774 0.71681464 0.4021982 0.16471259 0.75639117 0.54174381 -0.29974946 0.71665752 0.5320155 0.26541811 0.76786453 0.7006014 -0.52774531 0.74291009 0.6397211 0.34683201
0.67919058 0.23296569 0.02297768 0.62483835 0.27089015 0.44088635 0.76968431 0.29444951 -0.28988805 0.66472858 0.3313764 0.6480791 0.71536732 0.22976373 -0.54634452 0.61974138 0.33912212 0.72804046 0.77046651 0.3916961 -0.15924104 0.7177757 0.40265021 0.15937747 0.75658596 0.54094863 -0.29916072 0.71669722 0.53230965 0.21053535 0.76774007 0.70069617 -0.52690613 0.7434203 0.64099878 0.21967629
0.67882735 0.23384595 0.01205007 0.62473339 0.27397937 0.43133959 0.76945704 0.29276243 -0.28215921 0.66438878 0.33162144 0.64743489 0.71597856 0.23218957 -0.50717348 0.61930013 0.33578286 0.71541107 0.77257812 0.391976 -0.1544271 0.71873486 0.40301305 0.15458676 0.75804389 0.54019421 -0.29281023 0.71719265 0.53251779 0.19896968 0.76821643 0.70060712 -0.50996464 0.74380422 0.64497483 0.20844717
0.67854941 0.23388486 -0.02080572 0.62450486 0.27439207 0.40163136 0.7693125 0.29126585 -0.28413692 0.66138184 0.33190626 0.58162451 0.71535724 0.23239766 -0.54882199 0.61893851 0.33756098 0.61075276 0.77518642 0.39219919 -0.1554863 0.71933496 0.40330008 0.15564495 0.75897771 0.5400306 -0.29259866 0.71724427 0.53258902 0.21271613 0.76794708 0.70025253 -0.5005706 0.74375212 0.64514858 0.24966232
0.67833132 0.23397228 -0.09124316 0.62433147 0.27455279 0.36556676 0.77041376 0.29142231 -0.32089272 0.65731597 0.33147302 0.49099669 0.70443773 0.26351997 -0.53293246 0.61968321 0.33854789 0.44568712 0.77592915 0.39237091 -0.16625382 0.71973521 0.40350422 0.16650966 0.75980645 0.5402047 -0.30178028 0.71815932 0.53256011 0.28202447 0.76773649 0.69990528 -0.50105315 0.74327582 0.646254 0.36549744
0.67834818 0.23416641 -0.07512853 0.6238668 0.27490073 0.38016421 0.7706421 0.29163727 -0.32128125 0.6555506 0.33191225 0.51810372 0.70415723 0.25833166 -0.53019196 0.61969274 0.3390924 0.48663142 0.77606273 0.39255267 -0.16613865 0.71940863 0.40376484 0.16639057 0.75997794 0.54004657 -0.30490246 0.7184841 0.53235418 0.27875155 0.76767707 0.69948894 -0.50137049 0.74324214 0.64633965 0.34603801
0.67824006 0.23432438 -0.00828658 0.62266231 0.27463099 0.41871688 0.77038747 0.29162657 -0.28620914 0.65423632 0.3330856 0.602377 0.70994818 0.25483391 -0.503304 0.6190744 0.34413707 0.65524948 0.7764948 0.39269 -0.16309537 0.71927512 0.40386361 0.16326369 0.75980186 0.54014283 -0.30181035 0.71853191 0.53239703 0.20776361 0.76743191 0.69954938 -0.49739856 0.74322408 0.64707673 0.22787629
0.67816335 0.23477682 0.01815443 0.62147951 0.27492318 0.44633618 0.77015209 0.29099211 -0.2771762 0.65338689 0.33435878 0.67227942 0.71034807 0.25068089 -0.50965095 0.61801827 0.34545919 0.77797389 0.77697557 0.39275208 -0.15822652 0.71919483 0.40395594 0.15832825 0.75968361 0.54018664 -0.29567084 0.71850127 0.53242564 0.14016488 0.76721478 0.69956684 -0.49082562 0.74321401 0.64930815 0.12264472
0.67810315 0.23562287 0.00601955 0.62035817 0.27525154 0.43886054 0.76999396 0.29090324 -0.31067458 0.65294033 0.33437821 0.64953911 0.71050292 0.24121389 -0.58934045 0.61793715 0.34592861 0.73200232 0.7770558 0.39281875 -0.15837789 0.71908951 0.40402359 0.15848842 0.75948846 0.54076552 -0.29562575 0.71903729 0.53238988 0.14118651 0.76708174 0.69931716 -0.49253133 0.74307543 0.64661801 0.17502137
0.67768455 0.23596257 -0.03396663 0.6171208 0.27524149 0.40415937 0.7698738 0.29085305 -0.35993955 0.65151376 0.3344056 0.59006917 0.71048015 0.2360765 -0.62085819 0.61548948 0.34798342 0.61942524 0.77700955 0.39287055 -0.15986332 0.71901214 0.40405956 0.15994023 0.7593807 0.540784 -0.29510027 0.7191844 0.53133589 0.23722729 0.7666136 0.69934839 -0.49258959 0.7431134 0.64284503 0.32234821
0.67763764 0.23610839 -0.05092242 0.61700493 0.27523285 0.3969422 0.76977277 0.29078421 -0.37273344 0.6511817 0.3357029 0.55248314 0.71140003 0.23646989 -0.62665498 0.61258858 0.3539947 0.54541939 0.77729017 0.39352044 -0.16349944 0.71899825 0.40440005 0.16354991 0.75930804 0.54129094 -0.30612987 0.7195614 0.53137606 0.27028054 0.76590586 0.69936436 -0.50167781 0.74303466 0.64323646 0.35733491
0.67753989 0.23622328 -0.02156667 0.61630011 0.27534145 0.40514454 0.77007955 0.29097271 -0.35312888 0.65174764 0.33687648 0.57286704 0.71049118 0.23362131 -0.61419261 0.61320966 0.35323223 0.55751091 0.77717471 0.39350235 -0.16128089 0.7189765 0.40436587 0.16131553 0.75947666 0.54115593 -0.30236474 0.71967238 0.53141475 0.24713731 0.76563454 0.69937134 -0.50151771 0.74235654 0.64351749 0.29559585
0.67724073 0.23740605 -0.02366649 0.61600065 0.27675313 0.40248331 0.77080303 0.29124096 -0.33368716 0.65356284 0.33875328 0.55350357 0.70505911 0.23696932 -0.5459792 0.61627936 0.34698072 0.5254066 0.77803391 0.39371201 -0.16122711 0.71896994 0.40461883 0.16126758 0.76015854 0.54100978 -0.29559553 0.72046781 0.53163409 0.24603429 0.76535243 0.69938755 -0.48882976 0.74135011 0.64370221 0.281771 
0.67671973 0.23872256 -0.00354415 0.6169976 0.27937907 0.40971607 0.77273834 0.29130992 -0.28950912 0.65481567 0.33928365 0.58098739 0.70517069 0.23413621 -0.48377702 0.6197468 0.34129035 0.59064645 0.78042322 0.39432338 -0.1553542 0.72162294 0.40650067 0.15545885 0.76085639 0.54100674 -0.28218919 0.72120625 0.53248984 0.15614425 0.76522499 0.70003122 -0.4714382 0.74193799 0.64902651 0.12391365
0.67540485 0.24043261 -0.01743013 0.61799359 0.27919373 0.40055442 0.77402884 0.29176658 -0.32490078 0.65489519 0.33877566 0.58194739 0.70811522 0.2343611 -0.56667954 0.6195997 0.33935547 0.60193342 0.78277397 0.39476624 -0.15500702 0.72364128 0.40661386 0.15512852 0.76503545 0.5415504 -0.27553484 0.7225982 0.53245527 0.17256129 0.76513577 0.70062101 -0.46792042 0.74197102 0.64897174 0.14894868
0.67372793 0.24189632 -0.01767313 0.61802518 0.28056648 0.39553866 0.77625656 0.2919383 -0.32202336 0.65728998 0.33890587 0.57329369 0.70813 0.23852059 -0.54298967 0.62227571 0.33995953 0.59444118 0.78673506 0.39475685 -0.1537834 0.72801721 0.40661016 0.1539447 0.76877862 0.54160821 -0.27226231 0.72324765 0.53176874 0.17720558 0.76474482 0.70087838 -0.46528059 0.74212891 0.64706969 0.19329168
0.66851825 0.24166179 -0.02421509 0.61792678 0.28063384 0.39767027 0.77810198 0.29190031 -0.28381452 0.65807372 0.33772179 0.55551726 0.70080608 0.27085501 -0.43400499 0.62507588 0.34032428 0.55319417 0.78926086 0.39471149 -0.1554821 0.7313441 0.40654007 0.15569271 0.77097428 0.54175735 -0.2782709 0.72862452 0.53166729 0.21398392 0.76410604 0.70110321 -0.47213185 0.74228287 0.64707142 0.23923136
0.66144288 0.24219865 -0.05376696 0.61795908 0.28101191 0.38594875 0.7789942 0.29316759 -0.29011005 0.66106987 0.33789262 0.51826674 0.69729447 0.27573872 -0.42465714 0.63292843 0.34832922 0.49744824 0.79323208 0.39487126 -0.1600915 0.73844856 0.40653518 0.16029949 0.77232206 0.54259437 -0.2811648 0.7323243 0.53153682 0.24747521 0.76426828 0.70153123 -0.47430229 0.74061489 0.64705551 0.2878617 
0.66054565 0.24364088 -0.08790681 0.61816937 0.28219539 0.38703546 0.77998286 0.29319972 -0.29467216 0.66836047 0.33890244 0.51086545 0.68308562 0.28835297 -0.42422724 0.63520491 0.34957483 0.46940598 0.798262 0.39520559 -0.16906333 0.7420342 0.40666905 0.16924086 0.77432656 0.54264396 -0.29094255 0.73589951 0.53154284 0.24925362 0.76490861 0.70157993 -0.47045034 0.74119198 0.64776307 0.28154993
0.65984631 0.24852981 -0.0747605 0.61955464 0.28700927 0.40891787 0.78195465 0.29343706 -0.30548164 0.67934608 0.34463152 0.51314664 0.67825085 0.28783038 -0.45584077 0.66670829 0.3715916 0.45099711 0.80135369 0.39548817 -0.17284063 0.74703258 0.4067077 0.17293218 0.77723897 0.54368228 -0.2935397 0.74168187 0.53168344 0.26357213 0.7658453 0.70160252 -0.47073057 0.74120373 0.6459471 0.30396789
0.65491742 0.24900924 -0.11022685 0.61868775 0.2887319 0.35977036 0.7839427 0.29226854 -0.34452114 0.68252182 0.34482172 0.45143905 0.68122923 0.28361887 -0.46475628 0.66326308 0.36943677 0.3671121 0.80564052 0.39549154 -0.17205416 0.75206852 0.40673059 0.17214051 0.78283823 0.54383665 -0.27748415 0.74754202 0.53176284 0.26793018 0.76760191 0.70149577 -0.41921309 0.74081337 0.64543909 0.32623738
0.64976013 0.24936333 -0.10725101 0.61828774 0.28875563 0.37042382 0.78386211 0.29103753 -0.31098542 0.68047595 0.3433876 0.47426277 0.67621398 0.29807848 -0.37484297 0.661228 0.36698797 0.4117074 0.80784714 0.39496964 -0.17221934 0.75670373 0.40658364 0.17231798 0.78672713 0.54375285 -0.27955896 0.75160176 0.53155708 0.27574754 0.76771832 0.70141053 -0.43206155 0.74097592 0.64378357 0.33375785
0.64719695 0.25302586 -0.11726967 0.61657888 0.29251254 0.3388918 0.78468549 0.29171941 -0.37227172 0.67997992 0.34511471 0.44258428 0.67743152 0.26497734 -0.50065172 0.64562702 0.36059704 0.38837186 0.8134551 0.39528725 -0.17160994 0.76140362 0.40746233 0.17175131 0.79070652 0.54553372 -0.25565448 0.75462615 0.53144038 0.29685685 0.76792991 0.70193958 -0.41176003 0.73892641 0.6418581 0.40737259
0.64344704 0.25358146 -0.14780575 0.61428523 0.29244012 0.33504698 0.78453225 0.29255027 -0.41661644 0.67884713 0.34718883 0.4428829 0.67935997 0.25682154 -0.55336362 0.64469206 0.36114839 0.38387275 0.81735718 0.39601329 -0.17347661 0.76513821 0.40830156 0.17364596 0.79198021 0.54608363 -0.24894576 0.75639337 0.53142607 0.28800657 0.76789743 0.70156956 -0.38225323 0.73882717 0.64255935 0.37538809
0.63658923 0.25619388 -0.16218776 0.61208457 0.29200795 0.33583143 0.78436875 0.29456216 -0.43419021 0.67807716 0.34670258 0.46071514 0.67996967 0.25876781 -0.57784438 0.62830925 0.35154897 0.398049 0.81925935 0.39621797 -0.17486133 0.76749015 0.40831205 0.17505859 0.79577655 0.54613894 -0.2453227 0.75651729 0.53142679 0.29040158 0.76799232 0.70139366 -0.3736915 0.73464835 0.64268488 0.39420646
0.63449478 0.25872239 -0.1475686 0.61253804 0.29337889 0.34708178 0.78432351 0.29446012 -0.43082216 0.68620372 0.34789127 0.4911789 0.68072754 0.25191924 -0.59724855 0.63958549 0.35080406 0.48680562 0.82047361 0.39759102 -0.18018602 0.77103698 0.40927586 0.18033184 0.79463029 0.54644722 -0.25126308 0.75755411 0.53177494 0.2901561 0.7669518 0.70189589 -0.39601785 0.73418677 0.6431905 0.38415521
0.63151836 0.26230085 -0.16371959 0.61069036 0.29523379 0.35051444 0.78120196 0.29318243 -0.50272256 0.68867344 0.35026309 0.53577739 0.68014705 0.23979057 -0.75341284 0.65930527 0.35098377 0.59658098 0.82380366 0.39939004 -0.19002201 0.77309334 0.41054437 0.19014354 0.79450512 0.54667634 -0.27590066 0.75773591 0.53163928 0.32332158 0.76628458 0.70318633 -0.42205217 0.73313653 0.64324963 0.45212957
0.63371277 0.2639527 -0.1399284 0.60823226 0.30310231 0.37620583 0.78045273 0.29293633 -0.47090837 0.68995243 0.35558012 0.57326579 0.68442804 0.2354421 -0.74162817 0.65579718 0.35183755 0.63038802 0.82541347 0.39946413 -0.18757437 0.77194881 0.41124251 0.18770531 0.79462737 0.54665291 -0.27684587 0.75925988 0.53220278 0.31028074 0.76615369 0.70333391 -0.43488842 0.73277801 0.64584601 0.41437644
0.63458735 0.26293164 -0.1173685 0.60548788 0.30173928 0.42042714 0.77879125 0.29312405 -0.44867092 0.69119442 0.35651922 0.5920884 0.68445373 0.23930117 -0.70416236 0.65505546 0.35119903 0.62623936 0.82774091 0.39893919 -0.18887401 0.77219969 0.4111596 0.18899938 0.79562777 0.54598343 -0.28048915 0.75924909 0.53191823 0.30831289 0.76550019 0.70357233 -0.44905254 0.73290122 0.64603698 0.38712552
0.63456279 0.2638503 -0.13387147 0.60300922 0.30190524 0.4122704 0.77875954 0.29397392 -0.50054628 0.69011843 0.35638252 0.57738018 0.68458074 0.24003725 -0.79269356 0.65462118 0.34987769 0.63605773 0.82962072 0.39892828 -0.18822439 0.77267611 0.41113538 0.18836935 0.79793566 0.54522711 -0.27993891 0.75869286 0.5319339 0.30326921 0.76528066 0.70411527 -0.44814286 0.73291892 0.6460315 0.39002249
0.63400704 0.26489893 -0.17034352 0.60173047 0.30177471 0.37901506 0.77872485 0.29441738 -0.54486525 0.69234002 0.35587043 0.57336766 0.68486142 0.23994543 -0.83621174 0.66110992 0.34919512 0.66511983 0.83011383 0.39903778 -0.18867896 0.77242535 0.41113621 0.18885557 0.79908979 0.54510343 -0.27972767 0.75839859 0.53254133 0.30010307 0.76513618 0.70410347 -0.43479985 0.73231566 0.64629894 0.37975338
0.63435644 0.26484492 -0.15933928 0.59967607 0.30382594 0.37547764 0.77799845 0.29466105 -0.49864045 0.691531 0.35846612 0.55497384 0.68464017 0.24091817 -0.75408214 0.67362523 0.36128691 0.591362 0.83029646 0.39935324 -0.187299 0.77190876 0.41201112 0.18744065 0.79939979 0.54431188 -0.27936953 0.75815564 0.53330678 0.25720742 0.76524425 0.70307821 -0.4295285 0.73125184 0.64903629 0.29276875
0.63554692 0.26503244 -0.15297925 0.60016787 0.30453318 0.35762164 0.77799952 0.29478377 -0.49177292 0.69168377 0.35962549 0.52736515 0.68509454 0.24175872 -0.75975949 0.67634887 0.36262006 0.54362553 0.83041215 0.39972642 -0.18516418 0.77149802 0.41269225 0.18530101 0.80088603 0.54424989 -0.27865845 0.75809449 0.53340167 0.25487232 0.76578736 0.70298952 -0.42290506 0.72858399 0.6499089 0.30091989
0.63569707 0.26515067 -0.14945959 0.59973073 0.30438432 0.34813595 0.77756852 0.29477781 -0.49178144 0.6914373 0.35943088 0.52019018 0.68581688 0.24225527 -0.76926577 0.683635 0.36727434 0.53966761 0.83068758 0.3997077 -0.18086936 0.7712006 0.41267046 0.18099071 0.80065501 0.54316753 -0.27472574 0.75798321 0.53343379 0.24426755 0.76615107 0.70266283 -0.41825348 0.72862518 0.65058345 0.28047669
0.63597369 0.26584354 -0.16890572 0.59876448 0.30532444 0.32610592 0.77693015 0.2947177 -0.51957119 0.69121832 0.35900953 0.51838475 0.68614084 0.24259771 -0.8031131 0.67955101 0.36590979 0.55872518 0.83139896 0.39977118 -0.17995667 0.77104264 0.41307116 0.18011224 0.80057907 0.54284644 -0.2721225 0.75803345 0.53369397 0.25129634 0.76622617 0.70262742 -0.41461825 0.72877598 0.65047079 0.31902134
0.63587266 0.26715115 -0.18405429 0.59689945 0.30685669 0.32219395 0.7770229 0.29513934 -0.55534214 0.6911099 0.35926232 0.53345782 0.68606544 0.24101999 -0.86679685 0.68201423 0.37086689 0.62785953 0.83276057 0.39983505 -0.17964426 0.77118576 0.41366768 0.1798128 0.80043757 0.54265857 -0.2755613 0.75796491 0.53371102 0.26464435 0.76678658 0.7022683 -0.41713941 0.72859865 0.65063369 0.35023791
0.63597661 0.26697665 -0.17346925 0.59697038 0.30739838 0.33023477 0.77697897 0.29524091 -0.53180057 0.69104052 0.35961831 0.52669531 0.68326235 0.24106435 -0.82070839 0.67598444 0.36915281 0.60022593 0.83264059 0.39982942 -0.17953014 0.77174729 0.41379154 0.17970286 0.79985553 0.54212976 -0.27465498 0.75556546 0.53354675 0.25025687 0.76753241 0.70210874 -0.41264129 0.72868413 0.65187675 0.30081284
0.63424611 0.26739496 -0.15274288 0.59679508 0.30768839 0.34277928 0.77704459 0.29555377 -0.50181407 0.69036508 0.36022961 0.53440166 0.6816867 0.24118349 -0.79491711 0.68027079 0.36798605 0.59334612 0.83240813 0.39961997 -0.17900787 0.77180672 0.41381863 0.17917214 0.79941559 0.5413478 -0.27574468 0.75513101 0.53307784 0.22449887 0.76920271 0.70182025 -0.41980824 0.73007435 0.65245569 0.25016421
0.63358051 0.26742217 -0.1694892 0.59640253 0.30766031 0.34262887 0.77628332 0.29579869 -0.51927054 0.68754327 0.36009461 0.55271167 0.67977989 0.24825129 -0.79743099 0.65977108 0.36640355 0.65133929 0.83222044 0.39958525 -0.17863885 0.77225155 0.41410252 0.17882359 0.79442203 0.54037279 -0.27588025 0.75028604 0.53324312 0.21828361 0.76920903 0.70143539 -0.41762543 0.73018551 0.65321559 0.2379234 
0.6339469 0.2673029 -0.16690542 0.59617794 0.30758202 0.35337755 0.77652717 0.29616708 -0.51400942 0.6878233 0.36039388 0.56646723 0.67986983 0.24779539 -0.79584885 0.66040313 0.36421692 0.65690744 0.83240491 0.39949402 -0.17997535 0.77225769 0.41419658 0.18018278 0.78738177 0.54044765 -0.28143132 0.74647212 0.53324074 0.22833367 0.76921445 0.70145988 -0.42857656 0.73035288 0.65573829 0.26484534
0.63434404 0.26724836 -0.16447109 0.59577489 0.30769876 0.3697544 0.78010529 0.2980741 -0.51350409 0.68897402 0.36132571 0.57355362 0.68000543 0.24704555 -0.80132312 0.66240036 0.36454135 0.642739 0.83398491 0.39925942 -0.18331537 0.77375549 0.41430739 0.18354127 0.78122759 0.54023337 -0.2976256 0.74227643 0.53281128 0.22659993 0.76914066 0.70157421 -0.45333073 0.73246241 0.65627027 0.24770425
0.63464916 0.26784006 -0.10623018 0.59444278 0.31059369 0.4146035 0.78194928 0.29979989 -0.46999502 0.68905163 0.36504284 0.62325919 0.68096399 0.24707818 -0.76124662 0.6610536 0.36622322 0.68808883 0.83497274 0.39772686 -0.18374366 0.77427918 0.41468552 0.18398543 0.77502257 0.53919595 -0.32058311 0.73944378 0.53148806 0.10051006 0.76840121 0.7011866 -0.49891979 0.73684853 0.65679204 0.0508442 
0.63586086 0.26876682 -0.07904421 0.59449691 0.31361216 0.42044264 0.78335881 0.30120638 -0.44892105 0.68592113 0.36841491 0.61485666 0.68093812 0.24698327 -0.74681747 0.64597344 0.36827323 0.66708899 0.83540398 0.39556977 -0.18397348 0.77682608 0.41471559 0.1842086 0.76116663 0.53904122 -0.32119951 0.73398632 0.53142345 0.06587034 0.76744145 0.70095485 -0.49171776 0.73704034 0.65654242 0.00412949
0.63464278 0.27186757 -0.12027269 0.59449822 0.31696698 0.40425667 0.7832821 0.30258223 -0.53362972 0.67631406 0.37033278 0.69453365 0.67712432 0.24691126 -0.86727726 0.6210475 0.36787871 0.90806985 0.83613163 0.39615873 -0.18840906 0.77997005 0.41658193 0.18867745 0.7508688 0.53805655 -0.34045249 0.72556174 0.53128648 0.08819761 0.76460695 0.70026869 -0.50417233 0.73698896 0.65653354 0.06438547
0.63468289 0.27374822 -0.10942514 0.59434962 0.3170785 0.40281174 0.78594315 0.30685481 -0.48075697 0.67650485 0.37054357 0.66117769 0.67709869 0.24869856 -0.76158458 0.63099915 0.36103594 0.73182303 0.83613974 0.39675298 -0.1908474 0.78087854 0.41678888 0.19113448 0.74111176 0.53786069 -0.33702964 0.71885955 0.53129762 0.0860301 0.76236695 0.69994903 -0.49948657 0.7381835 0.65657926 0.05827622
0.63500619 0.27599123 -0.11357687 0.59394985 0.32030144 0.40262434 0.78862554 0.31110793 -0.48429689 0.67937654 0.3735646 0.62544137 0.67725784 0.25035885 -0.77682275 0.63382596 0.36364567 0.65207827 0.83856505 0.39906642 -0.19648381 0.78401244 0.41899726 0.1967652 0.73162603 0.53788561 -0.34013376 0.71352988 0.53151023 0.06833149 0.76071513 0.69929212 -0.49045816 0.73888952 0.65913522 0.04189049
0.63526481 0.27961257 -0.09270975 0.59397125 0.3253755 0.4306877 0.79150689 0.3158536 -0.4609493 0.68742001 0.37985855 0.62056077 0.6784566 0.2548196 -0.76179099 0.64502215 0.37187997 0.61523062 0.84030712 0.40177122 -0.20689128 0.78862762 0.42159981 0.20707622 0.72186553 0.53821832 -0.3517037 0.70669562 0.53235751 0.0569546 0.7589826 0.69955933 -0.48672915 0.73798144 0.66080832 0.03265736
0.63854533 0.28392833 -0.10879484 0.5938096 0.32622638 0.4348675 0.79960126 0.3191171 -0.50761765 0.69837785 0.37948513 0.65635967 0.68187547 0.25842679 -0.84250873 0.67263013 0.37544778 0.73355669 0.84358662 0.40781558 -0.22166537 0.79107535 0.42650524 0.22180018 0.71232736 0.53851032 -0.37348166 0.69851959 0.53312188 0.07186162 0.75886893 0.69954973 -0.48651367 0.73700219 0.66086668 0.06667959
0.63931537 0.28895143 -0.13411105 0.5937385 0.32915661 0.42438871 0.7983225 0.32082349 -0.52716523 0.69862968 0.3812362 0.66457325 0.68208653 0.26308194 -0.85443616 0.66981453 0.37607619 0.80252135 0.84616911 0.41409814 -0.22385074 0.79452312 0.43066794 0.22396407 0.70226139 0.54154176 -0.37403893 0.68865758 0.53376186 0.16799578 0.75782716 0.70002168 -0.48797092 0.73449993 0.66058224 0.212483 
0.64025146 0.29438287 -0.13863941 0.59370583 0.3315734 0.42485511 0.80136377 0.32852098 -0.53551 0.70756298 0.38300836 0.67227685 0.68208241 0.26941934 -0.87950581 0.68812501 0.38300756 0.77621955 0.85136074 0.42162111 -0.23090753 0.79705971 0.43407741 0.23100252 0.68943757 0.54339182 -0.39138383 0.67194724 0.5339874 0.17264827 0.75796199 0.70004213 -0.4999392 0.71789765 0.66022038 0.21368341
0.64039946 0.30059093 -0.13842142 0.59431201 0.3344706 0.44082513 0.80214381 0.33625522 -0.52620828 0.71522969 0.38588378 0.68005645 0.68576145 0.27572501 -0.85126662 0.70763266 0.39558741 0.7792455 0.85385311 0.42807955 -0.23309064 0.79863048 0.43934467 0.23306181 0.68622017 0.5442552 -0.39402086 0.66676992 0.5352667 0.16442068 0.75771481 0.70002937 -0.50607878 0.71616656 0.66127962 0.18391895
0.64215308 0.301956 -0.08823239 0.59283543 0.33546826 0.49588662 0.80573964 0.33832073 -0.47103226 0.71761876 0.38618699 0.72726393 0.68573493 0.27567747 -0.76380187 0.71018779 0.39065358 0.82425052 0.85470176 0.4297094 -0.23576258 0.7974593 0.44129226 0.23570734 0.6857993 0.54537791 -0.40458578 0.66548204 0.53522354 0.15766393 0.75779402 0.70083469 -0.5787397 0.74620485 0.63560581 0.14351155
0.64547682 0.31093708 -0.04787302 0.59459633 0.34838018 0.5079602 0.8130908 0.35186526 -0.41866156 0.72608459 0.40561256 0.70837563 0.68746346 0.29206106 -0.73981452 0.73796463 0.41569415 0.73494887 0.85443693 0.44027412 -0.23405251 0.79711437 0.45470592 0.23399183 0.66846514 0.54836029 -0.40857774 0.65095782 0.54283112 0.07447451 0.75883055 0.70279121 -0.56442809 0.71039975 0.66086519 0.01176385
0.647636 0.31406072 -0.11107057 0.59519839 0.35274777 0.44425538 0.81720173 0.3567057 -0.51545465 0.72468841 0.41138774 0.61937338 0.68843263 0.29584053 -0.87926292 0.73582441 0.42573395 0.58591622 0.85424435 0.4435221 -0.23387699 0.79656577 0.45392224 0.23385914 0.66587663 0.55090106 -0.41114014 0.64721888 0.5420782 0.12959883 0.75884646 0.7023887 -0.54422873 0.71357059 0.65598983 0.15857466
0.64811867 0.32327792 -0.07233787 0.59573638 0.36556429 0.45243281 0.81456167 0.37132457 -0.45631498 0.72442764 0.42781752 0.62154818 0.68825746 0.31295061 -0.80675924 0.72996008 0.44684979 0.58928627 0.85381776 0.45376694 -0.23314328 0.79453051 0.46445188 0.23296198 0.65346265 0.55437344 -0.40469047 0.63491136 0.54770923 0.115967 0.75888008 0.70265919 -0.55857503 0.71387559 0.65598702 0.072933 
0.64803302 0.33262369 -0.13976182 0.59580714 0.36649412 0.39301333 0.81319743 0.37974128 -0.49659672 0.72170329 0.42631552 0.59629619 0.68889451 0.32421869 -0.80910361 0.72452408 0.44388697 0.62435883 0.85353178 0.46091831 -0.22756745 0.79190314 0.46676984 0.22742212 0.65204304 0.55546349 -0.40394655 0.62599671 0.5482114 0.14779575 0.75810856 0.70262498 -0.55318618 0.71424997 0.65544116 0.1430033 
0.64791119 0.3408953 -0.14424063 0.59573853 0.37669653 0.3232761 0.8122046 0.3887575 -0.48389515 0.69899911 0.44744143 0.51765281 0.68718946 0.33035329 -0.77895361 0.67854345 0.45622808 0.5141865 0.85331094 0.46879816 -0.20060095 0.78848821 0.47479063 0.20066121 0.64454085 0.55799288 -0.38633379 0.61986113 0.54920501 0.15391581 0.75791001 0.70259482 -0.51781708 0.71199775 0.65458065 0.15576021
0.64874703 0.3483966 -0.16021937 0.59281969 0.38338938 0.30231431 0.81377524 0.40056303 -0.50403297 0.69285202 0.45307666 0.53966528 0.68811613 0.34091866 -0.82930028 0.69672847 0.4737277 0.58555925 0.85338664 0.47623846 -0.19177243 0.78538966 0.48258442 0.1917465 0.64015639 0.55996346 -0.3861165 0.61087745 0.55396569 0.14487006 0.75792104 0.70298046 -0.50108409 0.71204519 0.65459985 0.13945456
0.65243864 0.35179904 -0.19914325 0.59176511 0.39502913 0.23105618 0.8138442 0.41007873 -0.52317774 0.68234956 0.47138163 0.38836184 0.6886937 0.35001951 -0.83482492 0.66841012 0.49035737 0.33423764 0.85376811 0.48108685 -0.18025009 0.78454995 0.48835474 0.18023737 0.6357708 0.56065041 -0.34164348 0.60778069 0.55810231 0.1174464 0.75544989 0.70272148 -0.38749453 0.71100342 0.65478879 0.12292458
0.65298235 0.36505565 -0.24798957 0.591034 0.39513606 0.1787781 0.81642121 0.41687587 -0.56537241 0.68577343 0.46111128 0.4137564 0.69007492 0.36330503 -0.87280816 0.67426437 0.48026088 0.48552313 0.8544026 0.4907091 -0.17618155 0.78460312 0.49191675 0.17613424 0.63273406 0.56625569 -0.30418834 0.605443 0.56022298 0.11337031 0.75554067 0.70324153 -0.3058815 0.7109558 0.65820712 0.12869832
0.65324301 0.37456897 -0.25178427 0.59293848 0.40450141 0.19340616 0.81597704 0.42718154 -0.565718 0.70170105 0.47035217 0.41312328 0.69697541 0.38833597 -0.86230958 0.70373535 0.49737242 0.46644402 0.85760295 0.49974915 -0.17744114 0.78966701 0.50254196 0.17738602 0.62735987 0.56711942 -0.29947037 0.60371912 0.56395489 0.09508579 0.7555275 0.70320565 -0.26890391 0.71049702 0.66333032 0.12398575
0.65472186 0.36860961 -0.22913189 0.5972814 0.40852091 0.22479177 0.80990762 0.42514658 -0.55425519 0.70499754 0.4733963 0.43885604 0.69579345 0.37083569 -0.85289806 0.70288247 0.49159104 0.50337738 0.85933405 0.50190395 -0.17500889 0.79524016 0.50654614 0.17496274 0.62064308 0.56741947 -0.26287013 0.60279161 0.56585521 0.10697073 0.75556076 0.70318252 -0.23419546 0.70844841 0.66337031 0.1250779 
0.65530998 0.38630927 -0.24788788 0.59903276 0.41542679 0.18889885 0.81522006 0.44058132 -0.5622499 0.71950698 0.47773629 0.40868658 0.70371777 0.39380234 -0.84785646 0.72255552 0.50184077 0.50945216 0.86232001 0.51459759 -0.16874593 0.80334234 0.51533103 0.16865022 0.61412311 0.56963104 -0.23597147 0.59673202 0.56710333 0.11432718 0.75554872 0.70300347 -0.18279637 0.70887655 0.66487664 0.12989512
0.65633869 0.38255528 -0.23940371 0.59909755 0.42206925 0.19731528 0.81428343 0.44408327 -0.56679076 0.71367919 0.49123085 0.33534163 0.70364898 0.38938338 -0.85974228 0.72082651 0.51646537 0.31082666 0.86358941 0.51226193 -0.17091794 0.80284327 0.51710397 0.17081709 0.60994077 0.57219017 -0.24570327 0.59384191 0.56961423 0.11524226 0.75596726 0.70300776 -0.16400985 0.70914179 0.66475528 0.11730745
0.65587956 0.39819083 -0.2322595 0.59900069 0.42806542 0.20034356 0.81496459 0.45653045 -0.48698193 0.72106904 0.49456516 0.34076414 0.71867537 0.41943926 -0.64555317 0.71739453 0.5197888 0.34874329 0.86354786 0.5241226 -0.16517319 0.8083427 0.52654415 0.16510788 0.6057502 0.57528454 -0.20554963 0.59126854 0.5730055 0.11818729 0.75532037 0.70236582 -0.1086058 0.71169585 0.66696155 0.06384144
0.65570849 0.40734449 -0.22954647 0.60031569 0.43275881 0.18945234 0.81524181 0.46604779 -0.41944644 0.72567922 0.49671021 0.25180689 0.72700226 0.45623147 -0.52207857 0.72650218 0.52071577 0.15446529 0.86256254 0.53373075 -0.1587735 0.80949968 0.53282225 0.15870029 0.60186559 0.57983047 -0.20751354 0.58943796 0.57558382 0.11997259 0.75523299 0.70239633 -0.1157829 0.71242386 0.66795838 0.07993907
0.65472585 0.41531545 -0.25442901 0.59822297 0.44074965 0.20837198 0.81204349 0.47580034 -0.33326939 0.72614235 0.50698912 0.1963805 0.73112953 0.46123594 -0.2429948 0.72522122 0.53145415 -0.04608742 0.86214709 0.53921616 -0.16501668 0.80897719 0.54120982 0.16489708 0.60058862 0.58014077 -0.2224531 0.58872092 0.57637018 0.14242899 0.75399399 0.70241231 -0.10709023 0.71337473 0.66917306 0.09001864
0.65181613 0.42233419 -0.27188551 0.59883553 0.4432613 0.21225545 0.80401778 0.48371515 -0.29966083 0.72544676 0.50644207 0.21131529 0.73006976 0.47582349 -0.15030147 0.72271401 0.52822417 -0.0194984 0.86153269 0.54718792 -0.16570191 0.80925244 0.5461027 0.16560286 0.59803504 0.58141309 -0.22074045 0.58687395 0.57775408 0.17046417 0.75399137 0.70241112 -0.107555 0.71364731 0.66893965 0.12674531
0.65345794 0.42369384 -0.27247441 0.59909368 0.44351271 0.21579836 0.80407363 0.48473972 -0.44881803 0.72484636 0.50539577 0.28259173 0.73477936 0.44959137 -0.50356615 0.72927791 0.53116262 0.1773634 0.86136603 0.54965758 -0.16787292 0.81104648 0.54626107 0.16779912 0.60051334 0.58251923 -0.23212871 0.58485734 0.58037215 0.17528248 0.75334567 0.70185488 -0.1215091 0.71292186 0.66854894 0.16305861
0.64745963 0.42953232 -0.28697246 0.59877437 0.45075008 0.24378349 0.7823357 0.49164358 -0.29481229 0.71135402 0.51470518 0.30305746 0.73309928 0.4986808 -0.14136331 0.71816415 0.54183525 0.18283629 0.86123568 0.55325681 -0.17625296 0.81079918 0.55345052 0.1762816 0.60136056 0.58192372 -0.23309693 0.58321387 0.58095038 0.16597891 0.75333649 0.70157421 -0.14755268 0.71295071 0.66963482 0.15091269
0.64485079 0.43889582 -0.29601932 0.59910417 0.45758712 0.21742134 0.76332378 0.51297683 -0.23766248 0.69689888 0.53420025 0.26889583 0.70429164 0.5476352 -0.01046618 0.68470216 0.57348347 0.16049787 0.86105496 0.56465995 -0.15868925 0.81116664 0.56223649 0.15895139 0.60039455 0.58240432 -0.21757987 0.58099413 0.58204216 0.17497729 0.75229162 0.70148349 -0.11467455 0.7122286 0.66968453 0.1580824 
0.63927406 0.44240704 -0.32929248 0.601004 0.45742449 0.19274391 0.70783436 0.54367745 -0.27485994 0.68264848 0.54394352 0.24697235 0.63268185 0.60695511 -0.07889251 0.64793193 0.60832924 0.15152603 0.86079073 0.56640029 -0.14895466 0.81190455 0.56057018 0.14919828 0.59869754 0.58363938 -0.18048197 0.57959622 0.5809679 0.19508079 0.75231212 0.70268124 -0.06902952 0.71200556 0.66932768 0.22975202
0.6371268 0.44236013 -0.30317968 0.5996204 0.46290219 0.19376267 0.72899789 0.52521455 -0.25430062 0.68446189 0.5481717 0.24009909 0.68809897 0.57527435 -0.08876795 0.66623706 0.60707706 0.13486192 0.8584649 0.5739345 -0.14500229 0.80981946 0.56557816 0.14516148 0.59499741 0.58460832 -0.19166464 0.57336509 0.58020407 0.20386705 0.75119948 0.70274615 -0.09339493 0.71024168 0.6665532 0.20169804
0.63395667 0.44207337 -0.30157065 0.60718179 0.45855486 0.20095812 0.72415519 0.54023939 -0.2480204 0.68382394 0.5498212 0.25666559 0.66051942 0.58816814 -0.03951314 0.65412492 0.60929048 0.13870223 0.8573603 0.57625967 -0.14853984 0.81274307 0.56377751 0.1486661 0.59498614 0.58621049 -0.20231567 0.57556129 0.57997131 0.21026482 0.75136596 0.70290005 -0.10350993 0.71029884 0.66612601 0.20361844
0.63298309 0.44742522 -0.29780382 0.60347068 0.46633503 0.19836816 0.74090654 0.53776532 -0.26970917 0.68476135 0.55658615 0.24567921 0.66252714 0.59438044 -0.12195574 0.66243976 0.6208154 0.13454068 0.85605693 0.58078218 -0.14637098 0.81223148 0.56766254 0.14644718 0.59403533 0.58687103 -0.19979617 0.57614118 0.57761848 0.22536781 0.75170934 0.70278823 -0.08672597 0.70914906 0.66259259 0.205249 
0.63343221 0.45313662 -0.29410422 0.59727222 0.47461355 0.19725527 0.74494243 0.54192692 -0.25854349 0.6873129 0.56384534 0.24739917 0.66625994 0.59352469 -0.08629374 0.66043878 0.62780344 0.1323614 0.85604376 0.58372456 -0.1463327 0.81194943 0.57309777 0.14637816 0.59433949 0.58659226 -0.19600666 0.57695848 0.57727176 0.22251934 0.75162297 0.70079321 -0.07054672 0.70876491 0.66166592 0.19445409
0.63288063 0.45251611 -0.26155654 0.59830135 0.46985224 0.2460679 0.75810099 0.52998823 -0.21708314 0.68894684 0.56385887 0.28676417 0.71702766 0.58180302 -0.03715501 0.66201568 0.62789136 0.14860947 0.85446006 0.58219928 -0.15360868 0.81174618 0.5723322 0.15351044 0.59428412 0.58679992 -0.23544021 0.57740647 0.57713622 0.2142034 0.75153226 0.70081174 -0.13248312 0.70876944 0.66174394 0.09620983
0.6324479 0.46494257 -0.27465087 0.59980905 0.48153934 0.24572785 0.74401528 0.54650217 -0.2351954 0.68236268 0.56767571 0.28951105 0.69855517 0.58974415 -0.04772596 0.64989096 0.63016719 0.154108 0.85389096 0.58725435 -0.15906769 0.81242752 0.57690293 0.15899022 0.59218699 0.58741784 -0.23253721 0.57858127 0.57719135 0.22840372 0.75196749 0.70083392 -0.10385082 0.71172172 0.66476041 0.1386462 
0.63267279 0.47235429 -0.26599738 0.6044873 0.48221219 0.26033428 0.7174266 0.55201542 -0.19459665 0.68130165 0.56534863 0.30142593 0.67700392 0.58161676 0.03721346 0.65500456 0.62316161 0.16658649 0.84835291 0.59188503 -0.16092369 0.81254017 0.57999796 0.1608441 0.58983451 0.5875693 -0.23241054 0.58134359 0.57865185 0.22768112 0.75031686 0.70003796 -0.10033821 0.71677071 0.66975099 0.15925448
0.63271224 0.47884211 -0.25067675 0.61633432 0.48240215 0.24828565 0.6912455 0.56542939 -0.14601994 0.68289578 0.56774157 0.28070611 0.66511846 0.58748186 0.05132691 0.65763408 0.6227991 0.16222548 0.84390235 0.59695321 -0.16105922 0.81654465 0.5848515 0.16099645 0.58946687 0.58778244 -0.22775194 0.5908742 0.57600379 0.27725524 0.749277 0.69990808 -0.1152922 0.71666348 0.66710132 0.2893188 
0.62569714 0.47016752 -0.23683797 0.61537766 0.48145065 0.23490638 0.70384216 0.55160278 -0.1506431 0.6918779 0.56014591 0.27544412 0.6712876 0.57766163 0.03271626 0.68803877 0.60188067 0.16014987 0.83396977 0.59536278 -0.1610876 0.8147108 0.58050603 0.16100723 0.58699954 0.58853179 -0.24282715 0.59284824 0.5729478 0.35195497 0.74587196 0.69744873 -0.17612733 0.7112655 0.65700543 0.38377529
0.62121856 0.48343202 -0.22346304 0.62168568 0.47826675 0.2290096 0.68528068 0.56537491 -0.11207674 0.7068162 0.55797637 0.27562842 0.66544831 0.57351482 0.09842979 0.7060461 0.59445316 0.16791262 0.83039474 0.6001215 -0.1606887 0.81570011 0.58312482 0.16057193 0.5857771 0.5886277 -0.24015824 0.59659427 0.5722307 0.35837597 0.74511307 0.69718426 -0.18881068 0.71031046 0.64957744 0.44611976
0.60399437 0.49345893 -0.22544351 0.62105775 0.4825877 0.25285655 0.66992497 0.56857193 -0.16109721 0.70613712 0.56089407 0.28382635 0.65662163 0.57581866 0.0190018 0.70927274 0.59556675 0.17021185 0.81988466 0.60527903 -0.17300676 0.81530482 0.58803308 0.17288251 0.58057499 0.58911186 -0.23813179 0.59667039 0.57232887 0.4174858 0.74523193 0.69776905 -0.17497368 0.71140808 0.65227431 0.55314708
0.59553176 0.49255005 -0.2074421 0.61973238 0.4825758 0.29013452 0.6391986 0.56925583 -0.1056899 0.7011615 0.56168056 0.32765535 0.60716099 0.57584327 0.13093318 0.70426232 0.59579641 0.22254474 0.81775331 0.60423356 -0.1723039 0.8162291 0.58569783 0.17219584 0.57545906 0.58899307 -0.25633815 0.59618384 0.57343996 0.40276712 0.74445617 0.69786811 -0.23907745 0.71455306 0.6530149 0.48420349
0.60225403 0.49108121 -0.21061355 0.62390894 0.48707217 0.28123441 0.66163015 0.56500554 -0.13329321 0.70450026 0.5651989 0.32415849 0.6102829 0.57373726 0.06621633 0.71244848 0.59977329 0.21262801 0.82017738 0.60287565 -0.17354243 0.82120723 0.58397847 0.17346409 0.57516581 0.58891577 -0.25375667 0.59620279 0.573605 0.39187828 0.7443704 0.69868153 -0.2240479 0.71277797 0.65364385 0.53062785
0.60566229 0.48820606 -0.12763071 0.62437952 0.49307424 0.336422 0.67042398 0.56134284 -0.09748949 0.7123521 0.56802297 0.38071433 0.64054102 0.5689553 0.03529818 0.71638232 0.59794003 0.25910848 0.81900561 0.6009903 -0.17277263 0.82095176 0.58471942 0.17265898 0.57464087 0.58889616 -0.2509104 0.59596145 0.57457989 0.36150277 0.7438556 0.69870055 -0.26887023 0.71863914 0.65403348 0.47583789
0.60621369 0.48566574 -0.19508484 0.62360835 0.48903072 0.1904266 0.69475979 0.54910743 -0.11538914 0.71836483 0.55779964 0.24001716 0.72137809 0.55713063 -0.01229921 0.73104155 0.57837313 0.15903124 0.81156105 0.59454846 -0.16514713 0.81228262 0.5844208 0.16534598 0.57554847 0.5888561 -0.2445436 0.60152018 0.57441258 0.44001657 0.7426638 0.69871736 -0.24602774 0.71995252 0.65394026 0.6604476 
0.62200779 0.48039049 -0.16590405 0.64381456 0.48195565 0.20593932 0.60998374 0.51013368 -0.03074833 0.71691436 0.54059672 0.34547243 0.55427116 0.47804391 0.32426423 0.72386742 0.56533164 0.30910444 0.82086235 0.59082234 -0.15164921 0.82233477 0.57339382 0.15136035 0.57658303 0.58878511 -0.25393739 0.60174304 0.57440335 0.40080971 0.74313194 0.70010579 -0.3062197 0.70942861 0.65410727 0.39613643
0.62898451 0.47497207 -0.21325888 0.6386981 0.47165152 0.12227052 0.56946397 0.47192797 -0.08458243 0.610623 0.47782966 0.24298805 0.52343589 0.42764607 0.14272541 0.60010105 0.43935159 0.27392444 0.82708204 0.58576995 -0.14732817 0.81962293 0.57282144 0.14718685 0.57708645 0.58888423 -0.24019033 0.60051799 0.57028371 0.33849916 0.7423752 0.69997382 -0.25729215 0.69721603 0.65251321 0.37482992
0.661614 0.4668335 -0.17225093 0.64495194 0.46798676 0.28348306 0.61611992 0.4848879 -0.10742559 0.64600319 0.51058012 0.26418263 0.54488677 0.43256387 0.15065782 0.61326808 0.5060209 0.09162876 0.84246624 0.58272558 -0.15995364 0.82399619 0.5553686 0.15989316 0.58240908 0.58785427 -0.29623565 0.60008103 0.56346935 0.33198524 0.7424435 0.69986272 -0.3806676 0.68824631 0.64863282 0.33282155
0.67277896 0.45422405 -0.12956254 0.63745391 0.45583737 0.32961509 0.66584617 0.48573342 -0.11739662 0.61996424 0.50178242 0.2170793 0.57778019 0.44087276 0.13608393 0.56701154 0.47948912 -0.06932786 0.85148257 0.57568049 -0.17665584 0.82406074 0.54916447 0.17657861 0.58558589 0.58703744 -0.3120425 0.59853184 0.56174415 0.32021827 0.74250144 0.69962943 -0.44436198 0.69185138 0.64966184 0.26835006
0.67466003 0.45186406 -0.19952026 0.61636108 0.45219144 0.2713877 0.74277771 0.52420026 -0.1294004 0.64193487 0.51781982 0.26685208 0.64582539 0.55814993 0.09620807 0.57466078 0.56606889 0.12722026 0.85752493 0.57242215 -0.17570226 0.82207829 0.55513734 0.1756687 0.58906502 0.58658773 -0.24530306 0.59074765 0.56310654 0.21702042 0.74404365 0.69945389 -0.1873358 0.69332999 0.65021199 0.10060953
0.66851515 0.44532385 -0.22560516 0.61331636 0.45056865 0.27972525 0.75407851 0.52123874 -0.16963604 0.65127188 0.51988685 0.2677097 0.65474522 0.53707296 0.05715224 0.61237174 0.56027687 0.07264571 0.85760266 0.56649452 -0.18196653 0.82105476 0.54687327 0.18192001 0.59089559 0.58606255 -0.25874674 0.58747798 0.56332797 0.23268986 0.74632299 0.70029694 -0.20503469 0.69357395 0.6527192 0.12916578
0.66577184 0.43903053 -0.27830061 0.61409873 0.44178504 0.28012094 0.75601822 0.5042156 -0.22844689 0.67652184 0.50784814 0.21106467 0.65603375 0.48019093 0.06099929 0.62337589 0.51852572 -0.09319503 0.85996795 0.56124765 -0.19585432 0.82088906 0.53723246 0.19585493 0.59644383 0.58519447 -0.27493605 0.58595568 0.56272006 0.26018405 0.7479862 0.70170039 -0.24353392 0.69480973 0.65283316 0.2249718 
0.65373355 0.43003953 -0.33687437 0.60425061 0.43210083 0.19229715 0.77154016 0.49339858 -0.44556156 0.67622697 0.48632652 0.40059701 0.68454206 0.45857084 -0.463139 0.62795442 0.47389317 0.54103571 0.86281407 0.55057341 -0.19690026 0.82089466 0.53719807 0.19716194 0.60394669 0.58243829 -0.28157914 0.58415008 0.56191409 0.26972508 0.74809086 0.70167917 -0.25756839 0.69552243 0.65372503 0.31808245
0.65395814 0.42731079 -0.30068633 0.60559517 0.42925072 0.21544243 0.77160096 0.49462882 -0.29660717 0.6554563 0.48280424 0.18027809 0.67064065 0.46181574 -0.12505381 0.60197979 0.46008345 -0.05926998 0.86610126 0.54307961 -0.19438276 0.82133198 0.53070855 0.19461676 0.60632294 0.578089 -0.28024951 0.58498323 0.56238025 0.27793404 0.74813354 0.70126355 -0.30238968 0.6961118 0.6546151 0.33258888
0.65372998 0.42701018 -0.28058028 0.60546273 0.43428829 0.22378951 0.77041101 0.49281108 -0.2671755 0.67889667 0.49242824 0.22204764 0.67978656 0.46786681 -0.07071093 0.64941078 0.48854205 0.05744516 0.8719337 0.53761685 -0.19349389 0.8239646 0.52943796 0.19376308 0.60836136 0.57583463 -0.26715311 0.58515108 0.56301421 0.24046591 0.74901003 0.7000168 -0.26725224 0.69922799 0.65668815 0.20334098
0.64682871 0.41346818 -0.28165326 0.59761888 0.42657369 0.22858688 0.7798987 0.48536491 -0.32101679 0.68763155 0.48371467 0.21561648 0.69898432 0.45859009 -0.17516072 0.67914623 0.47705272 0.0089716 0.86915696 0.52583027 -0.18928994 0.82391745 0.52320164 0.18950117 0.61115021 0.57463425 -0.23531288 0.58683997 0.5636012 0.19661254 0.74898356 0.69890743 -0.19099249 0.70146209 0.6583609 0.14413226
0.6421513 0.41313678 -0.27094224 0.5925833 0.42839062 0.29823953 0.77692038 0.48321298 -0.16922121 0.6933468 0.48770392 0.22553232 0.70168579 0.45932254 0.1916457 0.68313104 0.48014531 -0.04022599 0.86728704 0.5235182 -0.19411866 0.82176858 0.5231806 0.19410902 0.61116415 0.57285541 -0.23441237 0.58692878 0.56542355 0.18963471 0.74917847 0.69944936 -0.1797469 0.70403051 0.66261363 0.11020187
0.64073455 0.40968725 -0.27742848 0.59305638 0.4236657 0.32612643 0.76956224 0.48238489 -0.17886819 0.69197011 0.48544034 0.22636588 0.69819599 0.47055963 0.20569162 0.66210842 0.48233885 -0.02677077 0.86834258 0.51947391 -0.20383672 0.82089436 0.51906884 0.20371075 0.61142164 0.5718779 -0.23552671 0.58991003 0.56551707 0.20406897 0.74974149 0.69952005 -0.17820306 0.70727623 0.66273665 0.09827999
0.63861728 0.4016017 -0.27199453 0.59048259 0.41794908 0.3121233 0.77572042 0.46998912 -0.28464377 0.6913442 0.47179255 0.17060517 0.68897951 0.44505388 -0.05280021 0.65958464 0.45019332 -0.11513557 0.86741 0.51433653 -0.20089571 0.81864101 0.5143947 0.20082068 0.61169666 0.57071632 -0.23326375 0.59077752 0.56555068 0.1950299 0.75057966 0.70030892 -0.19240461 0.7088781 0.66413349 0.11446712
0.63852966 0.39398548 -0.26377979 0.58565629 0.415759 0.25544998 0.78054911 0.4622601 -0.53724927 0.69010901 0.47192505 0.34632573 0.68451977 0.41316298 -0.75748104 0.65904629 0.46103671 0.36411315 0.86706138 0.50987303 -0.19503798 0.8133027 0.51093996 0.19494869 0.61184692 0.56932759 -0.2597771 0.591196 0.56436926 0.17981276 0.75059652 0.70076126 -0.24530581 0.70643395 0.66241652 0.11762296
0.6398375 0.38600856 -0.25866184 0.58090335 0.41340691 0.23512718 0.78247827 0.45707282 -0.57522613 0.68298596 0.47453445 0.20321915 0.68204415 0.40257567 -0.80465966 0.66150409 0.46286175 -0.03614995 0.86643237 0.50613576 -0.19427451 0.808267 0.5071494 0.19411084 0.61364758 0.56770146 -0.29185012 0.59175086 0.56370431 0.13879503 0.75213349 0.70268798 -0.30368137 0.70443755 0.6615324 0.08834903
0.64003819 0.37864381 -0.23219146 0.57959384 0.40839598 0.22982638 0.78307581 0.44934544 -0.55083191 0.67628974 0.47589853 0.21980093 0.68245184 0.39321133 -0.83359909 0.67050087 0.46619511 -0.03292084 0.86602086 0.50175172 -0.18608499 0.80522734 0.50429296 0.18585134 0.6142267 0.5672586 -0.30047533 0.59192181 0.56367105 0.11231852 0.75319064 0.7042008 -0.3126485 0.700553 0.66006583 0.05043118
0.63957524 0.37201795 -0.20711185 0.57993609 0.40970048 0.25142047 0.78006667 0.44431406 -0.53768927 0.67059374 0.47789443 0.23354125 0.68138307 0.3943764 -0.81055909 0.66993839 0.46885946 0.00469846 0.86492258 0.49530259 -0.18450578 0.80344927 0.50336891 0.1842791 0.61488277 0.56664443 -0.29606715 0.59259689 0.563887 0.09579378 0.75410569 0.70571309 -0.31548896 0.70065343 0.66002697 0.02007481
0.63873339 0.36648723 -0.20959793 0.58024335 0.40101418 0.26370299 0.77063388 0.44194171 -0.36148894 0.66940576 0.47187462 0.19437395 0.66877586 0.44531769 -0.26644903 0.65739495 0.46749339 -0.11522231 0.86354613 0.49021277 -0.18137011 0.80010468 0.49877819 0.18120278 0.61695302 0.56562406 -0.26753497 0.59523445 0.56321228 0.12798427 0.75413007 0.70568478 -0.30411667 0.70177287 0.66010439 0.03544552
0.63914108 0.36393678 -0.23671971 0.57987148 0.39566574 0.23916194 0.7716431 0.43530524 -0.53987801 0.66743088 0.46355397 0.33722061 0.66866392 0.41415563 -0.78212744 0.65071559 0.46533984 0.28877807 0.86332035 0.48588216 -0.18119918 0.79615855 0.4925018 0.18105392 0.61952627 0.56402779 -0.28224751 0.59667373 0.5610128 0.11290221 0.75422257 0.70550853 -0.30771774 0.70155734 0.6587494 0.05133758
0.63920045 0.35673827 -0.2066628 0.58064574 0.39634001 0.24488707 0.77210927 0.42224801 -0.49241611 0.66752154 0.46021783 0.38604015 0.66994077 0.39290199 -0.7181555 0.65451407 0.46505567 0.3325187 0.86327523 0.47982422 -0.17905647 0.79704511 0.48659375 0.17897831 0.62494266 0.56214535 -0.28078154 0.5991993 0.56041867 0.08472164 0.75424099 0.70583457 -0.31566492 0.70070541 0.65722382 0.00146525
6.42451227e-01 3.51229936e-01 -1.73458502e-01 5.79436123e-01 3.95402998e-01 2.52930015e-01 7.78226137e-01 4.12238479e-01 -4.92788970e-01 6.67994976e-01 4.58282977e-01 3.73159468e-01 6.76264524e-01 3.60767037e-01 -7.75267601e-01 6.71984792e-01 4.64783281e-01 2.90329486e-01 8.63210917e-01 4.73176688e-01 -1.77252859e-01 7.95289516e-01 4.81820732e-01 1.77210212e-01 6.28641844e-01 5.60551405e-01 -2.86120325e-01 6.00850642e-01 5.58196366e-01 6.48292452e-02 7.55639076e-01 7.05968201e-01 -3.43522191e-01 7.00623751e-01 6.51585400e-01 -6.48387184e-04
0.64368397 0.34740743 -0.13498665 0.57985222 0.38834906 0.31997848 0.78309464 0.40766704 -0.48450765 0.67479879 0.44788915 0.50281471 0.67912817 0.34264967 -0.79587287 0.6830138 0.45388043 0.51625884 0.86228901 0.46916178 -0.17731497 0.79393756 0.47685918 0.17726222 0.63665462 0.55921966 -0.30930302 0.60824019 0.55632198 0.04100755 0.7560181 0.70589006 -0.39110887 0.70876187 0.65910894 -0.0245348 
0.64358431 0.33887905 -0.01628858 0.58217275 0.37906775 0.42467418 0.78432 0.39389643 -0.39262462 0.71038145 0.44100326 0.50780743 0.68008041 0.32756051 -0.68974143 0.70212728 0.45486405 0.41258344 0.85793316 0.45844239 -0.17935775 0.79356521 0.46870974 0.17924568 0.64640868 0.55533147 -0.30705759 0.62400979 0.55467075 0.04184256 0.75599939 0.70473725 -0.45414543 0.70971519 0.65987241 0.00859349
0.64314443 0.33615863 -0.04828671 0.58388847 0.37508562 0.45265558 0.78744113 0.39346781 -0.39460555 0.71451157 0.42987102 0.68312168 0.68209177 0.33052456 -0.69474226 0.70729858 0.44980726 0.77971619 0.85586852 0.45543137 -0.18350111 0.7940051 0.4662731 0.18342176 0.65012079 0.5513792 -0.31021228 0.632083 0.55248624 0.15409726 0.75598878 0.70285714 -0.45909977 0.71702403 0.65312606 0.1257672 
0.64032221 0.33431274 -0.0955619 0.58398712 0.37428427 0.39568588 0.78780878 0.38516343 -0.5101673 0.70860946 0.42507821 0.65490347 0.68182349 0.32155305 -0.86804491 0.70621479 0.42779627 0.76296085 0.85596335 0.45435646 -0.19145779 0.79538333 0.46491072 0.19146927 0.65556675 0.54985547 -0.3343159 0.63490969 0.5505144 0.14723551 0.75601143 0.70245457 -0.4617635 0.71582085 0.65349567 0.11552618
0.63961774 0.32926473 -0.09641214 0.5854997 0.3660931 0.43500528 0.78739065 0.38174829 -0.48668337 0.71108133 0.42138302 0.69179308 0.68188494 0.31844491 -0.77232009 0.70093989 0.42965734 0.80808306 0.8554346 0.44905084 -0.1979676 0.79627901 0.45873928 0.19801989 0.65771282 0.5492931 -0.33441135 0.64030004 0.54872686 0.18124785 0.75633687 0.70068616 -0.47346473 0.76675034 0.62425816 0.16877213
0.63927287 0.3244229 -0.145715 0.58890879 0.36126965 0.41886348 0.78684384 0.37158027 -0.51851571 0.7108016 0.41644186 0.60073298 0.68177992 0.32187966 -0.81846362 0.69381827 0.41822818 0.67363226 0.8522855 0.44526875 -0.19660859 0.79647154 0.45451853 0.19668931 0.66201198 0.54942894 -0.32701933 0.64552242 0.54557312 0.10842117 0.75645798 0.69924217 -0.44048664 0.75630915 0.64054114 0.07573358
0.63879353 0.32032716 -0.13865666 0.58939469 0.35391772 0.39239445 0.78644222 0.3651841 -0.51077366 0.71185464 0.4107779 0.56300735 0.68384075 0.31222919 -0.83329719 0.71939814 0.42119423 0.58087271 0.85037047 0.4395816 -0.19867077 0.79470342 0.4481096 0.19880138 0.67033833 0.55041128 -0.3496139 0.64540881 0.54373455 0.11399463 0.75649577 0.69922984 -0.47857842 0.74276036 0.64174598 0.10570326
0.63808668 0.31614339 -0.09693485 0.59402424 0.34773526 0.42033553 0.78230983 0.3530277 -0.45490664 0.70990807 0.40741122 0.57371122 0.68924087 0.30288875 -0.73020524 0.71034575 0.40511638 0.58833349 0.84963447 0.43365023 -0.20026407 0.79497254 0.44284621 0.20045647 0.67426765 0.55020875 -0.34729424 0.65711665 0.54188907 0.10312317 0.75776702 0.69919431 -0.48940039 0.73699677 0.642829 0.07782997
0.63810199 0.30318063 -0.15592492 0.5937618 0.33495471 0.38653067 0.78659511 0.34496075 -0.50137603 0.70811033 0.39174345 0.56767875 0.70071268 0.2819804 -0.78263241 0.7078076 0.39073923 0.56535167 0.84087777 0.42450282 -0.20999303 0.78962332 0.43400705 0.21032487 0.67843741 0.55013287 -0.37660548 0.662642 0.54026157 0.15408482 0.75759417 0.69914341 -0.5070166 0.73443258 0.64548737 0.20606892
0.63783795 0.30057678 -0.15854144 0.59363699 0.33430398 0.35480878 0.78837901 0.34351709 -0.49147287 0.70721895 0.39165145 0.49943724 0.70007992 0.28153813 -0.73972821 0.70652962 0.39172342 0.46856919 0.8416605 0.42617828 -0.21228488 0.78881973 0.43469155 0.21255696 0.6789968 0.54988915 -0.37319824 0.6621744 0.539204 0.14206278 0.75690103 0.69916058 -0.49324748 0.7331627 0.65372843 0.16240843
0.63249046 0.28768307 -0.15533653 0.5929029 0.31250277 0.38874698 0.78354579 0.32890067 -0.47713098 0.70401222 0.37274459 0.56255674 0.70049262 0.26443118 -0.69896144 0.69434172 0.38175389 0.62102807 0.8276341 0.4159016 -0.21604627 0.78312629 0.42262027 0.21619155 0.68565315 0.54839772 -0.36883005 0.67600232 0.53427994 0.21215168 0.75689769 0.69957358 -0.49499139 0.73176402 0.65264648 0.28033671
0.63262242 0.27674121 -0.09596299 0.59210682 0.30989945 0.41097906 0.76739508 0.31378445 -0.43473288 0.6905393 0.37022337 0.61675429 0.70062774 0.25744435 -0.72321272 0.69511235 0.38587952 0.67795509 0.81645507 0.40364701 -0.21301711 0.77606958 0.41576943 0.21322636 0.69514942 0.54534423 -0.37316623 0.68722504 0.53340715 0.13548426 0.75789082 0.69958949 -0.54501212 0.73094773 0.65396017 0.13955958
0.6328482 0.27219862 -0.14408657 0.59344101 0.30123603 0.40209496 0.76566249 0.31121221 -0.50956452 0.67571288 0.35983434 0.63226128 0.70658898 0.25329393 -0.86365736 0.67526072 0.36642647 0.76614457 0.80480599 0.40336457 -0.21179534 0.7648012 0.41191429 0.21206452 0.70157915 0.54355305 -0.37046075 0.69094521 0.53235739 0.18170698 0.75829291 0.69955558 -0.52729744 0.73032814 0.65096509 0.25756389
0.63270515 0.26775092 -0.11509283 0.59463251 0.29616073 0.43387154 0.76366717 0.31064707 -0.3790437 0.67312253 0.35597622 0.6594913 0.70789737 0.26385218 -0.54751533 0.66223562 0.3542172 0.77234423 0.80188 0.40485609 -0.21100765 0.76217753 0.41327518 0.21126261 0.70064688 0.5416193 -0.37471759 0.69082242 0.53151238 0.18657748 0.75776541 0.69856822 -0.54882032 0.72994173 0.64933223 0.25358716
0.63321972 0.25875416 -0.13882402 0.59552646 0.28508696 0.42992279 0.76291448 0.30413803 -0.40453571 0.66858685 0.34742358 0.66913301 0.71623343 0.25342542 -0.64302433 0.65952432 0.35050896 0.78552514 0.79546958 0.40075245 -0.212166 0.75804299 0.41007885 0.21248449 0.70504147 0.5403868 -0.37322253 0.69420427 0.53056878 0.17138413 0.75776398 0.69859368 -0.52861482 0.73117536 0.64929402 0.21626304
0.63368917 0.25023332 -0.13232042 0.59592921 0.28076908 0.42990163 0.76046711 0.29318491 -0.51294279 0.6626085 0.34034714 0.70039779 0.7139377 0.23522615 -0.90709078 0.64959002 0.3504999 0.8445465 0.78840148 0.39501497 -0.20602472 0.75607014 0.40644538 0.20628057 0.7101841 0.53836501 -0.3533524 0.69917107 0.52864361 0.17883982 0.75809848 0.70109206 -0.51949531 0.73210812 0.65032917 0.2110312 
0.63663667 0.24665566 -0.13655855 0.59979314 0.27758464 0.42166111 0.76111239 0.28594929 -0.56434751 0.65309733 0.33590063 0.73509264 0.71231627 0.22477773 -0.98706859 0.63448668 0.34869909 0.94085944 0.78151125 0.39323151 -0.19797114 0.7493788 0.40551624 0.19808131 0.71649694 0.53680408 -0.34341729 0.70248318 0.52630526 0.22645077 0.75937366 0.7020002 -0.51488858 0.73329479 0.64578283 0.27113691
0.64093047 0.2393674 -0.14633162 0.60051453 0.27168751 0.41879761 0.76131815 0.27709234 -0.56734478 0.64392197 0.32782045 0.74187791 0.71377563 0.21825038 -0.9666208 0.62210095 0.34482849 0.98436868 0.7746805 0.39397305 -0.19262743 0.73607928 0.40526885 0.19275397 0.7297222 0.53658861 -0.33574966 0.70184487 0.52471757 0.2680366 0.76169223 0.70192546 -0.52523845 0.73313749 0.64257222 0.32888108
0.64198953 0.23920991 -0.14540547 0.61122179 0.26817504 0.41737384 0.76082563 0.27444953 -0.58194733 0.64649475 0.32231921 0.78442359 0.71650589 0.21167824 -1.00914109 0.62888038 0.3365398 1.05828536 0.77104837 0.39476553 -0.18994991 0.73655331 0.40518072 0.19001766 0.7311793 0.53760594 -0.33172178 0.70719242 0.52475971 0.25766256 0.76164174 0.70181406 -0.5223133 0.73652899 0.6420747 0.31811219
0.643457 0.23943539 -0.12268008 0.61010945 0.26523781 0.42281556 0.76067239 0.27174225 -0.55910039 0.64855903 0.31903309 0.75724161 0.7201761 0.21544784 -0.91449457 0.63547963 0.32983735 0.97268689 0.76815969 0.39329347 -0.18725212 0.72935957 0.40366694 0.18731268 0.73088455 0.53819805 -0.31891474 0.70552665 0.5223676 0.23629877 0.75955343 0.70032257 -0.50972307 0.73654377 0.64159352 0.28042021
0.65294707 0.23706648 -0.08021975 0.61962789 0.26516503 0.4397755 0.76239938 0.27055275 -0.46402851 0.65023422 0.3256453 0.72885185 0.72121269 0.21272816 -0.7942614 0.63802558 0.33983997 0.91363251 0.76312596 0.39443567 -0.18006203 0.73020989 0.40465185 0.18003869 0.73243552 0.53896719 -0.3073552 0.70627272 0.52309722 0.25033572 0.75910753 0.70026028 -0.50843966 0.74000078 0.64064687 0.28858808
0.65487194 0.23663945 -0.05793221 0.61777186 0.26377019 0.44272017 0.76654309 0.27698737 -0.41803169 0.65249574 0.32796824 0.68418568 0.72118783 0.21820684 -0.70659161 0.63683856 0.34370291 0.77494073 0.76219642 0.39437777 -0.17753644 0.72319555 0.40491334 0.17750169 0.73408538 0.53923196 -0.30688724 0.70876181 0.52381128 0.24425374 0.76045829 0.70002908 -0.50406295 0.74306387 0.64101589 0.27576309
0.66333228 0.23726709 -0.06725752 0.61722982 0.26412377 0.43978804 0.77502906 0.28003037 -0.40377834 0.65390289 0.33042869 0.58932662 0.72123909 0.22191353 -0.65651006 0.63850093 0.34677356 0.5842464 0.76332444 0.39563626 -0.17678906 0.71378171 0.40594131 0.17676809 0.74139929 0.5427283 -0.30525401 0.71368307 0.52448297 0.27150035 0.76046938 0.7001887 -0.50064671 0.74503112 0.64168835 0.34312627
0.66652018 0.23665117 -0.0758119 0.61934292 0.26482311 0.42982477 0.77836061 0.28115952 -0.4090437 0.65485036 0.33086738 0.57115239 0.72496295 0.22284168 -0.66951203 0.63417238 0.34853515 0.58270991 0.76246542 0.3960565 -0.17766915 0.71452838 0.40630615 0.17767547 0.74674278 0.54427111 -0.30659214 0.72201651 0.52564156 0.31502169 0.76182312 0.70144689 -0.50937891 0.74708718 0.64071101 0.42539716
0.66986036 0.23695078 -0.07858673 0.6220395 0.26422733 0.41754889 0.78287786 0.2821297 -0.4160673 0.65545207 0.33058807 0.57559234 0.72643447 0.22256342 -0.6798805 0.63305819 0.34920648 0.59309006 0.76493329 0.39610639 -0.17771672 0.71512944 0.40624139 0.17775337 0.75310314 0.54425049 -0.30283546 0.72576237 0.5261597 0.302044 0.76214254 0.70143664 -0.50453806 0.74683374 0.63879204 0.40187466
0.67231518 0.23606573 -0.02554519 0.62454528 0.26406762 0.47056293 0.7817167 0.28313258 -0.34905598 0.65711713 0.32781234 0.67962408 0.71163648 0.25068241 -0.59930265 0.63422966 0.34864885 0.78647149 0.76650941 0.39563677 -0.17822675 0.71709287 0.40602317 0.17829455 0.75892115 0.54339707 -0.31163242 0.72780371 0.5270046 0.28649426 0.76317012 0.7014268 -0.52546656 0.74640989 0.63916504 0.38178989
0.67084056 0.23555098 -0.01159392 0.62442541 0.26532853 0.46218655 0.78131241 0.2810508 -0.36363244 0.65940112 0.3291682 0.67189217 0.71413803 0.24508637 -0.64407444 0.63502407 0.35517362 0.77430969 0.76722002 0.39584437 -0.17241623 0.71606547 0.40627801 0.1724795 0.76032394 0.54229355 -0.30818012 0.72646993 0.52778834 0.2440196 0.76315165 0.70141804 -0.52352446 0.74767178 0.64003605 0.26789239
0.66938883 0.23499778 -0.03186141 0.62459618 0.26405919 0.45227978 0.78106904 0.28044122 -0.36580992 0.65863842 0.32631344 0.67040461 0.71292514 0.24392161 -0.61056674 0.62615716 0.34510177 0.78312814 0.76751328 0.39527503 -0.1693251 0.71655607 0.40608576 0.16942203 0.76152736 0.54151338 -0.2966215 0.72625643 0.5278458 0.2322088 0.76321667 0.70140278 -0.50141609 0.74840647 0.64269757 0.24366345
0.67140746 0.23455396 -0.03736358 0.6266681 0.26437655 0.43872106 0.78085053 0.28066409 -0.3185232 0.65856189 0.32508519 0.60365301 0.70091695 0.26636204 -0.46545076 0.6247077 0.33387673 0.63517278 0.76770812 0.39452621 -0.17047922 0.71718794 0.40572903 0.17054483 0.76248032 0.54110885 -0.29996458 0.72635669 0.52795327 0.24894153 0.76319796 0.70132816 -0.49788576 0.74907637 0.64266449 0.2758978 
0.67276061 0.23345865 -0.02468295 0.62621713 0.26479527 0.44982696 0.78095877 0.28098771 -0.34823674 0.65888131 0.32532832 0.6536383 0.70333147 0.26029953 -0.56646258 0.62595749 0.33685264 0.74786365 0.76802027 0.39420655 -0.17117585 0.7176649 0.40566844 0.17125918 0.76202554 0.54122829 -0.30086741 0.72713614 0.52941597 0.24247323 0.76410735 0.70134521 -0.50287825 0.75039035 0.64648235 0.26542643
0.67445803 0.23233052 -0.03384027 0.62612474 0.26438704 0.43738055 0.78145695 0.28117034 -0.36225155 0.65891844 0.32580793 0.6071952 0.70909858 0.2659567 -0.59513736 0.62471813 0.33904901 0.64433736 0.76818985 0.39391848 -0.17168923 0.71685261 0.40552711 0.17179102 0.76116937 0.5412361 -0.30216998 0.72753382 0.52998263 0.25139239 0.76559234 0.70133692 -0.50300425 0.75329465 0.64719373 0.28354132
