0.62538964 0.34226784 0.27149805 0.57773125 0.37008229 0.67126513 0.67829704 0.35416433 -0.08798721 0.5618239 0.41466945 0.76950508 0.63978994 0.33457133 -0.37035361 0.55499345 0.43187889 0.76422369 0.61695212 0.48143235 -0.13617203 0.61434245 0.48815635 0.13635084 0.58119041 0.58246434 -0.38018489 0.63277471 0.58751619 0.18442632 0.57899892 0.70951736 -0.65777576 0.6524232 0.6874485 0.17316099
0.60753292 0.32215834 0.29902303 0.57614625 0.36384809 0.66313231 0.67241609 0.35778841 0.00383546 0.56084669 0.43193379 0.68431711 0.66008496 0.35522684 -0.26423237 0.5367952 0.45319656 0.65770012 0.62941313 0.43712491 -0.13466911 0.61796951 0.46279225 0.13480365 0.59816736 0.56640244 -0.32871982 0.63700098 0.56915987 -0.02476888 0.58612901 0.70510226 -0.57065862 0.65740407 0.67991674 -0.16506653
0.60335255 0.31803074 0.25681621 0.57960385 0.35899624 0.66299492 0.65791863 0.35359702 -0.01912759 0.57390153 0.42566216 0.72509342 0.64549798 0.37191418 -0.32963517 0.54705358 0.45144987 0.68132639 0.63271844 0.44008589 -0.14177696 0.63240403 0.46133125 0.1418626 0.59715992 0.57469714 -0.26976052 0.64530653 0.57350099 0.10259636 0.57501793 0.70871389 -0.49719188 0.66112149 0.67880642 0.02963617
0.59310293 0.32724947 0.32531708 0.59776676 0.35583246 0.66112524 0.65242016 0.35805073 0.04532143 0.59103322 0.41603956 0.59985423 0.64189345 0.36854675 -0.21909319 0.56951773 0.43569195 0.42121372 0.62387145 0.44380197 -0.14003314 0.64265406 0.4574489 0.14003365 0.60112679 0.5680477 -0.28028437 0.64983749 0.56952131 0.08187564 0.57959235 0.70396668 -0.59070408 0.65491867 0.68440408 -0.07735049
0.5898478 0.3265892 0.25061297 0.6030581 0.35246071 0.65297657 0.65368903 0.37170184 0.0070664 0.59637594 0.41732249 0.66670322 0.63421845 0.39527759 -0.27783513 0.56937867 0.44282895 0.57413793 0.61117619 0.45305696 -0.14380227 0.64852744 0.45909974 0.14371069 0.59743851 0.56856591 -0.2650975 0.64948219 0.57097113 0.09204225 0.5765993 0.70628887 -0.53804272 0.65750968 0.68166727 0.02360556
0.61935687 0.32639369 0.31304342 0.57515317 0.3590354 0.6420173 0.69036216 0.36480629 0.05335137 0.55934763 0.42373657 0.61634916 0.67833197 0.3847914 -0.23689003 0.55009836 0.446711 0.44407231 0.63839757 0.43881652 -0.13303645 0.64243692 0.4621003 0.13326176 0.60537785 0.56068289 -0.3133159 0.64208299 0.5644843 0.04179061 0.58182526 0.70422167 -0.56852603 0.65670532 0.67967999 -0.05171899
0.60576695 0.32622102 0.30549723 0.58581161 0.35763329 0.66730082 0.66465151 0.36103687 0.03059426 0.58207506 0.42008442 0.6801728 0.65874004 0.38083982 -0.27537936 0.56597543 0.44090647 0.59721076 0.61833584 0.44923016 -0.13374661 0.64566809 0.45870036 0.13389714 0.5988692 0.56428868 -0.29790729 0.64532214 0.56671733 0.08917279 0.58110142 0.70701724 -0.59348738 0.66390324 0.67750376 -0.01100455
0.61793441 0.32633412 0.31383052 0.5745194 0.35625046 0.64264941 0.68075293 0.36041543 0.0278392 0.57212144 0.41777641 0.65289563 0.66407841 0.37470624 -0.27429256 0.56377333 0.43824387 0.55967224 0.62046677 0.44825613 -0.13330224 0.6406396 0.45759434 0.13348715 0.60229307 0.56240726 -0.30916968 0.64568824 0.5635708 0.08058823 0.58209389 0.70554525 -0.57975978 0.66381836 0.67771935 -0.02150019
0.62022197 0.32682246 0.33174217 0.56903267 0.35896268 0.6453734 0.69129705 0.3589116 0.04643136 0.56297004 0.4194842 0.65235412 0.66827828 0.36728206 -0.25124159 0.55816948 0.43775463 0.54162389 0.63887364 0.44175398 -0.13106433 0.63264281 0.4623695 0.13125576 0.5998925 0.56238717 -0.32009861 0.64306468 0.56424916 0.07507562 0.57887971 0.70736414 -0.5927577 0.66387647 0.67646807 -0.01978073
0.62128288 0.32878023 0.33619186 0.57201838 0.35888198 0.64823502 0.68567866 0.35983655 0.06001001 0.56652933 0.41931191 0.6587314 0.67027289 0.36500475 -0.23287043 0.56002045 0.43672702 0.56199056 0.6378324 0.44301459 -0.12813182 0.63160342 0.46332926 0.1282569 0.60318905 0.56239825 -0.304068 0.64162028 0.56497639 0.05206301 0.57826 0.70742071 -0.57109785 0.66346067 0.67886233 -0.06797159
0.62329185 0.33052462 0.34379017 0.57281071 0.36045402 0.65010422 0.6858182 0.36184958 0.06566083 0.56868929 0.42087924 0.64049035 0.67110807 0.36621755 -0.22719678 0.55937576 0.43806183 0.51418424 0.63891339 0.44435459 -0.1262016 0.63117838 0.4651289 0.12624171 0.60434878 0.56252646 -0.3014406 0.641141 0.56536889 0.06514926 0.58098388 0.70645213 -0.59106827 0.6648196 0.67935312 -0.05689826
0.62700045 0.33066225 0.35391101 0.57295954 0.36127788 0.6471141 0.69019771 0.36314759 0.08438104 0.56831181 0.42186984 0.60234624 0.66608948 0.36754978 -0.20082131 0.55802369 0.43968382 0.43393877 0.64138669 0.44189897 -0.12467214 0.63129777 0.46392891 0.12460344 0.60548306 0.56156772 -0.29701021 0.64165401 0.56530881 0.0696129 0.58194476 0.70489281 -0.5835433 0.66458273 0.67857379 -0.05660065
0.59060621 0.33128202 0.34362617 0.61904234 0.35203233 0.64958495 0.63022768 0.37278154 0.06631833 0.62423265 0.40976384 0.57685983 0.62553775 0.4067691 -0.15040599 0.6009711 0.42939097 0.41825351 0.61582631 0.44714424 -0.13240181 0.64650565 0.45676035 0.13201134 0.60375786 0.5642373 -0.2680988 0.64678955 0.5669542 0.11447465 0.58122891 0.70551968 -0.56437165 0.66503394 0.67936742 -0.03640747
0.56056702 0.33274856 0.31780314 0.6439622 0.3491393 0.63937128 0.5895673 0.38275146 0.08230759 0.66754478 0.39964947 0.47858101 0.60147953 0.41828212 -0.04328114 0.63918436 0.41614485 0.27309826 0.60188484 0.44969311 -0.13599247 0.65591443 0.45618427 0.13538493 0.60173994 0.5664255 -0.24348995 0.64869845 0.5688073 0.13245083 0.58127153 0.7051475 -0.5263378 0.66478723 0.6791572 -0.0299131 
0.56804031 0.33327055 0.32165641 0.6319223 0.35036096 0.63578403 0.60741466 0.38196412 0.11174137 0.64334834 0.40290955 0.48806888 0.60858858 0.40594327 -0.04246717 0.62373263 0.42099571 0.27288648 0.60064095 0.45074895 -0.13371064 0.65364683 0.45486644 0.13293469 0.60148966 0.56617129 -0.24611595 0.64855486 0.56865484 0.12563345 0.58152717 0.70487767 -0.53772718 0.66468155 0.67994756 -0.0550622 
0.5722276 0.33411026 0.33823183 0.62540001 0.35208657 0.63095987 0.60992891 0.37855339 0.12770598 0.63289624 0.40534052 0.4802874 0.61762017 0.39236984 -0.0354338 0.61591649 0.42323667 0.26373491 0.60510987 0.45038709 -0.12922236 0.65220314 0.45486692 0.12839091 0.60120881 0.5663451 -0.24473634 0.64820105 0.56862468 0.12175719 0.58230311 0.70411915 -0.5502401 0.66465002 0.68007433 -0.06227716
0.57111406 0.33811793 0.3499797 0.6300627 0.35287604 0.62264717 0.60786384 0.37815288 0.24842031 0.63673943 0.40405428 0.45011482 0.61625642 0.39187717 0.23547465 0.62016499 0.42071661 0.22552525 0.60551172 0.45057198 -0.12366465 0.65416151 0.45673054 0.12283722 0.60151798 0.56645995 -0.2449121 0.64784962 0.56846744 0.11465386 0.58174449 0.70430088 -0.55301118 0.66439611 0.68015164 -0.06991947
0.56485718 0.33856189 0.33278823 0.63549721 0.3503111 0.61243504 0.59892547 0.38149005 0.24079293 0.64261353 0.40156126 0.45997295 0.6043117 0.39931405 0.25175491 0.62076664 0.41705605 0.26848522 0.60062963 0.45101535 -0.12337326 0.65719837 0.45511928 0.12258712 0.6020121 0.56609422 -0.23414797 0.649055 0.56884521 0.11305939 0.58192408 0.70434374 -0.53341836 0.66431677 0.68047249 -0.06314121
0.56035358 0.33922562 0.32415459 0.63875508 0.3489095 0.6035952 0.58826041 0.38535261 0.21664324 0.64479625 0.40038884 0.45215708 0.59363061 0.40592918 0.22165975 0.6223318 0.41533288 0.26145142 0.59857321 0.45111412 -0.12345852 0.65950859 0.45490536 0.12272734 0.60177696 0.56562412 -0.22944313 0.65006244 0.56905204 0.11559023 0.58224887 0.70418149 -0.52362597 0.66451466 0.68051803 -0.05657195
0.56099522 0.33927044 0.33634987 0.63562351 0.34938353 0.61364919 0.59695911 0.38418189 0.25964755 0.63218498 0.40168294 0.44918624 0.5973087 0.4039548 0.27808681 0.61936229 0.41773638 0.20977823 0.60700357 0.44904858 -0.12230007 0.65802121 0.45540199 0.12156773 0.60188526 0.56271756 -0.23032278 0.64971048 0.56753081 0.10196035 0.58324921 0.70380157 -0.55318153 0.66449624 0.68045872 -0.07351878
0.56274545 0.34059435 0.3028329 0.6346361 0.34995893 0.61883622 0.58328015 0.39213222 0.22906733 0.63138264 0.40269354 0.46696514 0.58625692 0.42555445 0.26507032 0.61558598 0.41874254 0.26636627 0.60985452 0.44928166 -0.12846743 0.65699685 0.45547268 0.12775108 0.60173327 0.56305522 -0.24035068 0.64919567 0.56770152 0.13841607 0.58337981 0.7038554 -0.55061638 0.66471356 0.6796909 0.01754239
0.56337428 0.3419432 0.32036126 0.6346553 0.35152701 0.61487657 0.589028 0.38477036 0.26948908 0.63736421 0.40215918 0.46116444 0.59113026 0.39978859 0.32020557 0.62245995 0.41568989 0.24717744 0.610228 0.4507409 -0.12713517 0.65697116 0.4582004 0.12642606 0.60231358 0.56390011 -0.24166498 0.6489175 0.56790143 0.10547899 0.58142859 0.70583934 -0.55398053 0.66462594 0.67991227 -0.06623807
0.56377685 0.34227255 0.32077262 0.63366807 0.3528901 0.61172199 0.59093052 0.38015255 0.29423124 0.63673103 0.40247631 0.46331546 0.5941841 0.38784379 0.39263958 0.62072545 0.41704395 0.28340286 0.61276656 0.45231062 -0.12453365 0.65666121 0.46049052 0.12389234 0.60401791 0.56472886 -0.23920836 0.64844733 0.56896996 0.06194924 0.5813821 0.70589626 -0.53181839 0.66361207 0.680035 -0.11886053
0.57690305 0.34186545 0.30142665 0.62696189 0.35592225 0.59705514 0.63113439 0.36978719 0.08285035 0.63074887 0.4072336 0.53891343 0.63772953 0.36858416 -0.09488172 0.61389202 0.42051077 0.45695195 0.62240595 0.45379588 -0.12442458 0.65679723 0.46462056 0.12380729 0.60410053 0.56508058 -0.23697156 0.64912504 0.56904805 0.06949622 0.58230126 0.70593506 -0.52574104 0.66367716 0.67980421 -0.0824399 
0.63451904 0.34183469 0.29872051 0.58315128 0.36570564 0.54338479 0.69429815 0.36517528 0.05909545 0.58357996 0.42497364 0.59489173 0.65024847 0.34623277 -0.14823654 0.5789085 0.44094145 0.58699495 0.64837486 0.45272914 -0.11626292 0.63666087 0.46743014 0.11595809 0.60575491 0.56776983 -0.23708844 0.64769912 0.56889307 0.0399564 0.58387071 0.70531952 -0.44896802 0.66308647 0.6797623 -0.07900431
0.61488539 0.34311885 0.29988277 0.5933392 0.36402339 0.54808217 0.66565341 0.36749631 0.09128046 0.58998817 0.42403957 0.40551427 0.64922124 0.35592243 0.11471921 0.59895682 0.41990417 0.18035871 0.63983935 0.45325878 -0.10942011 0.63913405 0.46697038 0.10898518 0.60913908 0.56762725 -0.22242448 0.64741588 0.56840348 0.00421517 0.58759695 0.70319247 -0.45927727 0.65849584 0.67983282 -0.16626063
0.60813612 0.343054 0.28800124 0.59465128 0.36349627 0.56270009 0.66029441 0.36873892 0.08232544 0.59279734 0.42047021 0.45135102 0.6502375 0.36450902 -0.03687484 0.59912992 0.4205496 0.27249411 0.6389972 0.45567703 -0.11116893 0.64632976 0.46912029 0.11071265 0.61450243 0.56789815 -0.22119638 0.6493755 0.56966293 0.03666678 0.58488864 0.70394421 -0.47669536 0.6596362 0.67990959 -0.12387419
0.61742765 0.34549364 0.31978154 0.60012347 0.36478683 0.56655419 0.67069083 0.3686516 0.102074 0.59612423 0.41986126 0.45951751 0.6523279 0.34617838 -0.06312827 0.59798551 0.42127797 0.28808445 0.6422205 0.45571119 -0.10995101 0.64773065 0.46877897 0.109469 0.62040937 0.56853759 -0.22328378 0.64965832 0.57002425 0.06222551 0.58478785 0.70410925 -0.48500252 0.66003543 0.67990357 -0.07074715
0.58626926 0.34573659 0.32467571 0.63988334 0.36235854 0.60208207 0.6307776 0.36747625 0.08685212 0.66148883 0.40520006 0.49572641 0.64146513 0.35405886 -0.1173362 0.66242594 0.40282124 0.34925359 0.63266897 0.45825282 -0.12400445 0.66921329 0.46855548 0.12350787 0.61871028 0.56986248 -0.22398895 0.65286028 0.57097119 0.16055927 0.58349872 0.7045787 -0.51228559 0.66112942 0.67959845 0.05082227
0.56532377 0.35568443 0.34541425 0.65400577 0.36047691 0.54409319 0.59470737 0.38148221 0.30369243 0.68769115 0.39661992 0.38621128 0.6218158 0.35856572 0.39502662 0.68680066 0.37706205 0.22856264 0.62472922 0.46270519 -0.11351229 0.67493385 0.46833268 0.11313917 0.61836469 0.57400841 -0.20969895 0.65458906 0.57236326 0.12682374 0.58300847 0.70462805 -0.48055759 0.66168082 0.67961198 -0.00510511
0.55558103 0.35672224 0.33720911 0.65414017 0.35719898 0.5479188 0.59221023 0.3850182 0.27366045 0.68149716 0.39378193 0.4132587 0.61986125 0.3591817 0.35776499 0.67015392 0.37615696 0.24974753 0.62032408 0.46320209 -0.11510817 0.67584544 0.4673917 0.11480282 0.61630529 0.57361084 -0.21369573 0.65579975 0.5727613 0.13698748 0.57708997 0.70540208 -0.48398697 0.66282839 0.67958313 0.01514076
0.54140127 0.35957071 0.34386197 0.65881163 0.35458127 0.5571388 0.57222366 0.39000303 0.35830536 0.69593257 0.38933486 0.43294033 0.61174077 0.37083137 0.53790164 0.67648822 0.37126192 0.33581659 0.61399049 0.46514195 -0.11522084 0.67613697 0.46671227 0.11490304 0.61575085 0.57341796 -0.2058575 0.65714884 0.57274956 0.15163685 0.57469648 0.70552814 -0.46218038 0.66412222 0.67943776 0.04402479
0.61194152 0.3585397 0.38067889 0.60527128 0.36060685 0.59457451 0.6738832 0.37702379 0.34147739 0.5961439 0.40364543 0.40600193 0.65850317 0.35414833 0.20188476 0.61073619 0.40013498 0.15709101 0.64021176 0.46145612 -0.11486795 0.65684479 0.46731773 0.1145008 0.61690837 0.57323426 -0.23549718 0.65698749 0.57217038 0.10860982 0.57502693 0.7054671 -0.51073462 0.66514307 0.67909211 0.01507046
0.58956856 0.35901424 0.38055024 0.61636603 0.36143926 0.59048408 0.65762997 0.37792116 0.33686039 0.60035783 0.40271649 0.38417214 0.64322549 0.35699239 0.41303033 0.61572134 0.386704 0.15784425 0.63484532 0.46544656 -0.11462161 0.65854442 0.4688786 0.11427434 0.61664653 0.57536876 -0.21993338 0.65663618 0.57381797 0.1236461 0.57527256 0.70530862 -0.44430369 0.66636837 0.67914164 0.03414337
0.5767836 0.35627201 0.37088135 0.64472741 0.3595885 0.66290992 0.61194444 0.37521884 0.21624295 0.6517331 0.39819416 0.46976388 0.62079394 0.37140146 0.15059109 0.65301722 0.38885078 0.21180166 0.63379961 0.4619585 -0.13492979 0.66984868 0.46435508 0.13442801 0.61487418 0.5706526 -0.25202763 0.65939975 0.56918716 0.20148318 0.57597435 0.70418847 -0.54606402 0.66791618 0.67606336 0.12482979
0.59312743 0.35491017 0.38083714 0.63389921 0.36182129 0.67639107 0.63449007 0.36853054 0.17369124 0.62651521 0.40263572 0.54311097 0.63450104 0.36058155 0.03777227 0.62945908 0.39066556 0.35837805 0.63770717 0.45909798 -0.13389216 0.66925442 0.46443918 0.13340971 0.61309868 0.56760418 -0.27511629 0.65929902 0.56793851 0.17236015 0.57718515 0.70363986 -0.58241588 0.66903234 0.67487156 0.09331749
0.63018471 0.35318124 0.37414202 0.59977126 0.36675861 0.66276121 0.67672944 0.36573318 0.17138459 0.59044617 0.41383395 0.53244567 0.64584345 0.34861517 0.08791668 0.59587997 0.41135582 0.37807089 0.65491235 0.45702067 -0.1290006 0.65353209 0.4654595 0.12862179 0.61577034 0.56658375 -0.27739435 0.65514946 0.56810373 0.12250919 0.57943124 0.70297647 -0.55039328 0.66894901 0.6745106 0.07973745
0.62468249 0.35285255 0.37178859 0.6014179 0.36698973 0.65852535 0.673572 0.36586943 0.21114399 0.59121531 0.41323093 0.42145675 0.65101629 0.35235664 0.14938827 0.60351193 0.40940619 0.14473629 0.65157592 0.45669681 -0.11890164 0.65188831 0.46568689 0.11847248 0.61816347 0.56609917 -0.27006322 0.65425819 0.56812161 0.0974496 0.58126831 0.70102113 -0.54139131 0.66602647 0.67475414 -0.00390846
0.63174659 0.3493413 0.37085536 0.58957994 0.37063628 0.65591121 0.69166183 0.36247641 0.15774219 0.57681513 0.41995355 0.56576049 0.6693387 0.35418463 -0.02272979 0.57963413 0.42158195 0.40162939 0.65285778 0.45198286 -0.11886343 0.64064491 0.46593541 0.11846391 0.61905503 0.56473976 -0.28217199 0.6498372 0.56620604 0.07905297 0.58155143 0.70041847 -0.55138355 0.66519916 0.67478538 -0.03578039
0.62479043 0.34841576 0.38477811 0.59427577 0.36956421 0.67761695 0.68446928 0.3601642 0.16348755 0.58278447 0.41746634 0.5619579 0.67240876 0.35515928 -0.01385596 0.58896756 0.41772637 0.37202343 0.65018028 0.45183384 -0.1191633 0.64207727 0.46594971 0.11877859 0.61468983 0.56498361 -0.28316197 0.64995933 0.56559485 0.09678015 0.58174515 0.70059681 -0.59248585 0.6666944 0.67487568 -0.0227624 
0.60983926 0.34802672 0.38288751 0.60859269 0.36645591 0.67456031 0.66900778 0.35428479 0.15383278 0.6017518 0.4077079 0.55287194 0.66534072 0.35069385 0.01167977 0.61762452 0.40003794 0.3756808 0.64281404 0.45232293 -0.12157959 0.65122283 0.46518958 0.12116535 0.61229151 0.56478035 -0.26905525 0.65176982 0.56531036 0.12920086 0.58134437 0.70153821 -0.56999964 0.66863716 0.67495674 0.00879268
0.60741299 0.34558979 0.36079088 0.61164576 0.3653903 0.6870954 0.66802257 0.35320634 0.09867471 0.60231072 0.4067302 0.63498801 0.66362977 0.35197619 -0.11202251 0.61760056 0.40042001 0.54443586 0.64186859 0.45235199 -0.12703604 0.65651596 0.46512541 0.12672159 0.61107719 0.56477225 -0.26671791 0.65372097 0.56510943 0.15406568 0.58095449 0.70248741 -0.56635696 0.67090613 0.67501909 0.05890755
0.601803 0.34503177 0.35392794 0.61800623 0.36386931 0.70590925 0.65897751 0.35564247 0.09964246 0.60462993 0.40497631 0.61516732 0.66172159 0.36183795 -0.0985627 0.61763412 0.40054706 0.47125384 0.63966203 0.4525418 -0.13520095 0.66184092 0.46510443 0.13490774 0.61067641 0.56515092 -0.26564333 0.65627772 0.5649094 0.18310837 0.58082372 0.70294827 -0.56542033 0.67209238 0.67504787 0.10702218
0.5988372 0.34407663 0.3466205 0.62000066 0.36303225 0.70826674 0.65327287 0.35689926 0.09211767 0.60501623 0.40486172 0.62519133 0.66069764 0.36706385 -0.11388317 0.61751974 0.40296057 0.4893665 0.63813972 0.45264286 -0.13821724 0.66407502 0.46511444 0.13793387 0.6105023 0.56547803 -0.26604044 0.65775728 0.56485099 0.18769003 0.58076113 0.70324904 -0.56878453 0.67296559 0.67506987 0.11033425
0.60203809 0.34410188 0.35553259 0.61708993 0.36325368 0.69573104 0.65974271 0.35666487 0.10395618 0.60234016 0.40494332 0.60847718 0.66541195 0.36606878 -0.11661293 0.61152393 0.40548366 0.46741173 0.63826549 0.45125192 -0.13722436 0.66304624 0.46459976 0.13691989 0.60995173 0.56504339 -0.27466884 0.65771759 0.56458443 0.17699574 0.58070809 0.70338374 -0.59402275 0.67382431 0.67515194 0.07922941
0.60223329 0.34404796 0.35651278 0.61646277 0.36326975 0.6955508 0.6597665 0.35953405 0.11580404 0.60331529 0.40658054 0.59311968 0.66406846 0.37179688 -0.08674952 0.61084843 0.41342852 0.40436763 0.63825232 0.45136565 -0.13603593 0.66275716 0.46467555 0.1357206 0.60988289 0.56427771 -0.2785112 0.65765959 0.56460369 0.17261806 0.5789541 0.70386857 -0.58951777 0.67368376 0.6757412 0.08031017
0.60561419 0.3437129 0.35670462 0.61178017 0.36402553 0.68136543 0.67038262 0.35943842 0.11467723 0.60083401 0.40922794 0.59112161 0.66932464 0.37055999 -0.10750893 0.60692012 0.4147872 0.40264925 0.63829201 0.45130241 -0.13250124 0.66008437 0.46469143 0.13224234 0.60827607 0.56383783 -0.27106857 0.6567784 0.56474036 0.15060587 0.57349992 0.70426983 -0.55079764 0.66859317 0.67652333 0.04690228
0.60568851 0.3418586 0.35112315 0.61034 0.36443695 0.68190324 0.67182183 0.35491142 0.08957335 0.601605 0.41226989 0.63198668 0.67624635 0.3623988 -0.17282815 0.60455656 0.41963354 0.51376688 0.63819927 0.45139363 -0.13240255 0.65953118 0.46577933 0.13217232 0.6073088 0.56470692 -0.27041331 0.65569615 0.56648344 0.16923805 0.57013279 0.70579374 -0.54279983 0.66793382 0.67946851 0.09945114
0.53762186 0.34148106 0.29410481 0.64586669 0.35489643 0.63475019 0.57204509 0.36636019 0.03593765 0.69421417 0.38535693 0.47570094 0.60668755 0.3885912 -0.20879832 0.6794979 0.39057663 0.25406414 0.60791731 0.45967183 -0.14669505 0.67781943 0.46598962 0.14619637 0.59790403 0.56721812 -0.19887456 0.65470505 0.56975639 0.2996406 0.5654549 0.70778173 -0.39586827 0.6654551 0.67936641 0.31210941
0.53895521 0.3393935 0.2926878 0.66120058 0.35294023 0.70387697 0.58086199 0.37098357 0.00927481 0.6906206 0.38677379 0.51766485 0.60008109 0.40522245 -0.26334596 0.69154859 0.3922745 0.26766112 0.60525501 0.4591758 -0.16926476 0.67723036 0.46319991 0.1687215 0.58301449 0.56734651 -0.22033867 0.65166062 0.56970364 0.33344507 0.56391561 0.7080273 -0.44880947 0.66354537 0.67887628 0.34745818
0.54729742 0.33913246 0.24594627 0.65023679 0.35367095 0.6979776 0.59688783 0.37199765 -0.08117079 0.66657394 0.39465809 0.65473139 0.60917199 0.39854258 -0.41094804 0.67607838 0.40875891 0.54688829 0.60694474 0.45890757 -0.16773564 0.6791364 0.46593291 0.16738789 0.57070905 0.56839663 -0.25717163 0.64412308 0.56957453 0.28644231 0.56293052 0.70838869 -0.54959798 0.65615952 0.67888933 0.23467335
0.53907394 0.3381905 0.21994764 0.64609081 0.35417432 0.67378479 0.57889247 0.35983029 -0.133056 0.67484248 0.39834282 0.69943321 0.60415125 0.38339683 -0.51608503 0.67878693 0.41118371 0.67480773 0.60621327 0.46437952 -0.17129093 0.68279517 0.47373074 0.17096125 0.55843794 0.57210898 -0.27856049 0.63294184 0.57114196 0.33964097 0.56284744 0.70850301 -0.5495398 0.64928573 0.67928976 0.33051348
0.53848636 0.34117988 0.18751301 0.64457625 0.35957983 0.65988898 0.59033614 0.37107041 -0.1566571 0.66871244 0.40574411 0.6856128 0.61284256 0.40170595 -0.52509147 0.66666836 0.42007306 0.65699697 0.60785264 0.47303021 -0.17549197 0.68541116 0.48109448 0.17522171 0.54947907 0.57791018 -0.27749604 0.63071162 0.57237029 0.40000376 0.56214696 0.70851648 -0.54636276 0.6483736 0.67944795 0.43073151
0.51942676 0.36861417 0.30801582 0.65267271 0.35953012 0.62486583 0.5391407 0.41202167 0.10079315 0.71157736 0.38745034 0.42566752 0.56777561 0.44538638 -0.0553392 0.72116315 0.37913433 0.18249266 0.59809697 0.48079032 -0.1697778 0.68318713 0.47982648 0.16948956 0.53774726 0.58169472 -0.1657995 0.61642748 0.57213569 0.34482712 0.56136394 0.70801198 -0.35725418 0.64760673 0.67475033 0.34209171
5.20480454e-01 3.65106463e-01 2.94572443e-01 6.56662166e-01 3.71920377e-01 6.12830639e-01 5.65355599e-01 3.95118594e-01 -4.72047541e-04 7.00149894e-01 3.88100326e-01 4.44634289e-01 5.90040386e-01 4.28760916e-01 -3.18879455e-01 6.97639763e-01 3.87566477e-01 2.01029748e-01 6.01099253e-01 4.85707283e-01 -1.71977520e-01 6.89855456e-01 4.88277465e-01 1.71583757e-01 5.40976942e-01 5.84902763e-01 -2.33948782e-01 6.13364637e-01 5.71842849e-01 4.10822988e-01 5.61461687e-01 7.09716380e-01 -4.51162875e-01 6.48706853e-01 6.74327672e-01 4.46822822e-01
0.55089152 0.36939377 0.20476995 0.63256991 0.383623 0.60010725 0.59899414 0.3890796 -0.06362473 0.64419591 0.41875151 0.50032175 0.6320225 0.39232928 -0.29605263 0.64645684 0.40955174 0.43945068 0.61728078 0.49019197 -0.17182194 0.68294251 0.49912673 0.17148057 0.53860402 0.58979231 -0.27084997 0.60264939 0.57287115 0.37395498 0.56280571 0.71234733 -0.54337966 0.6495533 0.67556727 0.38109508
0.57819188 0.36477894 0.199387 0.5897252 0.39730012 0.6134243 0.64052528 0.38796416 -0.14003435 0.60040408 0.45700914 0.73307264 0.65075505 0.38256809 -0.49242055 0.59254283 0.48525095 0.76243889 0.62443566 0.48553762 -0.17104277 0.65659511 0.5047546 0.17083368 0.53171498 0.59046417 -0.28126082 0.59582239 0.57407755 0.34317818 0.56399536 0.71251434 -0.53849953 0.64956522 0.67628759 0.33688244
0.58897769 0.37206575 0.05463209 0.5961262 0.40125364 0.52639461 0.64066535 0.39043814 -0.27033886 0.6072287 0.45283759 0.68955737 0.64636445 0.38314006 -0.55133343 0.59953326 0.46363768 0.78744203 0.6453613 0.49473584 -0.17572191 0.65938872 0.5124982 0.17565857 0.52815711 0.58905208 -0.32522789 0.58495098 0.57666361 0.27998725 0.56407207 0.71320528 -0.58589405 0.64998829 0.67807108 0.27939117
0.6004476 0.37377977 0.14167224 0.58450681 0.40482956 0.56252551 0.65128601 0.3924112 -0.14771664 0.58067805 0.45468575 0.72927678 0.64257151 0.38381535 -0.48330921 0.56632078 0.45283884 0.84882998 0.65719676 0.49188581 -0.17484474 0.65715677 0.51170635 0.17483546 0.5347513 0.58731288 -0.30492029 0.58240128 0.58256513 0.14355849 0.59235418 0.70291454 -0.57490671 0.6443134 0.68243003 0.0411948 
0.60240203 0.38175982 0.0575683 0.58414203 0.41248366 0.43074721 0.64347756 0.39337105 -0.20582826 0.59387743 0.46126395 0.60508496 0.61760515 0.38221279 -0.40568396 0.58625853 0.46288112 0.6932323 0.67057943 0.50141567 -0.15908803 0.65880072 0.52245736 0.15893158 0.56439012 0.5864417 -0.3468565 0.55628639 0.5881328 -0.03737175 0.62132913 0.69480902 -0.59368598 0.60733366 0.68998122 -0.14444152
0.60945857 0.3828114 0.1203599 0.56901473 0.41875228 0.52173686 0.66678917 0.40825588 -0.15096143 0.59226614 0.47436601 0.60888618 0.63249999 0.40960166 -0.37649485 0.58779401 0.51305503 0.59045112 0.66828972 0.49968094 -0.15585802 0.64799631 0.52167952 0.15565817 0.55406636 0.58580428 -0.36031258 0.55752027 0.58878654 -0.07894746 0.60608107 0.69643438 -0.64500356 0.61721683 0.69169927 -0.25216448
0.62296021 0.38857162 0.14348292 0.57103521 0.42878872 0.51011354 0.67697537 0.4176425 -0.13947119 0.59521246 0.48232469 0.55692631 0.62914586 0.41448066 -0.37122661 0.58672208 0.51239645 0.51125664 0.68414187 0.50812268 -0.13611858 0.64453912 0.53010857 0.13600637 0.58370578 0.57202303 -0.49567068 0.51580602 0.5902099 -0.20344011 0.62744462 0.67517608 -0.83839393 0.57810879 0.7018249 -0.45543814
0.62158865 0.39257044 0.15746415 0.55859286 0.43371207 0.48632574 0.67796463 0.42431417 -0.13010934 0.5881958 0.48906928 0.40205878 0.62920952 0.43824521 -0.33628502 0.57797807 0.52272999 0.16629468 0.68958837 0.51256776 -0.12967391 0.6377635 0.53395712 0.12957172 0.58193344 0.56546229 -0.46523568 0.50877184 0.59370816 -0.24067479 0.63041699 0.6722104 -0.76300323 0.57315004 0.70667732 -0.51664376
0.61744285 0.39787138 0.14573291 0.55705053 0.43676284 0.48232868 0.67266726 0.42376474 -0.13995621 0.58669811 0.48592302 0.42696372 0.62915617 0.43575823 -0.33949244 0.58581203 0.50811046 0.21643049 0.68913889 0.51739091 -0.13526973 0.6407581 0.5367344 0.13509564 0.57849455 0.57004064 -0.41540357 0.51096582 0.59454513 -0.17404008 0.63553816 0.67747962 -0.69371319 0.57592356 0.70579183 -0.41776821
0.6124891 0.40094274 0.10666215 0.55623531 0.44395491 0.4445962 0.6774689 0.41844642 -0.19912572 0.59061509 0.50077796 0.49334079 0.63679546 0.42808658 -0.46657848 0.58777851 0.53994823 0.37201896 0.68458599 0.52074826 -0.13719811 0.64283878 0.54145968 0.13702568 0.57411516 0.57544893 -0.39422983 0.52208859 0.59475356 -0.11448809 0.62560505 0.68596596 -0.6826421 0.58637404 0.70241523 -0.28572822
0.61061066 0.40421063 0.10228126 0.55753946 0.4422825 0.4216319 0.67406625 0.41880372 -0.1799604 0.58555871 0.48861438 0.45152038 0.63626081 0.42152408 -0.42287907 0.60444069 0.51189584 0.37423041 0.67989314 0.52184391 -0.13042372 0.6441586 0.5434463 0.13025063 0.55812812 0.57552803 -0.37003452 0.51858675 0.59369904 -0.12868187 0.62091017 0.6902616 -0.6396721 0.59271258 0.70063949 -0.31525674
0.60165381 0.40915701 0.06374819 0.56143373 0.45243746 0.38843676 0.66985744 0.42999879 -0.22395621 0.58898216 0.52469426 0.44738051 0.61470145 0.42281437 -0.4611032 0.58556962 0.58935636 0.40705788 0.67831951 0.53337514 -0.13294348 0.65725851 0.55489045 0.13269924 0.53983331 0.57883525 -0.25460663 0.53958708 0.60253519 0.12397746 0.58804911 0.70711529 -0.45853767 0.62339962 0.6934647 0.00510903
0.55185676 0.41897193 0.03956995 0.5809291 0.45250472 0.42796245 0.62334228 0.43583342 -0.24811175 0.61771691 0.51017582 0.56860662 0.59830922 0.42276174 -0.49715966 0.62663794 0.54261434 0.66911256 0.66813868 0.53932363 -0.14354566 0.67582399 0.55347407 0.14320606 0.50426358 0.59292805 -0.25390193 0.55899376 0.60035884 0.27609488 0.56905925 0.7130903 -0.51400679 0.63057429 0.68475878 0.21345198
0.52877992 0.42386827 0.02824758 0.60077238 0.44790801 0.44643143 0.58541602 0.45632729 -0.21299338 0.6370241 0.50764847 0.54380828 0.58218914 0.46995816 -0.46248019 0.64183289 0.54402554 0.62208486 0.64864028 0.54245216 -0.16004969 0.68457055 0.55457705 0.15945941 0.48786107 0.59884083 -0.28579196 0.56025189 0.59506249 0.36495802 0.56399721 0.71900094 -0.52983212 0.63535231 0.6787619 0.40685284
0.51129162 0.44658202 0.03062609 0.61167628 0.4505682 0.45013815 0.54122949 0.48964629 -0.2041188 0.66697419 0.50185835 0.53789371 0.53852528 0.51683187 -0.39347908 0.66827404 0.52597648 0.57734579 0.64009416 0.55804002 -0.16103244 0.69564635 0.55897045 0.16034557 0.48764411 0.60054535 -0.24275362 0.56290919 0.59362698 0.41625714 0.56446099 0.71809494 -0.47427329 0.63845903 0.67728692 0.46431971
0.51627952 0.44997707 0.01061655 0.61167794 0.45620921 0.40675274 0.56564629 0.50408524 -0.16271496 0.65294379 0.52913928 0.4159961 0.56645125 0.5470835 -0.28500491 0.6589762 0.58410364 0.37773556 0.64374703 0.55647588 -0.1597493 0.69605327 0.56381285 0.15914437 0.48906398 0.59949219 -0.24763955 0.56266189 0.59384632 0.40041324 0.56127405 0.71723068 -0.44306478 0.64184076 0.67860222 0.42404917
0.51637328 0.45551986 0.00603668 0.6123051 0.4616299 0.39256927 0.5499472 0.49945077 -0.13027583 0.65055645 0.53251177 0.40867627 0.55221528 0.52935278 -0.20340343 0.64603537 0.58185232 0.36722299 0.64153302 0.56142789 -0.15564151 0.69279617 0.56751037 0.15494977 0.4856624 0.60149473 -0.24944772 0.56674492 0.59667885 0.37009618 0.55740875 0.71569282 -0.45331639 0.64318639 0.67926711 0.37089309
0.53736115 0.45510978 0.01382482 0.61008644 0.4767198 0.34298846 0.56198537 0.49209768 -0.10523549 0.64556152 0.54770315 0.38204649 0.53303468 0.43788126 -0.12944767 0.62405682 0.59503019 0.33457199 0.64182156 0.56740218 -0.14006625 0.6899752 0.57346815 0.13940266 0.48667094 0.60299563 -0.22747171 0.56561589 0.61011672 0.33569127 0.56072074 0.71524429 -0.43639612 0.64270633 0.67911547 0.372989 
0.57629561 0.45488292 0.03732847 0.58925837 0.48992208 0.3473992 0.62849325 0.47816232 -0.1857596 0.64160818 0.56100571 0.36011368 0.53734601 0.45010298 -0.37906897 0.6123848 0.61949533 0.30030739 0.66651618 0.56788856 -0.12639855 0.68047369 0.58145893 0.12580924 0.49378836 0.60132003 -0.23654404 0.54243535 0.60893345 0.21416399 0.56237942 0.71271724 -0.44546205 0.62519771 0.6797449 0.11223705
0.5364244 0.46855524 0.03491363 0.59957999 0.48461211 0.31622326 0.61912888 0.48559016 -0.17963955 0.65180045 0.56053662 0.33651805 0.54679072 0.46597883 -0.36424187 0.6313073 0.60966843 0.31227443 0.66122383 0.57574445 -0.12276038 0.68753093 0.58245248 0.12221681 0.4851568 0.605313 -0.22712919 0.54757738 0.60714358 0.37832353 0.56219333 0.71295542 -0.46521249 0.62535805 0.67430282 0.41475901
0.53394699 0.47467199 0.05339444 0.59730846 0.49374995 0.32912919 0.60913175 0.49362549 -0.15998934 0.64782852 0.57197064 0.34337506 0.55337036 0.47382343 -0.35548505 0.62831336 0.61794639 0.31328773 0.65678912 0.57952046 -0.11354452 0.68669933 0.58840317 0.11298918 0.48341817 0.60648692 -0.2360338 0.54877156 0.61379075 0.35155088 0.56279635 0.71289921 -0.50539941 0.62546384 0.67494142 0.35773024
0.52975833 0.48117536 0.03837172 0.601201 0.49289244 0.32522026 0.59124774 0.50816876 -0.09296373 0.64981091 0.5664342 0.362919 0.54597855 0.49162033 -0.15161517 0.63124365 0.60294968 0.33812609 0.6493808 0.58569175 -0.1183037 0.68596816 0.59101242 0.11777347 0.47656181 0.60809714 -0.24793795 0.54765153 0.61300969 0.37413764 0.56256694 0.71372807 -0.52070814 0.62699074 0.67300278 0.41103193
0.55915302 0.48290813 0.09556091 0.5945546 0.50497574 0.35664335 0.6042186 0.51120877 -0.01589956 0.62969279 0.57275873 0.38188475 0.55282313 0.49851257 -0.05410011 0.61427754 0.60791641 0.34224203 0.65209585 0.58881146 -0.11830705 0.68199641 0.59867573 0.11763527 0.47603583 0.60860229 -0.2490235 0.5366711 0.61120945 0.29378757 0.56169897 0.71393454 -0.53918535 0.62768018 0.67376536 0.21931379
0.57847488 0.49388564 0.16887523 0.56876314 0.51522267 0.39908883 0.6089955 0.50839961 -0.02511771 0.60193402 0.56545419 0.32545665 0.55554765 0.49086314 -0.11629827 0.58784652 0.56027371 0.1398882 0.65692031 0.59690183 -0.11441783 0.65749365 0.60762489 0.11362495 0.47974536 0.6074369 -0.2716091 0.49114153 0.6099844 0.11542709 0.56215286 0.71388447 -0.57177603 0.61311775 0.67828876 -0.10037731
0.59014243 0.49602801 0.21712752 0.55884868 0.52139354 0.43842244 0.62149918 0.51345837 -0.05042458 0.60194701 0.56667554 0.3291491 0.56397223 0.49044576 -0.13209502 0.60210538 0.56956238 0.12191986 0.66708601 0.59865177 -0.11127413 0.65504849 0.61278158 0.11053459 0.48181632 0.6067369 -0.27061811 0.48155829 0.6093756 0.00875359 0.56241441 0.71377623 -0.55575764 0.60050416 0.69299465 -0.27149686
0.58423328 0.4995901 0.18268755 0.55457592 0.52067524 0.43846777 0.6261574 0.52361196 -0.06614937 0.60690647 0.56396186 0.32683754 0.58827776 0.50705212 -0.16420613 0.60325795 0.56293488 0.10835771 0.66828358 0.60181928 -0.1138468 0.65335947 0.61333942 0.11315499 0.4830606 0.60687023 -0.27480602 0.47586456 0.60898024 0.01913275 0.56276095 0.71242583 -0.54770559 0.59738564 0.69363731 -0.28385186
0.56539905 0.50750297 0.15914798 0.561966 0.51149887 0.4228771 0.58919531 0.54219747 -0.03689193 0.60849583 0.55002058 0.32184064 0.57123595 0.54764056 -0.13840534 0.60746163 0.56382889 0.13780992 0.65660375 0.60436547 -0.1151004 0.65710384 0.60826755 0.11431799 0.46843204 0.60775054 -0.16157374 0.48582566 0.6087091 0.07591801 0.5574916 0.71250272 -0.41231608 0.60063118 0.69545162 -0.16680758
0.60144627 0.50471485 0.2065848 0.55477709 0.53425586 0.43497032 0.63666695 0.53292227 -0.03365454 0.59583199 0.5782783 0.30224186 0.57389641 0.52174777 -0.1656924 0.59811389 0.58475173 0.05412811 0.67589122 0.60739797 -0.11351811 0.65200317 0.62172598 0.11281304 0.51196551 0.59964281 -0.23796709 0.47998506 0.61039585 -0.02306971 0.5581066 0.70991033 -0.45776841 0.59207082 0.69832313 -0.33643129
0.59025002 0.50884759 0.18591057 0.55519402 0.53262925 0.44970897 0.63010931 0.53019881 -0.05609781 0.60306239 0.58244556 0.32382968 0.57381511 0.51524812 -0.234759 0.60033548 0.57086384 0.10011575 0.67301756 0.61257511 -0.11415046 0.6533106 0.62485087 0.11343871 0.48861185 0.60318738 -0.21278776 0.47668532 0.61325014 0.04268749 0.5587157 0.70995867 -0.49935743 0.58948576 0.69942653 -0.29746076
0.58701611 0.50834543 0.18702024 0.55809289 0.53085518 0.46714136 0.62610024 0.53936779 -0.03943358 0.60588735 0.57945824 0.33048433 0.57887644 0.52821445 -0.17860109 0.60120344 0.57159078 0.06904051 0.67219704 0.61297429 -0.11464935 0.65133768 0.62438619 0.11396793 0.5105238 0.6014297 -0.27542233 0.47211879 0.61402482 -0.01726201 0.5717687 0.70124608 -0.537633 0.58041131 0.70040745 -0.37432766
0.60116631 0.50753969 0.21484153 0.54563212 0.53786451 0.4639481 0.63018966 0.54023361 -0.02573016 0.59202898 0.58509827 0.32442787 0.57769978 0.52166516 -0.16811241 0.59157217 0.57422376 0.07928071 0.67961192 0.61340302 -0.11257521 0.6418528 0.62861955 0.11199023 0.53437233 0.60076803 -0.38263559 0.46400797 0.61558068 -0.11541273 0.57783437 0.69764811 -0.56768328 0.58417457 0.69981229 -0.43541417
0.59138602 0.51040852 0.18331277 0.55079532 0.53267324 0.45881176 0.61416566 0.53892583 -0.07104228 0.59974402 0.58070338 0.3214471 0.57574189 0.5178479 -0.23101632 0.60267597 0.565422 0.08976769 0.67166668 0.61656123 -0.11495075 0.6456548 0.62691599 0.11424912 0.48488024 0.609855 -0.23249839 0.47306928 0.61494499 0.03880209 0.57306278 0.70500928 -0.54118407 0.5944171 0.69911671 -0.27641103
0.58306837 0.5175277 0.18038951 0.5759095 0.5299992 0.46275473 0.58702928 0.53973138 -0.02514733 0.60199469 0.57865739 0.35328758 0.57338136 0.5172711 -0.11057119 0.60251373 0.56003475 0.14397494 0.66077387 0.61752701 -0.11806352 0.65785301 0.62461913 0.11695737 0.46866775 0.61411995 -0.15199977 0.51416981 0.61477226 0.23728864 0.56742042 0.71194893 -0.53759128 0.6147024 0.67993939 -0.10169705
0.5798195 0.51392609 0.17564476 0.55938739 0.53113776 0.46089435 0.60179645 0.54193097 -0.02742447 0.60346824 0.57744813 0.35152891 0.59279686 0.53264642 -0.13636862 0.60676682 0.56233156 0.12605965 0.65813261 0.61702257 -0.12004427 0.64351541 0.62634408 0.11916275 0.47453755 0.61128116 -0.25967044 0.50036061 0.61083549 0.03969409 0.56512612 0.71259767 -0.57766026 0.61293334 0.67894959 -0.35544524
0.58698785 0.51002812 0.10083214 0.55280906 0.52976948 0.42207637 0.61460268 0.54036868 -0.04753343 0.59964126 0.57002956 0.33961672 0.59146142 0.52657825 -0.10456655 0.60762894 0.5563916 0.12404552 0.66548216 0.61460823 -0.13227428 0.63967711 0.62477988 0.13174054 0.51417208 0.59822631 -0.33825821 0.47868642 0.61056733 0.01631983 0.56514257 0.70763242 -0.52173275 0.5936656 0.68107408 -0.29561853
0.58646667 0.50844157 0.08817216 0.55404007 0.5293799 0.38504884 0.61928678 0.53949052 -0.15682243 0.60314453 0.56583786 0.28863871 0.58885819 0.51267558 -0.32800594 0.63030505 0.54200524 0.09467169 0.66638857 0.61328065 -0.13315155 0.64246017 0.62408918 0.13264447 0.50027061 0.60048777 -0.30168647 0.47358745 0.61013454 0.07730438 0.56513864 0.70918995 -0.50478834 0.605272 0.6771602 -0.14362302
0.61500072 0.49201402 0.1106232 0.54334629 0.52615899 0.36888388 0.66085678 0.53210074 -0.11798746 0.57949531 0.56568778 0.20920092 0.59903651 0.50311798 -0.25571388 0.60618204 0.54520512 -0.02613263 0.68588173 0.60374659 -0.11636773 0.64013898 0.62111402 0.1160909 0.53778112 0.58488852 -0.4215382 0.46454173 0.60879618 -0.12253637 0.58099371 0.69318581 -0.54894257 0.5751431 0.69514769 -0.34512714
0.62106985 0.48809037 0.136933 0.53470373 0.52317572 0.35526469 0.67486715 0.52870744 -0.11523952 0.56857443 0.56465822 0.15426445 0.60538244 0.501468 -0.27803066 0.59421903 0.53784877 -0.10124951 0.68820649 0.59834152 -0.10623731 0.63436788 0.61620247 0.10598151 0.55010563 0.58169252 -0.47469142 0.46206003 0.60787988 -0.20693211 0.58267587 0.68831319 -0.5539459 0.57087916 0.69786 -0.37519827
0.61970961 0.48860747 0.2051122 0.54087448 0.5134806 0.47387668 0.62949973 0.52835101 0.05093931 0.58340561 0.55930239 0.31553143 0.5696187 0.52203816 0.0195838 0.60627002 0.56620139 -0.00606971 0.68646306 0.59342968 -0.10774527 0.63520503 0.60826546 0.10701329 0.53542519 0.58287728 -0.38767487 0.46625754 0.60804749 -0.08254228 0.58050883 0.69246972 -0.61547953 0.56652629 0.69834179 -0.40538347
0.61247766 0.48191217 0.20094243 0.54345793 0.5100829 0.42513213 0.65146029 0.51756197 -0.04936678 0.57704008 0.56052619 0.27803636 0.58685511 0.51347911 -0.2202197 0.58768737 0.57392138 -0.00102893 0.68418413 0.58758312 -0.10985071 0.6367166 0.60464543 0.10916669 0.5365715 0.5766297 -0.36338344 0.46851379 0.60800892 -0.08012883 0.58906507 0.68785632 -0.60191846 0.56678843 0.69952816 -0.34767878
0.56886089 0.48518449 0.07971864 0.58569634 0.48941422 0.39421242 0.59470183 0.52588809 0.05485198 0.63294542 0.53565305 0.43786308 0.57362038 0.53009009 0.21483676 0.61437374 0.53613091 0.46096721 0.67058712 0.58907092 -0.13182519 0.6672402 0.59473622 0.13119832 0.50429887 0.59414351 -0.23894826 0.49156997 0.60766202 0.07622603 0.59638613 0.69073015 -0.47132003 0.56880963 0.69894296 -0.17259753
0.56904644 0.48634014 0.07129652 0.59825122 0.4916558 0.39800453 0.58408719 0.52521545 0.03947258 0.63170737 0.54123884 0.44311285 0.55190128 0.52698964 0.19562419 0.61426663 0.54205298 0.43216142 0.67064226 0.58579814 -0.13056861 0.68131655 0.59305489 0.12990361 0.50171566 0.59839231 -0.21516208 0.50014341 0.606785 0.08621331 0.59497935 0.6919933 -0.44009799 0.57143182 0.69428164 -0.13569328
0.57852441 0.47348645 0.09437696 0.58784616 0.49312064 0.39781761 0.59544802 0.51473916 0.01898849 0.61601579 0.54441756 0.32547367 0.55767888 0.52790648 0.04738319 0.59840482 0.556153 0.08349189 0.67061895 0.57357424 -0.12646583 0.67799306 0.58812124 0.12569189 0.5172447 0.5821234 -0.25332543 0.49905452 0.60489392 0.00211467 0.59736764 0.68679011 -0.47935832 0.57063484 0.69710946 -0.24213098
5.62809050e-01 4.75178301e-01 7.85036236e-02 6.00757718e-01 4.74742979e-01 3.70244950e-01 5.96536934e-01 5.19155383e-01 6.73992140e-03 6.35558784e-01 5.28823972e-01 3.44674349e-01 5.82713187e-01 5.57965457e-01 -1.74138167e-05 6.26225054e-01 5.56735158e-01 2.65394628e-01 6.58610046e-01 5.71485579e-01 -1.23345636e-01 6.81027889e-01 5.74050784e-01 1.22519799e-01 5.10154128e-01 5.85737407e-01 -1.81806043e-01 5.42445779e-01 6.03025317e-01 1.76722839e-01 5.69700539e-01 7.11061716e-01 -3.60846132e-01 6.21458590e-01 6.84014976e-01 1.40512392e-01
0.55801976 0.47200766 0.05308652 0.60091048 0.47300607 0.38091132 0.5821408 0.49870726 0.02756737 0.64750618 0.52151424 0.54080909 0.57803196 0.49575204 0.13372529 0.63662732 0.53593862 0.65957689 0.65859973 0.56801146 -0.13555276 0.68983096 0.5713799 0.13504644 0.51024777 0.59154308 -0.22814538 0.55099493 0.59826213 0.19990054 0.56449443 0.71277636 -0.4333421 0.62507957 0.68060553 0.12338941
0.52860069 0.47105736 0.03114736 0.6025781 0.46778604 0.36295334 0.57495296 0.49596408 -0.03937456 0.65222949 0.50864506 0.47463775 0.56736678 0.49825412 -0.00769073 0.64125586 0.52535266 0.53864777 0.65194917 0.56606174 -0.1393227 0.69321287 0.56629777 0.1388434 0.50188226 0.59408468 -0.23167732 0.5734753 0.59809476 0.24845943 0.55390972 0.71393675 -0.39054063 0.63699412 0.67762464 0.27838299
0.55234903 0.45836625 0.05776247 0.59380031 0.47356269 0.37126905 0.60241812 0.48602161 -0.08699532 0.61506051 0.52036375 0.38607416 0.57619947 0.49933997 -0.17816517 0.61193985 0.53207773 0.23675127 0.65727073 0.55688876 -0.13770886 0.69238985 0.56615919 0.13715032 0.51891875 0.59246254 -0.2281877 0.54845959 0.59433049 0.17635378 0.5588848 0.7112304 -0.41876426 0.63177425 0.6784966 0.09004527
0.52196884 0.4621132 0.01444221 0.60021979 0.46229225 0.37665194 0.54136527 0.48867607 -0.07121655 0.6451754 0.50090474 0.50811541 0.5069443 0.48817879 -0.0545177 0.62935841 0.51931423 0.58035606 0.64659977 0.55970496 -0.14520021 0.69539231 0.56039727 0.14456284 0.50309438 0.59377843 -0.22201025 0.57780254 0.59597701 0.31345916 0.55579007 0.71379834 -0.35786319 0.64326316 0.67867088 0.39527142
0. 0. 0. 0. 0. 0. 0. 0. 0. 0. 0. 0. 0. 0. 0. 0. 0. 0. 0. 0. 0. 0. 0. 0. 0. 0. 0. 0. 0. 0. 0. 0. 0. 0. 0. 0. 0. 0. 0. 0. 0. 0. 0. 0. 0. 0. 0. 0. 0. 0. 0. 0. 0. 0. 0. 0. 0. 0. 0. 0. 0. 0. 0. 0. 0. 0. 0. 0. 0. 0. 0. 0. 0. 0. 0. 0. 0. 0. 0. 0. 0. 0. 0. 0. 0. 0. 0. 0. 0. 0. 0. 0. 0. 0. 0. 0. 0. 0. 0. 0. 0. 0. 0. 0. 0. 0. 0. 0. 0. 0. 0. 0. 0. 0. 0. 0. 0. 0. 0. 0. 0. 0. 0. 0. 0. 0. 0. 0. 0. 0. 0. 0.
0.56755465 0.46673459 0.20844366 0.58598292 0.46178836 0.48157299 0.57725471 0.49817985 0.12537308 0.60781789 0.49625996 0.43110925 0.57395494 0.48648536 0.22377723 0.63151121 0.48464918 0.40555677 0.61323011 0.55304027 -0.1288029 0.62386465 0.55736071 0.1283572 0.52614862 0.59302342 -0.21522009 0.54622114 0.60404873 -0.02117086 0.56832093 0.69477433 -0.42720425 0.62671173 0.68989068 -0.19652517
0.56341761 0.44693688 0.1987309 0.58399403 0.45443746 0.47343063 0.60444641 0.48216245 -0.00569605 0.61113214 0.49626908 0.29736975 0.61796796 0.48279065 -0.17800756 0.63948393 0.49187669 0.01572398 0.61088723 0.54688108 -0.13580756 0.6298511 0.55138355 0.13519961 0.51329035 0.59299308 -0.19836152 0.58233345 0.60291708 0.22721875 0.56500405 0.70947188 -0.35243878 0.64344347 0.68282729 0.21316871
5.63643575e-01 4.43341821e-01 1.95406690e-01 5.77137649e-01 4.46907938e-01 4.53682452e-01 6.20464623e-01 4.79096800e-01 -7.00697012e-04 6.10984266e-01 4.88481045e-01 2.89582253e-01 6.28762901e-01 4.81243461e-01 -1.51403353e-01 6.42637134e-01 4.91348922e-01 5.41620813e-02 6.12444758e-01 5.42807162e-01 -1.36851311e-01 6.31473899e-01 5.46239495e-01 1.36230305e-01 5.13191581e-01 5.92110515e-01 -2.30083674e-01 5.80881417e-01 5.98624349e-01 2.17106253e-01 5.62479377e-01 7.12651789e-01 -4.29535151e-01 6.44169033e-01 6.78241968e-01 1.71869949e-01
0.57761925 0.44356358 0.18838224 0.5787859 0.44870824 0.45740429 0.62060946 0.46549085 -0.01841558 0.61145675 0.48906836 0.32702363 0.61806881 0.45526901 -0.10424376 0.64147305 0.48507878 0.11269604 0.63453662 0.54375798 -0.13819724 0.64621681 0.54790074 0.13750288 0.51450825 0.59120053 -0.23540848 0.59194916 0.59694469 0.22373679 0.56142539 0.71268922 -0.46434635 0.64531225 0.67582786 0.16137516
0.59628296 0.4375025 0.18409516 0.56086791 0.44628662 0.4494803 0.64251292 0.46572682 -0.0009117 0.59377199 0.48729703 0.27545509 0.62694812 0.46004561 -0.06862123 0.62511462 0.47800982 0.02913745 0.6481787 0.54031283 -0.12853506 0.63760388 0.54661214 0.12804553 0.54098284 0.58549368 -0.30137989 0.53917181 0.58981574 -0.03665555 0.58337158 0.70580882 -0.54650432 0.62050909 0.68623143 -0.24029151
0.60108697 0.43343648 0.1837513 0.56024837 0.44525257 0.42756709 0.64441669 0.46140578 -0.01318668 0.5960862 0.4865739 0.24788558 0.61838591 0.45748046 -0.09766442 0.62986237 0.47749463 0.00155114 0.65505534 0.53838515 -0.1196842 0.63659823 0.54603726 0.11920632 0.55050373 0.58228809 -0.30663109 0.52900797 0.58836734 -0.05682641 0.5971151 0.69820607 -0.53915453 0.60836792 0.69128013 -0.25227019
0.61776024 0.42562807 0.18632139 0.56195861 0.44269106 0.44090033 0.64291024 0.45500767 -0.01030847 0.59558064 0.48415062 0.27905262 0.60987264 0.44753236 -0.07327303 0.61448151 0.47684923 0.03345393 0.6773746 0.53172117 -0.11121312 0.63694859 0.54459792 0.11079517 0.57623005 0.57104814 -0.3656868 0.52073365 0.58782333 -0.14371295 0.62167388 0.68696505 -0.56069893 0.5825637 0.69711483 -0.34203875
0.62652546 0.42512244 0.21771957 0.55242532 0.44477719 0.45493069 0.64424187 0.45160249 0.00320702 0.57058787 0.48230475 0.28861007 0.59247726 0.44222987 -0.03154148 0.58255595 0.46109104 0.04120871 0.68550694 0.52882791 -0.1059636 0.63668692 0.54534185 0.10556298 0.58200186 0.56048864 -0.40919846 0.51317394 0.58865607 -0.16898037 0.63748467 0.67968124 -0.5718056 0.57597411 0.70031649 -0.3541694 
0.6262185 0.4100242 0.15928009 0.53703505 0.43795267 0.38702345 0.67833012 0.45331866 -0.07549704 0.5672825 0.48327637 0.24448361 0.63917136 0.45056763 -0.27097717 0.59583777 0.4796513 0.00342672 0.68672729 0.52073061 -0.10744449 0.63328129 0.54089868 0.10711496 0.58225262 0.55224687 -0.45317805 0.51306021 0.58838105 -0.20147751 0.64370549 0.67606813 -0.56044501 0.57472908 0.69949305 -0.34617072
0.62385988 0.41166648 0.12589087 0.55876541 0.44035843 0.41174722 0.67335647 0.44760773 -0.09538098 0.58296585 0.48817769 0.36021397 0.62704998 0.45331946 -0.26049635 0.59556371 0.50819522 0.19292994 0.70353788 0.52158564 -0.1082496 0.65694809 0.54116166 0.10794577 0.57286686 0.56205648 -0.37721661 0.51832253 0.58531338 -0.12613249 0.63912588 0.67910218 -0.59481651 0.58252841 0.69810796 -0.3526372 
0.62027436 0.40788427 0.0764248 0.57356077 0.44061655 0.36448234 0.66029787 0.42911348 -0.15406589 0.60100144 0.49717703 0.46384892 0.58207226 0.42041266 -0.31619862 0.5960753 0.52305853 0.48099574 0.69773608 0.51746345 -0.11002852 0.66705126 0.54097241 0.10971972 0.57057089 0.56606716 -0.33110276 0.52164382 0.58344734 -0.09910236 0.62872231 0.68135035 -0.55800778 0.58759826 0.6945278 -0.29285794
0.61684203 0.40351442 0.07034855 0.58938164 0.44188458 0.39288634 0.64665198 0.41223404 -0.18391328 0.61176461 0.50167269 0.54537302 0.56129849 0.39370382 -0.3673504 0.59922302 0.53103459 0.61083573 0.69353986 0.51458234 -0.12828921 0.68139064 0.53816903 0.12781537 0.5544765 0.56750017 -0.29853937 0.52404797 0.58155495 0.00698488 0.59006447 0.69077969 -0.49744013 0.62755132 0.67789978 -0.12140924
0.61787462 0.40253192 0.02141203 0.58736038 0.44197538 0.33244276 0.64550865 0.41819137 -0.21458198 0.59167087 0.50034767 0.47222099 0.56389338 0.40220729 -0.36024272 0.56848472 0.52916485 0.5015949 0.70562989 0.51240945 -0.12870319 0.67766511 0.53306234 0.12831511 0.55893284 0.56656021 -0.30684349 0.52464241 0.5816806 -0.02393745 0.61021584 0.68610084 -0.48900196 0.61009538 0.68193334 -0.16088948
0.61096549 0.40096653 0.03741647 0.59502769 0.42957509 0.36371878 0.63365591 0.41878584 -0.17400654 0.6088829 0.48097262 0.54847032 0.56912184 0.4131451 -0.30462906 0.58650208 0.50061387 0.64087313 0.70151138 0.51051974 -0.14123641 0.69385362 0.5217793 0.14076848 0.54861069 0.57073593 -0.27918747 0.55577576 0.5762347 0.13575386 0.57068902 0.70773184 -0.4958947 0.63606757 0.67657256 0.02597312
0.61135316 0.39480078 0.06086503 0.57520705 0.42976186 0.37145275 0.65294963 0.42080525 -0.20070709 0.60703194 0.50118142 0.4970997 0.59006262 0.41889611 -0.43816006 0.57680714 0.56054932 0.49075437 0.70326889 0.50613147 -0.1381757 0.68179578 0.52320039 0.13776249 0.54862517 0.57078105 -0.27809918 0.55800992 0.57682484 0.057296 0.56771582 0.70927662 -0.4395881 0.6283884 0.67844713 -0.09188027
0.59538245 0.39374384 0.01159466 0.58091503 0.42834228 0.38095069 0.63168538 0.42501128 -0.15950908 0.60642165 0.49946049 0.46756294 0.58400273 0.47560012 -0.32020012 0.58259219 0.54590994 0.44282246 0.70197701 0.50368059 -0.1404679 0.68348533 0.51851469 0.1401495 0.53354961 0.57339883 -0.26239857 0.58122563 0.57882351 0.19623056 0.56069177 0.71242076 -0.41211891 0.64576036 0.67717969 0.1756465 
0.58650577 0.3911745 0.04690938 0.58679682 0.42395359 0.43381301 0.61583459 0.42609718 -0.13541865 0.60454106 0.49481139 0.4947767 0.57802552 0.46578664 -0.30021024 0.58160424 0.54373103 0.46903664 0.68547446 0.50114799 -0.14214821 0.68081284 0.51401412 0.14186725 0.53039783 0.57680339 -0.25852954 0.59622806 0.57982773 0.22347717 0.55658001 0.71236354 -0.42054594 0.64949685 0.67800254 0.18621983
0.59684557 0.3865999 0.1020641 0.57740837 0.42756322 0.44087496 0.6392464 0.41888526 -0.12748186 0.59859586 0.49523953 0.49023584 0.58678758 0.44753775 -0.32720837 0.57373941 0.54911083 0.44411445 0.68545049 0.49717146 -0.14051709 0.67296702 0.51548338 0.14021447 0.54307616 0.57656652 -0.26931927 0.58659208 0.57941246 0.11610457 0.56188691 0.71277958 -0.4419013 0.6470964 0.67812288 0.03147293
5.97558916e-01 3.82971108e-01 1.32760882e-01 5.70727289e-01 4.24808383e-01 4.56504554e-01 6.46688342e-01 4.05469090e-01 -1.36456624e-01 5.95520079e-01 4.91364032e-01 5.25682688e-01 5.95256805e-01 4.05271202e-01 -3.82285148e-01 5.76500654e-01 5.43988645e-01 5.06791115e-01 6.80986106e-01 4.93189394e-01 -1.39545292e-01 6.69714391e-01 5.12913048e-01 1.39225692e-01 5.42893231e-01 5.76971233e-01 -2.63459444e-01 5.93793452e-01 5.77241898e-01 9.45865810e-02 5.60499966e-01 7.14669585e-01 -4.47501451e-01 6.48473740e-01 6.78789675e-01 -7.12201654e-05
0.57869488 0.37601462 0.16702911 0.58998847 0.40999517 0.56629461 0.61750561 0.40810984 -0.09433615 0.59944558 0.47585121 0.59340829 0.58831018 0.44592986 -0.33837798 0.57850969 0.53754562 0.5413186 0.66243339 0.48589391 -0.15272687 0.68330812 0.49992746 0.15257612 0.53564209 0.57828468 -0.26799163 0.60049725 0.5768531 0.25794759 0.5590564 0.71514887 -0.44007954 0.64967132 0.6788823 0.21951701
0.58290792 0.3706727 0.15361474 0.5856505 0.41001117 0.52405989 0.64700305 0.39495045 -0.09700566 0.59942603 0.47357982 0.58186239 0.61520886 0.42794243 -0.36830059 0.57933074 0.53201687 0.54540545 0.66488552 0.48524597 -0.15035093 0.68085575 0.50082934 0.15018347 0.5361414 0.57812083 -0.2744489 0.59819192 0.57709396 0.20516837 0.55902255 0.7170155 -0.45247382 0.64882255 0.67911237 0.14977714
0.58623743 0.3668105 0.14231195 0.58002251 0.40650019 0.54294294 0.64555931 0.39778823 -0.11143424 0.58571351 0.46858463 0.59246111 0.60937434 0.44206715 -0.37148854 0.55395633 0.53121221 0.5325703 0.6651057 0.48425362 -0.15413643 0.67659128 0.5021708 0.15399842 0.53555477 0.57840544 -0.2843428 0.59589082 0.57697481 0.19802645 0.55767238 0.71647382 -0.45059106 0.64763737 0.67929518 0.14633457
0.58107758 0.36230177 0.15788619 0.57570666 0.4009729 0.58772397 0.64200211 0.39360821 -0.11293607 0.58145261 0.46688452 0.6351639 0.60623574 0.44031566 -0.39714688 0.55578411 0.53042865 0.58908629 0.65493095 0.48357522 -0.16410258 0.67378807 0.49914661 0.16404764 0.52838582 0.58104801 -0.30052122 0.59517956 0.57711822 0.25206488 0.55654925 0.7172572 -0.46174589 0.65009117 0.67952937 0.23487413
0.57467574 0.35954288 0.1553902 0.57611364 0.38897604 0.58824939 0.63239193 0.39431077 -0.11329701 0.58359635 0.45941788 0.61352229 0.60482794 0.47033313 -0.36790317 0.55934644 0.52188379 0.54940313 0.64501423 0.48368651 -0.16626486 0.67345762 0.49454948 0.16628054 0.5231126 0.58556789 -0.29373646 0.6038236 0.57768154 0.26787847 0.55635393 0.71661192 -0.41815239 0.65220189 0.68094361 0.28193343
0.55177593 0.35279197 0.0173295 0.58164698 0.37695697 0.58018029 0.62038827 0.40125945 -0.18657635 0.58467382 0.45286527 0.58921051 0.59605086 0.47645479 -0.36516392 0.553379 0.51818776 0.49762857 0.63710707 0.4842284 -0.17092925 0.67716068 0.49019983 0.17088325 0.52315903 0.58776438 -0.26702219 0.61024868 0.57713753 0.3354615 0.55754155 0.71622819 -0.3870742 0.65291047 0.68008518 0.39760852
0.55302459 0.3488957 0.00444132 0.58341968 0.37406462 0.51101995 0.62039286 0.40396738 -0.20910572 0.5866828 0.4505209 0.52856326 0.59595567 0.46953741 -0.40353796 0.5535118 0.51575619 0.45179549 0.63895708 0.48120096 -0.16949765 0.67705828 0.48591143 0.16939141 0.52501816 0.58715278 -0.27049422 0.61031556 0.57728893 0.30232286 0.55779433 0.71605402 -0.40385872 0.65269291 0.68016702 0.34411114
0.5489195 0.34615582 0.03321056 0.5856272 0.364306 0.52637333 0.61497188 0.40581471 -0.1845033 0.59243917 0.44291645 0.54962975 0.5934149 0.46591255 -0.38333485 0.55714804 0.4975898 0.46386322 0.63455904 0.47905067 -0.17200521 0.67676103 0.48223513 0.17192395 0.52612996 0.58637112 -0.27267849 0.61316365 0.5772137 0.3205578 0.55851072 0.71532589 -0.40703011 0.65217763 0.68042088 0.36658815
0.55512089 0.35006106 0.11405753 0.58521992 0.3714098 0.59099948 0.60916716 0.407857 -0.10359634 0.58504349 0.44622374 0.60411775 0.58179992 0.47702298 -0.28917915 0.54926246 0.50437433 0.50014067 0.63291532 0.47783586 -0.17312562 0.67393363 0.48294604 0.17309906 0.52658737 0.58614427 -0.27599287 0.61292541 0.57709724 0.3069604 0.55918169 0.71403235 -0.41354889 0.65207112 0.68047225 0.35208812
0.53413743 0.34632185 0.04494275 0.60330898 0.3609457 0.56023633 0.5943284 0.40130979 -0.18123876 0.5968309 0.44127256 0.5898571 0.58294511 0.46287137 -0.38624233 0.56116599 0.49018157 0.52569836 0.62209105 0.47797596 -0.17509316 0.67443788 0.48219916 0.17511101 0.5286482 0.58587968 -0.25259045 0.61522341 0.57631952 0.33658817 0.55953074 0.71274114 -0.3891595 0.64881688 0.67879182 0.37460798
0.53493989 0.34698346 0.07585194 0.59876221 0.3651379 0.56787169 0.59406948 0.40151456 -0.12597653 0.58511394 0.44025651 0.59358054 0.57517517 0.47150621 -0.29192457 0.54735434 0.49706784 0.51928395 0.62395692 0.47701338 -0.1741206 0.66473842 0.48183 0.17411965 0.5367043 0.58361548 -0.2807638 0.61393613 0.57638717 0.30680868 0.56061041 0.70997405 -0.43771777 0.64738548 0.67914808 0.32327086
0.54068536 0.34363845 0.06897372 0.60125571 0.35799062 0.56826997 0.59355944 0.37902215 -0.2251749 0.59176153 0.43442112 0.63054889 0.57634813 0.41227329 -0.52768546 0.56516832 0.47719637 0.62061578 0.62038261 0.47596213 -0.17829503 0.66497499 0.47924882 0.17835814 0.53720444 0.58186382 -0.31865102 0.61338532 0.57510513 0.31656283 0.5609718 0.71032351 -0.55476522 0.64728534 0.67924368 0.33342418
0.53572065 0.34370109 0.05573098 0.61743903 0.35573876 0.57014567 0.56694871 0.38853577 -0.19600807 0.6031276 0.42314431 0.61419117 0.56661123 0.42424104 -0.44080773 0.57324594 0.46727735 0.57712644 0.61572957 0.47536829 -0.18261424 0.665811 0.47699076 0.18267927 0.5385381 0.58008194 -0.30824265 0.61260527 0.5744828 0.32168952 0.56110591 0.71033394 -0.5243662 0.64736617 0.68080676 0.31572932
0.53461653 0.34187719 0.03174935 0.61999905 0.35324198 0.56892771 0.57022989 0.39259252 -0.21017635 0.60618728 0.42591205 0.60450602 0.56727725 0.43408263 -0.43123776 0.57516903 0.46486884 0.56300813 0.61350107 0.47544989 -0.18256125 0.66755086 0.47576818 0.18260756 0.54306412 0.57979488 -0.28761646 0.61454183 0.57422072 0.30671686 0.56121242 0.71027792 -0.49814844 0.64953208 0.68183142 0.26474962
0.53799462 0.34102026 0.05975752 0.61602402 0.35477468 0.56744844 0.57838243 0.39366859 -0.20731536 0.60463899 0.4292343 0.60075057 0.57286859 0.43509194 -0.41653994 0.57656235 0.46802256 0.55436432 0.60915917 0.47355172 -0.18073079 0.66732556 0.47520855 0.18088272 0.54848206 0.5787437 -0.29364684 0.61784357 0.57356852 0.2441918 0.56134725 0.71051902 -0.50494057 0.65208894 0.68416029 0.2085052 
0.54003853 0.33959231 0.09950382 0.61552864 0.3549805 0.5863694 0.58211911 0.38931629 -0.17202739 0.60383767 0.42553723 0.61783177 0.5774008 0.43391973 -0.4098005 0.57863957 0.46480575 0.56955433 0.60434276 0.47093371 -0.17766821 0.66586763 0.4731904 0.17785563 0.54961681 0.57722217 -0.29856005 0.61699092 0.57308298 0.23195122 0.56085986 0.71059114 -0.5289737 0.65384364 0.68525875 0.17463364
0.53252614 0.33978873 0.12332921 0.62632477 0.3528043 0.62107545 0.56314182 0.39229181 -0.11867721 0.62426096 0.42176983 0.64134204 0.56742615 0.46080038 -0.30781835 0.59253925 0.4497661 0.59205991 0.59569567 0.47158784 -0.18030404 0.66335195 0.47320658 0.18043017 0.54872739 0.57768196 -0.28356192 0.61780059 0.57312864 0.27209461 0.5609383 0.7123282 -0.51593155 0.65689051 0.68512666 0.20814022
0.53320867 0.33841857 0.18077199 0.6288842 0.3510884 0.66649383 0.56872445 0.38946244 -0.09311987 0.63114119 0.41496241 0.6771391 0.57361478 0.4581044 -0.3387565 0.60806245 0.43506104 0.63077235 0.58810478 0.47107631 -0.18015212 0.65543073 0.47244307 0.18023527 0.54859215 0.57775372 -0.28224421 0.61799836 0.57319754 0.28907642 0.56096405 0.71283823 -0.55885822 0.65984923 0.68509024 0.22256164
0.56197721 0.33097008 0.18982671 0.60864693 0.35203266 0.66899776 0.64110655 0.36717442 -0.10489015 0.60462362 0.4197984 0.69683892 0.64477974 0.40428108 -0.41552651 0.59045815 0.44888052 0.64150625 0.59464049 0.46589458 -0.17811801 0.6406284 0.47137147 0.17811567 0.55229437 0.57702219 -0.30460119 0.61812258 0.57302582 0.20717734 0.56196624 0.71216506 -0.5708133 0.65976763 0.68500137 0.10542549
0.55978578 0.32635787 0.16607134 0.61075813 0.35199496 0.65378666 0.62890279 0.37562796 -0.14096138 0.60474265 0.42232168 0.68375289 0.62991875 0.42047837 -0.44524166 0.5827502 0.45617837 0.62750393 0.59474337 0.46576306 -0.18129306 0.64092118 0.47113734 0.18124489 0.55224323 0.57709223 -0.30645645 0.62226129 0.57461327 0.21424349 0.56188583 0.71215785 -0.58850729 0.65928465 0.68493879 0.16749145
0.56209713 0.32552058 0.2591036 0.61117184 0.35276583 0.7369889 0.62571627 0.37774473 -0.01045925 0.59606785 0.42240316 0.71569568 0.61861914 0.42523816 -0.25170925 0.56390107 0.45942971 0.61598837 0.59434652 0.46218777 -0.17652929 0.637604 0.46999264 0.17645432 0.55650347 0.57304859 -0.30412218 0.62404031 0.57418358 0.15342714 0.5627206 0.71053797 -0.5833739 0.65917629 0.68374503 -0.02699079
0.56043071 0.32244572 0.14083658 0.61946523 0.34954685 0.67525095 0.63148785 0.37883484 -0.13728222 0.60803235 0.41818449 0.69300652 0.62626803 0.42835382 -0.40926281 0.56581903 0.45159256 0.62146413 0.59287524 0.46294084 -0.17650524 0.63953829 0.4699468 0.1764361 0.55704618 0.5735842 -0.29383269 0.62899441 0.57392919 0.19834323 0.56163299 0.71049362 -0.58050895 0.66043234 0.68248665 0.09909893
0.56583285 0.31883252 0.25950187 0.60788888 0.34981021 0.70508283 0.64506173 0.3528614 -0.03503951 0.5897271 0.4195573 0.74040949 0.64273298 0.39016688 -0.33915851 0.55434257 0.45250544 0.67685902 0.60334331 0.44783956 -0.16681603 0.62922657 0.4681671 0.16680747 0.55753076 0.57113916 -0.31444868 0.62785715 0.57206404 0.15619352 0.56237179 0.70807827 -0.61135972 0.66026115 0.67985368 0.04282814
0.57490879 0.32135078 0.28830832 0.5938859 0.35899028 0.72742105 0.65477502 0.36129412 -0.00426075 0.58215404 0.42900082 0.75862551 0.64144176 0.40018702 -0.29694757 0.5538255 0.46536264 0.6763044 0.61086059 0.44752043 -0.16422914 0.62635028 0.46814242 0.16427277 0.56144828 0.57055366 -0.3350324 0.62802243 0.57161981 0.11347514 0.56604701 0.70784187 -0.61936402 0.66076541 0.6786443 -0.00836698
0.57189327 0.32141411 0.2952407 0.59599227 0.36127797 0.73684698 0.65257663 0.36159956 0.00996394 0.57869947 0.43057296 0.76000476 0.64071816 0.39642838 -0.29153836 0.54571044 0.46677196 0.67798287 0.6005466 0.44931704 -0.16280758 0.62800545 0.46608558 0.16287668 0.56177431 0.56914777 -0.33347183 0.62915754 0.57103175 0.14653991 0.56622595 0.7078101 -0.62745231 0.66064888 0.67804128 0.02527894
0.57175702 0.32269642 0.29867607 0.59746903 0.36098096 0.76005548 0.64565825 0.36508438 0.02973112 0.58174938 0.43034533 0.7661891 0.62879294 0.40215066 -0.21896979 0.54985625 0.4675492 0.67152131 0.5958575 0.45096228 -0.16353729 0.62952584 0.46453857 0.16358964 0.56735098 0.56960088 -0.3285757 0.62998897 0.57109618 0.07807238 0.57466018 0.70739657 -0.61297125 0.65215874 0.68025875 -0.11396126
0.60248911 0.32283014 0.30925354 0.57934856 0.36352539 0.72793865 0.65793413 0.35938272 0.03063967 0.57084167 0.4306013 0.74584723 0.64091671 0.38179806 -0.24411023 0.5501796 0.46496764 0.66846752 0.61328793 0.44576547 -0.15117165 0.61762047 0.46483845 0.15124333 0.57645249 0.56948048 -0.33115631 0.62714618 0.57108361 0.0021579 0.57482606 0.69914091 -0.60154462 0.64525652 0.6802752 -0.16908759
0.61416167 0.32372275 0.32401812 0.58017242 0.36451051 0.67323834 0.67007971 0.3585169 0.07934543 0.56730497 0.43203729 0.6663965 0.64992923 0.37777099 -0.17806952 0.55062777 0.46676829 0.56011653 0.62164438 0.44540295 -0.13586645 0.61686653 0.4652935 0.13582104 0.57966453 0.56919324 -0.3303819 0.62359923 0.57050204 -0.00268235 0.57553506 0.69956899 -0.58936727 0.64606082 0.68027842 -0.16436324
0.59775323 0.32397616 0.29548892 0.59873831 0.36368653 0.67731488 0.66614193 0.35750303 0.02783516 0.58035421 0.42614231 0.66901445 0.64823049 0.3820442 -0.2354382 0.56014842 0.45525795 0.6032089 0.60871983 0.44595629 -0.14231052 0.62212729 0.46471804 0.14227806 0.57672435 0.57252139 -0.32913154 0.62663645 0.57229596 0.06517513 0.57679397 0.69971496 -0.60453176 0.64642489 0.68050259 -0.07787842
0.60782516 0.32574973 0.31067389 0.59739512 0.36420682 0.69422835 0.67000562 0.35955593 0.04671892 0.575616 0.42728436 0.69822758 0.65802389 0.38374844 -0.2273424 0.55032665 0.45679131 0.60687667 0.61760086 0.44547811 -0.14467727 0.62376595 0.4632363 0.14465272 0.57500356 0.57279718 -0.34409052 0.62901807 0.57260573 0.08191673 0.57625109 0.69988525 -0.64785862 0.64974248 0.68052483 -0.05338219
0.56058663 0.32434255 0.27992332 0.63981438 0.35266855 0.71418238 0.61120552 0.36068913 0.00883472 0.63095367 0.40867656 0.69959712 0.63592577 0.40252528 -0.27423751 0.61336547 0.44048446 0.61528003 0.59927529 0.44696856 -0.16349283 0.63857895 0.4623014 0.16326876 0.57395679 0.57285804 -0.32395571 0.63218343 0.57258224 0.22619341 0.57611001 0.70045573 -0.62722182 0.65383416 0.67976928 0.11122105
0.58294219 0.32308009 0.28431949 0.63039392 0.35346252 0.71452224 0.63031578 0.35415596 0.0055131 0.60945004 0.41334757 0.74704784 0.64695442 0.38854939 -0.28600493 0.59457195 0.44618919 0.70232463 0.59861696 0.44707552 -0.16071287 0.63749027 0.46166772 0.16058816 0.57330269 0.572788 -0.33687621 0.6325444 0.57258886 0.14934361 0.57538128 0.70075643 -0.64441299 0.65535599 0.6796959 0.05516153
0.59932262 0.32317847 0.30356306 0.61708862 0.35354298 0.71756089 0.66783732 0.35411721 0.02752343 0.59237331 0.41345757 0.73700893 0.6839081 0.38490015 -0.26825973 0.56935459 0.44797862 0.6773681 0.61003023 0.44518444 -0.15832075 0.63668531 0.46179542 0.15822916 0.57276011 0.5729118 -0.34258643 0.63220382 0.57242584 0.14385012 0.57525843 0.70106608 -0.65703458 0.65663731 0.67966992 0.03933022
0.61822188 0.32980976 0.35329533 0.58231747 0.36354631 0.68780464 0.69216442 0.35933265 0.13297582 0.54708654 0.42230567 0.6265319 0.71045351 0.38592151 -0.12293009 0.52266335 0.44977391 0.45387086 0.62696218 0.44022793 -0.13202988 0.62125242 0.46191657 0.1320737 0.57924157 0.57005942 -0.36806086 0.62147582 0.56876642 0.02025674 0.57640707 0.7018795 -0.65910333 0.65233785 0.67982262 -0.08738109
