0.63979596 0.25007945 -0.12962686 0.59927052 0.28139034 0.350191 0.76985735 0.2928735 -0.33371946 0.68660718 0.34112459 0.48955706 0.74099672 0.29735833 -0.41099074 0.6853075 0.33738059 0.48934653 0.74201804 0.43833837 -0.18443909 0.70394182 0.45188335 0.18461412 0.72848243 0.59661269 -0.21597819 0.72129875 0.59451771 0.07536658 0.72029036 0.75192678 -0.25997049 0.72076112 0.75066572 0.00867306
0.65027672 0.25621957 -0.12938744 0.60174298 0.29502842 0.41443217 0.75613606 0.28826615 -0.42234176 0.67662251 0.35527116 0.59320021 0.72614622 0.28153431 -0.67518669 0.66663474 0.34541127 0.62991297 0.76826739 0.44561473 -0.18661505 0.72570938 0.46213108 0.18700746 0.73696476 0.59803092 -0.26949945 0.7190643 0.58941978 0.11573137 0.71867234 0.78281283 -0.39878872 0.7299214 0.7542364 0.06828276
0.65485328 0.25614926 -0.19374834 0.61340457 0.28856045 0.40931293 0.76641339 0.29865316 -0.53124315 0.64303905 0.37077698 0.56187022 0.78457439 0.32733232 -0.91171908 0.63378501 0.44137421 0.58498782 0.77474606 0.44656911 -0.18791845 0.72422886 0.46264896 0.18819919 0.74913627 0.6030854 -0.25683838 0.7199682 0.59602988 0.10318258 0.72502261 0.78401196 -0.33804494 0.72702688 0.76347327 0.04163479
0.65043688 0.25926059 -0.17139977 0.61346853 0.2936084 0.39483789 0.76954335 0.30029714 -0.47611532 0.65086842 0.36696446 0.61181009 0.7611413 0.31118974 -0.77907616 0.62159169 0.41259137 0.71159422 0.78178674 0.44295356 -0.18154496 0.72993296 0.46289104 0.18178295 0.75512654 0.60108656 -0.25337002 0.7256828 0.59420335 0.02944952 0.72676581 0.78683072 -0.3519333 0.72595364 0.76805854 -0.0725188 
0.65880477 0.25974536 -0.1613943 0.62571299 0.29418162 0.37734294 0.7718842 0.3000688 -0.3828553 0.69075662 0.35371497 0.52798879 0.78948289 0.32423201 -0.58449948 0.70346105 0.37707576 0.55274874 0.7904647 0.44585249 -0.18223688 0.74904722 0.46233615 0.1824355 0.75907236 0.60018802 -0.26463583 0.73361897 0.59139019 0.07238005 0.72533393 0.7829904 -0.39233568 0.72690105 0.76253831 -0.02823822
0.65594482 0.26326135 -0.22541499 0.63588345 0.291327 0.3442252 0.76666844 0.3009187 -0.55516911 0.67103165 0.35327092 0.58762944 0.77522033 0.30778235 -0.8970238 0.66068423 0.37226897 0.75741655 0.79260349 0.44707742 -0.18305083 0.75713301 0.45931637 0.18330778 0.76178956 0.59938282 -0.28604129 0.73654079 0.58979332 0.12821789 0.72838318 0.78008789 -0.40544641 0.73025239 0.76086044 0.08241572
0.65197146 0.26449788 -0.22179644 0.63608408 0.29037812 0.34719238 0.77787066 0.30263552 -0.53415602 0.69297707 0.35095674 0.56176466 0.77428538 0.31002948 -0.77845693 0.67987299 0.33426416 0.67755759 0.79938835 0.44830313 -0.19181909 0.76460421 0.45879325 0.19222443 0.7652753 0.60629767 -0.26942378 0.74730426 0.59180361 0.20133394 0.72776484 0.78491771 -0.35179684 0.72851712 0.76260298 0.1995364 
0.64969462 0.27070272 -0.24353592 0.63574129 0.29504266 0.32983971 0.76850176 0.2962333 -0.60011059 0.6862877 0.34835708 0.58130872 0.76554227 0.29985055 -0.94532388 0.68612421 0.31839541 0.75328976 0.79918933 0.45129955 -0.1922252 0.76973391 0.46128574 0.19262898 0.76572472 0.60403973 -0.25050783 0.75577724 0.59596038 0.18663704 0.72609711 0.78379935 -0.30503109 0.72695863 0.76789737 0.12017215
0.65068293 0.27114111 -0.24739298 0.62743431 0.29445559 0.27366096 0.75042236 0.29110879 -0.5914405 0.68586624 0.33617818 0.56207556 0.74098319 0.29271081 -0.90947556 0.66955674 0.3067905 0.76177603 0.80383098 0.44870335 -0.18420208 0.76668775 0.45994785 0.18461868 0.76137179 0.6004768 -0.25185975 0.74932659 0.59120017 0.06110997 0.72564209 0.78313845 -0.32637295 0.73011833 0.76378578 -0.00202428
0.66285431 0.26685598 -0.24506059 0.62623394 0.29261905 0.28025511 0.76040661 0.30222192 -0.59087449 0.6396845 0.33043391 0.57832283 0.74003005 0.28525653 -0.89688581 0.6127001 0.29486042 0.83461237 0.80959195 0.44666073 -0.18207668 0.76634103 0.45857185 0.18252774 0.76642013 0.59996432 -0.24655685 0.74880731 0.58949274 0.03943469 0.72650278 0.78166449 -0.33076113 0.72908592 0.76351851 -0.02264341
0.66706377 0.26568553 -0.25189629 0.6272552 0.29087555 0.30143666 0.75814843 0.30330002 -0.62887567 0.63975471 0.33595356 0.55866128 0.70828605 0.28209978 -0.95573866 0.61356246 0.31442583 0.70201874 0.81150031 0.44614983 -0.18708175 0.77017164 0.45728284 0.1875397 0.76593798 0.59946358 -0.24684711 0.74582005 0.58909488 0.04743348 0.72755265 0.78050321 -0.31733218 0.73049015 0.76256222 0.01184452
0.66436666 0.27427632 -0.30829301 0.62589747 0.29396087 0.26553795 0.76006931 0.30424234 -0.6539073 0.64918768 0.33919683 0.48925042 0.71028686 0.29565209 -0.93861514 0.64466608 0.34107503 0.57323503 0.81418324 0.45533335 -0.1997636 0.77125835 0.46345821 0.20014331 0.76852971 0.61699641 -0.24893282 0.74154776 0.59351641 0.18466091 0.72722447 0.78595316 -0.30567417 0.73215085 0.76025552 0.23887675
0.66095716 0.27805245 -0.28274435 0.63089961 0.29426506 0.25288954 0.7575826 0.30574074 -0.62382454 0.66519511 0.33836988 0.46685299 0.71121347 0.29034886 -0.86741054 0.67306048 0.32944617 0.55841964 0.81638473 0.45439309 -0.19829382 0.77581793 0.46176207 0.19872613 0.76810724 0.61399776 -0.23852596 0.74307096 0.5923757 0.16784325 0.72664958 0.78523743 -0.28597859 0.73041153 0.76043856 0.15499675
0.65925306 0.27922028 -0.2903147 0.63451988 0.29512948 0.25844979 0.75643343 0.3020401 -0.61562997 0.67065376 0.33823478 0.47619748 0.70892465 0.28811207 -0.86690128 0.67662048 0.32281888 0.59460175 0.81542927 0.45598659 -0.20059545 0.77895784 0.46312419 0.20098963 0.7653715 0.61607742 -0.24096188 0.74458539 0.59359211 0.18229759 0.72562444 0.78593653 -0.27748328 0.72990507 0.76165557 0.21392804
0.6577599 0.27753434 -0.27711231 0.63511306 0.29432219 0.27466998 0.75651407 0.30739611 -0.6100316 0.67746967 0.33952197 0.50183183 0.7113412 0.29134625 -0.87864083 0.68346125 0.33398655 0.60190248 0.81571358 0.45424184 -0.2043549 0.78112352 0.46182922 0.20464925 0.76272309 0.61524606 -0.24136022 0.7453627 0.59301823 0.22699395 0.7253443 0.78536302 -0.29150683 0.73024786 0.76081681 0.26999342
0.65756685 0.27623731 -0.26010445 0.63658959 0.29413792 0.31930593 0.7551024 0.30922461 -0.60640728 0.68428904 0.34468821 0.54616982 0.71839517 0.29566246 -0.91277075 0.68033856 0.33932868 0.66989702 0.8142454 0.45296386 -0.20424664 0.78169686 0.46147639 0.20450532 0.76045042 0.61286336 -0.23788354 0.74477965 0.5924623 0.19815001 0.72560579 0.78533238 -0.29010665 0.72998154 0.76026005 0.2097808 
0.65738082 0.2750181 -0.23484391 0.63532555 0.29478613 0.35773334 0.75935847 0.30867606 -0.54101378 0.69163507 0.34668073 0.56986982 0.7255016 0.3032552 -0.81231785 0.68503064 0.33961156 0.6733619 0.81326091 0.45242488 -0.20402047 0.78002828 0.46069935 0.20428345 0.75695306 0.6115464 -0.249219 0.74388194 0.59437299 0.18391052 0.72567296 0.78610027 -0.31979543 0.72953099 0.76007473 0.18175569
0.6595037 0.27461827 -0.2173509 0.63133281 0.29690117 0.34257901 0.74052113 0.29737023 -0.55209529 0.66716444 0.34630692 0.5783065 0.70597631 0.30147457 -0.82978982 0.66682047 0.33886102 0.73278862 0.81550074 0.45170414 -0.19142485 0.77928907 0.4605487 0.19175299 0.74508297 0.60276783 -0.28982836 0.73626137 0.59434581 0.02493262 0.72571737 0.78590488 -0.43126884 0.72890276 0.75935215 -0.06608558
0.65869343 0.27413404 -0.20956716 0.62599999 0.29951921 0.33792996 0.74662864 0.29787156 -0.54812145 0.67342675 0.35281786 0.56288308 0.70616466 0.29929093 -0.82317281 0.68312097 0.36911818 0.65699273 0.81534737 0.45154056 -0.18930893 0.77559763 0.46028051 0.18965985 0.73493099 0.60236722 -0.29976618 0.72129852 0.59134978 0.06649244 0.72544038 0.78521651 -0.44668725 0.7287941 0.75337791 0.00733488
0.65808022 0.27580228 -0.22939187 0.61876297 0.30292463 0.30670011 0.75929117 0.30562341 -0.54029357 0.67302775 0.3563419 0.5516994 0.75898927 0.32586774 -0.81311285 0.6819191 0.37298089 0.66101462 0.81474072 0.45145839 -0.1861078 0.77074707 0.46256739 0.18655391 0.72333694 0.59895015 -0.3007583 0.7144767 0.59166157 0.0525784 0.7252022 0.78473961 -0.43457612 0.72851813 0.75342715 -0.02020407
0.66542691 0.2791355 -0.26095384 0.61567748 0.30493233 0.29604545 0.77731991 0.3208417 -0.55751354 0.67309606 0.35936344 0.56975919 0.77842247 0.3322717 -0.89842921 0.68017942 0.36690727 0.72916913 0.81414193 0.4525522 -0.19240485 0.76655167 0.46479008 0.19301628 0.7155683 0.59858185 -0.33314809 0.69664633 0.59119821 0.06817529 0.72447348 0.78440911 -0.45170176 0.72831374 0.75143045 0.11032572
0.67155451 0.28339726 -0.27408856 0.61600143 0.31026354 0.29846817 0.77362204 0.32345137 -0.63585544 0.67872804 0.37030146 0.56332988 0.74210697 0.32208309 -0.99274802 0.66815436 0.3819184 0.68587321 0.81375653 0.45971972 -0.21511175 0.76584566 0.4714604 0.21571009 0.70120007 0.59875709 -0.39610752 0.69237202 0.59801787 0.17277811 0.7241084 0.78417146 -0.51866007 0.72991896 0.74686396 0.26855943
0.67494839 0.29238927 -0.26863924 0.6164065 0.31537369 0.27653247 0.77505869 0.33143494 -0.59326863 0.68444383 0.37481645 0.53842872 0.75102305 0.33601364 -0.96055681 0.68807387 0.38605711 0.64643186 0.81343448 0.46658608 -0.21420473 0.7675153 0.47691002 0.21473584 0.684681 0.59712923 -0.43398216 0.67766869 0.59231627 0.17136346 0.72406465 0.78389972 -0.58649272 0.7298522 0.74170697 0.24545184
0.68187332 0.2966477 -0.30216101 0.6164971 0.31855106 0.25534979 0.77317286 0.33780834 -0.57083243 0.68200421 0.37819487 0.52740663 0.75482166 0.33697024 -0.90012628 0.6855278 0.38282239 0.63795114 0.81327063 0.47520217 -0.22559363 0.76879662 0.48226669 0.22622529 0.67229396 0.59662938 -0.5127874 0.67322147 0.59354848 0.17817414 0.72367752 0.78376472 -0.6782431 0.72994298 0.73788083 0.28832483
0.69158226 0.30420378 -0.08595995 0.61844271 0.33625013 0.35674673 0.76703829 0.3378554 -0.36733979 0.66869766 0.39895296 0.5628342 0.74280435 0.33579588 -0.63308591 0.67225409 0.37900412 0.67941183 0.81304008 0.48141688 -0.21762572 0.76832038 0.48945707 0.21817365 0.66369861 0.59603411 -0.4882015 0.65593326 0.59082896 0.05726692 0.72365135 0.78375787 -0.70554465 0.72986758 0.73497409 0.06100024
0.69135445 0.30755755 -0.15591091 0.61850578 0.33172563 0.28065655 0.76200247 0.34180644 -0.45359701 0.66516441 0.40061346 0.51361591 0.74240887 0.32974952 -0.83073497 0.65213031 0.41380605 0.62466156 0.81219888 0.48805186 -0.21310583 0.76754904 0.49298528 0.21353045 0.65563864 0.59619385 -0.47398561 0.64308506 0.59058464 0.07507655 0.72378719 0.78342402 -0.66208434 0.72968495 0.73560297 0.09551451
0.68059546 0.30509761 -0.3043837 0.65191394 0.32690483 0.21955155 0.63161379 0.26261368 -0.51810384 0.66482371 0.3692314 0.28411108 0.58081686 0.18230817 -0.71817183 0.6481424 0.32658133 0.14048125 0.8069123 0.49731797 -0.2193051 0.7726326 0.49695489 0.21963567 0.6425401 0.59633833 -0.4866775 0.63950735 0.5886476 0.13997161 0.7243287 0.7838459 -0.62016839 0.73157722 0.73004562 0.28006682
0.67208612 0.30885118 -0.29135793 0.67224699 0.32482988 0.19317125 0.57639825 0.25079066 -0.46879691 0.62494284 0.28795856 0.15825878 0.53193486 0.17868838 -0.5276323 0.57002395 0.17755745 -0.03975891 0.80694717 0.50170445 -0.22170754 0.772726 0.50413346 0.22183937 0.63979518 0.59671676 -0.53598058 0.64088827 0.60001063 0.08442468 0.72537857 0.78401101 -0.69168639 0.73309249 0.72961956 0.16381197
0.70559978 0.31237391 -0.19880375 0.66954637 0.34644499 0.32170784 0.63156474 0.26770627 -0.48824078 0.60143542 0.38835225 0.27484885 0.5419957 0.1990716 -0.63438845 0.54941177 0.37425756 0.26231402 0.81541282 0.50776619 -0.22062762 0.77242881 0.51336235 0.22056757 0.6398899 0.59633368 -0.58205688 0.63212401 0.59963506 -0.01443871 0.7254613 0.78199983 -0.79830462 0.73343152 0.73147792 -0.04221845
0.72274733 0.33299398 -0.13698508 0.6621688 0.37570032 0.4127956 0.64045787 0.31555891 -0.42840767 0.60856539 0.42895827 0.55057794 0.54904318 0.22929016 -0.5476647 0.55317742 0.46032733 0.50736713 0.82819766 0.51460403 -0.2204266 0.77541482 0.51968789 0.2201713 0.64576495 0.59502417 -0.56155223 0.62700313 0.6014511 -0.02307609 0.72563744 0.77705616 -0.7607522 0.7340548 0.73518056 -0.07522595
0.71439803 0.34331912 -0.12327415 0.6587767 0.37549245 0.36077818 0.64913678 0.32803705 -0.42987368 0.60695416 0.40934303 0.50615102 0.5742659 0.25612253 -0.5799644 0.56745112 0.40416145 0.47946483 0.82980782 0.52431244 -0.20254135 0.77521831 0.52800912 0.20239526 0.63287222 0.5963133 -0.5373019 0.61249191 0.59932983 0.01499815 0.72666925 0.77732015 -0.78672284 0.73420781 0.73202258 -0.04452652
0.71415114 0.34515667 -0.1107166 0.65210986 0.36998966 0.34328711 0.6891734 0.3653982 -0.36812928 0.61111081 0.41219112 0.40622362 0.62990129 0.33677462 -0.43901667 0.59131253 0.38917607 0.37622941 0.83174539 0.52583909 -0.18772332 0.77344137 0.53047788 0.18769737 0.62974811 0.5965628 -0.51019818 0.60252869 0.59939921 -0.01660074 0.72792751 0.77749974 -0.73584855 0.73298424 0.73270422 -0.11887022
0.71285534 0.36382529 -0.00643743 0.66688865 0.38334352 0.36730734 0.68878329 0.36576897 -0.21689837 0.63200992 0.41312525 0.52375066 0.65301335 0.34397587 -0.25472659 0.60792816 0.39671037 0.60191864 0.83089322 0.53290409 -0.17485745 0.77685887 0.53886867 0.17457594 0.63014048 0.59727865 -0.47878677 0.60791045 0.60106963 -0.02188735 0.72801024 0.77749842 -0.77608746 0.73160362 0.73316038 -0.18671685
0.68357742 0.39111659 0.07079297 0.70195091 0.39549658 0.43589821 0.67328995 0.38761488 -0.09305087 0.68014133 0.41865385 0.56856662 0.6660794 0.36473382 -0.08075137 0.61936194 0.40839946 0.65306437 0.83023316 0.54092389 -0.16904695 0.78653443 0.54495043 0.16841629 0.62425447 0.60248017 -0.43554437 0.60916203 0.60065782 0.12684584 0.72732973 0.77870888 -0.826702 0.73246902 0.73238075 -0.11407731
0.63953018 0.41441125 0.01715636 0.72013003 0.4063397 0.41479069 0.56793493 0.40685657 -0.03337892 0.71930873 0.41188893 0.34453869 0.65254158 0.37143913 0.0971446 0.6505788 0.39936173 0.19964398 0.82663798 0.54989082 -0.16897163 0.83161098 0.55974466 0.16806042 0.6131112 0.60400432 -0.41450262 0.61077207 0.60189015 0.16175577 0.72717178 0.77870429 -0.80294633 0.73244709 0.73579943 0.03447857
0.63433409 0.42805058 0.03725877 0.73993081 0.42871583 0.48638996 0.51030838 0.40571001 0.03195229 0.70015007 0.42866036 0.77062893 0.46642852 0.34753934 0.24647011 0.64453191 0.39448383 0.9842537 0.82643396 0.5606181 -0.17122369 0.82722306 0.56161493 0.1693344 0.61145461 0.60830456 -0.38945034 0.61321098 0.60472095 0.21530847 0.72484297 0.77931935 -0.69264174 0.73244226 0.73661536 0.14126663
0.64620954 0.44378984 0.16257894 0.74539757 0.45086828 0.59195113 0.54695588 0.42418337 0.21563925 0.69421536 0.44596511 0.91245037 0.5391165 0.36936954 0.49764448 0.64040279 0.41853878 1.18721414 0.83048511 0.56204951 -0.17429459 0.82857782 0.56856984 0.172849 0.61187762 0.61016601 -0.37838656 0.6331988 0.60688931 0.20363092 0.72349733 0.77907699 -0.69498283 0.73346061 0.73744321 0.09956568
0.65217072 0.45264053 0.09544723 0.7300027 0.45599937 0.49814245 0.54828227 0.44975713 0.00885751 0.69902515 0.46038586 0.83920753 0.58843684 0.41977224 0.0982476 0.64046437 0.43450078 0.74861872 0.83043116 0.57064366 -0.17391159 0.82561612 0.57656616 0.17269675 0.60574108 0.62023491 -0.34950253 0.64265472 0.62042046 0.25807935 0.7211386 0.77929097 -0.67369109 0.73365027 0.73881298 0.13538767
0.65607119 0.47465849 0.06192423 0.72226018 0.47724199 0.43717867 0.57850999 0.46399364 -0.04055625 0.69542968 0.47785339 0.4308362 0.62459362 0.43856817 0.01992684 0.64798248 0.4547601 0.28883401 0.83108938 0.58072919 -0.17076704 0.84455383 0.59479308 0.16947071 0.60120618 0.62088275 -0.32778463 0.64201331 0.6287691 0.21412393 0.71979874 0.7804386 -0.60673392 0.73067284 0.74071205 0.09997556
0.64439136 0.4743408 0.01346917 0.72200799 0.47135428 0.30243137 0.58929843 0.44075647 -0.1116304 0.70721167 0.46370652 0.31287339 0.59996635 0.39831346 -0.16887373 0.66736096 0.44453785 0.20465901 0.82263023 0.59701037 -0.16308169 0.84347254 0.59520161 0.16203707 0.60516983 0.63097203 -0.30136317 0.64173764 0.62769133 0.21091509 0.71937495 0.78106385 -0.49997258 0.72614157 0.73955953 0.1897241 
0.62250018 0.46402013 -0.22358762 0.70655495 0.45196086 0.14693861 0.5358423 0.44802836 -0.36973363 0.66844022 0.45629457 0.2127846 0.54342121 0.38561708 -0.48523334 0.61929661 0.42231289 0.13313372 0.81848341 0.59973693 -0.16427875 0.83927596 0.59165639 0.16382211 0.58939332 0.62594765 -0.31663784 0.62431294 0.62433428 0.25915077 0.71916038 0.78168505 -0.42302692 0.72500288 0.7368421 0.38199869
0.65688848 0.46301323 -0.15146092 0.69146937 0.47114366 0.2716434 0.55468208 0.4667992 -0.23764543 0.63860571 0.48963863 0.50003731 0.49519217 0.42228273 -0.1023674 0.58457786 0.44695038 0.59436387 0.83504051 0.600797 -0.16518627 0.83575124 0.59979337 0.16531031 0.59321547 0.62416953 -0.32599673 0.62385368 0.6301496 0.2616787 0.71923608 0.78190035 -0.52093118 0.72528923 0.7358377 0.26863778
0.64817119 0.47255197 -0.22966553 0.68942428 0.46609667 0.17403071 0.54880446 0.47193119 -0.31729287 0.63194698 0.47459173 0.29560444 0.52854472 0.40894118 -0.34278008 0.56593823 0.43567288 0.28829476 0.83389014 0.60765964 -0.16662543 0.83203524 0.60481185 0.16641898 0.59190404 0.6219762 -0.34085503 0.60786414 0.62940222 0.26410905 0.71809369 0.78188378 -0.46102318 0.72521615 0.73707837 0.31415313
0.63135582 0.47993788 -0.27079538 0.69848007 0.45801461 0.14057472 0.51824772 0.496252 -0.27988362 0.64965951 0.46980843 0.36860108 0.48974571 0.42786556 -0.3143906 0.58241308 0.43633443 0.48847544 0.82137775 0.61605251 -0.16404256 0.83063775 0.60119498 0.16394819 0.58165014 0.62131935 -0.2937696 0.60893011 0.62781727 0.34848678 0.71834987 0.78210545 -0.38349745 0.72670144 0.73708624 0.49224532
0.65180218 0.4867515 -0.23317403 0.69882995 0.47306052 0.22300398 0.53581893 0.52085608 -0.24610765 0.68146014 0.51324141 0.49322358 0.47078678 0.4524166 -0.07526762 0.64412105 0.48214486 0.66148043 0.82556427 0.61846739 -0.16488251 0.82884544 0.6106075 0.16454029 0.58557117 0.61874849 -0.34083438 0.61045551 0.62631851 0.34732571 0.71840739 0.78140795 -0.46810207 0.73152769 0.73424953 0.44249219
0.67577851 0.50050569 -0.18007652 0.71610188 0.51192743 0.3299298 0.54420173 0.52835089 -0.17994368 0.70284259 0.57578719 0.52027297 0.47099921 0.46559232 -0.04373382 0.68705302 0.58191586 0.578704 0.83528626 0.62112802 -0.16263157 0.82813632 0.62262207 0.16234829 0.586321 0.61591029 -0.33597574 0.62038636 0.63018882 0.30533573 0.71773398 0.77986139 -0.46331325 0.73134947 0.73496312 0.35323477
0.68258566 0.50460714 -0.16486982 0.70865136 0.51020992 0.31914961 0.56217152 0.53226107 -0.16523634 0.66522986 0.54303557 0.50902778 0.49176398 0.47261679 -0.02033638 0.62698948 0.51085991 0.52947092 0.83704472 0.6271584 -0.16083005 0.82776308 0.6261673 0.1606012 0.58690917 0.61653262 -0.34689879 0.62887633 0.63667756 0.30366412 0.71696538 0.77994645 -0.48461989 0.7313391 0.73537117 0.34364414
0.68969882 0.52098078 0.02100059 0.7250843 0.54453248 0.46638495 0.62025082 0.52271938 -0.03908911 0.69674957 0.59661263 0.58192682 0.5856747 0.47112623 0.02908321 0.68826395 0.59564584 0.55825847 0.84220129 0.63313526 -0.16065159 0.82808888 0.63629776 0.16013083 0.58833349 0.61421943 -0.32278904 0.61363286 0.6230647 0.25136995 0.715231 0.7799629 -0.52117544 0.72865689 0.736323 0.13339683
0.69877577 0.5272367 0.04365518 0.70106888 0.54351556 0.45369986 0.68326688 0.5474577 0.0174818 0.69467878 0.59469193 0.47676075 0.69019181 0.510517 0.12826705 0.69379044 0.58532244 0.29775155 0.84147024 0.63518965 -0.15815759 0.82675338 0.64005822 0.15737988 0.58921862 0.61555082 -0.27283323 0.63538146 0.62262535 0.21648787 0.68962371 0.77774405 -0.47242373 0.72718668 0.73519844 0.06276052
0.69228792 0.51863706 0.02609847 0.73027742 0.56294602 0.43745208 0.6758976 0.52922851 -0.02555034 0.7548539 0.64306045 0.47722688 0.540048 0.49306211 0.04058916 0.7380085 0.70908344 0.36521596 0.83883286 0.63771725 -0.15278624 0.82885915 0.64476603 0.15165175 0.58544743 0.61502761 -0.23961125 0.65010202 0.63099498 0.30253023 0.69329399 0.77784431 -0.41935802 0.72812521 0.73458177 0.20871367
0.6892525 0.52169406 0.01716894 0.73785263 0.56243026 0.42954642 0.63983411 0.52936053 -0.01835309 0.77524883 0.64210922 0.47301042 0.54004514 0.49470124 0.07772766 0.74999917 0.70008761 0.36716068 0.83790106 0.63949782 -0.15354362 0.83124512 0.64513361 0.15232269 0.58553928 0.61524415 -0.24235982 0.66149926 0.63089973 0.32639453 0.69568288 0.77832824 -0.4167864 0.72919405 0.73463124 0.28890052
0.68863302 0.52395397 0.0631348 0.73475516 0.56479234 0.46004647 0.64454424 0.53153712 0.0788129 0.75455379 0.63525784 0.49976438 0.62168825 0.50024158 0.19760188 0.75354981 0.665914 0.40370208 0.83183724 0.63921052 -0.15455568 0.83122468 0.64390141 0.1534078 0.58613312 0.61574173 -0.26630992 0.66187108 0.63198078 0.31892198 0.69844633 0.7783758 -0.48047939 0.72927302 0.73378634 0.27317768
0.69838828 0.52603275 0.07338534 0.7429806 0.57299173 0.42843702 0.67085201 0.53205591 0.12719789 0.76960957 0.64743692 0.44117591 0.66291296 0.51168555 0.28706664 0.74175692 0.70712668 0.33248335 0.83060622 0.6378544 -0.14300458 0.83088714 0.64514488 0.1415399 0.58448088 0.61558694 -0.23648527 0.65699995 0.63216472 0.27660355 0.69900137 0.77854437 -0.44490898 0.72690421 0.73395556 0.17234866
0.70356441 0.53151363 0.0783807 0.74318314 0.57366312 0.41852787 0.7035715 0.53729141 0.10381092 0.76209891 0.63908541 0.39702493 0.72815591 0.51365352 0.19933353 0.76604241 0.66872334 0.30330861 0.82190454 0.63861716 -0.13844068 0.84055364 0.65181142 0.13706885 0.58447272 0.61677873 -0.24130914 0.65685213 0.63164407 0.26313552 0.6983034 0.77858514 -0.44687223 0.71851534 0.73405898 0.18122768
0.70117217 0.5324465 0.05883532 0.74333036 0.57443595 0.40771192 0.72520584 0.55112749 0.05579675 0.78098059 0.64849639 0.39802578 0.73004836 0.54580426 0.11445621 0.74578226 0.71124339 0.3098999 0.81464875 0.63682997 -0.13343529 0.83653969 0.64938152 0.13225272 0.58176041 0.61672282 -0.20912994 0.65667659 0.6329475 0.21628176 0.69817066 0.7785992 -0.38683909 0.71952349 0.73556966 0.104593 
0.701994 0.53565013 0.10919442 0.75627846 0.57571656 0.38677758 0.72263736 0.56466824 0.06321319 0.79620552 0.64980572 0.38217261 0.73690182 0.57789892 -0.01088446 0.74359065 0.71895891 0.32912028 0.80392957 0.63284618 -0.11432188 0.83996946 0.64698243 0.11333907 0.57867563 0.61653483 -0.18133388 0.65426785 0.63270384 0.19693221 0.69801825 0.77570397 -0.38418564 0.72018445 0.73674488 0.06539774
0.699422 0.53066939 0.08931952 0.75078148 0.57252783 0.38686943 0.70340413 0.56053531 0.05157302 0.79163438 0.64958799 0.40437752 0.71113521 0.56995225 0.01015895 0.7427398 0.72113442 0.34466732 0.79554629 0.62864757 -0.11971448 0.83695859 0.63678014 0.11863317 0.57628936 0.61650825 -0.20231983 0.65132123 0.63011771 0.21563815 0.69856834 0.77585167 -0.40842855 0.72044021 0.7371875 0.10159582
0.69225818 0.5227378 0.0998272 0.76138496 0.55103874 0.41939232 0.6426757 0.51897609 0.06992267 0.76300633 0.5954929 0.49677756 0.64703971 0.48463476 0.10712467 0.72297686 0.59642011 0.49914709 0.79960579 0.62617093 -0.12800314 0.84162372 0.62272239 0.12693432 0.5902822 0.62900251 -0.26450339 0.65888679 0.62632793 0.22318985 0.68409115 0.77581954 -0.50111336 0.72712952 0.73697716 0.12953097
0.6916346 0.51235145 0.08204894 0.76431447 0.5362066 0.4445135 0.63824946 0.51479101 0.02765524 0.76478106 0.57481772 0.42068329 0.67315185 0.49049744 0.07549721 0.78099579 0.57798171 0.25111443 0.80054563 0.61832696 -0.15021749 0.84381706 0.61509836 0.14892423 0.58971447 0.62113184 -0.26472354 0.65659285 0.62390953 0.22363548 0.68198299 0.77361923 -0.48770052 0.72309971 0.73810899 0.13032465
0.69258147 0.51100791 0.12173404 0.7599529 0.54051799 0.4294371 0.65030426 0.51628435 0.03989845 0.77633071 0.58892071 0.41937801 0.69327813 0.48811644 -0.00458024 0.78822619 0.62645406 0.26271299 0.79847693 0.61009771 -0.14338335 0.8425473 0.6099987 0.14201666 0.60127848 0.6313681 -0.23095846 0.65316027 0.62481266 0.2296159 0.68444663 0.77377564 -0.47420982 0.7202425 0.73743147 0.13331734
0.68928725 0.50651163 0.09902271 0.75822443 0.54139906 0.42337471 0.65060073 0.4989661 -0.05142495 0.79040706 0.59617716 0.41981113 0.64708424 0.46883306 -0.15625341 0.78794473 0.64253998 0.31962723 0.80018264 0.60653865 -0.14352691 0.84173554 0.60648906 0.14220871 0.60191679 0.63247055 -0.22641854 0.65358591 0.62947488 0.21999709 0.68243867 0.77405459 -0.41436368 0.72034228 0.7403115 0.13332036
0. 0. 0. 0. 0. 0. 0. 0. 0. 0. 0. 0. 0. 0. 0. 0. 0. 0. 0. 0. 0. 0. 0. 0. 0. 0. 0. 0. 0. 0. 0. 0. 0. 0. 0. 0. 0. 0. 0. 0. 0. 0. 0. 0. 0. 0. 0. 0. 0. 0. 0. 0. 0. 0. 0. 0. 0. 0. 0. 0. 0. 0. 0. 0. 0. 0. 0. 0. 0. 0. 0. 0. 0. 0. 0. 0. 0. 0. 0. 0. 0. 0. 0. 0. 0. 0. 0. 0. 0. 0. 0. 0. 0. 0. 0. 0. 0. 0. 0. 0. 0. 0. 0. 0. 0. 0. 0. 0. 0. 0. 0. 0. 0. 0. 0. 0. 0. 0. 0. 0. 0. 0. 0. 0. 0. 0. 0. 0. 0. 0. 0. 0.
0. 0. 0. 0. 0. 0. 0. 0. 0. 0. 0. 0. 0. 0. 0. 0. 0. 0. 0. 0. 0. 0. 0. 0. 0. 0. 0. 0. 0. 0. 0. 0. 0. 0. 0. 0. 0. 0. 0. 0. 0. 0. 0. 0. 0. 0. 0. 0. 0. 0. 0. 0. 0. 0. 0. 0. 0. 0. 0. 0. 0. 0. 0. 0. 0. 0. 0. 0. 0. 0. 0. 0. 0. 0. 0. 0. 0. 0. 0. 0. 0. 0. 0. 0. 0. 0. 0. 0. 0. 0. 0. 0. 0. 0. 0. 0. 0. 0. 0. 0. 0. 0. 0. 0. 0. 0. 0. 0. 0. 0. 0. 0. 0. 0. 0. 0. 0. 0. 0. 0. 0. 0. 0. 0. 0. 0. 0. 0. 0. 0. 0. 0.
0. 0. 0. 0. 0. 0. 0. 0. 0. 0. 0. 0. 0. 0. 0. 0. 0. 0. 0. 0. 0. 0. 0. 0. 0. 0. 0. 0. 0. 0. 0. 0. 0. 0. 0. 0. 0. 0. 0. 0. 0. 0. 0. 0. 0. 0. 0. 0. 0. 0. 0. 0. 0. 0. 0. 0. 0. 0. 0. 0. 0. 0. 0. 0. 0. 0. 0. 0. 0. 0. 0. 0. 0. 0. 0. 0. 0. 0. 0. 0. 0. 0. 0. 0. 0. 0. 0. 0. 0. 0. 0. 0. 0. 0. 0. 0. 0. 0. 0. 0. 0. 0. 0. 0. 0. 0. 0. 0. 0. 0. 0. 0. 0. 0. 0. 0. 0. 0. 0. 0. 0. 0. 0. 0. 0. 0. 0. 0. 0. 0. 0. 0.
0.62058109 0.53033841 0.22420987 0.74282831 0.53357005 0.38900337 0.52023387 0.50846642 0.18998069 0.72479039 0.50945103 0.27293906 0.48557791 0.49440315 0.20341131 0.65378302 0.49781772 0.13076527 0.63985741 0.59781593 -0.06106678 0.73774827 0.59544891 0.0605768 0.65504223 0.69174278 -0.16495658 0.70372492 0.66958827 0.2135168 0.7126894 0.78564358 -0.37108213 0.73544115 0.74963915 0.23176222
0.64530915 0.54375249 0.27627072 0.7339344 0.54599041 0.4359296 0.56158412 0.51208085 0.26880467 0.68587852 0.51577008 0.42652333 0.50670755 0.48149955 0.27148867 0.62583762 0.48134586 0.40293747 0.66764134 0.59954184 -0.04715075 0.73074484 0.60085523 0.04664641 0.66507679 0.69227582 -0.15939905 0.71954495 0.67074877 0.12161293 0.69369018 0.79253286 -0.35313311 0.74992675 0.75886178 0.09698293
0.67250526 0.54179919 0.27604222 0.71279925 0.54445964 0.42126787 0.5998382 0.51473612 0.28045273 0.62241745 0.51407927 0.38790724 0.52951723 0.48151818 0.31335694 0.53834218 0.4691135 0.32181901 0.68748575 0.59541768 -0.04502405 0.72084194 0.60028243 0.04462757 0.66784233 0.68671823 -0.16210543 0.71704847 0.67072493 0.08839856 0.69530803 0.7867654 -0.3500219 0.75466371 0.76005197 0.02917289
0.65922141 0.51790822 0.22104548 0.71614647 0.52126241 0.39117131 0.57343 0.49371248 0.16891111 0.65259421 0.50283819 0.25219062 0.521029 0.46508694 0.13756786 0.64438379 0.46162614 0.0605637 0.67541736 0.58964646 -0.0462955 0.721017 0.59192234 0.04582273 0.66266221 0.68657196 -0.15482196 0.72371167 0.66658133 0.09245394 0.69707274 0.78772753 -0.34183687 0.75560254 0.7594921 0.02919102
0.65881997 0.50093943 0.19837219 0.71873742 0.51380461 0.45787352 0.56232637 0.47675323 0.15338761 0.64255196 0.49578795 0.42469764 0.48895067 0.44142357 0.17453615 0.58827931 0.45081586 0.333536 0.68425137 0.58445728 -0.08167946 0.72243166 0.59216052 0.08129171 0.62934256 0.66809976 -0.24317938 0.70174968 0.65128809 0.01384757 0.69122052 0.78663445 -0.48529992 0.75348109 0.75405371 -0.17309302
0.67953831 0.49487302 0.20364748 0.72277635 0.50461566 0.5207423 0.5729903 0.47650921 0.17064235 0.63967538 0.48901522 0.44724649 0.49141976 0.45202571 0.24229397 0.58174133 0.45041895 0.31454015 0.70955235 0.57627547 -0.10013028 0.73740989 0.58901948 0.09961305 0.6274063 0.64996648 -0.2992104 0.69476366 0.65173924 -0.07373785 0.70476043 0.78349984 -0.60393804 0.75324559 0.75701249 -0.33576483
0.69519687 0.47115275 0.23268439 0.72106606 0.49040896 0.60572863 0.57454377 0.44621983 0.17460476 0.61936915 0.47759786 0.60214442 0.48710886 0.39323649 0.27505997 0.54635018 0.42994091 0.50666904 0.72168809 0.56577605 -0.11883575 0.73702294 0.58461416 0.1185028 0.63130271 0.64116484 -0.34286219 0.68221414 0.64518249 -0.10275989 0.71052772 0.78025407 -0.64953685 0.74942356 0.75808358 -0.38315541
0.68310785 0.48120791 0.22956724 0.72208917 0.4886004 0.55015647 0.59554994 0.44732156 0.20712838 0.66558892 0.461418 0.53060997 0.55180532 0.41495419 0.37194675 0.6770305 0.40387869 0.44277698 0.72250205 0.57214987 -0.13332319 0.73843151 0.58447593 0.13254344 0.62779266 0.63395995 -0.33148888 0.68031037 0.64545321 -0.06753094 0.71174616 0.78054541 -0.57533509 0.74930131 0.75831485 -0.28103849
0.68338722 0.47755507 0.28697768 0.72258776 0.48171344 0.65584511 0.58327723 0.45206842 0.21977746 0.64508003 0.46972373 0.55126464 0.54901272 0.40777701 0.3257603 0.60199422 0.42716935 0.35738257 0.72036165 0.57101697 -0.13142408 0.73874062 0.58177859 0.13075699 0.63065183 0.63723749 -0.41467324 0.68299329 0.64503372 -0.17170231 0.71478903 0.78077501 -0.81093061 0.74178827 0.7591067 -0.52870923
0.68708593 0.47818401 0.27786973 0.76420987 0.48579624 0.59943128 0.5861668 0.44774181 0.21804492 0.71612978 0.48129034 0.44229946 0.5457176 0.4169018 0.35391477 0.69354326 0.46679321 0.15354228 0.73623323 0.55801481 -0.12650545 0.77742106 0.56966764 0.12550883 0.63208777 0.6290285 -0.36611474 0.69053268 0.64371741 -0.08506336 0.7192654 0.78106534 -0.72888446 0.74012285 0.75992131 -0.41830698
0.70461273 0.47651643 0.27007705 0.75726122 0.47773567 0.61056745 0.62928951 0.45381877 0.22685015 0.70561361 0.47532806 0.44422728 0.59190041 0.42809266 0.42498189 0.6649012 0.45152548 0.13666765 0.75871694 0.5576719 -0.14206176 0.76919395 0.56797093 0.14097178 0.63327467 0.60208362 -0.37724152 0.67907065 0.62627405 -0.10834264 0.72066557 0.78105193 -0.71854442 0.73821193 0.75850695 -0.40482953
0.77197278 0.42492428 0.27394509 0.66795206 0.43922764 0.57081819 0.7396518 0.44998372 0.16224824 0.62095219 0.46155071 0.36470515 0.65976727 0.43051156 0.2323162 0.60480011 0.4332563 0.05092791 0.80557066 0.54286659 -0.13887936 0.73959762 0.55705631 0.1380285 0.63975328 0.58707589 -0.4578836 0.63958758 0.59801894 -0.27729315 0.72416574 0.77134496 -0.78150284 0.73262775 0.75160629 -0.5383544 
0.75891942 0.44427887 0.25951454 0.68812442 0.45652422 0.5948692 0.68873543 0.43389529 0.16757178 0.62773508 0.46606475 0.46902534 0.60692292 0.40490729 0.33301154 0.58126444 0.44878531 0.14812037 0.80564231 0.54719806 -0.14510892 0.75455278 0.56113988 0.1439558 0.64077264 0.59531021 -0.40535763 0.64512658 0.60471827 -0.15781964 0.72499394 0.77066976 -0.72448045 0.73308492 0.74390602 -0.39882833
0.73470986 0.43077663 0.3287465 0.69338423 0.4380917 0.67804319 0.65742981 0.39174813 0.24162205 0.638062 0.40321043 0.65187615 0.58647388 0.32418659 0.39568344 0.5871765 0.33356267 0.52973968 0.79179823 0.55095279 -0.16918753 0.75778502 0.55970031 0.16839963 0.64059609 0.59966195 -0.49751288 0.63821495 0.60187072 -0.22903238 0.7258988 0.771855 -0.84391624 0.73271203 0.74335665 -0.51127577
0.73400366 0.43242013 0.28301698 0.69370008 0.45220479 0.64741969 0.68845856 0.415887 0.26267979 0.6271531 0.44230473 0.58198601 0.63592803 0.37493417 0.53538561 0.56471741 0.44970205 0.42323002 0.80245829 0.55271643 -0.15469545 0.76549399 0.56315815 0.15375891 0.63935179 0.59891123 -0.47104833 0.63596016 0.59728235 -0.17996381 0.72645718 0.77299172 -0.7872113 0.73287737 0.74104238 -0.41871315
0.74887669 0.41682881 0.46296659 0.67546463 0.45892677 0.7790429 0.72002262 0.37779576 0.50378942 0.60105097 0.46899307 0.94931179 0.65666962 0.31014714 0.75946945 0.54021341 0.469497 1.06317198 0.83691508 0.52759027 -0.15310882 0.76276809 0.55963928 0.15202874 0.63950914 0.59440696 -0.41862071 0.62432247 0.5985148 -0.14682792 0.72659737 0.7738018 -0.73512399 0.72371322 0.74611759 -0.38799402
0.75247681 0.40305206 0.46095958 0.65022057 0.45789614 0.76748103 0.7835505 0.35222483 0.37341559 0.59840083 0.48382586 0.98122907 0.71174037 0.28580788 0.53524953 0.51470345 0.48921591 1.1168673 0.84190428 0.52326477 -0.15231764 0.76115799 0.55172217 0.1514983 0.64283776 0.59383607 -0.42134732 0.62603587 0.60285008 -0.14278434 0.72824258 0.77314031 -0.7214368 0.71223724 0.75258219 -0.38489056
0.74312544 0.39333123 0.39683935 0.65511262 0.45114735 0.70490795 0.75392914 0.33401507 0.2732307 0.60087967 0.48864836 0.7754609 0.69591016 0.26209572 0.29814121 0.50675172 0.49346974 0.75722659 0.8341561 0.52208352 -0.15006649 0.76368946 0.54990196 0.14927043 0.64679086 0.59736389 -0.40933335 0.6301347 0.60314113 -0.13529082 0.7286405 0.77402973 -0.71241444 0.71329117 0.75003105 -0.37720609
0.74385017 0.39061898 0.3658936 0.66185635 0.44321018 0.67907304 0.75517172 0.33708304 0.28479138 0.60978073 0.48898476 0.85907203 0.70545036 0.26637146 0.34246957 0.51234704 0.4922246 0.94564587 0.83476555 0.51890749 -0.15157069 0.76449257 0.54365826 0.15096299 0.64639556 0.59021217 -0.4220112 0.62631524 0.60422218 -0.13576595 0.72827739 0.77349311 -0.71766001 0.71523452 0.74978322 -0.38459083
0.74213994 0.39193243 0.35741615 0.6594032 0.44174454 0.68410766 0.75300092 0.35285911 0.2430193 0.61400265 0.48693362 0.93836439 0.71595162 0.29750997 0.23387524 0.51473153 0.48973265 1.14285958 0.83016312 0.51711166 -0.15347026 0.76366836 0.54141808 0.15306644 0.64633274 0.59058011 -0.46962661 0.62463379 0.60598743 -0.18241666 0.72812539 0.77010036 -0.76161361 0.71731323 0.75082546 -0.44046372
0.74090469 0.35838452 0.20886162 0.64611924 0.40776479 0.60553229 0.74762768 0.3190954 -0.13472633 0.61291271 0.46379143 0.86128616 0.68976587 0.24784371 -0.39701763 0.51296002 0.4892574 1.01918399 0.82215774 0.51133686 -0.161632 0.76309967 0.53057384 0.16130644 0.64553231 0.58990872 -0.46163288 0.62655085 0.60667706 -0.15320486 0.72481912 0.7699616 -0.75564188 0.71827662 0.7497521 -0.31946787
0.74070299 0.36050797 0.15856521 0.63185591 0.40591773 0.53439158 0.77664077 0.32931888 -0.22954832 0.61144763 0.46344575 0.80247992 0.74139458 0.28230524 -0.6020593 0.51091915 0.49168584 0.92761838 0.81812382 0.50859058 -0.16173454 0.75726849 0.52737218 0.16150945 0.64381707 0.58827037 -0.47152802 0.62698847 0.60657996 -0.15752251 0.72361779 0.77006382 -0.76189274 0.71938312 0.74975234 -0.35401458
0.71021998 0.33855486 0.00485235 0.62676138 0.37850896 0.46208042 0.75526333 0.30876604 -0.37082419 0.61221516 0.44457483 0.67643076 0.73537368 0.2348427 -0.6944074 0.5158664 0.48702744 0.78118974 0.80381906 0.50713617 -0.19218262 0.75634682 0.51620853 0.19187751 0.64013243 0.5889371 -0.53145242 0.62224746 0.59978396 0.04926537 0.72264862 0.77417243 -0.80462158 0.71998346 0.74402767 0.00127393
0.68103278 0.31551859 -0.18492468 0.62797403 0.35331836 0.37158713 0.72898775 0.2818971 -0.56344396 0.61647826 0.42727581 0.59422445 0.67847645 0.21216854 -0.90559989 0.52055728 0.48505926 0.67732042 0.79156744 0.50222301 -0.21290472 0.7527203 0.50747979 0.21286705 0.63817298 0.5899477 -0.52737892 0.62103546 0.59680045 0.09256908 0.72089732 0.77719349 -0.74356997 0.72049826 0.74287301 0.11824431
0.69147331 0.31409267 -0.05583876 0.60433471 0.36407092 0.40215567 0.768112 0.31069139 -0.45296514 0.61909527 0.43956527 0.57331413 0.71307534 0.25131038 -0.8390761 0.52365136 0.48826316 0.59350973 0.78992587 0.4937357 -0.19698869 0.73991448 0.50372601 0.19675289 0.6392383 0.59073126 -0.50108469 0.61170471 0.59848708 -0.06202781 0.72532886 0.77712399 -0.71313423 0.72340047 0.74009508 0.00908811
0.69307059 0.31852543 0.04518655 0.6050368 0.36550394 0.42079651 0.779311 0.3195419 -0.30680948 0.62318665 0.44405717 0.60949123 0.71179301 0.27102023 -0.65704471 0.53590918 0.48767489 0.66198695 0.78939402 0.4873448 -0.18650757 0.7294367 0.50138646 0.18630055 0.64019346 0.58785713 -0.49998796 0.61293715 0.58549196 -0.17264298 0.72723836 0.77678573 -0.72084969 0.72351807 0.73841012 -0.34324402
0.68406802 0.31187108 -0.00985918 0.60740978 0.35784143 0.41739815 0.77399886 0.32375059 -0.38041481 0.62586451 0.43863741 0.57378441 0.71921557 0.29692668 -0.71236855 0.54335386 0.49072349 0.57726187 0.78476733 0.48258513 -0.18301177 0.73262656 0.49458417 0.1827469 0.64058119 0.59008014 -0.45748851 0.6152404 0.58463579 -0.14138399 0.72713935 0.77675045 -0.65892702 0.7251482 0.73809183 -0.25828621
0.67872369 0.30131572 -0.02175815 0.61020249 0.34489945 0.40349421 0.76829946 0.31867313 -0.38628888 0.62781674 0.42269692 0.54021597 0.69591987 0.29870182 -0.65880382 0.54393673 0.49361035 0.51962537 0.77918029 0.47843024 -0.18159831 0.73392218 0.4886938 0.18125384 0.64422363 0.59188336 -0.41730642 0.6221624 0.58674484 -0.13336046 0.72706217 0.77671856 -0.61469311 0.72532612 0.7384125 -0.25987428
0.64642566 0.29340142 -0.19823664 0.59207588 0.32916477 0.39793023 0.76285714 0.32611182 -0.45365658 0.61963272 0.41709247 0.51789504 0.76746631 0.37024754 -0.71335053 0.53698695 0.49658 0.43890589 0.76858103 0.4716281 -0.19567114 0.73377234 0.47948995 0.19556414 0.6563983 0.60031635 -0.39897451 0.64174098 0.58828396 0.03842076 0.72652984 0.77828938 -0.54210234 0.72651172 0.73898864 0.01432148
0.63884264 0.28042647 -0.19327788 0.59761155 0.32049504 0.37219608 0.7621302 0.30941665 -0.55406553 0.62639755 0.39994779 0.55190134 0.74731898 0.33998108 -0.87835485 0.55855685 0.45173013 0.54846323 0.76959592 0.45798036 -0.20093562 0.73176849 0.47161809 0.20092872 0.66761565 0.59858924 -0.37869555 0.65273899 0.58940119 0.04394875 0.72636741 0.77890223 -0.50155813 0.72701132 0.73933792 0.01086932
0.64703655 0.27007562 -0.1914153 0.59531558 0.31728098 0.3838309 0.76961905 0.28860509 -0.57499939 0.62331665 0.39846423 0.56373048 0.75487345 0.32777256 -0.93030792 0.54256535 0.46708834 0.55913609 0.7695058 0.45231637 -0.19927908 0.72475731 0.46609494 0.199258 0.67787713 0.5973289 -0.39687926 0.66012692 0.58481765 0.02689811 0.72427404 0.77882761 -0.57458478 0.7274248 0.73801363 -0.04421701
0.64407563 0.26479605 -0.19200416 0.59706295 0.30528024 0.39172524 0.76790798 0.28722444 -0.54613382 0.63661677 0.37036183 0.56635308 0.76629114 0.32399628 -0.86270779 0.62449187 0.40493613 0.61725414 0.76913524 0.44804001 -0.19732282 0.72380865 0.46135083 0.19738305 0.68804067 0.59640956 -0.38679484 0.67678952 0.58265632 0.04441906 0.72196215 0.77877462 -0.5790118 0.72741729 0.7382822 -0.05392101
0.63968599 0.25733325 -0.15212218 0.59931898 0.29671219 0.39189446 0.76594669 0.28367361 -0.47321782 0.65363061 0.36752018 0.51556826 0.76542503 0.32108241 -0.75594532 0.65825272 0.40660366 0.46992671 0.76222241 0.4451634 -0.19016878 0.71992201 0.45693085 0.19048578 0.70050156 0.59582382 -0.33196294 0.69491279 0.58343714 -0.01880547 0.72178864 0.7787205 -0.5018602 0.72743702 0.73946053 -0.18737847
0.6355055 0.25406894 -0.12394422 0.60095 0.28765741 0.38239983 0.76483798 0.28220522 -0.407713 0.66559601 0.35549125 0.5149312 0.76053077 0.31904441 -0.61370939 0.67192256 0.37611476 0.48672938 0.76042354 0.4426741 -0.1780739 0.72069198 0.45129222 0.17852765 0.71040553 0.59540409 -0.28584176 0.70755142 0.58064634 -0.01477324 0.72113174 0.77867061 -0.45040056 0.72746044 0.73953056 -0.17455672
0.63791835 0.2507557 -0.15758087 0.60167235 0.28324282 0.33505911 0.76793039 0.27963477 -0.47212785 0.66178626 0.35167465 0.50312531 0.75744969 0.28164074 -0.70717299 0.66062963 0.35874027 0.50642389 0.75738758 0.44409817 -0.1757292 0.71672189 0.45353928 0.17622951 0.71731579 0.59844333 -0.26661083 0.70873028 0.58080894 0.08459605 0.71896148 0.78169024 -0.40120965 0.72795957 0.74040818 0.00681882
0.63797385 0.24904713 -0.21417135 0.60766917 0.28189945 0.35719115 0.76982063 0.26936796 -0.59779865 0.65793771 0.35588387 0.52440858 0.74799466 0.27362338 -0.90629846 0.6543293 0.39272615 0.56293613 0.75106162 0.44588414 -0.18720089 0.71802449 0.45331714 0.18747683 0.72149861 0.6031546 -0.26305145 0.71984237 0.58547676 0.19782631 0.71813285 0.78346211 -0.34754497 0.72788304 0.74630791 0.17156923
0.64020813 0.24835642 -0.19538505 0.6087321 0.28328627 0.34620622 0.77583176 0.27371836 -0.57456326 0.65192753 0.36707702 0.48308033 0.74671221 0.26689729 -0.88891411 0.60817772 0.42984816 0.47215334 0.74941146 0.44637525 -0.18560876 0.71831709 0.45450622 0.18578185 0.72453153 0.60500801 -0.2414553 0.72051924 0.58789867 0.13063686 0.71795315 0.78395867 -0.30478463 0.72788829 0.74987388 0.07464377
0.64059222 0.25119704 -0.17058277 0.61219358 0.28695118 0.35133159 0.78610045 0.26427901 -0.56018233 0.65039569 0.37086385 0.46974894 0.73970258 0.26072091 -0.84800011 0.59702086 0.43580171 0.43122566 0.74767953 0.44697863 -0.18507028 0.71880132 0.45620313 0.18519738 0.72376847 0.60481733 -0.25892857 0.71599525 0.58812183 0.11866947 0.71818656 0.78390276 -0.35135382 0.72793055 0.74923962 0.04655302
0.6415776 0.25133902 -0.16792701 0.61376905 0.28556031 0.35480818 0.78907269 0.27077726 -0.55375445 0.64197493 0.37342554 0.44841394 0.72673345 0.26255995 -0.83273333 0.58643812 0.45261928 0.3720215 0.74461979 0.44720644 -0.18488154 0.71762031 0.45487672 0.18500638 0.72528398 0.60438144 -0.27019078 0.71625185 0.58806008 0.14257759 0.7186501 0.78378308 -0.37548634 0.72738153 0.74856293 0.09438603
0.64251477 0.24987909 -0.16580047 0.61468768 0.28312293 0.34745786 0.79044873 0.27235153 -0.53180873 0.63839042 0.37493837 0.41577503 0.7326557 0.26459646 -0.81922644 0.58212644 0.45643914 0.31460163 0.74500704 0.44551507 -0.18068261 0.71559525 0.45358658 0.18078545 0.72695857 0.60407203 -0.25485963 0.71608311 0.58811325 0.10560831 0.71899188 0.78371179 -0.34485847 0.72738844 0.74943697 0.03272978
0.64423728 0.25096157 -0.16114734 0.61571538 0.28235874 0.34496376 0.79257149 0.2745446 -0.52344668 0.63814789 0.3758606 0.41789988 0.72218972 0.26588571 -0.80227363 0.58176017 0.45538113 0.32007736 0.74492675 0.44581842 -0.18070111 0.71502447 0.45234886 0.18079957 0.72937268 0.60425174 -0.26725379 0.71878815 0.58816206 0.13787772 0.71920753 0.78361636 -0.37673697 0.72748423 0.74824482 0.08317576
0.64496791 0.25145581 -0.15865582 0.61801845 0.2822088 0.33867416 0.792413 0.27521113 -0.52774143 0.63515848 0.37631881 0.41582328 0.73865587 0.26767448 -0.81165642 0.57771593 0.45744461 0.33737728 0.74504691 0.44650611 -0.18038949 0.71592337 0.45267066 0.18045695 0.73054308 0.60638553 -0.25219643 0.71860331 0.58813727 0.19375509 0.72033465 0.78354335 -0.35935199 0.72827965 0.7444092 0.16907452
0.64724249 0.25099647 -0.14431584 0.61902344 0.28295711 0.33804834 0.79252726 0.27589405 -0.5237124 0.6209842 0.38083595 0.4096325 0.73724091 0.26487389 -0.8021791 0.54041678 0.4860712 0.32875171 0.74590367 0.44633535 -0.17712948 0.71604472 0.45215824 0.17711903 0.73194981 0.60671955 -0.24233772 0.71894008 0.58809698 0.18339498 0.72107667 0.78350979 -0.35260299 0.72918862 0.74280727 0.14942224
0.64855516 0.25204548 -0.14417948 0.61954194 0.28414011 0.32381094 0.7940551 0.27697232 -0.52626264 0.61665142 0.38325801 0.3913835 0.72268665 0.2612707 -0.80474859 0.53935164 0.48631823 0.30092508 0.74657214 0.44663054 -0.17605019 0.71630126 0.45233014 0.17600977 0.73153186 0.60720336 -0.24518144 0.71841455 0.58809131 0.18632801 0.72153914 0.78328502 -0.35082641 0.72954315 0.74157214 0.15827547
0.64918351 0.2525917 -0.16930845 0.620354 0.28375065 0.32589513 0.79401189 0.27673486 -0.54287231 0.6177277 0.3832202 0.39079505 0.70548666 0.26226249 -0.80070657 0.53813165 0.48705462 0.29734963 0.74656296 0.44669023 -0.18044934 0.71760648 0.45221049 0.18038234 0.73077118 0.60709852 -0.24528003 0.71760458 0.58810544 0.20879953 0.72176075 0.78325516 -0.32734576 0.73031151 0.74162787 0.20508516
0.64925241 0.25303298 -0.18779612 0.62152278 0.28370407 0.32680362 0.79437 0.27863535 -0.55623692 0.6213547 0.38264114 0.39377785 0.70094675 0.26280245 -0.79877031 0.5443337 0.48363173 0.29178429 0.74638027 0.44686311 -0.18783958 0.71861249 0.45247427 0.1877961 0.73076588 0.6076721 -0.24593993 0.71698648 0.58819753 0.21755035 0.72187579 0.78321236 -0.31040213 0.73045129 0.74278557 0.22529158
0.64929593 0.25307438 -0.18946107 0.62206709 0.28406942 0.3214131 0.79525995 0.28008899 -0.55813456 0.62140495 0.38330826 0.38255095 0.70149517 0.2636219 -0.79903108 0.54074049 0.48841673 0.27865833 0.74651599 0.44694129 -0.18787462 0.71901703 0.4524942 0.18782298 0.73095387 0.60799909 -0.2378622 0.71658862 0.58836567 0.20332256 0.72188932 0.78318965 -0.28851357 0.7306565 0.74382317 0.19963448
0.6495744 0.25342071 -0.19070607 0.62204254 0.28445336 0.31893677 0.79565138 0.28150865 -0.56279415 0.619932 0.38424304 0.37879562 0.70051879 0.26417497 -0.8046729 0.53820211 0.48955771 0.27520815 0.74666232 0.44697708 -0.18783897 0.7190975 0.45263568 0.18777747 0.73177832 0.60870808 -0.23732913 0.71633881 0.58895284 0.20240113 0.72188139 0.78321809 -0.29222596 0.73068959 0.74526048 0.19903891
0.64963859 0.25368866 -0.1867229 0.62202716 0.2847226 0.32135379 0.79563451 0.27887109 -0.56145591 0.62021095 0.38421929 0.38466898 0.69715327 0.26444039 -0.80329865 0.53881377 0.48902369 0.28374276 0.74679208 0.44684932 -0.18785152 0.71916378 0.45265386 0.18777826 0.73233521 0.60859472 -0.23440701 0.71613449 0.5894118 0.19320263 0.72186762 0.78326499 -0.28630593 0.73064035 0.74754614 0.17834333
0.65126729 0.25389975 -0.15705526 0.62127382 0.28498945 0.3192409 0.79626524 0.27610013 -0.53535968 0.61892736 0.38557336 0.379417 0.69915497 0.26100081 -0.77223623 0.54086691 0.48864165 0.27725288 0.74711311 0.44636038 -0.18174496 0.71799934 0.4525224 0.18163481 0.73283988 0.60833097 -0.23318855 0.71583611 0.5894388 0.13099919 0.72186339 0.78325731 -0.29986736 0.73056197 0.74750102 0.07372056
