0.54674369 0.18320268 -0.22484852 0.56347698 0.21621488 0.26874205 0.48542655 0.18313129 -0.5699625 0.54086512 0.29726896 0.34962612 0.44269332 0.11140636 -0.72752899 0.52037936 0.33005103 0.34436008 0.56530911 0.3834492 -0.18036932 0.56526113 0.39003721 0.17978582 0.54101497 0.53125685 -0.19131117 0.57342064 0.52921891 0.1662897 0.55900192 0.67336684 -0.18490234 0.58664471 0.67103863 0.21241063
0.55069256 0.17960706 -0.23224479 0.52839327 0.1927404 0.31560805 0.4911499 0.17477693 -0.63761157 0.53660446 0.28503308 0.44379318 0.46059337 0.12269313 -0.8911804 0.53973877 0.33809194 0.45707059 0.59988594 0.37300628 -0.20343193 0.59280604 0.3768473 0.20299728 0.55612248 0.52275306 -0.19474488 0.59958458 0.51666331 0.21225667 0.56444299 0.67344218 -0.2270502 0.6191355 0.65846574 0.24132724
0.54570395 0.17686869 -0.18519515 0.51068193 0.19351961 0.33553031 0.53241467 0.19677725 -0.58813739 0.53814834 0.28743985 0.45863059 0.46281999 0.13120021 -0.83537751 0.53920323 0.34683755 0.44551069 0.62027884 0.37002704 -0.18811902 0.5897277 0.37538561 0.18787932 0.56550181 0.52022964 -0.2303963 0.59248251 0.51630396 0.14762948 0.56277901 0.67302573 -0.28915137 0.60418856 0.65942496 0.10154093
0.54244816 0.17749459 -0.09998565 0.52030939 0.19635813 0.3828707 0.52448481 0.19072877 -0.46976668 0.54699546 0.29138625 0.57285255 0.45875672 0.13338533 -0.72926641 0.53846741 0.35762259 0.6941486 0.61679155 0.36887836 -0.17032605 0.61308569 0.37252954 0.17009746 0.55662477 0.52127415 -0.22540116 0.60264117 0.51644212 0.14799964 0.57229084 0.67247367 -0.31286964 0.61479908 0.65746433 0.08105531
0.54478472 0.17798536 -0.19278631 0.51142067 0.20112003 0.37573031 0.50031948 0.16133238 -0.6329546 0.53757691 0.28591204 0.64824092 0.46440151 0.11733245 -0.92290902 0.54209375 0.35783932 0.85338247 0.62639099 0.37108353 -0.18385671 0.60069358 0.37677783 0.18347631 0.55363965 0.52303934 -0.23814417 0.58379465 0.52028 0.16662094 0.57086778 0.67240399 -0.3119961 0.59892118 0.65753454 0.11269961
0.54554075 0.17579766 -0.18482243 0.50947672 0.20573282 0.39423192 0.51750916 0.17686011 -0.62224013 0.53769916 0.28362718 0.61290032 0.46120939 0.12814854 -0.92795384 0.54338866 0.35645786 0.7409749 0.61977017 0.36752781 -0.18237941 0.5945769 0.37257499 0.18217874 0.55538315 0.5200004 -0.24899989 0.58978617 0.51589656 0.15657149 0.57239234 0.67247808 -0.33844239 0.60816789 0.65954477 0.10434993
0.54289871 0.17614156 -0.20862889 0.51544249 0.20816697 0.41542488 0.50161511 0.1710576 -0.65873575 0.54740316 0.28181288 0.66967219 0.45715398 0.12817934 -0.9673602 0.54174536 0.3572149 0.84310359 0.6187647 0.37138289 -0.19984393 0.60211307 0.37562409 0.19969094 0.54486108 0.52258408 -0.27836525 0.59127331 0.51794142 0.25062761 0.5691551 0.67360783 -0.37757424 0.612746 0.66017699 0.24749157
0.54143053 0.17761056 -0.20292373 0.51205826 0.20447759 0.41642657 0.4961957 0.15893428 -0.65727264 0.55072439 0.28201142 0.66401052 0.4577288 0.12466498 -0.96931082 0.54319817 0.35833451 0.83610046 0.61808026 0.37133008 -0.19847895 0.60715675 0.37534112 0.19829994 0.54287541 0.52099854 -0.27454007 0.5872708 0.51486742 0.2459738 0.57005149 0.67364943 -0.37295103 0.61645561 0.65937209 0.23680273
0.54112864 0.17883697 -0.19042647 0.51694441 0.2071006 0.42402032 0.50881135 0.17340864 -0.65754098 0.54639792 0.28323129 0.65842032 0.45730102 0.13462046 -0.99542779 0.54254103 0.35949883 0.81524342 0.62145299 0.37002686 -0.192316 0.61094588 0.3745909 0.19220749 0.54089302 0.52027768 -0.26358959 0.58845341 0.51404226 0.23703128 0.57098639 0.67348641 -0.35312015 0.61883861 0.6570003 0.22107118
0.53922272 0.17892228 -0.20213306 0.51791054 0.2085925 0.42390084 0.50140959 0.17643625 -0.66688061 0.53745842 0.28441682 0.67579579 0.45568717 0.14041945 -0.99429512 0.53410745 0.3563306 0.85867691 0.62057859 0.37021562 -0.19779734 0.60998255 0.37614644 0.19757374 0.53569639 0.51772815 -0.2851378 0.57862204 0.5104779 0.25622889 0.57249916 0.67347705 -0.38633361 0.61599243 0.65576714 0.2496614 
0.53836721 0.17959012 -0.21346551 0.51721245 0.20926271 0.42695087 0.50098962 0.1757044 -0.68823314 0.53696495 0.28548467 0.69146872 0.45471004 0.1404998 -1.02594268 0.53032303 0.35574242 0.88475692 0.61913657 0.37125853 -0.19886513 0.61422396 0.37736213 0.19874744 0.53547102 0.51816809 -0.2808814 0.57676291 0.51172644 0.2628119 0.57184231 0.67322952 -0.36924958 0.61554986 0.65657139 0.26409674
0.53735006 0.18128756 -0.20461681 0.51789922 0.21211575 0.41969812 0.50667095 0.18140274 -0.65797567 0.5383206 0.28914696 0.66725105 0.45379278 0.14445075 -0.98066217 0.52928388 0.35833725 0.84542215 0.61922938 0.37237141 -0.19594347 0.61924165 0.37764245 0.19588354 0.52341628 0.51833367 -0.27454081 0.57303971 0.5125671 0.26013872 0.5727874 0.6715923 -0.35774451 0.61666024 0.65566927 0.25537524
0.53654462 0.18158188 -0.17201138 0.52424943 0.2133577 0.46684748 0.48435211 0.16479014 -0.59818363 0.55421132 0.30251446 0.6958133 0.45387357 0.13728364 -0.89764458 0.54086053 0.36848173 0.83805209 0.61683756 0.37351981 -0.20573382 0.63223404 0.38228777 0.2056026 0.50076056 0.51845574 -0.29769677 0.57154101 0.51309133 0.27882582 0.56765693 0.67163259 -0.39547589 0.61801326 0.6564275 0.27746969
0.53509599 0.18244842 -0.20120429 0.52331758 0.21383674 0.43335733 0.4905183 0.17039901 -0.64184487 0.55265719 0.30752265 0.64902407 0.45342356 0.14330402 -0.94194663 0.542135 0.37430707 0.80246443 0.61490446 0.37709644 -0.19908372 0.63184881 0.38594833 0.19902061 0.48493275 0.51950312 -0.2693179 0.57025647 0.5137037 0.27807757 0.56515002 0.67387849 -0.34181184 0.6188553 0.65758091 0.30496103
0.53334862 0.18837751 -0.21375717 0.52521199 0.21741244 0.43208164 0.46970558 0.16323534 -0.66394669 0.54767072 0.31013775 0.68043774 0.45319578 0.14341545 -0.96373451 0.52431458 0.37620729 0.87402505 0.61553246 0.38279667 -0.20443943 0.63523233 0.39261034 0.20428641 0.4688161 0.52191424 -0.26352865 0.56941062 0.51498425 0.29230949 0.56452292 0.6734497 -0.34023041 0.61584598 0.65796 0.32866466
0.53236371 0.19426899 -0.24749324 0.52790368 0.22115397 0.42594412 0.46270797 0.1640766 -0.70732069 0.54623359 0.31019101 0.6817013 0.45475891 0.14392596 -1.02243149 0.52567983 0.37375262 0.88524789 0.61638862 0.3861807 -0.20502214 0.63435715 0.3961969 0.20488861 0.46658102 0.52493727 -0.25454974 0.56608319 0.51813626 0.29935491 0.56390601 0.67357212 -0.27936193 0.61530465 0.65857428 0.34446448
0.53199393 0.20274331 -0.27129751 0.52791333 0.22681203 0.39821237 0.48263341 0.1917354 -0.73809463 0.54468358 0.31213465 0.67574048 0.45581996 0.15116653 -1.07355797 0.50792795 0.37218645 0.90066844 0.61525428 0.39255476 -0.20405938 0.63683736 0.40036365 0.20391436 0.46018302 0.5254823 -0.22885318 0.56446362 0.51879847 0.33552042 0.5636754 0.67356592 -0.19876733 0.61513245 0.65828854 0.43433523
0.52959901 0.20652387 -0.24072367 0.54063392 0.22833863 0.40325776 0.45904392 0.17438903 -0.68044907 0.54457819 0.31416309 0.68826175 0.45932177 0.13279624 -0.99514365 0.51444936 0.370509 0.89840531 0.61538982 0.39502758 -0.20192967 0.65084171 0.40370172 0.20175347 0.45762733 0.52834237 -0.21560928 0.56383383 0.52221292 0.34556541 0.56276459 0.67371398 -0.19640546 0.61533356 0.65852451 0.44692433
0.52857918 0.21196967 -0.24131809 0.54147828 0.23563367 0.39461383 0.45897505 0.17519231 -0.67914128 0.54437459 0.31776294 0.6838491 0.46011814 0.1472872 -0.99423015 0.51517409 0.36968148 0.91609168 0.61558104 0.39988887 -0.19949415 0.65392083 0.40929082 0.19932163 0.4527581 0.531542 -0.21682741 0.5629822 0.52509111 0.34604955 0.56252533 0.67658806 -0.21072292 0.61593127 0.65864044 0.43960902
0.52866554 0.21984793 -0.24911042 0.53956878 0.25134903 0.38555977 0.48360512 0.21712299 -0.68262863 0.54370147 0.32586384 0.68444711 0.46208656 0.16920382 -1.01088798 0.51082134 0.36857221 0.91818184 0.61820787 0.40933421 -0.19888791 0.6618011 0.41715541 0.19871369 0.44816753 0.53286898 -0.18305166 0.56290835 0.53440958 0.39615792 0.56207657 0.67656767 -0.14283082 0.61576575 0.65861034 0.55422753
0.53035039 0.22380523 -0.18193732 0.53978884 0.25054738 0.4163312 0.46279889 0.21568464 -0.56734186 0.54326838 0.32721582 0.71017766 0.46265438 0.17169699 -0.83136141 0.51682144 0.36820132 0.96768969 0.62014538 0.40819296 -0.19764207 0.66036749 0.41778278 0.19747554 0.44319439 0.53360486 -0.23650341 0.56103677 0.53702855 0.35292485 0.56182706 0.67481309 -0.26314074 0.61525452 0.65874505 0.53875244
0.53039509 0.23135458 -0.14712745 0.54633337 0.25753424 0.42204052 0.4572078 0.20552641 -0.51361048 0.54485375 0.33544964 0.7300995 0.46233231 0.17591119 -0.77702284 0.50359821 0.36780372 1.01150179 0.62195647 0.41465276 -0.19534273 0.66810775 0.42525861 0.19505243 0.43959105 0.53412074 -0.25712067 0.55886233 0.54017246 0.37129155 0.5615229 0.67265898 -0.31267142 0.61466306 0.65825397 0.47014093
0.53042972 0.24517052 -0.14982581 0.54717827 0.26369685 0.40188769 0.44843167 0.20160037 -0.40474594 0.52902687 0.32493463 0.71029902 0.46209091 0.18493673 -0.48654792 0.48249462 0.29105794 0.98589557 0.63143182 0.42489195 -0.1951903 0.67500782 0.43106711 0.19498143 0.43167457 0.53390557 -0.29065299 0.55067557 0.53830457 0.36152461 0.56134701 0.67251515 -0.36924353 0.61412638 0.65768093 0.43175492
0.53392053 0.24732175 -0.18266909 0.54627192 0.26467493 0.40183967 0.44902682 0.20723215 -0.42019218 0.53471953 0.32426855 0.724751 0.46203423 0.18596484 -0.69097018 0.48927969 0.30411574 1.03613114 0.63401192 0.42228928 -0.19639277 0.6705572 0.4290204 0.19630468 0.43618461 0.53595221 -0.28456637 0.52876794 0.53717381 0.35143921 0.56119597 0.67234826 -0.34096441 0.61389959 0.65729749 0.41704106
0.53388679 0.25423554 -0.15487246 0.55187303 0.27120802 0.3971993 0.45108262 0.21833117 -0.47474846 0.56072634 0.3368898 0.72172052 0.4607552 0.19801436 -0.7031967 0.51516569 0.35314101 0.98812449 0.63225949 0.42503414 -0.1854859 0.67798269 0.43214503 0.18539746 0.43393457 0.5372619 -0.23225282 0.53018886 0.53678185 0.34390897 0.55774933 0.6718182 -0.27235547 0.6137495 0.65735656 0.39226645
0.53452545 0.26300624 -0.06619178 0.55448967 0.28302357 0.4442755 0.45410478 0.23694007 -0.33425218 0.55798119 0.34899667 0.75082237 0.45934159 0.20487179 -0.46622309 0.49022979 0.32867315 1.06704652 0.63276625 0.42672631 -0.18224289 0.67997742 0.43725559 0.18215933 0.43355435 0.53857803 -0.27238575 0.53268117 0.53890347 0.34506845 0.55651188 0.67215651 -0.42065391 0.61420155 0.65826857 0.38193363
0.53475732 0.271227 -0.06419346 0.55794132 0.28942436 0.44263843 0.46351853 0.25437093 -0.25110504 0.5376792 0.3422437 0.71516186 0.45811808 0.21252151 -0.29006934 0.47053376 0.29028323 0.96940535 0.63202327 0.43099871 -0.17738695 0.68348515 0.44262758 0.17726672 0.43447378 0.54045933 -0.28420582 0.53802842 0.54217434 0.34940574 0.55626971 0.67204988 -0.41553655 0.61414301 0.65819472 0.40689096
0.53592885 0.27643296 -0.05038011 0.56525844 0.29443586 0.4320879 0.47587711 0.26805878 -0.21363349 0.53562802 0.33567181 0.69494015 0.45764688 0.21956977 -0.21847811 0.45824543 0.2684128 0.92019844 0.630925 0.43311706 -0.17445613 0.68810827 0.4469319 0.17432846 0.43287206 0.54039174 -0.28872788 0.54203397 0.5448131 0.32906371 0.55307311 0.67205405 -0.42431071 0.61489093 0.65836495 0.36138204
0.53092349 0.28192422 -0.12118554 0.56270963 0.29443061 0.36979628 0.4550356 0.278907 -0.30989805 0.49724555 0.32933596 0.62763971 0.4441306 0.2269927 -0.33367711 0.44662026 0.2570999 0.8570531 0.63067251 0.44017878 -0.17729898 0.68527865 0.45026913 0.17720927 0.42980993 0.54193753 -0.28831851 0.54147398 0.54484713 0.35441214 0.54821891 0.67207164 -0.34958729 0.6147806 0.65819079 0.44468027
0.50481486 0.2850529 -0.1463538 0.56211925 0.29355499 0.34705311 0.45520064 0.29876935 -0.31911939 0.50076509 0.32690084 0.61791068 0.43873012 0.23781496 -0.33120391 0.44902489 0.2634024 0.86934525 0.63053077 0.44497311 -0.1793361 0.6852749 0.45320511 0.17921299 0.42749706 0.54407895 -0.28200287 0.54070514 0.54451483 0.36801925 0.5471347 0.67207628 -0.34604657 0.61444992 0.65691686 0.46702728
0.50802135 0.28971213 -0.24177873 0.56010383 0.29396468 0.32207176 0.46535045 0.3143087 -0.53932476 0.50208169 0.3305752 0.62394494 0.43769163 0.24723895 -0.74026865 0.45369506 0.27430868 0.88643515 0.63020748 0.45031443 -0.18907702 0.68377763 0.45653751 0.18902732 0.4247041 0.54680854 -0.26947621 0.53359389 0.54833984 0.38688079 0.54695308 0.67112565 -0.29482174 0.61388779 0.65625226 0.51208669
0.51084954 0.29709834 -0.22485317 0.5542047 0.30266032 0.31018928 0.46529362 0.31617725 -0.49130583 0.49546367 0.33030966 0.58567983 0.42762884 0.25705931 -0.6391803 0.44819975 0.27340597 0.82114142 0.63106567 0.45545387 -0.18884732 0.68286717 0.46265534 0.18879011 0.42444912 0.5471071 -0.26897073 0.52680391 0.54740971 0.37797123 0.54638726 0.67063397 -0.30461171 0.61381 0.65644908 0.47806481
0.50797981 0.30162266 -0.21355908 0.55418026 0.30298236 0.29763001 0.43790957 0.32179722 -0.39739692 0.50134856 0.32703835 0.55387056 0.41969427 0.26271561 -0.40906623 0.45168877 0.27149591 0.76956958 0.63090289 0.45977029 -0.19179748 0.68279183 0.46379682 0.19171357 0.42044729 0.55052429 -0.26848033 0.52617198 0.54675734 0.37678143 0.54607505 0.67060524 -0.3069568 0.61433768 0.65649837 0.4923754 
0.50384808 0.30466953 -0.21805111 0.5526861 0.30667248 0.31136945 0.44105944 0.33056456 -0.46659273 0.50809681 0.33814317 0.57824582 0.41107598 0.27955797 -0.59742314 0.44228223 0.29491183 0.80842423 0.63040638 0.46263042 -0.19378185 0.68222106 0.46819881 0.19372249 0.41949332 0.55354863 -0.28497145 0.52660292 0.54662311 0.37883243 0.54448962 0.67056692 -0.34644389 0.6142891 0.65704942 0.48907155
0.5025304 0.31435338 -0.20689133 0.55042183 0.31509882 0.31755701 0.44824532 0.34930292 -0.45467305 0.50141543 0.34445077 0.57029206 0.4101885 0.28765768 -0.5655719 0.43367249 0.2965945 0.78344023 0.6299482 0.46719053 -0.19343127 0.68170768 0.47415784 0.19336939 0.41810682 0.55727118 -0.28477454 0.52625579 0.5468179 0.39633214 0.54328871 0.66994959 -0.34083542 0.61413264 0.65704089 0.51559728
0.50391996 0.3282012 -0.19315654 0.54576623 0.33255559 0.31558976 0.45128042 0.35420009 -0.42278954 0.49968579 0.36642414 0.55588585 0.40335584 0.29704416 -0.53452879 0.42400807 0.3345947 0.7446909 0.63393223 0.47608134 -0.18735589 0.68160409 0.4809224 0.18729119 0.41871059 0.55784839 -0.2825731 0.52156729 0.54692537 0.34325108 0.54348487 0.66932333 -0.34121203 0.61376661 0.65657336 0.45671207
0.50222504 0.33743528 -0.20530985 0.54549795 0.33427265 0.30716661 0.4243145 0.35789776 -0.36555919 0.49944538 0.35767046 0.55989194 0.4017168 0.29760993 -0.40150788 0.43490347 0.30614617 0.77969247 0.63362503 0.48271111 -0.19001149 0.68112093 0.48713976 0.18987931 0.41812405 0.5465948 -0.29496291 0.51684892 0.54702431 0.43086627 0.54364502 0.6685124 -0.38685474 0.61271828 0.65616727 0.56288368
0.50300449 0.33916479 -0.23262431 0.53938842 0.34185803 0.31317139 0.47880289 0.37374884 -0.45659468 0.50007778 0.36917815 0.5699476 0.40592542 0.30474415 -0.60026115 0.43702787 0.30947459 0.78930008 0.63754314 0.48909765 -0.20117308 0.68086517 0.49299863 0.20107052 0.41554308 0.55240917 -0.30361411 0.50535673 0.54691863 0.42887959 0.544236 0.66855526 -0.38301465 0.61264801 0.65569967 0.5795384 
0.48599023 0.34992179 -0.22544023 0.53778213 0.3464402 0.30451885 0.46760949 0.37745434 -0.36301333 0.49666134 0.36432397 0.54427356 0.41816649 0.30840772 -0.42042992 0.4586809 0.30533084 0.77933896 0.62785304 0.49399641 -0.19811805 0.67568004 0.49475136 0.19787203 0.40763083 0.5577842 -0.25314415 0.50042909 0.54722404 0.41337958 0.54664922 0.66857392 -0.33153892 0.61269844 0.65583986 0.52581513
0.48861757 0.36175483 -0.21033613 0.53841966 0.35650828 0.29727635 0.46702588 0.38132873 -0.33700481 0.49232838 0.36001152 0.53382051 0.4296796 0.309697 -0.36024454 0.46349242 0.303009 0.73864764 0.6293636 0.50424105 -0.19466838 0.67669642 0.50371498 0.19422519 0.40582868 0.5599041 -0.20111343 0.49866366 0.54726231 0.42494884 0.54710233 0.6685341 -0.28029969 0.61270225 0.65584821 0.51151735
0.48896927 0.37029347 -0.22729446 0.53796154 0.36345914 0.26837975 0.45522335 0.38573495 -0.36268795 0.47859281 0.36134353 0.53533119 0.44650161 0.31338441 -0.40231422 0.46283147 0.30765522 0.75048882 0.63170445 0.51074094 -0.19472562 0.67711031 0.5118258 0.19425866 0.4065713 0.56130666 -0.14847232 0.51146436 0.55814087 0.54461777 0.54712576 0.66902441 -0.24120362 0.6122486 0.6558513 0.63298416
0.49517426 0.38085544 -0.22666509 0.53454298 0.37513018 0.24923725 0.44590133 0.37147883 -0.44408533 0.47800496 0.37365314 0.4931539 0.45861989 0.31588838 -0.57578284 0.46005577 0.33465618 0.66311967 0.63386112 0.52031922 -0.19335872 0.6768558 0.52551574 0.19275413 0.40177137 0.56296581 -0.13545123 0.51258373 0.56405258 0.50676435 0.54734153 0.66904366 -0.23717691 0.61223751 0.6579836 0.57268614
0.49541625 0.38599384 -0.22151144 0.53073347 0.38674313 0.269214 0.44629377 0.36844656 -0.48229477 0.47382382 0.38385919 0.51253176 0.46015391 0.33115909 -0.66398227 0.44668043 0.33970353 0.69605255 0.63606602 0.52713627 -0.19322242 0.67552334 0.53657621 0.19255565 0.40346691 0.56372869 -0.14453721 0.51265484 0.57281888 0.50439227 0.54711616 0.66906887 -0.20998181 0.61160296 0.65902454 0.57997078
0.49583808 0.39204043 -0.19866288 0.53138292 0.39246839 0.26960918 0.44651628 0.36896992 -0.42582715 0.47698754 0.38113105 0.48300475 0.47190708 0.32668692 -0.56005949 0.46900791 0.33009335 0.57995921 0.63904524 0.53329909 -0.19314583 0.6807 0.54233563 0.19253759 0.40416864 0.56564796 -0.04376463 0.51603866 0.57888955 0.53248841 0.54594737 0.6689986 -0.11591377 0.61167341 0.66037422 0.56363022
0.49896064 0.39508709 -0.22143477 0.53203106 0.3935791 0.26891482 0.47800225 0.40415415 -0.46896678 0.48171324 0.38693282 0.44878143 0.46339294 0.36287224 -0.61503208 0.47799242 0.32748291 0.52862233 0.63874698 0.5407483 -0.1957521 0.67892921 0.54850495 0.19518122 0.40171471 0.56777209 -0.10808292 0.50488478 0.57374877 0.45303562 0.541587 0.66902006 -0.07694068 0.60564995 0.66025013 0.5231505 
0.4995665 0.40076789 -0.2196493 0.53243291 0.3965123 0.24978739 0.48456529 0.41947696 -0.45427388 0.48901343 0.39325756 0.47758067 0.45867696 0.36981025 -0.5764966 0.47968531 0.33521205 0.61697298 0.63844901 0.54631209 -0.18446012 0.67952609 0.55535239 0.18382266 0.39916596 0.56856924 -0.08770006 0.50526929 0.57049334 0.47305781 0.54160714 0.66867977 -0.11711421 0.60394198 0.65981752 0.51245898
0.49682933 0.39887506 -0.30527768 0.5324899 0.39120924 0.18231019 0.47150716 0.41543853 -0.59081674 0.49173692 0.38650849 0.46471432 0.45106697 0.37991348 -0.78901207 0.48159707 0.33155337 0.70650744 0.64137661 0.55391049 -0.18368976 0.67929369 0.5551433 0.18312036 0.40008894 0.57048029 -0.09044728 0.49457639 0.56262851 0.5100866 0.55078179 0.67009068 -0.01929251 0.60219604 0.65909743 0.65920901
0.4968521 0.40911761 -0.27050734 0.53555632 0.40424243 0.20789613 0.43227804 0.41324636 -0.24071553 0.49867052 0.38834986 0.47946173 0.45048204 0.37803504 0.02692179 0.48426899 0.33655548 0.70078087 0.64101231 0.55739105 -0.18583091 0.68105632 0.565153 0.18527134 0.39986178 0.56945306 -0.10515535 0.50511849 0.56377584 0.54525512 0.55443722 0.66830879 -0.07334431 0.60256314 0.6590386 0.68765426
0.48306698 0.40662795 -0.24077238 0.53537107 0.40008503 0.22755662 0.43773612 0.41912255 -0.31242561 0.51199442 0.37296811 0.48502696 0.44974706 0.38112402 -0.39717346 0.50757021 0.29954809 0.73370641 0.64083028 0.55943447 -0.18666536 0.68256038 0.56311685 0.18592235 0.396137 0.57091999 -0.02316703 0.50830698 0.56359541 0.5559231 0.55562377 0.66674441 0.04530473 0.60191691 0.65729505 0.65609097
0.48605308 0.41312775 -0.26378781 0.53392422 0.40637562 0.20889403 0.44415238 0.4320429 -0.47614446 0.51005846 0.39573124 0.45497933 0.44741881 0.38965824 -0.64145017 0.50088924 0.33632547 0.66135275 0.64645565 0.56306118 -0.18681353 0.68282175 0.5668509 0.18608062 0.39238116 0.57121307 -0.06695259 0.50617409 0.56348646 0.55603296 0.55358315 0.67067999 -0.02271684 0.60219282 0.65805262 0.68418133
0.48436075 0.41415492 -0.2555722 0.5318858 0.40797931 0.2212051 0.45640165 0.42891118 -0.53304291 0.51919776 0.41298375 0.45876166 0.44131649 0.38868001 -0.75397635 0.4987525 0.37246189 0.63525289 0.64570063 0.56586039 -0.18554723 0.68422443 0.57184058 0.18488938 0.39064115 0.57101804 -0.08217909 0.50616544 0.56341916 0.53817463 0.55589247 0.66971397 -0.04838834 0.60337889 0.66215843 0.62507987
0.48064265 0.4186489 -0.24307109 0.53199744 0.41155711 0.19345298 0.45608214 0.4281432 -0.41702306 0.51884055 0.40221274 0.36422232 0.43409431 0.3890219 -0.50303185 0.49655777 0.35566792 0.43082175 0.64518183 0.57076299 -0.18330018 0.6834321 0.57401013 0.18267052 0.3900395 0.5711543 -0.08921013 0.50262213 0.55839556 0.49974337 0.55891544 0.66899079 -0.03584935 0.60175794 0.66206032 0.60456741
0.47959408 0.41209427 -0.26482713 0.5299567 0.4065899 0.20804752 0.44231388 0.42620647 -0.38250017 0.51683545 0.41806182 0.37273204 0.42285895 0.3928321 -0.27341339 0.48785627 0.38814947 0.35867202 0.64961571 0.5750674 -0.1834157 0.67391276 0.5736019 0.18286781 0.39059532 0.57091254 -0.20177059 0.48029983 0.55156213 0.31203666 0.55830121 0.6692248 -0.05550923 0.59440309 0.65737218 0.3841204 
0.47679433 0.42004415 -0.23218474 0.52417636 0.40554169 0.21677068 0.46008229 0.42492446 -0.42313722 0.51556635 0.40048656 0.38542023 0.42921117 0.3972525 -0.50743312 0.49365038 0.31744736 0.38694048 0.64601451 0.57682192 -0.18503502 0.67336148 0.57721084 0.18442044 0.38601929 0.57229173 -0.13635008 0.48239011 0.55420727 0.37432608 0.55880469 0.66796124 -0.03256994 0.59486943 0.65714097 0.36884826
0.46996576 0.42380252 -0.24084072 0.51966655 0.41439676 0.25517213 0.4071472 0.44527656 -0.42379105 0.49739057 0.42866904 0.39844266 0.3493759 0.42647454 -0.4655385 0.45394409 0.39599454 0.43990117 0.64604324 0.57793444 -0.18594708 0.66724777 0.57866192 0.18546264 0.37864214 0.57335639 -0.15249608 0.46499163 0.56046385 0.3189126 0.55962694 0.66760641 -0.04263325 0.59567499 0.65714771 0.32809821
0.46604112 0.42626104 -0.29020512 0.50524968 0.41884044 0.25643903 0.3918103 0.46834639 -0.35808516 0.48092192 0.43286693 0.41029167 0.30698824 0.45776099 -0.17323808 0.41871715 0.40967479 0.39859363 0.63907695 0.57699293 -0.18611486 0.66288918 0.57520008 0.18572912 0.37392688 0.57483286 -0.18154687 0.46058494 0.55913371 0.31927681 0.55991566 0.66761309 -0.03760165 0.5921216 0.65743309 0.35467377
0.46428788 0.42659989 -0.28105587 0.50872236 0.41574505 0.22054307 0.40196738 0.45587224 -0.38500419 0.48516479 0.43191788 0.3995772 0.35121036 0.42689297 -0.32418931 0.42408222 0.40860033 0.442215 0.63501662 0.5784061 -0.17647368 0.66316068 0.57575631 0.17618364 0.36997142 0.57496381 -0.15073512 0.46005175 0.55886 0.34782556 0.55973464 0.66761643 -0.01579359 0.59073681 0.65826339 0.36664426
0.46323758 0.42475858 -0.27492556 0.50907725 0.41755879 0.25478864 0.39027065 0.45179495 -0.39494056 0.49796617 0.45463359 0.40814993 0.30498445 0.44574696 -0.3345055 0.45589688 0.4604257 0.39537075 0.63470674 0.57938576 -0.17717473 0.66394722 0.57799751 0.17687383 0.36806473 0.57482499 -0.15908945 0.4623214 0.55839574 0.33968738 0.56020331 0.66795611 -0.02859949 0.591317 0.65888399 0.38083574
0.46510571 0.42951548 -0.27660149 0.49591419 0.41817766 0.21866959 0.38772917 0.45053419 -0.32531744 0.46051347 0.41494909 0.40690339 0.33986244 0.42034024 -0.19388829 0.41719911 0.35398218 0.43634829 0.63577592 0.58068573 -0.17771354 0.66430038 0.57891381 0.1773939 0.37020284 0.57687449 -0.15366641 0.46286589 0.55718648 0.35573673 0.5600999 0.66810602 -0.03314619 0.5915072 0.65890002 0.40860969
0.45933232 0.42760649 -0.2374597 0.50013995 0.41651922 0.21202107 0.39697963 0.44381741 -0.3560228 0.46769586 0.38191506 0.4299368 0.36190137 0.40649161 -0.41244471 0.43076819 0.31938317 0.60300171 0.6312809 0.57907742 -0.17423458 0.66519254 0.57747561 0.17367601 0.37139815 0.57704639 -0.0752022 0.46872732 0.55297464 0.48712718 0.56000412 0.66802156 -0.01575878 0.59349418 0.65800923 0.56317902
0.46060187 0.41573665 -0.24755737 0.51133585 0.40135115 0.21590434 0.43617651 0.44266352 -0.47758621 0.47556061 0.41247612 0.50250894 0.37713164 0.39559621 -0.65381098 0.43133026 0.37049922 0.7089076 0.62831825 0.57643539 -0.17493479 0.6667757 0.57597601 0.17441547 0.37133771 0.57697636 -0.08440322 0.4771139 0.54836351 0.55281216 0.56000674 0.66724455 -0.06530223 0.59423167 0.65573692 0.6511209 
0.46197656 0.40417162 -0.26316932 0.51631248 0.38846841 0.23288544 0.45283753 0.44441774 -0.48480484 0.47756806 0.4223901 0.5505414 0.38244811 0.38948134 -0.57980829 0.42466921 0.379482 0.82943332 0.62367839 0.56245655 -0.18310909 0.66686082 0.56835091 0.18261892 0.37195224 0.5753634 -0.13081154 0.48288971 0.54479879 0.60305774 0.54976708 0.67017311 -0.14400119 0.5947628 0.65580672 0.76636159
0.46293381 0.40059942 -0.25769272 0.51631641 0.39203078 0.23043349 0.4022851 0.40072295 -0.23118158 0.47833169 0.39635935 0.52349567 0.40249476 0.36512402 0.03277957 0.42719838 0.34101111 0.75106281 0.6227597 0.55601203 -0.18490766 0.66764128 0.56114084 0.1844231 0.38008085 0.57446969 -0.1618827 0.48828864 0.54531574 0.54423749 0.55165142 0.66935349 -0.1975213 0.59590518 0.65841675 0.64776522
0.46303958 0.39631507 -0.23601034 0.51930869 0.39353642 0.23041563 0.37991795 0.38027245 -0.20837136 0.4795427 0.38409662 0.51856768 0.41930169 0.34799054 0.02349252 0.43232477 0.33315355 0.74573666 0.62304199 0.54619569 -0.18721859 0.6717335 0.55121422 0.18670096 0.38380152 0.57419652 -0.17826511 0.50043511 0.55118364 0.55320448 0.55193448 0.67012352 -0.21782084 0.59608096 0.66212368 0.66213441
0.46316114 0.39088598 -0.23907524 0.51566905 0.39056933 0.18893303 0.3618204 0.36795098 -0.24132033 0.44729093 0.37648982 0.46445811 0.4147552 0.3329626 0.00972518 0.41882527 0.3329514 0.69047558 0.6243493 0.53979051 -0.18290207 0.67020714 0.5424158 0.18237923 0.39256233 0.5733481 -0.17784677 0.49977395 0.54960495 0.53032017 0.55204266 0.67188334 -0.23599687 0.59574926 0.6614868 0.64061439
0.47315279 0.3854081 -0.23495062 0.50837719 0.38831446 0.19987571 0.37624067 0.37219819 -0.27851948 0.4528372 0.38425839 0.46542767 0.42949668 0.33905354 -0.10710111 0.41553199 0.3452816 0.69687641 0.62833178 0.53621095 -0.17468612 0.66611516 0.53841388 0.17450832 0.39614183 0.57324612 -0.24046391 0.48139089 0.55293614 0.40898684 0.55349791 0.67372477 -0.28327957 0.59578323 0.66131479 0.5083915 
0.47477642 0.38003257 -0.22858974 0.502617 0.38407665 0.20497081 0.43968323 0.37833384 -0.38903999 0.4584983 0.38667142 0.47343501 0.42298657 0.33741587 -0.39508793 0.41825852 0.3460536 0.73292619 0.6288178 0.52836019 -0.16980322 0.66576606 0.53421336 0.16956791 0.39490691 0.57236302 -0.17661835 0.49269646 0.55300671 0.43264219 0.55238354 0.67390591 -0.2217939 0.5983007 0.66210836 0.5018062 
0.47474924 0.37485063 -0.21618468 0.50116539 0.37482217 0.21445501 0.45560095 0.37988046 -0.41036624 0.46018589 0.39004806 0.47369289 0.41477495 0.33572164 -0.44926718 0.41570008 0.34667844 0.70895982 0.62844688 0.51997489 -0.16886808 0.66510731 0.52334535 0.16869892 0.39431834 0.57148707 -0.22496229 0.4925563 0.55274379 0.405031 0.5514788 0.67375362 -0.27523193 0.600317 0.66205126 0.49731565
0.47939318 0.36899838 -0.22024514 0.49647602 0.37184495 0.20607565 0.4441711 0.35940129 -0.39489669 0.45042181 0.38773286 0.43978944 0.41221112 0.3185468 -0.39559332 0.41288763 0.33688629 0.64332116 0.63541633 0.51209688 -0.16434793 0.66361833 0.51438648 0.16434468 0.39535847 0.57058209 -0.25864622 0.48278612 0.55303741 0.34195152 0.55099326 0.67364478 -0.29732847 0.59918565 0.66253257 0.45003349
0.48442563 0.35993716 -0.21740232 0.48602048 0.36610037 0.20443015 0.44879374 0.34932575 -0.39118028 0.43574032 0.37443596 0.42770618 0.42618349 0.30587104 -0.40595993 0.41046596 0.31972489 0.62480152 0.63519317 0.50177884 -0.16271463 0.66349792 0.50872314 0.16267015 0.39918306 0.56981856 -0.22893731 0.48988947 0.55646092 0.36219522 0.54514199 0.672059 -0.25704134 0.59981215 0.66251093 0.45525762
0.48175389 0.33857358 -0.29807165 0.48652241 0.33980802 0.22351284 0.44350407 0.34202138 -0.60056996 0.43940467 0.35068932 0.45474511 0.40300822 0.29188079 -0.81138855 0.40760377 0.29762366 0.63029522 0.63307631 0.48461902 -0.18489307 0.65532535 0.49068016 0.18482624 0.40043968 0.5671255 -0.22063538 0.49272004 0.55765665 0.38767332 0.54443574 0.6716122 -0.19343422 0.60211945 0.66243482 0.53767461
0.4805077 0.33567598 -0.25782129 0.48832545 0.33167732 0.27105844 0.45524958 0.34416541 -0.48412335 0.46205351 0.35398489 0.5200063 0.40321594 0.28669673 -0.56889623 0.40910211 0.29402035 0.75263745 0.63305223 0.48183897 -0.19159836 0.65996206 0.48573959 0.19137719 0.39951703 0.56331229 -0.23345906 0.4946557 0.55529147 0.39294803 0.54488355 0.67158955 -0.26015174 0.60949939 0.66250038 0.478937 
0.48029137 0.33503789 -0.25582424 0.49158308 0.33316934 0.28253296 0.45273089 0.33736956 -0.51300859 0.4653503 0.34993842 0.54117262 0.40332365 0.2840361 -0.62448567 0.4108496 0.29576859 0.78044742 0.63301688 0.4833743 -0.19494767 0.66351563 0.48567194 0.19478004 0.39987242 0.56196982 -0.25662047 0.49591759 0.55179775 0.40965101 0.54518968 0.67116719 -0.30060333 0.61097938 0.6605736 0.54078466
0.48031238 0.3329508 -0.25477871 0.50020587 0.3328017 0.29321811 0.46319503 0.34101772 -0.49591303 0.48145175 0.35603681 0.54166293 0.40399075 0.28184462 -0.58687431 0.42702615 0.2959103 0.75635552 0.63376242 0.48082963 -0.19932024 0.66935533 0.48405644 0.19922039 0.40029204 0.56135154 -0.26568627 0.50611508 0.54984093 0.45455602 0.54591525 0.67092139 -0.33028021 0.61058384 0.65951943 0.57593566
0.47775137 0.32723826 -0.23685408 0.50298113 0.32930443 0.30470341 0.41128567 0.30828857 -0.35482049 0.47419783 0.34601441 0.55817133 0.40920809 0.27020898 -0.22564691 0.43498865 0.28276631 0.78161758 0.63313687 0.47500509 -0.19925255 0.67177969 0.48001355 0.1990834 0.40291646 0.56102401 -0.2521013 0.51658934 0.54997092 0.45450184 0.54659832 0.6708653 -0.32268375 0.61248368 0.65959775 0.55208063
0.48324811 0.32050803 -0.22543608 0.50978345 0.32535583 0.31802011 0.41697496 0.30302438 -0.31776267 0.47078589 0.32963336 0.56398028 0.41495675 0.2610687 -0.14307341 0.4418858 0.27308849 0.76158506 0.63317084 0.46893913 -0.20161614 0.67329133 0.47656009 0.20151068 0.40602738 0.56101155 -0.27883577 0.51406664 0.55014414 0.39509737 0.54967886 0.67138267 -0.34377968 0.61223048 0.65999657 0.45612517
0.485365 0.31516895 -0.22581606 0.51130193 0.32120076 0.31069365 0.40389153 0.29114935 -0.34614825 0.47210994 0.3274062 0.55420882 0.41964352 0.2560443 -0.23865159 0.44219753 0.26853028 0.7591238 0.63276708 0.46484873 -0.20119619 0.67388278 0.47120416 0.2011126 0.4083319 0.56058538 -0.30493373 0.51269603 0.54917532 0.40173078 0.55216372 0.67162025 -0.39798605 0.61206287 0.66000044 0.47789246
0.48520687 0.30719045 -0.21317196 0.51304507 0.31187248 0.32398039 0.40454334 0.29696491 -0.34019932 0.46849585 0.32001907 0.57112938 0.42581725 0.25143191 -0.25261849 0.44632459 0.26186284 0.78436571 0.62885678 0.45938274 -0.20022684 0.6745199 0.46589091 0.2001577 0.41184768 0.55969721 -0.31834182 0.5112626 0.54602885 0.37243545 0.55226558 0.67149919 -0.41516629 0.61187279 0.65911859 0.4461731 
0.48856008 0.30475888 -0.21678074 0.52688843 0.31035921 0.31612805 0.42368606 0.29278499 -0.35817239 0.49652788 0.31939697 0.6090287 0.43858552 0.24250078 -0.33586764 0.45585564 0.25494021 0.88733071 0.6248678 0.46008 -0.19986784 0.67575407 0.46821487 0.19977392 0.41141745 0.55842876 -0.31863618 0.51075006 0.54374015 0.42695716 0.55079228 0.67051166 -0.3964017 0.61094904 0.65694731 0.54603016
0.49725348 0.29673597 -0.23125954 0.53096819 0.3014358 0.31414115 0.45106813 0.29379013 -0.42019001 0.50233972 0.30774346 0.60252035 0.44137543 0.23912302 -0.48172754 0.46665382 0.24655612 0.85958111 0.62297922 0.45409667 -0.20238557 0.67559773 0.46061113 0.20235364 0.41473645 0.55636328 -0.32233167 0.51768458 0.54247582 0.40006891 0.54843837 0.66995054 -0.3715345 0.61076665 0.65610534 0.53534758
0.4977864 0.28677613 -0.22213589 0.53735125 0.29753798 0.32402635 0.43101242 0.26831251 -0.46618399 0.51148438 0.31652784 0.66612697 0.44873369 0.23703735 -0.61032188 0.48434147 0.26403207 1.01461792 0.6217826 0.45013776 -0.20121355 0.67575264 0.4556981 0.20118989 0.41618434 0.55375093 -0.33323944 0.51601279 0.54110432 0.38067186 0.54799098 0.6699633 -0.40110049 0.61093116 0.65526474 0.51944643
0.50869095 0.28804913 -0.19633968 0.54726166 0.29859585 0.32440791 0.42300776 0.26321128 -0.19253822 0.52236158 0.3124072 0.62671137 0.46829739 0.22654456 0.05628809 0.49587324 0.25791571 0.90199172 0.62212592 0.45102617 -0.20078833 0.67562169 0.45823324 0.20080601 0.41594335 0.55178183 -0.34669295 0.51583886 0.53967583 0.32500389 0.55000263 0.669842 -0.43373758 0.61105269 0.65478623 0.42753661
0.5148437 0.28319892 -0.19037949 0.55098003 0.29737982 0.3298884 0.43855599 0.2622638 -0.27890697 0.51502919 0.31549388 0.61576772 0.46252948 0.22562115 -0.19197024 0.49296367 0.25856096 0.880584 0.62237352 0.44655806 -0.1986378 0.67577952 0.45624897 0.19868292 0.41831231 0.54849792 -0.33222067 0.51510215 0.53945053 0.35242602 0.54855186 0.6696099 -0.43951079 0.61131102 0.65510666 0.40898332
0.51607001 0.27851465 -0.19304332 0.55837822 0.29130572 0.33880964 0.4664309 0.26829848 -0.40570831 0.5210436 0.31865358 0.64257944 0.45722234 0.22272807 -0.51169312 0.4866806 0.26104507 0.92478949 0.62158585 0.44410563 -0.19839434 0.67565209 0.45436493 0.1984276 0.42130995 0.54933649 -0.29236618 0.52642733 0.53861409 0.36324421 0.54824138 0.66935784 -0.33784425 0.6124168 0.65519869 0.43683589
0.51930612 0.27118927 -0.20977531 0.56658381 0.28785878 0.3365103 0.45997021 0.25327656 -0.42029527 0.54250228 0.31884807 0.64296681 0.45485714 0.21357833 -0.4925063 0.4910613 0.26248345 0.91733903 0.62002754 0.44180706 -0.19868155 0.67513639 0.45171288 0.19872339 0.4241294 0.54888356 -0.27610502 0.530963 0.53763747 0.36616123 0.54604834 0.6693514 -0.31347689 0.61238015 0.65500766 0.45153463
0.51613319 0.26509461 -0.15359248 0.56468332 0.28308299 0.38247916 0.45721462 0.24801058 -0.19745797 0.53191531 0.31348655 0.66061968 0.45740494 0.21126004 -0.03985604 0.48790634 0.25237674 0.9053759 0.61705416 0.43517372 -0.19744645 0.67439204 0.44548684 0.1974549 0.42789158 0.54831916 -0.29802009 0.53299135 0.53647196 0.38478929 0.54520291 0.6694175 -0.40112621 0.61339426 0.65499985 0.46324357
0.52161825 0.25990936 -0.17223032 0.56129724 0.27952099 0.36193448 0.45766446 0.2385675 -0.27938035 0.52654684 0.29977527 0.65368885 0.46358138 0.2076575 -0.21437144 0.49563661 0.25043622 0.92777622 0.61805701 0.43308356 -0.19425282 0.67432624 0.44362932 0.19425391 0.43238264 0.5458191 -0.29486242 0.53260666 0.53636456 0.36912194 0.54519403 0.66941839 -0.38617 0.61331093 0.65537584 0.4553667 
0.52407688 0.25156739 -0.13649464 0.56519806 0.27346486 0.41063622 0.45595184 0.22117452 -0.22245777 0.54798049 0.30262312 0.73776472 0.46262163 0.19735876 -0.09846863 0.52802908 0.2658481 1.04602337 0.61828506 0.42890206 -0.19216318 0.67434853 0.43969348 0.19204174 0.43185183 0.54371828 -0.29307449 0.53137332 0.5359779 0.38832539 0.54503655 0.66967016 -0.38232189 0.6132682 0.65540183 0.48857298
0.52352327 0.24403109 -0.15737639 0.56239378 0.26498538 0.41526428 0.49445918 0.23706137 -0.50955558 0.55636656 0.32831812 0.73645562 0.46257025 0.1985251 -0.76624459 0.5304628 0.34161678 1.03160381 0.61842781 0.42396158 -0.18820253 0.67375737 0.43414325 0.18806541 0.43344089 0.54203707 -0.22483172 0.54553914 0.53814352 0.37352321 0.54848212 0.67006087 -0.2488631 0.61322939 0.65535015 0.46531615
0.53089106 0.23653944 -0.1488374 0.56137192 0.26325691 0.51838809 0.52925164 0.2410675 -0.56674969 0.56637084 0.34720558 0.84023261 0.46347538 0.19790891 -0.89017808 0.53713119 0.39146203 1.0897162 0.61856395 0.41920742 -0.19002238 0.67009568 0.42847982 0.18982917 0.4425925 0.54198462 -0.24587612 0.54187649 0.53531945 0.37146255 0.55536586 0.6711517 -0.29175198 0.61229658 0.65585083 0.46086109
0.53237331 0.23268561 -0.15386178 0.56005257 0.2673429 0.49100009 0.53444254 0.24189259 -0.59766853 0.5641827 0.3468188 0.80556625 0.46290487 0.19405507 -0.92640376 0.5286265 0.38536829 1.04802513 0.62013984 0.41676748 -0.19013849 0.66973579 0.42657357 0.18995175 0.44968474 0.54257137 -0.21710519 0.54300153 0.53298354 0.36970711 0.55739325 0.67304885 -0.22001588 0.61230159 0.65621501 0.46492937
0.5354259 0.22660783 -0.20367461 0.54809225 0.26599619 0.49245977 0.53032303 0.23094922 -0.6950984 0.55709726 0.34356177 0.82522315 0.46385664 0.19066142 -1.10137069 0.52278835 0.38383761 1.07771301 0.62421924 0.41036958 -0.19436686 0.66794133 0.42162475 0.19416402 0.45886448 0.54295176 -0.21023485 0.56057286 0.53776062 0.37673354 0.5589872 0.67369419 -0.17823334 0.61227536 0.65728939 0.50303322
0.53693593 0.22191426 -0.18163 0.54452288 0.26493627 0.52209973 0.53445512 0.22948565 -0.64323139 0.55361652 0.3433314 0.82047731 0.46340543 0.18204466 -1.02697515 0.51964188 0.39290574 1.04167712 0.6282267 0.40448034 -0.1967174 0.66706783 0.41746473 0.19650598 0.4644531 0.53970534 -0.21734199 0.56628841 0.53758407 0.37779388 0.55844659 0.67400247 -0.20349412 0.61215782 0.65831363 0.50850719
0.53507215 0.21729 -0.15019266 0.54464674 0.24699846 0.50766075 0.52191508 0.21708469 -0.5859533 0.55204242 0.34107935 0.80194277 0.46279958 0.17485924 -0.93501103 0.51785249 0.38432372 1.02715957 0.62821347 0.39910191 -0.1965857 0.66696686 0.41270775 0.19634828 0.47033477 0.5343039 -0.21547087 0.57075715 0.53599983 0.37806138 0.55904895 0.67428303 -0.22497086 0.61213458 0.65841025 0.5034889 
0.5350973 0.21285158 -0.1529724 0.55027229 0.25390586 0.52803135 0.49603391 0.19771999 -0.60030234 0.55254298 0.33761176 0.8309859 0.46052438 0.16627216 -0.94792211 0.51651728 0.37969604 1.06818438 0.63241053 0.39116135 -0.20393567 0.66686618 0.40782356 0.20362394 0.47579554 0.53160906 -0.263284 0.57454157 0.53253239 0.36905769 0.56110847 0.67424262 -0.3135843 0.6123994 0.65865004 0.46273032
0.53475237 0.20700307 -0.1571921 0.54263514 0.23839881 0.539756 0.47658879 0.18466261 -0.61460763 0.55150664 0.3262386 0.8521083 0.45626011 0.15078382 -0.9595173 0.51370764 0.37614828 1.09440458 0.63538224 0.3859295 -0.2103585 0.66046119 0.40228173 0.2100188 0.48370171 0.53172433 -0.26150808 0.57012326 0.5283044 0.3134661 0.56121653 0.67321682 -0.29337698 0.60933256 0.65884745 0.33955047
0.53393608 0.20164709 -0.16910918 0.53317088 0.23075768 0.54464996 0.47798213 0.19162592 -0.63896286 0.55067003 0.31961617 0.85237807 0.45556474 0.14866301 -0.99282891 0.5169825 0.3735711 1.07303214 0.63971937 0.38074058 -0.21486071 0.65017539 0.39466506 0.214542 0.49541903 0.52991879 -0.25848129 0.56692886 0.52521229 0.31907836 0.56256288 0.67310578 -0.26787117 0.60564607 0.65884101 0.37263456
0.53068912 0.19510029 -0.1693614 0.53480238 0.23458201 0.56029034 0.48306495 0.18995945 -0.63676202 0.55518466 0.3138437 0.8824684 0.45369163 0.14928751 -0.9969911 0.53089172 0.37020332 1.11222494 0.63946432 0.37664095 -0.21745434 0.64954567 0.38857505 0.21714532 0.50660342 0.5291183 -0.26284596 0.56868714 0.52275646 0.31398976 0.56331509 0.67351347 -0.28233996 0.60594952 0.65973765 0.35526696
0.53401864 0.19271061 -0.16884711 0.53422678 0.2348219 0.5524528 0.48529974 0.19364829 -0.63411301 0.55300599 0.30931181 0.85129476 0.45374742 0.15102309 -0.98199058 0.52767783 0.36910397 1.07084537 0.64199311 0.37453446 -0.21766092 0.64179498 0.38905114 0.21740058 0.52034575 0.52492368 -0.30540183 0.56783086 0.52100724 0.2336702 0.56509703 0.67481828 -0.37715787 0.60585892 0.66173512 0.22014661
0.53398985 0.18806292 -0.14523531 0.53053164 0.22977324 0.56847119 0.49134091 0.18154114 -0.6238091 0.55237961 0.30120838 0.85817337 0.45370829 0.15164033 -0.98496342 0.53532559 0.36776283 1.079566 0.64131999 0.37160638 -0.21697059 0.63488799 0.38365379 0.21673723 0.52914339 0.52296054 -0.32141212 0.5716669 0.51959002 0.15166089 0.56753367 0.67579907 -0.43223166 0.6045633 0.66364664 0.07296851
0.53551483 0.18852276 -0.14847218 0.52944911 0.2287015 0.55349839 0.49204287 0.18260704 -0.63057905 0.55179703 0.30054346 0.84754479 0.45182773 0.14639778 -0.98438245 0.53323203 0.3667219 1.06994617 0.64158356 0.36973664 -0.21634847 0.63221645 0.38233379 0.21612403 0.53925705 0.52222383 -0.31542274 0.57827312 0.5192526 0.14997807 0.56936622 0.6765911 -0.41896886 0.60129261 0.66599584 0.08083484
0.53543597 0.18689452 -0.16254196 0.52543741 0.22560795 0.49298745 0.4896799 0.17289108 -0.62946504 0.54777157 0.29515293 0.79777175 0.45253721 0.13274619 -0.95748192 0.53275663 0.36400494 1.02620006 0.64166278 0.37064779 -0.21164294 0.63236243 0.38233033 0.21140575 0.54391456 0.52126062 -0.30384865 0.58147585 0.51850432 0.13412508 0.57036591 0.67616332 -0.38239944 0.59982812 0.66607547 0.06471805
0.53601235 0.18536049 -0.20690723 0.51692587 0.2190291 0.42668495 0.49017957 0.17998108 -0.67835641 0.54034799 0.29051214 0.70533442 0.4525592 0.13528712 -1.015939 0.53295928 0.36284763 0.89677191 0.64149666 0.3708134 -0.2051668 0.62566626 0.38036197 0.20493017 0.55137682 0.52151453 -0.27653831 0.59151095 0.51908422 0.13339613 0.57023996 0.67567551 -0.34710631 0.59865612 0.66580164 0.07951192
0.53852838 0.18391977 -0.24249747 0.51414812 0.21441509 0.39832145 0.49558559 0.18336782 -0.73420882 0.53994256 0.2910741 0.64429122 0.45248437 0.1338809 -1.09905338 0.54041433 0.36505041 0.79010147 0.64172256 0.37071142 -0.20370756 0.62020952 0.38025522 0.20344406 0.5590601 0.52124935 -0.25170985 0.59361625 0.5193404 0.1480238 0.56998187 0.67398578 -0.28023231 0.59174824 0.66604501 0.11732813
0.5399304 0.18550113 -0.22213957 0.51396376 0.21901475 0.41328788 0.49554297 0.17985156 -0.6922493 0.53934091 0.293632 0.68953979 0.45256224 0.13212737 -1.02820098 0.53871429 0.36690527 0.88319987 0.64309603 0.37188974 -0.199745 0.61654234 0.38234329 0.19939584 0.56574714 0.52159649 -0.25543889 0.5902828 0.5196746 0.12169242 0.57546288 0.67276657 -0.28238317 0.59194934 0.66589391 0.06728681
0.54036117 0.18585369 -0.21373402 0.51487815 0.22105461 0.41118419 0.49340701 0.17689607 -0.67540914 0.53937787 0.29420933 0.68918979 0.45301059 0.1320737 -0.98496974 0.54331088 0.36844379 0.88661683 0.64381123 0.37207678 -0.19597158 0.61359984 0.38324168 0.19559196 0.56755859 0.52158135 -0.25563467 0.58789891 0.51981813 0.10144069 0.57717413 0.67262113 -0.29465356 0.58836848 0.66608065 0.04062656
0.54105234 0.18495041 -0.21225724 0.51111662 0.22049735 0.42185447 0.4937444 0.17590499 -0.66774607 0.53947836 0.29376832 0.68909675 0.4535507 0.13291737 -0.98456365 0.54699314 0.36928734 0.85660112 0.64394468 0.37079528 -0.19322698 0.60707498 0.38303521 0.19287875 0.57622677 0.52103823 -0.25720689 0.57900065 0.52001685 0.05878112 0.58018994 0.67245716 -0.33199608 0.58499819 0.66609699 -0.01095945
0.54209888 0.18444486 -0.20643866 0.50848001 0.22037168 0.42987961 0.49478602 0.17616558 -0.66514492 0.53924453 0.2941567 0.69670063 0.45388266 0.13289365 -0.98872906 0.54549414 0.36947823 0.84727228 0.64380383 0.37001723 -0.19381388 0.6053046 0.38286573 0.1934904 0.57535666 0.52023357 -0.27008417 0.57845855 0.52009547 0.05808895 0.58038843 0.67212862 -0.36184537 0.58507037 0.66598487 -0.01418122
0.54337955 0.18383354 -0.1533279 0.5027197 0.22122039 0.48556828 0.5098362 0.17954829 -0.63516945 0.53930545 0.2948364 0.73168832 0.45389384 0.13347386 -0.97210854 0.54501027 0.37163451 0.87547839 0.64194888 0.36856353 -0.19342537 0.59550071 0.38252458 0.19317819 0.57587409 0.51807612 -0.29832625 0.57287782 0.51978129 0.0232742 0.58576214 0.66874629 -0.40652522 0.58580387 0.66445965 -0.06260851
0.54533017 0.1817046 -0.1245731 0.50471306 0.2202078 0.5074538 0.50847453 0.17704715 -0.5955255 0.54044616 0.29440182 0.76537383 0.45446542 0.13176338 -0.92669588 0.54461849 0.37153092 0.90959758 0.64064759 0.36741388 -0.19299178 0.5944466 0.38195476 0.19273238 0.57606119 0.51744682 -0.32158619 0.5663262 0.51911384 0.00433157 0.58614445 0.66885257 -0.46757442 0.58533657 0.66436827 -0.10679527
0.54543918 0.17855054 -0.06571256 0.50189602 0.21729127 0.58059198 0.51472366 0.17765275 -0.56853187 0.54041451 0.29342774 0.8225863 0.45617035 0.13269357 -0.93717676 0.54403687 0.37122378 0.96251106 0.63851333 0.36494315 -0.19358185 0.58992887 0.37986425 0.19330646 0.57874596 0.51674134 -0.31379142 0.56380737 0.51652217 0.02026273 0.58543867 0.66891807 -0.44606656 0.58558345 0.66284311 -0.07040346
0.54545939 0.17930278 -0.08635631 0.50134957 0.21808782 0.54833025 0.51432276 0.17838116 -0.56778252 0.53797174 0.29374111 0.79508615 0.45587817 0.13283868 -0.91659522 0.53488046 0.37091291 0.93129128 0.63765943 0.36561659 -0.18859661 0.59131432 0.37941644 0.18826585 0.57603812 0.51576823 -0.30856305 0.56572539 0.51540047 0.03820694 0.58487564 0.66840333 -0.42386505 0.58712 0.65943164 -0.05175773
0.54551977 0.1794357 -0.09074533 0.49944022 0.21861264 0.48242703 0.51305753 0.17881678 -0.56344336 0.53765994 0.29372996 0.7239002 0.45587572 0.13201724 -0.90729755 0.53523946 0.37074959 0.87738889 0.63753945 0.36417249 -0.17655684 0.58924752 0.37805417 0.17621286 0.57885575 0.513722 -0.29194984 0.5721792 0.5085848 0.01050898 0.58457369 0.66812319 -0.42443767 0.58877897 0.6578235 -0.09779331
0.54548454 0.17909217 -0.07895693 0.49920377 0.21852793 0.50666755 0.51217204 0.17906953 -0.56181234 0.53771573 0.29334363 0.75890207 0.45591295 0.13236623 -0.91514057 0.53746194 0.37055987 0.9296838 0.63770974 0.36365664 -0.17908761 0.59005052 0.37726957 0.17875762 0.57962734 0.51408845 -0.29297552 0.57337713 0.5096277 0.00838073 0.58293688 0.66820133 -0.43488324 0.59113097 0.65786618 -0.09569384
0.54512894 0.1795062 -0.08206017 0.49934268 0.21878289 0.5446021 0.51083481 0.17620096 -0.57177955 0.53906131 0.29334953 0.80954754 0.45537195 0.13259332 -0.92212433 0.54245889 0.37045005 1.00051141 0.63811815 0.36378422 -0.18795764 0.59040546 0.37755835 0.18760349 0.57809705 0.51565737 -0.30027375 0.58168137 0.51250869 0.02319069 0.57938176 0.66877383 -0.42874435 0.59328854 0.65940654 -0.08313263
0.54449552 0.17966266 -0.08608731 0.49970928 0.21889217 0.56264853 0.5105862 0.17503738 -0.57688975 0.54022169 0.29349533 0.83967757 0.45437917 0.13248697 -0.93529201 0.54759187 0.37033138 1.04190087 0.63834643 0.36420566 -0.19580607 0.59344435 0.3773666 0.19545248 0.5739947 0.5158146 -0.30833238 0.5868836 0.51337516 0.05915781 0.57844108 0.66893524 -0.42673984 0.5978474 0.66090029 -0.02744586
