0.55484498 0.36835513 0.08364099 0.5002439 0.39855668 0.04310638 0.59204197 0.39194354 0.26141569 0.54396492 0.42854136 0.02471929 0.59864706 0.40155137 0.36250412 0.58413935 0.42578733 -0.0283098 0.55978948 0.44729188 0.03989876 0.52002031 0.46892446 -0.04048122 0.58771175 0.60591882 -0.07028514 0.4874571 0.62746483 -0.08483513 0.61914206 0.75173765 -0.1080232 0.44884539 0.77350402 -0.17846338
0.61917901 0.38838232 0.04835879 0.51794714 0.40218571 0.04806503 0.60066861 0.4255648 0.18891309 0.4901191 0.43146515 -0.02592252 0.61626464 0.46062323 0.28839198 0.52641773 0.43954438 -0.22606447 0.56665838 0.44668785 0.00704502 0.52065247 0.4639101 -0.0075437 0.55345595 0.60496253 -0.13475788 0.49307647 0.61458522 -0.14487137 0.56330675 0.7464959 -0.23732232 0.50297946 0.76971978 -0.31200945
0.66559112 0.40131757 -0.05618921 0.51750892 0.39554447 -0.13758932 0.65360796 0.41866463 0.0853467 0.48234212 0.43213269 -0.16766319 0.67317557 0.45334113 0.13303685 0.53265154 0.43642759 -0.27827808 0.57287425 0.44873258 0.02071879 0.51129711 0.46399403 -0.02113591 0.55398428 0.60362172 -0.09713507 0.50134766 0.61795878 -0.11376094 0.54376537 0.74207729 -0.11284 0.51396233 0.77119845 -0.20260756
0.64696431 0.39778191 0.1287449 0.51725423 0.40152323 0.01698293 0.65071803 0.42312682 0.30953464 0.47619054 0.43610591 0.06381914 0.67472333 0.43704712 0.36257854 0.53398544 0.42560712 0.12199665 0.57744825 0.4807739 0.05269515 0.50873756 0.48579243 -0.05295211 0.60009766 0.61959267 0.08321947 0.4814513 0.63377368 -0.15413815 0.60977626 0.74424767 0.15529239 0.44096255 0.77434415 -0.16570994
0.65110213 0.40149775 0.08660626 0.53321648 0.3972874 -0.0546106 0.6017428 0.45044366 0.20536047 0.47377726 0.44035891 -0.07628975 0.65499467 0.47496429 0.22554433 0.54976982 0.42091405 -0.09728353 0.58522654 0.5284301 0.06764043 0.52037787 0.52441633 -0.06812236 0.61607546 0.6325385 0.13516749 0.47955152 0.63835019 -0.15524861 0.63367271 0.74574775 0.17550714 0.44434533 0.77243072 -0.19221756
0.67090499 0.4051488 0.06410822 0.53304189 0.40068448 -0.03547412 0.69076204 0.41367576 0.1532827 0.46703216 0.44663361 -0.11275966 0.67881972 0.41591364 0.23679054 0.50806588 0.46142447 -0.19594593 0.59280622 0.54464948 0.05538848 0.51747549 0.53992385 -0.05584485 0.62278259 0.64296854 0.12295977 0.47016662 0.65138596 -0.12767832 0.64145845 0.74668598 0.16284364 0.44218582 0.77166313 -0.16216296
0.66890568 0.41215926 0.05501643 0.5400089 0.398617 -0.11551048 0.63578969 0.44830075 0.2007471 0.47384357 0.44757918 -0.25874749 0.64847028 0.46033651 0.28284472 0.46055242 0.44456416 -0.4592942 0.59295654 0.55332416 0.0871302 0.5171172 0.54934752 -0.0876134 0.61599731 0.64920563 0.19398558 0.46984455 0.66426569 -0.15036027 0.6459567 0.74735314 0.3114056 0.43905428 0.77936614 -0.17098519
0.67846394 0.41341838 0.05151483 0.53825748 0.40117818 -0.06182821 0.61376363 0.44970167 0.06698479 0.47069928 0.44485936 -0.20538557 0.6020332 0.45277727 -0.06225708 0.44842443 0.44049105 -0.42537075 0.59312737 0.5460099 0.06872884 0.51528281 0.54614192 -0.06907979 0.6167208 0.64927453 0.09209252 0.46970236 0.66024083 -0.12979916 0.64809144 0.748963 0.18188758 0.45210978 0.77517831 -0.04602585
0.66178781 0.41215041 0.0404106 0.54326886 0.40223205 -0.11187207 0.50519967 0.44680294 0.14135496 0.47396031 0.448084 -0.11791443 0.5108707 0.43271318 0.26428154 0.46859664 0.4371793 -0.3618553 0.58947647 0.54156804 0.07451477 0.51817644 0.54227012 -0.07460213 0.61593944 0.64880425 -0.01025464 0.46906972 0.65792507 -0.13544954 0.6501261 0.75024569 0.06587498 0.4514285 0.77443451 -0.05900289
6.78639591e-01 4.13308084e-01 -1.00420574e-02 5.37812412e-01 4.00750190e-01 -1.85982093e-01 5.91596901e-01 4.61147606e-01 5.32841659e-04 4.70795184e-01 4.53740895e-01 -7.93517828e-02 5.46854913e-01 4.48950201e-01 -1.80709139e-01 4.45425630e-01 4.38396394e-01 6.46386249e-03 5.89763165e-01 5.36756575e-01 7.39338174e-02 5.10156155e-01 5.36505163e-01 -7.39699528e-02 6.21732056e-01 6.44329846e-01 -4.08770423e-03 4.70723510e-01 6.53653443e-01 -2.20799357e-01 6.51871026e-01 7.50366092e-01 1.12785973e-01 4.51109499e-01 7.74064660e-01 -1.77573323e-01
0.68264663 0.41575673 -0.06509464 0.533126 0.40214711 -0.19127032 0.62726974 0.46589115 -0.15033363 0.46657634 0.45486361 -0.10690261 0.57674295 0.4496147 -0.44194824 0.44009462 0.43806398 -0.02078176 0.59153146 0.5385502 0.06268729 0.50912023 0.53763318 -0.06275389 0.6251052 0.64339089 -0.01589791 0.47276095 0.65318859 -0.19418778 0.65298766 0.75128758 0.09628952 0.45053631 0.77396673 -0.15482019
0.68288076 0.41825479 -0.05377483 0.53268325 0.40390033 -0.17648184 0.64726746 0.46711925 -0.17499886 0.46569803 0.45855543 -0.08579703 0.68538058 0.44671443 -0.56890374 0.42996478 0.43931687 -0.00350237 0.59389299 0.53913277 0.05743151 0.50979316 0.53753227 -0.05765595 0.62860054 0.64199966 -0.05209034 0.47349277 0.6516068 -0.23717703 0.65276116 0.75139368 0.05882056 0.45255584 0.77273661 -0.18947095
0.68414044 0.42063344 -0.16140953 0.53083551 0.40530857 -0.27748507 0.64800555 0.47152501 -0.29083878 0.46496457 0.46049684 -0.1424495 0.67591274 0.44398987 -0.72217172 0.42848331 0.4419179 -0.09939385 0.59531003 0.54354763 0.05465255 0.50951523 0.54162854 -0.05477418 0.63708007 0.64226383 -0.0457997 0.47427696 0.65126532 -0.28653401 0.65261877 0.75147986 0.07470199 0.4541035 0.77066344 -0.20743765
0.68445569 0.42319933 -0.15727547 0.5304718 0.40945086 -0.27331266 0.68051696 0.46924973 -0.30801022 0.46195167 0.46249661 -0.10534058 0.7358225 0.44054615 -0.78100389 0.4183639 0.44089973 0.03058976 0.59708494 0.54834896 0.05285312 0.50910008 0.54626626 -0.05299933 0.64754486 0.6418739 -0.12423008 0.47465074 0.65063798 -0.3395161 0.65266049 0.75150841 -0.02492319 0.45511913 0.76862627 -0.2635054 
0.68514514 0.42579228 -0.10643323 0.52983558 0.41244417 -0.21712872 0.69381577 0.46856907 -0.20528556 0.46156928 0.46717584 -0.10459155 0.74576163 0.44113362 -0.61441028 0.42462745 0.4480589 -0.00331382 0.59754878 0.54975915 0.05244167 0.50795245 0.54770565 -0.05247473 0.65222716 0.63993263 -0.21366258 0.47473693 0.64724249 -0.40962029 0.65317112 0.75157583 -0.17459591 0.4556002 0.76715726 -0.37015703
0.68435943 0.4284496 -0.10293093 0.52955985 0.41632718 -0.20932704 0.70323646 0.46381971 -0.20703481 0.46230066 0.47190794 -0.10456141 0.74495441 0.44233754 -0.64497411 0.42468688 0.455273 -0.07824823 0.59826642 0.55077714 0.0523178 0.50795501 0.54883999 -0.05229045 0.65552127 0.63920057 -0.22553413 0.47525862 0.64448607 -0.4131335 0.6542269 0.75215149 -0.19454512 0.45616969 0.76587331 -0.39279595
0.68536764 0.43154895 -0.16301826 0.52917165 0.42122227 -0.27625027 0.69525987 0.47612265 -0.32493243 0.46159726 0.47598729 -0.11776906 0.7416178 0.45056489 -0.81080246 0.42625207 0.45944497 -0.0717293 0.59931839 0.5523262 0.05201517 0.50805014 0.55081433 -0.0520775 0.65998876 0.64022464 -0.23141101 0.47673988 0.64414567 -0.44699281 0.65531522 0.75327235 -0.15377374 0.45644331 0.76556259 -0.38526455
0.68454427 0.434185 -0.22059099 0.52889419 0.42749625 -0.33825034 0.68577302 0.48743179 -0.39156729 0.46066865 0.48078388 -0.1690051 0.73527509 0.45719069 -0.88864982 0.42734137 0.46241915 -0.08267702 0.59948462 0.55502397 0.05159451 0.50684905 0.55386454 -0.05159418 0.66604078 0.64219648 -0.22960129 0.47763023 0.64417088 -0.46493843 0.65528882 0.7541303 -0.11343372 0.45703703 0.76564246 -0.36494988
0.68383461 0.44006845 -0.20125546 0.5289616 0.43361905 -0.33111286 0.68354154 0.49474362 -0.36018193 0.45892709 0.48388386 -0.20699018 0.73868942 0.46545258 -0.8158499 0.4289915 0.46759087 -0.15097393 0.59837437 0.55836648 0.05193222 0.50538361 0.55737191 -0.05180236 0.66777027 0.64189464 -0.29063627 0.47818831 0.6441831 -0.51417387 0.65508217 0.75445759 -0.20508929 0.45730323 0.76570207 -0.41875321
0.68308753 0.44468299 -0.20077604 0.52883595 0.43779168 -0.34995946 0.67152488 0.49972641 -0.35323438 0.45842808 0.48847958 -0.25029892 0.72691983 0.47942045 -0.80790907 0.43723601 0.47578058 -0.21402784 0.59642506 0.56050086 0.05441703 0.50369078 0.56014007 -0.05410355 0.67124289 0.64168614 -0.31768593 0.47890776 0.64360118 -0.56136763 0.65492064 0.75493228 -0.20729358 0.45749074 0.76551706 -0.44166645
0.68367273 0.44926742 -0.20290917 0.52880543 0.44206116 -0.38620391 0.67402148 0.49205971 -0.2370064 0.45724881 0.49454826 -0.21532162 0.73327959 0.47204784 -0.52190697 0.43742919 0.47774106 -0.12145944 0.59636235 0.56352937 0.05541379 0.50290936 0.56271702 -0.05505616 0.67532951 0.6432035 -0.36390156 0.47979099 0.6398744 -0.60986811 0.65437859 0.75505644 -0.21089113 0.457544 0.76510179 -0.44484794
0.6855635 0.45479849 -0.22896595 0.52868843 0.44667703 -0.41980067 0.67915672 0.48951003 -0.10923766 0.45703098 0.49705189 -0.19913639 0.74004954 0.47228238 -0.23631588 0.43655065 0.48101327 -0.03927268 0.59503371 0.56666368 0.0573978 0.50203902 0.56501096 -0.05707469 0.67793572 0.64499497 -0.35537586 0.48020443 0.64008123 -0.61675173 0.65400243 0.75506085 -0.17789868 0.45773056 0.76484448 -0.43033701
0.68667775 0.46129182 -0.21734676 0.52885509 0.45164424 -0.44358376 0.61253184 0.49545351 0.08389048 0.45711258 0.49788901 -0.19336247 0.5841552 0.49603134 0.17860045 0.44081599 0.48673913 0.0185076 0.59298182 0.56884211 0.06905603 0.50134152 0.56719089 -0.06877154 0.68138617 0.64572948 -0.33185959 0.48031971 0.64140922 -0.61285484 0.65390891 0.75482523 -0.16104662 0.45787874 0.76476771 -0.45905334
0.68628466 0.4651117 -0.20316845 0.52975792 0.45591694 -0.44834185 0.62965727 0.49989453 0.13781194 0.45734692 0.50086635 -0.18544395 0.60689449 0.50077754 0.25080734 0.44316554 0.49432942 0.05955436 0.59043294 0.5701893 0.07525908 0.50124222 0.56858665 -0.07507433 0.68188179 0.64528841 -0.30481887 0.48037606 0.64627767 -0.56912345 0.65409446 0.75453681 -0.14811975 0.45812321 0.76473141 -0.43129325
0.68654788 0.46940145 -0.32659376 0.52968967 0.46187037 -0.48289472 0.60871285 0.50180757 0.0074185 0.45853496 0.50660735 -0.08205029 0.58701915 0.50598836 0.15039653 0.4463791 0.49861172 0.36367103 0.59009373 0.5725106 0.07024904 0.50138056 0.57122111 -0.06999325 0.68245274 0.644454 -0.3293159 0.48032576 0.64935988 -0.54414302 0.65429354 0.75337148 -0.14252329 0.45824677 0.76459175 -0.3711966 
0.68729943 0.47572044 -0.29852957 0.53049737 0.46597239 -0.49786302 0.6224311 0.50935352 0.05403437 0.46229646 0.51548451 -0.09391473 0.60815668 0.50221622 0.20334725 0.44732255 0.50263155 0.19109042 0.5900864 0.57468742 0.07025336 0.50153297 0.57362366 -0.07000594 0.68189687 0.64378458 -0.34210384 0.48038867 0.64920443 -0.60073644 0.6548382 0.75215566 -0.13852191 0.4576695 0.7645179 -0.4305706 
0.68753469 0.47849962 -0.34762791 0.53062606 0.47127971 -0.5041917 0.62358391 0.51345104 0.00139525 0.462302 0.51792926 -0.09031328 0.66571075 0.50318474 0.1822861 0.46130726 0.49942493 0.36597154 0.590644 0.57778126 0.05783429 0.50166738 0.57746017 -0.05742875 0.68150568 0.64384639 -0.41950971 0.48230988 0.65019488 -0.604375 0.65531391 0.75183868 -0.2055725 0.45745248 0.76444286 -0.42011237
0.68739241 0.48400959 -0.29886076 0.53251129 0.47626811 -0.51006174 0.65658754 0.51765734 -0.23274137 0.46409556 0.52138311 -0.27777192 0.72544563 0.49813882 -0.46591911 0.46323156 0.50596285 -0.08093332 0.59072793 0.58347452 0.07032155 0.50190699 0.58343112 -0.06984396 0.68358696 0.64402705 -0.44213796 0.48343709 0.65270585 -0.66366518 0.65584654 0.75134891 -0.2193778 0.45747346 0.76438403 -0.46540257
6.87266290e-01 4.87915546e-01 -3.16879630e-01 5.32194018e-01 4.84265029e-01 -5.16612411e-01 6.42232060e-01 5.17223656e-01 1.01162979e-04 4.64356899e-01 5.27555346e-01 -1.34938255e-01 6.77275538e-01 5.11115015e-01 1.84411958e-01 4.65589553e-01 5.08761108e-01 3.67325455e-01 5.90625048e-01 5.88900268e-01 6.60532042e-02 5.01711190e-01 5.89480162e-01 -6.54621944e-02 6.86865687e-01 6.43983483e-01 -4.85887647e-01 4.86987025e-01 6.52422845e-01 -6.57121718e-01 6.55853927e-01 7.51294255e-01 -2.76969403e-01 4.57531333e-01 7.64074504e-01 -4.78510648e-01
0.68836862 0.49507907 -0.30661419 0.53160965 0.48878676 -0.48841757 0.64220268 0.51800382 0.0733963 0.46470436 0.52863306 -0.04581032 0.62735742 0.52403951 0.27016535 0.47237894 0.51522994 0.45393607 0.59053868 0.59519494 0.06333195 0.50173014 0.59512705 -0.06267028 0.6882422 0.64471322 -0.48494965 0.49033061 0.65361327 -0.65485853 0.6554814 0.75131482 -0.29181117 0.4575766 0.76407588 -0.49478775
0.68976003 0.49996948 -0.29976299 0.53095275 0.49368316 -0.48119771 0.62305796 0.51977193 0.02368818 0.46917415 0.53435719 -0.04029714 0.58048677 0.52925807 0.21116462 0.48087266 0.52182907 0.47745758 0.59137672 0.60096824 0.0631169 0.50177699 0.59909135 -0.06239158 0.69024861 0.64702374 -0.44861296 0.49331734 0.65350431 -0.6798805 0.65520245 0.75151533 -0.25167125 0.45757279 0.76477116 -0.57055426
0.68997335 0.50334847 -0.28430101 0.53093004 0.49815974 -0.54832214 0.65550393 0.52678418 0.03569969 0.4709188 0.54538435 -0.31532434 0.69380474 0.52386189 0.14580195 0.50822008 0.53019935 -0.03781248 0.59114814 0.6050145 0.07751672 0.50141054 0.60275108 -0.07675853 0.69118226 0.6480366 -0.42716631 0.49692497 0.65327066 -0.77771229 0.6552425 0.75165647 -0.18862724 0.45755666 0.76582772 -0.65944195
0.69021606 0.50597972 -0.26849869 0.53106636 0.50263673 -0.52696753 0.6854738 0.52953458 -0.05338807 0.47087234 0.55310619 -0.30645907 0.73488766 0.51860309 -0.09893285 0.49686956 0.53081501 -0.07495876 0.59170181 0.60838157 0.08109446 0.50034785 0.60722119 -0.08048121 0.69135463 0.6497823 -0.43456113 0.49908927 0.65053308 -0.8192578 0.65490645 0.75231296 -0.19155495 0.45758939 0.76620775 -0.67933834
0.69079417 0.51035219 -0.29518637 0.5310868 0.50844359 -0.57183194 0.71316689 0.52848411 0.01414138 0.47091874 0.55440229 -0.3057375 0.74769163 0.51692903 0.19566873 0.50080413 0.53437686 0.01160621 0.5932309 0.61144865 0.07962847 0.50040573 0.61065292 -0.07916611 0.69289541 0.65172285 -0.45595673 0.49981222 0.65032446 -0.76388329 0.6548959 0.75306141 -0.22789301 0.45885226 0.76618874 -0.61996686
0.6924122 0.51609272 -0.28955331 0.53162301 0.51113737 -0.53697491 0.71003532 0.52544934 -0.01330607 0.47082299 0.5577206 -0.28748852 0.74801028 0.52004349 0.10621299 0.49151799 0.54764479 -0.04498095 0.59706455 0.61442399 0.07807004 0.50116503 0.61351418 -0.07749686 0.69531631 0.65364921 -0.51660609 0.4998686 0.65083414 -0.78548837 0.65536332 0.75306547 -0.29592201 0.45950884 0.76616973 -0.6312384 
0.69413888 0.51959413 -0.27226156 0.5316143 0.5164966 -0.48951367 0.70976651 0.52640098 0.0443059 0.46983323 0.56223232 -0.19381867 0.73147923 0.53434223 0.25378719 0.49009818 0.54767489 0.1287348 0.59776926 0.61856198 0.06530274 0.50112945 0.61771786 -0.06465582 0.70010012 0.65443927 -0.49690613 0.49953556 0.65083504 -0.74747461 0.65592617 0.75292403 -0.27149805 0.45999005 0.76615411 -0.60141331
0.69550419 0.52349269 -0.2083901 0.53165901 0.52002913 -0.43040964 0.71429133 0.52687818 0.08685376 0.46767712 0.56346136 -0.16017401 0.71121454 0.53915244 0.2808848 0.48724133 0.56067502 0.12176941 0.59842175 0.62266266 0.06301786 0.50126159 0.62224442 -0.06238654 0.70406651 0.65462422 -0.47588524 0.49929437 0.65128416 -0.74247128 0.65610784 0.75287682 -0.26000774 0.46023038 0.76612455 -0.60932279
0.69637561 0.52853423 -0.23819083 0.53171676 0.52417719 -0.53320289 0.72412813 0.53200889 0.04661162 0.46666828 0.5665043 -0.36135384 0.73759997 0.53539777 0.18275259 0.48315448 0.56274539 -0.20892109 0.59850675 0.62672389 0.06769501 0.50247788 0.62599218 -0.06711942 0.70754343 0.65964043 -0.44075131 0.49961236 0.65240747 -0.78750938 0.65615171 0.75310212 -0.17965367 0.4607994 0.76597512 -0.619609 
0.69628966 0.53322017 -0.24863109 0.53196627 0.5284763 -0.53561288 0.71288991 0.5407272 0.03290812 0.46583048 0.56864363 -0.36327946 0.73678255 0.53647846 0.1785036 0.48275083 0.55592865 -0.2029852 0.59796476 0.6307444 0.07312841 0.50218576 0.63018322 -0.07258216 0.70926535 0.65942299 -0.45905116 0.50003368 0.65460163 -0.82835472 0.65614706 0.75337332 -0.18465467 0.46146339 0.76596433 -0.62991798
6.97634578e-01 5.36734641e-01 -3.18129033e-01 5.31961143e-01 5.33370912e-01 -5.43958962e-01 7.08241105e-01 5.47701716e-01 1.79491894e-04 4.65126276e-01 5.74132919e-01 -3.02233398e-01 7.21023083e-01 5.48653901e-01 1.70902252e-01 4.82242793e-01 5.58973193e-01 -1.90575942e-01 5.99963009e-01 6.31804466e-01 6.92769811e-02 5.03673136e-01 6.30338073e-01 -6.86646178e-02 7.12225676e-01 6.61207855e-01 -4.57147986e-01 4.99871820e-01 6.57623231e-01 -7.89273798e-01 6.56155586e-01 7.53828883e-01 -1.67398378e-01 4.61472005e-01 7.66329110e-01 -5.92401922e-01
0.69742745 0.53931844 -0.26141089 0.53235263 0.53591239 -0.5372867 0.70600075 0.54503626 0.06448767 0.46441072 0.57556999 -0.31915087 0.74557352 0.54174209 0.23510574 0.48345727 0.56019372 -0.13882732 0.5995124 0.63540363 0.07154791 0.50370628 0.63392299 -0.07100523 0.71277553 0.66193038 -0.44576162 0.50071478 0.65933764 -0.78597182 0.65630722 0.75401431 -0.17187661 0.46146938 0.7664277 -0.60929203
0.69750923 0.54273742 -0.27961075 0.53241289 0.54157108 -0.55287874 0.71373951 0.54500717 0.04557964 0.46437919 0.58499813 -0.37958321 0.75264299 0.54079622 0.23746759 0.48801506 0.56770194 -0.20178472 0.59948236 0.63659215 0.07061721 0.50498682 0.63549113 -0.07010453 0.71299052 0.66304612 -0.44478238 0.50059414 0.66281074 -0.7734403 0.6563189 0.75404871 -0.17621651 0.46146679 0.76755685 -0.59162498
0.69769847 0.54569447 -0.2834219 0.53267705 0.544945 -0.57131869 0.73235744 0.54320848 0.04615305 0.4644528 0.5882715 -0.43171868 0.76335675 0.54133892 0.26252908 0.51336801 0.57058674 -0.27979648 0.59986693 0.63877898 0.07082609 0.50526059 0.63809907 -0.07037202 0.71533245 0.6630398 -0.45199299 0.50089353 0.66259688 -0.79040289 0.65629148 0.75409591 -0.18251868 0.46152553 0.7683832 -0.62711388
0.69763172 0.54963976 -0.31019911 0.53309071 0.5490042 -0.59484988 0.72558844 0.54462057 0.02602152 0.46478122 0.59251517 -0.41565472 0.75638044 0.54228556 0.24478941 0.50263125 0.57585877 -0.21547481 0.59978139 0.64221925 0.07044049 0.50621605 0.64237767 -0.06999855 0.71454614 0.66236156 -0.47635972 0.50132728 0.66422522 -0.78136218 0.65626478 0.75413519 -0.18441428 0.46152195 0.76869613 -0.60265446
0.69499892 0.55159545 -0.28232127 0.53432953 0.55261064 -0.57433295 0.7364676 0.54316455 0.04316204 0.46471706 0.59496456 -0.41584438 0.75934255 0.5458101 0.24659795 0.50120139 0.58571011 -0.25926071 0.59828556 0.6454103 0.07506398 0.50621742 0.64585769 -0.07465677 0.71497506 0.66201496 -0.45877862 0.50360543 0.66533196 -0.78234524 0.65626514 0.75437522 -0.16337937 0.46152046 0.76884961 -0.60192281
0.69297218 0.55547827 -0.25507647 0.53490353 0.55635494 -0.5660218 0.73061001 0.54799068 0.05558168 0.46481296 0.5977847 -0.41472831 0.75530225 0.55014521 0.23040676 0.50114733 0.59651959 -0.28728521 0.59789461 0.64869899 0.0784952 0.50648683 0.64893448 -0.0781242 0.71526998 0.66203886 -0.45795649 0.50459963 0.66589034 -0.8171311 0.65637541 0.75477386 -0.16274931 0.46151599 0.76930058 -0.64126402
0.6878792 0.56041747 -0.24677895 0.53471893 0.56037748 -0.56172496 0.71002054 0.56492007 0.01888239 0.46069321 0.60026741 -0.50346434 0.75284624 0.55563635 0.08265339 0.50645649 0.59588128 -0.4712154 0.59447223 0.65264124 0.09081882 0.50470996 0.65306419 -0.090435 0.71496171 0.66203892 -0.41019577 0.50558853 0.66524762 -0.80907619 0.65675974 0.75477809 -0.0971837 0.46174189 0.76925319 -0.60857815
0.68774587 0.56340659 -0.28057098 0.53435713 0.56332421 -0.59060031 0.71040994 0.56699687 -0.02057593 0.45823473 0.60420841 -0.50166547 0.75238246 0.5614211 0.05580634 0.50029522 0.6053043 -0.41857818 0.59428591 0.6549136 0.09054073 0.50465256 0.65527576 -0.09012821 0.7168169 0.66255099 -0.39066324 0.50598735 0.66502476 -0.80197811 0.65680873 0.75477672 -0.08789501 0.46284375 0.76921338 -0.5973987 
0.68807501 0.56507492 -0.36801946 0.53430778 0.5688079 -0.66082782 0.73431557 0.56164688 -0.10622222 0.45310253 0.61770838 -0.52059895 0.75417435 0.56346095 0.00923939 0.46613595 0.62061125 -0.38651523 0.59625506 0.65584862 0.08885362 0.50606126 0.65651524 -0.08841829 0.71831197 0.66529936 -0.40893844 0.50614381 0.66686881 -0.79774767 0.65683293 0.75485492 -0.09085118 0.46308234 0.76918232 -0.55785882
0.68832123 0.5671193 -0.39788726 0.53470659 0.57236016 -0.7024377 0.7304796 0.5668782 -0.15490159 0.45331112 0.61987507 -0.64520615 0.75542009 0.56596178 -0.08848301 0.47112867 0.61896247 -0.60699236 0.59791493 0.6576649 0.09185533 0.5073716 0.65931422 -0.0913309 0.71814793 0.66517651 -0.41611063 0.50606894 0.66690934 -0.8327145 0.65667301 0.75504106 -0.10400179 0.46332958 0.76924741 -0.61187595
0.68863761 0.56992257 -0.40693581 0.53469789 0.57801318 -0.70286256 0.7283538 0.5675748 -0.11366833 0.45402148 0.62114942 -0.59953308 0.75597608 0.56859279 0.01993343 0.47264862 0.61310679 -0.49295202 0.59968519 0.66030014 0.09019643 0.50834984 0.66297317 -0.08968823 0.7195583 0.66517276 -0.40916792 0.50583696 0.66807073 -0.83085573 0.65638661 0.75523037 -0.08308799 0.46327454 0.76931214 -0.60866702
0.68862963 0.57159168 -0.40808383 0.53541315 0.58092612 -0.68902999 0.72791517 0.57135826 -0.18255621 0.48346856 0.62958044 -0.74151558 0.75602311 0.57168329 -0.12518927 0.5633955 0.60730565 -0.79775143 0.59983343 0.66316634 0.08918693 0.50849205 0.6664511 -0.08868594 0.72024155 0.66574818 -0.4136923 0.50610846 0.66860503 -0.86494339 0.65614796 0.75534344 -0.09114862 0.46293083 0.76910478 -0.65607232
0.68843693 0.57233292 -0.37778899 0.53597981 0.58268994 -0.66928124 0.72016954 0.57214534 -0.14364038 0.48300618 0.62903422 -0.71409398 0.75596821 0.57500148 -0.08793445 0.55838358 0.60447496 -0.77028155 0.59991306 0.66441905 0.09408784 0.50848925 0.66813052 -0.09364954 0.72052974 0.66744894 -0.33942831 0.50663656 0.66886669 -0.84644181 0.65614933 0.75544262 -0.00315413 0.46180823 0.76903242 -0.63682783
0.68902528 0.57372391 -0.39516652 0.5362457 0.58481354 -0.68545544 0.72316062 0.5727852 -0.14418583 0.48547944 0.62959278 -0.65187597 0.75647122 0.57700646 -0.0789201 0.55546552 0.60366154 -0.61156625 0.60091054 0.66422588 0.09353095 0.50863791 0.66923356 -0.09304339 0.72119671 0.66781396 -0.33923945 0.50690728 0.66868383 -0.84072518 0.65615016 0.75555962 -0.00816214 0.46064004 0.76901507 -0.62647289
0.68911022 0.57604766 -0.38106194 0.53766811 0.58575684 -0.67590714 0.70165348 0.5833419 -0.12296729 0.48193738 0.6287877 -0.64805853 0.74609512 0.58542371 -0.06106225 0.54171675 0.60543787 -0.61627817 0.60172588 0.66669309 0.0992551 0.50901514 0.67183888 -0.09872703 0.72313744 0.66756976 -0.29913652 0.50756204 0.66861415 -0.82955194 0.65615523 0.75558478 0.02836002 0.45984468 0.76900798 -0.59904385
0.68986809 0.57605988 -0.37680539 0.53850782 0.58764285 -0.67481339 0.70843333 0.57878083 -0.11357607 0.47280592 0.62748569 -0.64119899 0.7467683 0.58168477 -0.03491704 0.52695107 0.60585123 -0.60505468 0.60279471 0.66705775 0.09943973 0.50925809 0.67304939 -0.09895521 0.7241714 0.66750425 -0.33170298 0.5081194 0.66855794 -0.82852554 0.6563071 0.75558645 -0.00674675 0.45949173 0.76892948 -0.59751344
0.69065577 0.57483315 -0.39335772 0.53853291 0.58951163 -0.70618981 0.71355391 0.5762282 -0.10348597 0.4807238 0.6314069 -0.63969922 0.74785608 0.58165628 0.02576208 0.54872304 0.6069746 -0.59757119 0.60409051 0.66558325 0.09897068 0.50938827 0.67162269 -0.09845853 0.72403723 0.66732132 -0.36340126 0.51020545 0.6686092 -0.82908952 0.65630662 0.75559229 -0.02589227 0.45950931 0.76885623 -0.58637536
0.69071436 0.57444757 -0.3860175 0.53855413 0.58882982 -0.69131011 0.71012199 0.57705551 -0.07980596 0.47913542 0.63178474 -0.61486721 0.7475546 0.58253688 0.04675667 0.54164547 0.60691756 -0.49224424 0.60401225 0.66481084 0.09924606 0.509121 0.67061514 -0.09873567 0.72234726 0.66715717 -0.34748858 0.51071864 0.66852218 -0.82155108 0.65624654 0.75559616 0.01014895 0.4595224 0.76868492 -0.5548805 
0.69070566 0.57385325 -0.38747162 0.53822148 0.58893573 -0.68958789 0.70759743 0.58044088 -0.07500026 0.47325462 0.62972164 -0.56612867 0.74654675 0.58480442 0.0490973 0.54765034 0.60689616 -0.38778409 0.60392058 0.66435176 0.09877479 0.50837833 0.66975272 -0.09824211 0.71931332 0.6668272 -0.34376583 0.511567 0.66785252 -0.81155765 0.65611887 0.75559688 0.00380447 0.45953453 0.76844066 -0.55465966
0.69017833 0.57334745 -0.39182368 0.53674448 0.58846551 -0.69066536 0.69258243 0.58863962 -0.07759045 0.47926077 0.6287002 -0.62444997 0.73188394 0.58942372 0.03819019 0.56540495 0.6064716 -0.51614416 0.60317808 0.66403121 0.09853774 0.5062415 0.66915739 -0.09803529 0.71836269 0.66515118 -0.35418031 0.51055855 0.66554368 -0.81880271 0.65575242 0.75556719 -0.0280733 0.45954666 0.76832145 -0.5840801 
0.68669343 0.5730325 -0.38979861 0.53402519 0.58771712 -0.6869846 0.67512864 0.59475482 -0.08404034 0.47591105 0.62592852 -0.59460288 0.66251928 0.61142343 0.02737547 0.56050521 0.61000293 -0.45061091 0.60294008 0.66312331 0.09747458 0.5058378 0.66877615 -0.09682553 0.71795893 0.66231084 -0.3759928 0.50508648 0.66333324 -0.83220738 0.65574265 0.75549126 -0.07545354 0.45952275 0.76830924 -0.62078661
0.68931472 0.57337505 -0.45482099 0.53188932 0.58720607 -0.74240398 0.67910719 0.59506088 -0.18541895 0.49143484 0.63495731 -0.71451229 0.65687573 0.61352915 -0.08873656 0.58869529 0.62981725 -0.66172248 0.6056605 0.65954405 0.0969486 0.5067094 0.66743779 -0.09620939 0.7179634 0.66088665 -0.4131223 0.50249028 0.66262752 -0.85502923 0.65588605 0.75540727 -0.08395319 0.45950592 0.76833785 -0.64180911
0.69235873 0.57319325 -0.4659903 0.53178144 0.58624929 -0.71915442 0.67890704 0.59159398 -0.15159409 0.46552795 0.61600953 -0.49080154 0.66113162 0.61277837 0.04737497 0.52093822 0.62264097 -0.21676648 0.60974562 0.65456456 0.08849242 0.50845379 0.66160178 -0.08770883 0.71748853 0.66075546 -0.40268704 0.50097334 0.66135764 -0.79609829 0.65635967 0.75531834 -0.0986179 0.45948359 0.76865536 -0.62912935
0.69232833 0.57240981 -0.45034969 0.53185141 0.58502126 -0.72018081 0.67728233 0.58707637 -0.14031863 0.45752078 0.61004573 -0.5200941 0.67453194 0.6057502 0.0706763 0.49136093 0.62001616 -0.26361659 0.60904163 0.65381974 0.08834556 0.5087682 0.65990341 -0.08759667 0.71592075 0.66070372 -0.40448105 0.50118512 0.65955174 -0.79960585 0.65656948 0.75530821 -0.10452268 0.45920473 0.76865214 -0.62087446
0.68989748 0.56806725 -0.39394248 0.53201991 0.58211982 -0.69575113 0.70106632 0.57136714 -0.05108374 0.46006978 0.61287576 -0.51793569 0.73275554 0.57602519 0.14377379 0.50825232 0.61775297 -0.30095398 0.60626209 0.65302259 0.08857395 0.50870794 0.65907645 -0.0878351 0.71458298 0.66061044 -0.40359947 0.50283307 0.65677959 -0.80319738 0.65690088 0.75532842 -0.09107297 0.45913997 0.76857394 -0.61692655
0.68252563 0.56553537 -0.34177104 0.53209841 0.57811803 -0.66372347 0.70415485 0.56935364 0.00511 0.47107562 0.61310703 -0.53756583 0.74245429 0.56955934 0.16972147 0.54577565 0.60285181 -0.38367489 0.59981501 0.65141279 0.09155504 0.50777942 0.65724492 -0.09092512 0.71246558 0.6601004 -0.40115556 0.50694519 0.65347737 -0.83053392 0.65743232 0.755337 -0.13040854 0.45906943 0.76835841 -0.66078353
0.67691809 0.56543678 -0.31925133 0.53169549 0.57507336 -0.64039868 0.69795954 0.56961972 -0.0043065 0.44774252 0.60186237 -0.49057782 0.73992336 0.56813085 0.11772641 0.50307858 0.60298234 -0.29138321 0.59320599 0.64941907 0.0952155 0.50609714 0.65545213 -0.09464716 0.71142143 0.65990847 -0.38575852 0.51190829 0.65216923 -0.79448879 0.65756685 0.75541854 -0.12222583 0.45901489 0.76809978 -0.62110931
0.67641926 0.56451291 -0.30334291 0.5309968 0.5718838 -0.64054632 0.69789618 0.57012296 0.01257711 0.43908942 0.59799165 -0.52240437 0.74412483 0.56442082 0.13748066 0.48697826 0.60318196 -0.31286481 0.59077507 0.64840829 0.10043524 0.50492138 0.65485442 -0.10001723 0.71096265 0.65871853 -0.36698136 0.51401353 0.65163982 -0.79044992 0.65761507 0.75551552 -0.11174285 0.45901656 0.76790774 -0.60111153
0.67531157 0.56308806 -0.28611332 0.53075862 0.56779915 -0.630804 0.69805437 0.56680924 0.02469652 0.4418225 0.59415716 -0.5331232 0.74305218 0.55964392 0.17742528 0.49939418 0.59801674 -0.3428233 0.58825898 0.64601737 0.09984545 0.50371146 0.65257299 -0.09939972 0.70716649 0.65885144 -0.34699354 0.51409912 0.6526221 -0.75458193 0.65760356 0.75555772 -0.11215623 0.45901647 0.76743287 -0.57904458
0.67436099 0.56170762 -0.30143601 0.5295797 0.56533349 -0.64337528 0.68673116 0.56167507 0.01490107 0.47823536 0.59748155 -0.55404133 0.73960125 0.55630088 0.16187209 0.56228966 0.58782899 -0.36249253 0.58334422 0.6441043 0.10150484 0.49949166 0.64969194 -0.10104965 0.7035833 0.65870053 -0.39228994 0.51393962 0.65277171 -0.76898938 0.65740162 0.75556386 -0.1691294 0.45894706 0.76743323 -0.6214332 
0.66939217 0.55988711 -0.29250506 0.52870679 0.56260723 -0.64843696 0.67257965 0.56350523 0.02687866 0.48467866 0.59677833 -0.55660093 0.73445946 0.55579305 0.15515341 0.56952178 0.58128846 -0.37036058 0.57949078 0.64205402 0.10443553 0.49593115 0.64652532 -0.10397296 0.7011503 0.65829927 -0.40384912 0.51356453 0.65156734 -0.77842188 0.65745711 0.75555664 -0.18767753 0.4589442 0.76752961 -0.62925202
0.67022091 0.55797076 -0.28006735 0.52791423 0.56035042 -0.62451017 0.67654192 0.560592 0.0144107 0.45653623 0.58968937 -0.49575269 0.73361719 0.55808949 0.15462744 0.4847225 0.59882456 -0.29568699 0.57864398 0.64021724 0.1037864 0.49452841 0.64433974 -0.10333249 0.70069367 0.6571998 -0.4054966 0.51323462 0.64954418 -0.76739109 0.65744865 0.75536525 -0.21044211 0.46090013 0.76771533 -0.6256417 
0.67081076 0.55640739 -0.33781573 0.5261125 0.55804724 -0.63458014 0.61591411 0.56558603 -0.05862471 0.44889718 0.58744258 -0.41755113 0.56607091 0.59106427 0.05207313 0.4704721 0.61547863 -0.09012467 0.57611477 0.63785911 0.10332327 0.49235123 0.64172441 -0.1028567 0.69730341 0.65592754 -0.42861304 0.51141554 0.64918935 -0.70480728 0.65756476 0.75524426 -0.24565518 0.46138376 0.7679379 -0.57266396
0.67125052 0.55581677 -0.34557369 0.52399343 0.55543834 -0.63419086 0.59355718 0.57278746 -0.07461346 0.49261728 0.58951348 -0.41155967 0.53607434 0.60037649 -0.00811517 0.54476696 0.59539801 -0.08657411 0.57349348 0.63613915 0.10413858 0.48984805 0.63867247 -0.10356747 0.69425762 0.65449178 -0.45525649 0.51096642 0.6497125 -0.71543604 0.65753162 0.7548542 -0.27200755 0.46135598 0.76785439 -0.5823797 
0.67049795 0.55336392 -0.3437098 0.52151608 0.55222005 -0.65434104 0.61583871 0.57195127 -0.05740924 0.49585837 0.59173697 -0.45244876 0.58284158 0.59435457 0.02045729 0.55803388 0.60012263 -0.21370174 0.57263786 0.63320637 0.10771893 0.48915699 0.6352213 -0.10715375 0.69222164 0.65405899 -0.43750364 0.51090914 0.65020114 -0.72357297 0.65729612 0.75462186 -0.26249993 0.46078396 0.76782852 -0.62221289
0.67009318 0.5527882 -0.31799686 0.51927024 0.54922068 -0.61177015 0.58508414 0.57525933 -0.06424555 0.49050942 0.59178007 -0.43490681 0.53370661 0.60421652 -0.01876299 0.55006522 0.60032982 -0.19838254 0.57051766 0.63185102 0.10707378 0.48676124 0.6337471 -0.10651159 0.68610537 0.65265781 -0.43429989 0.51085794 0.65196836 -0.69684017 0.65728945 0.75417364 -0.28010458 0.45892105 0.76793748 -0.60924143
0.66800213 0.5505687 -0.29422885 0.51577383 0.54487032 -0.57025605 0.58245361 0.57498771 -0.03365183 0.48818856 0.58295649 -0.36491516 0.54122835 0.60427797 0.01982065 0.54741347 0.5990082 -0.10483379 0.56631714 0.63054675 0.10455406 0.48218 0.63142198 -0.10407462 0.68299901 0.65254772 -0.42999417 0.51066995 0.65152717 -0.67944062 0.65702981 0.7541731 -0.26784661 0.45749918 0.7671653 -0.58905929
0.66497481 0.54741603 -0.30259731 0.51445055 0.54137653 -0.56848729 0.58293277 0.57471544 -0.03385346 0.48606652 0.57836688 -0.33884898 0.54267639 0.60262913 0.02553828 0.54621422 0.58876097 -0.0460118 0.56331778 0.62809879 0.10097965 0.47848523 0.62882924 -0.10050603 0.68022734 0.65195507 -0.42115989 0.51131409 0.65025645 -0.68771404 0.65716887 0.75404739 -0.25826305 0.45632836 0.76648617 -0.58949095
0.66515565 0.54526889 -0.37134391 0.51293856 0.53988713 -0.5910688 0.56955856 0.57357424 -0.10161956 0.48388514 0.58050275 -0.32054871 0.51930314 0.60095531 -0.01522698 0.53438365 0.5866763 0.04898714 0.56398165 0.62466979 0.09768857 0.47815302 0.62526894 -0.09708378 0.67763913 0.65129483 -0.44317093 0.51301312 0.65039921 -0.6623854 0.65708733 0.75396639 -0.27826339 0.45536643 0.76611382 -0.53977364
0.66509205 0.54190367 -0.40857694 0.51267463 0.535981 -0.59602952 0.56115001 0.57390732 -0.16520254 0.48523006 0.57316327 -0.32036453 0.500193 0.59876639 -0.09889434 0.53799587 0.57152593 0.06397935 0.56544113 0.62182719 0.09489077 0.47793832 0.623326 -0.0942237 0.67633361 0.65091622 -0.4653005 0.5159874 0.65045208 -0.66755831 0.65709847 0.75399387 -0.30665478 0.45518637 0.76633233 -0.55180299
0.66529465 0.53690016 -0.42316175 0.51133883 0.53218573 -0.60179508 0.56443006 0.57251614 -0.16290717 0.48615226 0.570903 -0.30235276 0.50492352 0.59250253 -0.08218233 0.53876263 0.56454492 0.10278993 0.56552637 0.61968511 0.08830565 0.47897965 0.61939812 -0.0875724 0.67162818 0.65113574 -0.47546726 0.51927698 0.65148932 -0.65547031 0.65723604 0.75386834 -0.31829557 0.45515496 0.76620156 -0.53652036
0.66559529 0.53167808 -0.39409763 0.51019859 0.5288713 -0.59265226 0.57326645 0.55656302 -0.15733784 0.48531708 0.5698725 -0.25267008 0.5274815 0.5620442 0.03753868 0.53479213 0.56597245 0.18707715 0.56606215 0.61901003 0.0850367 0.479442 0.6186344 -0.08427215 0.66960692 0.65125996 -0.48133805 0.51896888 0.65153939 -0.63292527 0.65723336 0.75379735 -0.31451717 0.45519048 0.76619893 -0.51513702
0.66606057 0.5262481 -0.35918283 0.51073968 0.5237003 -0.59275746 0.65229857 0.52994114 0.01235444 0.45119801 0.55916983 -0.30545154 0.7127012 0.52518284 0.27471215 0.49460918 0.56059068 0.04575415 0.56635004 0.61603016 0.07956399 0.47967529 0.61574471 -0.07893191 0.66794747 0.64833432 -0.51573116 0.51944619 0.65172553 -0.63898426 0.65723711 0.75363803 -0.35520688 0.45506549 0.76597732 -0.51044643
0.66609621 0.52100879 -0.35617971 0.51102412 0.51989079 -0.60572433 0.63415718 0.53741616 -0.00609595 0.44715655 0.56079084 -0.31050149 0.64336926 0.5438264 0.19504462 0.47749045 0.57091802 0.07718461 0.56646752 0.6112507 0.08201412 0.48013437 0.6130932 -0.08138785 0.66692269 0.64873719 -0.48869929 0.51917285 0.65338719 -0.60581779 0.65724319 0.75364441 -0.34165618 0.45508936 0.76607758 -0.51427186
0.66759282 0.51643729 -0.38508514 0.51025373 0.517582 -0.64205903 0.64729446 0.52918774 -0.00689728 0.45201832 0.5648002 -0.32581925 0.69573522 0.52073032 0.25959063 0.48966461 0.57324749 0.04900964 0.57389718 0.60545164 0.08190126 0.48180705 0.60904497 -0.08132765 0.66592377 0.6480698 -0.48249331 0.51924878 0.65340209 -0.61524838 0.65753657 0.75366497 -0.33423626 0.45509374 0.76609904 -0.52098465
0.67046654 0.51202381 -0.44716886 0.5101679 0.5147903 -0.66945541 0.6648584 0.51514965 -0.02430305 0.45057723 0.55895054 -0.32937217 0.67895079 0.52067107 0.29700479 0.49242181 0.5653196 0.06674312 0.57745272 0.60028118 0.07726585 0.48353532 0.60256064 -0.07678548 0.66569513 0.64802676 -0.47826284 0.51996893 0.65339297 -0.62028122 0.65780622 0.75373328 -0.32139832 0.45515987 0.76605254 -0.52840954
0.67176604 0.50616658 -0.4191536 0.5095669 0.51153547 -0.65732831 0.69439608 0.50314945 -0.01354741 0.4503836 0.55201429 -0.33109328 0.71765941 0.51226723 0.32511127 0.48762959 0.55447781 0.04104357 0.57937384 0.5976299 0.07689556 0.48498869 0.59937853 -0.07641345 0.66527694 0.64675927 -0.47504786 0.52010655 0.65201372 -0.60536033 0.65776771 0.75363415 -0.31703454 0.45587412 0.76587456 -0.50221622
0.67294151 0.50463849 -0.43183362 0.50952291 0.50553417 -0.67789131 0.70197016 0.50546879 -0.02144903 0.45227575 0.54788357 -0.38457301 0.72072226 0.51107472 0.26772317 0.49970624 0.53570151 -0.04245231 0.5821659 0.59473628 0.07596364 0.48710769 0.59576219 -0.07550023 0.66441602 0.64407212 -0.45666108 0.51874483 0.64969987 -0.61448783 0.65764487 0.75341195 -0.30943042 0.45587981 0.76590389 -0.56091005
0.6729213 0.50116843 -0.42992756 0.50964099 0.50120103 -0.67203379 0.70002496 0.50177616 -0.02003624 0.44342294 0.53732836 -0.35533071 0.72079223 0.50624204 0.33435735 0.45515853 0.52505589 0.0503051 0.58189631 0.59181988 0.07386877 0.48752838 0.59292203 -0.07337826 0.66170841 0.64378953 -0.47130495 0.51842165 0.64770317 -0.62199289 0.65742356 0.75323194 -0.32740057 0.45589188 0.76473314 -0.55969512
0.67297572 0.49485046 -0.37186888 0.50995916 0.49427626 -0.59938443 0.71194267 0.49343872 0.02616582 0.44642183 0.53351426 -0.25592464 0.72465461 0.5014354 0.36025408 0.45397276 0.51971036 0.12378997 0.58188879 0.59059864 0.06894846 0.48769593 0.59058547 -0.0685044 0.660842 0.64278585 -0.47390068 0.51919806 0.64405286 -0.61849689 0.65708703 0.75304645 -0.32536981 0.4561663 0.76211923 -0.52946037
0.67238092 0.48906282 -0.31720537 0.51103801 0.48677269 -0.57400566 0.7039935 0.49517399 0.04475028 0.44798893 0.52816278 -0.22971123 0.72994071 0.49441236 0.29878393 0.44691029 0.51265103 0.17092934 0.58204621 0.58913046 0.06990783 0.48816997 0.58798957 -0.06943096 0.66116738 0.64050949 -0.4725489 0.51914346 0.64195168 -0.61850107 0.6568225 0.75265533 -0.32266071 0.45657581 0.76156443 -0.53073186
0.67194754 0.48320735 -0.33631524 0.51440269 0.47896674 -0.5819698 0.659657 0.49533847 0.0454909 0.45154846 0.51817364 -0.20242253 0.71040726 0.48945573 0.31418318 0.46126756 0.50348961 0.25912637 0.58132458 0.58503902 0.07098695 0.48828644 0.5835067 -0.07049176 0.6605894 0.64057714 -0.45602617 0.51551861 0.64229411 -0.60759699 0.65655643 0.75267464 -0.31342316 0.45658755 0.76167613 -0.52673376
0.67345834 0.4785223 -0.34966308 0.51763934 0.4728491 -0.58345902 0.67514664 0.4935818 0.02567516 0.45054632 0.5101788 -0.19959667 0.722031 0.48803222 0.31658709 0.4322843 0.49826261 0.25187957 0.58199143 0.57962644 0.0666203 0.48937792 0.57757914 -0.0661659 0.66063237 0.63901412 -0.44867882 0.5126527 0.64246905 -0.60621721 0.65655327 0.7526238 -0.31735107 0.45657903 0.76165593 -0.52761239
0.67400432 0.4722029 -0.34241295 0.51905817 0.46545205 -0.52119321 0.67297596 0.49271852 0.01799609 0.45097956 0.50317472 -0.09420314 0.71237254 0.48532623 0.31197512 0.44035828 0.49364135 0.4007633 0.58587241 0.57769811 0.05678919 0.49310818 0.57540792 -0.05637275 0.66080141 0.63968098 -0.44770417 0.50107628 0.64072007 -0.59860647 0.65654033 0.75264174 -0.32307535 0.45660797 0.76171023 -0.50710887
0.67410249 0.46526173 -0.34397355 0.52075154 0.45805281 -0.53758883 0.67073184 0.48864892 0.02213007 0.45555192 0.49727768 -0.09839641 0.71630019 0.47742715 0.25864556 0.44977564 0.48712632 0.41292018 0.58741826 0.57287711 0.05767139 0.49493566 0.5694893 -0.05723742 0.66088516 0.63853067 -0.48345539 0.49238276 0.64137459 -0.58563793 0.65627301 0.75262481 -0.32650909 0.45552748 0.76264971 -0.44571716
0.67503965 0.45776209 -0.21341643 0.52099699 0.44749638 -0.37616795 0.67997181 0.48075202 0.08783349 0.45612139 0.49325854 0.02250977 0.72564048 0.47035417 0.21503878 0.45455986 0.48048589 0.41553047 0.58714658 0.56777036 0.05786247 0.49712202 0.56493115 -0.05753331 0.66102511 0.63894814 -0.42597246 0.48910308 0.6415239 -0.59204608 0.65589929 0.75264567 -0.28617305 0.45342281 0.76494014 -0.4578912 
0.67499244 0.44721392 -0.28339016 0.52255327 0.44064152 -0.48535693 0.64717114 0.47998974 0.0167073 0.45974162 0.48695952 -0.07182626 0.69098264 0.46827066 0.14419375 0.44425166 0.47445583 0.41585895 0.58691233 0.55947536 0.0595 0.49922591 0.55716145 -0.05916061 0.66130197 0.64062202 -0.29857391 0.47763503 0.64380151 -0.51165545 0.6543408 0.75291359 -0.11803275 0.45158529 0.76592404 -0.38491777
0.67499804 0.43660548 -0.19339535 0.52440459 0.43321326 -0.32124156 0.66343862 0.4711608 -0.31855762 0.45991272 0.47646752 -0.09914509 0.72600871 0.45525134 -0.74069607 0.44406065 0.46695435 0.09349629 0.5870586 0.55428272 0.05374262 0.50207162 0.55322421 -0.05336668 0.65981424 0.63791555 -0.22686028 0.47742802 0.64472401 -0.4167051 0.65417004 0.75330985 -0.14288208 0.44961742 0.76760209 -0.39486262
0.6758225 0.43191922 -0.13441071 0.52673292 0.42470205 -0.26286244 0.68645173 0.46077213 -0.36358693 0.46378326 0.46715444 -0.17791492 0.73514587 0.44662264 -0.85649931 0.44462308 0.46326989 -0.20734692 0.58895057 0.55026978 0.05464071 0.50328064 0.54859662 -0.0542619 0.65769929 0.63644493 -0.13301662 0.47971925 0.64380974 -0.42452714 0.65389198 0.75383073 -0.05908312 0.44864279 0.76753807 -0.43524963
0.67702615 0.42456162 -0.03893453 0.52820706 0.41518897 -0.15595815 0.68767267 0.4595471 -0.19623426 0.46524352 0.46175307 0.0687236 0.74117982 0.43610248 -0.57045567 0.43912446 0.45276082 0.25448743 0.59008449 0.5435831 0.05065641 0.50455046 0.543302 -0.05031235 0.64858919 0.63256037 -0.18911041 0.47979024 0.64427525 -0.23277415 0.65374887 0.75383449 -0.15509711 0.44585767 0.76804715 -0.22282968
0.67766315 0.41640899 -0.19165371 0.52804583 0.40921599 -0.33392882 0.68537468 0.4356041 -0.17292868 0.46556094 0.45434335 0.02417992 0.73322177 0.42673254 -0.35368863 0.43818972 0.4441691 0.44395351 0.59195364 0.53856343 0.04628136 0.50709778 0.54028201 -0.04625595 0.64278644 0.63292521 0.02765543 0.48040962 0.64658225 -0.31007138 0.65387458 0.75366378 0.20993963 0.44509539 0.76901764 -0.29409495
0.67790949 0.41087836 -0.1805612 0.52763993 0.40234238 -0.29457694 0.67304999 0.43957135 -0.14252667 0.46644455 0.44800842 0.0124119 0.7254473 0.42258665 -0.2783232 0.43908456 0.44139197 0.33858103 0.59309649 0.53639126 0.04316807 0.50744092 0.54001874 -0.0431379 0.63794595 0.63363147 -0.00820834 0.47558588 0.6539135 -0.21487312 0.65419018 0.75324738 0.12940912 0.44488388 0.7693392 -0.17815371
0.67854178 0.40583977 -0.0736964 0.52745897 0.39764932 -0.19333789 0.68550253 0.42751038 -0.08736846 0.46626559 0.44333696 0.02739101 0.72590178 0.41373354 -0.26502198 0.43281329 0.43272263 0.30982459 0.59545577 0.53566676 0.03421507 0.50793815 0.53905666 -0.03408522 0.63301992 0.63684672 -0.00301319 0.47109962 0.6570968 -0.15507512 0.6541732 0.7520144 0.1142581 0.44516394 0.76978683 -0.14407985
0.67849505 0.40084156 -0.11268239 0.52720654 0.39480937 -0.25870967 0.6711331 0.42431766 0.07728633 0.4670549 0.44065687 -0.01293688 0.69799298 0.4172357 0.09080786 0.43334833 0.42904598 0.21372339 0.59746045 0.53264588 0.03794707 0.51025015 0.53619963 -0.03777311 0.62835264 0.63890809 -0.00216823 0.46914327 0.65707737 -0.15839502 0.65345836 0.75194395 0.11688553 0.44527471 0.77060825 -0.12569308
0.67702788 0.40241063 -0.02578301 0.52697676 0.39323738 -0.18106247 0.67066771 0.43328607 -0.16197497 0.46921077 0.4377256 -0.04913602 0.72142559 0.41228911 -0.54815143 0.43450263 0.42681396 0.02758843 0.59924203 0.53435975 0.03842505 0.5113287 0.53680176 -0.03821987 0.62726671 0.64426041 0.0384336 0.46876594 0.657076 -0.15218019 0.65346557 0.75195032 0.13968001 0.44558403 0.7707085 -0.14330414
0.67640918 0.40154478 0.00349853 0.52685344 0.39188388 -0.1603712 0.67079121 0.43388909 -0.13615704 0.46767363 0.43805981 -0.02174327 0.72637677 0.40982392 -0.48729083 0.43017837 0.41674417 0.11636888 0.60239899 0.53302562 0.04025247 0.51393837 0.53471631 -0.04007309 0.62725073 0.64523411 0.02589347 0.46937114 0.6565302 -0.12709746 0.65353394 0.7519592 0.11557849 0.44761062 0.77033371 -0.10018209
0.67643452 0.40154508 -0.01775628 0.52638179 0.39050487 -0.18703556 0.67088228 0.43547902 -0.16338009 0.46752673 0.43757072 0.01606826 0.73702741 0.41234186 -0.58753479 0.42496485 0.42061105 0.19468077 0.60409486 0.52949059 0.04650525 0.51586682 0.53087783 -0.04627619 0.62664765 0.64476359 0.0402205 0.46990007 0.65036291 -0.19008435 0.65378535 0.75188643 0.15158617 0.44955504 0.76961386 -0.17251112
0.67601067 0.40043879 0.010647 0.52626407 0.39079598 -0.18097284 0.66770047 0.43760195 -0.15363713 0.46930018 0.43940368 0.02507288 0.73507243 0.41496271 -0.62319762 0.4380219 0.42563999 0.21038508 0.60478246 0.52954364 0.05971769 0.51743388 0.52987945 -0.05939272 0.62661052 0.64446199 0.07754538 0.470864 0.64726472 -0.20053165 0.65378088 0.75188863 0.22384308 0.45119983 0.76872504 -0.17645942
0.67567801 0.40340179 0.02459036 0.52609801 0.39145973 -0.15786788 0.65982533 0.44509742 -0.14840136 0.46913642 0.44152492 0.0538712 0.73374528 0.41720906 -0.55970472 0.43948141 0.42480955 0.24321114 0.60582358 0.52960742 0.06372892 0.51918536 0.52850574 -0.06344425 0.62638336 0.6441502 0.05840538 0.47347391 0.64242625 -0.19203632 0.65377522 0.75189269 0.18888083 0.45302016 0.76781809 -0.15794377
0.67567635 0.40357539 0.02445055 0.52568281 0.39209911 -0.13561985 0.65890306 0.45106319 -0.13827138 0.46771571 0.44353542 0.02987186 0.73623168 0.41898808 -0.57225162 0.42595834 0.42022905 0.14734338 0.60673666 0.53065163 0.0613032 0.52015781 0.52927786 -0.06104293 0.62522346 0.64398265 0.05831256 0.47383967 0.64161277 -0.16366367 0.65370286 0.75193495 0.20146528 0.45489505 0.76741219 -0.10775545
0.67547804 0.40454444 0.05710841 0.52397472 0.39263579 -0.13416228 0.65637076 0.45337766 -0.12144 0.46769369 0.44457513 -0.02555285 0.73627669 0.42004168 -0.55710942 0.42621928 0.42410535 0.01743666 0.60715419 0.53128994 0.06493454 0.5195573 0.53064954 -0.06473674 0.62530291 0.64573783 0.11515038 0.47281405 0.64319628 -0.15651724 0.65343314 0.75225621 0.27384526 0.455239 0.76687253 -0.10762534
0.67504048 0.40513286 0.06071824 0.52297258 0.39314097 -0.15225452 0.6546666 0.45425501 -0.08101982 0.46780175 0.44495553 0.0355931 0.73602933 0.42067239 -0.5227105 0.43416789 0.4256624 0.21478625 0.60699409 0.53153169 0.07123081 0.5192346 0.53156763 -0.07095302 0.625413 0.64552933 0.10086571 0.4730731 0.64335215 -0.17874719 0.65342879 0.75241667 0.25679994 0.45584789 0.76665241 -0.13139056
0.67477065 0.40550792 0.08099932 0.52259839 0.3935636 -0.14911889 0.65491897 0.45503706 -0.05748306 0.46765533 0.44525814 0.05220037 0.73559558 0.42094713 -0.50657982 0.44336981 0.42566934 0.25687429 0.60674727 0.53191894 0.07595757 0.51895261 0.53229702 -0.07562072 0.6253804 0.64540976 0.08914619 0.47304693 0.64385402 -0.18262957 0.65328914 0.75255018 0.23909353 0.45633414 0.76673013 -0.13709296
0.67476815 0.40589324 0.06113425 0.52215087 0.3937324 -0.13319767 0.65531433 0.45498055 -0.07244307 0.46762669 0.44486904 0.04710715 0.73529106 0.42113242 -0.5063991 0.44782892 0.42424354 0.22624417 0.60656691 0.53227884 0.07522058 0.51876843 0.53258806 -0.07482171 0.62501556 0.64553779 0.06814322 0.472644 0.64416754 -0.17440236 0.65289956 0.7525844 0.214834 0.45646068 0.76671815 -0.12621066
0.67430329 0.40601805 0.05917648 0.52123517 0.39358616 -0.13574891 0.65568048 0.45501885 -0.06845917 0.465547 0.44439077 0.0645056 0.7360031 0.42126197 -0.50143635 0.44631985 0.42402089 0.25750327 0.60639286 0.53281701 0.07324614 0.51855278 0.53299558 -0.07288732 0.62459129 0.6454286 0.06414942 0.4726778 0.64385617 -0.19250862 0.65260577 0.75260174 0.20189057 0.45652297 0.76666039 -0.17636395
0.6735397 0.40625373 0.08101489 0.52052897 0.39338142 -0.11848798 0.65554154 0.45509902 -0.06539147 0.46436438 0.4437339 0.05186518 0.73517311 0.42131969 -0.49517369 0.45297664 0.42304114 0.24167006 0.60626376 0.53299564 0.07205777 0.51816404 0.53322887 -0.07171915 0.62422746 0.64545023 0.06529347 0.47208098 0.64404076 -0.19426267 0.65240234 0.75264198 0.19543447 0.45645711 0.76669049 -0.17826428
0.67251915 0.40642387 0.09006026 0.51985133 0.39326021 -0.11249436 0.65306038 0.45509785 -0.0615989 0.46431744 0.44315803 0.05078747 0.72947794 0.42139998 -0.49307415 0.46834296 0.42135125 0.19325346 0.60613418 0.53334826 0.07129827 0.51776332 0.53338259 -0.0709691 0.6240918 0.6458686 0.06239379 0.47135934 0.64408422 -0.19510286 0.65226257 0.7528289 0.19395523 0.45617202 0.7668938 -0.17692357
0.671767 0.40655467 0.10389461 0.51951981 0.39307517 -0.11806338 0.65175325 0.45551157 -0.04577396 0.46449006 0.44221613 0.03603837 0.72839791 0.42145535 -0.49251053 0.4839398 0.42025006 0.18071747 0.60596776 0.53355676 0.07382938 0.5174467 0.53358543 -0.07346805 0.62404001 0.64624554 0.06713098 0.47062078 0.64463532 -0.19570342 0.65226269 0.75328201 0.19634926 0.45581895 0.76707196 -0.17616971
0.67104644 0.40659574 0.11750229 0.51927811 0.3928591 -0.12108568 0.65114403 0.45557231 -0.02386125 0.4653807 0.44159663 0.04133675 0.72832882 0.42150366 -0.46786663 0.48743135 0.42013547 0.22796549 0.60575157 0.53393531 0.07940696 0.51738971 0.53376716 -0.07898927 0.62408721 0.64619863 0.06693588 0.47041026 0.64473146 -0.21051356 0.65225387 0.75356138 0.19440658 0.45560196 0.76704174 -0.19079782
0.66999167 0.40638876 0.11776039 0.51907986 0.39234126 -0.11812064 0.64837354 0.45561883 -0.02203086 0.46658275 0.44127753 0.04581697 0.72560549 0.42154744 -0.46189639 0.49585995 0.41961792 0.23446569 0.605672 0.53420013 0.08208672 0.51733303 0.53387463 -0.08167098 0.6241163 0.64616024 0.06802653 0.47017804 0.64424253 -0.22913511 0.65224302 0.75386274 0.19667016 0.45509067 0.76699597 -0.20478982
0.66974258 0.40608844 0.11565936 0.51782161 0.39174297 -0.11420421 0.64827228 0.45556676 -0.02316073 0.4657045 0.44141844 0.05121311 0.72457844 0.42127341 -0.45611328 0.48733911 0.42001739 0.23266654 0.60560811 0.53432459 0.08266234 0.51713699 0.53391844 -0.08226778 0.62414491 0.64596009 0.06684019 0.47018015 0.64323437 -0.24478415 0.65216082 0.75386643 0.19519348 0.45500296 0.76693243 -0.23163046
0.66966397 0.4057571 0.10930605 0.51691002 0.39134365 -0.11471274 0.64960927 0.45353526 -0.02913143 0.46463951 0.44150007 0.04990409 0.72473252 0.41912222 -0.4575851 0.46585706 0.42029184 0.21785498 0.60553032 0.53439844 0.08202976 0.5169549 0.53393042 -0.08165527 0.62415826 0.64593583 0.06644075 0.47012356 0.64306557 -0.2414296 0.65210813 0.75386482 0.19426736 0.45473623 0.76690555 -0.22895856
