0.59777981 0.28958568 0.26534715 0.54832429 0.33004057 0.56916803 0.59311026 0.27836847 0.01568218 0.49839795 0.38476893 0.57210588 0.51626474 0.25263199 -0.09070063 0.45829311 0.41808477 0.44599226 0.54991204 0.46804094 -0.14021169 0.53269672 0.48119196 0.13958725 0.56787562 0.62554234 -0.28924936 0.58803713 0.60882932 -0.08841797 0.66490215 0.7769472 -0.57838821 0.58663648 0.74439937 -0.28287807
0.74403369 0.2476365 0.30429268 0.68773586 0.27468836 0.71092248 0.6821422 0.26487753 0.13784175 0.6360265 0.32504237 0.56611383 0.55012625 0.23719846 0.23358916 0.62011427 0.29199398 0.33691978 0.7268309 0.43716291 -0.16603467 0.68978655 0.44907191 0.16523483 0.73897415 0.6034044 -0.34505498 0.74241471 0.59146994 -0.04370929 0.72223669 0.7800703 -0.66303444 0.73065364 0.75331581 -0.30978921
0.79385757 0.31513551 0.23096026 0.71197301 0.34759256 0.57959098 0.77322954 0.3041096 0.09043 0.6839695 0.39819381 0.64863688 0.64121884 0.27449092 0.28618053 0.60128492 0.3912583 0.59399235 0.7847392 0.46683553 -0.151953 0.74488318 0.50563061 0.15106522 0.75460976 0.62274849 -0.27425772 0.74462491 0.61996198 0.10120482 0.7182312 0.78473908 -0.54116005 0.73265439 0.76316816 -0.12930535
0.71505553 0.26467583 0.20067832 0.65953094 0.28939551 0.5855369 0.70579243 0.27842343 0.02356506 0.62672031 0.33248037 0.50120449 0.57609034 0.24913652 0.12015245 0.60079497 0.29592142 0.33414629 0.76008421 0.44908947 -0.16044821 0.71214288 0.47114313 0.15964971 0.76339543 0.61368525 -0.27497357 0.74849808 0.6012795 0.08640913 0.72125363 0.7825157 -0.53412652 0.74145544 0.75185591 -0.07456806
0.73716444 0.27699116 0.24444464 0.66002476 0.29940102 0.59038401 0.71682435 0.2714262 0.13654831 0.64403623 0.33775264 0.62050986 0.59273016 0.23437275 0.32552996 0.61697942 0.30612463 0.61389244 0.76306957 0.45689854 -0.15154238 0.71736294 0.47665012 0.15068708 0.75605071 0.61873168 -0.29970282 0.7405079 0.59939045 0.14992312 0.72409713 0.78347963 -0.59560174 0.74436545 0.74501675 0.04243506
0.72196501 0.26840061 0.25192207 0.6603232 0.2943626 0.63319743 0.72837514 0.28038707 0.09261733 0.65963614 0.32315829 0.7620284 0.62293816 0.24285613 0.13385063 0.63007569 0.28497943 0.81862682 0.75825125 0.44636223 -0.1548198 0.71599823 0.46496359 0.15449615 0.76503873 0.60500419 -0.3513965 0.72676647 0.59342641 -0.00683318 0.72993129 0.78105128 -0.63133574 0.74457282 0.74636024 -0.18981114
0.68108696 0.19836284 0.01440339 0.61712503 0.21216418 0.10845055 0.6783126 0.24208492 -0.12755838 0.64688206 0.26437634 -0.07618899 0.5886873 0.21521384 -0.21934132 0.7004835 0.24384412 -0.2762621 0.7254532 0.39645725 -0.10758974 0.67712331 0.40389627 0.10728592 0.74490249 0.5172388 -0.41113305 0.71938747 0.53404206 -0.14477223 0.73451263 0.70688802 -0.57287765 0.75162715 0.70126134 -0.31677914
0.67898482 0.20213057 -0.04877666 0.61948079 0.20167476 0.16593689 0.67024839 0.26712674 -0.08783322 0.65623403 0.25384989 0.09010387 0.57138485 0.23966931 0.00965973 0.69328845 0.24682726 0.00226147 0.72893387 0.40133008 -0.11162673 0.67824143 0.40683958 0.11091489 0.75235403 0.55179375 -0.31410578 0.73085356 0.55842382 -0.1338736 0.7304635 0.74012637 -0.45507285 0.73797953 0.73760706 -0.22572745
0.7296803 0.221599 0.33412305 0.61432594 0.23826408 0.51793313 0.69894785 0.23215699 0.18421517 0.62714934 0.26737896 0.44169945 0.57255316 0.19708656 0.31873077 0.67812079 0.22118229 0.41342759 0.75794762 0.41432723 -0.11995112 0.68434125 0.42714325 0.11908314 0.76756537 0.57333678 -0.34916297 0.73343128 0.57130176 -0.13005619 0.72519529 0.75072867 -0.66233659 0.7316435 0.7495504 -0.3712039 
0.71354413 0.21169877 -0.14753956 0.61085552 0.22620262 0.0577656 0.67894512 0.23751919 -0.25966933 0.62722832 0.25926188 -0.05752439 0.55035841 0.20643753 -0.17420208 0.67478985 0.22919311 -0.2341565 0.74964195 0.40731013 -0.11225209 0.68091857 0.41438788 0.11149287 0.76322281 0.54826778 -0.32559177 0.7383424 0.54639792 -0.06355671 0.73596758 0.75264734 -0.55976897 0.76864409 0.70325935 -0.10664536
0.72829741 0.22247258 0.2572456 0.60910308 0.23883435 0.44719997 0.6919269 0.24446948 0.06587777 0.61854619 0.26730746 0.33516246 0.54991299 0.21548635 0.1635166 0.66131473 0.22490287 0.25710708 0.75932437 0.41356897 -0.10745373 0.68168581 0.42600486 0.10673678 0.76125729 0.56080645 -0.34500632 0.73661572 0.56230503 -0.15181476 0.73265749 0.7589677 -0.62206262 0.74308884 0.72376752 -0.38089895
0.73494458 0.23008558 0.11149975 0.65485048 0.24192426 0.46956444 0.68180621 0.24830744 -0.02578959 0.65363872 0.27433538 0.44275764 0.56655174 0.21411243 0.12670808 0.67401594 0.22799063 0.31993642 0.77941149 0.42086169 -0.15321966 0.72229147 0.44167444 0.15262416 0.76592118 0.57814574 -0.33766171 0.73308837 0.5767765 0.02840609 0.73440087 0.76457369 -0.56517822 0.74270165 0.73242539 -0.09388433
0.74242556 0.20594746 -0.19042116 0.63860595 0.22031654 0.16643578 0.70601296 0.25395402 -0.40961224 0.63209504 0.2605781 -0.0125625 0.56490541 0.23748399 -0.4803282 0.65713799 0.22599244 -0.28982463 0.77440941 0.41342562 -0.15495203 0.70304579 0.42450896 0.15473197 0.76092482 0.57544249 -0.39847302 0.72893769 0.57067454 0.06201245 0.73213887 0.76640552 -0.56966454 0.74988759 0.73487926 0.05475172
0.7357899 0.20202357 0.00100932 0.62670714 0.2219111 0.29584122 0.72565299 0.25559065 -0.19685677 0.62266916 0.27047363 0.13410781 0.56458741 0.2437488 -0.2755304 0.65561098 0.22994442 -0.05897151 0.77596503 0.40970898 -0.15419623 0.69113451 0.42360055 0.15419231 0.7514438 0.56917065 -0.46088162 0.71896356 0.5652197 0.03473895 0.73367745 0.76758802 -0.6525926 0.74784529 0.73657668 -0.05769733
0.72881001 0.20862609 -0.08191539 0.62269652 0.22074103 0.32371813 0.71220374 0.2634241 -0.30489028 0.61951894 0.2586475 0.24132818 0.56309754 0.24915528 -0.40495238 0.6197803 0.22066058 0.00712106 0.77445471 0.41477519 -0.17386028 0.71779132 0.42544109 0.17394519 0.74797088 0.57171321 -0.47064403 0.71751642 0.56449342 0.12141338 0.73208064 0.77093339 -0.70342833 0.75066507 0.72370052 0.09189475
0.72812217 0.20213839 -0.01845719 0.61216271 0.2161722 0.38561916 0.71677959 0.26418325 -0.2381743 0.61664522 0.26502383 0.29014775 0.56265914 0.25097537 -0.31999171 0.61668998 0.22727424 0.03031417 0.77200806 0.40773392 -0.16497529 0.70428109 0.42099661 0.16505365 0.74378723 0.56637919 -0.49621272 0.71477431 0.55449408 -0.03882393 0.72976649 0.77091992 -0.73369354 0.74809498 0.72514826 -0.2094772 
0.72547352 0.20722769 0.00652997 0.62353265 0.25805169 0.49781945 0.69517761 0.26270974 -0.19728395 0.61668658 0.33332533 0.5879544 0.55697531 0.24660631 -0.32806498 0.55489659 0.37174994 0.46872389 0.77418858 0.41924134 -0.16617627 0.71404344 0.4336645 0.16595893 0.74160248 0.56850028 -0.4577899 0.71626288 0.56581461 -0.03953911 0.72840983 0.77444679 -0.71470964 0.74294943 0.74225545 -0.25879508
0.72370434 0.23500665 -0.09280118 0.64403981 0.28351191 0.40368697 0.66575271 0.26311824 -0.31965452 0.62423027 0.34527016 0.45295334 0.54880375 0.24243961 -0.4428494 0.56432611 0.36537629 0.31829304 0.78484184 0.43918607 -0.17274471 0.73608458 0.44880524 0.17270556 0.73241854 0.57780927 -0.46346319 0.71855056 0.56669843 0.29730371 0.72537452 0.77846569 -0.73946637 0.74048758 0.72465444 0.32195228
0.72223473 0.26582921 0.1745446 0.65078068 0.32466307 0.58364588 0.69500417 0.2633138 -0.1402529 0.65156484 0.38802338 0.72607017 0.55357438 0.24977173 -0.28822896 0.56343699 0.42413124 0.68836319 0.79973561 0.45203474 -0.16625971 0.75383258 0.45923612 0.16608034 0.71173465 0.58374316 -0.44691637 0.71153939 0.56729811 -0.03034075 0.72427088 0.77858603 -0.7051875 0.73837811 0.73127687 -0.30212426
0.70966411 0.27889839 -0.26239842 0.65790075 0.29891518 0.30277729 0.70192766 0.30694225 -0.58664799 0.64616919 0.31213647 0.53427297 0.62957263 0.28967538 -0.87507248 0.57012928 0.2742449 0.47578514 0.80266136 0.46301672 -0.2093765 0.76647788 0.46627775 0.2095658 0.69464964 0.58919442 -0.43393031 0.69218367 0.56761295 0.2564922 0.72429091 0.78043997 -0.60989094 0.74007571 0.72652465 0.29744968
0.70271599 0.30194792 -0.10823921 0.66194206 0.32554904 0.40410352 0.70037133 0.32080418 -0.36578989 0.64019382 0.33607224 0.67338878 0.64457351 0.30405331 -0.5199874 0.57211494 0.28223437 0.78660631 0.8058331 0.47249091 -0.20334852 0.76608133 0.47636163 0.20337965 0.68257314 0.59417504 -0.42733574 0.67789686 0.57329971 0.14936137 0.72357708 0.78066075 -0.60861903 0.73904634 0.72771841 0.11541384
0.70537859 0.30147669 -0.16628395 0.65769517 0.32528532 0.40424377 0.74017084 0.35586849 -0.44455433 0.65019459 0.37454638 0.63963866 0.69945699 0.37444335 -0.67337054 0.62193918 0.37806436 0.74026257 0.80966884 0.47708812 -0.21134891 0.76094657 0.48289701 0.21151282 0.67866576 0.59346527 -0.48007214 0.66345727 0.57851046 -0.00092109 0.72437006 0.78063256 -0.65904665 0.73852009 0.72906727 0.03157417
0.70126092 0.3018854 -0.27525762 0.65330034 0.32094952 0.2945101 0.73118818 0.32847616 -0.66268235 0.64707094 0.36464036 0.57443374 0.67154872 0.33970615 -0.93651533 0.60771698 0.35558477 0.61788929 0.81216979 0.48125163 -0.21678355 0.76227516 0.48753944 0.21694356 0.67106831 0.59619224 -0.45989734 0.65634769 0.58622783 0.0079972 0.72393721 0.78125775 -0.60261297 0.73770571 0.73279727 0.09375118
0.70838851 0.31449053 -0.20317444 0.65077817 0.33068228 0.31386119 0.73142666 0.31865895 -0.52359593 0.64383602 0.35764855 0.56179041 0.66709363 0.31308275 -0.67837453 0.62956405 0.34603852 0.64131671 0.81908983 0.48729786 -0.21152733 0.76268834 0.49536946 0.21165194 0.66482729 0.59159976 -0.50295293 0.64639634 0.58492905 -0.07257442 0.72460842 0.77938217 -0.68465024 0.73580396 0.73274541 -0.14593905
0.72819954 0.31266779 -0.25528181 0.62315238 0.33187601 0.14640345 0.76138544 0.29843128 -0.64681774 0.59547681 0.35993767 0.09299556 0.6576528 0.22558096 -0.85695517 0.58796388 0.3409197 -0.10778242 0.82448322 0.48924494 -0.19034185 0.76001912 0.5001598 0.19060284 0.66782916 0.58464175 -0.55380523 0.63659787 0.5841223 -0.21320832 0.72443777 0.77647787 -0.717776 0.73555911 0.73295426 -0.25062239
0.73152542 0.32565033 -0.19454639 0.62459451 0.34198803 0.24930951 0.776115 0.33288771 -0.56190145 0.60669732 0.38497171 0.49909714 0.71070778 0.29048717 -0.87201649 0.60779077 0.36641011 0.61556453 0.82807946 0.49612597 -0.18991347 0.75887179 0.50759798 0.19028912 0.66513115 0.58072352 -0.55255312 0.63723767 0.58504897 -0.20324306 0.72424656 0.77585506 -0.76425445 0.73334879 0.73742867 -0.31838447
0.73767537 0.33595201 -0.07048202 0.62918925 0.36568898 0.40082487 0.78209108 0.36350366 -0.51262629 0.62538332 0.41017252 0.73973531 0.73868269 0.33388707 -0.89612484 0.61455286 0.39744329 0.97840756 0.83167553 0.50237763 -0.18960641 0.75926125 0.51711482 0.18994023 0.66129428 0.58110881 -0.52700752 0.63123345 0.58782458 -0.17244126 0.72413635 0.77529943 -0.7886371 0.73319548 0.74044859 -0.36612689
0.73607099 0.34136778 -0.08330799 0.64472508 0.36953813 0.37304384 0.77170491 0.36121979 -0.5143798 0.63735825 0.40639928 0.61250442 0.72283262 0.32444349 -0.83235317 0.62527788 0.37533858 0.76035506 0.83457106 0.51268637 -0.19981824 0.77295023 0.52644306 0.19995157 0.64727956 0.58429545 -0.49711993 0.63054955 0.59415472 -0.05039094 0.72400635 0.77542841 -0.70594275 0.7328012 0.74152112 -0.18675959
0.73656493 0.34124777 -0.13054828 0.65048903 0.37588421 0.38979608 0.74552351 0.33378452 -0.52303559 0.62003541 0.40260538 0.59820181 0.66295969 0.25931853 -0.78836453 0.57044512 0.36698505 0.66271323 0.83507031 0.5184263 -0.22051179 0.77889687 0.53200662 0.22056504 0.63922477 0.58489603 -0.53906679 0.62742186 0.59701753 0.01863103 0.72416484 0.7779296 -0.73334825 0.73302639 0.74433464 -0.05884088
0.74017048 0.35558018 0.0095386 0.65192258 0.39010367 0.51880831 0.6935184 0.33162019 -0.26901138 0.58782285 0.39349368 0.62683529 0.59858185 0.25079975 -0.33682364 0.53360289 0.33429143 0.64944857 0.83630294 0.52095419 -0.21575467 0.77540463 0.53597838 0.21581262 0.63987833 0.58746421 -0.62664735 0.61617148 0.59845406 -0.20118588 0.72557133 0.77794021 -0.97821009 0.73221391 0.74683642 -0.52515316
0.74726623 0.3615368 -0.04359141 0.65161425 0.39209223 0.41538072 0.69314259 0.34299099 -0.33323896 0.56177795 0.39312971 0.30517614 0.61430633 0.26786751 -0.36605445 0.5517239 0.29763263 0.14588664 0.83913237 0.52821237 -0.21354277 0.77323282 0.54240143 0.21355501 0.64144176 0.58942384 -0.58137435 0.6108405 0.6083498 -0.14596222 0.7272498 0.77374321 -0.87836051 0.72977322 0.74896389 -0.44193652
0.74557805 0.37875471 0.00464424 0.65792847 0.41346964 0.42046601 0.69957465 0.36267766 -0.23094939 0.57183975 0.41729724 0.4448528 0.6400153 0.31199771 -0.30564728 0.56016052 0.36384705 0.2380238 0.83856571 0.53686255 -0.19532794 0.7734111 0.54910475 0.19518919 0.63875997 0.59436619 -0.51891369 0.60903054 0.60876876 -0.11794381 0.72832048 0.77377743 -0.876522 0.72958648 0.74818009 -0.3104876 
0.71391606 0.39773133 0.0264742 0.6884138 0.41537076 0.44096315 0.67036384 0.35931396 -0.13162075 0.6278984 0.40856114 0.6290583 0.60763472 0.30373245 -0.10506623 0.57147253 0.36053553 0.69999087 0.83516103 0.54313523 -0.19094722 0.7781595 0.55353898 0.19049932 0.6287722 0.60386366 -0.46647999 0.60458112 0.60999787 -0.04668121 0.72826147 0.77883887 -0.78912568 0.72958279 0.74770939 -0.28983 
0.68226427 0.40802518 -0.01574354 0.71305358 0.41768461 0.42976266 0.61494678 0.37321106 -0.1655935 0.66792494 0.42284694 0.59555113 0.57550764 0.30879584 -0.13818932 0.60716099 0.38535929 0.65831476 0.8258459 0.553132 -0.18757203 0.81632131 0.56809533 0.18692718 0.61485219 0.60726744 -0.39865279 0.60683823 0.6091643 0.0911148 0.72822154 0.77962077 -0.62849575 0.72972381 0.74671644 -0.05022149
0.69364548 0.3909947 -0.09244084 0.67165327 0.41091067 0.32819834 0.64874214 0.37154636 -0.29032761 0.60825723 0.42061946 0.46685272 0.5898301 0.30682203 -0.38261017 0.54225075 0.37265158 0.4816989 0.82696164 0.55390245 -0.18799976 0.81052524 0.56590956 0.18749353 0.61866456 0.60978395 -0.43873465 0.59917599 0.61048818 0.05136659 0.72801793 0.78102738 -0.67372751 0.72666943 0.74428707 -0.0254852 
0.6263895 0.41039896 -0.22182743 0.71642506 0.40396544 0.20269623 0.53534627 0.37375385 -0.33770949 0.67663431 0.37547654 0.22911656 0.52040684 0.30512717 -0.39536932 0.60091203 0.31675327 0.06250618 0.81856292 0.56554151 -0.18724211 0.82241595 0.56576896 0.18670624 0.61226141 0.61070794 -0.41856933 0.6035403 0.61098403 0.21242681 0.72790039 0.78107464 -0.55566311 0.7271235 0.74406588 0.23202001
0.64477277 0.42852041 -0.04201842 0.74217671 0.42652476 0.29737255 0.55079746 0.39192778 -0.01974391 0.69541079 0.40597564 0.54533273 0.54016167 0.32877648 0.14091931 0.62182039 0.36579138 0.64462191 0.81813562 0.57365543 -0.17491041 0.82715493 0.56921458 0.17400357 0.6125114 0.6150499 -0.40967897 0.61805862 0.61432892 0.24540897 0.7269401 0.78100699 -0.60441333 0.73132288 0.74325496 0.22094442
0.62551498 0.45005763 0.01978101 0.74553931 0.43943608 0.30846867 0.51721889 0.43686658 0.07442186 0.73115224 0.4174518 0.48486459 0.55612212 0.39881387 0.28174445 0.64934921 0.39856845 0.52868485 0.79209763 0.58745927 -0.16339608 0.83951694 0.58563322 0.16222835 0.61132598 0.62227792 -0.35325935 0.62629527 0.62118137 0.25079855 0.72421104 0.78120613 -0.61351436 0.7341662 0.74323326 0.24341923
0.64210278 0.44287345 -0.06619386 0.73123658 0.43021214 0.31013542 0.54688269 0.4619627 -0.10965417 0.70922762 0.44768411 0.45676291 0.5263626 0.41706172 -0.03083584 0.64674759 0.42469376 0.47846997 0.79672903 0.59101117 -0.16777891 0.82834548 0.5868234 0.16684982 0.6013788 0.62262762 -0.37304503 0.6201731 0.62338912 0.26272297 0.72187799 0.78203982 -0.62007022 0.73376954 0.74115634 0.25077227
0.65008926 0.45318413 -0.02192334 0.72998488 0.45111972 0.3912327 0.55507147 0.48156822 -0.14341635 0.6955778 0.47696477 0.54349232 0.6132499 0.44232398 -0.22094554 0.63701922 0.46194777 0.58809114 0.7995984 0.59686607 -0.17020898 0.82661152 0.60043269 0.16941397 0.59407997 0.62238353 -0.35824707 0.62054455 0.62481552 0.28774506 0.72172016 0.78365916 -0.63355625 0.73399884 0.74114859 0.24894919
0.68166739 0.45887226 -0.01625697 0.69699484 0.46605414 0.39432809 0.62292647 0.47592115 -0.12096901 0.69137925 0.49121296 0.42704117 0.64592695 0.4385123 -0.06278584 0.64189368 0.47030565 0.29483843 0.81459862 0.60313469 -0.17161381 0.82364631 0.61039829 0.170893 0.59609485 0.62061203 -0.37181213 0.61516577 0.62627345 0.24033536 0.71996212 0.7844857 -0.62870514 0.73273349 0.7396735 0.18864551
0.70475078 0.45738631 -0.01551946 0.66036332 0.47222659 0.26443517 0.6763981 0.45075276 -0.21607611 0.6768173 0.50974542 0.19732188 0.63524181 0.40272918 -0.30533597 0.69623739 0.49349681 0.01525014 0.82478714 0.60931802 -0.16323265 0.80380708 0.61200273 0.16257994 0.59452754 0.62305409 -0.36397034 0.61161357 0.63788617 0.2141293 0.71794349 0.78545016 -0.57062256 0.73274505 0.73973984 0.20429039
0.70751435 0.4719702 0.00480348 0.6546523 0.48290065 0.27411601 0.67018932 0.48068327 -0.20676298 0.67573804 0.51614398 0.21206439 0.65040416 0.43359479 -0.25232267 0.68930066 0.49679142 0.07587262 0.83190686 0.61925548 -0.14910324 0.80100042 0.6246447 0.1485263 0.59780926 0.62803662 -0.34942019 0.60996133 0.64023954 0.21112832 0.71732229 0.78646457 -0.58824539 0.73243427 0.73977631 0.0908219 
0.70205337 0.4859485 -0.11463626 0.66141218 0.48545614 0.18463321 0.65524817 0.46170479 -0.21622089 0.64607787 0.48809388 0.30215073 0.60460699 0.41114089 -0.17623721 0.60532618 0.46308178 0.27147692 0.83089358 0.63157535 -0.1509165 0.80189431 0.62685162 0.15033533 0.60238898 0.63513952 -0.31779611 0.61346412 0.64766127 0.20277096 0.71603352 0.78681409 -0.44022492 0.7311973 0.74245846 0.18872812
0.65527755 0.51293826 -0.10502616 0.72377121 0.49207243 0.24467638 0.51400572 0.49739304 -0.16077007 0.67543691 0.48004809 0.51434022 0.45559779 0.42135164 -0.08705898 0.61381018 0.4528071 0.66693389 0.80819756 0.63961983 -0.15305887 0.82265478 0.6216234 0.15238251 0.5893802 0.63149798 -0.29633805 0.6289286 0.64612347 0.2093455 0.71604186 0.78664833 -0.40644935 0.73123199 0.74896169 0.22612056
0.66225082 0.52726996 0.04038219 0.72715271 0.52790499 0.4190546 0.52325308 0.50481546 -0.06325967 0.67746198 0.51462567 0.65187359 0.46074778 0.43201104 -0.0542459 0.61721092 0.47588339 0.78919852 0.80691284 0.64113295 -0.1512505 0.82779199 0.64048535 0.1504375 0.58751929 0.6210047 -0.28211859 0.63571417 0.64236909 0.1868491 0.71577865 0.78620398 -0.4524343 0.73032433 0.7514798 0.07157359
0. 0. 0. 0. 0. 0. 0. 0. 0. 0. 0. 0. 0. 0. 0. 0. 0. 0. 0. 0. 0. 0. 0. 0. 0. 0. 0. 0. 0. 0. 0. 0. 0. 0. 0. 0. 0. 0. 0. 0. 0. 0. 0. 0. 0. 0. 0. 0. 0. 0. 0. 0. 0. 0. 0. 0. 0. 0. 0. 0. 0. 0. 0. 0. 0. 0. 0. 0. 0. 0. 0. 0. 0. 0. 0. 0. 0. 0. 0. 0. 0. 0. 0. 0. 0. 0. 0. 0. 0. 0. 0. 0. 0. 0. 0. 0. 0. 0. 0. 0. 0. 0. 0. 0. 0. 0. 0. 0. 0. 0. 0. 0. 0. 0. 0. 0. 0. 0. 0. 0. 0. 0. 0. 0. 0. 0. 0. 0. 0. 0. 0. 0.
0.65309876 0.5981133 0.13963088 0.67808819 0.62160301 0.35500616 0.69940555 0.67249256 0.07133321 0.72527337 0.67814726 0.33150464 0.69318146 0.73093325 0.00670212 0.72901624 0.73922509 0.21740712 0.81636405 0.62962574 -0.07630976 0.83203298 0.6474818 0.07542423 0.61940324 0.63342255 -0.01126232 0.62860841 0.66868532 -0.02224946 0.73613375 0.69519532 -0.11163603 0.7075966 0.7449106 -0.33968353
0.63969517 0.62287933 -0.02663572 0.67125225 0.5930925 0.16905686 0.6897341 0.70055079 -0.03336386 0.72191656 0.66273236 0.17114872 0.70131564 0.76549089 0.03354151 0.72909564 0.73885751 0.10727518 0.8255229 0.64332175 -0.07799372 0.85383898 0.63188154 0.07727636 0.60952687 0.64828527 -0.00097348 0.62570125 0.62479419 0.12766854 0.68242061 0.73228759 0.11080155 0.70796013 0.69583094 0.21102621
0.63581032 0.62497902 -0.01893833 0.67088771 0.59225452 0.20650905 0.68261456 0.69978029 -0.02787808 0.72223717 0.65952659 0.21172231 0.70278621 0.76727867 0.06106196 0.72897619 0.73619574 0.14672479 0.82825977 0.64474708 -0.08084754 0.85923785 0.62997663 0.08016752 0.60899597 0.64705145 0.00103494 0.62323934 0.61660808 0.15617855 0.68580276 0.72918123 0.10698507 0.72193539 0.67438644 0.22877821
0.63592166 0.62674642 0.04152921 0.67129999 0.59507459 0.19781946 0.68066823 0.69935548 0.00861817 0.72296935 0.66339481 0.20511118 0.70573318 0.76928228 0.10803678 0.72759479 0.73656833 0.16425331 0.83284688 0.6424126 -0.0496602 0.85890013 0.63005137 0.04891406 0.61017609 0.64172459 0.04640609 0.62334335 0.60120261 0.11787345 0.69776642 0.70830113 0.14644988 0.74273908 0.65328014 0.17969856
0.6375109 0.63064569 0.05849061 0.67157263 0.59102607 0.19379248 0.6819346 0.6990031 0.01348585 0.72382158 0.65922683 0.20953465 0.70762634 0.77073753 0.01385123 0.72558373 0.73642451 0.16723056 0.83118099 0.64111036 -0.026781 0.85786384 0.62359631 0.0260244 0.6105653 0.64043623 0.0521454 0.61868948 0.59446239 0.08279944 0.7122227 0.70201927 0.12522867 0.76310092 0.63787502 0.12665974
0.64035541 0.62977207 0.10627253 0.67160374 0.59377676 0.26286849 0.68161011 0.70131785 0.07261119 0.7260164 0.65804356 0.27532169 0.70948488 0.77309537 0.12073863 0.72469217 0.73672253 0.24718598 0.83856374 0.64033878 -0.04016461 0.85910809 0.62163126 0.03944436 0.62032276 0.64875495 0.0367826 0.61634666 0.61456168 0.10903174 0.71184558 0.71794385 0.06328588 0.75430322 0.6733036 0.07643721
0.64080739 0.63014197 0.01169201 0.66875106 0.59123653 0.1731791 0.6800791 0.70074123 -0.00116576 0.71955425 0.65409857 0.19914538 0.71336311 0.77004963 0.08694408 0.72478151 0.73055869 0.16770099 0.83702844 0.63840377 -0.0466942 0.85970515 0.61270237 0.04594048 0.62487829 0.65250492 0.03465188 0.63036728 0.60072494 0.14106786 0.70073783 0.72986013 0.12646134 0.74784076 0.62536997 0.21617183
0.6411739 0.6276232 0.0825507 0.66920334 0.5938164 0.20949048 0.68023968 0.69978166 0.08272906 0.71961349 0.65509623 0.21987411 0.71660841 0.75683898 0.14549887 0.72472191 0.73718899 0.17449228 0.84321684 0.63241959 -0.04150413 0.8587395 0.61522871 0.04075473 0.65481037 0.65840358 0.03443195 0.64952284 0.61180055 0.11210451 0.72214144 0.72715443 0.08610754 0.7490859 0.6593737 0.11765365
0.64661843 0.62634218 0.07902417 0.66408437 0.58473873 0.08546398 0.68109846 0.69172651 0.04729525 0.71313417 0.6554091 0.10947394 0.72107691 0.74605072 0.01254487 0.72531736 0.72878766 0.09835495 0.84339494 0.6237691 0.03028115 0.85976964 0.60128808 -0.03103993 0.64523846 0.59996146 0.12201654 0.629287 0.5667631 0.06532649 0.71138734 0.61234158 0.25733268 0.71334624 0.56503886 0.17479342
0.64964664 0.62562203 0.06735734 0.6654374 0.58450902 0.01266212 0.68165636 0.68693322 0.03048878 0.71317732 0.65692461 0.04047495 0.72199631 0.74100536 -0.03424667 0.73034948 0.73009735 0.02220777 0.84458923 0.61688328 0.06698372 0.85899705 0.60203534 -0.06761688 0.63762283 0.58984226 0.19357318 0.62259293 0.56572855 0.0156656 0.69000334 0.58402139 0.35309774 0.69000542 0.55707663 0.18904714
0.65143591 0.62456781 0.0130591 0.66526824 0.58344358 -0.03637184 0.67939794 0.68784213 -0.01478436 0.69982749 0.66233712 -0.01536581 0.7209726 0.74356174 -0.04484341 0.72713196 0.74708456 -0.05518946 0.85030925 0.61381763 0.0508461 0.86730266 0.59436184 -0.05148489 0.65588254 0.60072768 0.21164833 0.67216825 0.55788606 0.0502173 0.70279461 0.58637631 0.44029519 0.70029873 0.56064886 0.32946566
0.67570561 0.60835356 0.03459128 0.66575176 0.58344352 -0.07379185 0.68988204 0.68298608 -0.01809347 0.68809271 0.67204434 -0.06984761 0.72611916 0.73970908 -0.08956206 0.72699159 0.76339918 -0.07708556 0.86594641 0.59931248 0.0849136 0.87594938 0.58372951 -0.08565968 0.65460503 0.57203346 0.21889813 0.66530657 0.54322976 -0.01444074 0.69600081 0.54552484 0.39349061 0.68748724 0.53513151 0.22571257
0.67734462 0.59824538 0.11905632 0.66016734 0.58644289 -0.01131365 0.70629519 0.67588902 0.05396015 0.69028735 0.68350875 -0.00625201 0.72865617 0.74129653 -0.01166863 0.72652066 0.76318288 0.01769379 0.86434501 0.58727872 0.11658465 0.87255019 0.57960254 -0.11759888 0.6501593 0.54597104 0.17908774 0.62969667 0.54148889 -0.00864508 0.5943023 0.50050694 0.30204299 0.53977913 0.49244305 0.07789121
0.69023544 0.59149963 0.14115722 0.65942949 0.58400267 -0.01275781 0.72758037 0.65284717 0.09372568 0.69093472 0.67456931 -0.00217824 0.73189682 0.72892964 0.05404772 0.72297704 0.75694317 0.02019423 0.86438948 0.57638174 0.12229054 0.87030381 0.5694443 -0.12320083 0.64682704 0.53251147 0.1665618 0.62383968 0.53164083 -0.03543007 0.58716518 0.48327321 0.2702463 0.53892285 0.48440459 0.03379786
0.69085681 0.58611953 0.12660812 0.66014373 0.58884358 -0.00721029 0.71974313 0.66263276 0.08269708 0.69196773 0.67688471 -0.00135905 0.73398125 0.73150253 0.0551347 0.72242415 0.7602284 0.01558738 0.86668068 0.57708108 0.1219432 0.8692323 0.56490815 -0.122778 0.64884663 0.5343197 0.16589606 0.63538522 0.53738505 -0.03630694 0.55510229 0.49691689 0.28057373 0.53566575 0.49674556 0.02769501
0.69388455 0.59079212 0.14107968 0.66087776 0.58725673 -0.03243857 0.71671337 0.66430801 0.09696928 0.68579018 0.67439622 -0.04211374 0.73554111 0.73320585 0.06309928 0.72158098 0.7589888 -0.03121653 0.87160635 0.57545781 0.12973939 0.86965954 0.55778408 -0.13035321 0.65819007 0.53672844 0.19728427 0.65436381 0.52961606 -0.01905774 0.55737984 0.49248987 0.33156222 0.53356367 0.49323198 0.04475551
0.69448215 0.5884341 0.1240502 0.66849786 0.58305675 -0.0485961 0.71457011 0.66736972 0.08079059 0.68779767 0.66986048 -0.0501353 0.74069607 0.73496556 0.05892992 0.72188795 0.75820655 -0.0202168 0.86887765 0.56565487 0.12945808 0.86901826 0.56101614 -0.13011684 0.65447509 0.52884018 0.18945599 0.65721393 0.52348846 -0.04074772 0.54164916 0.49583977 0.31947339 0.52306163 0.49278721 0.03360786
0.69326109 0.58508343 0.1220141 0.66994917 0.58017999 -0.04109444 0.71560562 0.66070205 0.08804382 0.6881066 0.6666708 -0.04237432 0.74118465 0.73078036 0.0674943 0.73070794 0.74670118 -0.01578323 0.87174255 0.56012034 0.12915389 0.87077135 0.55655253 -0.12971176 0.65703523 0.5286209 0.20471118 0.6614545 0.51567256 -0.05176568 0.5465343 0.49375123 0.34138945 0.52757764 0.49202102 -0.02014314
0.70086759 0.58495164 0.11849537 0.67900485 0.57671219 -0.0367514 0.71576548 0.65651834 0.07847527 0.69849926 0.66389 -0.04540173 0.74038029 0.73075098 0.02372899 0.74199265 0.74207491 -0.038316 0.87537438 0.563164 0.12260796 0.87687016 0.55159491 -0.12310673 0.66597879 0.52938646 0.2074454 0.68957907 0.51046652 -0.05219084 0.55122823 0.49573639 0.33872965 0.5384174 0.4921827 -0.01796134
0.70096582 0.58532208 0.1156782 0.68111229 0.57715166 -0.04962196 0.71884197 0.64777982 0.07443666 0.70040005 0.65895164 -0.06855342 0.73915339 0.72846377 0.00557346 0.7398982 0.74126017 -0.05147488 0.87729239 0.55554312 0.12459884 0.88057381 0.53648067 -0.12506634 0.66847849 0.5258764 0.20108491 0.68600023 0.50506634 -0.0442116 0.55099827 0.49433294 0.32700586 0.54052514 0.49096569 0.01184911
0.70461631 0.58065248 0.14096811 0.68610984 0.57848287 -0.06207074 0.72158343 0.64990878 0.09710929 0.70751786 0.66214424 -0.09371018 0.7407316 0.72697133 0.02759835 0.73782879 0.74142665 -0.07099219 0.88157457 0.54971123 0.13398996 0.88165498 0.52862889 -0.13446213 0.67203879 0.52030927 0.20802446 0.67882234 0.50724173 -0.0372283 0.55012238 0.48984548 0.33870727 0.54118729 0.48734951 0.06011973
0.70556235 0.58047217 0.12969886 0.68962675 0.57794207 -0.04168871 0.72035444 0.65317452 0.07850496 0.71078217 0.65861982 -0.05707595 0.738473 0.72835839 0.02352805 0.73673266 0.73749554 -0.04309895 0.88009942 0.54274768 0.12425825 0.88009602 0.53628504 -0.1248396 0.66888571 0.51958233 0.19472712 0.6807757 0.50826395 -0.03877652 0.54896361 0.48908186 0.30402347 0.53985566 0.48760024 -0.01360982
0.70590127 0.58228558 0.03629604 0.6874243 0.57391632 -0.08830813 0.7195698 0.65538162 -0.0086338 0.71044403 0.65864265 -0.12375601 0.7380181 0.72702777 -0.0889108 0.73605108 0.7320106 -0.12935174 0.87890333 0.5400756 0.11994144 0.87914014 0.5295316 -0.12058342 0.66729861 0.52601683 0.17249438 0.66231906 0.49939859 -0.0585469 0.56410617 0.49884623 0.29128459 0.53317314 0.48246819 0.0249924 
0.71087515 0.58352429 -0.08757597 0.68650913 0.56543541 -0.17806169 0.71958345 0.65518951 -0.12367537 0.69550186 0.64278406 -0.21078733 0.73740792 0.73099738 -0.21696416 0.73689526 0.73165321 -0.24469206 0.87787956 0.53967196 0.10760246 0.87765545 0.51526082 -0.10787462 0.66621792 0.52843118 0.17647544 0.66254234 0.49017602 -0.05043224 0.59592801 0.50035459 0.3357347 0.54115909 0.47465172 0.12140534
0.71174783 0.58467442 -0.09080791 0.69273645 0.56287926 -0.19064862 0.71928328 0.65731364 -0.13607727 0.69890654 0.64690125 -0.23579821 0.73718393 0.73268265 -0.23782091 0.73893845 0.73340595 -0.28201479 0.88382417 0.5407005 0.10436362 0.87729079 0.50839061 -0.10446224 0.66705847 0.53182495 0.20446825 0.66734809 0.48727411 -0.04967129 0.62331367 0.51442677 0.39386752 0.5563916 0.47236431 0.12398207
0.72297347 0.58454835 -0.3004244 0.68903297 0.55808675 -0.34487486 0.71860367 0.66192454 -0.33062083 0.69172794 0.64955574 -0.37630641 0.73777759 0.73787808 -0.46140394 0.74328953 0.73344272 -0.45689026 0.88608015 0.53982246 0.08945052 0.87131882 0.5027349 -0.08974566 0.67913318 0.54083979 0.25896057 0.66258025 0.49315187 -0.00483069 0.65220481 0.5389778 0.52677512 0.56180972 0.47641644 0.24149007
0.71805978 0.58387798 -0.12591943 0.67418772 0.56101775 -0.21050103 0.71851778 0.66294515 -0.1620577 0.68991643 0.65057319 -0.22976887 0.7384851 0.73745334 -0.25753197 0.74276894 0.7342388 -0.26937973 0.88516122 0.53491282 0.09722795 0.86667925 0.50672048 -0.09764482 0.66938472 0.54148549 0.30391806 0.65724975 0.49804676 -0.01383091 0.63801122 0.531627 0.56001353 0.57969135 0.48968852 0.20421745
0.71602327 0.58421701 -0.18981205 0.67067498 0.55715853 -0.25091168 0.71820521 0.66423357 -0.2153827 0.682684 0.64840442 -0.2784678 0.73901814 0.73951501 -0.33988616 0.74226201 0.72618043 -0.35824463 0.88452798 0.53642422 0.09294142 0.85854006 0.50046855 -0.09320602 0.66755134 0.5452652 0.26291049 0.64726436 0.48879984 -0.02451675 0.65172923 0.5444085 0.49613884 0.57743698 0.48100674 0.22984123
0.71451992 0.58446497 -0.12906107 0.67103696 0.55975348 -0.19864137 0.71829307 0.6641264 -0.17663099 0.68510067 0.64935327 -0.22617659 0.7389645 0.74227619 -0.2446586 0.74145389 0.72859788 -0.27975792 0.88384831 0.53036547 0.09562485 0.86017239 0.50073463 -0.0955982 0.66968817 0.54296374 0.25452796 0.64356565 0.48014957 -0.03913162 0.64562058 0.54083538 0.45186198 0.57320404 0.47351298 0.19258012
0.71392 0.58615839 -0.14919321 0.67339605 0.55335492 -0.25176138 0.71672291 0.66473067 -0.18160905 0.68590599 0.63228774 -0.29365641 0.73884362 0.74437636 -0.31310225 0.7254377 0.70434076 -0.35905737 0.88136196 0.53066134 0.09676821 0.85833895 0.49374983 -0.09673823 0.65543443 0.53884977 0.27461541 0.63165122 0.47517955 -0.04039524 0.69421804 0.5269075 0.51690769 0.63476825 0.46316212 0.32189977
0.70722264 0.59438235 -0.11334448 0.67345685 0.55268949 -0.21313426 0.71938288 0.66468793 -0.16032678 0.6819306 0.62457997 -0.24612664 0.74015725 0.74384743 -0.25835639 0.71248597 0.694332 -0.29835895 0.87837291 0.52976108 0.09713402 0.85811657 0.49071407 -0.09717392 0.65176302 0.53596908 0.25726762 0.62466663 0.47744757 -0.03862535 0.67647582 0.5185855 0.47481784 0.61965322 0.46080723 0.26954129
0.70618618 0.60050333 -0.14360696 0.6738081 0.55205119 -0.24105059 0.72087467 0.66532463 -0.16936332 0.66196817 0.60653812 -0.28977254 0.74170834 0.7439608 -0.29128173 0.67805308 0.66925877 -0.35602924 0.87743998 0.52754283 0.0980853 0.85737133 0.48881704 -0.09807523 0.65756935 0.53370327 0.28567633 0.63005954 0.47395718 -0.0276681 0.6966179 0.50960934 0.54461884 0.64421117 0.45345017 0.31295002
0.7174468 0.60097957 -0.22354278 0.65753591 0.54894727 -0.27366796 0.72122824 0.66817272 -0.23886874 0.63873851 0.60001296 -0.30102736 0.74161845 0.74619836 -0.37536958 0.65850717 0.65676171 -0.39758307 0.87392646 0.52613437 0.08434437 0.84764308 0.4869712 -0.08446311 0.66338205 0.54653358 0.27398774 0.6214264 0.47640303 0.02562909 0.67696255 0.5443272 0.54807144 0.57891792 0.46164212 0.3596493 
0.71507889 0.60321438 -0.17756325 0.64713836 0.53860343 -0.25593331 0.72086424 0.67082173 -0.1895736 0.61699826 0.57339978 -0.27914882 0.74190283 0.7483924 -0.30630973 0.60924524 0.62661368 -0.34788322 0.86978531 0.52212024 0.08471066 0.84027797 0.48412663 -0.08492992 0.65725118 0.5454945 0.26587522 0.62492365 0.47548437 0.02593527 0.64575452 0.53645998 0.52622741 0.56354207 0.46481997 0.32673854
0.71033841 0.60425085 -0.07484703 0.63941503 0.53738308 -0.18871246 0.72286844 0.6728518 -0.08924669 0.60717833 0.55087394 -0.20731702 0.74183476 0.74747938 -0.18570839 0.5956372 0.59365004 -0.243413 0.8664304 0.51860291 0.09387227 0.83677644 0.48313078 -0.0944135 0.6453827 0.53179741 0.27323136 0.61270803 0.46985272 0.00169583 0.64513844 0.50014812 0.51185882 0.58886302 0.4627766 0.3532131 
0.70761019 0.60426515 0.08545145 0.61957914 0.54125118 -0.05419457 0.72255403 0.67632836 0.06081505 0.57127768 0.56466591 -0.05404612 0.74036592 0.75158936 -0.04350651 0.56658053 0.61923581 -0.04113845 0.86339319 0.51535761 0.10751708 0.82694668 0.48431987 -0.10836739 0.63916075 0.52367806 0.28079909 0.58340687 0.47163633 -0.02993548 0.66893739 0.48275948 0.51187778 0.63985902 0.45361239 0.33923224
0.69575775 0.60478979 -0.01661415 0.61127311 0.54748034 -0.12445226 0.7354008 0.68050236 -0.03846671 0.59495795 0.58051091 -0.13071018 0.73897839 0.75411016 -0.14761449 0.6069178 0.64316398 -0.16166374 0.85420364 0.51544303 0.10930298 0.81986129 0.47977626 -0.11003766 0.63614047 0.51800054 0.29984576 0.58976692 0.46742216 -0.06005907 0.71163911 0.47493789 0.51573998 0.70999962 0.44867331 0.38012183
0.68938577 0.60532975 -0.1059467 0.6105662 0.55981833 -0.1700464 0.72166878 0.67972547 -0.09218291 0.60146999 0.61729991 -0.14366029 0.73872125 0.755413 -0.21106416 0.66573983 0.68187028 -0.19611631 0.841672 0.50935066 0.10808696 0.81945539 0.47958571 -0.10874482 0.63228434 0.5114522 0.30272257 0.59657663 0.462782 -0.0635901 0.6935249 0.47370332 0.52763385 0.68036664 0.4538956 0.41957337
0.68601531 0.5987938 -0.20563477 0.61730278 0.56695479 -0.21126354 0.72902811 0.67912453 -0.22839212 0.66114914 0.64540082 -0.23120731 0.75208461 0.75677949 -0.34046501 0.71936589 0.7289542 -0.27167431 0.84297794 0.50468844 0.09773012 0.81691003 0.47581393 -0.0981801 0.63371271 0.51279658 0.29287824 0.59998447 0.46005282 -0.06554717 0.68788284 0.48459065 0.53162223 0.6802364 0.46418446 0.39301708
0.69530433 0.60596973 -0.16132988 0.60908562 0.55279547 -0.22496499 0.76533324 0.6821183 -0.1317437 0.5732972 0.55821365 -0.1871848 0.748963 0.7553978 -0.2228529 0.52904719 0.60955888 -0.18564764 0.83966929 0.50334334 0.10407069 0.80106705 0.46979815 -0.10453224 0.65311956 0.50418854 0.3166621 0.59284371 0.45450547 -0.0838575 0.70834053 0.46917754 0.56741154 0.69415915 0.4520655 0.3634764 
0.69926244 0.60646439 -0.1066778 0.60012233 0.54694808 -0.21549429 0.75644386 0.68554032 -0.0992121 0.5550971 0.54142022 -0.1891776 0.7493102 0.75595391 -0.18568352 0.53667283 0.58411604 -0.21161273 0.83504498 0.4999193 0.11901878 0.79644895 0.46453002 -0.11947685 0.65146011 0.47719079 0.26373616 0.59545511 0.43526995 -0.1515732 0.73145306 0.42883253 0.41376567 0.72515994 0.40321463 0.12548783
0.69018507 0.59009498 -0.15901043 0.60116011 0.55253452 -0.3231222 0.74434096 0.67240506 -0.13995221 0.64703232 0.63869345 -0.35928538 0.74570137 0.74998569 -0.2474927 0.70494038 0.72953302 -0.42769244 0.82485038 0.4891367 0.12664279 0.79880542 0.46100751 -0.12690014 0.64517391 0.4731693 0.26435742 0.59558105 0.42258024 -0.17264438 0.73026407 0.42852396 0.45119306 0.72669798 0.40293068 0.21899346
0.69114727 0.59210229 -0.23445672 0.61011684 0.5525099 -0.34198001 0.74419647 0.67414248 -0.21886344 0.64437801 0.62272388 -0.34907502 0.73907161 0.76040417 -0.33453727 0.67628163 0.69603187 -0.42077857 0.81856239 0.48833364 0.12336365 0.79032433 0.46014532 -0.12359214 0.6482628 0.4791272 0.32887268 0.5990141 0.41955695 -0.12665273 0.71953762 0.4371084 0.61226869 0.71093941 0.40870073 0.34374905
0.68915552 0.59969407 -0.19428578 0.62169886 0.53735143 -0.30540925 0.74323338 0.67420477 -0.17816721 0.63957304 0.53810906 -0.36804777 0.73605984 0.76272744 -0.24733177 0.62755835 0.58190411 -0.516321 0.8058933 0.48633966 0.12316825 0.79375863 0.45437443 -0.12326112 0.63665438 0.4785617 0.31225637 0.60700738 0.41551727 -0.11276005 0.71637821 0.43712559 0.56293035 0.70223618 0.40349105 0.32830891
0.69189423 0.5996815 -0.17337292 0.62010217 0.54062623 -0.23144194 0.74444103 0.6401599 -0.12380025 0.61113107 0.50215107 -0.05345382 0.73159689 0.68723416 -0.12092648 0.59532553 0.51931262 0.1810005 0.80813456 0.4800134 0.09772909 0.78939694 0.45160407 -0.09845755 0.67921805 0.47384882 0.42720941 0.64150065 0.42068988 0.1615698 0.71187568 0.42754677 0.76544356 0.69755328 0.37506476 0.54266191
0.69249356 0.59648967 -0.16219786 0.61665088 0.54077023 -0.10187129 0.74405509 0.64169896 -0.13222156 0.61110914 0.5146175 0.08163244 0.7321682 0.69693673 -0.15061356 0.59459853 0.53496176 0.32448733 0.80736488 0.47159865 0.08698957 0.78453988 0.44889945 -0.08778623 0.69613981 0.43620566 0.38119021 0.64419091 0.39215323 0.06734718 0.69793397 0.36557561 0.58100402 0.65401095 0.32340279 0.31909227
0.65471262 0.563703 -0.05028383 0.65550941 0.56269014 -0.14716659 0.69359446 0.5361588 0.01343864 0.68964016 0.59334391 0.02358226 0.69136775 0.56603497 -0.02458305 0.69830418 0.64584297 -0.13397793 0.80082726 0.45338541 0.09988856 0.78844118 0.44564915 -0.10071655 0.68555725 0.39473274 0.22038099 0.63825941 0.36911753 -0.05633723 0.65694577 0.33150104 0.42161587 0.62607777 0.30237401 0.19625321
0.66665751 0.56730515 -0.24988827 0.65558648 0.56096023 -0.16026363 0.70240861 0.58123493 -0.27431557 0.66980523 0.58792967 -0.14959911 0.69791257 0.63572639 -0.35012627 0.68687862 0.64009684 -0.27864158 0.80242074 0.45648956 0.0553456 0.79057586 0.44553521 -0.05603159 0.71353972 0.42013618 0.29741916 0.6824649 0.39010489 0.146385 0.66732293 0.36936241 0.62340248 0.63737106 0.3358604 0.46516722
0.71540123 0.57181174 -0.29547366 0.65346819 0.56077111 -0.14913985 0.74449688 0.5924685 -0.32510626 0.60826272 0.55777234 -0.07778841 0.70206106 0.63462418 -0.34823313 0.59721172 0.57160872 -0.05480584 0.82972378 0.45356116 -0.02987408 0.79160535 0.44442824 0.02902755 0.78042608 0.43088594 0.2990362 0.73293853 0.42051288 0.34547544 0.77348584 0.39103848 0.65538782 0.72800934 0.3786214 0.67128885
0.74095976 0.57567132 -0.21244206 0.64225268 0.55585641 -0.19885342 0.77204579 0.58491582 -0.08548782 0.5775196 0.54020804 -0.11199915 0.7155211 0.59175354 -0.03296357 0.58905774 0.55015081 0.04170887 0.83244199 0.45195231 0.02545004 0.79002333 0.43328273 -0.02608616 0.75867867 0.41841659 0.43246323 0.74172854 0.37693959 0.2785328 0.74069548 0.37101603 0.77800035 0.72645164 0.31903186 0.58580142
0.74713707 0.57756448 -0.20282216 0.61384249 0.54516661 -0.25785291 0.76743597 0.59676731 -0.11418914 0.51769269 0.52056009 -0.12344918 0.71698129 0.61290437 -0.1336046 0.57123601 0.53854764 -0.02573508 0.83151281 0.44788167 0.03718217 0.76576322 0.42183319 -0.03775777 0.74792314 0.41370443 0.45758048 0.7068519 0.3435345 0.22945504 0.62223655 0.35666177 0.78825933 0.62476391 0.2824215 0.49647555
0.74022621 0.57297206 -0.11307502 0.61248505 0.54331344 -0.25367975 0.74035746 0.54843247 0.01439538 0.53266448 0.51660746 -0.13624065 0.67601067 0.5347482 0.05952252 0.54710335 0.52557147 0.01041656 0.81820935 0.44529751 0.06190715 0.75433195 0.41731828 -0.06262612 0.72928017 0.41909677 0.47064722 0.70192569 0.34206727 0.21742971 0.64698911 0.36386564 0.79965258 0.64127839 0.28645045 0.49450842
0.74619877 0.57492721 -0.3137638 0.61365551 0.53672725 -0.38070434 0.7452122 0.55258065 -0.26061928 0.52518672 0.51181161 -0.29730147 0.69008034 0.59435147 -0.29708916 0.53107685 0.52380991 -0.25822535 0.81247371 0.45068207 0.05276989 0.74757409 0.41517153 -0.05324031 0.72898299 0.49407196 0.46555054 0.69399202 0.34391782 0.2448058 0.65203899 0.49545553 0.8044858 0.64752567 0.27987558 0.52835798
0.74755454 0.57585663 -0.24893406 0.61149257 0.53611445 -0.37789911 0.74992698 0.57872659 -0.09244017 0.53263289 0.49882534 -0.26359558 0.69547218 0.60786879 0.00118863 0.54514194 0.51688707 -0.16119711 0.80774957 0.44707844 0.0746107 0.73987365 0.41560477 -0.07496759 0.72844422 0.42831379 0.48439059 0.68526602 0.32657731 0.22567584 0.65481853 0.36648625 0.84592235 0.63784361 0.25309867 0.51030672
0.7330355 0.58038443 -0.38257903 0.61744827 0.53583598 -0.42429659 0.72773635 0.61967599 -0.35029083 0.56750214 0.50113875 -0.31505394 0.67830622 0.66887361 -0.42646345 0.55176902 0.52636212 -0.24896713 0.78836513 0.45050627 0.07453243 0.73822957 0.42129022 -0.07491362 0.69616765 0.42206824 0.47237563 0.66933745 0.32727522 0.20767644 0.62271553 0.38388503 0.90117264 0.61990052 0.24996464 0.47692448
0. 0. 0. 0. 0. 0. 0. 0. 0. 0. 0. 0. 0. 0. 0. 0. 0. 0. 0. 0. 0. 0. 0. 0. 0. 0. 0. 0. 0. 0. 0. 0. 0. 0. 0. 0. 0. 0. 0. 0. 0. 0. 0. 0. 0. 0. 0. 0. 0. 0. 0. 0. 0. 0. 0. 0. 0. 0. 0. 0. 0. 0. 0. 0. 0. 0. 0. 0. 0. 0. 0. 0. 0. 0. 0. 0. 0. 0. 0. 0. 0. 0. 0. 0. 0. 0. 0. 0. 0. 0. 0. 0. 0. 0. 0. 0. 0. 0. 0. 0. 0. 0. 0. 0. 0. 0. 0. 0. 0. 0. 0. 0. 0. 0. 0. 0. 0. 0. 0. 0. 0. 0. 0. 0. 0. 0. 0. 0. 0. 0. 0. 0.
0.65416658 0.25397241 -0.15836975 0.59111023 0.28069374 0.36617711 0.75585252 0.26976144 -0.5752176 0.61016607 0.35900906 0.66449302 0.72995555 0.26434919 -0.94417787 0.55786312 0.39362177 0.84141344 0.75221825 0.43927523 -0.17624928 0.69363594 0.45139045 0.17646752 0.71913636 0.59902287 -0.32561553 0.69013858 0.59642601 0.13427053 0.72273326 0.78370309 -0.52530396 0.73019373 0.73224634 0.08107911
0.64813977 0.25417444 -0.10876355 0.60395414 0.28596127 0.38566005 0.75632846 0.29438579 -0.39991105 0.60755271 0.38243017 0.48845661 0.74408299 0.31641164 -0.68195969 0.52847528 0.47972983 0.42754737 0.74698204 0.4404074 -0.17300615 0.70388478 0.45164937 0.17305602 0.71853745 0.59859121 -0.3112593 0.69365734 0.58548516 0.12676947 0.72278631 0.78340739 -0.47865868 0.73195565 0.73452854 0.05657524
0.64533085 0.2542789 -0.11579847 0.61022472 0.28755298 0.38522777 0.75639182 0.29973659 -0.41156662 0.61027145 0.38614351 0.46577808 0.74735755 0.32130894 -0.69144565 0.53290409 0.48027971 0.43206105 0.74569649 0.44298211 -0.17292561 0.7125293 0.45222825 0.17294145 0.71716416 0.599159 -0.2816121 0.69663125 0.5816431 0.17839575 0.72293472 0.78381258 -0.42416757 0.73291892 0.73512763 0.1541155 
0.64494622 0.25428629 -0.11813229 0.61614174 0.2871767 0.36916566 0.75762641 0.30255476 -0.42744216 0.62711751 0.38244137 0.47331777 0.74596685 0.30795377 -0.7169894 0.55727077 0.45366213 0.47984388 0.74440783 0.44370869 -0.17289305 0.71627116 0.45233715 0.17289947 0.71647382 0.59952527 -0.25834894 0.70083761 0.58115309 0.19377936 0.72286284 0.78419501 -0.39553103 0.73309499 0.7372638 0.18665487
0.64413166 0.25496277 -0.12203609 0.61847091 0.28724346 0.36278921 0.75835139 0.30273405 -0.42058271 0.63542449 0.38063505 0.49460369 0.754933 0.30969006 -0.69736278 0.57683933 0.4310666 0.51391524 0.74400288 0.44487381 -0.1729503 0.71747112 0.45275563 0.17296526 0.71622568 0.59952635 -0.26227054 0.70369905 0.57968521 0.19916911 0.72288114 0.78424668 -0.4032366 0.7333526 0.73738921 0.1838368 
0.64216512 0.25608701 -0.12504919 0.61690533 0.28768787 0.35858577 0.7612403 0.30483642 -0.43777141 0.63654822 0.38127649 0.47717172 0.75278109 0.31310663 -0.72234505 0.5759753 0.43748233 0.47206515 0.74405283 0.44608688 -0.175202 0.71651089 0.45330638 0.17517829 0.71632224 0.59939617 -0.26760373 0.7042309 0.57887483 0.19617411 0.72319204 0.78425556 -0.39883465 0.73368615 0.73871487 0.17440075
0.64100987 0.25618994 -0.12681539 0.61745667 0.2875376 0.35999617 0.76150823 0.30453736 -0.39985448 0.64332139 0.38090485 0.47722557 0.75650716 0.32515517 -0.64641958 0.59190917 0.43649286 0.45801508 0.74395275 0.44610909 -0.17756857 0.71552545 0.45330876 0.17755279 0.71632826 0.59933472 -0.27029535 0.70393813 0.57909304 0.18797697 0.72331119 0.78424895 -0.40093458 0.73378879 0.74052882 0.16575406
0.64088625 0.25650904 -0.11149651 0.6189447 0.2882174 0.38799104 0.7614215 0.30396488 -0.39836586 0.64470291 0.3794452 0.49802145 0.75506318 0.32384709 -0.66617471 0.59187919 0.43687546 0.49811101 0.74318105 0.44600996 -0.17952172 0.71489006 0.45332858 0.17946994 0.71633351 0.59911418 -0.27358896 0.70398206 0.57951868 0.1352991 0.72324759 0.78424942 -0.40854499 0.73371679 0.74393719 0.06270035
0.64334357 0.25672123 -0.10995483 0.61759293 0.28868729 0.38474676 0.762734 0.30384889 -0.41441703 0.64223564 0.37908241 0.48920366 0.75414646 0.31839797 -0.69284505 0.58808321 0.44009459 0.46865377 0.74307328 0.44590178 -0.17914087 0.7134071 0.45352516 0.17907883 0.71644354 0.59903497 -0.27495608 0.70390069 0.57958889 0.13471591 0.72322106 0.78424966 -0.41678512 0.73366791 0.74418408 0.06813028
0.64510822 0.25642255 -0.12045469 0.61556238 0.28822091 0.37306061 0.76333439 0.30379108 -0.42395851 0.64152306 0.37851524 0.47273514 0.75376707 0.31625304 -0.7056219 0.58796203 0.43949711 0.43812826 0.74307573 0.44600052 -0.17793979 0.71121049 0.45378238 0.17789946 0.71644878 0.59905416 -0.27319127 0.7034142 0.57968628 0.13539322 0.72312498 0.78428292 -0.41613048 0.73366505 0.74380493 0.07397788
0.64610708 0.25660288 -0.12559722 0.6135152 0.28819481 0.37033734 0.76330912 0.29674026 -0.44510624 0.63912255 0.37563425 0.48551479 0.76033455 0.31610841 -0.7442826 0.59212464 0.43454203 0.47661743 0.74310285 0.44614792 -0.17681377 0.70952499 0.45447779 0.17682144 0.71653652 0.59897965 -0.28502581 0.70324242 0.57975405 0.13570665 0.72303128 0.7843011 -0.45374653 0.73363656 0.74423808 0.08257329
0.64605463 0.25655726 -0.12452234 0.61277914 0.28780535 0.37474903 0.76326913 0.29572999 -0.44190249 0.63559335 0.3755275 0.49165696 0.76462436 0.31657988 -0.74388593 0.59261793 0.43497196 0.49066773 0.74309289 0.44642204 -0.17627744 0.70878345 0.45496145 0.17630088 0.71654177 0.59895003 -0.29247084 0.70320535 0.58005619 0.15828328 0.72293663 0.78430009 -0.47018367 0.73370618 0.74403751 0.1029317 
0.64626861 0.25609252 -0.10040677 0.61256498 0.28730106 0.38847244 0.76392359 0.2953653 -0.33896229 0.64456594 0.36356261 0.49345851 0.76466447 0.32571205 -0.53520209 0.63077331 0.39460814 0.45374602 0.74331385 0.44680345 -0.1763065 0.70861584 0.45527697 0.17636389 0.71673942 0.5989458 -0.29388934 0.70306545 0.58011341 0.16545497 0.72232336 0.78437483 -0.47037911 0.73350757 0.74384838 0.10303495
