5.93547463e-01 3.53572160e-01 -3.62481058e-01 4.78706181e-01 3.52236927e-01 -3.14880401e-01 6.06756210e-01 3.73288631e-01 -1.94374397e-01 4.35989767e-01 3.84775460e-01 -2.43876725e-01 5.73339164e-01 3.93265456e-01 6.01048407e-04 4.87004042e-01 3.98140520e-01 -2.40712538e-01 5.82877576e-01 4.27128941e-01 -3.05056460e-02 5.09385884e-01 4.32220906e-01 2.97610741e-02 5.59667945e-01 5.71891844e-01 -1.48160666e-01 4.36767519e-01 5.86943626e-01 -2.21541878e-02 5.94113052e-01 7.23267853e-01 -1.81989178e-01 4.03292894e-01 7.55875051e-01 -9.01369229e-02
0.58977067 0.35537916 0.0693534 0.4491255 0.35377464 0.04400713 0.60628021 0.38081524 0.18618211 0.38714224 0.39339936 0.02797748 0.59427202 0.40290704 0.2234377 0.41105938 0.39911044 -0.09246956 0.55648571 0.43856767 0.0087021 0.44740233 0.44720957 -0.00919021 0.56302035 0.57224536 -0.07423622 0.41244596 0.58754575 -0.09202175 0.59282321 0.72199845 -0.12823868 0.37824541 0.74761516 -0.14475431
0.61145443 0.35726196 0.02055083 0.44424629 0.35625559 -0.09064008 0.62856132 0.38844508 0.11261046 0.40580505 0.40402514 -0.19138874 0.66237032 0.39094779 0.10354587 0.44848129 0.39891204 -0.29947552 0.55842209 0.46695316 0.03091642 0.45826358 0.46774134 -0.0312783 0.56367534 0.57652831 -0.03062696 0.41933995 0.5931623 -0.11677155 0.59154898 0.72214699 -0.00226211 0.3750791 0.75255746 -0.11301374
0.61495131 0.36525217 0.00950635 0.44488832 0.36188164 -0.17314695 0.63200223 0.39783353 -0.01643546 0.40381688 0.41589627 -0.25101212 0.66425079 0.39636263 -0.13526633 0.42983314 0.4369466 -0.33122152 0.55153996 0.48903701 0.0524994 0.44207978 0.48780146 -0.05283285 0.56522888 0.58675039 0.05940754 0.4092195 0.60637558 -0.15696466 0.58966005 0.7264393 0.12793717 0.37677392 0.75220776 -0.14881393
0.61199188 0.36520836 0.03463751 0.44770077 0.36230686 -0.10837013 0.6335929 0.39268917 -0.04280373 0.4004567 0.41311157 -0.26127324 0.65199351 0.38203916 -0.23273304 0.44236377 0.42459142 -0.37989295 0.5461911 0.49786335 0.06401783 0.44706738 0.49730337 -0.06418993 0.57606345 0.59454173 -0.01908635 0.41374144 0.60813028 -0.15951367 0.59129769 0.72640425 -0.02071143 0.37833077 0.75198025 -0.15033042
0.61469471 0.3775776 0.11763797 0.44937772 0.36244115 -0.01912777 0.63393456 0.41991395 -0.01281982 0.39401051 0.41293052 -0.16637906 0.66696006 0.39325336 -0.26397753 0.37784705 0.39995247 -0.32672507 0.54154688 0.50606996 0.05645085 0.44301814 0.50529116 -0.05642642 0.58113915 0.59550899 -0.03732578 0.40948999 0.61139548 -0.21773143 0.5928365 0.7259376 -0.056691 0.38681355 0.75214887 -0.20175715
0.61541486 0.37956434 0.06326456 0.44972548 0.36916167 -0.14469294 0.63125014 0.43012279 -0.01584389 0.39484113 0.42092767 -0.23981807 0.66272014 0.39945522 -0.48544011 0.41801882 0.41111523 -0.37176412 0.53804308 0.51075214 0.08053573 0.44158965 0.50899708 -0.08046392 0.59228778 0.60023153 -0.03356291 0.41154176 0.61262053 -0.32899961 0.59308881 0.72707933 0.00345382 0.38640457 0.75091249 -0.34469908
0.61790437 0.38308188 0.05167932 0.45359266 0.37441313 -0.14887261 0.6192283 0.44577464 -0.065045 0.39833423 0.43115184 -0.10322764 0.67354912 0.40806347 -0.4764398 0.37147895 0.41007864 -0.01838338 0.53584355 0.51223451 0.06379107 0.44039243 0.51212031 -0.06365822 0.59861404 0.59981239 -0.27753368 0.40651095 0.6180101 -0.27843547 0.59545761 0.7253893 -0.24403356 0.37890437 0.74823207 -0.22638427
0.6206103 0.39072049 -0.07181402 0.4544808 0.38493767 -0.25548878 0.61132991 0.45074019 -0.20569396 0.39413509 0.44116592 -0.17429322 0.67616576 0.41075948 -0.66136092 0.36637384 0.41956583 -0.16672802 0.53382945 0.51800185 0.0647319 0.43805525 0.51745218 -0.06464244 0.60248584 0.60080594 -0.29255494 0.40710598 0.6179257 -0.41309664 0.59571517 0.72579968 -0.23229305 0.38019329 0.7460354 -0.33917353
0.61905944 0.39955693 -0.14989233 0.45460826 0.3905398 -0.35791233 0.60121977 0.45995909 -0.30264145 0.39687568 0.45455536 -0.32142633 0.6718924 0.42487079 -0.81095845 0.37291986 0.42689949 -0.41458806 0.53153867 0.52019531 0.07357606 0.43500647 0.51912558 -0.07336912 0.60596114 0.60327244 -0.26444638 0.40834367 0.6163646 -0.46623853 0.59645003 0.72565871 -0.14135359 0.383573 0.74440277 -0.35000154
0.62173778 0.40643963 -0.21008362 0.45470077 0.39892498 -0.3642906 0.60387003 0.454956 -0.37043279 0.39563325 0.45617533 -0.27176851 0.67082685 0.4271464 -0.87276685 0.36562034 0.42973331 -0.30892134 0.52949744 0.52478087 0.06331522 0.43409654 0.52373248 -0.06306019 0.60981369 0.60645276 -0.32444137 0.40892383 0.61782992 -0.48105672 0.59664369 0.72622365 -0.1473856 0.38729283 0.74349993 -0.3195968 
0.62480062 0.41234696 -0.32705656 0.45476389 0.40783775 -0.53360981 0.60277039 0.44743544 0.0462078 0.39491391 0.45434654 -0.19422039 0.64949721 0.44162744 0.23585021 0.38022289 0.43542132 0.23268104 0.52765286 0.52805895 0.06029522 0.43473968 0.5264377 -0.06013044 0.61515278 0.61101216 -0.33313107 0.41064942 0.61919636 -0.55083066 0.59705091 0.72657222 -0.11820349 0.38879588 0.74193263 -0.34685266
0.62454367 0.41935048 -0.30332795 0.45502123 0.41407835 -0.50033003 0.60412186 0.44414768 0.08422496 0.39383027 0.45689318 -0.12493291 0.66173279 0.43961701 0.25133041 0.38645041 0.44132143 0.2919634 0.5251798 0.53143179 0.06087412 0.43289286 0.52928489 -0.06072602 0.61557794 0.60924047 -0.41595069 0.40986365 0.61841482 -0.62242121 0.59756553 0.72611564 -0.18797034 0.3881368 0.74068832 -0.44176403
0.6230514 0.42511261 -0.3622278 0.45517504 0.42416465 -0.63534105 0.60278386 0.44891432 0.05079661 0.39568022 0.46561241 -0.36225447 0.64436781 0.44818622 0.27596641 0.41436875 0.45040554 0.00528151 0.52297968 0.53337693 0.07267267 0.43239132 0.53246468 -0.07232184 0.61839044 0.60869753 -0.41767377 0.40927151 0.61797523 -0.67859221 0.59781772 0.72574735 -0.19082922 0.38603285 0.73977923 -0.500974 
0.62330681 0.43172169 -0.49203593 0.45554978 0.43152791 -0.66029757 0.58614409 0.46008503 -0.02012851 0.38945022 0.47465441 -0.2467535 0.60432392 0.4603166 0.3221319 0.40465465 0.45818096 0.2845172 0.52451438 0.53651458 0.06180099 0.43326801 0.53611118 -0.06117408 0.61845148 0.60825068 -0.50657213 0.40994319 0.61798406 -0.59767348 0.59809911 0.72512454 -0.27266356 0.38554296 0.73908973 -0.40207595
0.62425411 0.43872353 -0.4913134 0.45550781 0.43891916 -0.65252811 0.61106014 0.46195856 -0.03287718 0.38761765 0.48183209 -0.25589457 0.66698092 0.45551378 0.32654244 0.40031183 0.46443149 0.20005055 0.52560145 0.54279155 0.05070243 0.43124917 0.5417608 -0.05004938 0.61979312 0.60796553 -0.58913893 0.4107002 0.61747491 -0.66320133 0.5984028 0.72523153 -0.33542937 0.38554481 0.73805821 -0.41658857
0.62495625 0.44720414 -0.42987397 0.45561385 0.44395843 -0.62041599 0.63430768 0.46964037 -0.00156905 0.3882499 0.49126551 -0.2345102 0.68815124 0.45770031 0.31498483 0.3785083 0.4743253 0.24418578 0.5259909 0.54983872 0.04907439 0.42958876 0.5483647 -0.0483971 0.62126881 0.60936105 -0.57565051 0.41116306 0.61746782 -0.68902028 0.59846604 0.72529823 -0.34673816 0.38609502 0.73771548 -0.45968586
0.62746078 0.45303687 -0.38599929 0.45565304 0.45005509 -0.58764076 0.65630621 0.46841106 0.00604043 0.38598114 0.49444547 -0.22244704 0.70099598 0.4675245 0.27973568 0.38123134 0.47669396 0.23183516 0.52644539 0.5562191 0.04890284 0.4277944 0.55409515 -0.04820111 0.62412041 0.60931528 -0.60095215 0.41384551 0.61724585 -0.71119404 0.59943265 0.72537941 -0.40178543 0.38665324 0.7365548 -0.50740713
0.6287719 0.4594042 -0.36898273 0.45607296 0.45634598 -0.54293031 0.65476573 0.47126895 -0.01283417 0.38650104 0.50082505 -0.12707601 0.70284426 0.47100151 0.15183069 0.38238731 0.48417357 0.3217687 0.52677041 0.56583297 0.04891618 0.42775193 0.56301957 -0.04821624 0.62997788 0.6116842 -0.59657741 0.41659957 0.61719394 -0.7501713 0.60005796 0.72551566 -0.39353141 0.38705882 0.73666698 -0.53039175
0.6312809 0.46300811 -0.35866612 0.45662796 0.46412832 -0.59766227 0.68424511 0.46728843 0.06208197 0.38796726 0.5101192 -0.26849577 0.70817828 0.4701165 0.3501038 0.39111167 0.49075487 0.15091769 0.52654284 0.56731892 0.05642567 0.42719731 0.56611466 -0.0557189 0.63001758 0.61289597 -0.57411218 0.42009512 0.61720049 -0.71809232 0.59987086 0.72555578 -0.38029504 0.38675606 0.73791879 -0.55435121
0.63200456 0.46928018 -0.32016253 0.45688978 0.46966317 -0.58075166 0.67730546 0.47094145 0.05043231 0.39002126 0.51612437 -0.29103532 0.70144027 0.47082546 0.28834233 0.40470678 0.50569701 0.04474036 0.52561218 0.57213569 0.05929253 0.42683384 0.57091165 -0.05853965 0.63171721 0.61377811 -0.53953826 0.42313007 0.61907661 -0.69308525 0.59995651 0.72538739 -0.35060972 0.38696387 0.73801166 -0.52090162
0.63305283 0.47550532 -0.29821068 0.45692226 0.47569868 -0.56404507 0.67593706 0.47696704 0.04572267 0.39070913 0.5244295 -0.27658978 0.70133287 0.48083395 0.26866677 0.41824201 0.51661026 0.04502283 0.52577907 0.57646918 0.060713 0.42686862 0.57539022 -0.05995791 0.63738954 0.61753345 -0.52427489 0.42500499 0.62187469 -0.70314765 0.59999824 0.72537714 -0.33570322 0.38712558 0.73804939 -0.54248935
0.63537496 0.47892743 -0.29901767 0.45708179 0.48045856 -0.57693124 0.67411095 0.4805381 0.03008809 0.38969168 0.52798647 -0.30238348 0.6994983 0.48145834 0.24003248 0.41562659 0.52922064 0.00381996 0.52670026 0.58060139 0.0659336 0.42725205 0.57983387 -0.06519081 0.64221454 0.61912644 -0.51750702 0.4262467 0.62468225 -0.71963185 0.60003161 0.72540468 -0.33319724 0.3872273 0.73857301 -0.56394041
0.63509923 0.4841966 -0.30159628 0.45760947 0.48458117 -0.58588463 0.67230499 0.48702127 0.03332778 0.38446918 0.53035623 -0.31367382 0.69851959 0.48554736 0.24035732 0.40592629 0.54558462 -0.0198735 0.52678126 0.5839833 0.07159367 0.42738757 0.5837481 -0.07085442 0.64676565 0.62250668 -0.45014164 0.42608836 0.62642318 -0.72364634 0.59995914 0.72576565 -0.24464889 0.38742977 0.73895419 -0.55811459
0.6357798 0.48843005 -0.26129487 0.4591428 0.48979858 -0.55069643 0.67533422 0.48455837 0.02702578 0.38375628 0.53705144 -0.30357599 0.70368075 0.48543599 0.21128753 0.40357676 0.57025027 -0.06447998 0.52684319 0.59039742 0.0729089 0.42742342 0.59048688 -0.07223909 0.64912492 0.62311387 -0.4139643 0.42852664 0.62545174 -0.7158137 0.59999311 0.7258724 -0.22531527 0.38778219 0.73900127 -0.58072382
0.63711405 0.49543107 -0.21517545 0.46124566 0.49449518 -0.48319584 0.63380289 0.51026911 0.1109677 0.38433993 0.53765297 -0.24413605 0.63422954 0.51937276 0.27262262 0.40347487 0.56904155 -0.00936438 0.5268895 0.59647667 0.07391792 0.42855254 0.59653723 -0.07322875 0.65286571 0.62387329 -0.42541194 0.43097171 0.62481743 -0.76412731 0.60016352 0.72629815 -0.20925288 0.38848865 0.7390101 -0.62588763
0.63763803 0.49944717 -0.24365033 0.46270674 0.49955687 -0.53408122 0.68235379 0.49689707 0.07071978 0.37859347 0.54040331 -0.40943071 0.69865835 0.49985135 0.27637434 0.40443811 0.57173973 -0.27916998 0.52810556 0.60069019 0.07930576 0.43170407 0.60124034 -0.07885464 0.65711904 0.62548447 -0.44287255 0.43245301 0.62443745 -0.7999754 0.60026664 0.72661275 -0.2187749 0.38853824 0.740251 -0.65973443
0.63741153 0.50531328 -0.24964893 0.46369863 0.50471395 -0.5525142 0.67687899 0.4995442 0.01439155 0.37825045 0.54525989 -0.37661052 0.69695848 0.50083733 0.19501294 0.41073343 0.57062453 -0.1797107 0.52825266 0.60448003 0.07777385 0.4329443 0.60478479 -0.07729687 0.65724611 0.62633187 -0.44981763 0.43220335 0.62610877 -0.76400393 0.60017508 0.72784072 -0.21240309 0.38837671 0.74174422 -0.61323184
0.63912147 0.51010406 -0.48206979 0.46469799 0.51153874 -0.68858409 0.69924438 0.50124806 -0.15496218 0.37855551 0.55466145 -0.40854836 0.67201293 0.52092379 0.10969689 0.40996766 0.55725533 -0.11884099 0.53081709 0.60436225 0.07169526 0.43634361 0.60478556 -0.07109798 0.65735209 0.62679499 -0.54280591 0.43322438 0.6280753 -0.78373682 0.60026711 0.72828317 -0.19886874 0.38799632 0.74170834 -0.55589467
0.63892102 0.5166775 -0.40436405 0.46553776 0.51645505 -0.65855128 0.60528225 0.55065113 -0.13294473 0.38912258 0.56672776 -0.45040837 0.52847201 0.58424157 -0.0499332 0.43286377 0.57049882 -0.23981306 0.53079289 0.60717428 0.08944043 0.43753758 0.60796964 -0.08873779 0.65664834 0.62837684 -0.47662064 0.43467814 0.628447 -0.78926086 0.60030258 0.72848737 -0.16164054 0.38775226 0.74177343 -0.58847934
0.63401389 0.52330691 -0.3677181 0.46549252 0.52005988 -0.65373272 0.59794807 0.56356281 -0.10130665 0.38902679 0.56983632 -0.47003356 0.54765075 0.58584297 -0.06273027 0.42950088 0.5824663 -0.26724118 0.52987492 0.61351973 0.09882995 0.43762049 0.61463511 -0.09795292 0.65623504 0.6277948 -0.47347087 0.43751794 0.62799191 -0.81282794 0.60034615 0.72862113 -0.1856188 0.38761345 0.74175161 -0.61730093
0.63292158 0.52567399 -0.37364939 0.46672645 0.52561164 -0.67871213 0.62453306 0.54343188 -0.16596451 0.38910863 0.5745185 -0.67625773 0.62198144 0.55171514 -0.13736504 0.44627294 0.57845598 -0.70441622 0.52966076 0.61708862 0.10037075 0.43750042 0.61753958 -0.09970839 0.65650344 0.62881905 -0.47213438 0.44174352 0.62768829 -0.84581965 0.60033965 0.72853577 -0.16695404 0.38761383 0.74164176 -0.64104527
0.63289326 0.52966392 -0.43255875 0.46673042 0.5289408 -0.73502475 0.63019133 0.54116911 -0.20501995 0.40027651 0.58017743 -0.70048577 0.60544056 0.55671066 -0.14287561 0.47435868 0.57419026 -0.64694673 0.52980125 0.62030625 0.09996013 0.43747273 0.62056768 -0.09925777 0.65954387 0.62868106 -0.48529172 0.44185382 0.62771744 -0.86777663 0.60035414 0.72838122 -0.18036695 0.38772601 0.74109352 -0.66349947
0.63203055 0.53161097 -0.4066861 0.46815854 0.53226489 -0.70033026 0.66659272 0.53711128 -0.2771273 0.4007192 0.58851999 -0.87243426 0.68761832 0.54138589 -0.30494061 0.47733119 0.56990552 -1.080948 0.53195632 0.62255573 0.09679246 0.43832377 0.62332475 -0.09619018 0.66058552 0.6288631 -0.51534283 0.44233882 0.62788397 -0.90573847 0.60006362 0.72840041 -0.24247782 0.38801295 0.74092311 -0.72495794
0.63172865 0.53288293 -0.43275839 0.46901512 0.53749466 -0.73697424 0.69783109 0.53325951 -0.20545313 0.41400495 0.59075367 -0.76566744 0.70209038 0.53813332 -0.11102679 0.49631646 0.56852043 -0.7748456 0.53437042 0.62659472 0.09347618 0.44051522 0.62812304 -0.09295075 0.66371763 0.63166612 -0.51154268 0.44222388 0.6307348 -0.90828317 0.59977752 0.72892201 -0.23395409 0.38863254 0.74099243 -0.7459988 
0.63160825 0.53408676 -0.42921221 0.47072041 0.54165113 -0.73433059 0.6902371 0.53184348 -0.17691758 0.42388508 0.58940387 -0.71490407 0.68370032 0.54298955 -0.0768097 0.50693834 0.56753355 -0.66130477 0.53667951 0.62832969 0.09298386 0.44312325 0.63119787 -0.09246144 0.6660828 0.63340151 -0.49438843 0.44188178 0.63149434 -0.88584673 0.59971344 0.72971618 -0.1934669 0.38973793 0.74100131 -0.71126753
0.63214302 0.53427321 -0.41448408 0.47341427 0.54240304 -0.70977044 0.68590575 0.53060168 -0.14048843 0.4196125 0.58413851 -0.61443818 0.68008965 0.54718059 -0.01646587 0.48576123 0.5667792 -0.4171626 0.53802741 0.63073123 0.0938262 0.4450874 0.63380408 -0.09327147 0.67106903 0.63390136 -0.40427461 0.44159171 0.63338214 -0.84410036 0.59960938 0.72978842 -0.10178696 0.3907735 0.741099 -0.65752745
0.63459164 0.53779632 -0.40773964 0.47495162 0.54583943 -0.7032342 0.64529288 0.55399728 -0.12956962 0.41734672 0.58362257 -0.61148202 0.6090486 0.5808841 -0.03619073 0.4793691 0.56939584 -0.45667854 0.54089212 0.63357353 0.09351652 0.44644386 0.63659108 -0.0929449 0.67316616 0.63523805 -0.38808304 0.44140872 0.63341695 -0.81948459 0.59933078 0.72983736 -0.07782311 0.39197758 0.74228674 -0.6201241 
0.63651562 0.53961724 -0.39909893 0.47602314 0.54918522 -0.69555676 0.68129456 0.54481941 -0.09806841 0.42659205 0.59074557 -0.61473697 0.68974054 0.56472242 0.0249231 0.48613676 0.56874263 -0.49562541 0.54397988 0.63545442 0.09207966 0.44770163 0.63856971 -0.09158997 0.67239338 0.63613373 -0.40843958 0.44089326 0.6346429 -0.82225233 0.59919435 0.72979105 -0.0711822 0.39273271 0.74313194 -0.60970843
0.63613451 0.54100698 -0.37242973 0.47586021 0.55230308 -0.67521548 0.65861762 0.5498426 -0.0978946 0.43336201 0.59946316 -0.66119617 0.62076336 0.57864189 -0.00872452 0.49608448 0.571365 -0.65018284 0.54362446 0.63637722 0.0930881 0.44719794 0.64047706 -0.09259083 0.67127675 0.6361205 -0.3821961 0.44167629 0.63418204 -0.840832 0.599096 0.72977775 -0.0572391 0.39341223 0.74350441 -0.61922389
0.63674444 0.54077262 -0.40078127 0.47569382 0.55499542 -0.7128762 0.66303462 0.54823309 -0.1297701 0.44636363 0.60112208 -0.7356326 0.62545556 0.5732848 -0.04797354 0.53266716 0.57056671 -0.72565079 0.54642743 0.63702071 0.09300359 0.44728875 0.64161456 -0.09247314 0.6705972 0.63622737 -0.40674165 0.44296032 0.63412648 -0.87667328 0.59915853 0.72976506 -0.07633965 0.3934778 0.74424893 -0.65290999
0.64167947 0.54008555 -0.43182978 0.47563866 0.5559327 -0.74184233 0.69667846 0.54516321 -0.16889009 0.45593989 0.60065621 -0.76996088 0.70927924 0.56846672 -0.09612046 0.54866761 0.57163686 -0.76905566 0.54977107 0.63472766 0.09279259 0.44782215 0.63992733 -0.09228879 0.67019767 0.63617891 -0.38863251 0.44490227 0.63519543 -0.86546737 0.59919763 0.72976881 -0.02571054 0.39347842 0.7444948 -0.62142575
0.64336067 0.54003227 -0.46967238 0.47546577 0.55552167 -0.76708561 0.69028276 0.54298174 -0.22487561 0.45680371 0.60063511 -0.80153567 0.70264423 0.56728077 -0.15774561 0.55112851 0.57183492 -0.81251401 0.55053055 0.6334182 0.09269808 0.448055 0.63953602 -0.0921901 0.67012417 0.63681388 -0.4020935 0.44576925 0.63620204 -0.85858464 0.59918618 0.73011672 -0.04912797 0.39332616 0.74447912 -0.62361109
0.64361268 0.53961486 -0.49622169 0.47557735 0.5558579 -0.77980256 0.68636984 0.54205328 -0.20700364 0.45042816 0.5980354 -0.69106919 0.654796 0.57085288 -0.10803896 0.5315581 0.57205945 -0.49824587 0.55065012 0.63260323 0.09327313 0.44866949 0.63875008 -0.09267911 0.66895461 0.63684142 -0.40466103 0.44561735 0.63915265 -0.82006133 0.59919655 0.73024487 -0.05785009 0.39329049 0.74443376 -0.59169888
0.64319611 0.53901237 -0.46897259 0.47542629 0.55568868 -0.75547791 0.64342576 0.54697043 -0.16488908 0.42829528 0.59666437 -0.55604327 0.59849012 0.57794774 -0.01858604 0.48463193 0.5750528 -0.29733589 0.54999584 0.63214386 0.09661885 0.44829088 0.6380235 -0.09591298 0.66722697 0.63667524 -0.3997649 0.44600534 0.63934231 -0.80334961 0.59927982 0.73039299 -0.06235165 0.39311656 0.74433553 -0.57357949
0.64374852 0.5385803 -0.47913808 0.47538027 0.55396712 -0.77812445 0.66391951 0.53441584 -0.14740112 0.40515852 0.59267753 -0.58937514 0.66237199 0.55823863 0.04028924 0.48468098 0.57091647 -0.34751827 0.54958373 0.63087296 0.09644274 0.44764853 0.63784057 -0.09569281 0.66633564 0.63655609 -0.40361041 0.44685757 0.63926691 -0.80993837 0.59936118 0.73039252 -0.0673825 0.39309412 0.74412119 -0.58633631
0.64356315 0.53843087 -0.46503916 0.47533083 0.55299032 -0.7623859 0.69279754 0.52925944 -0.13102622 0.38672808 0.58516896 -0.59911138 0.68680477 0.54465824 0.07363276 0.45908302 0.56744891 -0.39179847 0.54945958 0.63024235 0.09600256 0.44745207 0.63745987 -0.09527776 0.66597015 0.63520551 -0.41092882 0.44848385 0.63785177 -0.81467587 0.59961027 0.73035473 -0.07307223 0.39308265 0.74398297 -0.59273112
0.64219594 0.53835815 -0.48481184 0.47402725 0.55237883 -0.76948875 0.6379714 0.53686976 -0.13533334 0.38334671 0.5819338 -0.55886143 0.6625815 0.54671562 0.04226428 0.46958494 0.56684279 -0.27140743 0.5487088 0.6255973 0.09648428 0.4470844 0.63426083 -0.09574107 0.6653344 0.63424259 -0.41211665 0.45105249 0.63662654 -0.81813264 0.60013539 0.73024279 -0.07547817 0.39306813 0.74391854 -0.59370643
0.63417774 0.53631771 -0.47533321 0.47470522 0.55226243 -0.81236452 0.62699115 0.53641659 -0.13709716 0.41737449 0.58121669 -0.69219863 0.67697579 0.53736985 0.02022431 0.53945631 0.55174297 -0.44239634 0.54223776 0.62486345 0.1072282 0.44491339 0.63313097 -0.1063896 0.66343945 0.63252509 -0.43979543 0.45114368 0.63061625 -0.87396109 0.60022533 0.73023927 -0.12141368 0.39277801 0.74343967 -0.66437685
0.62657517 0.53448004 -0.35748574 0.47438931 0.54856968 -0.74582458 0.63406301 0.53670466 -0.00474353 0.39377412 0.57850283 -0.62540704 0.68778056 0.53346795 0.16582416 0.46573552 0.55530715 -0.41060472 0.53685296 0.62160343 0.11355538 0.44086719 0.63077921 -0.11291379 0.66048336 0.63052332 -0.39465195 0.45260933 0.62700003 -0.86109483 0.60022491 0.73027802 -0.11968658 0.39261687 0.7432577 -0.65853149
0.62364686 0.53328884 -0.39576262 0.47313732 0.54588598 -0.75142872 0.62962657 0.5377031 -0.02765225 0.38404438 0.57507098 -0.58221298 0.6855644 0.53013903 0.18549348 0.41993067 0.56836498 -0.29625914 0.53050297 0.61806577 0.11165283 0.4362573 0.62694645 -0.11101489 0.65396202 0.6285392 -0.39617604 0.4523586 0.62445164 -0.80731034 0.60012805 0.73032743 -0.13948089 0.39256707 0.74317533 -0.62859607
0.62374961 0.53198689 -0.38729155 0.47266021 0.54379016 -0.75758928 0.6359005 0.53659433 0.01184933 0.36448908 0.5656662 -0.66746706 0.68839335 0.5274533 0.2659789 0.39674437 0.56986463 -0.47964066 0.53073984 0.61244678 0.11400089 0.43515587 0.62289226 -0.11352865 0.64809108 0.62789786 -0.40031874 0.45268226 0.6226387 -0.8152253 0.60017151 0.73040855 -0.16508338 0.39243773 0.74280798 -0.6574406 
0.62404573 0.52828056 -0.4906714 0.46952453 0.54094082 -0.80969715 0.6299752 0.53532511 -0.00719716 0.3638235 0.56045747 -0.62291956 0.68715179 0.52802646 0.21468471 0.40418401 0.56658089 -0.28835797 0.53049773 0.60622704 0.10750811 0.43431282 0.61540586 -0.10687987 0.64699966 0.62815946 -0.43502402 0.45173573 0.62366307 -0.77259988 0.60039198 0.73041075 -0.18154402 0.3923966 0.74274898 -0.60152519
0.62482101 0.52739805 -0.48771799 0.46608382 0.53798008 -0.82426775 0.58531833 0.54680425 -0.11208522 0.36385548 0.55618423 -0.59318125 0.53905213 0.57382959 0.07028977 0.39181972 0.57759684 -0.22427686 0.53036445 0.60541993 0.11210223 0.43054393 0.614281 -0.11133709 0.64824694 0.62616915 -0.43929869 0.44741422 0.61953002 -0.78990912 0.60035753 0.7305938 -0.20133618 0.39415154 0.74276084 -0.64461404
0.62519872 0.52740592 -0.47309962 0.46542802 0.53388143 -0.80668914 0.59472442 0.54996133 -0.10651488 0.36996481 0.54941863 -0.57000422 0.55803531 0.57546133 0.07226686 0.40648487 0.57048827 -0.20873475 0.5306921 0.60551196 0.1111998 0.43135482 0.61328733 -0.11046302 0.64796388 0.62458158 -0.46435669 0.44742551 0.61629313 -0.81919467 0.6003598 0.73050517 -0.2201006 0.39564693 0.74248189 -0.66686869
0.62629092 0.52693862 -0.47544703 0.46335104 0.53127724 -0.79564357 0.57548445 0.55301434 -0.1228352 0.37178549 0.55203038 -0.50717533 0.51732337 0.5845198 0.04907753 0.40431631 0.57339287 -0.13315894 0.53106022 0.60665619 0.10842996 0.43175778 0.61432594 -0.10756071 0.64471233 0.62243134 -0.47461 0.44453123 0.61449486 -0.81895959 0.60037166 0.73038793 -0.2219671 0.39635274 0.74252826 -0.66043508
0.62656671 0.5253914 -0.42748821 0.46123961 0.52895182 -0.74075449 0.57936454 0.55727184 -0.10151177 0.35991096 0.55447477 -0.55224037 0.51416343 0.59680444 0.05516343 0.32550892 0.60295111 -0.27488425 0.5284791 0.60552627 0.10833041 0.42942533 0.61347312 -0.10745788 0.63844103 0.62162507 -0.47965077 0.44479543 0.61598355 -0.80662537 0.60041934 0.73035651 -0.2341083 0.39646015 0.74307472 -0.63357627
0.62621564 0.52120328 -0.50211817 0.45855841 0.52488929 -0.79979914 0.58708251 0.53547746 -0.1289039 0.36244369 0.54919541 -0.5449689 0.55381018 0.56121129 0.07782032 0.36715284 0.59440142 -0.15503314 0.52533484 0.60228384 0.10726492 0.42766497 0.60770947 -0.10640924 0.63419896 0.62195837 -0.502087 0.44694793 0.61739755 -0.78028458 0.60079509 0.73031437 -0.25228691 0.3965731 0.743074 -0.61041224
0.62512523 0.51704508 -0.48420015 0.45705384 0.52103806 -0.78394306 0.59197253 0.52984864 -0.09443306 0.37323242 0.54946816 -0.48539016 0.55415905 0.55613351 0.1546357 0.41572052 0.59051877 -0.08487367 0.52368438 0.60069954 0.10451148 0.42777199 0.60493499 -0.10365567 0.63165122 0.62238628 -0.49673203 0.44843963 0.61803657 -0.74168259 0.6010828 0.73039311 -0.25580075 0.39653185 0.74245328 -0.585944 
0.62468117 0.51353031 -0.46461236 0.45703912 0.51682061 -0.77686566 0.63998193 0.51054978 -0.07084064 0.37350926 0.54328531 -0.52266836 0.67259681 0.5089981 0.20831347 0.41359952 0.58627796 -0.16927893 0.52100134 0.59948039 0.09883294 0.42757103 0.60250634 -0.09813803 0.63292176 0.62253606 -0.48651546 0.44956696 0.61949402 -0.73036683 0.60112852 0.73049736 -0.27640387 0.39644009 0.74200499 -0.59318775
0.62291121 0.50976151 -0.43175521 0.45683774 0.51399189 -0.74697274 0.65044886 0.50452298 -0.03068497 0.38871545 0.5448488 -0.51542515 0.70139027 0.49975333 0.27979589 0.41708398 0.58235371 -0.1931158 0.52028465 0.5961535 0.09415215 0.42749736 0.59761435 -0.09359949 0.63191593 0.62245077 -0.48423144 0.45193487 0.62002689 -0.72627145 0.60139591 0.73050863 -0.2869156 0.39525348 0.74198979 -0.59468448
0.6208899 0.50739378 -0.44356951 0.45387614 0.51161975 -0.75200582 0.60633719 0.51470208 -0.04000217 0.39353642 0.5471018 -0.45819318 0.57612336 0.52364248 0.24844383 0.43942901 0.57756001 -0.05633224 0.51903498 0.59099466 0.09483719 0.42506531 0.59433991 -0.09425681 0.62452626 0.62123013 -0.48088962 0.45339283 0.62010711 -0.68229175 0.60140306 0.73015183 -0.27791935 0.39355814 0.74199414 -0.57379156
0.61602688 0.50426704 -0.47318971 0.45215556 0.5083552 -0.77371538 0.59598887 0.51468402 -0.04245083 0.40192029 0.54566091 -0.48512894 0.56723332 0.53061324 0.27410045 0.45605162 0.56737792 -0.08591718 0.5156647 0.58540028 0.09534901 0.4207499 0.58758038 -0.09475108 0.61875433 0.62135339 -0.48079428 0.45374766 0.62083942 -0.69400299 0.60123014 0.72987336 -0.27897307 0.39086711 0.74209321 -0.58510625
0.61397141 0.50160831 -0.5072028 0.45098487 0.50500709 -0.77099866 0.5846262 0.51380128 -0.07257291 0.40122271 0.53996241 -0.43495697 0.54524612 0.53365773 0.22879118 0.46544194 0.56110722 -0.00460074 0.51531017 0.5812701 0.09176219 0.41991532 0.58416963 -0.09116869 0.61539245 0.62160039 -0.44715798 0.45227915 0.62284237 -0.66103107 0.60123163 0.72910863 -0.26701778 0.38914546 0.74191147 -0.57466751
0.60981011 0.49986371 -0.46196944 0.44822425 0.50257629 -0.71166492 0.53099692 0.51590371 -0.12484267 0.4185831 0.54243314 -0.41075134 0.46054322 0.53647721 0.04305636 0.47499621 0.558869 -0.01188436 0.51085472 0.58207721 0.09287589 0.41229263 0.58628237 -0.09223188 0.61099064 0.62172645 -0.41275132 0.45228589 0.62281305 -0.67057854 0.60189903 0.7288487 -0.26080322 0.3886607 0.74115217 -0.57854271
0.6105119 0.4973864 -0.45533282 0.44685131 0.4980047 -0.66817105 0.53253859 0.51741475 -0.11205848 0.42075634 0.54030013 -0.31801668 0.46021041 0.53720886 0.07095253 0.4665086 0.54601324 0.13339467 0.51176041 0.57830441 0.09057975 0.41413864 0.58300102 -0.08984212 0.61045253 0.62137896 -0.43068069 0.45285842 0.6229288 -0.63916337 0.60219139 0.72838819 -0.28948244 0.38870695 0.74100405 -0.5429213 
0.60997528 0.49361318 -0.45554051 0.44434223 0.49511638 -0.69345891 0.53151447 0.5150907 -0.08809074 0.42099357 0.53639323 -0.32932797 0.46896669 0.53767687 0.10778334 0.47232139 0.54235727 0.14213747 0.51277977 0.57552963 0.09057772 0.41404402 0.58060092 -0.08984981 0.60934657 0.62055963 -0.43817541 0.45283306 0.62293231 -0.65429121 0.6021716 0.72801727 -0.28723714 0.38830417 0.74045783 -0.55281979
0.60738093 0.48972988 -0.44793388 0.44126546 0.49285117 -0.73443341 0.54803318 0.51273644 -0.07748526 0.41665345 0.55156666 -0.44719574 0.49108067 0.53258407 0.12041168 0.50765443 0.54904777 -0.08382838 0.51181561 0.57497382 0.09350643 0.41215518 0.57897109 -0.09275009 0.60911065 0.62053859 -0.42994782 0.45345247 0.62125462 -0.66949856 0.60215807 0.72795981 -0.26074502 0.38830641 0.73940331 -0.59695095
0.60658103 0.487075 -0.44200417 0.43909845 0.49082097 -0.73436975 0.53295147 0.51367652 -0.08716618 0.43413678 0.55142719 -0.42893723 0.48697472 0.53340125 0.05668613 0.51610148 0.54627126 -0.01691782 0.51139599 0.57286656 0.09649669 0.41014525 0.57717592 -0.09563326 0.60860229 0.61903632 -0.44162807 0.45370945 0.6211735 -0.67952293 0.60218257 0.72780532 -0.27957666 0.38826916 0.73908293 -0.60001552
0.606659 0.48082051 -0.41852161 0.43979961 0.48725373 -0.7410779 0.59048599 0.48795277 -0.02118682 0.42816052 0.55081636 -0.51264983 0.65944773 0.48074549 0.21742791 0.50861359 0.54796624 -0.22166978 0.51137835 0.56962645 0.09853275 0.41075593 0.57238495 -0.09790656 0.60791647 0.61879838 -0.43853012 0.45462567 0.62117201 -0.68417579 0.60202998 0.72781408 -0.26909414 0.38829172 0.73893541 -0.59841919
0.60817474 0.47818884 -0.46052083 0.43963751 0.48345533 -0.74639684 0.58554399 0.48520371 -0.04318107 0.43569714 0.54513818 -0.45968127 0.59855133 0.49483615 0.23439971 0.50954127 0.54002535 -0.05833238 0.51154441 0.56698799 0.09257703 0.41120678 0.56950849 -0.09196086 0.6061483 0.61854297 -0.45514783 0.45502719 0.62095696 -0.66768724 0.60157502 0.72779304 -0.2877259 0.3883301 0.73887819 -0.58278775
0.61097449 0.47422436 -0.45371765 0.43926474 0.47765979 -0.74575692 0.64862794 0.46940267 -0.04011773 0.43152088 0.54460263 -0.49234784 0.68135005 0.47166097 0.27013248 0.50145513 0.53758514 -0.19203363 0.51433802 0.5659731 0.08633336 0.41336215 0.56775326 -0.08587308 0.6062308 0.61857402 -0.46550098 0.45504582 0.62063342 -0.6716125 0.60055429 0.72779924 -0.28157359 0.3882336 0.73834252 -0.5425086 
0.61228174 0.47096634 -0.4529779 0.43915385 0.47150871 -0.73992121 0.66802561 0.45654473 -0.04691625 0.42889085 0.53182936 -0.49544972 0.69163835 0.45822865 0.24097683 0.4997735 0.50500464 -0.19722676 0.51577348 0.56596303 0.08001074 0.41523829 0.56714684 -0.07961661 0.604496 0.61816776 -0.48314521 0.4548282 0.62056893 -0.67008847 0.59985822 0.72779262 -0.30053401 0.38785493 0.73793846 -0.5283317 
0.61230248 0.46421209 -0.44183701 0.43871507 0.46570489 -0.7148658 0.680071 0.46171418 -0.02806548 0.37220615 0.50878376 -0.42406484 0.68408924 0.46829066 0.33315882 0.37352398 0.48243839 -0.08061972 0.51583391 0.56291288 0.0780819 0.41622773 0.56298649 -0.07765515 0.60385174 0.61716884 -0.47640279 0.45467448 0.61994988 -0.64553219 0.59957677 0.72792268 -0.29415843 0.38765869 0.73742539 -0.49418885
0.61231261 0.45860001 -0.44246101 0.43817061 0.46055731 -0.69297922 0.65175885 0.46216792 -0.02054369 0.37649822 0.50507319 -0.36522248 0.66988385 0.46793482 0.35935384 0.40806645 0.49134746 0.02547097 0.51535285 0.56004113 0.07430799 0.41608837 0.55883867 -0.07380894 0.60368413 0.61535496 -0.47275239 0.45466545 0.61908686 -0.62620044 0.59953171 0.7277714 -0.27989247 0.38767576 0.73582911 -0.4726716 
0.61182559 0.45463637 -0.37188196 0.43811566 0.45442626 -0.60628808 0.63626337 0.46569383 0.01177887 0.36884058 0.4956753 -0.25322601 0.66460669 0.46194369 0.31453601 0.37641934 0.47853056 0.1606463 0.51489896 0.55788273 0.06893492 0.416201 0.55577981 -0.0684333 0.60316199 0.61270672 -0.47968096 0.45460138 0.61914647 -0.62375855 0.59953249 0.72757781 -0.29477158 0.3882165 0.73474598 -0.47211638
0.61183453 0.4516378 -0.36215717 0.43863937 0.44753888 -0.58996058 0.63504767 0.46946162 0.00647417 0.37400529 0.48668855 -0.20328303 0.66869634 0.46093872 0.28924325 0.37223861 0.47509873 0.23850691 0.514911 0.55739987 0.0682767 0.41705859 0.55370975 -0.06773017 0.60163915 0.61198682 -0.49579552 0.45432684 0.61795717 -0.6338892 0.59926879 0.72749698 -0.31110841 0.38849628 0.73493153 -0.49630928
0.6109879 0.44732234 -0.32266399 0.43983388 0.44112214 -0.54184836 0.61846739 0.47011036 0.04551421 0.37137198 0.47799206 -0.14788251 0.66118962 0.45587239 0.29509088 0.34344432 0.45985451 0.29332703 0.51459718 0.55498022 0.06894691 0.41736123 0.55139279 -0.06842882 0.60121578 0.61105239 -0.49323076 0.4524942 0.61764514 -0.62953454 0.59913832 0.72752076 -0.30881637 0.38845858 0.73488593 -0.50305969
0.61101848 0.44287997 -0.31855482 0.44015217 0.43380749 -0.5265851 0.61575085 0.46377936 0.05177806 0.36911982 0.47481397 -0.13647534 0.66240633 0.45007801 0.30398202 0.34516335 0.45913082 0.28089386 0.51411152 0.55077094 0.06683488 0.41774684 0.5467003 -0.06642716 0.60132104 0.61087072 -0.46330154 0.44816509 0.61802632 -0.5982275 0.59886491 0.72762132 -0.2973367 0.38791597 0.73474199 -0.47000679
0.61103553 0.43391094 -0.32573858 0.44014239 0.42842492 -0.53218871 0.59288263 0.46159312 0.03482028 0.36587551 0.47221124 -0.13484901 0.65692669 0.44527659 0.25598258 0.34444538 0.45738447 0.29601619 0.51388705 0.54546571 0.06823649 0.41809061 0.54162967 -0.06780926 0.60156685 0.60858768 -0.46581602 0.44634438 0.6175676 -0.60379422 0.5986948 0.7275759 -0.29328191 0.38744837 0.73481071 -0.45462143
0.61094636 0.42593104 -0.30899772 0.44031864 0.42129245 -0.51182342 0.57099235 0.45587113 0.06801104 0.36655715 0.46400148 -0.08989801 0.62143528 0.4411405 0.26600334 0.34850931 0.44837904 0.35628036 0.51386553 0.54018199 0.06922051 0.42178535 0.53652132 -0.06877569 0.60137051 0.60722423 -0.46555018 0.44505495 0.61596382 -0.59809917 0.59856182 0.72776794 -0.29186594 0.38698423 0.73473793 -0.45565611
0.61263162 0.41646871 -0.25040489 0.44172642 0.41286469 -0.46481249 0.5818128 0.4469929 0.08804876 0.36962968 0.45657438 -0.07691798 0.62334538 0.43238893 0.22757484 0.35512784 0.45153987 0.30810511 0.51834595 0.53494018 0.06910927 0.42598522 0.53082144 -0.06875113 0.60149002 0.6053111 -0.42623061 0.44342014 0.61257303 -0.59419698 0.59853721 0.72773385 -0.2620742 0.38638112 0.73426545 -0.47034496
0.61252213 0.40842333 -0.12537342 0.44235817 0.40188512 -0.33670989 0.5684104 0.4450987 0.21449336 0.37801498 0.45045385 -0.01192749 0.59829909 0.42622 0.36067426 0.3930009 0.44326028 0.29581389 0.52066529 0.53138006 0.06943892 0.42932263 0.52889013 -0.06909299 0.60158628 0.60586935 -0.34459114 0.43650734 0.61233872 -0.57219487 0.5979827 0.72781837 -0.23281194 0.38561296 0.73618233 -0.51213312
6.12519205e-01 3.97666454e-01 -1.71070874e-01 4.43912417e-01 3.93106103e-01 -3.67501646e-01 6.02894425e-01 4.34996039e-01 -2.44283751e-01 3.79161865e-01 4.45169747e-01 -7.54770264e-02 6.59636021e-01 4.10535604e-01 -6.29263222e-01 3.78552198e-01 4.30792809e-01 2.10333467e-01 5.20769775e-01 5.23703814e-01 6.96681291e-02 4.30018872e-01 5.20404339e-01 -6.93296790e-02 6.01673543e-01 6.06152833e-01 -1.52233377e-01 4.28088576e-01 6.08626246e-01 -5.97694457e-01 5.97048283e-01 7.27847755e-01 6.27462578e-05 3.83879155e-01 7.38008916e-01 -6.01567149e-01
0.6125505 0.39057577 -0.11229224 0.44478655 0.38352516 -0.29133496 0.60959864 0.43804801 -0.27307704 0.37993595 0.43808541 -0.1136032 0.6746341 0.40682015 -0.71533597 0.37837154 0.4209666 0.01456358 0.52225173 0.51743549 0.06979249 0.43066341 0.51451725 -0.06945644 0.59809953 0.60429877 -0.10465614 0.42092639 0.60859787 -0.50340027 0.5967927 0.72836387 -0.02062873 0.38249558 0.7405597 -0.60044682
0.61295289 0.38276586 -0.11746114 0.44650984 0.37575334 -0.27561298 0.60989404 0.42710206 -0.29273617 0.38411334 0.42862862 -0.13160457 0.66530836 0.40543285 -0.74411225 0.38004228 0.41599813 -0.05546987 0.52381778 0.51079327 0.06578602 0.43121487 0.50959975 -0.06546587 0.59001738 0.59997278 -0.13568854 0.41814679 0.60813832 -0.43929952 0.5967856 0.72836965 -0.07391708 0.38163662 0.74242914 -0.49189413
0.61292392 0.37688592 -0.08924808 0.44687176 0.36846539 -0.24075736 0.61108768 0.41789928 -0.24057205 0.38556305 0.42118484 -0.04101845 0.66240495 0.39286533 -0.68289369 0.38046288 0.40922669 0.06374364 0.52518082 0.50550467 0.0581385 0.43270668 0.5056302 -0.05783346 0.58203465 0.59954071 -0.16368556 0.41312408 0.60999852 -0.26918682 0.59729278 0.72836792 -0.11132076 0.3803964 0.74454278 -0.26009089
0.60826224 0.3649382 -0.04726833 0.44928434 0.36057478 -0.27845511 0.59867179 0.40207231 -0.06562296 0.38983175 0.41328448 -0.07591876 0.65945017 0.38276961 -0.35636032 0.40796351 0.40572745 0.09403056 0.52502662 0.49568039 0.06022201 0.43340147 0.49770176 -0.05994795 0.57419348 0.59843665 -0.0679944 0.41054884 0.6117183 -0.24424624 0.59741378 0.72808856 0.03517643 0.37981731 0.74551684 -0.2365035 
0.60552579 0.35890248 0.00122375 0.4493866 0.35416263 -0.16902308 0.59167057 0.40469474 -0.08870215 0.38980374 0.40507624 0.01847902 0.65804428 0.37570044 -0.45680279 0.38030902 0.39529362 0.22104082 0.52539086 0.49328676 0.05923953 0.43549755 0.49699277 -0.05902424 0.56434435 0.59935284 0.03625154 0.40477508 0.61564636 -0.21677844 0.59683704 0.72629094 0.13714309 0.37681651 0.74644691 -0.25106457
0.60491943 0.35683507 0.03000843 0.44911987 0.34855783 -0.11821001 0.59612834 0.39571485 -0.08775046 0.38963279 0.40011141 0.07175326 0.6572544 0.36966079 -0.41523081 0.33169943 0.38167092 0.28574616 0.52693772 0.49175185 0.05296958 0.43675092 0.49407646 -0.0527674 0.55900204 0.5997349 0.00888675 0.40099308 0.61556733 -0.16043079 0.59682757 0.72584021 0.09015872 0.37700191 0.7458896 -0.14575016
6.04687870e-01 3.51627141e-01 -5.95464720e-04 4.48603153e-01 3.44627947e-01 -1.74033225e-01 5.96310616e-01 3.97222608e-01 -1.06111296e-01 3.89462858e-01 3.99621427e-01 4.52236794e-02 6.57623470e-01 3.67626876e-01 -4.86961812e-01 3.28029484e-01 3.72021616e-01 2.65875429e-01 5.29021025e-01 4.87723351e-01 5.40806465e-02 4.39452529e-01 4.88914490e-01 -5.38802296e-02 5.56810260e-01 6.00355208e-01 2.94614173e-02 4.01847690e-01 6.12987161e-01 -1.64877728e-01 5.96829057e-01 7.25517809e-01 1.17691822e-01 3.77496183e-01 7.45829940e-01 -1.55888215e-01
0.60482883 0.35070133 0.03678792 0.44762331 0.34329265 -0.15832257 0.59628135 0.39470604 -0.12149913 0.38932282 0.39566705 -0.03853793 0.65835351 0.36429566 -0.54224277 0.33683097 0.37884381 -0.00172813 0.53163159 0.48886558 0.05968839 0.44053969 0.48939911 -0.05956044 0.55900139 0.60225308 0.03151703 0.40270153 0.61077207 -0.18910009 0.59706998 0.72577935 0.11778899 0.38142127 0.74447817 -0.16481766
0.60492963 0.3502045 0.07384386 0.44700304 0.34218585 -0.15701155 0.59315068 0.40005943 -0.11798667 0.38824478 0.39436826 -0.04447771 0.65949565 0.36596921 -0.56267279 0.34148675 0.37669662 0.03900337 0.53286815 0.49087936 0.07761595 0.44128001 0.49118555 -0.07745239 0.55931103 0.60674584 0.10588048 0.402394 0.61088181 -0.2156613 0.59707797 0.72585702 0.21906669 0.38180044 0.74431306 -0.21815197
0.6049509 0.35048917 0.09520307 0.4469794 0.3423357 -0.14520726 0.59305811 0.40109283 -0.11706073 0.38780507 0.39542022 -0.0631368 0.66284144 0.36549029 -0.59237945 0.33085376 0.36840105 -0.02783293 0.53469163 0.4931666 0.08436908 0.44186315 0.49320284 -0.08422578 0.56102049 0.61112499 0.10715688 0.40032539 0.61217219 -0.18245457 0.59749681 0.72665316 0.21974996 0.3821004 0.74417847 -0.16883385
0.60451025 0.35185775 0.08305604 0.44698158 0.3417609 -0.16221394 0.59313661 0.40252912 -0.11461579 0.38691097 0.39722398 -0.11827247 0.66729271 0.36659166 -0.59332448 0.32517585 0.36481571 -0.12729914 0.53562903 0.4931646 0.08910924 0.44345319 0.49290583 -0.08904178 0.56218374 0.61237168 0.1030367 0.40064079 0.61197478 -0.20423727 0.59758168 0.72676218 0.20412667 0.38336363 0.74415851 -0.20533134
0.60440725 0.35329047 0.09822121 0.44674334 0.34244141 -0.14320056 0.59482807 0.4036783 -0.10523859 0.38698566 0.39831442 -0.12350915 0.6686036 0.3686232 -0.55373305 0.33332935 0.37386304 -0.13159762 0.53695589 0.49407828 0.08674331 0.4438608 0.49365193 -0.08667098 0.56298482 0.6137827 0.11223974 0.39960554 0.61245328 -0.17540175 0.59774333 0.72689825 0.21885706 0.38452774 0.74378943 -0.17163983
0.60492241 0.3548556 0.08520347 0.44675955 0.3427707 -0.13966057 0.5948261 0.4075838 -0.09900941 0.3871277 0.39950502 -0.10806393 0.67188472 0.37091774 -0.53883058 0.33820242 0.37765312 -0.09162773 0.53931397 0.49485892 0.08550431 0.44398463 0.49452958 -0.08537735 0.5631023 0.61529148 0.11903487 0.39968663 0.61398667 -0.1592164 0.59787029 0.72712958 0.23893315 0.38566983 0.74339509 -0.14054695
0.60735953 0.35556823 0.07893948 0.44720629 0.34297755 -0.1294115 0.59609914 0.40814218 -0.09688786 0.38693324 0.40065974 -0.10212798 0.67538369 0.37228176 -0.53260481 0.33658803 0.37569702 -0.11100494 0.54084325 0.49537963 0.08164042 0.44420716 0.49509203 -0.08161423 0.56332558 0.61514914 0.11828355 0.39914906 0.6162461 -0.16101177 0.5981136 0.72730643 0.24111481 0.38626611 0.74320769 -0.14861321
0.60794133 0.35625777 0.11351719 0.44822791 0.34285325 -0.12824887 0.5971148 0.40878484 -0.06912161 0.38664374 0.40137851 -0.12452248 0.67559111 0.37288627 -0.52141768 0.33815229 0.3758612 -0.16537298 0.54201889 0.49575439 0.08397736 0.44527316 0.49548626 -0.08396752 0.56410408 0.61495441 0.13484257 0.39913788 0.61646402 -0.17613032 0.59823078 0.72732681 0.26191214 0.3866812 0.7429288 -0.17082834
0.60901737 0.35677254 0.10232931 0.44922715 0.34312883 -0.13946505 0.59782702 0.40893707 -0.07570937 0.38662559 0.40166011 -0.12046923 0.67704695 0.37339589 -0.55979288 0.33526394 0.3745392 -0.09776071 0.54244572 0.49598244 0.08559357 0.44591561 0.49560377 -0.08556812 0.56458229 0.6151126 0.15724395 0.39928937 0.61711478 -0.18825737 0.59830385 0.72733432 0.30879825 0.38666457 0.74285376 -0.17128104
0.61106658 0.3570905 0.08564565 0.44991738 0.34327298 -0.14756735 0.59847236 0.4090046 -0.09552418 0.38660979 0.40165356 -0.1152603 0.67930001 0.37372172 -0.58967078 0.33346504 0.37447697 -0.07818773 0.54279119 0.49649897 0.0849282 0.44608042 0.49589035 -0.08488785 0.56521314 0.61568373 0.15413631 0.39929596 0.61754161 -0.18715656 0.59831309 0.72732365 0.31058419 0.38706908 0.74212795 -0.17029431
0.61280954 0.35732999 0.07954209 0.45032531 0.34366369 -0.14530979 0.59961802 0.40907305 -0.10201913 0.38660076 0.40170291 -0.10334911 0.6798324 0.37395093 -0.58304757 0.3330071 0.37367943 -0.07149908 0.54298389 0.49669477 0.08370098 0.4461053 0.49603504 -0.08366662 0.56543618 0.61561 0.1397651 0.39879343 0.61782759 -0.1780261 0.59820068 0.72725123 0.284255 0.38714439 0.74173033 -0.15709552
0.61425716 0.35750136 0.07838383 0.45079291 0.3438257 -0.14073735 0.60037845 0.4091256 -0.10638238 0.38663319 0.40125272 -0.082551 0.67937094 0.37397844 -0.59089559 0.35245976 0.37717283 -0.04231777 0.54303902 0.49685895 0.08256408 0.44606271 0.49623978 -0.08251853 0.5657106 0.61522496 0.13563439 0.39866713 0.61765039 -0.18272424 0.5980255 0.72692078 0.27694696 0.38710502 0.74165058 -0.16553776
0.61529613 0.35759786 0.07607463 0.45147243 0.34395418 -0.14400849 0.60124183 0.40915665 -0.10928995 0.38655847 0.4007929 -0.07374132 0.6790204 0.37404749 -0.58815759 0.35186353 0.37735382 -0.02583445 0.54307365 0.49698514 0.0824032 0.44609728 0.49636686 -0.08235417 0.56587809 0.6147393 0.13795842 0.3987498 0.61692262 -0.18585323 0.59786749 0.72676581 0.2804777 0.38702053 0.74144781 -0.17957939
0.61639756 0.35762674 0.07015803 0.45292079 0.34395188 -0.14612158 0.60172695 0.40931767 -0.11332589 0.38568619 0.40053505 -0.05697045 0.67875642 0.37424752 -0.58708292 0.34365925 0.37442365 0.01107245 0.54307407 0.49702069 0.08232139 0.44631475 0.49613836 -0.08227394 0.56598651 0.61402768 0.13248122 0.39878598 0.61487275 -0.21260469 0.59766817 0.72671372 0.27098382 0.38687521 0.74090654 -0.22088771
0.61724192 0.35771525 0.06427605 0.45386201 0.34396857 -0.14668885 0.60279506 0.40935385 -0.12107617 0.38448974 0.40055007 -0.04997345 0.67863876 0.37446991 -0.60017514 0.34030282 0.37364236 0.02192429 0.54309648 0.49700201 0.08207396 0.44657248 0.49589652 -0.08201572 0.5660733 0.61357152 0.13140883 0.39894912 0.6132099 -0.22666718 0.5975014 0.7266916 0.26903239 0.38673773 0.74056506 -0.24361849
