0.46727544 0.45039502 -0.35569194 0.44543499 0.4416444 -0.02103882 0.40567526 0.4611412 -0.33561394 0.37862125 0.45078281 -0.04518564 0.45302126 0.42211217 -0.17001712 0.4107464 0.43012252 -0.1910986 0.29461047 0.52735996 -0.10748453 0.28190267 0.51185155 0.10717941 0.27692425 0.59382224 -0.20384678 0.25126371 0.4829109 0.02433236 0.41155326 0.60609871 -0.1032987 0.35463566 0.48133656 0.08067396
0.46528652 0.47511959 -0.27077705 0.44193345 0.49601805 -0.51175588 0.41223693 0.4641946 -0.10078274 0.39233372 0.49679449 -0.58547914 0.45415968 0.42670804 0.0251617 0.43392587 0.44312459 -0.64875042 0.29483825 0.55925864 0.10994408 0.2832894 0.56937253 -0.10995073 0.34336165 0.64051449 0.09918663 0.33610931 0.67131555 -0.17959473 0.40657499 0.65930772 0.23503776 0.34534457 0.7769109 -0.29624593
0.42311451 0.46392858 0.33195922 0.47597769 0.48358554 0.01596888 0.36639535 0.46846998 0.47153175 0.42917114 0.4944784 -0.03422218 0.43054661 0.43005699 0.67447305 0.45237547 0.44096261 0.09873997 0.27386972 0.57028329 0.11187683 0.30832934 0.58420235 -0.11274362 0.31286788 0.68185478 0.16498946 0.39669845 0.69403213 -0.06748457 0.3207131 0.79045749 -0.05772641 0.39270541 0.81530803 -0.36940613
0.39387411 0.46060294 0.24842145 0.4925923 0.48587444 0.00608051 0.32913503 0.47522226 0.37373203 0.45274797 0.50935245 -0.00721701 0.39322007 0.43736327 0.54956055 0.48192614 0.45642373 0.1516439 0.27287185 0.57879108 0.11129265 0.34737366 0.58521527 -0.11201177 0.31325138 0.70070118 0.19722255 0.42512566 0.71068203 0.00750492 0.30678418 0.80565089 0.04615892 0.41433272 0.84166867 -0.24112014
0.39157921 0.45546648 0.31139931 0.48979911 0.45948288 -0.02988612 0.33023092 0.48493513 0.47697404 0.43127185 0.48625979 -0.17139015 0.37233821 0.4526453 0.67881024 0.48664919 0.44120857 -0.18197927 0.27760133 0.5846892 0.14074019 0.35827786 0.58549994 -0.14131896 0.31417242 0.70217508 0.26407611 0.40874317 0.71092969 -0.00743065 0.30580106 0.8020879 0.15135644 0.43255013 0.83533359 -0.21109463
0.38839975 0.45610973 0.32293063 0.48377568 0.45597118 -0.06846493 0.30123916 0.4924551 0.52694905 0.43475357 0.49379939 -0.18982956 0.3538979 0.45454627 0.72967255 0.47632632 0.44603235 -0.14478289 0.27931631 0.58930784 0.15368091 0.35582858 0.59190983 -0.15394379 0.31634665 0.70555222 0.20685101 0.40296701 0.7180618 -0.03043598 0.3066375 0.81021035 0.19230802 0.42582339 0.85157913 -0.18163902
0.38462567 0.45396653 0.31916228 0.48386067 0.4542177 -0.09282707 0.30786458 0.48080203 0.52339613 0.42902535 0.49541187 -0.22467989 0.34976491 0.46437564 0.73970234 0.46582657 0.45297587 -0.18901139 0.28164545 0.59006315 0.16256864 0.35674125 0.59388578 -0.16286398 0.31729296 0.70369381 0.17107125 0.40137923 0.71293557 -0.04471544 0.31313455 0.81036919 0.13089207 0.43007645 0.86092454 -0.1800684 
0.37699783 0.45428833 0.30689925 0.48071793 0.45317039 -0.09029927 0.2923955 0.48921564 0.53289199 0.44712847 0.48973748 -0.15224335 0.33680332 0.46620333 0.74266785 0.48818263 0.44373578 -0.00947052 0.28152421 0.59074402 0.1556769 0.35204691 0.59593701 -0.15597631 0.31796938 0.70348173 0.16151161 0.39950651 0.71263522 -0.05663788 0.31748331 0.80868357 0.12647285 0.42391619 0.85418141 -0.17831343
0.36784691 0.45571792 0.26055232 0.4810102 0.45018378 -0.06464547 0.25909445 0.49727762 0.43027624 0.44749063 0.48209932 -0.16566017 0.31484377 0.46903163 0.62861252 0.47819129 0.43969864 -0.09720157 0.27927867 0.59200776 0.13853027 0.35818145 0.59260333 -0.13875446 0.31745392 0.70586693 0.11094492 0.40199417 0.71482456 -0.06281012 0.32059026 0.81702942 0.06097334 0.41980743 0.85367566 -0.1707027 
0.36539024 0.45659396 0.24546583 0.47679263 0.45120227 -0.09018689 0.26721245 0.4942174 0.42712554 0.43978989 0.48128358 -0.22850433 0.3231841 0.46746475 0.62549531 0.48149475 0.43828449 -0.2383838 0.2764307 0.59289443 0.13504751 0.35284567 0.59342545 -0.13520835 0.31652558 0.70584774 0.11516423 0.40037104 0.71787679 -0.06464392 0.32472223 0.81463414 0.06558739 0.41823801 0.85129267 -0.1685333 
0.36235514 0.45892176 0.24160773 0.47195339 0.4511191 -0.06755915 0.2595261 0.49877983 0.42576519 0.435159 0.48172835 -0.18099579 0.32586733 0.46608621 0.62616885 0.4853906 0.43721977 -0.1766033 0.27705556 0.59332108 0.12932928 0.35079572 0.59096915 -0.12946312 0.31589428 0.70584083 0.10985515 0.40135264 0.71901721 -0.067181 0.3267293 0.8172397 0.06876821 0.41680631 0.85410041 -0.16892296
0.35765061 0.45972759 0.23885866 0.4710041 0.45145303 -0.0568026 0.25872144 0.49797064 0.42858788 0.44531277 0.48298386 -0.11979198 0.31438309 0.46562499 0.6349138 0.48751605 0.4365012 -0.01333144 0.27690247 0.59427917 0.12763992 0.35327369 0.59286678 -0.1278607 0.31656182 0.7068131 0.12852503 0.40203264 0.72121245 -0.06433045 0.32497659 0.81957257 0.0876161 0.41799536 0.85629654 -0.17365994
0.35561031 0.46019506 0.2175726 0.4709658 0.45317677 -0.05461065 0.25675982 0.49576908 0.40956742 0.45342183 0.48429906 -0.07151242 0.30956173 0.46604428 0.61790377 0.48252365 0.43708622 0.05634413 0.2762008 0.59535164 0.12329002 0.35542789 0.59743011 -0.12351033 0.3165257 0.70807165 0.13280274 0.40093568 0.72469944 -0.04809096 0.32125065 0.82116407 0.08269163 0.42163733 0.85823548 -0.17301328
0.35345083 0.46074873 0.23559046 0.46761218 0.45454308 -0.05145464 0.2588084 0.49695674 0.43529776 0.45314857 0.48508218 -0.08786502 0.31020588 0.46549875 0.65472621 0.48140749 0.43695557 -0.00640831 0.276182 0.59650606 0.12189245 0.35626814 0.59868866 -0.12213371 0.31784934 0.70901501 0.12230254 0.40262166 0.72421855 -0.07016516 0.31912214 0.82183474 0.07866579 0.42385083 0.85820979 -0.21059731
0.35394207 0.46217015 0.23439841 0.46693215 0.45386389 -0.04608646 0.26350138 0.50050992 0.4308041 0.4511579 0.48002753 -0.09528344 0.31912857 0.46887723 0.65804511 0.48784474 0.43661967 -0.03285267 0.27611849 0.59684181 0.12041195 0.35611126 0.59783232 -0.12065545 0.32161206 0.70980209 0.11675406 0.40462911 0.7235142 -0.06842209 0.3184762 0.82355493 0.07691172 0.42573041 0.85735089 -0.21100673
0.35351074 0.46266907 0.23963149 0.46771866 0.45413753 -0.02094214 0.2603451 0.50108969 0.4443374 0.45896921 0.48177019 -0.05202664 0.32219368 0.47069091 0.68370503 0.49104506 0.43643761 0.04548895 0.27594256 0.59731364 0.11994506 0.35689259 0.59864789 -0.1201722 0.32539353 0.70892751 0.11389173 0.41016871 0.72296059 -0.06732517 0.31781524 0.82329905 0.07269579 0.42749858 0.85584396 -0.21162431
0.35394174 0.46426401 0.23948717 0.46772709 0.45463428 -0.02138419 0.26406252 0.5029248 0.44598085 0.46089172 0.48226637 -0.06248823 0.32444239 0.47422269 0.68543512 0.49364826 0.4400779 0.02274498 0.27549022 0.59838235 0.11957047 0.35611981 0.59801793 -0.11979467 0.32895488 0.71032894 0.11215106 0.41447863 0.72042018 -0.06270088 0.31883964 0.82631624 0.05439277 0.42886314 0.85484052 -0.20616971
0.35619777 0.46790275 0.29749095 0.46856141 0.45470655 -0.02232317 0.26501077 0.50812691 0.51352614 0.45849079 0.48669824 -0.09314144 0.32632697 0.47717842 0.7589404 0.49781376 0.44316116 -0.06867924 0.27549621 0.59925729 0.12830634 0.35608438 0.59764504 -0.12855922 0.33386558 0.71274257 0.11232264 0.42615327 0.71899694 -0.07891368 0.32198146 0.82711464 0.06573329 0.43031517 0.85396463 -0.21572959
0.35345075 0.47080836 0.31528154 0.46832165 0.45704123 -0.02494309 0.26265505 0.51270282 0.52950436 0.46555859 0.49088639 -0.06391674 0.32743257 0.48241317 0.75770468 0.49830002 0.44761673 0.05048873 0.27534693 0.60174847 0.13990556 0.3556802 0.59904087 -0.14027572 0.33733091 0.71258378 0.15442178 0.4304643 0.71701515 -0.09223641 0.32338837 0.8256014 0.13428873 0.43150905 0.85425115 -0.23541686
0.35532838 0.47236115 0.30328313 0.47128034 0.45958561 -0.01166682 0.26008701 0.515221 0.51887065 0.4624964 0.48817009 0.01624224 0.32819089 0.47960886 0.76276952 0.4960826 0.45205921 0.20010537 0.27532709 0.60388684 0.14010975 0.35710764 0.60107648 -0.14055903 0.33985376 0.71193004 0.18106651 0.43770289 0.71559334 -0.09018035 0.32346246 0.8247456 0.15521578 0.43325061 0.85597038 -0.23540615
0.35617599 0.47514337 0.29879153 0.47416636 0.46055421 -0.01770707 0.25894096 0.51922196 0.51140529 0.46537346 0.4821986 -0.00653469 0.32849175 0.48018402 0.75409454 0.49480483 0.4532074 0.18191068 0.27593204 0.60514659 0.14392951 0.35680237 0.6026392 -0.14444871 0.34763169 0.71146971 0.22429666 0.44315147 0.71551234 -0.08797372 0.32439673 0.82378739 0.19087952 0.43374714 0.85585576 -0.25501862
0.35621694 0.47964463 0.29383901 0.47624087 0.46542627 -0.01554438 0.26070848 0.51903147 0.48353073 0.48163435 0.47694018 0.08185814 0.32899973 0.48768032 0.72484827 0.49398884 0.45754376 0.37186673 0.27591577 0.60991955 0.14104512 0.3563658 0.60928452 -0.14157978 0.35122231 0.71226174 0.27982599 0.44509897 0.71894187 -0.08476308 0.32582965 0.82347244 0.24164598 0.43330476 0.85784155 -0.30297127
0.356397 0.48485783 0.32166442 0.47596651 0.47086927 -0.03205276 0.26214102 0.52411485 0.52823865 0.47832614 0.48765627 0.03473988 0.33717141 0.48908046 0.73694539 0.4978936 0.46733695 0.28624755 0.27560732 0.61643565 0.14904277 0.35210335 0.6168471 -0.14954917 0.35346293 0.71375477 0.32112831 0.455888 0.71946204 -0.10928762 0.32831252 0.82390189 0.29625496 0.43487436 0.85909402 -0.34798002
0.35554543 0.48890176 0.30944535 0.47704744 0.47672239 -0.0346283 0.26255646 0.52785635 0.50795841 0.47900751 0.49565396 0.03301508 0.34684309 0.49203584 0.71569008 0.50193185 0.47178131 0.28961578 0.27461696 0.62087417 0.14814611 0.35172668 0.62373614 -0.1486689 0.3551189 0.71660846 0.30954662 0.45969462 0.71964186 -0.09861423 0.3289974 0.82460213 0.25384003 0.43499231 0.85920238 -0.31051281
0.34839767 0.496528 0.31022844 0.47700199 0.4845162 -0.02605475 0.2595042 0.54031348 0.50234163 0.47649252 0.50589782 0.0959948 0.34614372 0.49800572 0.71280599 0.50054544 0.47853294 0.43080136 0.27389413 0.62378037 0.14621225 0.35386541 0.62561262 -0.1467603 0.35366657 0.71831518 0.28370944 0.46305504 0.72156656 -0.04674425 0.32887959 0.82477665 0.24552067 0.43833295 0.8582437 -0.29293677
0.34688428 0.50169998 0.2793889 0.4808591 0.49259233 -0.02616215 0.25429636 0.54675013 0.49796465 0.45867586 0.5188188 0.11046264 0.34558469 0.50349844 0.74807751 0.50003278 0.49067673 0.44721866 0.27157688 0.62836289 0.14503738 0.35421571 0.63342255 -0.14553119 0.35636157 0.71873242 0.33553287 0.4658837 0.72312349 -0.01236127 0.32907811 0.82461727 0.25667453 0.44181326 0.85791457 -0.22637771
0.34702283 0.50771284 0.28203458 0.48227245 0.49867713 -0.02808352 0.25341558 0.55130064 0.5338378 0.46393695 0.52141529 0.11547445 0.34618887 0.51554066 0.80168641 0.50025904 0.49614048 0.48306161 0.26976192 0.63443792 0.14503776 0.3529093 0.64745301 -0.14564772 0.35738084 0.71922588 0.3639161 0.47482917 0.72289592 -0.01625876 0.33064252 0.82436407 0.28622621 0.44468406 0.85749716 -0.21096748
0.34737632 0.51056117 0.27885181 0.48360032 0.50557142 -0.02771369 0.25460207 0.55268788 0.52879936 0.46992007 0.5438332 0.1637955 0.34634745 0.52176523 0.79653937 0.49987081 0.50051743 0.57593846 0.26868901 0.64060807 0.14511093 0.35116822 0.64742768 -0.14573933 0.35858729 0.7193886 0.35493839 0.48133302 0.72289968 -0.02908234 0.33050564 0.82410938 0.26892552 0.44403788 0.85854596 -0.22683783
0.34676462 0.52032536 0.31008208 0.48275056 0.51191914 -0.01787668 0.25536826 0.55733997 0.54824597 0.48740014 0.54173267 0.15010695 0.34613392 0.52602166 0.79009908 0.50248379 0.50320214 0.54196531 0.26432109 0.6469574 0.14554912 0.34501374 0.65046138 -0.14620677 0.35748288 0.72265303 0.40879741 0.48226628 0.72266847 -0.07060244 0.33327299 0.82485187 0.33403641 0.44374099 0.85820675 -0.28080729
0.34685022 0.52653337 0.30651087 0.48250094 0.51732135 -0.02535467 0.25499386 0.56594968 0.54781532 0.48391017 0.54983807 0.12321109 0.34585729 0.53456056 0.77663088 0.50203907 0.5104233 0.50647449 0.26316214 0.65080965 0.14517988 0.34528559 0.65439719 -0.14582312 0.35686705 0.72593796 0.41647652 0.47693714 0.72934741 -0.0607869 0.33344024 0.82532102 0.31769565 0.44347942 0.85954535 -0.27705631
0.34718135 0.53149128 0.30389434 0.47861621 0.52424121 -0.04306089 0.25753167 0.5669955 0.55117142 0.48371843 0.55657291 0.12416781 0.34493229 0.53997576 0.78853577 0.50186425 0.51700693 0.54614741 0.26156881 0.65671319 0.14822537 0.34134343 0.66221106 -0.14884302 0.35812351 0.72680974 0.44755286 0.48056653 0.72799176 -0.07060537 0.3351911 0.82634068 0.38951609 0.4433299 0.86004752 -0.27769309
0.34737077 0.5368489 0.30175972 0.47611976 0.53003746 -0.05630873 0.25761744 0.57840806 0.56104618 0.46735027 0.57023901 0.12157377 0.34878895 0.53973371 0.80658174 0.50325751 0.5268603 0.55192441 0.26017237 0.66415483 0.15169109 0.33956915 0.66832709 -0.15227652 0.36049145 0.72644955 0.47360218 0.48662516 0.72782326 -0.0475043 0.33491674 0.82718307 0.42425942 0.44310135 0.86049712 -0.20798913
0.34480727 0.54243332 0.31475523 0.46750143 0.5375343 -0.03780353 0.26106274 0.5773353 0.61022061 0.46581852 0.57199931 0.15814488 0.35665154 0.54324585 0.89456737 0.50372714 0.53163981 0.60166341 0.258876 0.67060357 0.15090953 0.33431527 0.67578304 -0.15150048 0.36724243 0.72566336 0.49847004 0.48806667 0.72736853 -0.10113209 0.33564502 0.82697397 0.47916141 0.44290346 0.86035669 -0.28120109
0.34500712 0.54763216 0.32997495 0.4683055 0.53920776 -0.03008377 0.26929277 0.58059204 0.60661954 0.47078279 0.57387584 0.15648523 0.37701607 0.5502637 0.86220616 0.50509989 0.53763849 0.58989382 0.25632343 0.67931169 0.15068924 0.33445889 0.67870539 -0.15129118 0.35960457 0.72961652 0.57628435 0.49110758 0.73037773 -0.08786323 0.33566087 0.82710588 0.57529992 0.44507352 0.86109012 -0.28545961
0.34528902 0.55013013 0.32972243 0.46840051 0.5434534 -0.04520858 0.27816451 0.58341336 0.59008461 0.47280923 0.57579625 0.13855357 0.3906889 0.55463773 0.84619629 0.50796473 0.54179507 0.54380769 0.25216693 0.68308622 0.15080482 0.33274147 0.68163311 -0.15137956 0.35842815 0.72963941 0.53777719 0.49298033 0.72967207 -0.08281183 0.33265266 0.82705861 0.5214358 0.44551033 0.86091226 -0.27912679
0.34872946 0.55367833 0.31563154 0.46913013 0.54832441 -0.04997499 0.27924511 0.5860303 0.57061762 0.46189481 0.57468474 0.13196057 0.38633505 0.56143719 0.79171872 0.50755078 0.54813546 0.54617733 0.25039452 0.68505943 0.15024118 0.33027339 0.68661982 -0.15078263 0.3582775 0.72906166 0.50530016 0.49254513 0.72936261 -0.06162877 0.33264023 0.8269825 0.46273816 0.44549257 0.86012399 -0.2487075 
0.34949702 0.55771154 0.2923823 0.46922073 0.55452353 -0.03786403 0.27908513 0.58689278 0.54489309 0.45964348 0.57794923 0.15749681 0.38044268 0.5652498 0.77667779 0.50745475 0.55372488 0.57575309 0.24849878 0.6862008 0.14460257 0.32807308 0.69195718 -0.14523903 0.35765943 0.73010129 0.52420318 0.49220666 0.72921699 -0.01186138 0.33204433 0.8270002 0.4745757 0.4454616 0.86008841 -0.19729143
0.3495059 0.56181717 0.31998768 0.46945837 0.5612036 -0.01173951 0.27754602 0.59184617 0.57125229 0.47533226 0.59468019 0.17773069 0.37576765 0.57423657 0.82638711 0.50730485 0.55955786 0.59156007 0.24928722 0.69116968 0.14461149 0.32768124 0.69720656 -0.14524786 0.35975602 0.72995931 0.5343197 0.49046823 0.72907871 -0.03480348 0.33224076 0.82714617 0.45728493 0.44537863 0.85990727 -0.28738099
0.348023 0.56741047 0.32321563 0.47120395 0.56769723 0.01246639 0.27368405 0.60209537 0.56941015 0.47657019 0.60355961 0.20379058 0.35697511 0.57650048 0.83607608 0.50753427 0.56431556 0.61906654 0.24991973 0.69982558 0.14215909 0.32814685 0.70499909 -0.14281768 0.35984913 0.72987086 0.57341772 0.49000359 0.72942567 -0.03967327 0.33187097 0.8280431 0.48389384 0.44590712 0.85975748 -0.30655688
0.34803757 0.57109618 0.32333097 0.47296575 0.57292074 0.01534201 0.27560729 0.6044358 0.57289267 0.47617921 0.60293072 0.20452966 0.37300533 0.58123523 0.84050119 0.50734299 0.56752884 0.6343199 0.25020298 0.70245212 0.14197443 0.32667834 0.70827824 -0.14262918 0.37384006 0.72944045 0.55734938 0.49409056 0.72937548 -0.07443559 0.3301965 0.82597744 0.46754834 0.44679832 0.85865462 -0.33631903
0.35237396 0.57444865 0.29743516 0.48234785 0.57730144 0.00496713 0.27547395 0.60773283 0.52995676 0.46475086 0.59936637 0.18537749 0.37347969 0.5840326 0.7954486 0.50706059 0.57225782 0.60188824 0.25048459 0.70690936 0.1399084 0.32735276 0.71144426 -0.14058441 0.3803727 0.72928363 0.56761128 0.50176865 0.72934645 -0.05694364 0.33012426 0.82591248 0.44691032 0.44775966 0.85836202 -0.32516479
0.3558467 0.57874984 0.32258633 0.48420659 0.58121991 -0.00717808 0.27507684 0.61360472 0.55716521 0.46312112 0.62165952 0.15519726 0.37321475 0.58735102 0.81778771 0.50697511 0.58187878 0.55466658 0.25065464 0.70948279 0.14531356 0.32740721 0.71296078 -0.14594381 0.38993832 0.72668701 0.56743121 0.50166005 0.7302866 -0.06980028 0.32955325 0.82512313 0.44438231 0.44741073 0.85849649 -0.35461771
0.35733318 0.58287513 0.32071221 0.48423541 0.58646709 -0.02547617 0.27570775 0.61625582 0.55479962 0.46594852 0.6259746 0.13778478 0.37643132 0.59324574 0.81677067 0.50687021 0.58768642 0.54828101 0.25081757 0.71428257 0.14508826 0.32627541 0.71974885 -0.14574271 0.3892518 0.72687703 0.60630232 0.50026846 0.74521297 -0.01921185 0.33229584 0.82468694 0.46969101 0.44730395 0.85823828 -0.33019909
0.35891253 0.58610648 0.3201164 0.486669 0.59265655 -0.0047521 0.27244213 0.62670994 0.53237194 0.4582954 0.63691896 0.13944472 0.36955661 0.59972018 0.80846685 0.50191098 0.59477866 0.4879927 0.25113305 0.71848303 0.14371561 0.32586294 0.72521645 -0.14436762 0.39336118 0.72577149 0.61035776 0.50005752 0.74679577 -0.05498368 0.33233589 0.8185119 0.46259528 0.44734505 0.85833579 -0.40844959
0.35953048 0.59050465 0.33858335 0.48620424 0.59575552 -0.01086358 0.27216372 0.63228285 0.56627923 0.43892917 0.63494414 0.08258763 0.36953795 0.61055541 0.84848583 0.50190473 0.59888512 0.40591282 0.25334087 0.72276044 0.14389709 0.32595444 0.72772813 -0.14454474 0.39947295 0.72709489 0.59885758 0.50225091 0.74048787 -0.01258847 0.33556241 0.81665492 0.44483876 0.44550091 0.85795045 -0.31934726
3.59883785e-01 5.93722582e-01 3.46103430e-01 4.86067921e-01 6.00777447e-01 5.82945184e-04 2.68449038e-01 6.36844277e-01 5.74574709e-01 4.40115899e-01 6.43543601e-01 7.51038268e-02 3.48349035e-01 6.24472439e-01 8.49926412e-01 5.01960337e-01 6.01913095e-01 3.45556915e-01 2.53869712e-01 7.28696227e-01 1.43114299e-01 3.24627578e-01 7.32181191e-01 -1.43714428e-01 3.98052275e-01 7.28203833e-01 5.91251671e-01 5.05049109e-01 7.37499177e-01 -3.06894872e-02 3.35810184e-01 8.17315519e-01 4.40259159e-01 4.44107860e-01 8.58017862e-01 -3.66023630e-01
0.35967121 0.59733254 0.37833014 0.48585165 0.60330832 0.00919878 0.26637304 0.64055949 0.61881799 0.44405016 0.64712936 0.07070296 0.35015893 0.61963123 0.91739708 0.50486493 0.60563529 0.32645312 0.25349995 0.72951812 0.14732131 0.32192531 0.73338443 -0.14788519 0.4034414 0.72827566 0.6157136 0.50462151 0.73535043 -0.08304849 0.33572179 0.81682277 0.44896263 0.44237962 0.85836422 -0.45273072
0.35961428 0.5989846 0.40378529 0.48326507 0.60504454 0.00515428 0.26557207 0.64245421 0.66789299 0.4448539 0.64980221 0.02758069 0.3442004 0.61680645 0.97488165 0.5071876 0.60888803 0.24088146 0.25392589 0.73162913 0.15577467 0.32133168 0.73762298 -0.15617679 0.40958688 0.72699332 0.61906797 0.50441474 0.73443002 -0.14135301 0.3345415 0.81231773 0.52352875 0.44096619 0.85836887 -0.48127338
0.36180359 0.60215449 0.40990925 0.48171896 0.60684514 -0.00666821 0.2642912 0.64719111 0.66664588 0.44554669 0.65364045 -0.01996841 0.33948863 0.61792636 0.95052838 0.51000446 0.61143029 0.16833745 0.25547665 0.73625743 0.16242528 0.3209523 0.74034274 -0.16277047 0.41781625 0.72867697 0.61086923 0.50462002 0.73435044 -0.1539388 0.33452317 0.81082058 0.5355531 0.43895519 0.85835004 -0.4560051 
0.36118677 0.60350156 0.38876569 0.4821457 0.61042273 -0.04215477 0.2629883 0.64876068 0.63766301 0.44287652 0.65335774 -0.03593478 0.33502325 0.61798787 0.91986853 0.5119037 0.61071968 0.17238399 0.25669211 0.73601568 0.16573691 0.31929424 0.7423839 -0.16604301 0.4218142 0.72895753 0.60139585 0.5054298 0.73505682 -0.1577335 0.33118579 0.80523425 0.51484632 0.43896011 0.85803497 -0.43941253
0.36097789 0.60561126 0.38045907 0.48337385 0.61215717 -0.03510919 0.26239645 0.64913207 0.62754995 0.44695479 0.65010852 0.01203403 0.3329778 0.62043488 0.91066706 0.5124808 0.6095413 0.2683306 0.25766361 0.73931253 0.16369353 0.31897688 0.74148244 -0.1640573 0.41792282 0.72954488 0.62705946 0.5074417 0.73501217 -0.14572743 0.32957983 0.80396181 0.54775929 0.4393166 0.85746169 -0.45058829
0.360955 0.60486996 0.28583002 0.48488176 0.61591077 -0.07696062 0.26264074 0.65020001 0.54266977 0.45349672 0.65329099 0.0250814 0.33569434 0.63438773 0.81656283 0.51456618 0.61315805 0.33743858 0.26018813 0.73721486 0.16338186 0.31881252 0.74592608 -0.16385294 0.41751027 0.72365212 0.62275517 0.50890481 0.73530573 -0.14358418 0.32897952 0.80279022 0.6134702 0.4397307 0.85746384 -0.40691447
0.36248296 0.60613978 0.30133143 0.48769775 0.61513031 -0.07434605 0.26314017 0.65113467 0.56340528 0.45405743 0.65400082 0.02874923 0.33676666 0.62737691 0.84056497 0.51428825 0.61428207 0.35366619 0.26292199 0.73937356 0.16226204 0.3198019 0.74844384 -0.16271278 0.41809344 0.72370249 0.63985509 0.51096666 0.73689848 -0.14966442 0.32870877 0.80415952 0.64614785 0.4401513 0.85765141 -0.40637833
0.36286804 0.60668015 0.28289089 0.48760659 0.61623204 -0.09174171 0.2637684 0.65299207 0.54015464 0.45177522 0.65301013 -0.03429303 0.33795199 0.63943565 0.81589961 0.51432967 0.61397099 0.23484698 0.26345724 0.73848361 0.16162531 0.31989643 0.74801052 -0.16208664 0.41753447 0.72363549 0.63490641 0.51361346 0.74340993 -0.14015591 0.32873034 0.80449486 0.62020379 0.44019258 0.8580299 -0.38002533
0.36482921 0.60647196 0.29559681 0.48667523 0.61423552 -0.11364789 0.26458526 0.65153217 0.55025446 0.44860539 0.65353751 -0.11015027 0.33856663 0.63242722 0.8143903 0.51683015 0.61489397 0.0892035 0.26459065 0.73739761 0.16349395 0.3192414 0.74753994 -0.16386087 0.4187187 0.72493255 0.62905478 0.51367629 0.74369341 -0.14039001 0.32838243 0.80502981 0.61304671 0.44023722 0.85861808 -0.3713409 
0.36697784 0.60572058 0.23184082 0.49195224 0.61321425 -0.12092274 0.26463109 0.65053493 0.45188096 0.45626414 0.65233302 -0.08134748 0.32968399 0.6379559 0.67690063 0.51687956 0.61313361 0.15893772 0.26846173 0.73766595 0.16229011 0.31951156 0.74712855 -0.16261713 0.42546001 0.72499603 0.59495997 0.51663482 0.74309808 -0.12813647 0.3281287 0.80554938 0.59141731 0.44044819 0.85935879 -0.31441009
0.36674616 0.6050387 0.26855108 0.49259999 0.61268526 -0.06401349 0.26492453 0.65022558 0.50260633 0.4720515 0.63202554 0.05870921 0.32871115 0.63763028 0.75432301 0.51679307 0.61248481 0.41374287 0.26798046 0.73717773 0.15406258 0.3200663 0.74596202 -0.15453307 0.42373031 0.72585875 0.59523737 0.51876217 0.74358547 -0.09044876 0.32805198 0.80584246 0.53025812 0.44109723 0.85940945 -0.34171879
0.36656055 0.6046806 0.28118804 0.49683526 0.61212897 -0.02575644 0.265434 0.64928353 0.52034229 0.48006049 0.63404852 0.13419791 0.329842 0.63464195 0.77938426 0.51663482 0.61171776 0.53222948 0.2674467 0.73473471 0.1496862 0.32155457 0.74555147 -0.15024017 0.42245132 0.72729439 0.62121248 0.51802558 0.7452246 -0.05193293 0.32770857 0.80751294 0.52381158 0.44175133 0.85945779 -0.34648967
0.36698911 0.60339737 0.28726774 0.49777234 0.60884774 -0.0087539 0.26526445 0.64227295 0.48985821 0.48482767 0.63166243 0.08852185 0.33080444 0.63546747 0.71048415 0.5157671 0.60975838 0.40829644 0.26713169 0.72962672 0.14676344 0.32224429 0.74044138 -0.14731225 0.42122859 0.72725624 0.57042331 0.51421452 0.74501675 -0.07151038 0.32770771 0.81178534 0.41873172 0.44176584 0.8594833 -0.37669748
0.37297767 0.59924865 0.31441197 0.49719819 0.60202426 -0.02147004 0.26688659 0.63394397 0.54222453 0.48040313 0.62343758 0.01255243 0.33519107 0.63414282 0.78823692 0.51744843 0.60445428 0.24442808 0.26690906 0.72480768 0.15054178 0.3218542 0.73380584 -0.15104546 0.42273268 0.72510064 0.54694051 0.5123359 0.74305058 -0.07846599 0.32767186 0.81174958 0.43970132 0.44151849 0.85945392 -0.35595441
0.3726142 0.59735519 0.37287873 0.49334592 0.59810793 0.00107904 0.26710907 0.62971658 0.62697905 0.47592616 0.62627655 0.09045172 0.3457326 0.62416375 0.88798094 0.51979053 0.59985483 0.38932478 0.2648558 0.72243917 0.15200064 0.31598714 0.72640139 -0.15248857 0.42200944 0.72667843 0.47570756 0.50473732 0.73829609 -0.08362482 0.32751545 0.81302142 0.34667942 0.44005331 0.85911292 -0.34619603
0.37296546 0.5935545 0.38728622 0.49329636 0.59494877 0.02212651 0.27616572 0.62500602 0.6301887 0.47703388 0.61841375 0.12818249 0.35715181 0.61887085 0.88873142 0.51967114 0.591649 0.46065527 0.26460347 0.71940207 0.15301813 0.31574365 0.7225011 -0.15354988 0.41715151 0.72814173 0.52489054 0.50427878 0.73838729 -0.0850261 0.3266685 0.81700057 0.39550096 0.44003901 0.85913527 -0.39928681
0.37265739 0.58742636 0.35042566 0.49431363 0.59164453 0.00471018 0.28389129 0.62412429 0.56909889 0.51319844 0.60104626 0.17907077 0.36275494 0.62719989 0.83194101 0.51777804 0.58701712 0.63126284 0.26255006 0.71164352 0.14642489 0.31584015 0.7147153 -0.14720662 0.39898452 0.73154503 0.55977845 0.50377303 0.73837954 0.02805791 0.32747072 0.82472545 0.42811814 0.44005582 0.85870945 -0.20630799
0.37114358 0.58536595 0.32257447 0.49129808 0.59135365 -0.0231269 0.28642613 0.62457675 0.53806531 0.51073724 0.60995847 0.1266173 0.3608771 0.64509165 0.74864173 0.51761442 0.58742064 0.51971835 0.25558397 0.70937693 0.14641741 0.31521857 0.71424681 -0.14716019 0.38900924 0.73131818 0.57924271 0.49433079 0.73379093 0.04006239 0.32813054 0.82731372 0.55267352 0.44007334 0.8587783 -0.10841312
0.37141505 0.58166999 0.29629394 0.4889884 0.58981264 -0.02485925 0.30842462 0.62122333 0.53769624 0.50062162 0.6136362 0.15293972 0.36474529 0.64184886 0.7718696 0.51722825 0.58207989 0.60258722 0.25285253 0.7042191 0.14472227 0.31465736 0.71176898 -0.1455081 0.38771895 0.7262134 0.58732271 0.49354914 0.7358284 0.03468072 0.32812169 0.82537353 0.59592348 0.44016206 0.85869044 -0.09726577
0.35083634 0.58349669 0.29347438 0.47203553 0.58986014 0.02440597 0.31922132 0.62289411 0.5268414 0.49753922 0.60320222 0.19547856 0.35817641 0.64118516 0.7685582 0.50966352 0.58039594 0.62030327 0.24477336 0.70281893 0.13210271 0.30010441 0.71093547 -0.13322192 0.38559377 0.72097701 0.59641641 0.4835318 0.7301355 0.00095079 0.32971773 0.82430243 0.55463272 0.43886092 0.85871369 -0.14065112
0.35211608 0.57891488 0.29879269 0.46980113 0.59012282 0.00225568 0.32280335 0.60320938 0.57116985 0.47196358 0.60799909 0.15942571 0.39477402 0.60660481 0.85004187 0.5081805 0.57888561 0.54933214 0.24304584 0.6968745 0.13596919 0.29916519 0.70820564 -0.13711347 0.38252524 0.71631604 0.61995882 0.47516903 0.72990316 -0.08393431 0.33140612 0.81747448 0.57476735 0.43612969 0.85872078 -0.3581436 
0.35442337 0.57887298 0.30022746 0.46173939 0.58930027 -0.04409759 0.34560582 0.59884101 0.58282435 0.47031969 0.60457778 0.15185006 0.4016543 0.60317284 0.85876435 0.50765747 0.57252276 0.53020906 0.24335641 0.69445127 0.14466058 0.2962296 0.70603591 -0.14576475 0.37683448 0.71598583 0.61214375 0.4686501 0.72735149 -0.07274894 0.33136597 0.81791627 0.5994001 0.43248007 0.85780162 -0.289805 
0.35795373 0.57332057 0.28036419 0.46434265 0.58518034 -0.0410071 0.34441879 0.5840506 0.54764748 0.47127941 0.61699033 0.15210973 0.41549855 0.5868727 0.8245458 0.50491029 0.57622451 0.55958283 0.24353844 0.68625093 0.14492275 0.29833192 0.698569 -0.14602731 0.37351206 0.71542609 0.58640647 0.46369195 0.72557294 -0.0656702 0.33141524 0.81894022 0.57430995 0.43154931 0.85745841 -0.26447868
0.36000812 0.57152992 0.28206995 0.46189779 0.58628708 -0.03418755 0.35670134 0.58439046 0.55620909 0.45872641 0.62670982 0.16780625 0.44091162 0.57846534 0.82297927 0.50203162 0.57593918 0.58380502 0.24381843 0.68461031 0.14982502 0.29437816 0.69844955 -0.15068023 0.3764495 0.71199954 0.54012227 0.4622108 0.72247601 -0.12616266 0.33145478 0.81873721 0.54450166 0.4308469 0.85659713 -0.31493759
0.36934182 0.56986731 0.30218196 0.46441349 0.58290899 -0.03340788 0.3560594 0.58480126 0.56412351 0.45758736 0.62520254 0.1559485 0.43669668 0.57837301 0.82182217 0.50141555 0.57152188 0.5575946 0.24428202 0.6822018 0.15392809 0.29416025 0.69187933 -0.15455303 0.37866339 0.71335799 0.4510904 0.46280077 0.72185433 -0.18172579 0.33293378 0.82066184 0.41263303 0.43095905 0.85654056 -0.36286247
0.37036213 0.56555003 0.30372027 0.46497732 0.58141541 -0.03096995 0.35079718 0.57645851 0.58142596 0.45016444 0.62500757 0.17788351 0.44139048 0.57128644 0.83684474 0.50190479 0.56905162 0.60891187 0.24367674 0.67745692 0.15580589 0.29539043 0.69226855 -0.15642376 0.37332854 0.71371168 0.58455569 0.46144253 0.72164714 -0.08125938 0.33289811 0.8205837 0.6602903 0.43182129 0.85586697 -0.20923667
0.37057242 0.56227189 0.30089685 0.46569049 0.58214229 0.02705312 0.34563842 0.56763011 0.57106537 0.44283494 0.63374811 0.23321746 0.43568975 0.56368768 0.82687157 0.49999559 0.57115281 0.63977689 0.24404331 0.67374307 0.14948849 0.29558542 0.69347447 -0.15004572 0.36536598 0.71253473 0.58052957 0.45852169 0.72201645 -0.07316201 0.33159217 0.8182137 0.61216366 0.43245512 0.85589767 -0.23851685
0.37677431 0.55602449 0.30236998 0.46964282 0.57457918 0.01208444 0.32877308 0.57585031 0.57062763 0.44749564 0.62806815 0.20051621 0.42775086 0.56817275 0.82551318 0.50205106 0.5671038 0.6126411 0.2441545 0.66829318 0.14951859 0.29883018 0.68683153 -0.15008147 0.36799297 0.71241212 0.5532518 0.45862031 0.72282892 -0.09417631 0.33185381 0.81775457 0.53518957 0.43298823 0.85584682 -0.29159817
0.37614194 0.55638814 0.31551501 0.46974307 0.57190377 0.01814215 0.32696527 0.56638366 0.58667219 0.44903708 0.62435943 0.22194155 0.42396799 0.56493479 0.83429813 0.50245833 0.56302208 0.65363705 0.2443503 0.66576213 0.14917357 0.30076495 0.68819624 -0.14974685 0.362811 0.71286029 0.5517146 0.45817909 0.72334331 -0.07939018 0.33184886 0.8172645 0.53563344 0.4330948 0.85512131 -0.26156294
0.37584105 0.55414003 0.31768924 0.47862363 0.5647279 0.01373141 0.32323065 0.57013935 0.58278692 0.47235554 0.6022166 0.174426 0.40504 0.56593937 0.84332657 0.49997377 0.55822206 0.53301346 0.24449573 0.66225666 0.14725386 0.31151751 0.68300891 -0.14793716 0.35576236 0.71578747 0.54458535 0.45805371 0.72349131 -0.02610935 0.3317906 0.81846797 0.53511512 0.43341747 0.85511374 -0.1797021 
0.37570369 0.55109441 0.29760894 0.48356983 0.5616169 0.0112698 0.31025034 0.57392126 0.54176974 0.4661538 0.60715896 0.1856423 0.40177992 0.56533647 0.79863459 0.4971804 0.55940586 0.61195087 0.24480015 0.66090637 0.14364804 0.31217822 0.67741203 -0.14434861 0.3596411 0.71755558 0.53073877 0.45868182 0.72414964 -0.01407609 0.3329497 0.81866109 0.46859792 0.43431732 0.85452384 -0.18707804
0.37579608 0.54951257 0.31987911 0.48288411 0.55801398 -0.01751229 0.31764641 0.57303584 0.5662874 0.46283346 0.60303825 0.15808399 0.41445118 0.56115323 0.80952388 0.49730235 0.5532124 0.60142577 0.24488884 0.65861624 0.15093286 0.31166062 0.67158765 -0.15154138 0.36173218 0.71754628 0.52612817 0.45788527 0.72328359 -0.07595275 0.33293015 0.81876409 0.48852122 0.4365347 0.8546111 -0.23872089
0.37559909 0.54809177 0.33973086 0.48114324 0.55808651 -0.01811756 0.31600779 0.56757736 0.60814679 0.46272907 0.60023838 0.15977827 0.40295526 0.5619247 0.85748005 0.50144356 0.54895455 0.59616905 0.24500807 0.65961766 0.15370248 0.30737862 0.67243016 -0.15427436 0.36704916 0.71815997 0.48797154 0.45828906 0.72330528 -0.09299679 0.33239326 0.81856 0.43146539 0.43733925 0.85360056 -0.26512411
0.37423807 0.54528302 0.33200687 0.48198542 0.55339259 -0.0010781 0.31979758 0.56073844 0.59454042 0.46647343 0.59925914 0.20713758 0.41595629 0.55261332 0.84837252 0.50303459 0.54706597 0.66435581 0.24427095 0.65654731 0.14957421 0.30600169 0.67102033 -0.1502313 0.36432284 0.7185052 0.49535507 0.45861799 0.72334188 -0.10184022 0.33159116 0.81852859 0.4253788 0.44012126 0.85366672 -0.30228642
0.37465197 0.54072517 0.32860783 0.48911059 0.54914945 -0.00693731 0.30848792 0.5635727 0.56987315 0.46138221 0.60044366 0.13456103 0.40079656 0.55278933 0.83149678 0.4984192 0.54893273 0.49371913 0.24636583 0.65170348 0.14967673 0.30873919 0.66678119 -0.15032808 0.37513748 0.71827257 0.48918292 0.46027049 0.72368443 -0.09430647 0.33119079 0.81866091 0.3695831 0.44143048 0.85380226 -0.3183929 
0.37757304 0.53672546 0.32370797 0.49148011 0.54570711 -0.0029277 0.29412398 0.56573921 0.49001735 0.45175603 0.60191566 0.05363018 0.3985894 0.5486415 0.69636726 0.47970998 0.54974878 0.2976633 0.25174567 0.6493122 0.14981334 0.31608164 0.66476119 -0.15045622 0.38170788 0.71673244 0.47338831 0.46233043 0.72349 -0.09064492 0.33142096 0.81866115 0.3169423 0.44362244 0.85384738 -0.32410586
0.3774147 0.53299165 0.30922401 0.49199116 0.54331547 -0.00727879 0.28543779 0.56252402 0.4415082 0.44016954 0.60173523 -0.02029088 0.38045496 0.55188519 0.63130605 0.4525255 0.56975752 0.1450824 0.25332603 0.647282 0.14941828 0.32006291 0.6639089 -0.15009537 0.38241294 0.71277511 0.50928855 0.46343684 0.72215372 -0.02409908 0.3314566 0.81809318 0.3306466 0.44521853 0.85304588 -0.30968973
0.37726176 0.53167474 0.29726055 0.49726003 0.54108942 0.00550539 0.2843619 0.56146663 0.40477076 0.44326994 0.60322839 0.02287811 0.36956343 0.55187172 0.57955527 0.44137493 0.58091456 0.22353821 0.25847059 0.64647442 0.14677072 0.32683703 0.66234589 -0.14758787 0.38225153 0.71293503 0.52947795 0.46788979 0.7223103 0.00333025 0.3319509 0.81781405 0.33658132 0.44527107 0.85234958 -0.27088898
0.37883532 0.52846533 0.33191091 0.49784586 0.53569412 0.00361472 0.28971732 0.56063801 0.41319734 0.45005435 0.59882396 -0.09446418 0.36753842 0.55202311 0.53890359 0.45561925 0.57126719 -0.01876454 0.25984654 0.64567399 0.15373319 0.32791775 0.65877897 -0.15441646 0.38983217 0.70752627 0.48470011 0.46960503 0.71937382 -0.08007874 0.33274826 0.81677151 0.25552565 0.4448109 0.85206985 -0.39523795
0.37523657 0.5274784 0.32858235 0.49897993 0.53156734 -0.00467944 0.29173437 0.5573867 0.4506155 0.46967247 0.59062386 -0.08110635 0.36701831 0.54467934 0.63148558 0.4592337 0.5509941 0.01287224 0.26105276 0.64490354 0.15361078 0.32982388 0.65764058 -0.15427864 0.39125535 0.70694005 0.46209526 0.4749257 0.71974128 -0.07623947 0.33339304 0.81560981 0.23874263 0.44473207 0.85208255 -0.36534637
0.37504992 0.52583498 0.32904413 0.49792242 0.53169918 -0.01006885 0.29243484 0.55890191 0.35904369 0.45186853 0.59039754 -0.17458899 0.34185424 0.56386638 0.43444151 0.41215509 0.56581235 -0.24191479 0.26776579 0.64486825 0.15550654 0.33321461 0.65805036 -0.15624116 0.3898643 0.7078172 0.47685027 0.4762598 0.72069496 -0.01028916 0.33470687 0.81629962 0.27834782 0.44454396 0.85227013 -0.26899934
0.37184453 0.52264774 0.30293781 0.4985638 0.52930665 -0.0042135 0.29332861 0.55914974 0.2063076 0.45182946 0.58838457 -0.13181466 0.33949092 0.56190103 0.13767774 0.40935495 0.56725258 -0.14095245 0.27301392 0.64120269 0.15215079 0.34696469 0.65672451 -0.15301482 0.38978809 0.70780557 0.47786972 0.47763202 0.72080517 0.01485192 0.33482057 0.81593716 0.19069108 0.4441807 0.85253513 -0.2737239 
0.37197426 0.51803297 0.31652918 0.49806315 0.51872593 -0.00564932 0.29349753 0.55870855 0.18157069 0.45098832 0.57794219 -0.14836149 0.3459439 0.55739796 0.05296403 0.40330672 0.56691998 -0.16934498 0.27759853 0.63681889 0.15212296 0.35296482 0.6479947 -0.15297407 0.38573277 0.7092663 0.44237238 0.48022366 0.72032475 -0.0011944 0.33479059 0.81599396 0.12363888 0.44205803 0.85192609 -0.33384687
0.37577528 0.516774 0.34422576 0.4981716 0.51264316 -0.00568687 0.29225194 0.55848658 0.25048429 0.44598448 0.56408715 -0.20360972 0.35094574 0.55517429 0.20586288 0.40093106 0.56017858 -0.30956089 0.28529626 0.63921505 0.15365095 0.35724014 0.64851242 -0.15441109 0.38560063 0.71326786 0.42464849 0.48485541 0.720465 -0.00864481 0.33502793 0.81955636 0.13996112 0.44174728 0.85197282 -0.38044167
0.37904635 0.51240718 0.3383784 0.49792013 0.50571793 -0.0517415 0.29058039 0.55342489 0.27045813 0.44667915 0.56265694 -0.23328161 0.35396934 0.54009193 0.25798929 0.41441315 0.55519158 -0.2802361 0.29009011 0.63850701 0.16132142 0.36098501 0.64274651 -0.16194336 0.38537624 0.71397364 0.37790203 0.48826498 0.71953458 -0.06117368 0.33520412 0.82086235 0.16151267 0.44171596 0.85230815 -0.35476172
0.37843132 0.50812519 0.34702027 0.49771863 0.49988222 -0.0472149 0.28563583 0.5482651 0.5442816 0.46787688 0.54641467 -0.15021011 0.35343143 0.52432364 0.76813722 0.48753956 0.51871139 0.00580358 0.29340434 0.63764209 0.16159569 0.36641586 0.64104784 -0.16212584 0.38528427 0.71432024 0.30765793 0.48924351 0.71949762 -0.1378389 0.33512783 0.82168984 0.19770458 0.44290859 0.85322559 -0.36320978
0.37338024 0.5053345 0.33295929 0.49767613 0.4937498 -0.04618335 0.2819654 0.54882377 0.51621598 0.47066227 0.53305304 -0.12701486 0.35111302 0.52130955 0.76569623 0.49310914 0.49626923 -0.02456904 0.29514122 0.63321137 0.161375 0.37026802 0.639332 -0.16187975 0.38562161 0.71434981 0.29938927 0.48858383 0.71952832 -0.14977689 0.33517113 0.82184166 0.20549062 0.44337192 0.85434091 -0.37954822
0.36767492 0.49949321 0.31137571 0.49757469 0.49034518 -0.06393871 0.27777594 0.54806644 0.52655339 0.46870869 0.53477544 -0.02423847 0.35146233 0.51738185 0.77196223 0.49126875 0.49572238 0.23554771 0.2932657 0.6302098 0.16110961 0.36833367 0.63791102 -0.1616174 0.38500741 0.71540898 0.3392241 0.48879084 0.71995991 -0.11940866 0.33517024 0.82197136 0.25680608 0.44363537 0.85512459 -0.32743397
0.35989076 0.49536401 0.3113369 0.49746472 0.48704004 -0.06333221 0.27493232 0.54335409 0.54179239 0.46675149 0.53688842 -0.03864227 0.35056233 0.51365691 0.81291163 0.48706409 0.49205169 0.16234778 0.29446617 0.627505 0.16310117 0.37064463 0.635948 -0.1636249 0.38489878 0.71535367 0.311629 0.48814222 0.71974665 -0.11044529 0.33397263 0.82219863 0.21959111 0.44189504 0.85588253 -0.32206261
0.35425669 0.49065372 0.24048139 0.49714062 0.48372889 -0.05701599 0.27241555 0.53783381 0.50922805 0.45947203 0.54053622 0.04805719 0.3513667 0.51182085 0.73246837 0.48166934 0.50471711 0.33631989 0.29473758 0.62402052 0.14787342 0.37555113 0.63330811 -0.14844398 0.38483879 0.71543187 0.30946797 0.4868159 0.72091699 -0.05810427 0.33314377 0.82245272 0.18351051 0.44055003 0.85741401 -0.2801021 
3.55537474e-01 4.83721405e-01 2.08496615e-01 4.94822115e-01 4.72684175e-01 -6.22612722e-02 2.71963567e-01 5.30998290e-01 3.71936232e-01 4.43298072e-01 5.21873176e-01 -2.00925628e-04 3.51542294e-01 5.08845925e-01 6.22274697e-01 4.78747904e-01 4.91225064e-01 2.34704316e-01 2.99517184e-01 6.17508650e-01 1.39993057e-01 3.78534049e-01 6.24612927e-01 -1.40449718e-01 3.84816110e-01 7.16111004e-01 2.48335660e-01 4.82146144e-01 7.21178710e-01 -2.19418090e-02 3.33639503e-01 8.23503077e-01 1.05347194e-01 4.39548284e-01 8.57434154e-01 -2.27833733e-01
0.35635021 0.47810847 0.20872106 0.49169967 0.46803141 -0.06332791 0.26994282 0.52492458 0.38812572 0.44493771 0.51831853 -0.00333426 0.35071313 0.50198299 0.6386016 0.47782609 0.49031842 0.22218001 0.30135557 0.61312783 0.13984726 0.3784402 0.62044817 -0.14026354 0.38127366 0.71541107 0.26873839 0.47139165 0.72118914 -0.02794945 0.33377588 0.8225373 0.15442125 0.4379085 0.85688961 -0.22740601
0.35725346 0.47190523 0.22798949 0.48788768 0.45832002 -0.05983177 0.26475769 0.5168274 0.45231178 0.45459589 0.50024337 -0.06645382 0.34168658 0.49620315 0.72196335 0.48404762 0.48383906 0.05968017 0.30423069 0.60656387 0.14092545 0.3796086 0.61260056 -0.1414638 0.37563223 0.7142818 0.19396959 0.45883101 0.72134823 -0.11266797 0.33408463 0.82234579 0.14525895 0.43764371 0.85653192 -0.30342913
0.35686156 0.46740383 0.22955813 0.48043355 0.45222992 -0.05868357 0.26533154 0.51199549 0.45313045 0.4735086 0.46686152 -0.09687752 0.33788735 0.49133065 0.71114367 0.49990183 0.44396764 -0.02998647 0.30508029 0.60163134 0.13273312 0.37812024 0.60847062 -0.13299724 0.37345478 0.71066785 0.21445565 0.45026144 0.72160596 -0.13734879 0.33383343 0.82071847 0.1623956 0.43763444 0.85600907 -0.35833412
0.35350743 0.46138233 0.19229476 0.47978079 0.44488907 -0.05512252 0.259316 0.50615925 0.3813346 0.44021007 0.47575843 -0.11479405 0.3274256 0.48196724 0.67459702 0.48819545 0.46280137 -0.0844236 0.30589429 0.59807575 0.12325235 0.38104439 0.60406429 -0.12351071 0.3589786 0.70837688 0.19010921 0.44121319 0.72087032 -0.10613664 0.33291787 0.82076758 0.08985154 0.43743742 0.85621566 -0.3498902 
0.35423082 0.45593709 0.21761554 0.47640991 0.43804327 -0.04351896 0.26077828 0.50081992 0.39731953 0.43521684 0.46488652 -0.10080132 0.32957545 0.47019786 0.68072844 0.48328009 0.43938413 -0.03614446 0.30846182 0.58986413 0.12128387 0.38077879 0.59278095 -0.12152822 0.34866402 0.70591938 0.11783251 0.42906308 0.7182979 -0.0995137 0.32843029 0.82077825 0.0305982 0.43722993 0.85723907 -0.28565633
0.35375825 0.45281008 0.24476229 0.47657153 0.43468916 -0.02433994 0.26212198 0.49989307 0.43674496 0.4385168 0.47011849 -0.10821234 0.3223685 0.46592253 0.72368288 0.47573134 0.4379276 -0.10542703 0.3103385 0.58577591 0.12452504 0.38087419 0.58838576 -0.12480058 0.34350604 0.70579946 0.10650457 0.42355916 0.71810591 -0.10487413 0.32838541 0.8215155 0.03639171 0.43669763 0.85733545 -0.25974777
0.35380557 0.45035285 0.22058587 0.47498026 0.43324435 -0.03191225 0.26238093 0.49868017 0.41908482 0.46374428 0.4522047 -0.12058052 0.3201068 0.46162125 0.68477702 0.47602108 0.42149988 -0.09200253 0.31185707 0.58741134 0.12014556 0.38225904 0.59086704 -0.12045912 0.33860859 0.7061317 0.1174666 0.41824043 0.72166002 -0.10368884 0.32543623 0.82153022 0.06859391 0.43466201 0.85791713 -0.20853418
0.35313895 0.44876546 0.2271558 0.47270998 0.43159819 -0.03294039 0.26284572 0.49694827 0.41998696 0.44790289 0.45475474 -0.11661908 0.31819767 0.46550864 0.67983365 0.46836653 0.43114531 -0.060057 0.31246227 0.5887689 0.12167147 0.38354 0.58954501 -0.12199939 0.33683181 0.70721471 0.11114234 0.42096254 0.72443986 -0.10041797 0.32251033 0.82169831 0.05601132 0.43383652 0.85825783 -0.20798334
0.35259452 0.4484795 0.25971556 0.47272852 0.43156257 -0.02561997 0.26278299 0.49680719 0.44361985 0.46494156 0.44976786 -0.09640469 0.31417748 0.46867636 0.68319768 0.46857256 0.42729589 -0.02359986 0.31257635 0.58791023 0.12300695 0.38327259 0.58805245 -0.12337018 0.33743462 0.70742744 0.11789104 0.41858128 0.7242499 -0.10540686 0.32015532 0.82223582 0.06050092 0.43376422 0.85849267 -0.23196718
0.35214487 0.44778034 0.28580394 0.47292766 0.43194437 -0.02183118 0.26239946 0.49825329 0.46319014 0.46285719 0.4583784 -0.05541487 0.31477088 0.47090501 0.68711871 0.4673062 0.43571097 0.08267529 0.31262925 0.5888651 0.12788941 0.38349223 0.58900845 -0.12828034 0.33818397 0.70747691 0.14252587 0.4204672 0.72417742 -0.12758291 0.32022637 0.82214612 0.10624953 0.43385226 0.85848773 -0.26404002
0.35260659 0.44754922 0.30122164 0.47282544 0.43173984 -0.02243682 0.26218659 0.49846271 0.50148386 0.4643319 0.4410353 -0.08439842 0.31250834 0.47169906 0.73223734 0.46595821 0.42604721 -0.01868153 0.31250191 0.58917224 0.13282166 0.38354743 0.58884692 -0.13332433 0.33766466 0.70781404 0.14660868 0.4197844 0.7241056 -0.13323143 0.32030731 0.82231498 0.10657052 0.43406296 0.85849798 -0.27335659
0.35299435 0.44933149 0.3052609 0.47305971 0.43325907 0.00549819 0.26055327 0.49969128 0.49620295 0.43435517 0.45203006 -0.08589056 0.31121734 0.47145626 0.75321275 0.46378055 0.43227759 -0.10364842 0.31221107 0.58996081 0.13282533 0.3836478 0.58954203 -0.1333266 0.33611581 0.70949924 0.13665293 0.41677251 0.72455943 -0.12596102 0.32036129 0.82290053 0.09249191 0.43410838 0.8587963 -0.26426011
0.35303733 0.450102 0.30656102 0.47303218 0.43376189 0.0103165 0.25891089 0.50047237 0.48486277 0.42571533 0.45604852 -0.06541339 0.30956808 0.47164011 0.73323721 0.45571941 0.43484145 -0.0945391 0.31216905 0.59009951 0.13273087 0.38358194 0.58945191 -0.13322082 0.33338213 0.71035957 0.13165146 0.41471517 0.72498304 -0.12282354 0.32043251 0.82339597 0.08373564 0.43414524 0.85912681 -0.24047077
0.35306352 0.45041099 0.30802995 0.4722524 0.43309295 0.00578408 0.25710455 0.50027436 0.48096901 0.42855921 0.45768529 -0.03371488 0.30940673 0.4722662 0.72065055 0.45029816 0.43681985 0.08348601 0.31065813 0.58992726 0.13357864 0.38347369 0.58885986 -0.13404582 0.33245602 0.71036905 0.136545 0.41194117 0.72492355 -0.11998516 0.32038745 0.82352459 0.08634005 0.43416899 0.85930467 -0.23969445
3.52519065e-01 4.50434119e-01 3.02435786e-01 4.71754074e-01 4.33677018e-01 6.50148955e-04 2.57222176e-01 5.00705957e-01 4.80438411e-01 4.28856641e-01 4.58564430e-01 -4.18254137e-02 3.10126513e-01 4.72776055e-01 7.16742933e-01 4.51418489e-01 4.36087728e-01 7.10528120e-02 3.09103251e-01 5.89439690e-01 1.33504227e-01 3.83388758e-01 5.87904692e-01 -1.33964658e-01 3.31535608e-01 7.10360527e-01 1.33336395e-01 4.11868900e-01 7.24870503e-01 -1.20506726e-01 3.20332855e-01 8.23559046e-01 8.42521861e-02 4.34195101e-01 8.59540343e-01 -2.41967157e-01
0.35136908 0.44976491 0.29910836 0.47142059 0.43418789 -0.0062356 0.25916165 0.50061625 0.47636312 0.44101506 0.45929417 -0.00421437 0.31251603 0.47307569 0.69106048 0.45177948 0.43800002 0.20952629 0.30794322 0.58820063 0.13264215 0.38314581 0.58668995 -0.1330767 0.32988566 0.71001661 0.12856372 0.41102365 0.72398049 -0.12040772 0.32032692 0.82355386 0.0791823 0.43394446 0.85963643 -0.24248025
0.34978333 0.449687 0.287718 0.47139019 0.43461317 -0.0072274 0.2583876 0.50020677 0.47137314 0.45162246 0.45445687 -0.05170519 0.31177774 0.47324619 0.69169742 0.45232308 0.43521973 0.02670804 0.30702892 0.58806193 0.13030307 0.38308638 0.58685279 -0.13074137 0.32888412 0.70990163 0.11246625 0.41072825 0.72364521 -0.1167119 0.32037702 0.82355863 0.05100161 0.43342477 0.85964352 -0.24327347
0.34946501 0.44952291 0.28548837 0.47145101 0.43488246 -0.00733113 0.25845429 0.49930111 0.46803185 0.45827514 0.45500067 -0.05249856 0.3131876 0.4733187 0.68590182 0.45377782 0.4351784 0.0275413 0.30658939 0.58771062 0.12925416 0.38305467 0.58674848 -0.12967871 0.32850173 0.70951343 0.10980844 0.41107941 0.72295481 -0.11484942 0.32042053 0.82355505 0.04668301 0.43307781 0.8595928 -0.24455996
0.34952304 0.44902179 0.27854529 0.47147772 0.43499568 -0.00230544 0.25835377 0.49917984 0.45452836 0.45871973 0.45590532 -0.04056586 0.31326646 0.47278166 0.67945719 0.45534074 0.43506858 0.0544251 0.3065061 0.58735013 0.12592849 0.38299423 0.5867027 -0.12634982 0.3280578 0.70878619 0.11049463 0.4111549 0.72240573 -0.11352766 0.32045662 0.8234995 0.05096244 0.43253464 0.85938954 -0.24427052
0.35035095 0.44836438 0.27063185 0.47144806 0.43447459 -0.00181868 0.25837049 0.49933234 0.43674684 0.45814478 0.45669225 -0.02040967 0.31541118 0.47273606 0.65779608 0.45559841 0.43676153 0.12209426 0.30641997 0.58743382 0.12399682 0.3829602 0.58690506 -0.12441952 0.32746556 0.7076841 0.11527999 0.41127667 0.72165018 -0.10991591 0.32042646 0.8230316 0.05431154 0.43204951 0.8588028 -0.23810284
0.35072464 0.44816354 0.26307464 0.47127309 0.43451983 -0.00206457 0.25838608 0.49944845 0.42737702 0.4439671 0.45703653 -0.02071927 0.31626683 0.47279826 0.63958722 0.45359451 0.43702635 0.13299756 0.30619192 0.58755201 0.12329138 0.38291368 0.58703679 -0.12371708 0.3268753 0.7071588 0.11747868 0.4113223 0.72145641 -0.10577176 0.32036245 0.82251936 0.06518684 0.4316892 0.8583979 -0.2282628 
