0.65857756 0.40851268 0.06811967 0.52935773 0.4000912 -0.03296749 0.67431402 0.44278497 -0.03435524 0.47061598 0.44416645 -0.19713098 0.72939622 0.44187433 -0.35034463 0.52923447 0.4382886 -0.37803391 0.62137592 0.53851968 0.04211181 0.52698326 0.53831613 -0.04223121 0.6394704 0.653386 -0.05648608 0.48877716 0.6542297 -0.16733435 0.65555024 0.78495473 -0.02864993 0.46194264 0.79944116 -0.12972215
0.66543227 0.41927969 0.06711936 0.50944144 0.4090237 -0.13701992 0.67151469 0.45941967 -0.13687696 0.44570079 0.46502393 -0.23846744 0.70418495 0.4503327 -0.5954684 0.49152216 0.48346299 -0.30777904 0.60130614 0.55842018 0.07878859 0.49867022 0.561562 -0.07894654 0.64029527 0.66337913 0.18276128 0.46281973 0.67133778 -0.15322754 0.65367913 0.77882117 0.29295817 0.43995562 0.80054498 -0.18456434
0.66657639 0.42303514 0.09944554 0.51521134 0.41401115 -0.09856141 0.66235858 0.47670782 -0.0068355 0.44859749 0.46871853 -0.05363191 0.70439404 0.44548649 -0.29591426 0.43371701 0.45884863 -0.01027123 0.58587974 0.55823112 0.08655892 0.49353153 0.56102192 -0.08647742 0.63688588 0.65973312 0.02444039 0.4690851 0.6713289 -0.25247923 0.65439469 0.77940959 0.05783178 0.44893077 0.80019265 -0.24078414
0.67360336 0.4326739 0.07338377 0.51552635 0.42158395 -0.09513072 0.66230756 0.47933906 -0.0929104 0.45512882 0.4709931 -0.14088365 0.71614009 0.44933173 -0.52248985 0.43606764 0.45690733 -0.26655933 0.5859077 0.56438977 0.06072523 0.49577478 0.56502402 -0.06053061 0.63743031 0.65937501 -0.09666679 0.4534896 0.67490065 -0.24567427 0.65173608 0.77918977 0.04185549 0.43335903 0.80071729 -0.18289144
0.67470998 0.43444708 0.03735416 0.5130415 0.42639965 -0.13274474 0.66555756 0.48982289 -0.1388192 0.45325404 0.48447612 -0.11130767 0.7189672 0.45816448 -0.59891987 0.4310751 0.46482188 -0.16826968 0.58772469 0.56511277 0.06102756 0.49476057 0.56573766 -0.06094962 0.64008737 0.65956235 -0.14345381 0.45798823 0.67485005 -0.21474814 0.65288627 0.77887803 -0.09803051 0.43407875 0.80009586 -0.16213366
0.67201382 0.43998849 0.02235333 0.51513213 0.43266803 -0.1829627 0.66520089 0.49648741 -0.12466168 0.45398358 0.49125272 -0.09246741 0.72536027 0.46182328 -0.54694051 0.42812762 0.47406748 -0.0704696 0.58664435 0.56810498 0.07692574 0.49369252 0.56825936 -0.07686543 0.64276463 0.65687084 -0.20805788 0.46539202 0.66462672 -0.44732508 0.65292507 0.77851969 -0.2153855 0.44101048 0.79805839 -0.46885282
0.67287767 0.44892636 -0.02974726 0.51483417 0.43884954 -0.21087198 0.6652413 0.503465 -0.21998137 0.44822359 0.49676767 -0.15741612 0.7222352 0.46828708 -0.73631859 0.42291051 0.47910029 -0.22664411 0.58431065 0.57459748 0.06890266 0.48941079 0.57439876 -0.06880637 0.64320713 0.65638793 -0.25627625 0.46193179 0.66481495 -0.54252726 0.6528396 0.7784521 -0.20148179 0.44202635 0.79665256 -0.51052344
0.67271996 0.454889 -0.15984634 0.51524049 0.44760874 -0.32040697 0.66187227 0.51090777 -0.3269856 0.44703645 0.50277132 -0.15378967 0.71680504 0.47936419 -0.83170265 0.42281827 0.48515958 -0.08991963 0.58140343 0.57518685 0.06577563 0.48762178 0.57529217 -0.0654867 0.64655232 0.65663093 -0.32295817 0.4639582 0.66412139 -0.55635136 0.65305156 0.78051794 -0.2726956 0.44693658 0.7964828 -0.51691163
0.67377734 0.46510923 -0.22715828 0.51343441 0.45425674 -0.37972841 0.65851212 0.51805758 -0.31227955 0.44339943 0.51010853 -0.19075994 0.69839329 0.502325 -0.72099864 0.42036238 0.49210975 -0.08637727 0.5808807 0.58051139 0.05633717 0.48578897 0.57883167 -0.05604653 0.64791238 0.65746486 -0.43044221 0.46530962 0.66416329 -0.59515762 0.65224558 0.77975297 -0.29957658 0.44851547 0.79524118 -0.43714869
0.67458129 0.47096151 -0.24071497 0.51202112 0.46187839 -0.40689749 0.65853596 0.5095951 -0.38630679 0.44340301 0.5144096 -0.25289679 0.7123844 0.49221277 -0.84610629 0.42222029 0.49554548 -0.1591951 0.57989001 0.58235532 0.0583826 0.48640522 0.58090425 -0.05792488 0.64966029 0.65707618 -0.44889891 0.47059718 0.66326785 -0.64500374 0.65163326 0.78009737 -0.32921651 0.4481748 0.79405588 -0.51589644
0.67483592 0.47532731 -0.35763574 0.51113945 0.46988633 -0.55547756 0.64610422 0.5123204 0.02013505 0.4421224 0.51735085 -0.16945608 0.65236592 0.51503283 0.2450691 0.43444425 0.50226331 0.2818867 0.57738179 0.58520639 0.05709854 0.48561853 0.58426195 -0.05665828 0.65042961 0.65757531 -0.41838557 0.47040886 0.66459423 -0.62299752 0.65152222 0.78027433 -0.26646492 0.44637334 0.79219902 -0.46725568
0.67468387 0.47992712 -0.48470426 0.51360387 0.47917646 -0.67660367 0.64224076 0.50643581 -0.01190033 0.44970018 0.52154565 -0.2297802 0.63434172 0.51265866 0.36745825 0.4426114 0.51209319 0.30094117 0.57671756 0.58635777 0.05691391 0.4855817 0.58644634 -0.05643455 0.65564746 0.65785915 -0.46208003 0.4717682 0.66752911 -0.61480492 0.6514436 0.78041458 -0.25878701 0.44529644 0.79121262 -0.44782072
0.67436135 0.48824641 -0.43727911 0.51242465 0.48542982 -0.63011205 0.65526003 0.50796837 -0.02960364 0.4512887 0.52835697 -0.27662286 0.72261423 0.49975008 0.25387919 0.47664309 0.51269954 0.15888326 0.57974362 0.595186 0.05479687 0.48657957 0.59398419 -0.05434984 0.6626448 0.66162926 -0.54523289 0.47282135 0.67074126 -0.65528375 0.65150064 0.77934766 -0.3035903 0.44487745 0.79135764 -0.43398172
0.67542291 0.49554789 -0.45737019 0.51222843 0.49280471 -0.63999528 0.66061527 0.51426893 -0.05590715 0.44930229 0.53349769 -0.25323582 0.72837341 0.5063259 0.19868872 0.47786731 0.52313358 0.19841582 0.58152521 0.60047877 0.05656299 0.48714498 0.59792036 -0.05606162 0.67053038 0.66298664 -0.58657312 0.47500277 0.66972691 -0.70748919 0.65158337 0.77953792 -0.34942934 0.44237044 0.79103971 -0.50634772
0.67689627 0.50354856 -0.48215201 0.51169407 0.50133669 -0.64164472 0.66601849 0.5243876 -0.10927338 0.4504976 0.54521835 -0.25778925 0.71991503 0.51996154 0.10153036 0.47855514 0.53703755 0.19449565 0.58276415 0.60650843 0.05527819 0.48761982 0.60345644 -0.05485208 0.67399168 0.66467565 -0.56238806 0.47484192 0.6686604 -0.73164517 0.6516642 0.7797724 -0.33076063 0.44276753 0.79081148 -0.53852081
0.67829645 0.51090366 -0.42845827 0.51324594 0.50626153 -0.61034715 0.64559478 0.54081607 -0.06472512 0.44576159 0.54881299 -0.22811286 0.65293407 0.53860497 0.1702341 0.46444082 0.53824621 0.24172971 0.58352822 0.61061007 0.05466928 0.48877981 0.60887539 -0.0541913 0.67465425 0.66641784 -0.54204148 0.47646829 0.66887212 -0.72530925 0.65173614 0.78008533 -0.32186368 0.44343141 0.79099411 -0.54744357
0.68164378 0.51673669 -0.39018229 0.51424116 0.51199645 -0.5779143 0.66467071 0.53841877 -0.02645403 0.44416559 0.55335212 -0.21655907 0.65917444 0.54363519 0.19496931 0.45856258 0.54612124 0.23757701 0.58375406 0.6179356 0.05415199 0.48935926 0.6166172 -0.05375274 0.6775552 0.66694838 -0.5496636 0.47671244 0.66926652 -0.7399137 0.65335453 0.78029615 -0.35353607 0.44447407 0.79116619 -0.58669382
0.68306315 0.51949519 -0.38559413 0.51540297 0.51840007 -0.5873037 0.69353348 0.53280813 0.01983886 0.44749328 0.56120622 -0.25020456 0.71468955 0.53931159 0.28008091 0.46021795 0.54862088 0.18410693 0.58397806 0.62072724 0.05610307 0.4903475 0.62106115 -0.0555416 0.681126 0.66707605 -0.55726677 0.480968 0.67047811 -0.72626525 0.6533888 0.78043544 -0.38090646 0.44520611 0.79161614 -0.6047616 
0.68270433 0.52670497 -0.27622959 0.51614845 0.52492577 -0.56147194 0.70756322 0.53637153 0.05308937 0.44961777 0.57119912 -0.28246242 0.74714786 0.53480536 0.21284935 0.45853338 0.56175518 0.03179794 0.58433086 0.62977082 0.06813149 0.48937744 0.62832367 -0.06749775 0.68477696 0.66939408 -0.53038746 0.4852865 0.67041481 -0.75715089 0.65315491 0.78053886 -0.36515191 0.44481423 0.79166621 -0.63748014
0.68244332 0.53244466 -0.28361377 0.51646864 0.53108084 -0.56182128 0.697465 0.54337507 0.03813669 0.44860548 0.58147371 -0.29401627 0.74235141 0.53976953 0.19759688 0.46820411 0.58768368 -0.00450681 0.58462411 0.63165104 0.06948499 0.48946562 0.63180518 -0.06880319 0.68769282 0.67114532 -0.53515345 0.48750338 0.67355579 -0.74815643 0.65316522 0.78032792 -0.35240656 0.4447889 0.79175508 -0.61272824
0.68519318 0.53945816 -0.28907031 0.51684451 0.53687644 -0.55971307 0.6936748 0.55530363 0.03219363 0.44710043 0.59083444 -0.27439716 0.72741866 0.55503947 0.14895292 0.46934655 0.60140115 0.03845985 0.58698058 0.63667595 0.06880998 0.49007484 0.63740593 -0.06784358 0.69022465 0.67291266 -0.53966486 0.48927811 0.67738128 -0.74717659 0.65364915 0.78021467 -0.3299621 0.44542331 0.79083949 -0.5820061 
0.68807584 0.54317695 -0.33677459 0.51690525 0.5426417 -0.59662515 0.71030176 0.55075437 -0.02671842 0.44693294 0.59269524 -0.32513776 0.73888606 0.54621357 0.13391608 0.46617776 0.62818342 -0.0281793 0.58842456 0.63945496 0.0675906 0.4903917 0.64086467 -0.06676834 0.69658172 0.67356765 -0.54471755 0.48981583 0.67933649 -0.75197095 0.65365797 0.77965337 -0.32498822 0.44553262 0.79091305 -0.59974909
0.6887567 0.55049044 -0.29378331 0.51708198 0.54762405 -0.59034204 0.70276225 0.56943309 -0.01448741 0.44722983 0.59491897 -0.32358837 0.67461079 0.5787558 0.08848248 0.46957719 0.62188834 -0.10296081 0.58843887 0.64719617 0.07286775 0.49041975 0.64835519 -0.07210132 0.70033699 0.67746955 -0.46429521 0.48979425 0.67927551 -0.77235937 0.65338081 0.77958608 -0.21393743 0.44574547 0.79098517 -0.60716158
0.68951797 0.55516493 -0.31552273 0.51725084 0.55470091 -0.59109259 0.67696434 0.57933676 -0.01652982 0.44597635 0.59903145 -0.32705727 0.63852024 0.6005069 0.08834495 0.46871531 0.63414544 -0.04453433 0.58869499 0.65241498 0.07569106 0.49065664 0.65371507 -0.07494235 0.7032795 0.68030727 -0.47939911 0.48971552 0.68133831 -0.78680259 0.65274245 0.77961981 -0.24068312 0.44583908 0.79134691 -0.6339156 
0.69221336 0.55801159 -0.4116925 0.51748645 0.55975652 -0.6777882 0.74327976 0.5585469 -0.05950643 0.43790221 0.59980488 -0.44779012 0.73492491 0.58681387 0.21610437 0.4598228 0.63219965 -0.20652762 0.58883399 0.65466696 0.07355773 0.49115402 0.65535063 -0.0728401 0.70546615 0.6811645 -0.54271626 0.48978391 0.68073231 -0.80552965 0.65275341 0.77984589 -0.25822181 0.44574627 0.79292876 -0.62481374
0.6927042 0.56343621 -0.38999569 0.5176298 0.56416851 -0.64933628 0.75485468 0.55564225 -0.06465697 0.43705419 0.60427451 -0.40654826 0.74387985 0.56941122 0.19547687 0.46048295 0.62331778 -0.15649173 0.58884209 0.65796119 0.07306971 0.49121925 0.65850824 -0.07232314 0.7074064 0.6817556 -0.53323144 0.48975283 0.68069273 -0.80081892 0.65275985 0.78000069 -0.24573186 0.44568992 0.79388636 -0.62536752
0.69229162 0.56877226 -0.32356068 0.51880151 0.56924087 -0.64589053 0.7303592 0.56698471 -0.02760101 0.43716469 0.61131847 -0.40185165 0.73509538 0.57155263 0.16845232 0.49836504 0.61581868 -0.19340116 0.58860028 0.66319388 0.076482 0.49126038 0.6634137 -0.07584094 0.70730007 0.68146986 -0.5157901 0.49028531 0.68027079 -0.81528276 0.65276456 0.78057736 -0.22669289 0.4455151 0.79470974 -0.64270711
0.69075292 0.57369858 -0.32278746 0.52054638 0.57181227 -0.63130814 0.70651889 0.57790279 -0.04851031 0.43857792 0.61115831 -0.4152317 0.71630728 0.583125 0.05590963 0.47613394 0.64020735 -0.2352832 0.58748901 0.66660899 0.07980558 0.49285662 0.66613865 -0.07920976 0.70821655 0.68182814 -0.47253457 0.49033937 0.6817854 -0.79575306 0.65304285 0.78067285 -0.16826807 0.44544715 0.79467475 -0.63020891
0.69062048 0.57836604 -0.30539352 0.52072495 0.57603425 -0.62361836 0.69295418 0.59698755 -0.04711839 0.43944031 0.61290801 -0.43773729 0.68959355 0.60789961 0.03430048 0.48206142 0.63121033 -0.28865612 0.58656448 0.67145061 0.08516413 0.49265635 0.67038941 -0.08458068 0.7105425 0.68257713 -0.46589109 0.49102324 0.68152183 -0.81147438 0.65324819 0.78118908 -0.17279662 0.44548684 0.79450881 -0.62538481
0.69026458 0.58144599 -0.30783784 0.52081013 0.58148032 -0.61461776 0.70833194 0.58257794 -0.06639435 0.43912336 0.61858791 -0.53059047 0.73418158 0.59260643 0.03778741 0.50617087 0.63253146 -0.46509999 0.58609337 0.67550546 0.08729723 0.4926886 0.67484117 -0.08685841 0.71148205 0.68456334 -0.46560836 0.49103507 0.68200248 -0.82437515 0.65325326 0.78112882 -0.14939621 0.44606805 0.79264635 -0.61982989
0.68998915 0.58599675 -0.35736901 0.52082986 0.5864979 -0.65907472 0.71154112 0.58480906 -0.17238015 0.4392654 0.62449461 -0.70475024 0.74106836 0.58435804 -0.11314613 0.51062143 0.638403 -0.78540939 0.58644843 0.679093 0.09090855 0.49353209 0.67877877 -0.09057472 0.71361732 0.68654221 -0.4737058 0.49181011 0.68289185 -0.8632136 0.6531415 0.78114253 -0.15524668 0.44629365 0.79266059 -0.64843649
0.68996304 0.58844292 -0.39255616 0.52084899 0.58994955 -0.6897195 0.73119229 0.58311975 -0.12667432 0.44123998 0.63212335 -0.58024091 0.75108826 0.58402616 -0.01297486 0.51990199 0.6333133 -0.45244455 0.58806676 0.68144816 0.08891028 0.49388456 0.68132943 -0.088517 0.71588475 0.68795651 -0.48904079 0.49444032 0.68511039 -0.84556425 0.65287191 0.7818808 -0.15738343 0.44720623 0.79268199 -0.63147098
0.69001782 0.59024483 -0.44036821 0.52089256 0.59429485 -0.7250303 0.74422508 0.5816372 -0.1261083 0.45625526 0.64053601 -0.52377886 0.75261438 0.58568984 0.07397527 0.51932913 0.63872564 -0.29412299 0.58995897 0.68372273 0.08665201 0.495516 0.68475235 -0.0861235 0.7168684 0.68897796 -0.49979752 0.49452904 0.68882358 -0.83585984 0.65286529 0.78212088 -0.14402208 0.44805688 0.79365438 -0.60095721
0.68976712 0.59107995 -0.39248377 0.52445704 0.59778899 -0.68321115 0.74298155 0.58158022 -0.10623395 0.45419964 0.63737732 -0.59059602 0.76599211 0.59201241 0.06852552 0.49733123 0.64201677 -0.50657868 0.59045714 0.6863535 0.08817275 0.49757686 0.68782133 -0.08777917 0.72075218 0.69006759 -0.43683729 0.49469802 0.69100636 -0.83207524 0.65275335 0.78229988 -0.10241952 0.44877303 0.79441726 -0.60744745
0.695108 0.59328258 -0.41449103 0.52815413 0.6008845 -0.70886421 0.75040942 0.58508724 -0.121116 0.46324605 0.63929677 -0.64643747 0.7749604 0.59306484 0.03895727 0.51323634 0.63276094 -0.58095199 0.59560776 0.68875641 0.08727188 0.50027883 0.69148648 -0.08681926 0.72236758 0.69209325 -0.4458054 0.49468723 0.69260079 -0.85632914 0.65157497 0.78261697 -0.07069576 0.44934896 0.79522121 -0.61454397
0.69462043 0.59485316 -0.39694262 0.53059882 0.6043542 -0.69805074 0.74566221 0.5873549 -0.09759329 0.469513 0.64195263 -0.64091665 0.76898879 0.59686208 0.06214609 0.53517205 0.62909532 -0.56883991 0.59745544 0.69119442 0.0867864 0.50214672 0.6944629 -0.08635075 0.72292876 0.69330221 -0.42520866 0.49495685 0.69481188 -0.86141497 0.65122867 0.78261381 -0.05823454 0.44934854 0.79598784 -0.63344455
0.69431335 0.597709 -0.45917752 0.53065473 0.60679185 -0.7614212 0.74731356 0.59383672 -0.14497972 0.49246368 0.64700955 -0.64972413 0.76648349 0.60370719 -0.00827455 0.56872612 0.62776649 -0.50666118 0.60191101 0.68964738 0.08638253 0.50317121 0.6947521 -0.08600842 0.72189659 0.69362622 -0.41425785 0.49626929 0.69663775 -0.85862941 0.65090078 0.78246933 -0.03886779 0.44982553 0.79625612 -0.63617808
0.6943109 0.60250479 -0.45111558 0.53057629 0.60984236 -0.73263788 0.74380064 0.59976488 -0.16430539 0.48245409 0.65176362 -0.64703178 0.76357979 0.6165666 -0.04687184 0.55047703 0.63038808 -0.55447304 0.60559088 0.69096744 0.0840937 0.50509238 0.69593924 -0.08356792 0.72119403 0.69357598 -0.38376853 0.49618632 0.69547999 -0.85138208 0.65081817 0.78241277 -0.0237954 0.45053411 0.79665887 -0.63445872
0.69508839 0.60449004 -0.51076579 0.53034681 0.61337858 -0.7719565 0.72729033 0.6093663 -0.21922885 0.48370752 0.66091979 -0.6899116 0.71050316 0.63894522 -0.11043007 0.57072353 0.64816052 -0.60748178 0.60659331 0.68942416 0.08400268 0.50595957 0.69434482 -0.08344466 0.72108215 0.69599211 -0.37545899 0.49577218 0.6961031 -0.84910619 0.65032005 0.7822693 0.01988705 0.45018664 0.79706752 -0.62083453
0.69595402 0.60609955 -0.46329591 0.53015584 0.61390692 -0.76946533 0.72366905 0.61031586 -0.18521154 0.48174834 0.66045791 -0.68047023 0.72152025 0.63601106 -0.09864349 0.57052922 0.64677042 -0.66078883 0.60630566 0.69082451 0.08397178 0.50589734 0.69644958 -0.08339846 0.7198661 0.69743133 -0.36467686 0.49677131 0.69567198 -0.84749866 0.6501056 0.78226447 0.0274357 0.45009664 0.79703063 -0.59897083
0.69782001 0.60643315 -0.45738444 0.53257287 0.61322802 -0.74589264 0.72637033 0.60691625 -0.1752459 0.47938159 0.6542936 -0.5826084 0.72474188 0.63296062 -0.03266767 0.54664236 0.64351094 -0.42363995 0.60594922 0.69068891 0.08386682 0.50620383 0.69554794 -0.08329459 0.71885657 0.69785398 -0.33400568 0.49745038 0.69554114 -0.82978797 0.65006298 0.7822544 0.06390046 0.4500697 0.79700589 -0.56821173
0.69767547 0.60870063 -0.46038869 0.53230125 0.61402893 -0.73366165 0.67907166 0.63612258 -0.16921714 0.47802368 0.65152812 -0.58868694 0.63595867 0.65932363 -0.06697679 0.54280657 0.64191997 -0.45548537 0.60560781 0.6906324 0.08735248 0.50610423 0.6948908 -0.08672983 0.71867478 0.69765443 -0.35472488 0.49736324 0.69499838 -0.8438676 0.64999115 0.78216588 0.00774794 0.44977474 0.79697859 -0.61213458
0.69804168 0.60828596 -0.45842823 0.53216535 0.61306769 -0.72505921 0.65691012 0.64216167 -0.16930501 0.47699654 0.65034407 -0.54362935 0.59987915 0.6650852 -0.07705385 0.5280537 0.64387804 -0.35247621 0.60530835 0.68993676 0.09117007 0.50560004 0.69402558 -0.09034451 0.71748537 0.69705713 -0.36816278 0.49731365 0.69387794 -0.84608382 0.64997691 0.78221232 -0.00928805 0.44939005 0.79687876 -0.60479462
0.69841647 0.60651708 -0.42157957 0.53128165 0.61163586 -0.66954356 0.65858495 0.63878065 -0.11166729 0.47162175 0.64728707 -0.46049887 0.60768318 0.66423714 -0.02680175 0.52927923 0.63859046 -0.23327172 0.60511357 0.68756205 0.09040513 0.50524354 0.6938076 -0.08962555 0.71740013 0.69319129 -0.375157 0.49725902 0.69215131 -0.83671474 0.6499334 0.78222209 -0.04710227 0.44935989 0.7966795 -0.5975883 
0.69916642 0.60587078 -0.48147175 0.531874 0.60896927 -0.73614299 0.67288733 0.60571563 -0.11105105 0.45713609 0.63526857 -0.51149064 0.73369044 0.60975397 0.10940186 0.51042771 0.62493694 -0.3237457 0.60508317 0.68657404 0.08937752 0.50519687 0.69160563 -0.08866731 0.71736795 0.68988526 -0.4463124 0.49821264 0.689358 -0.83665735 0.64996511 0.78222072 -0.09233444 0.44935405 0.79623783 -0.58264071
0.69907737 0.60516369 -0.44937176 0.53220665 0.60615999 -0.69263095 0.67581421 0.60644078 -0.09281544 0.45308861 0.6321072 -0.46997625 0.72632176 0.60492516 0.07076 0.51150423 0.6213482 -0.22296189 0.60304165 0.685395 0.08905258 0.50443363 0.69014525 -0.08836068 0.71656662 0.6877293 -0.43406993 0.50091958 0.68718177 -0.8353222 0.65038562 0.78221917 -0.08513191 0.44941771 0.79591978 -0.58573431
0.69882828 0.60140008 -0.42098621 0.53236663 0.60264391 -0.69476998 0.70255923 0.59800202 -0.08599486 0.45512146 0.63376421 -0.51320642 0.74426425 0.59759653 0.0696488 0.51393247 0.61928552 -0.31058684 0.60083878 0.68188518 0.09043527 0.50316995 0.6869545 -0.08976282 0.71619356 0.68579781 -0.42624751 0.50234663 0.68557894 -0.8410303 0.65061957 0.78224635 -0.09994636 0.44951004 0.79573846 -0.61601883
0.69011897 0.59447211 -0.35644409 0.53231525 0.5991798 -0.65707064 0.69927001 0.59752971 -0.02755236 0.45637676 0.63429159 -0.4911221 0.74290717 0.59407693 0.09621666 0.51443744 0.61894882 -0.29062408 0.59410256 0.67705125 0.09691178 0.49894229 0.68208641 -0.0963136 0.71498019 0.68483186 -0.38653293 0.50421238 0.68146336 -0.83775491 0.65092307 0.78224564 -0.10823847 0.45010903 0.79538184 -0.63529915
0.69011194 0.5895623 -0.42747971 0.53006452 0.59961867 -0.69809121 0.69796807 0.58967817 -0.06646528 0.45648983 0.63310421 -0.47304237 0.74113399 0.59110349 0.12759095 0.51148909 0.62020594 -0.15088889 0.59381491 0.67263377 0.09658746 0.49860698 0.67856818 -0.09597156 0.71403807 0.68474972 -0.42908508 0.50510871 0.67938101 -0.80246747 0.65093172 0.78231782 -0.14533387 0.45011464 0.79422861 -0.63484925
0.68865943 0.5866009 -0.4289825 0.52730179 0.59857684 -0.69941974 0.70740604 0.58532447 -0.07573651 0.45741495 0.62973225 -0.45333603 0.72149616 0.59719545 0.13200641 0.49795556 0.62118649 -0.13141756 0.59310526 0.67087406 0.09618336 0.4980267 0.67669171 -0.09557435 0.71399719 0.68286783 -0.4526214 0.50646514 0.67771554 -0.80453032 0.65133536 0.78231663 -0.17506678 0.4502539 0.79350066 -0.63005751
0.68851089 0.58382797 -0.42878458 0.52607733 0.59611893 -0.73686439 0.73532772 0.57801348 -0.04722137 0.42859781 0.62175846 -0.56037295 0.74527216 0.59049582 0.21762478 0.4460181 0.62137395 -0.30443376 0.58999026 0.66835237 0.09766065 0.49578398 0.67371982 -0.0971591 0.71096832 0.6819427 -0.48715702 0.50806981 0.67527837 -0.81106269 0.65163589 0.7823028 -0.21950915 0.45072559 0.79295188 -0.63680696
0.68878287 0.58274609 -0.44121459 0.52565914 0.59310859 -0.74355769 0.72948086 0.57944202 -0.05776065 0.42647132 0.61330813 -0.54803413 0.74613565 0.58360404 0.21747188 0.46151 0.62180525 -0.23209091 0.58799905 0.66823059 0.09622741 0.49513713 0.67226785 -0.09572028 0.70964903 0.68133813 -0.51895142 0.50898749 0.67470473 -0.80238295 0.65201586 0.78270108 -0.26031044 0.45206746 0.79295975 -0.63356012
0.68888074 0.58259207 -0.4761959 0.52312517 0.59002405 -0.76705301 0.72562993 0.58042932 -0.08966582 0.42043564 0.60891801 -0.58160555 0.74644184 0.58972359 0.16675255 0.45636034 0.62202281 -0.31429842 0.58837855 0.66634148 0.09229112 0.49521613 0.67083496 -0.09179741 0.70594215 0.68157023 -0.5221709 0.51030308 0.67588955 -0.80226856 0.65208924 0.78269893 -0.22621073 0.45290381 0.79269916 -0.61335266
0.68755448 0.58096409 -0.44193843 0.52299011 0.58750641 -0.75086612 0.71817899 0.58041418 -0.07422744 0.42691931 0.60729194 -0.53253299 0.71150368 0.59239537 0.15961535 0.46844095 0.62212682 -0.21056494 0.58543462 0.66438168 0.09268933 0.49403274 0.66843253 -0.09216831 0.69955331 0.68082345 -0.50373918 0.51225173 0.67634577 -0.76167798 0.65208942 0.78274184 -0.25935647 0.45361319 0.79272366 -0.6075449 
0.68697923 0.58025235 -0.43100885 0.5205006 0.5833618 -0.7107473 0.65679353 0.58122957 -0.07635666 0.43024227 0.6069454 -0.42646208 0.60614419 0.60619676 0.12239696 0.46991691 0.62128931 -0.05412748 0.58392322 0.66328049 0.09341887 0.49342448 0.6658566 -0.09283304 0.69570935 0.68049425 -0.50845885 0.51241499 0.67695296 -0.74344289 0.65212262 0.78275281 -0.26694861 0.45408645 0.79263854 -0.59026492
0.68638927 0.57901257 -0.46688133 0.51657289 0.58169991 -0.70600629 0.62534106 0.58282357 -0.11595153 0.43205467 0.60588431 -0.40569156 0.54643631 0.61485571 0.09612057 0.47327861 0.62495673 -0.03370894 0.58374947 0.65960723 0.09294558 0.49278209 0.66207778 -0.09227075 0.69342858 0.68002105 -0.52144969 0.51229334 0.67896348 -0.72562772 0.65235096 0.78262407 -0.27381426 0.45413664 0.79287714 -0.56875736
0.68288451 0.57674605 -0.44176701 0.51454681 0.57838637 -0.70867711 0.64423019 0.58179593 -0.10985456 0.43247426 0.60236734 -0.44271085 0.60156465 0.61331916 0.09749134 0.469583 0.62472928 -0.10205692 0.5814923 0.65870041 0.09414154 0.49147865 0.66054547 -0.09346417 0.69153953 0.6797269 -0.50686359 0.5126127 0.6790238 -0.73456591 0.65311044 0.78218514 -0.2643593 0.45412174 0.79288745 -0.58053285
0.68040425 0.57406849 -0.43541551 0.51191294 0.57672387 -0.71004146 0.63507468 0.57785171 -0.10046975 0.43252781 0.59943748 -0.43477324 0.5866825 0.61058241 0.10156079 0.47073936 0.62714332 -0.07068997 0.57817912 0.65736854 0.09801164 0.48850086 0.65839511 -0.09731815 0.6904577 0.6796115 -0.49595609 0.51260227 0.67891634 -0.72552198 0.65356839 0.78204149 -0.25384721 0.45393726 0.79283696 -0.58438653
0.67939079 0.57226795 -0.42823267 0.51089895 0.57285511 -0.67940682 0.61625868 0.57383198 -0.09247371 0.43622026 0.59870994 -0.37115857 0.55511498 0.59712732 0.12446049 0.48442185 0.62133777 0.0154681 0.57556272 0.65463036 0.09749515 0.48571399 0.65545386 -0.09680891 0.68635392 0.67902464 -0.48714256 0.51259553 0.67718357 -0.71111435 0.65378624 0.78205776 -0.27668887 0.45315456 0.79284012 -0.5870806 
0.67700487 0.57069647 -0.44489154 0.50843745 0.56967545 -0.68791908 0.60938001 0.58048064 -0.08974694 0.43745071 0.59616536 -0.36173961 0.5475949 0.61212927 0.13685213 0.48453963 0.62049425 0.05626094 0.57055485 0.65141547 0.09721663 0.48136044 0.65120125 -0.09655141 0.67815387 0.67782867 -0.45881778 0.51200062 0.67652023 -0.69332939 0.6540488 0.78202438 -0.26117465 0.45186868 0.79309213 -0.58049124
0.67494851 0.56732339 -0.444251 0.50684035 0.56661743 -0.69094199 0.62579781 0.57628125 -0.05926381 0.44187641 0.5946793 -0.37047473 0.57763821 0.60173124 0.22223887 0.48678961 0.6167357 0.0390481 0.5681057 0.64763206 0.09565207 0.476818 0.64789099 -0.095017 0.67192787 0.67626554 -0.4631739 0.51163197 0.67632693 -0.68141079 0.65403974 0.78162658 -0.2793937 0.44960725 0.79308432 -0.58321154
0.67100579 0.56406385 -0.48592553 0.50428039 0.56460994 -0.71183389 0.62855273 0.5768404 -0.06599482 0.44513422 0.59242457 -0.36862624 0.58178657 0.60048318 0.2378702 0.49027303 0.60645235 0.07669076 0.56726944 0.6414479 0.09043549 0.47432071 0.64121586 -0.08984332 0.66744339 0.67616588 -0.43638584 0.50993663 0.67598522 -0.67567194 0.65403968 0.78116065 -0.26645383 0.44645533 0.7930885 -0.58381456
0.66619813 0.5601694 -0.47324321 0.50266957 0.56237751 -0.7357884 0.62508923 0.56716096 -0.06935927 0.44502518 0.59470594 -0.37007234 0.57724923 0.58757949 0.20873336 0.50124943 0.61010116 0.01717336 0.56254882 0.6391747 0.09333562 0.46870768 0.64067781 -0.09272402 0.66397321 0.67572182 -0.43307781 0.50560236 0.67542744 -0.69090879 0.65469587 0.78036439 -0.26244491 0.4456481 0.79295707 -0.59978789
0.66439462 0.55659401 -0.46804526 0.50087386 0.56046319 -0.73102695 0.62705731 0.56189334 -0.03578593 0.46182629 0.59598643 -0.39103734 0.58670342 0.57817543 0.29062113 0.50249362 0.60575795 0.02529127 0.5632183 0.63765413 0.09380562 0.46789038 0.64003456 -0.09319636 0.66428596 0.67594665 -0.43399194 0.50739932 0.67560709 -0.67841226 0.65469289 0.78015202 -0.2655645 0.44571912 0.79288125 -0.59466285
0.66416663 0.55514646 -0.43786541 0.50114781 0.55663967 -0.69216722 0.59991151 0.57238632 -0.04409505 0.47158179 0.59674007 -0.33227077 0.54589802 0.59142768 0.19962446 0.50250316 0.6059944 0.12436762 0.56359386 0.63497841 0.09532201 0.46810302 0.63656354 -0.09463795 0.66192371 0.67627108 -0.42560112 0.50809038 0.67575443 -0.65253019 0.65479261 0.77992874 -0.27475098 0.44589582 0.79250044 -0.57770652
0.66287166 0.55148977 -0.42818952 0.49707952 0.5530265 -0.6967777 0.63274497 0.56960326 -0.01599043 0.46909034 0.59842587 -0.36131364 0.62850523 0.58679312 0.2357942 0.50571871 0.60781372 0.05840307 0.56335521 0.63288689 0.09484401 0.46494767 0.63549984 -0.09417277 0.66112936 0.67361736 -0.4341515 0.50808448 0.67583942 -0.66965276 0.65489632 0.77929223 -0.27646199 0.44601855 0.79249221 -0.59068304
0.65959179 0.5479126 -0.42159492 0.49452141 0.55115509 -0.70648652 0.63302141 0.55906415 -0.0144819 0.46539888 0.5986799 -0.36532837 0.6227361 0.57246137 0.25873888 0.50398088 0.60948259 0.04387548 0.56285691 0.63070428 0.09534215 0.46241662 0.63555264 -0.09465662 0.65965295 0.67086667 -0.44069675 0.5081082 0.67507774 -0.68011826 0.65523887 0.77921367 -0.28151369 0.44612512 0.79251355 -0.59574413
0.6588487 0.54231006 -0.37418213 0.49520138 0.54697955 -0.70666885 0.67776811 0.53222132 0.04250553 0.4740873 0.59872526 -0.46851829 0.72282493 0.53862166 0.34689927 0.53019094 0.59917158 -0.1604827 0.56341988 0.62974966 0.09586359 0.46348643 0.6345523 -0.09527389 0.65731698 0.67065102 -0.47641596 0.5096162 0.67376965 -0.68764776 0.65531254 0.77915865 -0.33868378 0.4461948 0.79251552 -0.61120129
0.65822691 0.53786892 -0.35718516 0.49505565 0.54404926 -0.6965605 0.68425816 0.52433062 0.05919012 0.47293243 0.59778368 -0.47440445 0.72662848 0.53291202 0.36845431 0.52484405 0.59284413 -0.17767636 0.56374294 0.62847847 0.09591749 0.46372393 0.63355583 -0.09537043 0.65656936 0.67123115 -0.4808262 0.51175374 0.67382711 -0.6875385 0.65531653 0.77921581 -0.34144619 0.44625217 0.79256457 -0.60802948
0.65913814 0.53382903 -0.37546766 0.49381775 0.54191387 -0.70689529 0.70045656 0.5210312 0.02172906 0.47050473 0.59872401 -0.45085067 0.73024851 0.53302515 0.30698043 0.52281713 0.5973354 -0.11143305 0.56402439 0.62558931 0.09575058 0.46456239 0.6298691 -0.09521151 0.65622777 0.67163479 -0.48406932 0.51416069 0.67269075 -0.67598218 0.65530092 0.77923334 -0.31767586 0.44626516 0.79238427 -0.55826342
0.65976501 0.53091204 -0.41488141 0.49139267 0.53827274 -0.70667481 0.69389379 0.52277297 -0.02377924 0.45656836 0.59889531 -0.38444963 0.71487314 0.53590548 0.2875053 0.47831959 0.60947078 0.01851723 0.56560004 0.6246767 0.08891848 0.46536654 0.62864047 -0.08829977 0.6559841 0.67145276 -0.50708961 0.51428026 0.67220634 -0.6746136 0.65532541 0.77919441 -0.30977869 0.44628254 0.79200429 -0.53371602
0.66066021 0.52772552 -0.41868073 0.49146202 0.53348285 -0.71785206 0.69812387 0.51370132 -0.0124187 0.46135795 0.59680378 -0.46760732 0.72380328 0.5260452 0.31977066 0.51826453 0.59594887 -0.18566479 0.5711965 0.62392449 0.08465367 0.46853337 0.62628818 -0.08414471 0.65480262 0.67159498 -0.53938562 0.51416147 0.67194462 -0.6782555 0.65500718 0.77926159 -0.32739764 0.44632384 0.79147607 -0.5236842 
0.66114324 0.52444631 -0.42929429 0.49201277 0.52561694 -0.78443599 0.70149767 0.5131399 -0.05643227 0.50791389 0.58773738 -0.69737518 0.72533143 0.51703507 0.20107184 0.60986662 0.56867689 -0.53758138 0.57148618 0.6221903 0.08618726 0.47027189 0.62268674 -0.08584111 0.65500784 0.67178041 -0.51454258 0.51330853 0.67128688 -0.73089778 0.65377492 0.77925098 -0.30806491 0.44603759 0.79111141 -0.62479258
0.66142297 0.51940709 -0.43242484 0.49177772 0.51810908 -0.7178995 0.69364649 0.51722765 -0.04608474 0.49477312 0.56637818 -0.41246974 0.71632987 0.52507663 0.21307954 0.57249296 0.54791844 -0.03039289 0.57141262 0.61749387 0.07980562 0.47054049 0.6174776 -0.07934088 0.65207624 0.67015481 -0.50622869 0.51176453 0.66912633 -0.71626979 0.65340668 0.77925694 -0.30622309 0.44384956 0.7905007 -0.59666115
0.66053933 0.51377732 -0.40588683 0.48974219 0.51300657 -0.64388424 0.68939757 0.52257133 -0.00352441 0.43969092 0.55535012 -0.32503134 0.71683425 0.52406371 0.2589902 0.48759052 0.5400753 0.03182821 0.57066458 0.61442465 0.07531424 0.47060332 0.6135155 -0.07481754 0.65178353 0.66904902 -0.47174647 0.5089274 0.66928029 -0.66627121 0.65323013 0.77937794 -0.29013854 0.44350371 0.78988892 -0.54087269
0.66076374 0.51048946 -0.40698871 0.48957491 0.50669396 -0.60397941 0.65258592 0.52596682 -0.01677804 0.43341798 0.55118221 -0.21103394 0.65818143 0.52821285 0.24931847 0.45959833 0.53419894 0.22137778 0.56988055 0.6108256 0.06709871 0.47084495 0.60905176 -0.06656271 0.64982998 0.66721177 -0.44681615 0.50705773 0.66937548 -0.6296128 0.65297002 0.7794773 -0.28875014 0.44253996 0.78994375 -0.54377025
0.65992606 0.50831282 -0.39443913 0.48964155 0.49843323 -0.51889265 0.66689157 0.53061169 -0.50543118 0.42850217 0.54618359 -0.16252415 0.71199179 0.51751345 -0.88913155 0.45160505 0.52597839 0.2049626 0.56764829 0.60784841 0.05947238 0.46963155 0.60469109 -0.05876802 0.64920169 0.66549182 -0.45030594 0.50298721 0.66912121 -0.63594085 0.65266997 0.7794835 -0.33240902 0.44241357 0.78882951 -0.52827817
0.66008604 0.5035603 -0.47598526 0.48979339 0.49235165 -0.55400002 0.67491513 0.52328098 -0.50425273 0.42735338 0.537754 -0.06382514 0.72172058 0.51002574 -0.73125792 0.4289147 0.52153569 0.4552047 0.56750947 0.6024856 0.04797105 0.46969801 0.59898108 -0.0472487 0.6484701 0.66595584 -0.45743197 0.49724963 0.66930771 -0.59897333 0.6525358 0.7797842 -0.33111268 0.4422141 0.78880399 -0.50953925
0.66004616 0.49618369 -0.39033207 0.49000475 0.48609975 -0.46507964 0.68076122 0.52088994 -0.42042592 0.42435598 0.53054887 0.03019357 0.73148966 0.50337154 -0.68939966 0.41044745 0.51441509 0.55721426 0.56619048 0.59946918 0.04703532 0.4696407 0.59629685 -0.04636898 0.64879972 0.66603839 -0.45374101 0.49311715 0.66868472 -0.61133122 0.6525231 0.78004462 -0.32931599 0.44187519 0.78900921 -0.50602925
0.66009319 0.48745602 -0.35477173 0.49014774 0.47920451 -0.52596205 0.68033785 0.5058977 -0.01408766 0.42650858 0.52194417 -0.09580788 0.73298329 0.49870095 0.20846364 0.43350416 0.51197237 0.38126186 0.56372148 0.5962711 0.05191112 0.46830252 0.59354103 -0.05133827 0.6489116 0.66439575 -0.50156575 0.48534003 0.66861975 -0.61251807 0.65235782 0.78029847 -0.33304361 0.44079754 0.78935283 -0.47319612
0.66040593 0.47950822 -0.37645313 0.49027655 0.47201127 -0.53310317 0.67990899 0.49986023 -0.06301203 0.42723045 0.51678485 -0.05598462 0.73287922 0.49328262 0.11470313 0.42359361 0.50038284 0.47151238 0.56254202 0.59276295 0.05025065 0.46754974 0.58949918 -0.04965362 0.64687049 0.66143346 -0.51648533 0.47692385 0.66712147 -0.62124449 0.65221643 0.78031939 -0.34412771 0.4390952 0.79063261 -0.46908358
0.66052496 0.47151992 -0.23959814 0.49032745 0.46127978 -0.34706643 0.68076116 0.495729 -0.20764086 0.42507568 0.51002175 0.07406718 0.74640745 0.47881609 -0.42861849 0.41033572 0.48851928 0.50760013 0.56263399 0.58704466 0.04476098 0.46797973 0.58359569 -0.04420993 0.64468729 0.66054022 -0.51547158 0.47352016 0.6637314 -0.59629548 0.65156364 0.78037125 -0.40868109 0.4380618 0.79188985 -0.46741369
0.6602847 0.4596318 -0.19804813 0.49329585 0.45210668 -0.3128036 0.66659921 0.50024426 -0.41038671 0.42740974 0.50446481 -0.17003724 0.7374751 0.47550258 -0.87875396 0.42589656 0.47794992 -0.16710877 0.56311417 0.5781514 0.04687043 0.47112936 0.57614529 -0.04641142 0.64244032 0.66029453 -0.33012542 0.4586587 0.66687399 -0.4446173 0.65081173 0.78041673 -0.273747 0.43658212 0.79450643 -0.38521871
0.65760213 0.44879502 -0.10341128 0.49687377 0.4415884 -0.26924512 0.66387665 0.4935194 -0.3017284 0.4285714 0.49646083 -0.21861956 0.73360926 0.4636789 -0.7664718 0.42116034 0.47075489 -0.24805456 0.56354678 0.57270229 0.04911523 0.47346941 0.57206982 -0.04864476 0.63894194 0.65672928 -0.37754223 0.45002654 0.67964923 -0.14519164 0.65038681 0.78043181 -0.3797366 0.43386248 0.7980774 -0.04499555
0.65775067 0.44068205 0.02517818 0.49987397 0.43355745 -0.13463573 0.66496915 0.48663038 -0.17926851 0.43801492 0.48930064 -0.1409786 0.73177624 0.45724711 -0.585199 0.49166453 0.47516721 -0.15213288 0.565732 0.56612086 0.05040925 0.4753851 0.56507754 -0.04990697 0.629915 0.65340382 -0.29867667 0.45065415 0.67789692 -0.14894877 0.64948601 0.78052551 -0.35994956 0.43333721 0.79861468 -0.09564066
0.65759003 0.43368596 0.15528929 0.50106192 0.42630234 -0.12266425 0.65017754 0.48385337 0.01887176 0.47475642 0.48536578 -0.1342026 0.70326096 0.45079607 -0.33240607 0.66404575 0.46640742 -0.02247172 0.56648862 0.5616836 0.07448526 0.47782475 0.56205708 -0.07437888 0.62156641 0.64932805 -0.20340668 0.44892964 0.67725182 -0.1425553 0.64882827 0.78052264 -0.23011644 0.43285692 0.79807603 -0.11172193
0.65222704 0.42332327 0.0036703 0.50095356 0.4179264 -0.20657359 0.64293748 0.47597775 -0.09018689 0.46194863 0.47493279 -0.1218508 0.70402133 0.44686908 -0.54728967 0.46816871 0.45647821 -0.06642788 0.56679112 0.55413872 0.07275967 0.48046914 0.55746442 -0.07257976 0.61259788 0.65003711 -0.02632832 0.45115155 0.67421609 -0.18260042 0.64876354 0.77980441 0.07335021 0.432255 0.79785019 -0.14695542
0.65034211 0.42046931 0.00535677 0.50158244 0.41147783 -0.17005616 0.64023572 0.46972266 -0.11675176 0.45041755 0.46478051 -0.05170207 0.70172119 0.43854764 -0.50556952 0.41200441 0.45210162 0.02792957 0.56825346 0.55340701 0.06992962 0.48266172 0.55739468 -0.06996076 0.60539025 0.6513927 0.03745125 0.45261544 0.6745581 -0.18628103 0.6487723 0.77789825 0.14304808 0.43140903 0.79748255 -0.17058527
0.65029538 0.41538319 0.06209871 0.50233239 0.40746439 -0.0973637 0.63924569 0.46422634 -0.07928033 0.44455928 0.45975474 0.04150467 0.70194846 0.43311933 -0.45769593 0.41995975 0.44782394 0.16815685 0.57252121 0.54895765 0.06158818 0.48655531 0.5525943 -0.06151812 0.60350502 0.65300488 -0.02273773 0.45077458 0.67549229 -0.16949879 0.64897901 0.77720147 0.04607926 0.4314402 0.79755402 -0.15463747
0.65065813 0.41015428 0.01653749 0.50235045 0.40452787 -0.14158425 0.63993561 0.46068913 -0.10431371 0.44032714 0.45558897 0.0620685 0.70922691 0.42741558 -0.4813225 0.41751367 0.44393808 0.2811062 0.57785517 0.55085754 0.06107087 0.48941305 0.55324578 -0.06098383 0.6062519 0.66180301 0.0548229 0.45010674 0.676871 -0.15434302 0.64899045 0.77726042 0.16219521 0.43165174 0.79790497 -0.1406091 
0.65149695 0.4105863 0.04438024 0.50201803 0.40246317 -0.14379825 0.64214259 0.45905596 -0.098751 0.43706766 0.4538345 0.00431108 0.70880932 0.42627054 -0.49201864 0.42245081 0.43572199 0.00929299 0.58084446 0.54779404 0.06460719 0.49151465 0.54945999 -0.06448376 0.6080721 0.66193646 0.04582381 0.45129788 0.67056447 -0.20633753 0.6490128 0.77734429 0.13813956 0.4342179 0.79785115 -0.17429477
0.65163583 0.41083661 0.05413023 0.50199187 0.40134695 -0.12280893 0.64337909 0.45652965 -0.10481543 0.43453574 0.45328742 -0.0194861 0.70887041 0.42462963 -0.50682813 0.42681363 0.43453836 0.04809119 0.58244926 0.54743439 0.06456446 0.49364376 0.54821795 -0.06443099 0.60868788 0.6621784 0.02910369 0.4524191 0.66963965 -0.1768415 0.649158 0.77782232 0.11182974 0.4381673 0.79667026 -0.15432493
0.65214127 0.4095709 0.08414856 0.5016976 0.40187028 -0.12053156 0.64170849 0.46158189 -0.08715522 0.43479469 0.45388955 -0.02326657 0.70728254 0.42680183 -0.51624745 0.43115401 0.43379602 0.0565697 0.58447438 0.54605544 0.07364309 0.4953948 0.54628932 -0.07342675 0.60997999 0.66210389 0.04530198 0.45271781 0.6641596 -0.21442035 0.64921838 0.77811927 0.14145899 0.44067335 0.79663789 -0.21126717
0.65213257 0.41190329 0.16135453 0.50160307 0.40149778 -0.1200306 0.63854545 0.4637312 -0.01251775 0.43961897 0.45325798 -0.13727172 0.70828342 0.42673376 -0.45558175 0.49793768 0.42614776 -0.14099327 0.58494842 0.54732358 0.0975779 0.49570328 0.54682422 -0.09738233 0.61082238 0.66349179 0.09492665 0.45342872 0.66456431 -0.22507246 0.6493327 0.77864999 0.19437756 0.44082025 0.79643577 -0.22429207
0.65388662 0.41152003 0.09758656 0.5015747 0.40241557 -0.1291821 0.64467609 0.46094909 -0.10221722 0.43850335 0.45384714 -0.14135046 0.71227556 0.4275336 -0.61667007 0.405947 0.42311874 -0.21059564 0.58563828 0.54870582 0.09205177 0.49563485 0.54805869 -0.09189125 0.6113112 0.66591072 0.10549039 0.45402905 0.66513437 -0.21722345 0.64979029 0.77927762 0.22174275 0.44190428 0.7960062 -0.2139253 
0.65475518 0.41255924 0.0881616 0.50151747 0.40330639 -0.13604328 0.64585698 0.46173653 -0.11436688 0.43715256 0.45619214 -0.13690908 0.71441352 0.42826033 -0.60794038 0.39025822 0.42436332 -0.19670275 0.58618706 0.54982227 0.09086074 0.49540737 0.54931653 -0.09074944 0.61169612 0.66733593 0.12396246 0.45452338 0.66552639 -0.22158168 0.64991975 0.77989858 0.25023836 0.44282869 0.79560953 -0.22061792
0.65544868 0.41323283 0.10503758 0.50096464 0.40416867 -0.12940164 0.64650804 0.46287581 -0.10530473 0.43717396 0.45795 -0.10623745 0.71528685 0.42989317 -0.60055804 0.40589356 0.42754266 -0.10503698 0.5870434 0.55045736 0.09081756 0.49556813 0.54984647 -0.09066534 0.61174577 0.66769677 0.11898517 0.45482764 0.66579217 -0.22409254 0.6500563 0.78032184 0.26002145 0.44294947 0.79551095 -0.21742859
0.65661675 0.41383979 0.10455645 0.50093865 0.40467215 -0.11318713 0.64821398 0.46350896 -0.09877086 0.43737721 0.45900834 -0.10681598 0.71871567 0.43092811 -0.57578182 0.41109648 0.43507147 -0.16488603 0.58848119 0.55087858 0.09038099 0.49610189 0.55022919 -0.09015148 0.61184263 0.66879278 0.10943525 0.45480976 0.66601086 -0.19474666 0.65014935 0.7805329 0.24981806 0.4432008 0.79456651 -0.16211805
0.65746814 0.41397995 0.09874355 0.50083315 0.40511513 -0.11204679 0.64839745 0.4637168 -0.09687745 0.43728617 0.45965829 -0.09521958 0.71994126 0.43133321 -0.57187474 0.40894845 0.43972075 -0.12458861 0.58940345 0.55120081 0.08953448 0.4964599 0.55058086 -0.08938338 0.61220014 0.66915506 0.10703139 0.45491844 0.66619056 -0.19251424 0.65031475 0.78057384 0.24765188 0.44326428 0.79435116 -0.16708279
0.65836948 0.4144147 0.0958152 0.50075954 0.405274 -0.11675881 0.6488964 0.46406621 -0.09709791 0.43702692 0.46005744 -0.07221611 0.7212339 0.43182853 -0.58363801 0.40801117 0.44115895 -0.08547013 0.5901736 0.55138165 0.08849662 0.49708354 0.55061316 -0.08833557 0.61280906 0.66930544 0.10838973 0.45499536 0.66621494 -0.20180877 0.6505 0.78067619 0.24936628 0.44384837 0.7942639 -0.17394716
0.65908092 0.41469723 0.09194329 0.50070828 0.40533844 -0.12076785 0.64899141 0.46514642 -0.09722742 0.43701473 0.46030143 -0.07275209 0.72197878 0.43213978 -0.57850581 0.41004351 0.44182906 -0.11037915 0.59111869 0.55140322 0.0874437 0.49786094 0.55078292 -0.0872793 0.61353588 0.66951793 0.12156413 0.45535141 0.66629767 -0.20564178 0.65057892 0.78078437 0.27352986 0.44429356 0.79406828 -0.18258908
0.65939337 0.41491857 0.0917071 0.50074345 0.40552181 -0.12426463 0.64905828 0.46575043 -0.09603232 0.4372375 0.46044219 -0.07603562 0.72234428 0.43242547 -0.57946801 0.41101542 0.44284275 -0.10561593 0.59235001 0.55148417 0.08703564 0.4990873 0.55091226 -0.08687253 0.61461437 0.66967422 0.12240933 0.45590687 0.66644281 -0.20604861 0.65069413 0.78105825 0.27159217 0.44488639 0.79377019 -0.19118772
