0.59611827 0.25597855 0.06938622 0.52614844 0.2804735 0.42830476 0.6684041 0.31524196 -0.20423895 0.53616375 0.33561105 0.63048261 0.59699589 0.2553094 -0.47103927 0.51895368 0.33558503 0.66048324 0.69506687 0.41761839 -0.16433592 0.64704806 0.42348745 0.16475792 0.68843007 0.57228386 -0.29493725 0.66742343 0.5520969 0.16994277 0.65848345 0.72355366 -0.48066768 0.68168432 0.66808528 0.20156002
0.56758404 0.25624695 0.01636663 0.51472092 0.28115225 0.43389109 0.66164523 0.31422532 -0.36010826 0.56142062 0.3450906 0.68537688 0.59995431 0.24281697 -0.76761645 0.52673614 0.36991352 0.77989334 0.68273222 0.42103475 -0.16487734 0.64154238 0.42775658 0.16528486 0.68013901 0.57172185 -0.28519249 0.65937251 0.5534994 0.14957371 0.64986241 0.71661299 -0.41291156 0.66120017 0.67266083 0.17871621
0.57772696 0.25618976 0.08074161 0.50939876 0.28115082 0.47084257 0.65959877 0.31349918 -0.31609726 0.54550695 0.3362003 0.82297587 0.58496696 0.23683849 -0.68834215 0.54506588 0.34953961 1.09199202 0.68778098 0.41597617 -0.15340033 0.64405823 0.42597324 0.15353391 0.67916185 0.57128662 -0.26516107 0.65579236 0.54888433 0.0281925 0.64659262 0.71680677 -0.42407474 0.65913272 0.66742271 -0.02252637
0.58369148 0.25625321 0.13084611 0.5132516 0.28242406 0.46547759 0.65740395 0.31333652 -0.1946429 0.55135709 0.3420696 0.69872057 0.57986754 0.24380304 -0.49004856 0.54975486 0.36246258 0.80273581 0.69016117 0.41294378 -0.14689668 0.6435951 0.42439106 0.14703289 0.67887896 0.57060546 -0.26234016 0.65911287 0.55219513 0.04377783 0.64851433 0.71887982 -0.43487826 0.66349137 0.66872334 -0.00715713
0.58125275 0.25455943 0.06312665 0.51407278 0.28292835 0.45635435 0.65955174 0.3140187 -0.25505689 0.55475819 0.34295979 0.69203699 0.57785904 0.24565101 -0.5979594 0.54707265 0.36917019 0.7772572 0.68984127 0.41060129 -0.14788575 0.64375681 0.42208588 0.14812787 0.6787765 0.56777424 -0.26567617 0.65950388 0.54997152 0.13392784 0.6493969 0.71366364 -0.43663731 0.65976566 0.66319656 0.15709588
0.58111346 0.25518221 0.083905 0.51630974 0.28634363 0.45840755 0.66265571 0.31382227 -0.27733591 0.56132776 0.35149831 0.71243757 0.58316261 0.24473222 -0.60960621 0.54924458 0.37176862 0.83648443 0.69066232 0.40864521 -0.14773144 0.64346129 0.42166075 0.14787686 0.67903864 0.56638014 -0.2556226 0.65997881 0.5510695 0.0369852 0.6493026 0.7131542 -0.42607996 0.65911388 0.66481119 -0.02612886
0.57781422 0.25725666 0.05742229 0.52160394 0.29055861 0.45384958 0.66468787 0.31333718 -0.29467332 0.56456053 0.35778856 0.74200213 0.5898819 0.24260409 -0.63657129 0.53412223 0.37256411 0.9422673 0.68888706 0.40907031 -0.1423609 0.64545476 0.42261261 0.14241786 0.67815387 0.56458658 -0.25142589 0.6608811 0.55230576 -0.01670982 0.64982504 0.71354759 -0.42870983 0.66188145 0.67201638 -0.1404679 
0.58093715 0.25931558 0.04808979 0.52444786 0.29260254 0.47759286 0.66618317 0.31306583 -0.36309266 0.56811476 0.36053512 0.76024908 0.58846623 0.24109736 -0.6968146 0.54055274 0.37296629 0.92186898 0.69071919 0.40970644 -0.14768305 0.64602572 0.42337883 0.14774916 0.67870492 0.56235343 -0.25509346 0.66133827 0.55197936 0.01961981 0.64970696 0.71195376 -0.42517409 0.66222423 0.66669554 -0.06970663
0.58320189 0.26473373 0.04546769 0.52632248 0.30038956 0.46820557 0.66799897 0.31020504 -0.3631359 0.56949055 0.36063132 0.78554487 0.59158272 0.24118789 -0.68090075 0.53746092 0.36369917 1.01170027 0.69209743 0.41132763 -0.14833249 0.64635646 0.42416218 0.14842401 0.67959464 0.5637607 -0.27022728 0.66212708 0.55445826 -0.0456484 0.64716685 0.71356523 -0.44771048 0.65884525 0.66922289 -0.16456088
0.58211184 0.26574028 -0.00182905 0.52734601 0.30142847 0.46539003 0.66890472 0.30651584 -0.39694911 0.56640488 0.36006352 0.77253777 0.58966172 0.23886752 -0.70020109 0.52574813 0.35998723 0.98309135 0.69254392 0.41225421 -0.14923932 0.64724475 0.4248701 0.14934281 0.680206 0.56456923 -0.26147622 0.66266167 0.5548836 -0.00193961 0.6477015 0.71463686 -0.42184085 0.66023999 0.67188001 -0.09313269
0.5832544 0.26876 -0.0019798 0.52822655 0.30578128 0.47753012 0.66659439 0.29910481 -0.45551699 0.57464182 0.36745751 0.81449747 0.59088004 0.23539075 -0.83801544 0.56288397 0.37559426 1.07292342 0.69578063 0.41247714 -0.15325783 0.64789557 0.42548549 0.15336122 0.68039465 0.56459248 -0.27008599 0.66302121 0.55517459 0.04102879 0.6445086 0.71608835 -0.43917125 0.66095895 0.67176586 -0.01546083
0.58338326 0.26776305 0.01213885 0.52884507 0.30504528 0.53150034 0.66772801 0.29774982 -0.44750181 0.58360809 0.37115631 0.84504616 0.59263253 0.23637731 -0.8511098 0.57386833 0.38967773 1.042768 0.69782805 0.41298646 -0.16680264 0.64844352 0.42587274 0.16703908 0.68078059 0.56468898 -0.31077647 0.6632545 0.55537379 0.08823133 0.64258236 0.71725541 -0.49990782 0.66606146 0.66863066 0.06430543
0.58408415 0.26751524 0.02112737 0.5301007 0.30814204 0.52175087 0.6683988 0.29680097 -0.43229827 0.5877825 0.37262279 0.82241845 0.59097427 0.23758774 -0.81538439 0.5526619 0.38620737 1.02023876 0.70093918 0.41314495 -0.16608053 0.6494053 0.42721578 0.1662945 0.68101221 0.5639801 -0.31438178 0.66382736 0.55546534 0.07970762 0.64181685 0.71787471 -0.51110119 0.66743231 0.66875309 0.03627687
0.58770847 0.26950377 0.08265449 0.53042787 0.31033954 0.56369507 0.67175359 0.29754451 -0.39556244 0.58850461 0.37586319 0.85601771 0.59093159 0.23809801 -0.77995062 0.57729924 0.39770898 1.05075502 0.70526791 0.41338921 -0.16601238 0.64949024 0.42739293 0.16622157 0.6812492 0.56293398 -0.32457644 0.6638695 0.55550176 0.07761993 0.64169753 0.71743846 -0.53452778 0.66801196 0.66622764 0.02856351
0.59120929 0.27251419 0.08436077 0.53232121 0.31504041 0.56073219 0.67231828 0.29780304 -0.37874725 0.59663248 0.38061228 0.86355996 0.58800107 0.23881234 -0.7698161 0.5895173 0.40410078 1.08631349 0.71267593 0.41359743 -0.15662774 0.65356332 0.42992219 0.15661903 0.68306297 0.56183332 -0.36899295 0.66693193 0.55725062 -0.10846505 0.64222378 0.71760929 -0.59586996 0.66769588 0.68029743 -0.26374185
0.60250217 0.27257267 0.12394027 0.5338155 0.31963077 0.54599226 0.66248441 0.29265431 -0.31399539 0.59516531 0.37954998 0.90476716 0.57989997 0.23839727 -0.69332522 0.53610915 0.39412016 1.20405686 0.71593559 0.41370663 -0.14561358 0.65810984 0.43209025 0.14540008 0.68511963 0.56203645 -0.36025095 0.66984117 0.55844444 -0.12893097 0.64281863 0.71785843 -0.60121417 0.66097659 0.69224834 -0.29959413
0.60165805 0.27743199 0.09696842 0.53931808 0.32192639 0.53625643 0.66311586 0.29222733 -0.33369544 0.59575474 0.37885472 0.89327914 0.57614332 0.23836528 -0.67592645 0.54978865 0.39576414 1.1897558 0.71904886 0.41381094 -0.14575982 0.66443396 0.43349931 0.14561488 0.68674511 0.5609926 -0.35822394 0.67503685 0.55867702 -0.11902998 0.64267975 0.71798474 -0.5700143 0.66133296 0.69278747 -0.26125509
0.61434084 0.27946863 0.10520234 0.54020613 0.32274908 0.53117776 0.66365325 0.29302362 -0.31015277 0.59516853 0.37871328 0.87983567 0.57128835 0.23810013 -0.62816924 0.55071425 0.39441082 1.17033088 0.72251678 0.41453996 -0.14313176 0.66756403 0.43485907 0.14302605 0.68911552 0.56126571 -0.35980171 0.67892742 0.55974787 -0.13350828 0.64297974 0.71623284 -0.57263279 0.66149509 0.69248426 -0.28342891
0.61309737 0.2782 0.09750144 0.54254216 0.32247505 0.57375276 0.66416937 0.29347411 -0.34819326 0.59811485 0.3795006 0.87981927 0.56965619 0.2383485 -0.7409668 0.54716533 0.38807699 1.12174332 0.72270513 0.4145768 -0.15839344 0.67281985 0.43472785 0.15828693 0.690373 0.56587893 -0.34222317 0.68251365 0.56099957 -0.03482635 0.64276975 0.71919709 -0.51063293 0.66052133 0.69137752 -0.12978512
0.60493433 0.28064296 0.091682 0.5433048 0.32500601 0.56518561 0.66451514 0.29380369 -0.36537212 0.60473043 0.38071173 0.89117098 0.57085061 0.23846668 -0.75548232 0.54794717 0.38451582 1.14522934 0.72514111 0.41463363 -0.15950882 0.67580301 0.43462178 0.15945175 0.69184643 0.56567287 -0.33513156 0.68525451 0.56106335 -0.03507554 0.64292985 0.71892136 -0.49753147 0.66609097 0.69078279 -0.13071658
0.59653157 0.27946669 0.09102463 0.54580581 0.3235088 0.5923292 0.66408974 0.29396114 -0.37434414 0.61209792 0.38010037 0.89581656 0.56922728 0.23852992 -0.75685394 0.53625065 0.38018921 1.13622475 0.72417372 0.41459119 -0.16724245 0.68507224 0.43390265 0.16712879 0.69232738 0.5656448 -0.32399139 0.68840522 0.56067914 0.06917241 0.64341819 0.71821225 -0.49869984 0.67266649 0.68581074 -0.0036364 
0.58191496 0.28010365 0.07421328 0.54998386 0.32448667 0.57462966 0.66424042 0.29422778 -0.39082819 0.61666244 0.38096419 0.88491118 0.56906074 0.23998432 -0.76150846 0.59417397 0.38725695 1.14277899 0.72364491 0.41461533 -0.1692816 0.69205612 0.43384191 0.16919048 0.69233161 0.56598282 -0.313434 0.68868476 0.56076533 0.07318441 0.64348775 0.71898013 -0.46806362 0.67016602 0.68518996 0.01433589
0.58254552 0.27991745 0.04111854 0.5493927 0.32369334 0.57354444 0.664406 0.29577875 -0.41116059 0.58733159 0.37728596 0.92470014 0.56742537 0.24071696 -0.76725876 0.51038265 0.36968324 1.26328421 0.72382671 0.41459543 -0.16935098 0.68934327 0.43275157 0.16917205 0.69230145 0.56596488 -0.31369892 0.68810749 0.56078875 0.04127637 0.6436789 0.71769989 -0.47851864 0.66665101 0.68582004 -0.01349088
0.57765508 0.28037915 0.02872061 0.54906702 0.32360661 0.54078096 0.6668579 0.30121583 -0.40675348 0.58223003 0.37513563 0.91551375 0.56690115 0.24175854 -0.76250803 0.49699029 0.35917008 1.25861776 0.72423697 0.41447228 -0.16860767 0.68834728 0.43157214 0.16843525 0.69223666 0.56562132 -0.31332812 0.68780929 0.55664384 0.04780708 0.64374858 0.7176975 -0.4814508 0.66923046 0.6803683 -0.0238668 
0.57621849 0.2816186 0.01994533 0.54871279 0.32349092 0.52752018 0.66901886 0.30366454 -0.40426466 0.57854497 0.37391028 0.9070214 0.56711954 0.24288255 -0.73267239 0.49474064 0.35585958 1.22976494 0.72432709 0.41446429 -0.16815934 0.68807214 0.43061528 0.1679796 0.69181424 0.56512016 -0.29946762 0.68735033 0.55538058 0.04556638 0.64427769 0.7176761 -0.45642769 0.66920692 0.68058389 -0.0400849 
0.57666993 0.28229687 -0.02263379 0.54460168 0.32334626 0.48626584 0.67318434 0.30550715 -0.4517557 0.57492548 0.37388107 0.87436825 0.56764132 0.24399215 -0.79641044 0.48790187 0.35818419 1.21577704 0.72630101 0.41446847 -0.16873907 0.68784398 0.43004596 0.16849944 0.69100028 0.56510329 -0.29632849 0.68706548 0.55362839 0.15766098 0.6449526 0.71742171 -0.46648106 0.66970521 0.67366427 0.12487407
0.57354867 0.28195569 -0.05530335 0.54578805 0.32331437 0.47233483 0.67316234 0.30568087 -0.48171052 0.58344418 0.37387839 0.82733279 0.56643498 0.24506816 -0.79779029 0.51379406 0.35742882 1.1669426 0.72728282 0.41432229 -0.17498289 0.694179 0.42971537 0.17483659 0.68776405 0.56473088 -0.28483987 0.68544942 0.55221546 0.1771263 0.64498043 0.71676338 -0.42969683 0.66966194 0.67149633 0.15059519
0.56454664 0.27625892 -0.03716443 0.54567355 0.321134 0.49003747 0.66807556 0.30529994 -0.46415076 0.58190793 0.37244242 0.84024441 0.56170034 0.24661469 -0.79064357 0.50108469 0.35785019 1.1601069 0.72925931 0.41322294 -0.18431802 0.69819885 0.42811948 0.18411553 0.68432152 0.56161427 -0.30513734 0.68392128 0.55073732 0.19096456 0.64494014 0.71675724 -0.47705367 0.66996926 0.67281312 0.15121529
0.56517971 0.27667949 -0.02979664 0.54368663 0.32169628 0.47318441 0.67143673 0.30825141 -0.43859723 0.58219689 0.37205318 0.80725682 0.5623374 0.24937859 -0.69934309 0.5037725 0.35512131 1.08794165 0.73340368 0.41323322 -0.18208162 0.6990155 0.428175 0.18193586 0.67977637 0.55979502 -0.30135843 0.67791426 0.549972 0.18286717 0.64432454 0.71688038 -0.46479067 0.66934407 0.67061347 0.13918166
0.56680602 0.2798562 -0.02458432 0.54274911 0.32818735 0.44888073 0.6720227 0.3091327 -0.37798598 0.58899498 0.3747358 0.77995634 0.56302154 0.25030521 -0.62813771 0.53017449 0.35597759 1.065431 0.73814189 0.4132506 -0.17409848 0.70303535 0.42972979 0.17409132 0.67080414 0.55675447 -0.29829133 0.66823858 0.54780978 0.10158765 0.6439665 0.71644515 -0.46681938 0.66661143 0.66666502 0.00110796
0.56467724 0.27949795 0.01056869 0.5403555 0.33045289 0.45328912 0.67187858 0.31030762 -0.3570458 0.58377409 0.37910625 0.73868889 0.56159961 0.25123435 -0.64324653 0.51044941 0.35725656 0.95058382 0.73741502 0.4124057 -0.17401126 0.7029627 0.43084219 0.17397894 0.66014701 0.55441743 -0.31543031 0.65963614 0.54515278 0.15830919 0.64063376 0.71732199 -0.51645529 0.6659646 0.66386384 0.08296968
0.56332123 0.27957824 0.02927048 0.54127866 0.33320904 0.44946924 0.67186028 0.31109458 -0.34015882 0.58381289 0.38160795 0.74039966 0.56186903 0.25364774 -0.63470078 0.50180519 0.35798016 0.97211009 0.73836684 0.4116593 -0.17396107 0.70839244 0.43119684 0.1739395 0.65616721 0.55224764 -0.31937325 0.65623116 0.54284561 0.18699802 0.63936323 0.71731991 -0.52627832 0.66447723 0.66018856 0.12763835
0.56057036 0.27958575 0.00787408 0.53831893 0.33465609 0.45430964 0.67157048 0.31139344 -0.36752841 0.58774531 0.38422471 0.76580918 0.56203932 0.25580537 -0.67277819 0.53386152 0.35698363 1.02795935 0.73880774 0.41106907 -0.17800635 0.70876688 0.43299288 0.17804858 0.64779097 0.55108511 -0.31863308 0.65263593 0.54383159 0.19151728 0.63740051 0.71756744 -0.50648248 0.68178308 0.65448403 0.15799251
0.55931628 0.28080213 0.0090951 0.53746587 0.33622858 0.45781913 0.67034966 0.31323776 -0.36507568 0.58948404 0.38517669 0.77583855 0.56083763 0.25762054 -0.66178077 0.54481119 0.35704002 1.04587662 0.73858798 0.41175735 -0.18069763 0.70838249 0.43495649 0.18071458 0.63485682 0.55170327 -0.31515652 0.64455491 0.54442191 0.1731237 0.63648468 0.7189213 -0.47320163 0.67448676 0.65759772 0.14623073
0.55971783 0.28382933 -0.00294505 0.53595763 0.33855665 0.45067963 0.66969079 0.31533957 -0.40614548 0.58196718 0.3868131 0.77959788 0.55706221 0.26009107 -0.73856193 0.50461364 0.35629416 1.05341256 0.73935932 0.41465765 -0.18460071 0.70752525 0.43832484 0.18453079 0.62311852 0.5536505 -0.34139919 0.63383591 0.54463589 0.20139375 0.63551271 0.71910244 -0.51916653 0.6658994 0.65902483 0.19714668
0.56030065 0.29086939 -0.00131563 0.53273982 0.34354648 0.43717122 0.66640651 0.31848291 -0.39868227 0.57861298 0.39257666 0.75218761 0.55654371 0.26425248 -0.72881925 0.51612234 0.36468381 1.00157332 0.73928636 0.41632575 -0.18732357 0.70735985 0.44174153 0.18724528 0.61130106 0.55394667 -0.35418099 0.62122321 0.54484648 0.1875955 0.6351226 0.71925598 -0.53018737 0.66336012 0.65926397 0.18719266
5.56449354e-01 2.96089768e-01 -2.62492016e-04 5.31538129e-01 3.46959978e-01 4.36353832e-01 6.66363239e-01 3.25019300e-01 -3.90051633e-01 5.79020500e-01 3.92585784e-01 7.63447762e-01 5.57025790e-01 2.68902183e-01 -7.12457478e-01 5.18511176e-01 3.63608032e-01 1.02237427e+00 7.39051044e-01 4.17345077e-01 -1.90389350e-01 7.09627390e-01 4.44732249e-01 1.90270722e-01 6.01352036e-01 5.53113341e-01 -3.56514812e-01 6.15358293e-01 5.46569109e-01 1.93995431e-01 6.32527888e-01 7.18905210e-01 -5.24052620e-01 6.62930131e-01 6.59915686e-01 1.92290604e-01
0.54844862 0.30101642 -0.00598191 0.53183973 0.34607089 0.44201344 0.66300809 0.33181536 -0.38733453 0.5823648 0.39507258 0.76407993 0.55677456 0.27667159 -0.69910401 0.52679151 0.36381492 1.02608597 0.73868829 0.42112127 -0.19639783 0.7151376 0.44736224 0.19620778 0.58950901 0.55331248 -0.36376774 0.60814065 0.54673797 0.25672856 0.63148016 0.71882939 -0.54754084 0.65957463 0.6603542 0.26974657
0.5503127 0.31352454 -0.0192168 0.53121382 0.35358483 0.45597318 0.65463424 0.34230307 -0.3996315 0.58249515 0.40008348 0.76564771 0.55001682 0.28683916 -0.70903754 0.53779125 0.36573929 1.03330338 0.73948097 0.43070582 -0.20916411 0.71903425 0.45522559 0.20894581 0.57739246 0.55365509 -0.36658576 0.59485263 0.55084044 0.22279684 0.6313991 0.7182824 -0.54256219 0.65980232 0.6636169 0.21241233
0.54976785 0.32390004 -0.01659657 0.53142226 0.36274612 0.48796579 0.65325671 0.35072717 -0.33551058 0.58030027 0.39775869 0.76852602 0.54634583 0.29681867 -0.54581195 0.52956027 0.3527936 1.00870943 0.742082 0.43774039 -0.2178697 0.72185457 0.46045336 0.2176338 0.56769681 0.55506462 -0.3787154 0.58853579 0.55101466 0.21714196 0.63070738 0.71875155 -0.54042667 0.65565979 0.66389114 0.19959299
5.45751274e-01 3.30448419e-01 -5.60613291e-04 5.29441833e-01 3.68916243e-01 5.16522765e-01 6.18918419e-01 3.43069404e-01 -2.70000726e-01 5.61984301e-01 3.93269807e-01 7.92255282e-01 5.40750563e-01 3.00095588e-01 -3.74110252e-01 4.96530265e-01 3.34600955e-01 1.01834595e+00 7.45178282e-01 4.45856154e-01 -2.23079696e-01 7.24814057e-01 4.66150552e-01 2.22808152e-01 5.54244816e-01 5.56287348e-01 -3.87052804e-01 5.75719357e-01 5.51460326e-01 2.38445938e-01 6.30939007e-01 7.19479442e-01 -5.79237342e-01 6.51437461e-01 6.63633943e-01 2.07422048e-01
0.54226768 0.34176594 -0.09094172 0.52949846 0.37023574 0.50284481 0.62824595 0.36736536 -0.43838206 0.56548363 0.39811093 0.77018398 0.53852963 0.31582797 -0.63635242 0.49130142 0.34142834 0.99361235 0.74911618 0.45450059 -0.23570044 0.72656935 0.46774954 0.23548076 0.54540157 0.55917227 -0.39793694 0.5659073 0.55163956 0.24201815 0.63256222 0.71953189 -0.5631848 0.65158278 0.66471201 0.253764 
0.54338455 0.34722173 -0.11246262 0.52828205 0.37130675 0.45613724 0.63441652 0.37548828 -0.45852613 0.56317616 0.40017432 0.72844613 0.53731465 0.32210195 -0.64559698 0.48362285 0.34374169 0.96694654 0.75518817 0.46132025 -0.23359172 0.72512305 0.46938783 0.23342231 0.54057503 0.56463104 -0.38982728 0.56048518 0.5523653 0.2555888 0.6316722 0.7190271 -0.54910845 0.64892614 0.66471291 0.28453308
0.54440123 0.35108092 -0.15588324 0.52545315 0.37268129 0.43496555 0.65534437 0.38846752 -0.51796514 0.56518543 0.40361103 0.70483738 0.53798187 0.33248091 -0.74629128 0.4903782 0.35397115 0.92550349 0.75650626 0.46582431 -0.24142468 0.72428483 0.47405374 0.2413837 0.53565711 0.56817085 -0.39575735 0.56000566 0.55673116 0.26762834 0.62905461 0.7193023 -0.52312934 0.6480453 0.66688669 0.33300406
0.54297704 0.35951823 -0.13485095 0.52333379 0.38136962 0.44296837 0.6607886 0.39578879 -0.49481773 0.56671816 0.40374315 0.70738441 0.54129964 0.34149978 -0.73582792 0.4915233 0.35287201 0.92646849 0.75694478 0.47101501 -0.23903996 0.72519302 0.48210064 0.23900582 0.53154773 0.56803763 -0.39021856 0.55147153 0.5613845 0.25245112 0.62504739 0.71910501 -0.50989693 0.64662743 0.67086011 0.29575306
0.5423032 0.36709529 -0.13300553 0.52174479 0.38953286 0.44549683 0.67093742 0.40817228 -0.50029153 0.59759545 0.43845633 0.68080693 0.54590374 0.35087061 -0.77164263 0.53315705 0.40650716 0.84480709 0.75620317 0.47525159 -0.23553793 0.72495151 0.48588935 0.23548838 0.52840644 0.56822187 -0.3879053 0.54317021 0.56310624 0.23459902 0.62548065 0.72028929 -0.49280339 0.6461376 0.6714384 0.27410808
0.53788269 0.37571773 -0.16950652 0.52164441 0.3893452 0.42290312 0.63600004 0.3942906 -0.50114083 0.56332135 0.41398445 0.64273155 0.53222638 0.35822138 -0.73799115 0.49011993 0.35009423 0.80875987 0.75588113 0.48178422 -0.24220572 0.72873366 0.49082941 0.24221146 0.51935136 0.57201213 -0.38903764 0.54947257 0.56301576 0.29670653 0.62517196 0.72027218 -0.48128322 0.64836901 0.671085 0.42476332
0.53687716 0.3839334 -0.18187712 0.52172363 0.39617351 0.42698807 0.64467448 0.41981265 -0.53826284 0.5619958 0.41238576 0.66831809 0.5323028 0.36804762 -0.78789359 0.48989794 0.35181159 0.86355096 0.75529528 0.48836643 -0.24334906 0.73121047 0.49673367 0.24338365 0.51737863 0.57181704 -0.38752306 0.54609048 0.56442893 0.275673 0.62488759 0.72077525 -0.45970318 0.65008026 0.67045635 0.35463002
0.53385872 0.3917312 -0.17300257 0.52183408 0.40219602 0.42939335 0.62506026 0.41086778 -0.51651239 0.55263335 0.4131943 0.67127228 0.52569598 0.37662938 -0.75468522 0.48516625 0.35274774 0.85903132 0.75422609 0.49416274 -0.24108039 0.73576915 0.5035159 0.24107935 0.50827694 0.57401651 -0.37496185 0.54307854 0.56623387 0.27796221 0.62278801 0.71985161 -0.43229622 0.65056294 0.67026716 0.38648838
0.53460008 0.3995828 -0.20318073 0.52177894 0.41529977 0.36651847 0.63183945 0.43570632 -0.57289708 0.570849 0.45313743 0.60786599 0.52046692 0.38254306 -0.83469516 0.50636733 0.41271046 0.79469264 0.75371855 0.50116527 -0.2331457 0.7366035 0.51096553 0.23321784 0.50912458 0.5740118 -0.3356171 0.53041655 0.57202411 0.23298047 0.62638491 0.71908212 -0.34779674 0.65014207 0.67185998 0.32802477
0.54082596 0.40839681 -0.17657408 0.52185583 0.43426895 0.34780762 0.66321445 0.45162937 -0.5335384 0.60906833 0.49180138 0.51049721 0.52253884 0.39414737 -0.80873054 0.58325034 0.49885213 0.5359531 0.75505525 0.50960249 -0.21844473 0.73594272 0.52052671 0.21835524 0.50480831 0.57548261 -0.3019076 0.52834433 0.5720399 0.28208014 0.62632692 0.72087705 -0.31996766 0.65007836 0.67177528 0.38564983
0.54067338 0.41584283 -0.16355038 0.52202821 0.44135934 0.31604844 0.68421149 0.46217233 -0.51801598 0.63311547 0.51992983 0.42479312 0.54694468 0.40922055 -0.77929062 0.64439613 0.58794975 0.39501235 0.75629306 0.51589549 -0.20362124 0.73571616 0.5268873 0.20321392 0.5033766 0.57701814 -0.25508425 0.52069068 0.57416654 0.27868122 0.62568092 0.72297853 -0.26598707 0.65013546 0.67035735 0.36527535
0.54089576 0.42161161 -0.15775596 0.52165532 0.44832113 0.31960431 0.68595928 0.468721 -0.5075193 0.63942355 0.52333677 0.41070601 0.54576951 0.41871086 -0.75161844 0.65082014 0.59170109 0.35467345 0.75670213 0.52475595 -0.19944781 0.73517728 0.53364027 0.19898523 0.50144118 0.57809603 -0.26112267 0.50992215 0.57646 0.27098247 0.62212813 0.72491372 -0.27760449 0.64790785 0.66961497 0.34952879
0.54110068 0.42765924 -0.19985266 0.51857531 0.44435352 0.283889 0.68975323 0.47520515 -0.52613014 0.64601433 0.51834714 0.40117884 0.54759002 0.41783369 -0.75024581 0.66825384 0.56702203 0.37635785 0.75784397 0.5331558 -0.20272699 0.73045897 0.5367679 0.20233279 0.49966618 0.57967848 -0.27855864 0.50252599 0.57714289 0.27170053 0.62110186 0.72611403 -0.28689703 0.64750439 0.66650689 0.34164348
0.54128671 0.43607882 -0.25017336 0.51457697 0.4440344 0.25829238 0.69243306 0.48435989 -0.54970604 0.63511759 0.51122355 0.35630307 0.54678172 0.41930833 -0.72912169 0.64283621 0.53640765 0.28655151 0.75868118 0.54305428 -0.20352179 0.72597504 0.54081309 0.20319626 0.4976427 0.58335006 -0.27996588 0.5101887 0.5719521 0.42326558 0.62129825 0.72578216 -0.30189246 0.64580208 0.65627277 0.55396485
0.54330629 0.44117719 -0.21186358 0.51500928 0.45472446 0.28343782 0.6875723 0.48386112 -0.53434646 0.62902254 0.52487391 0.43508917 0.54484951 0.42023045 -0.77408499 0.6373437 0.55196244 0.44674423 0.76101214 0.5491482 -0.19952303 0.72602654 0.54875296 0.19913577 0.4914535 0.58557814 -0.27094433 0.50485241 0.57172555 0.39171183 0.62320298 0.73047334 -0.29256186 0.64066708 0.65496117 0.49393982
0.56186056 0.42822888 -0.08937557 0.51010567 0.4652462 0.32610232 0.67732805 0.48229033 -0.40844139 0.62438661 0.53728354 0.49749568 0.53050286 0.41528901 -0.68219042 0.62239301 0.57227403 0.5085516 0.76473957 0.55066592 -0.19104171 0.72608358 0.55932838 0.19043964 0.49359447 0.58749586 -0.26480693 0.50578946 0.57269371 0.34789401 0.62283605 0.7323848 -0.31534606 0.63737923 0.65663797 0.36383054
0.57604098 0.42513639 -0.06879591 0.50942951 0.47028345 0.33698592 0.68178719 0.49304479 -0.37007153 0.61468887 0.54301137 0.50054818 0.5320189 0.42539206 -0.61788487 0.61646652 0.56373054 0.49306521 0.76745069 0.5564658 -0.18674 0.72500342 0.5692727 0.18624434 0.49403676 0.58653808 -0.29881719 0.49668369 0.57838941 0.24708976 0.62175262 0.73164767 -0.41937831 0.63292944 0.66837335 0.12232795
0.59755701 0.43649843 0.05335626 0.5140956 0.47531313 0.37822992 0.67795718 0.49664313 -0.20151725 0.57708335 0.52727503 0.3032673 0.53225845 0.43153843 -0.35697094 0.50185776 0.4783102 0.07945817 0.76895213 0.56077677 -0.16376193 0.72507721 0.57244694 0.16318296 0.49464163 0.58742803 -0.33211491 0.49918461 0.57865596 0.21142453 0.62080902 0.73092848 -0.5466674 0.63414204 0.66831535 0.06012066
0.61275971 0.44746917 0.01860466 0.52053362 0.4766556 0.33436367 0.67413729 0.50398749 -0.18515666 0.54809725 0.52236551 0.21262935 0.53272641 0.44171855 -0.2795406 0.48098403 0.46128842 -0.02224954 0.76870811 0.56960607 -0.15406138 0.72491926 0.57669491 0.15352084 0.49064937 0.59215605 -0.29854274 0.49797481 0.57932419 0.2279723 0.6202687 0.73135 -0.45984688 0.63333994 0.66811818 0.16511726
0.59867525 0.44750899 -0.1566347 0.51438081 0.46889037 0.20979148 0.67625952 0.5126453 -0.20818351 0.5650695 0.52984369 0.20078261 0.53498483 0.45300439 -0.4683893 0.52028334 0.47287706 0.04063484 0.76913726 0.57376498 -0.15585811 0.72469598 0.58031487 0.15552761 0.49027365 0.59171069 -0.23910604 0.5004915 0.57891846 0.2831077 0.61956948 0.73098284 -0.30015895 0.64051569 0.66376054 0.30062228
0.60661864 0.44624379 -0.11077107 0.5084151 0.47124991 0.25224343 0.68510729 0.51654637 -0.27154994 0.55462772 0.5295825 0.14348778 0.54085004 0.45214328 -0.37000573 0.49942029 0.47683096 -0.13953632 0.77096719 0.57349056 -0.15175141 0.71701193 0.57488698 0.15137854 0.49143276 0.59232306 -0.24456926 0.49763951 0.57847714 0.24554887 0.61641389 0.73079497 -0.33752665 0.63916051 0.66112942 0.17297801
0.61072499 0.45365417 -0.01025051 0.52624738 0.48196882 0.27610424 0.6830191 0.51774371 -0.15706082 0.59912974 0.55921948 0.24134451 0.5413031 0.45636496 -0.21173751 0.59392869 0.56082022 0.03663282 0.77060854 0.5792917 -0.14216477 0.73205769 0.59100795 0.14154738 0.49042934 0.59529424 -0.22281244 0.50008732 0.57875627 0.29205468 0.61520332 0.73179787 -0.35108683 0.64081454 0.65963012 0.27652353
0.61844885 0.46242094 0.15990241 0.59856606 0.51859093 0.44269389 0.62249154 0.48792353 -0.05292092 0.64229637 0.5766179 0.46955189 0.52505815 0.45037475 -0.20870957 0.64055783 0.60547298 0.37673691 0.76988691 0.58222651 -0.1384728 0.73606145 0.58887762 0.13754779 0.48761749 0.59461915 -0.25064149 0.52188396 0.58052629 0.29363877 0.60676104 0.73460215 -0.56400394 0.64174342 0.65986073 0.1711562 
0.62845063 0.46694052 0.19563165 0.59712017 0.52635872 0.44541195 0.63172996 0.50750279 -0.02149835 0.63866729 0.5881446 0.40470934 0.52835238 0.45878288 -0.19861615 0.63593668 0.61991781 0.11255746 0.76916885 0.58660305 -0.13619424 0.75291926 0.60441649 0.13525829 0.4883619 0.59388691 -0.3480081 0.52035952 0.58269805 0.27288198 0.60545909 0.73387927 -0.72900426 0.63999176 0.66069323 0.01922892
0.63150048 0.46904153 0.08515356 0.57543409 0.52083689 0.33513272 0.66198492 0.52825612 -0.08812816 0.62838632 0.58488458 0.2625097 0.54626721 0.46670109 -0.19541183 0.63365114 0.60605699 0.02562109 0.76762307 0.59152991 -0.13159354 0.74983138 0.60755527 0.13075794 0.48870331 0.59564906 -0.32570636 0.50757504 0.58499819 0.24639776 0.60604346 0.73743719 -0.55261862 0.64384604 0.65735459 0.12130544
0.63302088 0.47656628 0.05830199 0.57311642 0.52157414 0.31650901 0.66543484 0.52975333 -0.11659452 0.62373 0.58859754 0.27462783 0.54759473 0.4679983 -0.23354365 0.62742442 0.61950821 0.07125098 0.76645201 0.59578854 -0.13280465 0.74636257 0.60886014 0.13196121 0.48803693 0.59706759 -0.31080946 0.49864727 0.586914 0.25228745 0.60617512 0.74150455 -0.52008355 0.64694089 0.6578176 0.15039055
0.63434422 0.49588048 0.13585772 0.5852229 0.53626895 0.33012536 0.66629571 0.53009993 -0.03969056 0.62094092 0.59848154 0.26414695 0.55223227 0.47120047 -0.17577454 0.62362319 0.62672722 0.03085996 0.76614094 0.60078645 -0.12278513 0.7463004 0.61880821 0.12190778 0.49298751 0.59679854 -0.33908254 0.49733445 0.58976156 0.24507336 0.6037674 0.74155062 -0.6624431 0.64681232 0.65812904 0.08282965
0.65148371 0.48751801 0.17135364 0.58538252 0.54093212 0.37790713 0.6790126 0.53724784 -0.03151016 0.61987418 0.60049731 0.26529086 0.55756998 0.47565958 -0.18568236 0.61901462 0.61871785 0.00529096 0.76591682 0.60387671 -0.12676981 0.74494213 0.62287611 0.12594493 0.49613309 0.59579426 -0.39671677 0.49839267 0.5887301 0.19958822 0.60419506 0.74096942 -0.7886489 0.64302832 0.66233736 -0.08647945
0.65298229 0.48521951 0.14598058 0.58144391 0.53224206 0.36441118 0.68505716 0.54084384 -0.02306966 0.61532253 0.60116351 0.24415973 0.5610801 0.47916496 -0.13934188 0.6162796 0.60988086 -0.00232314 0.76506394 0.60450017 -0.11857854 0.73469484 0.62556899 0.1178419 0.50458568 0.59117848 -0.36153054 0.49220151 0.58970702 0.14815247 0.59993798 0.73382801 -0.68248802 0.64215219 0.66228294 -0.12410682
0.65305257 0.4868122 0.1638097 0.57326835 0.54120415 0.36514828 0.68815947 0.54395211 -0.02020673 0.60064161 0.60291356 0.2470663 0.56332892 0.4820464 -0.14030337 0.6081537 0.61356992 -0.01046465 0.76388997 0.60595185 -0.11999878 0.72627956 0.62787402 0.11932586 0.50404197 0.59118247 -0.35868162 0.4885979 0.59025627 0.13283192 0.59543025 0.73253286 -0.69525599 0.64230072 0.66384774 -0.1659245 
0.64722353 0.48323467 0.14808989 0.54719824 0.53243911 0.39453071 0.69613153 0.54890186 -0.00890441 0.60035425 0.60344797 0.29451755 0.56643564 0.48552138 -0.10246062 0.60232615 0.61445773 0.02811559 0.75990194 0.60415614 -0.12401332 0.70913011 0.62388545 0.12338869 0.50293839 0.59170109 -0.3995108 0.4751935 0.59096521 0.09032986 0.59550518 0.73265612 -0.753299 0.64099962 0.66398019 -0.26273939
0.65422672 0.48817986 0.13324705 0.54440242 0.52933156 0.34439942 0.6958617 0.55201489 -0.02684783 0.58422077 0.60533208 0.25768003 0.56529331 0.48593667 -0.1173682 0.59279913 0.62656587 0.01672064 0.76011634 0.60712308 -0.12069754 0.70857161 0.62680793 0.12004402 0.50938141 0.5917474 -0.38478279 0.47822163 0.59152246 0.09679244 0.58937645 0.73379236 -0.71424323 0.64094907 0.66662729 -0.20001157
0.65578139 0.48960331 0.15331967 0.54647797 0.54360318 0.34604758 0.69335896 0.54965812 -0.04186559 0.58160174 0.60720897 0.25713247 0.56420135 0.48596939 -0.15026928 0.59245819 0.62546647 0.02028057 0.76021564 0.60699147 -0.11654341 0.70139802 0.62473577 0.11597116 0.51325184 0.58783978 -0.42462632 0.47606784 0.59387469 -0.03975371 0.59126854 0.73103422 -0.77598745 0.63841927 0.67297012 -0.39910764
0.65780151 0.49069449 0.16278672 0.54772401 0.54714507 0.3483659 0.69700944 0.55185968 -0.04636512 0.58540159 0.6107325 0.25417739 0.56584918 0.48673192 -0.16695474 0.58962566 0.62317723 0.00896326 0.75943828 0.60630548 -0.11538745 0.70128101 0.62671256 0.11481567 0.51496583 0.58531535 -0.40205482 0.47502685 0.59370023 -0.02629385 0.59181619 0.72959155 -0.72822064 0.63695371 0.67864692 -0.37979889
0.66331786 0.49434742 0.14881086 0.55912924 0.54867649 0.34891894 0.69547224 0.55114579 -0.09546917 0.58716226 0.60749918 0.21998492 0.56597167 0.48680305 -0.27231207 0.58191019 0.61491895 -0.06326327 0.76872325 0.61058259 -0.11742157 0.71339047 0.63565546 0.11681974 0.51753265 0.5846864 -0.42774752 0.47739506 0.5958432 -0.08442983 0.59962624 0.72425753 -0.74824518 0.63949984 0.69490623 -0.43162355
0.66170996 0.49937063 0.14451624 0.58071542 0.54600251 0.37077406 0.69195217 0.54993904 -0.08884455 0.60766745 0.6084671 0.26448396 0.56525534 0.48565951 -0.26020795 0.58400744 0.62495381 -0.0334804 0.76836461 0.61425269 -0.1194111 0.72255367 0.63344884 0.11861517 0.51716673 0.58763015 -0.40824583 0.4801195 0.59527963 0.15002978 0.59825373 0.72894055 -0.7331267 0.64562923 0.68023175 -0.09451767
0.66154873 0.49991825 0.12386698 0.59470505 0.54489869 0.38636032 0.68086314 0.54811603 -0.08886922 0.62752819 0.60821968 0.30800748 0.5651269 0.48500651 -0.24568284 0.58696228 0.63211375 0.04377734 0.7679922 0.61409491 -0.13034959 0.7344656 0.63301933 0.12945415 0.51658261 0.59071583 -0.42085609 0.48562616 0.59506673 0.21101734 0.60757172 0.72955543 -0.77840501 0.6456489 0.6712783 -0.01916569
0.65997517 0.49877548 0.19524239 0.59797615 0.54534632 0.46699667 0.67716795 0.5466463 -0.03722909 0.63584816 0.60816413 0.35335398 0.56081992 0.48483425 -0.21874388 0.59713101 0.63153529 0.07778415 0.76546615 0.61423945 -0.13199326 0.73430955 0.63340199 0.13101672 0.50401491 0.59210986 -0.40944254 0.48808572 0.59507155 0.1871718 0.60945588 0.72890681 -0.77217537 0.64408857 0.67160249 -0.09965894
0.6615023 0.4975231 0.17413335 0.59731382 0.5439176 0.42815435 0.67819375 0.54710215 -0.03868605 0.63845241 0.60871124 0.32551187 0.5612089 0.48432359 -0.20992076 0.60725665 0.62960571 0.06315312 0.76403391 0.6129691 -0.13179113 0.73470312 0.6321668 0.13086291 0.50191295 0.59278351 -0.38063642 0.48809695 0.59504122 0.2175981 0.61284029 0.72904503 -0.74422365 0.64426118 0.66768664 -0.0187394 
0.66077441 0.49523866 0.12087245 0.58942848 0.53985614 0.39140621 0.68571901 0.54870033 -0.05333462 0.63241696 0.60789996 0.32206222 0.56157088 0.48415962 -0.20809305 0.6057604 0.62801975 0.06058397 0.75877327 0.61215878 -0.1321658 0.72511351 0.63170463 0.13121656 0.48950371 0.59565258 -0.36782673 0.47848019 0.59483433 0.1811485 0.61442852 0.72910595 -0.66124511 0.64506388 0.66676366 -0.04624757
0.66002387 0.49472341 0.13956702 0.58700848 0.5390588 0.41522506 0.68848699 0.54879868 -0.04691542 0.63302553 0.60744351 0.33149645 0.56263143 0.48391107 -0.19741505 0.60702252 0.62641811 0.07049563 0.75700414 0.61171591 -0.13239595 0.72357488 0.63109648 0.13139753 0.48656765 0.5970673 -0.32935932 0.47751322 0.59467024 0.18254651 0.61488944 0.72944248 -0.61160165 0.64571762 0.66691315 -0.03435415
0.65993136 0.49443367 0.08777074 0.58548546 0.53514612 0.39233482 0.69010872 0.54912591 -0.0888181 0.6303038 0.60659736 0.3038336 0.56273973 0.48376432 -0.19931944 0.60617262 0.60841238 0.0202617 0.75455654 0.61184567 -0.13966642 0.72141165 0.63030607 0.1387143 0.48081309 0.59777766 -0.31049141 0.47767621 0.59455943 0.20752947 0.61516172 0.72970754 -0.52509004 0.64593232 0.66679406 0.08761955
0.66063958 0.49423933 0.16248347 0.58671904 0.53265154 0.45753136 0.68586254 0.54724014 -0.04983544 0.63569391 0.60569614 0.35470703 0.5625872 0.48355657 -0.20017868 0.61224091 0.61062074 0.06536376 0.754825 0.61205834 -0.13883524 0.72430056 0.63003647 0.13787471 0.4837122 0.59776592 -0.31519115 0.47938848 0.59498757 0.22376978 0.60943502 0.73810273 -0.68586588 0.64677101 0.66681325 -0.00339656
0.66885793 0.49977249 0.2204898 0.61366689 0.5372746 0.53230935 0.66684252 0.5389176 -0.05037819 0.63706392 0.5959655 0.37097788 0.55630857 0.47871464 -0.20519516 0.6097908 0.58615172 0.06663852 0.75504726 0.61314362 -0.14375822 0.73406303 0.63044566 0.14279374 0.48826396 0.59773868 -0.41672912 0.4935804 0.59482175 0.224364 0.61240047 0.73608834 -0.88069421 0.64705127 0.66663474 -0.08428471
0.67135793 0.50479728 0.1967084 0.61637044 0.5390631 0.49469745 0.65281528 0.53306955 -0.04164121 0.62202656 0.5890885 0.36056247 0.5545094 0.4774664 -0.1564597 0.5838424 0.55842894 0.02895631 0.75525624 0.6154443 -0.1426217 0.73631513 0.63118243 0.14166513 0.48843446 0.59760398 -0.37881655 0.50018257 0.59403509 0.23611593 0.61395824 0.73517901 -0.77684474 0.64547348 0.66664618 -0.03936986
0.67278528 0.50563878 0.20407361 0.60875261 0.53805202 0.47933322 0.65250278 0.53134 0.02307647 0.59015936 0.57141459 0.42182687 0.55219322 0.47416833 -0.02814447 0.53834045 0.52019173 0.29172543 0.75540501 0.61466306 -0.13978904 0.73524475 0.63334119 0.13883932 0.48863056 0.59733379 -0.37005529 0.49869677 0.59481561 0.15390754 0.60657305 0.73568881 -0.75641477 0.64239138 0.67192084 -0.20933539
0.67204362 0.5038566 0.21521017 0.59900963 0.53820139 0.47682858 0.6688835 0.53874677 -0.00149474 0.59815848 0.57474059 0.32867974 0.55367988 0.47434995 -0.11246965 0.55948794 0.55155224 0.04766186 0.75551361 0.61333066 -0.13176045 0.7300548 0.63351142 0.13079503 0.49210426 0.59505558 -0.36194584 0.48629686 0.59656221 0.12077902 0.60383332 0.73552758 -0.75077367 0.64084673 0.67392993 -0.24701038
0.6725722 0.5028463 0.20729452 0.59582299 0.53828037 0.46872306 0.67675537 0.54281384 0.00388116 0.60173225 0.5830887 0.2960113 0.55768758 0.47579342 -0.11115874 0.56009805 0.56019217 -0.00465289 0.75560838 0.61323315 -0.12881738 0.72874433 0.63322216 0.12783228 0.48988721 0.59511632 -0.35434958 0.48642391 0.59640032 0.14177938 0.61095941 0.73470783 -0.74404633 0.64187896 0.67366832 -0.17359255
0.67272615 0.50234503 0.18970673 0.59725702 0.53982866 0.45826945 0.67957079 0.5449965 -0.06495608 0.62438035 0.59662747 0.30557725 0.5576998 0.4761385 -0.25203541 0.59024417 0.58552635 0.02314311 0.75536931 0.61319274 -0.12893088 0.72653133 0.63313782 0.12796988 0.48803288 0.59554082 -0.32370919 0.48304659 0.59679353 0.19722176 0.61447841 0.73398799 -0.67492169 0.64237803 0.67336899 -0.09126615
0.67273158 0.50239557 0.13814341 0.59752589 0.5386647 0.42067462 0.68134969 0.54657036 -0.08444166 0.62422866 0.5962888 0.28127471 0.5576905 0.47625154 -0.22215745 0.58992392 0.57489073 -0.0103774 0.75537688 0.61305469 -0.13182305 0.72618884 0.63275975 0.13091896 0.48803321 0.59574258 -0.32570079 0.48193985 0.59704578 0.19406708 0.61051959 0.73576885 -0.64624429 0.64075768 0.67398489 -0.06959879
0.66919273 0.50211889 0.13275856 0.59211415 0.53569537 0.40096045 0.6832273 0.54787308 -0.07828958 0.61104113 0.58615035 0.24874316 0.55848557 0.47697705 -0.20588461 0.56775838 0.53763473 -0.02622708 0.7547949 0.61473596 -0.13187698 0.72385198 0.63258439 0.1309603 0.48762366 0.59575003 -0.33083192 0.47799191 0.5968321 0.1572251 0.60397315 0.73996174 -0.65346313 0.63873887 0.67411542 -0.07685807
0.66904432 0.50342643 0.14597195 0.59210241 0.53574389 0.40929714 0.68416196 0.5483588 -0.05871962 0.60825282 0.58244228 0.2729423 0.55913693 0.47795299 -0.16233552 0.56095648 0.53031653 -0.01063896 0.75363338 0.61541164 -0.13194099 0.723423 0.63249975 0.13102034 0.48460361 0.59617418 -0.32385141 0.47733161 0.59686667 0.14802662 0.60078275 0.74044454 -0.65608847 0.63805592 0.67409045 -0.13131736
0.66899204 0.50368679 0.15835884 0.59210807 0.53579354 0.41623977 0.68381709 0.54866433 -0.03419557 0.60239923 0.57979643 0.2603704 0.5599758 0.47915477 -0.12746029 0.55382627 0.52314508 -0.00142823 0.75352538 0.61515689 -0.13149013 0.72345191 0.63237643 0.13058238 0.48488221 0.59584868 -0.32611445 0.47709623 0.59691364 0.14029878 0.59930235 0.73995483 -0.65965754 0.63792229 0.67405856 -0.14021333
0.66898352 0.50386631 0.16396096 0.59362662 0.53643233 0.42475381 0.68398178 0.54860324 -0.03570024 0.61342204 0.58844143 0.27217725 0.56044751 0.47985473 -0.13990891 0.56813884 0.52570891 -0.00503907 0.75350934 0.61536372 -0.1313791 0.72346598 0.6323117 0.13046886 0.48505735 0.59556085 -0.32304201 0.4770031 0.59701711 0.14937542 0.59936708 0.73966205 -0.66232836 0.63785315 0.67415655 -0.13896531
0.6703679 0.50583285 0.16464758 0.59759849 0.53664458 0.42619625 0.68408579 0.54851586 -0.0373593 0.61143124 0.58646226 0.27128902 0.56157321 0.48044524 -0.14755206 0.56459939 0.53433299 -0.0044058 0.753582 0.61712295 -0.13163133 0.72549438 0.6328674 0.13070405 0.48528567 0.59526694 -0.32574645 0.47722721 0.59722614 0.15876359 0.5994451 0.73961037 -0.66212094 0.63793939 0.6771822 -0.10312181
0.66905773 0.50747073 0.22300467 0.59745502 0.54016298 0.4818283 0.68429339 0.54897052 -0.03738292 0.61381292 0.59529811 0.31255472 0.56195021 0.48115122 -0.20117144 0.56876945 0.55427223 0.02709969 0.75184822 0.61714065 -0.13161741 0.72494125 0.63300872 0.13067438 0.48535541 0.59460425 -0.32502034 0.47734916 0.59989375 0.12626408 0.59888583 0.73938745 -0.71110636 0.64962494 0.6877678 -0.25751266
0.66656959 0.507263 0.20536245 0.59630501 0.5426349 0.46795622 0.68440741 0.54934078 -0.04981703 0.62165993 0.60463536 0.31800166 0.56187743 0.48135585 -0.23205601 0.58856773 0.58445936 0.0282783 0.74958092 0.61735064 -0.13162984 0.72296512 0.63311315 0.13069279 0.48066938 0.59546775 -0.31317165 0.47738552 0.60143894 0.12942445 0.59901166 0.73977947 -0.64850646 0.64772409 0.68473893 -0.2217579 
0.6656884 0.50787234 0.20606717 0.60196894 0.54426372 0.48734832 0.68409663 0.54922587 -0.05038852 0.6314835 0.60649616 0.34800959 0.56018239 0.48115024 -0.22351676 0.59612542 0.58930421 0.05802006 0.74897087 0.61747968 -0.13342892 0.72495371 0.63336331 0.13243972 0.4784455 0.5959909 -0.30551094 0.4786512 0.60230619 0.17718127 0.59905583 0.7396853 -0.63353616 0.64765042 0.68317074 -0.10090617
0.66456002 0.50758225 0.19656578 0.6028167 0.54379982 0.47546923 0.67839861 0.54623312 -0.05290319 0.63486522 0.60565031 0.33553055 0.5600462 0.48125294 -0.21372493 0.60280055 0.58857441 0.05021385 0.74884105 0.61764508 -0.13437873 0.7255767 0.63334113 0.13337764 0.47671074 0.59658444 -0.30687049 0.4800663 0.60238898 0.21022297 0.59912777 0.73981953 -0.62580478 0.64717239 0.68236071 -0.02258141
0.66392237 0.50727141 0.15693277 0.58813709 0.54201233 0.41442814 0.68449074 0.55112427 -0.06254406 0.61877394 0.60420138 0.25178763 0.56043845 0.48239043 -0.20832212 0.58996397 0.56928331 -0.04709629 0.74896747 0.61797965 -0.13287561 0.72063267 0.63296628 0.13193876 0.4769733 0.59688222 -0.29404539 0.47965813 0.60196948 0.16444007 0.59858769 0.74026626 -0.57240409 0.64699131 0.68175685 -0.06858597
0.66049236 0.50714523 0.1227956 0.58441716 0.53741837 0.39222765 0.6877529 0.55291426 -0.08119801 0.61410451 0.60207176 0.24333191 0.5609749 0.48317045 -0.2054089 0.5811606 0.55865067 -0.04514308 0.74890232 0.61885756 -0.1328962 0.7196449 0.63219351 0.13196868 0.47610083 0.5975126 -0.28417185 0.47830561 0.60170853 0.16390251 0.59847885 0.74125797 -0.53530228 0.64481843 0.67954838 -0.02684656
0.65917093 0.50606567 0.12297557 0.57719076 0.53710705 0.38900197 0.69004929 0.55378181 -0.09445075 0.60705614 0.60152811 0.23041598 0.56120539 0.48350143 -0.23236419 0.57880342 0.5597288 -0.07552683 0.74849635 0.61875194 -0.13292606 0.70566362 0.62858635 0.13199677 0.47626546 0.59758461 -0.28820348 0.47290695 0.60162187 0.13781358 0.59897637 0.74083692 -0.56468511 0.64576674 0.68530518 -0.09673128
0.66107655 0.50474811 0.08161013 0.5791415 0.53378564 0.34317073 0.68904495 0.55352706 -0.10750201 0.59881735 0.58966887 0.19361986 0.56058663 0.48314708 -0.22300611 0.56104022 0.53860956 -0.08929609 0.74858671 0.61622131 -0.13234469 0.70706457 0.62881035 0.13147172 0.47632131 0.59756607 -0.27949381 0.47337419 0.59928614 0.15547532 0.59974015 0.7407977 -0.50476539 0.64196694 0.68068188 0.01928638
0.66185427 0.50376993 0.06476678 0.57808411 0.53099084 0.31160536 0.68876159 0.55372137 -0.10713614 0.58645296 0.58147109 0.15450582 0.56026101 0.48307323 -0.19208127 0.55002517 0.52772552 -0.11340671 0.74928212 0.61300635 -0.13080743 0.70913208 0.62844127 0.13002178 0.477263 0.5975672 -0.27089486 0.47372565 0.59821975 0.1511241 0.60051721 0.74071616 -0.46494353 0.64049256 0.67818487 0.03509007
0.66124326 0.50024796 -0.04632887 0.56409305 0.52253151 0.206083 0.68855667 0.55346984 -0.21324782 0.57844996 0.57762414 0.09475461 0.55897057 0.48137584 -0.28341132 0.54343748 0.52588093 -0.13569784 0.74923241 0.61389536 -0.1308382 0.70222056 0.62088871 0.13005148 0.47889194 0.59878641 -0.24298748 0.47639221 0.59390241 0.18029629 0.60378695 0.74082053 -0.33872259 0.64360499 0.66782987 0.21177411
0.66046596 0.49416599 -0.04389552 0.56483978 0.51532292 0.21339056 0.68839222 0.55108345 -0.20789021 0.58293945 0.56962985 0.09160253 0.55737698 0.47908798 -0.27176744 0.5426079 0.51837385 -0.14813226 0.74964124 0.60680741 -0.13158135 0.70456642 0.61621612 0.13095389 0.48180088 0.59917623 -0.24242534 0.47943306 0.58979422 0.19214337 0.61346173 0.73440617 -0.33701527 0.64311981 0.66478097 0.21866879
0.6604262 0.48829666 -0.04127289 0.57084239 0.50348061 0.23288976 0.67429221 0.53950489 -0.22900909 0.58482671 0.54279304 0.11195875 0.54310364 0.46745765 -0.33080268 0.51862186 0.48403788 -0.13184282 0.75153404 0.59775263 -0.13863824 0.71139485 0.60859662 0.13802856 0.48747316 0.59781909 -0.2843321 0.49392825 0.58205593 0.19200213 0.61987215 0.73116016 -0.43551728 0.64342618 0.66344041 0.18682203
0.64989007 0.4895511 -0.08655882 0.57160544 0.49679226 0.20392707 0.67342216 0.5352596 -0.26151633 0.57778561 0.53466707 0.10820262 0.53561282 0.46249169 -0.34057367 0.50895053 0.47491395 -0.11232962 0.75170302 0.60063118 -0.1499352 0.71169734 0.60225862 0.14943464 0.49211204 0.59679878 -0.32063267 0.49597806 0.57992917 0.22883764 0.61965454 0.73021662 -0.45615363 0.64051223 0.66075242 0.27639416
0.64295304 0.47939318 -0.11253039 0.55559963 0.49280366 0.15187278 0.67532623 0.53524762 -0.30627304 0.57651901 0.53563809 0.04754402 0.53946936 0.46436802 -0.40966746 0.5147503 0.47810367 -0.16615866 0.7484169 0.60111564 -0.14805892 0.70393902 0.60028583 0.14756469 0.4930858 0.59611934 -0.27612424 0.49742007 0.58125907 0.22215401 0.61320627 0.73106849 -0.3317447 0.64033759 0.66286546 0.30287421
0.63665807 0.47401586 -0.16184288 0.53568703 0.48354673 0.15397049 0.67606419 0.52892625 -0.36552793 0.55692452 0.52790761 0.10509658 0.54151648 0.46029443 -0.46280754 0.50794119 0.47193718 -0.00100528 0.74866039 0.58942181 -0.15626512 0.69625843 0.58823049 0.15605576 0.49905244 0.59473687 -0.27764601 0.49562091 0.58177435 0.2265359 0.61684722 0.72942561 -0.34607705 0.64030957 0.66414332 0.28165197
0.60981041 0.45355508 -0.25276145 0.51078606 0.47525617 0.09263366 0.67502153 0.52125359 -0.4554792 0.54614997 0.52090484 0.21223357 0.53390145 0.45192319 -0.55594575 0.49388942 0.46442491 0.29500288 0.74110645 0.58574426 -0.16638462 0.68432415 0.58405524 0.16643232 0.49985984 0.59169167 -0.27665544 0.49453092 0.57896 0.26142913 0.61602825 0.72953707 -0.30131525 0.64060068 0.66136473 0.35012954
0.61792827 0.46004584 -0.29130343 0.50860769 0.4630217 0.08671801 0.67507774 0.5159471 -0.4852027 0.53477657 0.5095942 0.2887339 0.52794808 0.44383946 -0.57495278 0.45822096 0.45220906 0.42324626 0.75323737 0.56640828 -0.18040647 0.6897037 0.57386535 0.18046764 0.49843529 0.59067887 -0.27736396 0.49556544 0.57588887 0.26325706 0.6141907 0.72835845 -0.27012339 0.6404773 0.66248059 0.38093579
0.62414169 0.46203983 -0.1672505 0.51526457 0.4615806 0.14632189 0.67267144 0.50864446 -0.36327758 0.53975701 0.50086731 0.32901737 0.5209828 0.43517378 -0.4690381 0.45557556 0.44734898 0.38557234 0.76850557 0.55897582 -0.17442594 0.71573699 0.56922811 0.17429321 0.50591457 0.58680254 -0.28777525 0.51379186 0.56771415 0.26234347 0.61552525 0.72747338 -0.34098712 0.6405986 0.66312051 0.305145 
0.61088198 0.44197354 -0.19305691 0.51753771 0.46043691 0.16833374 0.67282641 0.5033859 -0.4186424 0.53939313 0.49953508 0.35610947 0.51816207 0.42874113 -0.55294907 0.45577851 0.44371143 0.45114461 0.77192318 0.55086988 -0.17478782 0.71609885 0.5646432 0.1747662 0.51030678 0.58426875 -0.28775105 0.50922173 0.57060432 0.26262835 0.61584741 0.72628087 -0.3386749 0.6406334 0.66274256 0.28856441
0.58862638 0.43481061 -0.19705684 0.51720071 0.45788324 0.17894149 0.66972047 0.49594435 -0.43095931 0.54327291 0.49692959 0.31707701 0.51183242 0.41925725 -0.55194122 0.46368626 0.43732491 0.34660915 0.77235848 0.54503185 -0.17785922 0.71838409 0.55838507 0.1778549 0.50913262 0.58325803 -0.28068727 0.50877845 0.5695703 0.29367742 0.61644918 0.72503841 -0.31054169 0.63973486 0.66306168 0.36013162
0.54666865 0.43723577 -0.26450554 0.51108927 0.44407719 0.1639272 0.6698333 0.49293035 -0.47756058 0.56355929 0.48647729 0.16604631 0.51579386 0.42162839 -0.52264941 0.47011209 0.43016186 0.02710711 0.7701593 0.54210401 -0.17850207 0.71812302 0.54010868 0.1784279 0.50994325 0.58316934 -0.24732637 0.5077616 0.5664652 0.3291983 0.62891835 0.71984547 -0.25378397 0.63766223 0.6622926 0.37411082
0.53901792 0.42743337 -0.2514655 0.50016004 0.43032697 0.14650863 0.66698402 0.48733571 -0.5010798 0.55341882 0.46980539 0.16396584 0.51123816 0.41264114 -0.60495752 0.46402875 0.41782096 0.06715015 0.76886356 0.53627533 -0.17579648 0.71786779 0.52957696 0.17566609 0.51283044 0.5828833 -0.2484715 0.5069443 0.56317359 0.3090626 0.63084286 0.71501452 -0.27351287 0.62867826 0.6609534 0.32450613
0.56482267 0.41112408 -0.17749327 0.50589103 0.43453458 0.21851261 0.66379929 0.48080543 -0.43789345 0.54168427 0.47798535 0.1249885 0.50974387 0.41090482 -0.54512221 0.45890903 0.41867667 -0.11289405 0.77354372 0.5304482 -0.17509665 0.71735251 0.52607387 0.17492965 0.51606768 0.5805195 -0.25006998 0.50860816 0.55996704 0.26524335 0.63424939 0.71520501 -0.35735247 0.62847358 0.66114408 0.21516573
0.54159594 0.41625372 -0.22065958 0.50114512 0.42529395 0.2128063 0.66407263 0.47343224 -0.54909533 0.53858376 0.47011188 0.2360085 0.51199567 0.4082123 -0.73178154 0.46102333 0.4249813 0.15660965 0.77293056 0.52326792 -0.17925335 0.71696389 0.51961935 0.17924768 0.52042085 0.57965535 -0.25833082 0.50927114 0.55822337 0.29585177 0.63212174 0.71570903 -0.35864377 0.63070089 0.66113389 0.28762874
0.54152828 0.4179343 -0.24490628 0.49229702 0.42634779 0.21214175 0.66441971 0.47066125 -0.61484158 0.53057188 0.46594289 0.25176039 0.51341474 0.40091377 -0.86518919 0.45611694 0.41640127 0.19539833 0.7717942 0.52034217 -0.18305568 0.71545887 0.51859897 0.18312548 0.527233 0.57765162 -0.27689385 0.50801849 0.55931878 0.24008597 0.63450116 0.71329874 -0.35568601 0.63111454 0.66421676 0.20983018
0.53211403 0.41568476 -0.23432061 0.4891375 0.42193076 0.23797727 0.65382886 0.46545371 -0.58334124 0.53126121 0.46692529 0.26559189 0.50844824 0.39891878 -0.7926442 0.45942086 0.42042983 0.16924222 0.77159256 0.51874918 -0.19061768 0.71539581 0.51752019 0.19069044 0.52429295 0.57740939 -0.3090637 0.50739962 0.56059605 0.28551039 0.63425606 0.71504587 -0.40394345 0.63054544 0.66225696 0.28414154
0.53024542 0.4155331 -0.23430717 0.49300203 0.42188609 0.27472806 0.65200913 0.46142361 -0.60353392 0.53235602 0.46400076 0.37761649 0.50794381 0.39839318 -0.87206316 0.46185261 0.41954014 0.35830277 0.77018762 0.51644832 -0.20118558 0.71525288 0.5137589 0.20125222 0.52350992 0.5767858 -0.33034697 0.50775331 0.5616008 0.27185848 0.63523322 0.71337509 -0.40948066 0.63024265 0.66372842 0.26574704
0.54084277 0.41325638 -0.26039127 0.49579802 0.42250478 0.25732172 0.66076988 0.4629676 -0.6217531 0.53453475 0.45889342 0.39057913 0.51199847 0.39636609 -0.88280231 0.46292475 0.42271745 0.44611007 0.76988995 0.5126313 -0.19615905 0.71491838 0.51163989 0.19617775 0.52917409 0.57309693 -0.3241393 0.50664246 0.56400383 0.19504611 0.63528383 0.70581466 -0.40061143 0.62739652 0.66952294 0.13580495
0.54462302 0.40530673 -0.24289483 0.4930903 0.42036358 0.24322377 0.65644944 0.45077685 -0.58537352 0.5251022 0.45610708 0.35463831 0.51224899 0.38737863 -0.82234257 0.45800653 0.40745398 0.35223734 0.76967067 0.50629562 -0.19376704 0.71409059 0.50794059 0.19375208 0.53199059 0.57072985 -0.35882276 0.50520158 0.56446826 0.11136735 0.634597 0.70375174 -0.47559074 0.60907567 0.67407966 0.0010046 
0.54040021 0.40204564 -0.25176501 0.49277452 0.41542831 0.26412624 0.65676278 0.44585949 -0.61942458 0.52815831 0.45250553 0.50018322 0.51678085 0.38386557 -0.90867275 0.4587315 0.40654171 0.64255321 0.76810628 0.50291252 -0.19672298 0.7133249 0.50247294 0.19686955 0.53252512 0.57085007 -0.3486014 0.50725585 0.56488293 0.1574692 0.63459814 0.70040697 -0.44025055 0.61102903 0.67295969 0.09328923
0.53651553 0.39711747 -0.23466559 0.49337164 0.41114125 0.31575769 0.65592104 0.44000274 -0.59508318 0.54378414 0.45581231 0.47906545 0.52120459 0.38277987 -0.87446022 0.51103109 0.48565346 0.48198152 0.76281631 0.49733284 -0.19958973 0.71150827 0.4988862 0.19966608 0.53349566 0.56965196 -0.34365273 0.5112437 0.56476575 0.15405557 0.63304341 0.69920796 -0.42922702 0.6134935 0.67224729 0.08550952
0.53266788 0.39144304 -0.12013444 0.49390551 0.41423523 0.41114661 0.63432854 0.41954851 -0.53795773 0.55044627 0.48943529 0.51799136 0.51819611 0.3609882 -0.84545851 0.5381608 0.5632112 0.47253773 0.75840926 0.4922148 -0.1976724 0.71110374 0.50025856 0.19772774 0.53962272 0.56550533 -0.37836337 0.51188725 0.56532258 0.05540292 0.64243847 0.68983155 -0.4933739 0.61272579 0.68534482 -0.09980229
0.53284836 0.38438302 -0.1107363 0.49295479 0.4095594 0.46340552 0.61704177 0.37326565 -0.53755897 0.55330992 0.48536783 0.61189699 0.516128 0.3510443 -0.87861687 0.54048455 0.54114568 0.627262 0.75533354 0.48869842 -0.20185274 0.70810866 0.497015 0.20173869 0.54137069 0.56332266 -0.42476192 0.51341027 0.56460762 0.06519015 0.64380121 0.6921578 -0.6019491 0.60758758 0.68327016 -0.09727428
0.52622938 0.38050339 -0.11249413 0.49918038 0.40389532 0.45859015 0.61734653 0.37711963 -0.52277052 0.57376665 0.47683299 0.67816138 0.51941842 0.35798496 -0.85034657 0.5561226 0.51760942 0.78870422 0.75047505 0.48207748 -0.20060278 0.7117787 0.49530932 0.2004928 0.54017204 0.56272423 -0.39255026 0.5216099 0.56477296 0.05001174 0.63752741 0.69505113 -0.53356361 0.60891056 0.68469602 -0.11423555
0.52377927 0.37555215 -0.09040631 0.49904609 0.40021542 0.44533178 0.60851508 0.35961255 -0.5224995 0.56859672 0.48860064 0.56907433 0.51837748 0.34904101 -0.88858169 0.54592752 0.57329488 0.58209693 0.74794841 0.47834674 -0.20012802 0.71201915 0.48891386 0.2001088 0.54056787 0.56215358 -0.38131765 0.52793115 0.56279671 0.06789323 0.63968617 0.69323522 -0.51688874 0.61921132 0.68343085 -0.07064503
0.52321351 0.37485197 -0.12405334 0.49902931 0.38624391 0.45363656 0.60104775 0.37706992 -0.55769742 0.55550182 0.42245674 0.74765146 0.52648872 0.35525268 -0.88854146 0.50283206 0.39504358 0.9653281 0.74564648 0.47398654 -0.21315268 0.71280718 0.48227742 0.21348056 0.54108119 0.56036872 -0.40714163 0.53319627 0.56230766 0.00431076 0.64117497 0.69388551 -0.5527972 0.61899799 0.68329048 -0.15410094
0.51923895 0.36446992 -0.1363066 0.49904209 0.37743255 0.4580434 0.58022606 0.366032 -0.53003138 0.52329659 0.3989782 0.766366 0.52369416 0.35059023 -0.83903736 0.47313181 0.35744944 1.009413 0.73888338 0.46772626 -0.2259648 0.71488452 0.47336873 0.2262848 0.54362714 0.56051695 -0.39465037 0.54665238 0.55946857 0.19548956 0.64019489 0.70938867 -0.53841054 0.63180155 0.67167467 0.1787743 
0.52054286 0.35945016 -0.16400611 0.50292403 0.37405068 0.43820545 0.57944089 0.35706663 -0.58564538 0.5229671 0.39953819 0.80356628 0.52013785 0.33842006 -0.92624962 0.47211525 0.35391134 1.14272273 0.73470581 0.46277586 -0.22851522 0.71592748 0.47020096 0.22867706 0.54348832 0.56067944 -0.38830242 0.55291551 0.55768305 0.22112148 0.63549656 0.71842694 -0.52297175 0.63632417 0.66708428 0.19529606
0.518296 0.35119143 -0.18739636 0.50701016 0.3647033 0.47586462 0.58025664 0.35534397 -0.60693812 0.52624565 0.40173465 0.83489066 0.52273941 0.34532151 -0.95942271 0.47717744 0.36719614 1.15870833 0.73103219 0.45636213 -0.24473256 0.72118634 0.46481949 0.24476835 0.54402781 0.56063217 -0.38744676 0.56768179 0.55717272 0.24948211 0.62876546 0.72038627 -0.49384528 0.64679325 0.66641599 0.29209927
0.51983082 0.34482148 -0.19118482 0.50661546 0.36198884 0.45049351 0.58663124 0.3400279 -0.62548029 0.52696627 0.39365143 0.85930401 0.52269673 0.32976034 -0.97397506 0.47375074 0.3625221 1.24008882 0.72930717 0.45113054 -0.23555964 0.71936202 0.45934427 0.23559494 0.54908895 0.55952334 -0.38046032 0.56542045 0.55404878 0.21182798 0.62781292 0.71735126 -0.50445628 0.64431208 0.66684496 0.17460589
0.51965904 0.345328 -0.18802956 0.50633365 0.36242768 0.45468938 0.59018379 0.34498128 -0.60742843 0.54938519 0.39453128 0.86613303 0.52998722 0.32440668 -0.9520458 0.48463705 0.36578438 1.26352143 0.72757232 0.44774979 -0.23115338 0.71905637 0.45988145 0.23118526 0.55126429 0.55707186 -0.3798019 0.56717122 0.55327731 0.19590192 0.61994869 0.71706402 -0.51719975 0.64253843 0.66731745 0.15303515
0.52038687 0.33790368 -0.18535978 0.50475532 0.356491 0.4525235 0.58934611 0.32941192 -0.60702258 0.5423786 0.38408762 0.84881711 0.5298605 0.30482376 -0.97735018 0.48506996 0.34699923 1.21713412 0.72619945 0.44181189 -0.2304984 0.71563554 0.45560417 0.23053485 0.55775243 0.55680931 -0.38143668 0.57179308 0.55302966 0.21794339 0.6204983 0.71691841 -0.52319092 0.64171916 0.666637 0.20701697
0.52295017 0.32285896 -0.18388583 0.50469953 0.3431192 0.43601522 0.53232104 0.30896875 -0.58966136 0.48489249 0.34748375 0.82508647 0.49366388 0.27679107 -0.95013011 0.44668204 0.30258968 1.20513034 0.72470272 0.43320763 -0.22885074 0.7131235 0.447346 0.22888532 0.56714386 0.55675685 -0.38122997 0.58694917 0.55151886 0.25788805 0.62072498 0.71716028 -0.52809554 0.65092188 0.66355979 0.32026488
0.52257216 0.3153277 -0.18245512 0.49685851 0.33341599 0.43408725 0.54520446 0.32286665 -0.6376155 0.52721584 0.36900094 0.82183295 0.4995923 0.30257824 -1.0391438 0.48919401 0.34065819 1.17778778 0.72087824 0.43179172 -0.22791721 0.70111382 0.44225588 0.22792022 0.57174265 0.55703008 -0.39143753 0.58113039 0.55169791 0.24555364 0.62385398 0.71704191 -0.56637639 0.6486904 0.66283715 0.26473966
0.52366394 0.30259386 -0.09815063 0.49701893 0.32716602 0.49976212 0.56847256 0.31113112 -0.52668577 0.55916268 0.38186651 0.81038004 0.52748197 0.30006742 -0.99824929 0.57893312 0.40123338 1.11248052 0.71163398 0.42232856 -0.2241895 0.68852586 0.43675843 0.22409248 0.57507563 0.55670846 -0.39892665 0.58326405 0.55134875 0.22930916 0.6240831 0.72090524 -0.61812359 0.64793712 0.66166991 0.22681807
0.51799357 0.28976539 -0.04544951 0.50962788 0.31589735 0.54718208 0.56926781 0.30183586 -0.42311266 0.58940119 0.3685672 0.82128704 0.52663964 0.30071202 -0.79582465 0.5587759 0.39682934 1.06960452 0.70079291 0.41955969 -0.21645191 0.68998754 0.4289465 0.21638641 0.58357817 0.55509925 -0.39644259 0.59291977 0.54484421 0.24555387 0.62951523 0.72067773 -0.66107452 0.64802635 0.6580534 0.22769037
0.51817465 0.27870664 -0.05785549 0.51894683 0.31772816 0.51191235 0.57266939 0.29100996 -0.47294778 0.57568687 0.36165208 0.82456231 0.52432269 0.29042768 -0.84126228 0.5540818 0.39569148 1.10140967 0.69593823 0.41418213 -0.20032732 0.68330741 0.42518884 0.20036449 0.59584188 0.55539531 -0.39542693 0.60021198 0.5454756 0.25430652 0.63337964 0.71958619 -0.64997667 0.63945842 0.65741271 0.24413885
0.52084112 0.26887983 -0.06014321 0.51822782 0.29881075 0.50209272 0.58521366 0.29843253 -0.39216602 0.56904107 0.35342014 0.81712192 0.51157326 0.30786505 -0.66502857 0.52045161 0.372058 1.06499779 0.69384569 0.41039136 -0.18680684 0.66518247 0.4211261 0.18696463 0.61209977 0.55474085 -0.34961244 0.60765314 0.54642606 0.21938375 0.63639283 0.71917093 -0.61494142 0.63930225 0.65821034 0.16535075
0.52416366 0.2663886 0.01363108 0.50882304 0.29135683 0.56397182 0.59815407 0.30594477 -0.38411444 0.55244797 0.34937322 0.91262186 0.52680659 0.30529705 -0.73701763 0.51108885 0.36768368 1.20353973 0.68256527 0.40870276 -0.18592277 0.64909452 0.41580048 0.18597886 0.62794095 0.55318648 -0.33966276 0.62192613 0.54230219 0.24092905 0.63785845 0.71795481 -0.6543529 0.64170384 0.65445161 0.17195445
0.55209476 0.26491758 0.0766729 0.50889367 0.29200506 0.54231012 0.59725678 0.27476823 -0.31510299 0.53367782 0.35173231 0.76107192 0.53540856 0.26140499 -0.68775457 0.49707377 0.36495557 0.95106971 0.67255497 0.41011807 -0.15870471 0.64251733 0.41558009 0.15854792 0.63746589 0.55263388 -0.32385156 0.62899464 0.53950691 0.20447035 0.63912398 0.71653515 -0.63760757 0.64643753 0.65339172 0.08681864
0.55619842 0.27651045 0.0659954 0.51221341 0.29712591 0.43462124 0.59837365 0.28050199 -0.33844104 0.52138245 0.35135013 0.55327839 0.53556001 0.24452759 -0.71248788 0.47734743 0.35609874 0.64340842 0.66098332 0.41736355 -0.15580809 0.64246476 0.42144862 0.15572962 0.64133841 0.56056952 -0.31203651 0.63503814 0.53471434 0.28081918 0.64132166 0.71632189 -0.62409675 0.6461792 0.64551538 0.28704616
0.56032407 0.27467501 0.04081615 0.50476515 0.29444161 0.44118741 0.60973644 0.28694531 -0.4000845 0.50954688 0.34707755 0.64700961 0.58813149 0.26751339 -0.88377243 0.47391975 0.35938162 0.85526609 0.66164619 0.41816956 -0.16572133 0.63128078 0.42437044 0.16569355 0.6454097 0.56855935 -0.32230428 0.63853419 0.53991961 0.27037063 0.64301258 0.71744746 -0.54424316 0.64919728 0.64983648 0.26188692
0.56793433 0.27327269 0.02447079 0.50400728 0.29274312 0.45286739 0.61081243 0.29352999 -0.44718826 0.50139588 0.34782279 0.80638766 0.58472431 0.26807305 -0.91536397 0.47286096 0.36097556 1.09111726 0.65681195 0.41926184 -0.16597535 0.62411457 0.42594737 0.16603036 0.65090382 0.56923497 -0.32417738 0.64256871 0.54415625 0.25574616 0.64258862 0.72102875 -0.55909669 0.65424693 0.65577835 0.30073279
0.59601897 0.27687767 0.02559676 0.50527716 0.29791647 0.4456324 0.60929292 0.28882945 -0.36581168 0.50067651 0.34874943 0.66620451 0.57402366 0.255842 -0.7073999 0.47115678 0.35606077 0.79732585 0.65477669 0.4265154 -0.16402742 0.62486053 0.4309006 0.16396888 0.6518746 0.57046551 -0.32053483 0.64623618 0.55069321 0.20455275 0.64108264 0.720918 -0.55616403 0.64415812 0.65913177 0.18957971
0.59786332 0.27750692 0.09079474 0.50470334 0.29708949 0.4300594 0.61099684 0.29237545 -0.24785057 0.48907521 0.33125922 0.46959344 0.56950825 0.23766626 -0.52130222 0.47438321 0.30235317 0.42396769 0.65742129 0.42840126 -0.15505892 0.61920327 0.43489394 0.15514812 0.65454042 0.5693146 -0.30340958 0.64555365 0.5553264 0.1686969 0.64379805 0.71913463 -0.45738253 0.65189201 0.66580069 0.20362124
0.59616715 0.27869064 0.04809861 0.50550002 0.29866654 0.43852833 0.6164813 0.3014394 -0.31937301 0.5112825 0.33707753 0.57526195 0.56622064 0.23669448 -0.63323617 0.52700984 0.32933772 0.58496094 0.65778261 0.4316864 -0.16002771 0.61837298 0.43774599 0.16004808 0.65487713 0.56873775 -0.30952048 0.64294702 0.55550712 0.20290349 0.64474648 0.71556473 -0.48719782 0.65361822 0.66481751 0.31317484
0.5885815 0.27691185 0.03888025 0.50540811 0.29783058 0.45193037 0.63090038 0.31647453 -0.40686005 0.539563 0.3575761 0.65921551 0.57761729 0.24191111 -0.8320381 0.57428408 0.39494446 0.73287618 0.65811414 0.43153 -0.17113495 0.61368626 0.43789646 0.1711659 0.65496737 0.56821477 -0.33585995 0.6411913 0.55622965 0.16971157 0.64511973 0.71375835 -0.47597486 0.65591347 0.66877651 0.27551103
0.58571261 0.27376509 -0.07890218 0.50622058 0.29312125 0.4431659 0.63828826 0.32238749 -0.51122636 0.54783165 0.35970381 0.66018093 0.57590979 0.24059646 -0.89841944 0.57389539 0.3980239 0.71709913 0.65872085 0.43080652 -0.18577063 0.61513096 0.43757805 0.18573667 0.65619159 0.56788647 -0.30853042 0.64276987 0.55736071 0.14084788 0.64695901 0.70891315 -0.37338415 0.65869987 0.67225975 0.19743201
0.58027047 0.27416745 -0.17754072 0.50709736 0.29301542 0.3532638 0.63675553 0.32021433 -0.59691751 0.54843396 0.36187804 0.5347771 0.57976651 0.24058376 -0.97017902 0.56150925 0.40142819 0.55276972 0.65767193 0.4318358 -0.19002445 0.61611235 0.43806714 0.18997368 0.65539438 0.56861973 -0.30254087 0.64197373 0.55909556 0.24364251 0.64842701 0.70856112 -0.39258566 0.65933961 0.67113483 0.34910131
0.57942212 0.27478582 -0.22699225 0.50996608 0.29194832 0.32725906 0.63607454 0.31920573 -0.65666628 0.54971349 0.36204061 0.52448255 0.58086646 0.23810111 -1.02800632 0.55820811 0.39579171 0.55986249 0.65667331 0.43523496 -0.19809113 0.61780787 0.4391818 0.19810221 0.6555723 0.56996667 -0.29342496 0.64373636 0.56023335 0.29275444 0.6485759 0.70875818 -0.37270787 0.66092557 0.67026514 0.43592203
0.59468496 0.27467388 -0.01446783 0.51016152 0.29283276 0.38483822 0.63521475 0.3119618 -0.38552204 0.54750639 0.36370012 0.52781516 0.57926172 0.23269828 -0.68848044 0.556288 0.39482477 0.48366243 0.65683663 0.4351117 -0.17664695 0.61916155 0.43927154 0.17667957 0.65777785 0.56984401 -0.25477067 0.64647758 0.56089967 0.10949065 0.65235513 0.70437592 -0.27015898 0.66178429 0.67235154 0.14948298
0.59492528 0.27227405 -0.02429591 0.51427108 0.29188785 0.41792673 0.63753903 0.31244925 -0.39418003 0.56084639 0.3667812 0.56750327 0.57970119 0.23063496 -0.69337392 0.58734214 0.40398088 0.54409516 0.65761602 0.43401256 -0.17859337 0.61996293 0.43842274 0.17857665 0.65753722 0.56980425 -0.27252266 0.64584744 0.560395 0.14666988 0.65269977 0.70446873 -0.32342368 0.66133332 0.67287433 0.19804521
0.59263682 0.27118853 -0.04694218 0.51636159 0.29086986 0.41157719 0.63837725 0.31262481 -0.41677555 0.56911451 0.36613646 0.54436922 0.57941073 0.2284897 -0.71961212 0.59827846 0.40551159 0.49242702 0.65781009 0.4328385 -0.17911948 0.62060869 0.43773258 0.1790413 0.65809143 0.56677395 -0.29869065 0.64542323 0.55872494 0.19918025 0.65235007 0.70501488 -0.39251435 0.66121405 0.6718964 0.29964578
0.59097451 0.27110088 -0.13651368 0.52003777 0.29124957 0.41247743 0.64050007 0.31283712 -0.55176854 0.56756896 0.36566526 0.5616796 0.5789094 0.2290936 -0.89442825 0.58276606 0.4041892 0.56396115 0.65939134 0.4321261 -0.18988198 0.62111646 0.4374246 0.18971239 0.65860152 0.56581569 -0.30060098 0.64496285 0.5583961 0.22301489 0.65208453 0.70543134 -0.39417979 0.66098499 0.6716944 0.30712357
0.59010118 0.27074859 -0.0331448 0.51944846 0.29126441 0.4572112 0.64220995 0.31460899 -0.44097501 0.56417173 0.36554849 0.64452773 0.58421165 0.23103026 -0.8164174 0.58578956 0.40516847 0.65775555 0.66151643 0.42998523 -0.18939053 0.62145156 0.43696025 0.18925326 0.65907735 0.56491214 -0.32525042 0.64460891 0.55796987 0.18397084 0.65187973 0.70563883 -0.44733509 0.66233283 0.67092061 0.28083149
0.58875316 0.27107394 -0.03216926 0.51895034 0.29159087 0.4717693 0.64196372 0.31531456 -0.45919022 0.56208485 0.36549601 0.68151677 0.58556801 0.23204373 -0.88231933 0.5802089 0.40291795 0.71722835 0.66522402 0.42989501 -0.18913879 0.62167943 0.43703145 0.18900536 0.66071397 0.56432259 -0.32238361 0.64448255 0.5580579 0.13678989 0.65172166 0.70584798 -0.42757818 0.66239655 0.67178625 0.20760755
0.58810586 0.27126643 -0.07686156 0.51880956 0.29171318 0.46926564 0.64220482 0.31556621 -0.52919352 0.56051075 0.36528248 0.6675635 0.58663601 0.23249665 -0.9570924 0.57381612 0.4021135 0.71749902 0.66713649 0.42979801 -0.18911615 0.62186939 0.43702939 0.18899573 0.66186315 0.56412506 -0.31631571 0.64453775 0.5582332 0.14554799 0.65180641 0.70576441 -0.39263171 0.66243052 0.67252344 0.21644841
0.59299797 0.27138308 -0.0262294 0.51852769 0.29179445 0.49084347 0.64144629 0.31540486 -0.4813363 0.5586015 0.3647196 0.72091216 0.58583033 0.23070793 -0.89714116 0.57353735 0.40041885 0.79216284 0.66898614 0.42983922 -0.18894245 0.62305886 0.43744311 0.18882672 0.66270608 0.56416517 -0.3109102 0.64519197 0.55880749 0.09607837 0.65192229 0.70586473 -0.37589565 0.66233021 0.67422748 0.13359599
0.59560251 0.27150887 0.00322737 0.51828963 0.2919822 0.51190341 0.63940185 0.31061545 -0.44536969 0.55825734 0.36379448 0.74310935 0.58524829 0.22846107 -0.88937992 0.57019955 0.39886394 0.80878657 0.67147863 0.42989963 -0.18881974 0.62323725 0.43800732 0.18869922 0.66344333 0.56403357 -0.31740355 0.6454668 0.5590412 0.09839926 0.65177119 0.70685899 -0.40227398 0.66226602 0.67482316 0.14133267
0.593799 0.27161211 0.01433143 0.51806957 0.29208502 0.52168697 0.63959426 0.30905882 -0.43765959 0.56076926 0.36368048 0.72600996 0.5851202 0.22750516 -0.87335938 0.57436877 0.40344414 0.76271534 0.67261833 0.42958835 -0.18850967 0.62333405 0.43797922 0.18837431 0.66412944 0.56368893 -0.32734191 0.64585584 0.55898911 0.11058713 0.6517176 0.70752543 -0.4346022 0.66218895 0.67454064 0.16431721
0.58950752 0.27116498 -0.00339516 0.51790982 0.29186091 0.48610327 0.63951862 0.30805379 -0.44115436 0.56072813 0.36422223 0.67327344 0.5854038 0.22723603 -0.87000197 0.5734095 0.40823743 0.68773788 0.67302358 0.42823565 -0.18462877 0.62344229 0.437374 0.18450826 0.66457748 0.56360024 -0.31704149 0.64641786 0.55895931 0.12216712 0.6517064 0.70733899 -0.40845704 0.66224164 0.67436343 0.16559187
0.58753234 0.27116185 -0.00934207 0.51847476 0.29189637 0.48496982 0.63949811 0.30603343 -0.45905167 0.56077325 0.36418754 0.70194232 0.58534884 0.22607999 -0.88103318 0.56971896 0.40645593 0.75454372 0.67289847 0.42824492 -0.18461603 0.6235466 0.43735558 0.18449597 0.66475505 0.56363279 -0.31898287 0.64658821 0.5587644 0.12559585 0.65166748 0.70748693 -0.41953495 0.66276103 0.67420679 0.17309515
0.58679777 0.2711744 -0.01697012 0.51911312 0.29194432 0.48291859 0.64734542 0.29968339 -0.45814782 0.56205374 0.36525574 0.69486922 0.585235 0.2252008 -0.84627938 0.57382274 0.40687403 0.74716252 0.67280102 0.42825997 -0.18514694 0.62370026 0.43737304 0.18503609 0.66508991 0.56380683 -0.31877059 0.64736348 0.55883002 0.12950812 0.65139371 0.70846975 -0.41454291 0.66324675 0.67422694 0.18328525
0.58570945 0.27120629 0.00085003 0.51968211 0.29196355 0.53398967 0.6494233 0.29651657 -0.43857548 0.56723118 0.36528647 0.75962162 0.58512586 0.22463463 -0.82280457 0.58179861 0.40679982 0.82663739 0.67272633 0.4279193 -0.18614517 0.62397724 0.43737748 0.18604779 0.66535753 0.56382477 -0.31948382 0.64771223 0.55882901 0.11024771 0.65104997 0.70937943 -0.41617027 0.66321409 0.67481643 0.14410849
0.59472966 0.27118862 0.02523025 0.52067226 0.2937763 0.5418517 0.64904296 0.29357666 -0.40201896 0.56903535 0.36526543 0.7529605 0.58504367 0.22510202 -0.76861876 0.58948439 0.39984888 0.79887098 0.67266685 0.42819759 -0.18609309 0.62409788 0.43780613 0.18600322 0.66564298 0.56394756 -0.31931961 0.64822769 0.55891621 0.09265281 0.65041703 0.71024829 -0.41613573 0.66259456 0.67530519 0.12095349
0.58822155 0.27160099 -0.08275706 0.52084446 0.29377636 0.49560559 0.64841187 0.29500002 -0.52488273 0.56847656 0.36500487 0.73422092 0.58510816 0.22541901 -0.91001362 0.58333164 0.39747205 0.80866194 0.67217159 0.42847738 -0.19139142 0.62487245 0.43782952 0.19133233 0.66570008 0.56509697 -0.31989112 0.64878738 0.5594793 0.11360395 0.64977568 0.71043605 -0.41939652 0.66144055 0.67659009 0.1413016 
