0.40170595 0.39786398 0.48871687 0.32544526 0.40280768 0.37840384 0.39745268 0.38278911 0.44907412 0.29628465 0.38723475 0.12781028 0.40967429 0.32786307 0.50410038 0.38671541 0.33440337 0.04418417 0.44218522 0.53674388 -0.01778532 0.4110842 0.54280144 0.01730528 0.36020008 0.62887937 -0.20356396 0.36469224 0.63985562 -0.22711433 0.37358588 0.76062018 -0.28977391 0.33432499 0.76057899 -0.34102246
0.37701565 0.37572321 0.47397822 0.23259933 0.3768169 0.2456083 0.40723035 0.38235301 0.25466231 0.24187514 0.39303795 -0.0368117 0.38354602 0.31940681 0.06721798 0.34905744 0.32863787 -0.06462135 0.3890923 0.52367181 0.04324201 0.30298141 0.53021276 -0.04314499 0.33168754 0.63761115 -0.1754481 0.27740204 0.64336771 -0.28355986 0.28910568 0.78927672 -0.28239125 0.26701373 0.81142825 -0.39039192
0.38455898 0.37173238 0.51640576 0.2475376 0.3665705 0.31583261 0.40274644 0.3925733 0.35341457 0.20735988 0.40397626 0.18109491 0.37836275 0.33046505 0.21098131 0.3189168 0.33044824 0.24963006 0.36827788 0.5170539 0.05854405 0.28417414 0.51740068 -0.05855621 0.33198786 0.63522333 -0.16874331 0.26576638 0.64075792 -0.31541377 0.26796255 0.81160063 -0.36221668 0.25813496 0.83013695 -0.50888979
0.3901439 0.36163986 0.46700427 0.25964788 0.34811243 0.08874475 0.40502024 0.390046 0.34814101 0.19477729 0.40670842 -0.11909582 0.38204527 0.31549037 0.21283235 0.30037847 0.34313858 -0.07425106 0.34400687 0.52161914 0.15464333 0.28408894 0.52439523 -0.15468682 0.32309461 0.67745483 0.09080553 0.27583233 0.69352746 -0.28086612 0.25996372 0.83252215 0.09548324 0.25489596 0.85476846 -0.36585307
0.37465644 0.35870323 0.46510962 0.27246729 0.34832007 0.01892141 0.38571963 0.38718638 0.53284276 0.20102558 0.39689961 -0.21863316 0.38442108 0.32348019 0.59214145 0.31676856 0.33526173 -0.26441538 0.32425001 0.52773273 0.17345096 0.28204697 0.52492774 -0.1735355 0.3080743 0.68764311 0.14296469 0.27520385 0.7055946 -0.33069688 0.25982845 0.83533072 0.14669359 0.25763887 0.86331791 -0.45359924
0.37320957 0.34975964 0.40310737 0.2811476 0.34494144 -0.04184892 0.36073622 0.39159697 0.47297046 0.18537323 0.40341243 -0.13874182 0.34721181 0.35196608 0.48953959 0.29609555 0.35703281 -0.06651939 0.30096576 0.53138381 0.18053666 0.27772275 0.52899015 -0.1805328 0.29637945 0.69130337 0.19598964 0.28178281 0.70100284 -0.31371722 0.2537947 0.83585769 0.22124374 0.2643916 0.86920267 -0.46359259
0.36985385 0.35025588 0.36030069 0.28393352 0.34359759 -0.12135077 0.37317553 0.39296624 0.52490073 0.21878502 0.40110055 -0.33342364 0.38257205 0.35051042 0.64675063 0.31594515 0.34955189 -0.41237578 0.28718984 0.5320155 0.18715413 0.26437241 0.53109264 -0.18711299 0.30114058 0.67878824 0.23883501 0.29184505 0.69116628 -0.37291372 0.25313884 0.8253758 0.30975154 0.26320279 0.86446464 -0.5554055 
0.36157757 0.34355259 0.31089368 0.30100009 0.34217599 -0.26129547 0.35559118 0.39275515 0.53509259 0.23008935 0.39779818 -0.46927822 0.37721789 0.3507981 0.70866662 0.31558472 0.35242602 -0.56209332 0.2751326 0.53016937 0.2097508 0.25713667 0.53196543 -0.2097064 0.30875596 0.65617937 0.34968421 0.29116112 0.68856972 -0.39677349 0.25993681 0.81434286 0.50550723 0.2558879 0.86349165 -0.55799711
0.37160346 0.34906614 0.25235626 0.29106325 0.34894446 -0.32434925 0.37778074 0.39398736 0.41193932 0.23739341 0.397439 -0.61467236 0.40210709 0.35010377 0.47802326 0.34410465 0.33695567 -0.76412761 0.27839932 0.53534669 0.20542786 0.24403031 0.53815395 -0.20533994 0.31064656 0.66175228 0.36075196 0.29166225 0.69626057 -0.31407282 0.26582551 0.81835169 0.55384344 0.25334045 0.86239153 -0.39855349
0.37568024 0.35302591 0.25805667 0.30159515 0.35171458 -0.3032665 0.37917718 0.39476681 0.47128114 0.2354971 0.40350464 -0.60132462 0.40076581 0.3504582 0.62181377 0.35263613 0.34546438 -0.77180755 0.27909675 0.54091072 0.21029559 0.25011224 0.54420209 -0.21029817 0.30686533 0.67511863 0.27074254 0.29407552 0.70341194 -0.27222204 0.25736013 0.82784212 0.3903513 0.25939426 0.86803538 -0.34571749
0.37728113 0.35543311 0.22662276 0.31149018 0.35242712 -0.27901423 0.34868944 0.39389595 0.44819444 0.22702916 0.40631354 -0.56903023 0.35807496 0.38145468 0.60231781 0.32362375 0.36569315 -0.80187505 0.26586267 0.54950905 0.20150107 0.25206974 0.55316609 -0.20158802 0.29581818 0.68382281 0.21453227 0.29688361 0.71258473 -0.24610387 0.25189397 0.83284014 0.28540123 0.26660436 0.87446541 -0.32421568
0.37873489 0.35581386 0.08429733 0.30595303 0.36130208 -0.44760305 0.35851532 0.40014932 0.45583296 0.2285417 0.41439208 -0.75148225 0.36464983 0.4066723 0.72344416 0.32910573 0.36782852 -0.99684638 0.2728968 0.55039251 0.20531483 0.23371038 0.55603009 -0.20542626 0.3079952 0.68227029 0.44889617 0.28447336 0.71337885 -0.23297153 0.26761219 0.81810361 0.70931822 0.26053298 0.87259942 -0.22148593
0.38830125 0.35803697 -0.09117961 0.29647744 0.38038823 -0.57135236 0.36041102 0.41225529 0.25390962 0.23323806 0.42679268 -0.86108738 0.36757195 0.42118034 0.56851786 0.33365169 0.37589094 -1.09016752 0.28144449 0.55904108 0.19316687 0.22955777 0.56952661 -0.19314016 0.34395158 0.68017781 0.65455842 0.29553363 0.71515238 -0.22540922 0.29962787 0.78683543 1.09604621 0.26310346 0.87233663 -0.207351 
0.38840285 0.37199524 0.00368166 0.29694715 0.39590722 -0.41695818 0.3414337 0.41749293 0.28182387 0.22501577 0.46559578 -0.58055931 0.36720163 0.43720305 0.4894096 0.31495312 0.44804451 -0.98394501 0.28198174 0.57266736 0.187006 0.2246383 0.58010161 -0.18711631 0.35793632 0.67955208 0.41008413 0.30086708 0.71026307 -0.17050567 0.29859474 0.79251349 0.62532043 0.26441118 0.86867458 -0.11521356
0.35008758 0.3883163 0.05933192 0.30056891 0.40428048 -0.42238823 0.33478615 0.41682878 0.39695519 0.27130872 0.45323306 -0.64905679 0.37243783 0.429932 0.61024517 0.34046549 0.39620861 -0.77538669 0.25748688 0.59140432 0.19762352 0.22061464 0.59381562 -0.1976058 0.35810798 0.68204266 0.40504232 0.30194947 0.72102195 -0.01579701 0.29649806 0.79416668 0.64541608 0.26353523 0.86464655 0.14559339
0.33978507 0.3968676 0.10408607 0.30264357 0.41005564 -0.36044708 0.33443791 0.41716748 0.42625767 0.28679225 0.44648641 -0.57501793 0.37321571 0.41773659 0.64249444 0.35274199 0.3961345 -0.69894969 0.24264608 0.5893448 0.18945108 0.22251807 0.59932077 -0.18940018 0.35811314 0.68478817 0.36882642 0.34726077 0.71975237 -0.16170014 0.2897861 0.79324061 0.57109612 0.26313952 0.86294329 -0.14256564
0.34959599 0.41345403 0.14889678 0.30439726 0.41379818 -0.35037887 0.33846593 0.45605117 0.43893692 0.28386852 0.44514239 -0.55645621 0.38479587 0.48751834 0.56437081 0.35763299 0.41488031 -0.66871542 0.25573573 0.60447043 0.20146208 0.2327345 0.61016816 -0.20162381 0.34906191 0.70436484 0.36670482 0.3202084 0.72709686 -0.03314559 0.27797908 0.8102175 0.57642728 0.26505923 0.86524373 0.09891081
0.35116571 0.42372984 0.02521035 0.28887659 0.42862961 -0.37178639 0.38666993 0.44629428 0.27620894 0.28582507 0.46613458 -0.54899746 0.39844373 0.45195118 0.39940852 0.35869378 0.42168671 -0.6365996 0.26135644 0.60849065 0.1994659 0.21562771 0.61013353 -0.19940592 0.35567069 0.70270169 0.29230323 0.35345981 0.71287757 -0.25053111 0.27991539 0.81158674 0.42804253 0.26661396 0.86586511 -0.27371344
0.39187005 0.42344433 0.05787005 0.27358529 0.43127087 -0.37939259 0.46234062 0.44161612 0.23100077 0.26313457 0.48994574 -0.52330434 0.44852018 0.40874413 0.33106151 0.3604303 0.44290432 -0.48275745 0.26362953 0.61109996 0.19633934 0.19969697 0.60659599 -0.1968471 0.38460112 0.69863492 0.17130427 0.3515856 0.6948216 -0.44518378 0.27412194 0.81182706 0.27931201 0.26689661 0.86509311 -0.54087943
0.39994442 0.42649564 0.03276141 0.27325094 0.43679538 -0.44070554 0.4394221 0.46742138 0.26714665 0.26078457 0.51501042 -0.39143643 0.43067041 0.44769368 0.37020931 0.37060383 0.48350647 -0.16331455 0.26626566 0.617737 0.19209842 0.20209531 0.61444092 -0.19235624 0.3798314 0.70836318 0.2099909 0.33299479 0.69369149 -0.33514732 0.26803103 0.83027768 0.26728094 0.26931807 0.85689664 -0.25200418
0.41801831 0.44163907 0.15328118 0.27888298 0.43284091 -0.31054294 0.47494212 0.46809277 0.28486577 0.261253 0.50786537 -0.32946101 0.45216477 0.4403384 0.39438662 0.37702671 0.48720181 -0.15154268 0.27337027 0.63128966 0.19132313 0.20504257 0.6257568 -0.19128683 0.3947432 0.70800197 0.15134244 0.33443853 0.67566615 -0.37029785 0.26974025 0.82957673 0.14466947 0.27027926 0.8568787 -0.43388894
0.41640002 0.42896631 0.08002341 0.29286888 0.43090737 -0.44098097 0.42201445 0.47799522 0.32723638 0.26484707 0.51104277 -0.39874169 0.41417629 0.47970968 0.4711082 0.3799212 0.49868172 -0.25563997 0.26544306 0.62142223 0.19600672 0.20811974 0.62561864 -0.19592522 0.38860342 0.71021992 0.17225522 0.3486681 0.68217295 -0.1836521 0.26806918 0.82907641 0.23095639 0.27086389 0.85827035 -0.09141955
0.41196182 0.44087502 0.37036705 0.29323059 0.42770064 -0.16062412 0.41737834 0.50768167 0.49708721 0.23668399 0.50848407 -0.2604084 0.38722393 0.49441683 0.5472334 0.34923947 0.52365708 -0.18618597 0.26078659 0.6315521 0.19891183 0.20942959 0.62151879 -0.19861078 0.37912586 0.72415435 0.03977842 0.36954153 0.67875808 -0.31932348 0.26434484 0.84485501 -0.07883583 0.27130255 0.85602832 -0.38113844
0.40736067 0.43529764 0.30561528 0.29312709 0.42581484 -0.2437212 0.42723057 0.50579143 0.45108703 0.22901958 0.50344485 -0.27817211 0.38963583 0.5005877 0.41640159 0.35439736 0.52146643 -0.31475565 0.26301542 0.6294564 0.20471224 0.20861827 0.62438452 -0.20421708 0.37284538 0.72563565 0.10467167 0.37361437 0.68081832 -0.28913835 0.26438475 0.84365135 0.07458813 0.27155823 0.85604626 -0.34656245
0.42619798 0.44110575 0.28408799 0.29550615 0.4204073 -0.24953133 0.42791086 0.52084893 0.42057016 0.21632929 0.49803668 -0.3437964 0.37986001 0.52777368 0.32659325 0.35530049 0.53563613 -0.33186409 0.276389 0.63333625 0.20258488 0.21036002 0.62319839 -0.20223713 0.36354399 0.72614199 0.11248209 0.37222219 0.67483944 -0.29694903 0.26141363 0.85312402 0.09664731 0.27596551 0.85593992 -0.29952458
0.50087523 0.43778738 0.20882361 0.30819592 0.35984126 -0.1460273 0.50056744 0.52427238 0.04445159 0.22484896 0.48612294 -0.2352203 0.38300794 0.52532023 -0.25355238 0.37384066 0.53298587 -0.26073387 0.34112903 0.61246389 0.14083441 0.23499504 0.59267312 -0.14020184 0.37229902 0.70484293 -0.12918624 0.36676788 0.66700959 -0.46995208 0.2678991 0.84747422 -0.17966095 0.27964398 0.85594785 -0.48429701
0.48326021 0.43452781 0.20395787 0.30746558 0.38078842 -0.21868227 0.49932432 0.52727211 0.12564288 0.23764767 0.50236231 -0.25584385 0.44676399 0.51368916 -0.17334543 0.40507421 0.53188735 -0.30701849 0.32458344 0.61270529 0.14581232 0.23368369 0.59568793 -0.1447254 0.38524139 0.70658588 -0.01988253 0.34728542 0.6685881 -0.37233874 0.27762768 0.85542834 -0.05227698 0.28024387 0.85534739 -0.39293915
0.5091266 0.44492638 0.21554379 0.30787748 0.38841239 -0.21192643 0.52605844 0.54445839 -0.00294264 0.23531453 0.50287127 -0.27954775 0.51491451 0.51286763 -0.46384776 0.39686322 0.53926128 -0.47451946 0.33061323 0.62088078 0.15595317 0.23297687 0.59661412 -0.1551459 0.39900082 0.70450455 -0.14521381 0.34502131 0.66270244 -0.5922085 0.27145228 0.85534453 -0.17124735 0.27903983 0.85378605 -0.55067426
0.51544082 0.46616071 0.12483865 0.30733973 0.39893374 -0.27133462 0.51407397 0.5713644 -0.00719274 0.25244939 0.51817471 -0.41890487 0.51205951 0.56883186 -0.38629314 0.40917262 0.55911696 -0.53820181 0.32750013 0.63846207 0.15473734 0.21746336 0.61350054 -0.15385972 0.42394999 0.70455009 -0.12331595 0.3211199 0.6557073 -0.63238311 0.27188841 0.8523739 -0.07659603 0.27935031 0.85046345 -0.49247357
0.50956613 0.49277428 0.13391897 0.30638936 0.42538828 -0.23412205 0.53404999 0.5892691 0.0027185 0.25177899 0.53290242 -0.399387 0.53294647 0.5546968 -0.28172073 0.41701254 0.55818194 -0.46900412 0.32347387 0.65858364 0.15853171 0.20633401 0.63780403 -0.1577432 0.43985945 0.69861275 -0.06135396 0.33669281 0.64754426 -0.6006974 0.27863857 0.83559924 -0.00777148 0.28075388 0.85073656 -0.56252789
0.51157248 0.51503313 -0.18401878 0.30586147 0.43900749 -0.43730298 0.52860785 0.62261081 -0.1360694 0.32994646 0.52848715 -0.51983184 0.52250397 0.6828478 -0.21414663 0.50427282 0.51231903 -0.4570407 0.31999683 0.66861862 0.13035741 0.20060103 0.65381163 -0.12970616 0.43903333 0.68689317 0.10459185 0.32721168 0.65277171 -0.52451015 0.2794883 0.82531416 0.23336263 0.27040327 0.84244239 -0.52082205
0.54182202 0.52051711 -0.25331524 0.31025854 0.44105771 -0.44913232 0.53295738 0.63000518 -0.25012603 0.33211538 0.55455083 -0.53007889 0.50371724 0.69087797 -0.37424225 0.5213201 0.52988565 -0.5312866 0.33421952 0.67256355 0.10427272 0.20114259 0.65285039 -0.10348471 0.44169343 0.68726045 -0.11600248 0.31808618 0.6564163 -0.61561584 0.28150085 0.82385582 0.04443844 0.26621857 0.84275639 -0.48986596
0.54198003 0.54257905 -0.25408715 0.31064171 0.46453205 -0.46359921 0.52298552 0.65989268 -0.25645313 0.31664324 0.58960158 -0.60094935 0.51385444 0.72363573 -0.40676868 0.4865768 0.57087523 -0.70938873 0.32984239 0.69212943 0.10667719 0.19409466 0.67346752 -0.10598315 0.44499362 0.689372 0.03635173 0.31989339 0.65621471 -0.59629184 0.28624207 0.82292861 0.22326897 0.26720402 0.84160215 -0.45540255
0.53919011 0.54915249 -0.31799871 0.31027576 0.47676137 -0.45353571 0.49454731 0.65412247 -0.2847223 0.28042915 0.60743332 -0.53676575 0.46189758 0.69315511 -0.41313064 0.39460427 0.60980159 -0.64737427 0.33785167 0.69092476 0.08625177 0.1954587 0.67390811 -0.08562491 0.44336233 0.69218868 -0.02449725 0.29545769 0.6790033 -0.6220994 0.28333244 0.82111335 0.18962596 0.27117908 0.84176362 -0.5058707 
0.57423913 0.53815913 -0.35642084 0.32097098 0.48342973 -0.49784756 0.52022284 0.6447289 -0.40563822 0.27581981 0.58628559 -0.52180833 0.50288844 0.67059785 -0.5725382 0.39027879 0.59262049 -0.50998574 0.36260125 0.68878788 0.07392784 0.21706851 0.67095876 -0.07315332 0.44502595 0.7277019 -0.05728054 0.28246173 0.68309879 -0.6533516 0.27002341 0.82166207 0.1865544 0.27563867 0.84220588 -0.55844748
0.56216985 0.56999975 -0.36422446 0.33384535 0.49006611 -0.48320475 0.54390126 0.66291767 -0.37746009 0.27641979 0.57746476 -0.65233934 0.56002426 0.74765331 -0.58171147 0.38307992 0.60631049 -0.91010815 0.37902018 0.69004184 0.03254913 0.23654082 0.66892177 -0.03219863 0.44613838 0.72175586 -0.44250417 0.15260316 0.72233647 -0.67939496 0.27310738 0.842776 -0.29678592 0.27578077 0.82116729 -0.21353093
0.55411303 0.588691 -0.53567022 0.33046579 0.51545274 -0.66112792 0.53636068 0.69769537 -0.47298405 0.27912989 0.60959411 -0.70441264 0.55336255 0.79096019 -0.56917578 0.39846835 0.64383125 -0.82424581 0.38368359 0.69137228 0.02627015 0.23653886 0.67361033 -0.02609183 0.44288343 0.74241847 -0.20193219 0.13800646 0.73155713 -0.62582254 0.2806018 0.83621699 0.03390832 0.27669507 0.81328237 -0.11204685
6.24655843e-01 5.69341242e-01 -5.62796652e-01 3.31228197e-01 5.15516996e-01 -6.34815753e-01 5.65048516e-01 6.81856573e-01 -4.62418288e-01 3.00318837e-01 6.18392646e-01 -6.24802828e-01 5.56536376e-01 7.82174349e-01 -5.57008922e-01 4.01096523e-01 6.86322927e-01 -7.29999483e-01 4.33833301e-01 6.86080635e-01 -8.32853664e-04 2.80569136e-01 6.70626521e-01 7.06050487e-04 4.50846672e-01 7.35202551e-01 -4.22280818e-01 1.35256156e-01 7.36903191e-01 -6.18046165e-01 2.87342459e-01 8.35331380e-01 -1.42718047e-01 2.76355714e-01 8.07717860e-01 -7.53728822e-02
0.62649852 0.56019974 -0.52915496 0.3369782 0.51493222 -0.60578483 0.56987774 0.67561448 -0.44200864 0.30331013 0.61157936 -0.5980351 0.55260676 0.77789366 -0.54685348 0.34758136 0.675201 -0.6917603 0.44439703 0.6820066 0.00904894 0.29316956 0.66308022 -0.0090934 0.45245296 0.7356568 -0.40484259 0.14494123 0.73608994 -0.6006611 0.29269671 0.83546954 -0.1555849 0.28277609 0.8136574 -0.1102179 
0.5064646 0.59862489 -0.07009678 0.29484859 0.54478192 -0.29794925 0.55781382 0.6947518 -0.10024677 0.28291681 0.65182978 -0.35064778 0.56074935 0.77214515 -0.27478665 0.3577686 0.70918745 -0.40292978 0.3005985 0.73818421 0.05888114 0.18446967 0.72943151 -0.05856588 0.4601531 0.69982916 -0.11944854 0.23439282 0.72435844 -0.45865822 0.29446885 0.83523941 -0.09165394 0.28790808 0.81589675 -0.19636849
0.61469811 0.58360291 -0.48583946 0.33032802 0.53031361 -0.54546869 0.57214302 0.68348002 -0.43846393 0.28554121 0.62512231 -0.58725256 0.56012654 0.78121382 -0.63580459 0.31966209 0.67941165 -0.80064845 0.405709 0.71949506 0.01659253 0.26141393 0.72792429 -0.01644306 0.45675737 0.72718269 -0.56245607 0.15706374 0.73387039 -0.58175164 0.29362291 0.84160489 -0.48338696 0.28645879 0.80836302 -0.20928861
0.59053516 0.60372508 -0.49965674 0.32498291 0.53391498 -0.54650223 0.56511158 0.6917817 -0.47048545 0.28457728 0.61758935 -0.59300476 0.55394435 0.78121603 -0.62992579 0.34374195 0.66981775 -0.78467274 0.3951765 0.71042073 0.00729545 0.2567223 0.70052814 -0.00711693 0.45146108 0.72616804 -0.55659014 0.15669636 0.73340029 -0.6852628 0.29203537 0.84112209 -0.40769199 0.28529477 0.8091467 -0.28525329
0.54497796 0.58962804 -0.41178599 0.32477251 0.52479649 -0.60454661 0.56119853 0.6817435 -0.39272907 0.32804874 0.63657564 -0.67760533 0.55524826 0.77214181 -0.57311106 0.51632196 0.6796369 -0.72038877 0.34276631 0.70771831 0.07327765 0.20380126 0.69480616 -0.07262903 0.49063772 0.70891625 -0.44483906 0.22923398 0.72438049 -0.68811077 0.30466232 0.83104241 -0.21180847 0.28466591 0.81755942 -0.2815291 
0.55016708 0.58152497 -0.38850036 0.34316942 0.51363283 -0.61858571 0.54359889 0.68361419 -0.3692328 0.33227026 0.62970334 -0.65648943 0.55670905 0.76674151 -0.47513989 0.51079899 0.66975969 -0.70799869 0.3440364 0.69920224 0.08411614 0.21118489 0.68730146 -0.08362997 0.49101382 0.71354973 -0.03561929 0.27160734 0.71456248 -0.53488594 0.30299234 0.81448352 0.18816906 0.27839309 0.82320791 -0.19259748
0.50175989 0.56825107 0.18312427 0.34452158 0.51253277 -0.29117188 0.51502198 0.66291726 0.17455526 0.3479054 0.62509233 -0.5182386 0.55561417 0.69704926 -0.02492337 0.50612795 0.62703055 -0.58805418 0.26862743 0.70920587 0.16564298 0.17224619 0.69380534 -0.16497873 0.48428363 0.71336353 0.12801312 0.37963748 0.68783152 -0.43385395 0.30260116 0.81808162 0.1004096 0.28021777 0.84315574 -0.27998212
0.41867402 0.54045129 0.41556239 0.36889133 0.5118894 -0.21555479 0.45440623 0.60088122 0.54710227 0.48152545 0.56314063 -0.40507188 0.51003224 0.5952453 0.464645 0.62125635 0.53820503 -0.30516189 0.20734392 0.70862746 0.20075637 0.15903774 0.69051778 -0.20026836 0.43815288 0.7210936 0.168001 0.41735926 0.68365359 -0.36925355 0.30201349 0.82243562 0.08762078 0.27968717 0.84542423 -0.38625363
0.45581552 0.52875847 0.29859722 0.38755959 0.49269602 -0.30593267 0.48176348 0.59421998 0.39165732 0.47935769 0.54269999 -0.43202201 0.51484716 0.60991299 0.25031248 0.63207757 0.53237587 -0.48399907 0.22275648 0.69926196 0.21600424 0.15044844 0.68393713 -0.21555805 0.44092292 0.71081573 0.29867506 0.40854725 0.68172526 -0.41221902 0.29731548 0.81984818 0.32570174 0.27920765 0.84956926 -0.39263958
0.47683483 0.50958073 0.29441878 0.38748977 0.46973282 -0.36749452 0.4772687 0.61704934 0.23009467 0.4246397 0.5610314 -0.45250705 0.49088988 0.59224397 -0.04015662 0.58312064 0.57529318 -0.26492572 0.23578326 0.68477905 0.23906818 0.15032646 0.67400259 -0.23835628 0.44063276 0.70289165 0.37745929 0.40063041 0.6752035 -0.65031832 0.29685703 0.81379104 0.50671768 0.27408096 0.85282451 -0.69117951
0.47356701 0.47785187 0.28582776 0.42056626 0.45683628 -0.39437899 0.43132058 0.57259971 0.33924446 0.42040971 0.55918223 -0.45802489 0.46403131 0.5732252 0.16751045 0.55029041 0.57291675 -0.20357707 0.21911363 0.65766126 0.24131043 0.15808302 0.6589821 -0.24064797 0.41299033 0.69321495 0.5316627 0.40668201 0.67909092 -0.56169027 0.29324481 0.81545144 0.74381369 0.27394798 0.85506308 -0.50651914
0.44963643 0.44492131 0.29042953 0.4189927 0.45010951 -0.4050518 0.43275949 0.52457839 0.40099689 0.40507901 0.54889715 -0.43223459 0.45815316 0.5462507 0.27210867 0.47003746 0.57285482 -0.15151335 0.20488302 0.63778293 0.24069276 0.16358717 0.64687842 -0.24035862 0.37096319 0.68909174 0.62621117 0.40910143 0.68111104 -0.25672078 0.29100737 0.81421596 0.92475456 0.27297458 0.85275966 -0.09470965
0.45304927 0.43038684 0.37910655 0.43108758 0.43385106 -0.3852191 0.44281703 0.50581467 0.59810895 0.40399873 0.52797663 -0.40834859 0.4726744 0.5284912 0.64932746 0.46246651 0.55746663 -0.17495513 0.21015342 0.62662309 0.24776289 0.16870217 0.62728816 -0.24747281 0.32362574 0.69008923 0.54377145 0.40448293 0.67138958 -0.23133588 0.28318051 0.81741452 0.75217915 0.27566168 0.85160381 -0.06624711
0.59352762 0.40958309 0.23867843 0.44781128 0.36677739 -0.30488765 0.54378277 0.5069629 0.14669275 0.343348 0.46446434 -0.38850549 0.47478661 0.51608598 -0.16778153 0.40255323 0.52935284 -0.4720434 0.30743054 0.5957998 0.23949051 0.22929734 0.5768795 -0.23916648 0.33234313 0.68575001 0.35547078 0.3939662 0.65445709 -0.31115779 0.2774173 0.82459325 0.54184908 0.28166202 0.84555662 -0.17952554
0.56081957 0.41880852 0.25586209 0.4297134 0.38445377 -0.33027306 0.52348584 0.51317179 0.25684455 0.32833415 0.48384181 -0.38514015 0.48107311 0.5129621 -0.00245227 0.41690102 0.53297722 -0.33617157 0.28702137 0.60733169 0.21954332 0.2135344 0.59530705 -0.21904683 0.34306467 0.68169999 0.33989725 0.39077258 0.66300416 -0.24555162 0.27784592 0.82551426 0.49059063 0.28122494 0.84561461 -0.18099238
0.54668152 0.4177739 0.09731665 0.3950437 0.40205023 -0.45073259 0.48877287 0.51395637 0.29497182 0.29707411 0.51039296 -0.45586953 0.4819501 0.51983678 0.2801359 0.43302342 0.53091842 -0.35328272 0.26663932 0.61130852 0.21104763 0.17065206 0.60516638 -0.21059766 0.35629141 0.68742239 0.44717142 0.38303536 0.66563284 0.01753161 0.27791607 0.82479405 0.71285546 0.28108165 0.84544635 0.34312806
0.53036642 0.40635091 0.0185012 0.38405213 0.41559041 -0.45428166 0.47267121 0.4720282 0.33148789 0.304923 0.51250678 -0.49712479 0.48235461 0.49234229 0.49166247 0.41515151 0.51350856 -0.39199829 0.25187334 0.60454404 0.20557392 0.16663198 0.60869443 -0.20510374 0.3382996 0.6881088 0.49672508 0.37741005 0.66417307 -0.0347846 0.27683282 0.82098353 0.76819122 0.28095698 0.84559804 0.17503181
0.56676328 0.38019896 0.04694166 0.39561513 0.36364639 -0.47789747 0.52593553 0.46741807 0.34494793 0.29815763 0.46433112 -0.50503093 0.50386542 0.47324345 0.42274559 0.42288676 0.49460566 -0.4336639 0.30321652 0.57498783 0.20346521 0.2100734 0.56634015 -0.20311584 0.33670035 0.69532704 0.42043591 0.35325253 0.65917027 -0.06462885 0.27537656 0.82878429 0.63584131 0.2812742 0.84298283 0.16937955
0.51125997 0.38793737 -0.08496143 0.37199688 0.4211261 -0.53694648 0.48717374 0.43891171 0.28631693 0.30799481 0.47612709 -0.38112682 0.48898971 0.47772506 0.313959 0.43496475 0.49346134 0.06580609 0.25814947 0.59210002 0.2014232 0.18369383 0.58625799 -0.20094679 0.34166801 0.69245589 0.46171078 0.35367626 0.67653197 0.06447156 0.26738435 0.81842226 0.76816458 0.27945414 0.84688973 0.35731912
0.51644558 0.37427747 0.13929334 0.40259641 0.37221846 -0.43855637 0.51008177 0.4369083 0.44645426 0.30932322 0.43913719 -0.36651784 0.50694692 0.45342848 0.51290524 0.42875746 0.45239788 -0.08842017 0.26888576 0.57917726 0.21100877 0.19949408 0.58041555 -0.21064962 0.32865673 0.70483536 0.35598844 0.35071164 0.67601085 -0.02980192 0.24823357 0.8248502 0.48418352 0.27836803 0.85129136 0.14856865
0.48045859 0.38501617 0.07296424 0.39282948 0.37700084 -0.48323816 0.51851851 0.41580305 0.36872607 0.36640194 0.4588415 -0.31604177 0.50822765 0.43184951 0.48335871 0.4061555 0.45780689 0.19608411 0.25130183 0.59076458 0.21285157 0.19686797 0.58732831 -0.21246226 0.33507025 0.69313413 0.49938902 0.35167202 0.68158019 0.06418667 0.25304076 0.82593 0.7616871 0.27835169 0.86106533 0.33656222
0.48636797 0.39352334 -0.02811207 0.38556889 0.40031764 -0.45297661 0.55903316 0.3813141 0.19983624 0.38005418 0.47124872 -0.35252073 0.55647528 0.36433315 0.38204253 0.43129894 0.43804497 -0.04888176 0.25237504 0.5872826 0.20373178 0.19622512 0.59272045 -0.20306782 0.34919167 0.68013567 0.46160173 0.35176945 0.68555099 -0.04617664 0.26336047 0.81612629 0.69501102 0.27811959 0.86192632 -0.05991209
0.48106882 0.38935077 -0.00146359 0.38548201 0.40452689 -0.41294131 0.54905194 0.4011921 0.26291585 0.32094169 0.46736845 -0.49165481 0.54394227 0.39877468 0.41285771 0.42549026 0.42331523 -0.50122792 0.2535308 0.57782847 0.1977582 0.20355926 0.5887543 -0.19714282 0.36833641 0.67019242 0.38717732 0.35242966 0.68605232 -0.10311715 0.29755938 0.80820739 0.57621229 0.27592486 0.86122823 -0.10054022
0.44626814 0.37476102 0.01339031 0.40715706 0.40570548 -0.46723202 0.44499555 0.41631564 0.35552093 0.36667553 0.46544826 -0.49301842 0.47719947 0.42925635 0.49555975 0.42541307 0.42713568 -0.36259004 0.25404206 0.55720234 0.20539388 0.22809315 0.57944477 -0.20507862 0.3629204 0.6746338 0.38005704 0.35247296 0.69859791 -0.00863179 0.29457131 0.80766147 0.58653224 0.27234763 0.86439532 0.14892939
0.45454231 0.36542758 0.01066003 0.40787131 0.39531466 -0.50204331 0.40716475 0.41823447 0.33294404 0.35441986 0.44893733 -0.4915325 0.42164937 0.43878707 0.42366379 0.40098953 0.41963413 -0.3395417 0.26884618 0.53825504 0.20827508 0.24642958 0.55902743 -0.20811582 0.35095948 0.67674458 0.21487302 0.35252661 0.69559819 -0.02134867 0.28863141 0.80782336 0.32926324 0.27225795 0.86364585 -0.05662882
0.45727229 0.3563039 0.15108541 0.40942988 0.36959064 -0.3771643 0.4085781 0.40971944 0.44660881 0.32195055 0.42883447 -0.54213804 0.43877095 0.40807343 0.60042894 0.40373692 0.39483121 -0.62711382 0.27882099 0.53725082 0.20749046 0.25270599 0.55324638 -0.20731008 0.33673227 0.67724401 0.1957168 0.31389251 0.70062834 -0.11041407 0.28821421 0.80847234 0.25477129 0.27016634 0.86602974 -0.12106615
0.45986524 0.35248926 0.31802705 0.40788391 0.35438487 -0.16378334 0.39521962 0.4138284 0.48675627 0.27731749 0.42255065 -0.31724629 0.43058014 0.41296205 0.53855538 0.40426686 0.36071295 -0.44376856 0.28053874 0.53192425 0.20097648 0.26042679 0.53969252 -0.20066379 0.33061945 0.66960746 0.24708642 0.32229096 0.69392741 -0.26779222 0.28706366 0.80980325 0.31015506 0.27401114 0.86431706 -0.41909707
0.46266684 0.34915426 0.36807269 0.40843642 0.34158671 -0.16893069 0.38941777 0.41444951 0.57024878 0.2935122 0.38667855 -0.32094792 0.39823008 0.43826833 0.60608995 0.43339193 0.33135045 -0.64171511 0.30067486 0.53107721 0.20059252 0.27128649 0.53047663 -0.20023671 0.33238029 0.67219621 0.1362913 0.31149191 0.6946134 -0.28190699 0.2804006 0.81446558 0.13214009 0.27415499 0.86495775 -0.43444952
0.45738783 0.33974114 0.3697567 0.41769192 0.3350417 -0.21048501 0.38192508 0.41688263 0.55728334 0.30073375 0.38527626 -0.4083547 0.3891449 0.44360146 0.56370252 0.43307367 0.35016081 -0.63613856 0.30891377 0.52979678 0.20322774 0.28705585 0.53285581 -0.20279688 0.33264476 0.67256284 0.19748968 0.30266228 0.69820136 -0.25705978 0.27992085 0.82147026 0.25106692 0.27404454 0.86702943 -0.37959191
0.45862916 0.33771217 0.4307436 0.41706392 0.33092639 -0.08724058 0.3992992 0.41249505 0.62057298 0.29839346 0.37459105 -0.31791872 0.40748546 0.40964189 0.65356284 0.42145857 0.33692822 -0.5285486 0.33014864 0.52524352 0.20159662 0.30145755 0.52489734 -0.20123261 0.33410805 0.67300797 0.14541887 0.30904046 0.69586778 -0.35205629 0.27836275 0.81683177 0.128427 0.27372855 0.86659008 -0.6131798 
0.46368134 0.31820375 0.33643493 0.40077916 0.32722023 -0.1724301 0.40402734 0.39668533 0.53083611 0.28925133 0.3796393 -0.29477489 0.36971548 0.41920888 0.48877242 0.34444019 0.34713447 -0.43406373 0.34807238 0.50188476 0.19929992 0.30729702 0.50338304 -0.19908272 0.33931765 0.65324754 0.13069496 0.31271452 0.68221217 -0.44254577 0.30400231 0.79832768 0.12038375 0.27305335 0.86138833 -0.76304632
0.463788 0.30937079 0.39768395 0.39760926 0.31292927 -0.09407683 0.40804201 0.36645272 0.63372958 0.28762645 0.37431318 -0.24501289 0.38885155 0.3553772 0.75802326 0.3016656 0.36285624 -0.42194089 0.35656056 0.48955661 0.19828792 0.31556857 0.48920399 -0.19824401 0.35461459 0.64377844 0.14083643 0.32778698 0.66283512 -0.41463274 0.32676709 0.78971237 0.09631538 0.27284077 0.85482556 -0.70835179
0.46400607 0.30757549 0.47489747 0.3977316 0.30911633 -0.06670059 0.41083333 0.36838281 0.72060543 0.27852246 0.36581442 -0.2367457 0.39171866 0.36690855 0.8181833 0.28045419 0.41649112 -0.42365167 0.35605708 0.49344605 0.2035172 0.31892881 0.48830119 -0.20359042 0.35239437 0.64419383 0.05598749 0.32328784 0.66372567 -0.43589565 0.29398063 0.82359511 -0.04554476 0.2727088 0.86189395 -0.72014248
0.45988876 0.31918129 0.41439286 0.39646518 0.31994757 -0.12778224 0.40422919 0.3724694 0.65587598 0.2688899 0.37035099 -0.28508303 0.38704273 0.37627491 0.7371183 0.27693549 0.41179574 -0.50622648 0.36188284 0.49764404 0.20385101 0.3280282 0.49637285 -0.2039253 0.35295203 0.65001655 0.09617799 0.32375199 0.66479588 -0.4513779 0.29143921 0.82168871 0.04689342 0.27394637 0.86243331 -0.75944799
0.44988433 0.32109392 0.53617078 0.39259845 0.32571009 0.15275909 0.39447781 0.36619508 0.67239875 0.27297011 0.37330264 0.01201778 0.38991424 0.33504054 0.780325 0.30917615 0.37826332 -0.03273618 0.35826766 0.50460792 0.17674841 0.33268547 0.50518447 -0.1770954 0.34451368 0.66911304 0.08490022 0.32486409 0.67346257 -0.39499584 0.2906315 0.82811803 -0.03016276 0.27364907 0.86590081 -0.72218496
0.44482753 0.32776833 0.44076598 0.40419206 0.32827377 0.1290915 0.30473131 0.37388039 0.52444249 0.23856902 0.36645728 -0.05544155 0.32851654 0.35633627 0.55446553 0.31221241 0.38232321 0.27648929 0.36330834 0.51825887 0.18490988 0.33684653 0.51698166 -0.18509166 0.33184409 0.69075781 0.08134848 0.32091385 0.69285256 -0.23159809 0.28536168 0.84118843 -0.01070469 0.27187526 0.86941051 -0.37822026
0.43831071 0.34048524 0.38384628 0.40757531 0.32934016 -0.03058815 0.28057313 0.37542304 0.44539383 0.2436327 0.3700259 -0.09178336 0.31064144 0.36698619 0.50114423 0.3199935 0.37913695 0.24322662 0.36053264 0.53003502 0.18748206 0.33573261 0.53188634 -0.18758947 0.32994533 0.69440979 0.0751913 0.32026371 0.69541579 -0.23309571 0.2790615 0.84717453 -0.01422268 0.27075955 0.87083393 -0.35182387
0.42993879 0.34153086 0.31865543 0.40718496 0.32982069 -0.15613635 0.29069263 0.37471083 0.41556755 0.24694036 0.38493314 -0.11452748 0.32489803 0.35685137 0.45840806 0.32238925 0.38054755 0.21309611 0.3566806 0.53661633 0.1911906 0.33730152 0.54297054 -0.19131957 0.31877345 0.70167571 0.12581697 0.3205179 0.69924068 -0.20471333 0.27563426 0.84619111 0.06987412 0.27028489 0.87141544 -0.28097185
0.42774498 0.3438758 0.3247762 0.4014782 0.33136776 -0.11959852 0.31632933 0.37706724 0.46139151 0.24053743 0.38509592 -0.06454945 0.33374524 0.36296913 0.51297563 0.3255381 0.38198858 0.18039954 0.34696701 0.53505188 0.19027333 0.33441368 0.54107517 -0.19033597 0.32147858 0.68269867 0.16767551 0.3237426 0.69757229 -0.26919186 0.27472082 0.84213549 0.16156127 0.2709409 0.87092006 -0.48222667
0.42557552 0.34202573 0.31582087 0.40047294 0.33155918 -0.14747486 0.29331857 0.3735384 0.44114754 0.24593019 0.38220468 -0.07589336 0.33152363 0.36263859 0.49474651 0.3274475 0.36826411 0.26135096 0.34652263 0.53420502 0.19072679 0.33158529 0.5393104 -0.19086671 0.32230622 0.68089783 0.18387277 0.32380268 0.6964373 -0.27255902 0.27412531 0.84357339 0.18059905 0.27103445 0.87085336 -0.46165136
0.42392009 0.33722147 0.31869495 0.39614478 0.32849374 -0.15214169 0.28324884 0.37329215 0.4582791 0.22861814 0.38119033 -0.0734667 0.32330349 0.36590385 0.51734149 0.32902476 0.36537638 0.23956239 0.34592152 0.52873409 0.19103241 0.32881606 0.53664589 -0.1911995 0.32296571 0.66699129 0.26457131 0.32374528 0.6946739 -0.30153519 0.2734597 0.83898371 0.32537919 0.27133107 0.87060195 -0.51698858
