0.5007118 0.33372277 -0.01335725 0.5011484 0.34025738 0.0188735 0.46982077 0.37531573 -0.05750129 0.44101989 0.35867882 -0.048015 0.45683363 0.36842844 -0.11188739 0.50496125 0.32613945 -0.15540923 0.46188596 0.5112952 -0.02400257 0.46438572 0.50849026 0.02384375 0.46576199 0.63905036 -0.1629343 0.53197467 0.62382329 -0.153854 0.53496176 0.7691381 -0.26457459 0.56316102 0.75826865 -0.19939695
0.73366278 0.33204398 0.20180669 0.65942574 0.3519904 0.5902319 0.75732154 0.3657234 0.03257226 0.60945368 0.39906195 0.53817987 0.69258845 0.35385877 -0.10314828 0.58645165 0.37417662 0.39304301 0.67102468 0.50768721 -0.13960557 0.63477921 0.51291871 0.13851778 0.72566295 0.63192642 -0.30926695 0.67093986 0.63064307 0.0036622 0.71849984 0.77730596 -0.60639882 0.72739804 0.76145989 -0.22136165
0.81919056 0.3371926 0.10763188 0.73189819 0.36421886 0.47624326 0.78285933 0.33908108 0.0315803 0.66998857 0.38183525 0.52439004 0.68199867 0.29729244 0.18407218 0.61800885 0.32635638 0.44196969 0.77797556 0.5183835 -0.1544205 0.72865641 0.53722191 0.15365203 0.7753455 0.63778526 -0.2097791 0.75626886 0.63442481 0.23320563 0.7232216 0.78560251 -0.37477252 0.74152899 0.76133317 0.22013097
0.7891199 0.34084761 -0.21746366 0.73217553 0.35133648 0.21565334 0.76925331 0.36711019 -0.2592102 0.65480858 0.37930807 0.25796065 0.71096182 0.32674858 -0.17802797 0.64184493 0.32383388 0.30713025 0.76378155 0.52883762 -0.14354955 0.73289776 0.53207701 0.14335036 0.76620221 0.64233398 -0.19520941 0.73062187 0.64570701 0.22647093 0.72336417 0.7885173 -0.27178374 0.742342 0.76270688 0.3096022 
0.80682462 0.34649229 0.05094973 0.73082876 0.37146983 0.44743672 0.76710439 0.34767807 0.00917529 0.67747086 0.39280203 0.50850552 0.66894346 0.30182245 0.01184938 0.6542446 0.34588176 0.47091413 0.79012442 0.52909058 -0.13868617 0.74915802 0.53966635 0.137925 0.77392685 0.65138859 -0.1616804 0.75951821 0.6438452 0.22754963 0.72208965 0.78772151 -0.27253687 0.74043322 0.75973171 0.2316673 
0.81397355 0.36676854 -0.25119308 0.73865944 0.38673225 0.32028458 0.80877006 0.34807026 -0.37463039 0.68699002 0.43895561 0.3928915 0.72905135 0.31925327 -0.26062414 0.63404757 0.44567209 0.36574298 0.80004406 0.56331611 -0.17005378 0.76311547 0.56201422 0.16967537 0.77809209 0.67153817 -0.0631872 0.76138479 0.66262978 0.44505772 0.72386211 0.78924209 0.09230614 0.73780298 0.768233 0.70893323
0.80317813 0.37131441 -0.0489003 0.7404108 0.40061769 0.41470298 0.75975269 0.34054226 -0.1398358 0.66206008 0.41771013 0.59045959 0.65432686 0.28596726 -0.00333414 0.59666824 0.40075532 0.61583012 0.79743528 0.55373132 -0.16384566 0.76429254 0.5611884 0.16318008 0.77498776 0.67251134 -0.13763542 0.76466382 0.66405487 0.28839055 0.7259109 0.78836691 -0.09064967 0.73585141 0.77059585 0.34847453
0.82730144 0.37652111 0.16848385 0.72199494 0.40873277 0.48304173 0.81811666 0.3745904 -0.0909892 0.67191941 0.44887447 0.57545584 0.72701621 0.32797164 -0.23313838 0.58241487 0.46405613 0.50923884 0.80668706 0.54540998 -0.13084164 0.74892664 0.55371445 0.1303573 0.77341467 0.6678527 -0.25826308 0.75531995 0.65790159 0.17700972 0.72527087 0.7879864 -0.44119561 0.74303353 0.76667887 0.07644489
0.8185665 0.37418693 0.13661407 0.72731501 0.40368733 0.44638112 0.79459971 0.37264007 -0.05315214 0.67542946 0.44013506 0.5820629 0.69861674 0.32014701 0.01433267 0.61017323 0.42826372 0.56874901 0.80507571 0.54347724 -0.13171837 0.75178474 0.55139983 0.13127854 0.77011913 0.66013265 -0.27463555 0.75788242 0.65285558 0.09510501 0.72658795 0.78632271 -0.44272041 0.74361163 0.76588374 0.00770288
0.80843133 0.37187287 0.12501106 0.71267766 0.40121233 0.48226103 0.78924662 0.37119612 -0.03769957 0.66445446 0.44412106 0.58875322 0.68996251 0.31093875 0.08662163 0.597592 0.44518363 0.52620173 0.79223675 0.53984815 -0.13579634 0.73841196 0.54918015 0.13535196 0.76462322 0.66012269 -0.2679843 0.75227517 0.65039945 0.09941106 0.72644848 0.78576064 -0.41687587 0.74464071 0.76368308 0.04231285
0.80922353 0.37653893 0.15796986 0.72319055 0.40629044 0.51206368 0.7903493 0.37900737 -0.03766267 0.67396396 0.4469884 0.62604588 0.69687015 0.33274654 -0.05123796 0.59217405 0.43924779 0.57624394 0.78981435 0.53931177 -0.13509165 0.74296165 0.54895824 0.13464065 0.75990999 0.65964335 -0.28089011 0.75180078 0.64988989 0.05340894 0.72696298 0.78552765 -0.47884172 0.74147588 0.76570719 -0.07342863
0.79730135 0.33592924 0.21882704 0.72039115 0.38868895 0.62265563 0.76593745 0.35485789 -0.10155997 0.67019683 0.44096994 0.69909072 0.64383328 0.29452747 -0.2908079 0.56372857 0.4748325 0.65389997 0.79787332 0.48307243 -0.14552155 0.75720614 0.49272183 0.1447093 0.75271928 0.62972063 -0.33276257 0.74476612 0.62709039 0.07003735 0.72701252 0.78510863 -0.57866061 0.74341786 0.7623713 -0.06156394
0.77124798 0.29813439 0.18753926 0.71516144 0.33144742 0.56804711 0.7137031 0.31277317 0.0426636 0.65546578 0.36186981 0.77819514 0.63150883 0.27187061 0.23558259 0.56402051 0.31309536 0.87948579 0.7882427 0.46637794 -0.16341646 0.75423694 0.48876491 0.16277261 0.74482125 0.60967922 -0.32967997 0.74166012 0.60487378 -0.02028827 0.72412199 0.78219962 -0.56818241 0.74297005 0.75590551 -0.20393303
0.75462937 0.28545126 -0.01545988 0.70914781 0.31816965 0.49672073 0.71538985 0.30630577 -0.26212478 0.65721542 0.36501065 0.71819699 0.60750043 0.271274 -0.35451099 0.56467241 0.33800256 0.83919907 0.79928267 0.45939085 -0.17097555 0.76786965 0.47190878 0.17069633 0.74065334 0.59026146 -0.42047325 0.73428124 0.58990496 -0.09127198 0.72622627 0.78142971 -0.6669715 0.73996162 0.7553466 -0.31527936
0.73106343 0.28598821 -0.04772068 0.70155519 0.31402466 0.47746193 0.70979291 0.29636624 -0.27780476 0.64754212 0.33811352 0.66042435 0.5982511 0.25942671 -0.39857712 0.57027632 0.29388368 0.65451521 0.79713935 0.46650422 -0.18282962 0.75805771 0.4770703 0.18264619 0.72904158 0.59373027 -0.47834054 0.7214722 0.58919907 -0.01400039 0.72373933 0.78188193 -0.73213857 0.73556721 0.7537809 -0.16211674
0.70724463 0.2873444 -0.1926782 0.68837363 0.31251886 0.38414523 0.70976943 0.30319825 -0.50015414 0.64389127 0.33223522 0.62981051 0.60112196 0.2735329 -0.76296848 0.57344437 0.28731334 0.74596024 0.80039966 0.46828234 -0.20673956 0.76442677 0.47581774 0.20677045 0.71193522 0.59808898 -0.46963522 0.70601624 0.59137017 0.14314061 0.72473156 0.78208023 -0.68161052 0.74101061 0.74604994 0.10217646
0.70925438 0.28907749 -0.06365047 0.67737931 0.32228038 0.40111753 0.7138809 0.28302968 -0.3320412 0.6466639 0.35181454 0.62391549 0.61951858 0.25880438 -0.49406016 0.57901388 0.3561199 0.68020135 0.8071807 0.46877223 -0.19296914 0.76662111 0.47738743 0.19273186 0.694682 0.59315765 -0.49261892 0.68856299 0.58192611 0.13667116 0.72470731 0.78276855 -0.79084843 0.74065346 0.72855312 0.07976178
0.71319062 0.29449004 -0.10906217 0.65299112 0.32854259 0.36668709 0.76526946 0.3471095 -0.42390513 0.66039282 0.40437239 0.51080078 0.68510813 0.34318802 -0.72597259 0.60757709 0.44418418 0.47811866 0.81031126 0.47032264 -0.19492581 0.76039642 0.47935343 0.19485302 0.68222207 0.5907132 -0.50713807 0.68095529 0.58361953 0.17668742 0.72232538 0.78284234 -0.75689673 0.75174844 0.7133826 0.20590825
0.71797585 0.29970139 -0.0255066 0.64351732 0.3362608 0.45806831 0.75719762 0.33575451 -0.37106436 0.66680473 0.40189055 0.7825579 0.70488316 0.32992917 -0.65870911 0.6582166 0.39603215 1.02595901 0.81395406 0.47154155 -0.18631634 0.75716895 0.4837288 0.18615346 0.67387897 0.5850814 -0.48814052 0.6707927 0.5792681 -0.17872584 0.72204661 0.77976209 -0.79292369 0.74912614 0.72250593 -0.4038589 
0.7206586 0.30149499 -0.08356641 0.63520718 0.33498895 0.32268479 0.75746894 0.30262312 -0.43823791 0.66289032 0.38729563 0.53365433 0.68048674 0.24998018 -0.6258496 0.63637632 0.36530685 0.58533734 0.81311309 0.47430763 -0.18259363 0.75622755 0.48624 0.18224433 0.66604155 0.59008479 -0.48428097 0.65102768 0.57995301 -0.20518023 0.72202319 0.78000951 -0.71788555 0.74354053 0.72736776 -0.33602867
0.7185114 0.30758619 -0.08420663 0.62789756 0.33899441 0.31330088 0.75803226 0.33798072 -0.39967817 0.65169168 0.39000437 0.52832586 0.70442373 0.3120181 -0.61428207 0.62894601 0.36837071 0.60012251 0.81191045 0.479036 -0.17972177 0.75511622 0.49162582 0.17940968 0.66114324 0.58937973 -0.49698499 0.63107795 0.57710403 -0.16340148 0.72276598 0.77936971 -0.73938066 0.74243653 0.72840768 -0.30927092
0.71883202 0.31291881 -0.15071467 0.60233015 0.34722194 0.30097997 0.7759546 0.31734771 -0.59451228 0.62200451 0.42501906 0.5360648 0.70145267 0.25305733 -0.99596918 0.54888368 0.47508413 0.56978387 0.81601644 0.48785001 -0.18883523 0.75049019 0.50207162 0.18877533 0.66297942 0.57669544 -0.63011688 0.62327439 0.57806975 -0.26851988 0.7236706 0.77534217 -0.81076431 0.74172962 0.73144847 -0.37682295
0.71725959 0.31651723 -0.10433611 0.6119172 0.34837899 0.32843408 0.75260752 0.30998999 -0.47984681 0.61724555 0.4222773 0.54057789 0.69028485 0.24855055 -0.76073021 0.56359667 0.42452845 0.60960758 0.81540334 0.49787748 -0.18831106 0.75152457 0.51044154 0.18836755 0.64899695 0.58160722 -0.56441194 0.62622088 0.58094275 -0.15980747 0.72439063 0.77552414 -0.80273253 0.74008512 0.73277259 -0.29254261
0.71739185 0.33047116 -0.04698465 0.6181953 0.38520938 0.40711424 0.75349736 0.31734765 -0.45925513 0.61630291 0.46384478 0.63370717 0.71408522 0.24919026 -0.84734833 0.52839315 0.48698005 0.70658463 0.81572342 0.50719136 -0.18621333 0.75601125 0.52144134 0.18623784 0.63805979 0.58090478 -0.5548653 0.61512691 0.58625591 -0.13475454 0.72756904 0.77518868 -0.81678885 0.73926139 0.73854607 -0.32864898
0.7136299 0.3269808 -0.11600181 0.61790627 0.37183464 0.40060914 0.68637961 0.28704378 -0.50056696 0.59705591 0.46307841 0.53879583 0.57436645 0.21054892 -0.72730726 0.52425045 0.46039149 0.44430497 0.81716269 0.51279128 -0.20163999 0.75751817 0.52439398 0.20166291 0.63227338 0.5835439 -0.57980043 0.61554837 0.58940125 -0.10808448 0.72773355 0.77514839 -0.81945878 0.73797983 0.73857993 -0.23294407
0.67323279 0.3466129 -0.11401221 0.6488201 0.37611148 0.39683196 0.60516262 0.29468623 -0.36272925 0.59967339 0.3856799 0.53946131 0.53100204 0.22604638 -0.44032747 0.53866327 0.32466999 0.51140648 0.81644189 0.51778382 -0.2016961 0.77132004 0.52742708 0.20172857 0.62769479 0.58372742 -0.55251032 0.61849803 0.59123158 -0.0302933 0.72765195 0.77525836 -0.78793347 0.73725814 0.73797476 -0.14636762
0.67842251 0.35765272 -0.18629181 0.65161735 0.38272747 0.33394319 0.61433083 0.29928026 -0.44258261 0.5934478 0.37821439 0.50927645 0.53991902 0.23784874 -0.50253445 0.54410219 0.3137283 0.52009815 0.81716865 0.52777112 -0.20522343 0.77476197 0.53594208 0.20539333 0.63346815 0.58781403 -0.52158529 0.61401194 0.5978716 0.05213449 0.72826767 0.77548778 -0.70034945 0.73677957 0.73766106 -0.0092422 
0.66461569 0.36247495 -0.14616103 0.68928373 0.3928006 0.37418026 0.61119533 0.31111595 -0.41747594 0.65010732 0.42839625 0.6518876 0.55074787 0.24283192 -0.54614282 0.5721727 0.39387432 0.82412642 0.81730962 0.53601938 -0.20269926 0.78775644 0.54033554 0.20280729 0.62244284 0.59560961 -0.5076769 0.61011469 0.60425162 0.17342074 0.72816306 0.7756595 -0.71235693 0.73634273 0.73768771 0.11890531
0.64843905 0.37487072 -0.19770376 0.69171828 0.38989398 0.306207 0.54136854 0.33932346 -0.41679415 0.64503741 0.3879185 0.53477269 0.5142591 0.25621015 -0.55311543 0.59138334 0.33187836 0.64829695 0.81715053 0.54025364 -0.20543158 0.79180098 0.54288471 0.20539303 0.61995286 0.60031033 -0.49220252 0.61074144 0.60593361 0.19023909 0.72771227 0.77578574 -0.6738053 0.73494798 0.73738378 0.17119224
0.64751405 0.37465534 -0.16326731 0.69695497 0.39502108 0.32506311 0.53521746 0.35413295 -0.35321978 0.64309782 0.39661086 0.56981492 0.47875667 0.2796483 -0.44997877 0.5877887 0.34744337 0.67553258 0.81995285 0.54427451 -0.20388874 0.79078692 0.54930252 0.20388305 0.61746925 0.60366213 -0.45249996 0.6018784 0.60946596 0.14130835 0.72757757 0.77658468 -0.63553816 0.72847927 0.73993862 0.06445815
0.62371403 0.39220211 -0.17204958 0.70372736 0.39014757 0.28400984 0.54403365 0.35120392 -0.32083678 0.65968633 0.36434001 0.46200028 0.51307428 0.27979001 -0.39130059 0.6003325 0.31235048 0.4806132 0.81952542 0.54988807 -0.20367925 0.79951453 0.54942536 0.2034885 0.6113466 0.60661471 -0.44630438 0.60150337 0.60789287 0.19325498 0.72567463 0.77725476 -0.63107419 0.72773069 0.74000257 0.18235616
0.62353039 0.39986938 -0.13077292 0.69853246 0.39090684 0.29959559 0.56333154 0.38673896 -0.30910674 0.67288047 0.37346759 0.3142322 0.55445045 0.34341881 -0.4297623 0.60922676 0.3264586 0.15049772 0.81928235 0.55496496 -0.20120242 0.79846263 0.55224347 0.20071527 0.60774481 0.61088562 -0.45377317 0.59693342 0.60742342 0.19198391 0.72535104 0.77835357 -0.70199645 0.72662514 0.74126232 0.1014173 
0.62055254 0.41250822 -0.10825363 0.69894594 0.39080793 0.29752132 0.57198989 0.42120218 -0.26294473 0.67494291 0.37755251 0.32676491 0.58711052 0.39080504 -0.34949952 0.6031357 0.35121712 0.21649712 0.81882423 0.56233329 -0.19629839 0.80558974 0.55463928 0.19573455 0.60668707 0.61406296 -0.45428729 0.59811819 0.60703653 0.30239183 0.72393978 0.77985305 -0.76957393 0.72942406 0.7407741 0.27703598
0.61286128 0.42047378 -0.20472918 0.70845276 0.39674166 0.19981031 0.50936502 0.38926288 -0.30422398 0.66773468 0.36398745 0.25590879 0.50657737 0.34588912 -0.34196863 0.59094846 0.32452676 0.12275485 0.81864327 0.57046002 -0.19531916 0.81349564 0.55853677 0.19469821 0.60867786 0.61717308 -0.43328923 0.59893268 0.6189729 0.25098479 0.7232734 0.78327543 -0.61030948 0.72973478 0.74161792 0.31432489
0.60596383 0.42731273 -0.18681854 0.71678847 0.40067858 0.21248321 0.50829941 0.41886216 -0.28762051 0.67001277 0.37918559 0.23967302 0.51655257 0.35828319 -0.31132576 0.59216392 0.35085437 0.09750587 0.81834406 0.57577413 -0.19453156 0.81901866 0.56215882 0.19385801 0.60315102 0.62372619 -0.37663257 0.60553294 0.62373006 0.34256086 0.71976078 0.78465867 -0.56020617 0.73097831 0.74185807 0.49399272
0.60916352 0.4414576 -0.03877887 0.71295565 0.41195208 0.23873056 0.52683133 0.47338566 -0.08881658 0.70482171 0.41217425 0.23567612 0.56146479 0.43376046 -0.05324799 0.62946105 0.40967801 0.06354249 0.79908252 0.58504987 -0.17455904 0.83089828 0.57484603 0.17371087 0.59788054 0.62757725 -0.34730476 0.60567909 0.62474042 0.34922138 0.71849608 0.78583997 -0.60369837 0.73096639 0.74215186 0.3962853 
0.59304595 0.44405553 -0.07613816 0.71524334 0.42056996 0.24177501 0.47832456 0.44119519 -0.16382858 0.70336485 0.42548513 0.30840695 0.50219917 0.38150728 -0.12024002 0.63614404 0.41627491 0.08091945 0.78617185 0.59586483 -0.17199503 0.8406235 0.58371049 0.1711439 0.59134388 0.62821543 -0.29578525 0.62908924 0.63646978 0.49303469 0.71645302 0.78640705 -0.45006773 0.7315039 0.74213105 0.7262854 
0.60303009 0.44664243 -0.20821463 0.71340072 0.42377976 0.15407066 0.49152678 0.43604347 -0.17397448 0.69397914 0.42457896 0.33063334 0.50097251 0.36332509 -0.20290543 0.62562072 0.41022867 0.41990566 0.78965038 0.60273832 -0.17371273 0.83322555 0.5891673 0.17304322 0.59305233 0.62545979 -0.34830904 0.62030315 0.63310522 0.37261701 0.71604669 0.78764206 -0.53207725 0.73070282 0.74183089 0.52699721
0.61891764 0.45505288 -0.20288655 0.71005899 0.42917269 0.17281879 0.50938785 0.48633164 -0.26176235 0.69508576 0.44191054 0.25151548 0.58576739 0.43726856 -0.30438313 0.62863702 0.43117756 0.11729242 0.80838138 0.60194772 -0.17504849 0.83054626 0.58890194 0.17443828 0.59242398 0.62217659 -0.37029579 0.62143129 0.62945902 0.35889637 0.71722901 0.78712749 -0.59432769 0.73071373 0.74180692 0.42965344
0.61961484 0.4671016 -0.23193151 0.70839882 0.43826106 0.17415529 0.49083358 0.47563979 -0.22418287 0.68903369 0.43976212 0.41800839 0.52487785 0.41686112 -0.05049332 0.61962336 0.42190924 0.5888387 0.814946 0.60887939 -0.17452694 0.82788265 0.59433687 0.17404288 0.59190089 0.62136644 -0.37347502 0.62151152 0.62881851 0.40050268 0.71730787 0.7870211 -0.59319675 0.73071569 0.74179739 0.53228569
0.63194066 0.47444648 -0.3034243 0.68710083 0.4506925 0.04332902 0.50648963 0.4684369 -0.33211318 0.67266613 0.44671938 0.27197444 0.51201236 0.40526724 -0.17553787 0.6181584 0.42632666 0.43492147 0.82176608 0.62060529 -0.15929708 0.82744473 0.60225332 0.15890957 0.59373295 0.62381494 -0.37693402 0.62127602 0.63297862 0.35906518 0.7163114 0.78587312 -0.51449728 0.73297441 0.7406652 0.48117992
0.66551143 0.47929436 -0.38178244 0.64771205 0.46795887 -0.03954773 0.58294505 0.47213167 -0.50616372 0.61179525 0.46492976 0.07990261 0.51156515 0.41090858 -0.4947286 0.57999265 0.42911878 0.084043 0.8310864 0.6182425 -0.1550476 0.80763203 0.6144802 0.15462834 0.59605646 0.62342936 -0.40370768 0.60130614 0.62163597 0.23259525 0.71707618 0.78587979 -0.53913915 0.73150051 0.73941118 0.26362112
0.65113336 0.49950808 -0.29418471 0.65936124 0.4650813 0.01858817 0.5807963 0.51951861 -0.22945265 0.63963485 0.4580909 0.20853226 0.56721276 0.46117905 -0.02134819 0.58359087 0.44478405 0.43769497 0.82793003 0.63781917 -0.14672215 0.80796027 0.6173448 0.14628631 0.58535713 0.6231091 -0.29582497 0.61830235 0.62954646 0.40771759 0.71616268 0.78555673 -0.40248609 0.73132092 0.73918808 0.51231992
0.67068982 0.49410591 -0.18662216 0.66450435 0.49351564 0.19920753 0.59829408 0.49553332 -0.24682125 0.61688626 0.49946448 0.37731454 0.56372893 0.44857463 -0.1562096 0.56831551 0.46804804 0.44076714 0.83374435 0.63292831 -0.15941113 0.81279045 0.62483728 0.1589049 0.58652049 0.61801338 -0.32873687 0.60159653 0.62099111 0.27141187 0.71611947 0.7855044 -0.46303418 0.72612852 0.74257153 0.25929695
0.66004235 0.50487083 -0.17436916 0.6996702 0.51987547 0.27675858 0.56144309 0.51859117 -0.19810745 0.73282039 0.6013996 0.39151442 0.45761129 0.45751721 -0.07074551 0.72395802 0.63880575 0.37440711 0.83137095 0.63779932 -0.15963374 0.82441533 0.63113421 0.1593409 0.58194017 0.61506593 -0.31617385 0.60183251 0.61892027 0.36051363 0.713588 0.78431743 -0.4280417 0.72608155 0.74141639 0.45077786
0.65791112 0.51133406 -0.01632155 0.70387846 0.53197855 0.39767903 0.62665868 0.53105575 0.01790451 0.75271708 0.60552108 0.46000382 0.58591008 0.48958206 0.18942735 0.75795579 0.63569945 0.36766699 0.83211035 0.64035922 -0.16167013 0.82918322 0.63498527 0.16114148 0.5829075 0.6150825 -0.30103564 0.61324912 0.61804253 0.36879915 0.68766838 0.78395122 -0.46659651 0.72614193 0.740143 0.41412356
0.66646326 0.50411105 -0.03107477 0.68954861 0.5177505 0.34933755 0.64145607 0.50985616 -0.13694915 0.72306007 0.55572104 0.45822287 0.61952245 0.46891335 -0.15012337 0.7023986 0.54866427 0.40522522 0.83310735 0.64004433 -0.16215481 0.83110785 0.64417201 0.16166352 0.58116466 0.61542475 -0.29293001 0.60923713 0.61471695 0.20931238 0.68897766 0.78388751 -0.44067299 0.72439909 0.73984396 0.07756875
0.64897537 0.5157454 -0.09002161 0.67880648 0.50791276 0.29561308 0.62741619 0.51337105 -0.16544776 0.71328086 0.53499562 0.42341065 0.60593724 0.46058759 -0.15426549 0.69094026 0.53173834 0.4583225 0.82489717 0.64659292 -0.16181526 0.82722187 0.63453376 0.16136758 0.58037937 0.6157825 -0.29173809 0.60465884 0.60919887 0.23314957 0.6893934 0.7840569 -0.41630948 0.72276753 0.73912233 0.17439312
0.65014505 0.51142496 -0.10785662 0.69527549 0.52228725 0.36396825 0.58436143 0.51850313 -0.16824484 0.71429086 0.56809592 0.53224415 0.50017965 0.46648759 -0.08963282 0.6928184 0.55853373 0.53765267 0.82776392 0.64114565 -0.16564639 0.82666999 0.63295835 0.16512148 0.57883382 0.61580527 -0.28629112 0.60355312 0.60954851 0.25490367 0.67378861 0.78340286 -0.37715018 0.72081465 0.73796576 0.24806336
0. 0. 0. 0. 0. 0. 0. 0. 0. 0. 0. 0. 0. 0. 0. 0. 0. 0. 0. 0. 0. 0. 0. 0. 0. 0. 0. 0. 0. 0. 0. 0. 0. 0. 0. 0. 0. 0. 0. 0. 0. 0. 0. 0. 0. 0. 0. 0. 0. 0. 0. 0. 0. 0. 0. 0. 0. 0. 0. 0. 0. 0. 0. 0. 0. 0. 0. 0. 0. 0. 0. 0. 0. 0. 0. 0. 0. 0. 0. 0. 0. 0. 0. 0. 0. 0. 0. 0. 0. 0. 0. 0. 0. 0. 0. 0. 0. 0. 0. 0. 0. 0. 0. 0. 0. 0. 0. 0. 0. 0. 0. 0. 0. 0. 0. 0. 0. 0. 0. 0. 0. 0. 0. 0. 0. 0. 0. 0. 0. 0. 0. 0.
0. 0. 0. 0. 0. 0. 0. 0. 0. 0. 0. 0. 0. 0. 0. 0. 0. 0. 0. 0. 0. 0. 0. 0. 0. 0. 0. 0. 0. 0. 0. 0. 0. 0. 0. 0. 0. 0. 0. 0. 0. 0. 0. 0. 0. 0. 0. 0. 0. 0. 0. 0. 0. 0. 0. 0. 0. 0. 0. 0. 0. 0. 0. 0. 0. 0. 0. 0. 0. 0. 0. 0. 0. 0. 0. 0. 0. 0. 0. 0. 0. 0. 0. 0. 0. 0. 0. 0. 0. 0. 0. 0. 0. 0. 0. 0. 0. 0. 0. 0. 0. 0. 0. 0. 0. 0. 0. 0. 0. 0. 0. 0. 0. 0. 0. 0. 0. 0. 0. 0. 0. 0. 0. 0. 0. 0. 0. 0. 0. 0. 0. 0.
0. 0. 0. 0. 0. 0. 0. 0. 0. 0. 0. 0. 0. 0. 0. 0. 0. 0. 0. 0. 0. 0. 0. 0. 0. 0. 0. 0. 0. 0. 0. 0. 0. 0. 0. 0. 0. 0. 0. 0. 0. 0. 0. 0. 0. 0. 0. 0. 0. 0. 0. 0. 0. 0. 0. 0. 0. 0. 0. 0. 0. 0. 0. 0. 0. 0. 0. 0. 0. 0. 0. 0. 0. 0. 0. 0. 0. 0. 0. 0. 0. 0. 0. 0. 0. 0. 0. 0. 0. 0. 0. 0. 0. 0. 0. 0. 0. 0. 0. 0. 0. 0. 0. 0. 0. 0. 0. 0. 0. 0. 0. 0. 0. 0. 0. 0. 0. 0. 0. 0. 0. 0. 0. 0. 0. 0. 0. 0. 0. 0. 0. 0.
0. 0. 0. 0. 0. 0. 0. 0. 0. 0. 0. 0. 0. 0. 0. 0. 0. 0. 0. 0. 0. 0. 0. 0. 0. 0. 0. 0. 0. 0. 0. 0. 0. 0. 0. 0. 0. 0. 0. 0. 0. 0. 0. 0. 0. 0. 0. 0. 0. 0. 0. 0. 0. 0. 0. 0. 0. 0. 0. 0. 0. 0. 0. 0. 0. 0. 0. 0. 0. 0. 0. 0. 0. 0. 0. 0. 0. 0. 0. 0. 0. 0. 0. 0. 0. 0. 0. 0. 0. 0. 0. 0. 0. 0. 0. 0. 0. 0. 0. 0. 0. 0. 0. 0. 0. 0. 0. 0. 0. 0. 0. 0. 0. 0. 0. 0. 0. 0. 0. 0. 0. 0. 0. 0. 0. 0. 0. 0. 0. 0. 0. 0.
0.83319509 0.5726189 0.26161501 0.84585023 0.61799163 0.02282544 0.74423766 0.64349294 0.31411722 0.74349755 0.64872593 0.13404472 0.73758197 0.71827048 0.26715016 0.71029294 0.68354392 0.43195695 0.599805 0.60834306 0.1403776 0.61015755 0.63550937 -0.14147088 0.67495161 0.68285048 0.53337979 0.6776014 0.72663516 0.09992032 0.73388505 0.7596963 0.91294575 0.68174309 0.79508495 0.3672024 
0.83190268 0.56992429 0.29895759 0.84467524 0.61927325 0.00963677 0.73908681 0.64093679 0.36713666 0.74015862 0.65780389 0.13632713 0.73861468 0.71513909 0.29973224 0.72782046 0.70963293 0.48566526 0.59987903 0.60865456 0.1515487 0.61212403 0.63546574 -0.15250611 0.68101037 0.68001246 0.53658903 0.68493384 0.72707838 0.10372006 0.72610283 0.76027435 0.93231839 0.69175965 0.79601246 0.38122758
0.82979417 0.56513804 0.30012089 0.84507835 0.61774069 0.00950715 0.73194253 0.63987947 0.37358072 0.74028879 0.65935528 0.13606925 0.73886704 0.7106784 0.3074095 0.73720521 0.71351105 0.47329822 0.60084313 0.60827881 0.15464751 0.61901146 0.63313347 -0.15554871 0.68275613 0.67931396 0.55556929 0.69036293 0.72678638 0.10368109 0.72072512 0.76017863 0.96663874 0.70401198 0.79613978 0.3743071 
0.83561474 0.56016839 0.21712732 0.85606092 0.6143412 -0.11063096 0.73295301 0.63215065 0.30178437 0.74122143 0.65820855 0.00816044 0.74138916 0.70751065 0.23925318 0.73873436 0.71407092 0.32968318 0.6009028 0.60356259 0.16002899 0.62055123 0.63034761 -0.16087471 0.68136013 0.67781574 0.55610269 0.69414395 0.724567 0.10114435 0.70913267 0.76194918 0.95236671 0.70265263 0.79613405 0.35560364
0. 0. 0. 0. 0. 0. 0. 0. 0. 0. 0. 0. 0. 0. 0. 0. 0. 0. 0. 0. 0. 0. 0. 0. 0. 0. 0. 0. 0. 0. 0. 0. 0. 0. 0. 0. 0. 0. 0. 0. 0. 0. 0. 0. 0. 0. 0. 0. 0. 0. 0. 0. 0. 0. 0. 0. 0. 0. 0. 0. 0. 0. 0. 0. 0. 0. 0. 0. 0. 0. 0. 0. 0. 0. 0. 0. 0. 0. 0. 0. 0. 0. 0. 0. 0. 0. 0. 0. 0. 0. 0. 0. 0. 0. 0. 0. 0. 0. 0. 0. 0. 0. 0. 0. 0. 0. 0. 0. 0. 0. 0. 0. 0. 0. 0. 0. 0. 0. 0. 0. 0. 0. 0. 0. 0. 0. 0. 0. 0. 0. 0. 0.
0. 0. 0. 0. 0. 0. 0. 0. 0. 0. 0. 0. 0. 0. 0. 0. 0. 0. 0. 0. 0. 0. 0. 0. 0. 0. 0. 0. 0. 0. 0. 0. 0. 0. 0. 0. 0. 0. 0. 0. 0. 0. 0. 0. 0. 0. 0. 0. 0. 0. 0. 0. 0. 0. 0. 0. 0. 0. 0. 0. 0. 0. 0. 0. 0. 0. 0. 0. 0. 0. 0. 0. 0. 0. 0. 0. 0. 0. 0. 0. 0. 0. 0. 0. 0. 0. 0. 0. 0. 0. 0. 0. 0. 0. 0. 0. 0. 0. 0. 0. 0. 0. 0. 0. 0. 0. 0. 0. 0. 0. 0. 0. 0. 0. 0. 0. 0. 0. 0. 0. 0. 0. 0. 0. 0. 0. 0. 0. 0. 0. 0. 0.
0. 0. 0. 0. 0. 0. 0. 0. 0. 0. 0. 0. 0. 0. 0. 0. 0. 0. 0. 0. 0. 0. 0. 0. 0. 0. 0. 0. 0. 0. 0. 0. 0. 0. 0. 0. 0. 0. 0. 0. 0. 0. 0. 0. 0. 0. 0. 0. 0. 0. 0. 0. 0. 0. 0. 0. 0. 0. 0. 0. 0. 0. 0. 0. 0. 0. 0. 0. 0. 0. 0. 0. 0. 0. 0. 0. 0. 0. 0. 0. 0. 0. 0. 0. 0. 0. 0. 0. 0. 0. 0. 0. 0. 0. 0. 0. 0. 0. 0. 0. 0. 0. 0. 0. 0. 0. 0. 0. 0. 0. 0. 0. 0. 0. 0. 0. 0. 0. 0. 0. 0. 0. 0. 0. 0. 0. 0. 0. 0. 0. 0. 0.
0.80612093 0.52364641 0.31491238 0.8568036 0.60376567 0.16698439 0.71315038 0.51572686 0.29220659 0.77938175 0.63909358 0.1304667 0.62932634 0.51992893 0.28976563 0.72872472 0.67432076 0.21249448 0.62774968 0.57915455 0.11675581 0.65177768 0.61867595 -0.11779602 0.668212 0.65170985 0.49769512 0.69622499 0.71127111 0.05956102 0.71116555 0.73487771 0.86489922 0.71160108 0.78847027 0.29502627
0.84577161 0.52713042 0.32277685 0.86589658 0.59717673 0.08424871 0.74365151 0.56489557 0.39161891 0.7791391 0.62950802 0.16430603 0.73285246 0.62585443 0.38611376 0.73638827 0.66099566 0.42899579 0.63151431 0.58386952 0.13865206 0.65308547 0.61976457 -0.13972364 0.67806911 0.65979469 0.54235548 0.69613731 0.71430451 0.12455957 0.7122066 0.73932546 0.9630962 0.70469284 0.78977466 0.43911943
0.85279495 0.52613354 0.15086795 0.86511427 0.59745991 -0.1087862 0.76797646 0.54592067 0.28468835 0.76101309 0.62450927 0.01567885 0.76545107 0.58515948 0.38319835 0.7365014 0.6631251 0.31974 0.63385248 0.58826768 0.14380899 0.64879847 0.62202197 -0.14463139 0.6817776 0.662974 0.54345864 0.69613206 0.71660286 0.1532362 0.71223521 0.74374586 0.94914889 0.70516211 0.79168123 0.49063635
0.85981423 0.51947874 0.27494192 0.88131928 0.59427506 0.00547869 0.76917911 0.52231073 0.41081053 0.76133698 0.61935532 0.16358417 0.73913735 0.57703722 0.51726556 0.7367906 0.66617203 0.38366726 0.64370376 0.58631653 0.14346175 0.66567713 0.62178814 -0.14407545 0.68158227 0.6552152 0.53319341 0.70530421 0.71400887 0.14958468 0.70642507 0.7423678 0.92485642 0.70548677 0.7915417 0.45694304
0.86827391 0.51442921 0.38083774 0.89024705 0.58770859 0.19081204 0.78810996 0.50170386 0.4981226 0.79425907 0.61400419 0.27934739 0.77109402 0.52786589 0.65065318 0.7397092 0.65085447 0.51442569 0.65407306 0.58415926 0.14105484 0.67700034 0.6190809 -0.14185917 0.68641025 0.65608495 0.48296475 0.70458233 0.71075267 0.13549329 0.70794636 0.7493183 0.82373297 0.70555055 0.79150522 0.4176147 
0.86298335 0.5138799 0.45144409 0.8872757 0.58347738 0.22346087 0.77113795 0.55046636 0.46788236 0.8017081 0.61793643 0.25900698 0.73728585 0.60628551 0.4923861 0.75300843 0.65123504 0.47106203 0.65935647 0.58414012 0.13921942 0.68295044 0.61908263 -0.14032975 0.68549341 0.66299385 0.55562276 0.70481348 0.7113378 0.06015828 0.71784514 0.75125384 0.86160451 0.70427805 0.79261047 0.20816456
0.8614158 0.51163954 0.40594152 0.89144695 0.58026946 0.22953665 0.76418203 0.54621315 0.43772164 0.81195909 0.61688793 0.21612415 0.72447491 0.59860802 0.33310944 0.75220609 0.65532655 0.26142782 0.65657437 0.58447587 0.12363325 0.68891448 0.61765611 -0.12512323 0.68753761 0.67240578 0.55268604 0.70664054 0.70989811 -0.03356944 0.71863133 0.76209569 0.71778154 0.70471603 0.79245323 0.01936521
0.85655504 0.50740218 0.44132668 0.90083927 0.57127631 0.30892628 0.72633827 0.52908927 0.4063592 0.80718124 0.61990505 0.2901845 0.6204564 0.56604224 0.37888721 0.75145179 0.66829765 0.43987989 0.65485293 0.58431512 0.12357692 0.68712163 0.61726075 -0.12499655 0.69805175 0.67224908 0.45872846 0.70860404 0.71139121 -0.13631003 0.72427243 0.76866126 0.66222543 0.7038219 0.79574358 -0.05374387
0.85937065 0.5085609 0.40182501 0.89667815 0.57514989 0.26891217 0.74612802 0.54496282 0.36099833 0.8116039 0.610286 0.1842154 0.67350775 0.59531552 0.32131901 0.75003296 0.64472204 0.17979786 0.65601856 0.58694571 0.10982464 0.68631268 0.61708295 -0.11136064 0.69752204 0.68173027 0.38073835 0.70845848 0.71140182 -0.12511076 0.72320253 0.76891524 0.34733394 0.704036 0.79636461 -0.2920765 
0.85892779 0.50626504 0.38972685 0.90343422 0.56390095 0.27130619 0.75462484 0.54496199 0.33242375 0.82315803 0.5991357 0.12911081 0.7042883 0.60259265 0.2728163 0.75004083 0.62715375 0.08217038 0.65551215 0.58659202 0.10315017 0.68417114 0.6135112 -0.10475502 0.70109296 0.67738479 0.37300581 0.71026957 0.70936412 -0.09847645 0.72248793 0.77024841 0.29738364 0.7044996 0.79614347 -0.28690901
0.85851836 0.50358796 0.48070899 0.90726554 0.56846428 0.39626467 0.74157739 0.53063142 0.40231624 0.81923193 0.59742838 0.27029142 0.66100776 0.58698279 0.36810884 0.74119729 0.62399262 0.22532722 0.65461677 0.58612287 0.10364396 0.68839961 0.61241472 -0.10517146 0.704714 0.67948085 0.30629775 0.7138989 0.7082637 -0.1947882 0.72241181 0.77505898 0.18054913 0.70663941 0.79596978 -0.39235252
0.86309457 0.49983379 0.43274072 0.91386485 0.55906147 0.33033699 0.75413316 0.50775558 0.31285438 0.83936363 0.58159316 0.21179724 0.7015937 0.55362093 0.26373261 0.75994492 0.5781191 0.10140817 0.65508044 0.5859161 0.09620887 0.68776637 0.61252576 -0.09797597 0.70858669 0.67999864 0.37827849 0.71615446 0.70838135 -0.10408431 0.71578801 0.7721383 0.22399698 0.70101953 0.79732895 -0.33650607
0.8628915 0.49780124 0.46235153 0.91354233 0.55732477 0.32184485 0.74869978 0.51383984 0.36659962 0.83248609 0.58383107 0.201584 0.69223702 0.57151765 0.30243933 0.75774437 0.60540503 0.16700841 0.65298367 0.58584553 0.10428091 0.68812692 0.61192685 -0.10644091 0.70809919 0.68439311 0.41581494 0.71883619 0.71124643 -0.09843536 0.71121734 0.772982 0.35652828 0.70019257 0.80183256 -0.22513436
0.85771805 0.49509826 0.44011363 0.91552562 0.5540148 0.35935941 0.74435043 0.51691991 0.34560138 0.83346093 0.58308256 0.19898808 0.6741547 0.57124507 0.27458054 0.75644571 0.60895342 0.12881316 0.65009069 0.58589965 0.0978031 0.69115877 0.61151826 -0.09984145 0.70687747 0.68773723 0.3581309 0.72110987 0.71384054 -0.08497536 0.70818639 0.77999252 0.1896261 0.70056593 0.80143315 -0.300363 
0.85606641 0.49168062 0.4540827 0.91471988 0.54810297 0.3640441 0.73534942 0.51406652 0.34523544 0.83102578 0.56933653 0.19587648 0.65099138 0.56355369 0.26240334 0.74158317 0.59074301 0.10019822 0.65091431 0.58641022 0.10369381 0.69160622 0.61155349 -0.10596617 0.70967484 0.69196582 0.47120506 0.72070217 0.71586132 -0.0761719 0.70750213 0.77610737 0.46548361 0.69571948 0.80094469 -0.18979985
0.84161413 0.49424136 0.47003067 0.91058826 0.54294509 0.34784067 0.75072533 0.54946387 0.41090012 0.82381779 0.56411022 0.14307702 0.70080203 0.61643201 0.33096734 0.7387349 0.59491605 0.11683771 0.65087873 0.58747673 0.11232712 0.69061929 0.61048323 -0.11474114 0.69302887 0.70104218 0.56616777 0.72177595 0.71951967 0.04529509 0.70768285 0.77415258 0.60938311 0.69273388 0.80027163 0.02942057
0.84595639 0.48843423 0.40378249 0.91759855 0.54373801 0.25751266 0.74424297 0.49005887 0.3469215 0.83687222 0.55761552 0.06502239 0.68502969 0.53893751 0.2990562 0.75500077 0.57268739 -0.04864218 0.65084434 0.58980215 0.11696103 0.68763518 0.6123274 -0.11921782 0.69257838 0.70709211 0.51087099 0.73524868 0.72076327 0.08396805 0.70354849 0.78001559 0.55053985 0.69431996 0.80009747 0.07640569
0.84857088 0.48877266 0.41154841 0.91792524 0.53741586 0.24277157 0.76583588 0.50097668 0.36783355 0.85577083 0.54725176 0.01362375 0.72945017 0.55318171 0.30861923 0.79620564 0.56389183 -0.12809336 0.65111047 0.59163421 0.12173096 0.68335998 0.61268651 -0.12385651 0.7046923 0.70078582 0.51990885 0.73508918 0.72020155 0.08902739 0.70523584 0.77782041 0.53728831 0.69742286 0.79986942 0.01642145
0.84872478 0.48483974 0.38271743 0.92190254 0.53740591 0.23202829 0.76222908 0.48598394 0.39676914 0.86139971 0.55195618 0.05897982 0.73140484 0.53157437 0.49058905 0.794891 0.56180471 0.03830986 0.65371269 0.59155434 0.12119375 0.6842078 0.61270869 -0.12336516 0.70812672 0.6978597 0.49592036 0.73479462 0.71975207 0.05349134 0.70544362 0.77672279 0.39863124 0.69930732 0.79964477 -0.09919455
0.84381151 0.48337951 0.39059386 0.92166913 0.53683484 0.28542316 0.74598318 0.48943081 0.34153366 0.85332876 0.55325276 0.07034539 0.70058388 0.53477412 0.34970498 0.78862017 0.56545699 0.04650772 0.65206927 0.59220886 0.10211234 0.68417376 0.61272049 -0.10430064 0.70851451 0.69594586 0.39580598 0.73234439 0.71704859 0.03660529 0.70314503 0.77964681 0.14162448 0.70349175 0.79953963 -0.27366909
0.84231758 0.48319879 0.37013707 0.92100632 0.53698403 0.29791951 0.74603599 0.49627849 0.31814724 0.85761774 0.55544925 0.14807995 0.70488435 0.54274482 0.32175404 0.78726906 0.56166959 0.11242101 0.64817429 0.59355903 0.08283642 0.68408042 0.61279708 -0.08500616 0.70811909 0.69147438 0.36563268 0.73135793 0.70734757 0.06804987 0.70149052 0.77921212 0.09333217 0.70736581 0.79810482 -0.19376415
0.83475041 0.4796851 0.37338141 0.92024726 0.53405684 0.33189747 0.73903865 0.49145558 0.26181942 0.85364336 0.55717432 0.15111159 0.70428717 0.53512394 0.2057047 0.78267604 0.56498623 0.06591503 0.64765286 0.59303355 0.06887074 0.68166268 0.6127978 -0.07076304 0.70765114 0.68534714 0.29652032 0.72909075 0.7034114 -0.06376886 0.70204622 0.77854055 -0.10653901 0.70892864 0.79380375 -0.55871964
0.83361459 0.47843185 0.40043509 0.91728449 0.53343129 0.39928961 0.733033 0.49379236 0.28489923 0.83090186 0.53706998 0.24952169 0.68161619 0.5308314 0.23306832 0.7556591 0.54106587 0.18372375 0.64593512 0.59277546 0.0646494 0.6784901 0.61280799 -0.06656754 0.70894504 0.68824583 0.25594774 0.72579086 0.70408511 -0.11775827 0.70221508 0.7783969 -0.21639992 0.70879793 0.79081309 -0.64980352
0.83308858 0.47698781 0.32045481 0.91698277 0.53117239 0.37466237 0.73399204 0.48558035 0.27300993 0.83364129 0.54007089 0.30405942 0.69283772 0.51492584 0.36239997 0.75646967 0.53396779 0.29687732 0.64223468 0.5926742 0.03470664 0.67604846 0.61274874 -0.0366478 0.70852053 0.68797034 0.23466142 0.72352433 0.70069611 -0.05371793 0.70191693 0.77799523 -0.29290202 0.71025681 0.78960598 -0.590397 
0.82428718 0.4736971 0.09898448 0.91681319 0.53143275 0.09677364 0.7147032 0.46837276 0.04423696 0.8372888 0.54516196 0.01110558 0.66691202 0.49701411 0.06485222 0.75866836 0.54328758 -0.00601395 0.64088881 0.59229791 0.0519604 0.67381537 0.61292583 -0.05390927 0.70877802 0.68437028 0.25320455 0.72161806 0.7015056 -0.08036859 0.70205724 0.77779305 -0.04496495 0.71106732 0.78994137 -0.4731645 
8.20805967e-01 4.72916543e-01 -4.58569452e-02 9.13230658e-01 5.27750611e-01 -3.66468495e-03 7.19431221e-01 4.62390125e-01 -1.99524760e-02 8.37264240e-01 5.46039939e-01 -6.55909479e-02 6.78863227e-01 4.80971307e-01 9.24677849e-02 7.60367334e-01 5.44552743e-01 -1.00878768e-01 6.40891910e-01 5.92248321e-01 3.98228504e-02 6.73545241e-01 6.12995327e-01 -4.14034314e-02 7.08623290e-01 6.82331502e-01 2.24945202e-01 7.20732868e-01 7.00057030e-01 -2.21971534e-02 7.02620029e-01 7.78297424e-01 -6.96017814e-04 7.17892408e-01 7.89645374e-01 -2.97946095e-01
0.81589812 0.47108299 -0.02711852 0.90805405 0.52808249 -0.02704755 0.73361135 0.44928175 -0.0282474 0.8459357 0.54616046 -0.13921435 0.74268919 0.46501622 0.04233408 0.77195448 0.5458672 -0.24126813 0.64053541 0.59179205 0.04155491 0.6733796 0.6130901 -0.04380108 0.70829636 0.67207509 0.26337695 0.72057551 0.70122498 -0.03996622 0.70270145 0.77754748 0.11527324 0.71805906 0.78989071 -0.25804806
8.14854860e-01 4.67782050e-01 -6.10265434e-02 9.08101141e-01 5.27683854e-01 -1.31840603e-02 7.22713470e-01 4.44731236e-01 -5.15138209e-02 8.46072793e-01 5.46876252e-01 -5.40411063e-02 7.27498174e-01 4.56187695e-01 4.67536896e-02 7.71536946e-01 5.46597719e-01 -6.89636022e-02 6.40042722e-01 5.89785933e-01 2.68005487e-02 6.73803568e-01 6.13121271e-01 -2.85341889e-02 7.07033396e-01 6.71233058e-01 1.98758170e-01 7.24264801e-01 7.01703370e-01 1.02014497e-01 7.04259992e-01 7.76598394e-01 1.42665929e-04 7.17479348e-01 7.86372304e-01 -6.12275451e-02
0.8163467 0.46546632 -0.07885204 0.90694463 0.52123171 -0.07420304 0.76913291 0.41659465 0.02450682 0.83653241 0.54906821 0.08283889 0.78268051 0.40215948 0.22123121 0.76173234 0.54745567 0.41852766 0.63944441 0.58893329 0.02750021 0.67388833 0.6123659 -0.0291395 0.70694768 0.6720311 0.24399866 0.72685134 0.70066446 0.14064871 0.70420963 0.77619666 0.20661247 0.71751946 0.78684485 0.12101657
0.80534732 0.46705833 -0.09296972 0.88598138 0.4965921 -0.04858686 0.74687034 0.46775043 -0.04688953 0.80268222 0.5154894 -0.18327987 0.7641626 0.47556266 0.05858061 0.73662144 0.52473682 -0.40344578 0.63923222 0.58643156 0.01026949 0.67396098 0.60867745 -0.01172755 0.70617503 0.67154539 0.16388746 0.72637284 0.6886884 0.15008493 0.70448697 0.77890176 0.15336075 0.71874338 0.78406107 0.14022128
7.99077213e-01 4.56387550e-01 -8.79513174e-02 8.85839581e-01 4.99509007e-01 -8.89798999e-03 6.81538641e-01 4.66066450e-01 -6.07291460e-02 7.90092468e-01 5.10748565e-01 -8.74232948e-02 6.33327186e-01 4.77114797e-01 -1.38556333e-02 7.23460972e-01 5.13315976e-01 -1.83768257e-01 6.32811964e-01 5.81729472e-01 -2.23433902e-03 6.75765991e-01 6.06268346e-01 7.16210925e-04 7.03186333e-01 6.66991889e-01 9.85189527e-02 7.54346430e-01 6.85576499e-01 2.08553687e-01 7.05563009e-01 7.78729856e-01 1.28664568e-01 7.23529279e-01 7.78902709e-01 3.02573591e-01
0.79063398 0.45549262 -0.04883669 0.87229711 0.48285109 0.11948869 0.68700594 0.46958363 -0.11314012 0.78638726 0.49547252 -0.03911119 0.64191645 0.48727858 -0.11821783 0.70350718 0.49132809 -0.17034741 0.63071376 0.57859457 0.00286188 0.67374623 0.60148209 -0.0042957 0.70196861 0.66440564 0.07335492 0.72959453 0.68069339 -0.0494996 0.70773673 0.77536112 -0.10632392 0.72266269 0.78039443 -0.29737499
0.79503226 0.45798999 -0.20988168 0.84400171 0.47041878 0.02645864 0.69759881 0.48481652 -0.28085333 0.72857744 0.47546002 -0.0235892 0.65742189 0.49194795 -0.31415063 0.63629097 0.47797093 -0.12824227 0.63122326 0.58261138 -0.03089794 0.67051852 0.60256749 0.02969311 0.70193642 0.66589981 -0.10379516 0.72004974 0.67663997 0.06042911 0.70874047 0.77284127 -0.24018298 0.72246474 0.77525043 0.01622847
0.7980184 0.4600302 -0.25147513 0.84450448 0.47004297 -0.00738913 0.69207937 0.48756087 -0.39243898 0.68926036 0.47621229 -0.03116885 0.63786674 0.49656671 -0.55147088 0.57675433 0.48037025 -0.09482008 0.63220567 0.58489776 -0.04069917 0.66863286 0.60238898 0.03978489 0.70307553 0.6714375 -0.09329144 0.71942455 0.68082261 0.09263686 0.70671922 0.77183449 -0.14199241 0.72221416 0.77555031 0.08713666
0.82295156 0.46133581 -0.33031157 0.78596401 0.45989713 -0.03127647 0.73708993 0.52356261 -0.45048618 0.64236015 0.47364748 -0.01580144 0.67883188 0.51345325 -0.59048229 0.55949813 0.48096448 -0.0578178 0.64706689 0.59256041 -0.07379773 0.64277703 0.59607959 0.07318304 0.70307952 0.6899789 -0.18395266 0.6974709 0.68418753 0.19658007 0.70636523 0.77939671 -0.16002765 0.72187161 0.77151269 0.32723919
0.84116918 0.4631409 -0.37440726 0.75925797 0.44661161 -0.01798971 0.74263966 0.54880482 -0.49216908 0.61932534 0.46361142 0.02164179 0.67353868 0.52792233 -0.61995965 0.54532874 0.4876059 -0.03221665 0.66772932 0.5973103 -0.11717058 0.63568747 0.58972633 0.11665602 0.70404285 0.68968379 -0.2009052 0.69856054 0.68534964 0.22220434 0.70939565 0.78499907 -0.09857409 0.72208852 0.76710838 0.49663311
0.84523737 0.46363544 -0.32500112 0.77039504 0.44499663 0.00503589 0.76583636 0.53312778 -0.37190926 0.65948284 0.44523907 0.11676608 0.68165237 0.51819003 -0.37355325 0.57501674 0.45983079 0.1006202 0.6750133 0.59601665 -0.12437826 0.63713473 0.58797723 0.12378369 0.70613283 0.6883803 -0.1913102 0.69919634 0.67733282 0.20215094 0.71163779 0.78449613 -0.13366994 0.72206771 0.76485699 0.35425869
0.84651053 0.4638992 -0.29408243 0.75139958 0.44395494 0.038852 0.7553978 0.53991801 -0.36629 0.63843954 0.45918304 0.09062197 0.67214018 0.51409507 -0.38384104 0.59082705 0.47618517 0.04463106 0.68298292 0.59580547 -0.1132191 0.63711935 0.58522379 0.11270678 0.70746905 0.68805152 -0.30819193 0.69883025 0.67427564 0.16900553 0.71215677 0.78366768 -0.30053884 0.72196221 0.76127684 0.29882786
0.84493303 0.45637524 -0.08365442 0.77121902 0.43711945 0.27596432 0.75799417 0.53085268 -0.12911153 0.66413677 0.42106494 0.26889095 0.67662072 0.53645307 -0.08028453 0.66905117 0.41173494 0.16787189 0.68529046 0.59547418 -0.11279107 0.64053255 0.58311027 0.11168547 0.70860016 0.68460906 -0.20587561 0.69984376 0.6715107 0.15693186 0.71219689 0.78374422 -0.45308116 0.72413093 0.75721145 -0.04887669
0.84120315 0.45383728 -0.16944273 0.74579316 0.44041702 0.21061952 0.7439459 0.53117108 -0.23878987 0.63425648 0.46689275 0.24303667 0.64912945 0.53198606 -0.2632724 0.58836865 0.48838609 0.12660414 0.68761998 0.59504813 -0.1324026 0.63827896 0.58338916 0.13187931 0.72494566 0.68402141 -0.36513975 0.7008664 0.67403162 0.24880908 0.7136122 0.7866326 -0.38692179 0.7241239 0.75788999 0.37382081
0.83950442 0.44786242 -0.26280084 0.74220163 0.42927155 0.17596114 0.74342328 0.52840197 -0.32275796 0.63746309 0.47716823 0.1986856 0.65549523 0.52682394 -0.33811602 0.57625741 0.52005756 0.08168398 0.69209957 0.59491009 -0.15119962 0.64122021 0.58092088 0.15094647 0.72888964 0.68396008 -0.39877424 0.69359618 0.67495382 0.44189915 0.71506059 0.79070854 -0.40534124 0.72832042 0.75997478 0.78085941
0.83712083 0.44326386 -0.27978399 0.73764575 0.43243688 0.17876363 0.74281442 0.52574527 -0.33678299 0.64152771 0.48467264 0.23089425 0.65763056 0.52429831 -0.33256966 0.57950431 0.52464694 0.08701293 0.6995132 0.5946635 -0.16234288 0.64639497 0.58036202 0.16218284 0.72638893 0.69685882 -0.28296795 0.70082337 0.6753881 0.5019092 0.71557838 0.7964474 -0.25423142 0.73138875 0.75899315 0.90304971
0.83304179 0.44069734 -0.32347468 0.73002738 0.43454155 0.19391775 0.74267054 0.52425754 -0.39862847 0.64745325 0.48739165 0.29668936 0.64713347 0.50584245 -0.40362138 0.5793792 0.51446205 0.18452649 0.71094424 0.59957576 -0.17950051 0.66627622 0.5816111 0.17915486 0.72446471 0.71783608 -0.10909355 0.71249348 0.68965018 0.4501951 0.7118513 0.81488538 0.03926058 0.73083133 0.75944954 0.76891017
0.82441139 0.42973554 -0.28316939 0.7168029 0.4347595 0.21960336 0.77822942 0.3779743 -0.46713823 0.64496255 0.4695361 0.36764035 0.66969597 0.30039364 -0.4470605 0.56731594 0.45213652 0.28347328 0.71638292 0.59787518 -0.16635463 0.6716553 0.58241063 0.16593762 0.72982502 0.70779043 -0.13869436 0.71605211 0.6885727 0.48009112 0.70825213 0.81711036 -0.08083227 0.72802132 0.76486081 0.8124637 
0.80372089 0.42471924 -0.36259213 0.71069109 0.41717824 0.08312192 0.76964682 0.43199316 -0.49489719 0.64690423 0.43683285 0.30248415 0.65835321 0.37799913 -0.42433691 0.56555778 0.40269157 0.29906759 0.71094352 0.59016049 -0.16032706 0.67666042 0.57190198 0.15985091 0.73215538 0.70319939 0.02138396 0.71886802 0.67702121 0.53738576 0.70835513 0.81400234 0.17700015 0.727902 0.76459783 0.92935485
0.78846478 0.3855029 0.3509616 0.70760328 0.39973208 0.83936143 0.77243203 0.3096531 0.18102632 0.6749233 0.40470961 0.91963404 0.65589637 0.25367665 0.46796319 0.623357 0.36285162 0.9584772 0.71669126 0.54051423 -0.17029712 0.67527759 0.54125381 0.16992563 0.73127413 0.66645044 -0.4892205 0.70869458 0.64996612 -0.05932987 0.71339113 0.80571359 -0.86144757 0.7288996 0.76424217 -0.35614258
0.77087319 0.35068247 0.10623207 0.69691032 0.36738503 0.56478488 0.77206618 0.31614372 -0.049572 0.6700393 0.41644385 0.66502666 0.66420299 0.24778754 0.10482869 0.61958855 0.41327891 0.6536805 0.71754217 0.51573551 -0.17029552 0.67585731 0.52280861 0.16956201 0.73362327 0.64717823 -0.41488445 0.72284645 0.63190687 0.1503852 0.71635473 0.80077833 -0.6979546 0.73327053 0.76132357 0.09560723
0.74011838 0.29247019 -0.0274407 0.67420459 0.32903507 0.40612966 0.76160115 0.2844232 -0.28569081 0.66826075 0.41088554 0.48998678 0.62015039 0.24197704 -0.33302769 0.60249335 0.42056754 0.42088673 0.73369592 0.47595263 -0.16564907 0.69673294 0.48444107 0.16498901 0.73343748 0.61519176 -0.33403161 0.7226848 0.61203617 0.17960398 0.72303343 0.78972226 -0.52302194 0.7351445 0.7527253 0.12037129
0.72126842 0.26165062 -0.06580973 0.6492694 0.30805364 0.35495132 0.76149708 0.26979941 -0.40136713 0.6630941 0.39456502 0.44118506 0.6552906 0.25464898 -0.55460519 0.60775203 0.43480903 0.37003666 0.74134672 0.46009034 -0.165309 0.70797461 0.46965331 0.16499692 0.73349762 0.60698777 -0.30333763 0.72571987 0.60991824 0.06232728 0.72543472 0.78530383 -0.42705375 0.73870867 0.75461209 -0.02923505
0.69006509 0.25730094 -0.08037677 0.62884641 0.3068487 0.3794097 0.7614187 0.28234681 -0.44537601 0.63949716 0.39732635 0.4779996 0.64217055 0.26534283 -0.65010017 0.56120694 0.46485558 0.40702718 0.74979937 0.45039517 -0.17016545 0.71493208 0.46329889 0.17003419 0.73291737 0.59881699 -0.28829134 0.72442311 0.59648794 0.06477676 0.72446609 0.78537834 -0.42474958 0.73807502 0.75574952 -0.04096197
0.67767644 0.26365054 -0.08541579 0.63589942 0.29581955 0.3679179 0.76045012 0.29841611 -0.42344698 0.62380975 0.40535319 0.43778479 0.67117196 0.2752541 -0.67293906 0.52969968 0.49540624 0.37515447 0.75231546 0.45153925 -0.16598605 0.72428954 0.46336892 0.16572902 0.73248369 0.60502279 -0.27835786 0.72421557 0.59461981 0.1200152 0.72387671 0.7845757 -0.41930962 0.73963928 0.75265634 0.12709814
0.65824544 0.26383939 -0.08895806 0.62310779 0.29682961 0.36732668 0.76617175 0.30049017 -0.43065676 0.6255213 0.402906 0.43880787 0.69824713 0.29631603 -0.70167571 0.53685325 0.49021882 0.36597124 0.75386101 0.44655067 -0.16385253 0.7202071 0.45959452 0.16362144 0.73343772 0.59919393 -0.31962207 0.72392887 0.591492 0.06619131 0.72435343 0.78495473 -0.48181835 0.7392118 0.753627 -0.04043132
0.65782422 0.25434974 -0.15039572 0.62084359 0.28240731 0.3575317 0.76540399 0.28424358 -0.48532131 0.63015628 0.35815468 0.52777886 0.72527874 0.27198619 -0.74210781 0.5901376 0.39629146 0.63481808 0.75993651 0.44247347 -0.17443445 0.72205836 0.45390779 0.1745155 0.73451245 0.60094619 -0.25926906 0.72089225 0.59090084 0.11312879 0.72529048 0.78521425 -0.36632159 0.73880124 0.75388688 0.08195022
0.65961945 0.2549949 -0.14966643 0.62222832 0.28788054 0.35614046 0.76947284 0.29137263 -0.47253123 0.62621903 0.38294247 0.48093659 0.74127746 0.28825772 -0.76907259 0.53916264 0.46975958 0.48694944 0.75950181 0.44546717 -0.17616789 0.72076321 0.45538875 0.17610651 0.73678792 0.60348427 -0.25947103 0.72072655 0.5900749 0.15898275 0.72514385 0.78532469 -0.36860874 0.73850155 0.75340831 0.11811442
0.65743214 0.25480068 -0.14367756 0.62115532 0.29018447 0.3571921 0.77308059 0.29110625 -0.43778631 0.62431425 0.38867199 0.47183987 0.74251771 0.29576409 -0.68182695 0.53559262 0.4828679 0.40113792 0.75677907 0.44493571 -0.17348215 0.71817911 0.45608091 0.17336275 0.73675621 0.60374081 -0.25261781 0.71884906 0.59154397 0.16662708 0.72571212 0.78492177 -0.36842138 0.73843545 0.75167197 0.13220908
0.64799708 0.2539596 -0.14235672 0.62206858 0.28897092 0.35772246 0.77464056 0.28950676 -0.42933488 0.6347754 0.38038638 0.46882036 0.73053831 0.30033392 -0.63890356 0.59174562 0.44729957 0.3606011 0.75490326 0.4437463 -0.17438596 0.71859044 0.45529604 0.17434028 0.73655957 0.60391873 -0.25016409 0.71351242 0.59252477 0.15582417 0.7263639 0.78441232 -0.35704914 0.73819888 0.75192285 0.10128204
0.64460945 0.25465891 -0.12106572 0.61739606 0.28840646 0.35296157 0.77395689 0.27845785 -0.42301944 0.63546097 0.37710652 0.44006354 0.72065377 0.28715691 -0.62252402 0.59617084 0.4355171 0.33393776 0.75404787 0.44557777 -0.17304026 0.7171852 0.45672527 0.17318317 0.73647314 0.60514539 -0.24785535 0.70960498 0.59008449 0.10066701 0.72630215 0.78453267 -0.36025572 0.73626906 0.75214356 0.01029806
0.6506871 0.25474989 -0.12665208 0.61738098 0.28725374 0.34502113 0.77385336 0.28432018 -0.42334872 0.63579285 0.37972701 0.42386883 0.73620749 0.29297692 -0.64222336 0.59213758 0.44311142 0.31680471 0.75565755 0.44717771 -0.16912632 0.71621227 0.45806918 0.16940807 0.73628944 0.60286307 -0.28026527 0.7092396 0.58784789 0.04970296 0.72625655 0.78477436 -0.42716032 0.73262733 0.75314593 -0.06591879
0.6505186 0.25396439 -0.13629791 0.61603516 0.28571492 0.32639626 0.77376622 0.27981773 -0.4154782 0.64240217 0.37338674 0.40070704 0.73720592 0.29467997 -0.59812313 0.60341603 0.42535514 0.29353032 0.75672925 0.44597402 -0.16717684 0.71567106 0.45721084 0.16758947 0.73613918 0.60238147 -0.27130124 0.70756364 0.58860797 0.06434299 0.72614676 0.78490967 -0.42143932 0.73121148 0.75303864 -0.03150154
0.65096807 0.25500184 -0.14371532 0.61671793 0.28685802 0.32666066 0.7780993 0.28613585 -0.40827343 0.64364135 0.37650648 0.4041371 0.75971383 0.31436184 -0.59759909 0.59891558 0.43425101 0.30336675 0.75703877 0.44590089 -0.16690946 0.71521443 0.45680806 0.16726103 0.73605376 0.60209632 -0.26884654 0.70741516 0.58759981 0.07590704 0.72618508 0.78497243 -0.41528773 0.73099065 0.7527023 -0.01009189
0.64849758 0.2574822 -0.15510227 0.61706823 0.28785783 0.32363337 0.77937144 0.28831562 -0.38476208 0.65640807 0.37305701 0.39518589 0.75915164 0.32968014 -0.53697187 0.62838572 0.42105061 0.28722599 0.75652307 0.44592419 -0.1667174 0.71510899 0.45684645 0.16704117 0.73597443 0.60065877 -0.2674031 0.70689631 0.58659726 0.07880233 0.72626108 0.78505623 -0.40619507 0.73098558 0.75189781 -0.00885839
