0.62731564 0.31549978 -0.39170885 0.6119287 0.31878409 0.0905122 0.56922013 0.29856884 -0.55563265 0.56260359 0.31842357 0.39271563 0.5125311 0.25512055 -0.56480694 0.53120238 0.31223142 0.52679735 0.58323431 0.48072869 -0.16996315 0.57513124 0.47423697 0.16959175 0.5950259 0.55282938 0.11544847 0.58737898 0.53912044 0.47845787 0.59189117 0.64774221 0.41306189 0.58490288 0.62928516 0.86088169
0.59657359 0.284159 -0.25655207 0.61392552 0.29814467 0.14921533 0.54417193 0.28512517 -0.43072307 0.61555499 0.34814632 0.26245806 0.51231444 0.24147049 -0.49486673 0.62278926 0.37299168 0.29596108 0.5892666 0.42682436 -0.15661044 0.57818222 0.4255048 0.1561985 0.59670091 0.53533471 -0.16713552 0.59930301 0.52619141 0.23425455 0.58567846 0.63926059 -0.15437195 0.59959906 0.61874563 0.3757486 
0.58164299 0.29887009 -0.21165733 0.64361084 0.31392044 0.23393701 0.50830024 0.27656311 -0.22858313 0.59718114 0.32170564 0.47047275 0.51807731 0.23484462 -0.00969633 0.57417572 0.29319823 0.66672242 0.5873701 0.43200409 -0.1623638 0.59046352 0.43229714 0.16210777 0.59101796 0.53571284 -0.21477301 0.60490388 0.52476031 0.26566336 0.58358943 0.64042515 -0.33165261 0.61059672 0.61737698 0.37176031
0.59900939 0.31113479 -0.30003712 0.60654235 0.31071389 0.17762317 0.54271555 0.30005068 -0.42808655 0.55746728 0.31115457 0.36238971 0.51661092 0.25014725 -0.41649961 0.53310513 0.28037861 0.43894964 0.59414017 0.43433955 -0.17069402 0.57954729 0.43307307 0.17060766 0.59109962 0.53660601 -0.15664878 0.60113138 0.52628571 0.23683858 0.58332634 0.63811111 -0.15797459 0.61186242 0.61468202 0.34937859
0.59074986 0.30259648 -0.27432927 0.62060612 0.31385124 0.17253664 0.53287715 0.28485969 -0.35648543 0.57593805 0.32838947 0.37142712 0.51663113 0.24102877 -0.27816468 0.55218941 0.30474955 0.50351697 0.59350049 0.43352038 -0.15687458 0.57497913 0.4341442 0.15680462 0.58926433 0.53133464 -0.13556169 0.59367788 0.52415031 0.19644664 0.58400464 0.63172901 -0.11826961 0.60691375 0.61334312 0.29330698
0.59465879 0.3011483 -0.24765348 0.61851883 0.31158876 0.18568918 0.55327678 0.30246067 -0.32111531 0.58109987 0.33104286 0.38285241 0.54150742 0.2641665 -0.185434 0.55973709 0.30312949 0.50900537 0.59539437 0.43270856 -0.15877737 0.57666057 0.43352059 0.15879899 0.58705497 0.53368223 -0.14587384 0.59448367 0.52754837 0.18880147 0.58503938 0.6307829 -0.13073324 0.60453314 0.61610007 0.28101185
0.58500701 0.30251285 -0.25717029 0.61966836 0.31551114 0.19861083 0.53722996 0.29516569 -0.31854159 0.59970391 0.33498973 0.40169275 0.52454078 0.25495961 -0.10450467 0.59392703 0.31495634 0.54925847 0.5942629 0.43513387 -0.15741143 0.57157415 0.43623126 0.15730271 0.58360285 0.53812152 -0.13988549 0.58363223 0.52952135 0.18593454 0.58665919 0.63292253 -0.11730948 0.60122335 0.62184322 0.27082354
0.58452284 0.30241647 -0.26204786 0.62675405 0.31696415 0.18295887 0.53512359 0.2951327 -0.31110808 0.59188777 0.33761355 0.39762035 0.53342623 0.26111877 -0.16103461 0.57941592 0.31785023 0.56478095 0.59350246 0.43650085 -0.15723512 0.56980312 0.43813312 0.15726811 0.57578743 0.53626406 -0.13305245 0.57960671 0.53058863 0.18354137 0.58888227 0.6257571 -0.10294019 0.59859955 0.62611145 0.26618177
0.56542873 0.30033246 -0.24636182 0.64210355 0.31608248 0.20695087 0.51445901 0.27621755 -0.16589163 0.62866384 0.33206367 0.4711023 0.53011817 0.25520435 0.13417202 0.61002618 0.30687717 0.71102709 0.59038383 0.43591219 -0.15957257 0.57130224 0.43731028 0.15940626 0.57078242 0.5367865 -0.15252049 0.58116263 0.52957356 0.17849891 0.5893808 0.63037342 -0.14640778 0.60081077 0.62406677 0.23492241
0.5622946 0.30476171 -0.24330814 0.65157968 0.3201361 0.19608094 0.50384676 0.26466671 -0.13136886 0.6468417 0.33187124 0.45641759 0.53226775 0.25100324 0.1541231 0.6239534 0.30602896 0.69601864 0.58526886 0.43748993 -0.15408094 0.57723927 0.4384138 0.1537402 0.56563932 0.53692615 -0.1499249 0.58147842 0.52906001 0.17270541 0.58974975 0.63110751 -0.15313244 0.60229009 0.62356973 0.20166852
0.56687796 0.3057583 -0.24502333 0.64939123 0.32156309 0.19019176 0.50120461 0.28437316 -0.19280504 0.62513 0.32999164 0.46207845 0.52203196 0.25329533 -0.0052642 0.61559772 0.30485389 0.71007979 0.58041626 0.43840879 -0.15431713 0.58700287 0.43769297 0.15408055 0.55414265 0.53801256 -0.16757004 0.58780766 0.52587271 0.20076703 0.58860064 0.63316619 -0.20102793 0.60671574 0.61869776 0.25841022
0.55738932 0.30464143 -0.23995268 0.652749 0.32156196 0.18617573 0.4998664 0.25647765 -0.20697333 0.64443231 0.33113658 0.45739752 0.52683628 0.22059964 -0.01520254 0.62203342 0.30104634 0.70476216 0.57483965 0.43894145 -0.15517998 0.59316373 0.43697417 0.15477766 0.54437494 0.53964692 -0.15646613 0.58755165 0.52422422 0.22149973 0.58548141 0.6355142 -0.17093146 0.61094111 0.61383039 0.3011775 
0.56218004 0.30778375 -0.24881269 0.6472618 0.32274678 0.18295461 0.49976486 0.27865979 -0.23798263 0.64173144 0.3349098 0.45641369 0.51564342 0.2330524 -0.05102506 0.59873974 0.30812135 0.69901693 0.57595259 0.44148305 -0.15639225 0.59787458 0.43926364 0.15615775 0.53836912 0.5389474 -0.17211992 0.58507049 0.52310497 0.28227761 0.58240288 0.63689137 -0.23225352 0.6145888 0.60704595 0.40892577
0.56576651 0.30928898 -0.26798657 0.64325279 0.32193044 0.18273315 0.50433189 0.29466704 -0.30064371 0.59461945 0.32540801 0.46557632 0.51439744 0.24108408 -0.17284313 0.5461514 0.29713565 0.70741457 0.5786764 0.44257277 -0.16097003 0.59333897 0.44076258 0.16080199 0.5419696 0.53838545 -0.16487309 0.5723834 0.52195156 0.26552865 0.58235598 0.63653147 -0.2029027 0.61318851 0.6041109 0.38153458
0.55937874 0.30957904 -0.26415226 0.64689577 0.32443461 0.18532316 0.49526525 0.29897371 -0.21101436 0.61570221 0.34171739 0.45876351 0.50727242 0.24980918 0.00827962 0.58301944 0.3183603 0.7025376 0.5768764 0.44310218 -0.1594407 0.59551686 0.44201285 0.1591856 0.52797598 0.54032695 -0.18204953 0.57070184 0.5215131 0.26654628 0.58059096 0.63814873 -0.23336048 0.61401963 0.59886932 0.40420321
0.54776138 0.31021783 -0.19749536 0.63832569 0.32320181 0.21255819 0.49307391 0.31014717 -0.15895568 0.62909693 0.3419731 0.46260098 0.50479448 0.26656339 0.03767338 0.6028474 0.32324943 0.69568771 0.57439888 0.44393399 -0.16141334 0.60774118 0.44275704 0.16110621 0.50878704 0.5405972 -0.25770834 0.57065564 0.52127063 0.25992557 0.57593614 0.63878036 -0.36232582 0.61286324 0.6021632 0.37225336
0.55118519 0.31030557 -0.2357377 0.63177824 0.32103401 0.2095914 0.49745369 0.31330496 -0.33707109 0.62296265 0.34353206 0.47082391 0.50992608 0.2820113 -0.3192479 0.5975365 0.32428062 0.7564165 0.57450318 0.44421563 -0.16186115 0.60905629 0.44325104 0.16165845 0.51309729 0.54017991 -0.22097498 0.57039368 0.52197057 0.24827367 0.57489938 0.63856453 -0.28766716 0.61384588 0.60318309 0.35270086
0.55185091 0.31150395 -0.19795166 0.64240897 0.32238552 0.20733766 0.53047746 0.33259758 -0.33086097 0.64802665 0.35984933 0.42754707 0.50876397 0.29449689 -0.39904448 0.64318448 0.34974676 0.70243329 0.57487637 0.44498408 -0.16044685 0.61870724 0.4434782 0.16029325 0.50115913 0.540106 -0.24635281 0.5721097 0.52237809 0.26003164 0.57173336 0.63846141 -0.33639419 0.61359435 0.60338211 0.35152254
0.55263209 0.31532547 -0.20617117 0.63915408 0.32267904 0.18422294 0.54984605 0.33791667 -0.41845441 0.63732475 0.35853738 0.40367469 0.51085651 0.29541895 -0.56817621 0.63066453 0.34822085 0.63494116 0.57513821 0.44683644 -0.15957326 0.61570966 0.44482902 0.15941772 0.50172365 0.54048955 -0.22261915 0.57324815 0.52343488 0.25252524 0.5712077 0.63861203 -0.2837708 0.61292756 0.60372931 0.34650776
0.55387539 0.31771654 -0.20071998 0.62781149 0.32000402 0.17201321 0.57675523 0.35019001 -0.39852419 0.64220482 0.36187777 0.37973124 0.55290055 0.31548896 -0.53265101 0.64735687 0.35011318 0.60006303 0.57825935 0.45093834 -0.16029127 0.61468947 0.44835818 0.16005237 0.49987432 0.5407784 -0.21406032 0.56888896 0.52394086 0.25003549 0.56960762 0.637694 -0.27023387 0.61233932 0.60394216 0.336629 
0.54001439 0.31218079 -0.20196873 0.62635565 0.32012877 0.14111996 0.56068581 0.34180975 -0.31526765 0.65876752 0.36085707 0.35432172 0.54888541 0.31559622 -0.35880217 0.66323495 0.36899236 0.575849 0.5781129 0.4539251 -0.1592425 0.6167115 0.45077649 0.15883707 0.49893403 0.54109448 -0.25361621 0.56886715 0.52397645 0.27660725 0.56995183 0.63695931 -0.34106264 0.61385852 0.60279089 0.40002728
0.54062665 0.31127355 -0.16442719 0.63135278 0.32423133 0.10321072 0.55860692 0.34068012 -0.12867075 0.66099036 0.36127558 0.27911586 0.56839514 0.32303864 -0.04330557 0.6832782 0.37949544 0.47201878 0.58229744 0.45545477 -0.1552593 0.61750484 0.45202655 0.15477653 0.49529487 0.54118478 -0.27491984 0.56625223 0.52232718 0.31435952 0.56941974 0.6354304 -0.35936579 0.61355054 0.59994286 0.51830858
0.54256272 0.31873178 -0.15069258 0.63434219 0.32576019 0.07698909 0.56907797 0.34767529 -0.07799934 0.67155772 0.36157021 0.23146972 0.59788853 0.3402195 0.03643074 0.68854976 0.37763691 0.40449178 0.58606309 0.45757148 -0.14643335 0.61881965 0.45372561 0.14596957 0.48928669 0.54131258 -0.26539782 0.56137073 0.52068335 0.33113652 0.56963021 0.63380617 -0.35517013 0.61333877 0.59004486 0.555089 
0.54369599 0.32201153 -0.14808556 0.63428491 0.32644635 0.10574736 0.56205618 0.34495994 -0.17382163 0.67015356 0.36222351 0.27964526 0.59643328 0.33300686 -0.14290337 0.67897683 0.38043413 0.4542802 0.59036529 0.46064758 -0.14657268 0.61886531 0.45564505 0.14610004 0.48610115 0.54313439 -0.25719851 0.55300951 0.518462 0.32544813 0.56997138 0.63226378 -0.32668486 0.60968447 0.58078134 0.51237381
0.54472709 0.32845065 -0.15470913 0.61959565 0.32591116 0.08100025 0.57677776 0.36001503 -0.09163459 0.66368806 0.3614656 0.24321136 0.60849422 0.35385638 0.08149486 0.67590553 0.36710367 0.42172009 0.59945881 0.46313041 -0.14008145 0.61766928 0.45634371 0.13983698 0.48509482 0.54517585 -0.20713127 0.55312014 0.5144825 0.27864742 0.57022732 0.63188136 -0.2429225 0.60640204 0.58051229 0.4720993 
0.54494697 0.33672714 -0.20572716 0.62630516 0.32690421 0.09725355 0.5713293 0.37228689 -0.30790707 0.65431798 0.3609885 0.28120074 0.59756964 0.3407163 -0.36388379 0.65161133 0.35291827 0.46709603 0.60423791 0.4692336 -0.14568511 0.62104511 0.45996284 0.14551285 0.48430729 0.54771894 -0.20079717 0.55327332 0.51353025 0.35285768 0.57036293 0.63135713 -0.22630632 0.60606992 0.58335751 0.61552161
0.54548073 0.34188205 -0.26188308 0.63303918 0.33069366 0.0455929 0.56759375 0.36818352 -0.31347144 0.64522737 0.35797274 0.28751349 0.58640176 0.33973175 -0.29850549 0.63156384 0.34257957 0.51166904 0.60989732 0.47482452 -0.14572622 0.62004811 0.46516114 0.14562637 0.48582041 0.54967374 -0.12929766 0.54985154 0.51745689 0.35314411 0.57076043 0.63052243 -0.10410792 0.60474515 0.58497345 0.60567862
0.5456484 0.34076256 -0.23638944 0.63067037 0.3329801 0.05813453 0.56750631 0.36347657 -0.29984033 0.64474684 0.35793665 0.27464598 0.58339775 0.34445488 -0.34123152 0.63439357 0.34338525 0.49031186 0.61205018 0.47672361 -0.14509654 0.62901145 0.46857351 0.14504357 0.48531348 0.55133617 -0.1634234 0.54672718 0.51974243 0.3500962 0.57088506 0.63090962 -0.17888768 0.60481548 0.5863564 0.56124914
0.5460667 0.34426385 -0.2263601 0.62347651 0.34181136 0.10396304 0.56602901 0.36372539 -0.20947595 0.65101993 0.36572024 0.31261262 0.58700764 0.34196931 -0.09244136 0.64912677 0.35225594 0.54889548 0.61348534 0.48120499 -0.1452781 0.6302104 0.47346574 0.14521445 0.48279735 0.55275089 -0.19979151 0.54269445 0.52230489 0.24989381 0.57097352 0.63104385 -0.19590752 0.604325 0.58739322 0.42798728
0.5477522 0.355073 -0.24084589 0.62477529 0.33877847 0.08928239 0.56511414 0.3909733 -0.29146811 0.6483646 0.36666822 0.31780449 0.57960182 0.353322 -0.25149891 0.64922315 0.35240853 0.58456767 0.61848295 0.48583716 -0.14532256 0.62923139 0.47627613 0.14524305 0.48198649 0.55565268 -0.13211852 0.52411604 0.52234626 0.26233032 0.57070172 0.63129604 -0.08444163 0.59942555 0.58682477 0.46466586
0.55071855 0.35925058 -0.25109854 0.61732346 0.33816731 0.06658238 0.57753038 0.39986622 -0.3106873 0.63743031 0.36870983 0.31407908 0.58647716 0.36525378 -0.2852405 0.64605922 0.35456029 0.58183068 0.61673194 0.4877356 -0.14369825 0.62854481 0.47579592 0.14360523 0.48213965 0.55580795 -0.08616386 0.52962005 0.52284038 0.30867282 0.56996584 0.63108414 -0.01874895 0.59743834 0.58215022 0.54897404
0.56906492 0.36149734 -0.32603154 0.61790276 0.3375271 -0.00448653 0.58374393 0.40695009 -0.38120246 0.60602373 0.37061983 0.2793937 0.58693117 0.36333317 -0.37016249 0.59439391 0.35607964 0.55755782 0.61936277 0.48881587 -0.14501064 0.62804544 0.47612241 0.1450405 0.48120484 0.55597395 -0.08115279 0.53283644 0.52255672 0.3603434 0.5702275 0.63032532 0.02631774 0.59513599 0.57599342 0.65085065
0.56335002 0.3644976 -0.29320192 0.62852824 0.34205493 0.00466051 0.56555647 0.39998531 -0.33262867 0.61497229 0.37895885 0.26786751 0.56998092 0.35833725 -0.30725124 0.60949975 0.36932686 0.53543907 0.6193676 0.49395007 -0.13726485 0.63737988 0.48098135 0.13717665 0.48190951 0.55564463 0.00274259 0.53706419 0.52254373 0.41666606 0.57070982 0.63015205 0.09063111 0.59360343 0.57191658 0.6635499 
0.55149853 0.37159321 -0.29734692 0.60936296 0.34238893 -0.020694 0.56022304 0.41687208 -0.32081291 0.61689425 0.37674958 0.22800924 0.57039946 0.37789556 -0.28935188 0.62396675 0.36870539 0.49277785 0.62011153 0.49577475 -0.12873419 0.63538557 0.48013258 0.12858108 0.47994566 0.55567336 0.02894428 0.53730875 0.52006763 0.40512973 0.57240862 0.62912691 0.12951642 0.59420902 0.57020366 0.63872659
0.55157554 0.38355696 -0.30149084 0.61976796 0.34854618 -0.06225689 0.54525661 0.41656625 -0.25344124 0.62109143 0.37695545 0.21085642 0.55691934 0.36758202 -0.11801995 0.62113911 0.35564974 0.4703798 0.62076312 0.50231504 -0.1166673 0.63576198 0.48605531 0.11663616 0.47823736 0.555489 0.02273741 0.53951073 0.52010173 0.38029528 0.57356608 0.62702596 0.14291742 0.59456313 0.57094795 0.61480802
0.55173969 0.3837927 -0.28971601 0.63023758 0.34947279 -0.04734926 0.54709607 0.41124982 -0.19935559 0.63519925 0.37558877 0.23581633 0.5553425 0.36616218 -0.02048321 0.61734694 0.35876718 0.49170572 0.62064797 0.50266951 -0.11691952 0.63985169 0.48724979 0.11678851 0.47884741 0.55541015 0.03335468 0.54312688 0.52013904 0.37413889 0.57451773 0.62655622 0.17135487 0.59294838 0.57263321 0.62183231
0.55076659 0.38237864 -0.22794375 0.63556665 0.35546631 -0.00572493 0.54250801 0.40583572 -0.1145016 0.63906258 0.3752223 0.26090881 0.55015683 0.36356306 0.09715624 0.61974549 0.3560355 0.49391156 0.62195063 0.50611013 -0.12067427 0.64202529 0.49217188 0.1205287 0.47787097 0.55455959 0.00361104 0.5471099 0.51615852 0.38154429 0.57489902 0.62610513 0.1051162 0.59325594 0.57348186 0.61497432
0.5523476 0.38526499 -0.21364903 0.64007735 0.35364848 -0.01821271 0.53985745 0.40368378 -0.12913723 0.64397609 0.36250767 0.2194891 0.55419761 0.37618932 0.03448367 0.62105215 0.35669443 0.46673301 0.62499338 0.50952828 -0.11475079 0.6406939 0.49090627 0.1143176 0.47557458 0.55438322 0.01256983 0.54626065 0.5061056 0.39360499 0.5748021 0.6257745 0.12723555 0.58637708 0.57059216 0.64767778
0.55707371 0.390659 -0.20217022 0.65443069 0.36727124 0.0322787 0.51748168 0.40736863 -0.0896084 0.6724478 0.38503954 0.29908505 0.53383827 0.37233827 0.15401421 0.63680977 0.37462884 0.5971958 0.6259374 0.51289374 -0.11698832 0.64952219 0.49546102 0.11655324 0.47609735 0.55427539 -0.0254775 0.54950333 0.50884604 0.3838701 0.57481045 0.62530226 0.03439047 0.58699465 0.57156605 0.6271953 
0.55913103 0.39674112 -0.21781099 0.65360504 0.36398354 -0.03566178 0.52669406 0.42809537 -0.11717556 0.67538595 0.38435239 0.25654021 0.54161495 0.38740286 0.11547413 0.63699883 0.37806112 0.57200581 0.62740695 0.51304078 -0.11129647 0.65186471 0.49468076 0.11084714 0.47784078 0.55418301 0.02038162 0.5496608 0.51003718 0.37443557 0.57507867 0.62549597 0.15040593 0.58776402 0.57065648 0.62712312
0.55932593 0.39728114 -0.17112936 0.65021467 0.36492261 -0.02612447 0.54220396 0.43721467 -0.04383329 0.67151743 0.38821059 0.16972116 0.55930233 0.42403796 0.13260803 0.6364637 0.38618428 0.38348466 0.62753105 0.51299429 -0.10261044 0.64957362 0.4947044 0.10190944 0.47797027 0.55316108 0.02745304 0.55100948 0.51005858 0.3230935 0.57499063 0.62428468 0.12413425 0.58778894 0.56935352 0.49138331
0.55919981 0.40029854 -0.18064415 0.64347202 0.36757061 -0.06577659 0.548976 0.42985541 -0.05797694 0.66725224 0.38582262 0.16832565 0.56280226 0.40024859 0.11523013 0.6252048 0.37994346 0.42337313 0.62574202 0.51259679 -0.09568867 0.64923543 0.49456027 0.09499517 0.47751674 0.55281633 0.03040813 0.54887611 0.50983638 0.31003824 0.57502085 0.624053 0.11726556 0.58812106 0.56894022 0.49287319
0.58175659 0.39977816 -0.17840755 0.62528837 0.37076524 -0.05264613 0.59168494 0.42962399 -0.06872629 0.62675756 0.38407627 0.17734419 0.5772928 0.39349061 0.09420036 0.58080649 0.37116966 0.41062799 0.62973642 0.51479501 -0.09958972 0.64692831 0.49670362 0.09904546 0.47729301 0.55279827 0.01954248 0.53900939 0.51279318 0.29304028 0.57501906 0.62321484 0.14549589 0.58843017 0.57216096 0.51956463
0.57714522 0.40803814 -0.20710014 0.61999917 0.37855721 -0.04760992 0.59257609 0.43772906 -0.17555548 0.63356906 0.40155667 0.17936422 0.58648878 0.40269053 -0.09551489 0.60145789 0.38858253 0.43815404 0.62485683 0.52199477 -0.10099924 0.64655024 0.50286347 0.10045293 0.47660336 0.55273497 0.02429329 0.53708857 0.51430696 0.30548462 0.57518536 0.62207335 0.19879882 0.58848518 0.57513344 0.53081298
0.57376152 0.412177 -0.24611808 0.62033123 0.38281423 -0.04735272 0.59817255 0.44699374 -0.16196822 0.63436246 0.41448697 0.22586472 0.58769822 0.40995976 -0.02319708 0.60412347 0.40740809 0.53988034 0.62653512 0.52182388 -0.10271288 0.64444768 0.50253808 0.10213025 0.47079366 0.55272961 0.0284266 0.53264046 0.52042013 0.31223688 0.57618064 0.61874712 0.20365264 0.5891661 0.58036113 0.5344066 
0.55726463 0.40838712 -0.1926267 0.60302263 0.38756737 -0.04126048 0.59342694 0.44919455 -0.12874204 0.64712089 0.41536218 0.15713955 0.58488196 0.41744247 -0.01231146 0.61447442 0.41082478 0.34147131 0.62220675 0.51931471 -0.09996022 0.63917297 0.50088823 0.09946845 0.47659165 0.55215448 0.00303965 0.53691363 0.52566159 0.22906023 0.5760293 0.61798751 0.12912138 0.59069335 0.58265722 0.41050762
0.55653059 0.41346499 -0.1762998 0.61043125 0.38907707 -0.01977663 0.58891976 0.45199436 -0.05196752 0.65201199 0.4200438 0.20131005 0.58402264 0.42084959 0.14391959 0.62044239 0.40716416 0.43542796 0.62188315 0.51858008 -0.09988742 0.63966751 0.50061685 0.09952457 0.47364652 0.55241936 -0.0197714 0.53736937 0.52472866 0.23250829 0.5750764 0.61851531 0.04418804 0.59073818 0.58166856 0.36018997
0.54472375 0.41173565 -0.18854681 0.60337591 0.39439833 0.04080841 0.58829093 0.45601571 -0.07304797 0.65019864 0.41639438 0.28537178 0.58412689 0.42043892 0.07855543 0.61019284 0.40262711 0.53780723 0.62185317 0.52004457 -0.10922034 0.63991976 0.50404763 0.10901827 0.47312263 0.55310935 -0.02038777 0.53606105 0.52068526 0.24819548 0.57427514 0.61875767 0.01148601 0.59077913 0.58149534 0.41016048
0.5330658 0.41256002 -0.19963188 0.60228407 0.39591485 0.0738398 0.5694617 0.46803677 -0.09513436 0.65915 0.42706993 0.30399266 0.54586172 0.44380835 0.12836099 0.61430079 0.40797922 0.54684609 0.62170953 0.52486509 -0.12964372 0.64031094 0.50938201 0.12932464 0.46613091 0.55321366 -0.02503013 0.53106308 0.52063 0.34333634 0.57428163 0.61906648 0.00299213 0.59078765 0.58217156 0.42823675
0.53106868 0.41244069 -0.25783721 0.58304316 0.39617413 0.05216309 0.57385963 0.47307077 -0.14521433 0.66455889 0.4346326 0.28134596 0.54093885 0.44712347 0.11064639 0.61830348 0.41947615 0.44708332 0.62127733 0.52964628 -0.13370571 0.63946372 0.50919908 0.13352239 0.46590254 0.55345762 -0.02054292 0.52742386 0.51925248 0.40681374 0.57392025 0.61857688 0.02697157 0.58576721 0.5807389 0.53048468
5.21635950e-01 4.14231747e-01 -2.47700274e-01 5.79043269e-01 3.94624025e-01 4.70112525e-02 5.73969424e-01 4.73551393e-01 -1.14132382e-01 6.71776414e-01 4.35259998e-01 2.76416451e-01 5.40346920e-01 4.48980421e-01 2.03208923e-01 6.19610488e-01 4.20426428e-01 4.49049234e-01 6.21682703e-01 5.29998541e-01 -1.36451468e-01 6.40101135e-01 5.08394063e-01 1.36324167e-01 4.65741843e-01 5.52462637e-01 -3.27255751e-04 5.21046698e-01 5.20317733e-01 3.82583231e-01 5.73978543e-01 6.17048860e-01 1.26290336e-01 5.80307424e-01 5.85778832e-01 5.49634933e-01
5.17210245e-01 4.15051877e-01 -2.39310116e-01 5.76434553e-01 3.95434201e-01 3.63160297e-02 5.68873107e-01 4.71334308e-01 -8.54854360e-02 6.73014522e-01 4.36915129e-01 2.38900051e-01 5.39375305e-01 4.45963979e-01 2.19725817e-01 6.17220521e-01 4.17216301e-01 4.31526542e-01 6.25627160e-01 5.33338010e-01 -1.32570133e-01 6.40116870e-01 5.08486092e-01 1.32439017e-01 4.66355085e-01 5.52462935e-01 -4.47571889e-04 5.18628240e-01 5.19609869e-01 3.63896281e-01 5.74730694e-01 6.16483152e-01 1.59584358e-01 5.78509629e-01 5.84784746e-01 5.63772023e-01
0.50918913 0.41908732 -0.23517339 0.57481772 0.39581478 0.03576132 0.56384778 0.47255194 -0.06470233 0.67200309 0.436822 0.2108752 0.54361445 0.44180602 0.2401921 0.63456899 0.42552108 0.3841818 0.62590814 0.53369462 -0.13074099 0.63831091 0.50778985 0.13061747 0.4663856 0.55193174 -0.00074997 0.50887591 0.5061276 0.39475197 0.57354581 0.61660057 0.16972856 0.55149347 0.57205415 0.63418287
0.51167321 0.42124557 -0.23418143 0.57704329 0.39863536 0.03538427 0.57269394 0.47168681 -0.07792988 0.67201072 0.43987784 0.22157276 0.54562277 0.44286221 0.20537816 0.62449962 0.42042986 0.40677398 0.62967193 0.53467661 -0.12978815 0.64187306 0.50761241 0.1296965 0.467177 0.55044472 -0.00119794 0.51342261 0.50284284 0.3821069 0.5734024 0.61680186 0.1647149 0.55680728 0.57113969 0.60632497
0.5120877 0.42436206 -0.23377696 0.58025062 0.40116766 0.02008282 0.58015889 0.47704479 -0.08162595 0.67442411 0.44149125 0.21521695 0.54451847 0.45003283 0.21089871 0.62434071 0.42590141 0.41463935 0.63210672 0.53742385 -0.12830055 0.645181 0.51111597 0.12837452 0.46730623 0.54951078 0.00087131 0.51434803 0.50537813 0.38399094 0.57282364 0.61577469 0.17653787 0.56220526 0.57221776 0.60261881
0.51066744 0.42535454 -0.21348694 0.58124036 0.40303659 0.02031805 0.57960767 0.48142284 -0.07542615 0.6749469 0.44173506 0.20507172 0.54310226 0.45844182 0.2103174 0.63036293 0.43355972 0.37756842 0.63201737 0.53785861 -0.12305802 0.65038246 0.51119488 0.12313368 0.46625391 0.54907137 -0.02582443 0.51625741 0.51095837 0.30706701 0.57165128 0.61372161 0.08928431 0.57102638 0.5828523 0.42151496
0.510719 0.42542154 -0.22028127 0.58259505 0.40481836 0.0341177 0.57904297 0.48279428 -0.08486603 0.67580152 0.44304296 0.22470915 0.5443784 0.45419386 0.191278 0.61849779 0.42962173 0.40190259 0.63200033 0.53923064 -0.12348561 0.65258396 0.51239771 0.12359834 0.46638665 0.54906261 -0.05887135 0.51634151 0.51060551 0.29435709 0.57163578 0.61400861 0.06372265 0.57136506 0.5825091 0.43839267
0.50983387 0.4248127 -0.23649839 0.58275682 0.40473381 0.03534265 0.56685036 0.48732665 -0.09508686 0.67507803 0.44358289 0.24517043 0.52745032 0.47546768 0.18808247 0.61711705 0.42773443 0.44062471 0.63166273 0.53965479 -0.12348872 0.65169418 0.51204801 0.12359777 0.46705535 0.54912895 -0.04249051 0.51724815 0.5088346 0.29603037 0.57166082 0.61414158 0.09570063 0.57139611 0.57848865 0.46042585
0.50917631 0.42487594 -0.24281093 0.58086157 0.4052383 0.03404927 0.56724793 0.48499972 -0.10009971 0.67450356 0.4435817 0.24181984 0.53260231 0.4639937 0.18605384 0.61658287 0.42648727 0.43234247 0.63263232 0.54005414 -0.1234847 0.65219969 0.51209807 0.12359244 0.46718195 0.54915488 -0.03817077 0.51780868 0.51234949 0.31076124 0.5716086 0.61317521 0.11317148 0.57170641 0.57999879 0.46526074
0.51160151 0.42413729 -0.23629448 0.57740843 0.40477216 0.07369998 0.59135604 0.48252979 -0.13252993 0.67271477 0.44360486 0.26334816 0.54979622 0.45412573 0.08958388 0.61200899 0.42560756 0.43063074 0.63300812 0.53960693 -0.12618139 0.65178835 0.51248258 0.12636255 0.46683776 0.54871583 -0.08500661 0.50799143 0.51921439 0.233078 0.57164049 0.6130507 0.0476747 0.57687181 0.58385724 0.33829892
0.51200354 0.42379719 -0.23277234 0.57696819 0.40397593 0.06893741 0.5886147 0.48123783 -0.12539226 0.67214662 0.44298345 0.25509924 0.54361922 0.45611897 0.11688558 0.61134243 0.4249548 0.40204692 0.63205165 0.53916728 -0.12746477 0.65144438 0.51221746 0.12762541 0.46689081 0.54832143 -0.08590099 0.50475532 0.52276212 0.23042902 0.57165158 0.61305749 0.01981748 0.57699263 0.58728141 0.31143734
0.51242352 0.4236685 -0.23020105 0.57163543 0.40371558 0.07401471 0.59393811 0.4808394 -0.12773101 0.6675486 0.44228643 0.2693637 0.54895091 0.45269728 0.09705515 0.60956204 0.42049503 0.44166744 0.63189697 0.53853172 -0.12922116 0.65133393 0.51045614 0.12941107 0.46680039 0.54680687 -0.07259866 0.50659823 0.51875943 0.24078849 0.57188725 0.6128872 0.03657606 0.57979733 0.58724803 0.3589223 
0.51318163 0.42335567 -0.24381711 0.56723946 0.39920717 0.06573799 0.5971545 0.47931316 -0.12996839 0.66573727 0.43974531 0.26989296 0.55065203 0.44834754 0.11260228 0.60604191 0.4205322 0.46727437 0.63237381 0.5357607 -0.13103575 0.64514107 0.50705647 0.1312481 0.46681786 0.54613024 -0.06468677 0.50279325 0.51293486 0.26347336 0.57224572 0.61271447 0.0923415 0.57968706 0.5855242 0.39967683
0.51444077 0.41656426 -0.25567225 0.56535286 0.39604458 0.06312915 0.60314882 0.46789274 -0.1456223 0.66059035 0.43634784 0.26536301 0.55662811 0.44271377 0.10146026 0.6025719 0.41819143 0.46013007 0.63624638 0.53214854 -0.13332653 0.64552587 0.50668377 0.13361229 0.4666301 0.54553974 -0.06487221 0.50039268 0.51147217 0.2788282 0.57293999 0.61281246 0.09293301 0.58256465 0.58198225 0.45132402
0.51458061 0.41527706 -0.27209091 0.56643945 0.39301857 0.05746718 0.60193443 0.46733215 -0.14310019 0.66466945 0.43264154 0.26870975 0.55614412 0.43977118 0.11009537 0.6040464 0.4141168 0.48172963 0.63748813 0.53010857 -0.13518217 0.65497571 0.50685638 0.13546532 0.46660227 0.54395646 -0.02400759 0.50462115 0.5128482 0.35050815 0.57360482 0.61311358 0.17439045 0.58698475 0.58198518 0.57518184
0.51613224 0.40685523 -0.27714965 0.56787026 0.38742027 0.07241683 0.60682613 0.4555746 -0.19831552 0.66450924 0.42861333 0.32055697 0.5591917 0.42569691 0.00181977 0.60381722 0.40272561 0.55052483 0.63941485 0.52395332 -0.1445812 0.65480322 0.50353307 0.14490753 0.46661738 0.54203784 -0.05848372 0.50251567 0.50761837 0.33976439 0.57386273 0.61321044 0.14171238 0.58952338 0.57997149 0.55147004
0.52065688 0.40120983 -0.31075999 0.56960464 0.38467115 0.04598082 0.60373938 0.44911534 -0.17857331 0.66188937 0.42513174 0.30207086 0.56870002 0.42507142 0.06244447 0.6044938 0.39627689 0.53807229 0.63966167 0.51944268 -0.14281569 0.65521246 0.50338089 0.14313458 0.47111297 0.54022747 0.06065187 0.53060836 0.51513302 0.4775008 0.57465261 0.61319888 0.33033383 0.59040904 0.5799998 0.79935652
0.52337205 0.3980113 -0.31451124 0.57324898 0.37977487 0.07331264 0.59408396 0.45059571 -0.1867412 0.65792722 0.4200843 0.34253532 0.56816781 0.4273454 0.07716734 0.60495454 0.39420223 0.58342594 0.64384234 0.51838142 -0.15032835 0.65715867 0.50160402 0.15063621 0.47175878 0.54015362 0.01252275 0.52498657 0.5136708 0.40245977 0.57613713 0.6137231 0.23395099 0.57952464 0.58126891 0.67314285
0.53915793 0.39378485 -0.26226327 0.58097792 0.38031432 0.06871282 0.59916306 0.43237385 -0.1767416 0.6394648 0.42242295 0.32201976 0.58592832 0.40899599 -0.05327877 0.59475464 0.39282033 0.54772025 0.64889139 0.51520699 -0.15008385 0.65983564 0.50002515 0.1498584 0.47758389 0.54016834 -0.05907316 0.52259463 0.50589663 0.37817663 0.57717979 0.61381745 0.08825107 0.58002096 0.57530224 0.60627013
0.55051756 0.39742869 -0.22243285 0.59501058 0.38227955 0.08431339 0.59922236 0.42602009 -0.12570199 0.64376414 0.41269669 0.3189072 0.59695631 0.39887193 0.00867536 0.60517067 0.3808578 0.53136265 0.64977902 0.51377457 -0.14853932 0.66084164 0.49982494 0.14859624 0.47724682 0.53958642 -0.10546366 0.52120697 0.49927053 0.33194435 0.57712454 0.61357212 0.0102011 0.56582916 0.57371348 0.51068455
0.54601133 0.39735898 -0.2258582 0.59888738 0.38148743 0.02677801 0.56789762 0.41537702 -0.09107264 0.64888185 0.40327159 0.28748739 0.57057655 0.38835055 0.14567915 0.61597008 0.36506617 0.49812385 0.64853728 0.51470107 -0.13319688 0.66230029 0.49888793 0.13346177 0.47708705 0.53925949 -0.08205525 0.52889663 0.49937752 0.41939136 0.57639211 0.6136601 0.07210588 0.58689862 0.56745631 0.66137892
0.55142635 0.39584714 -0.23421371 0.59986931 0.38102418 0.0769711 0.56081849 0.39600065 -0.18092024 0.64368314 0.39471695 0.30290684 0.56918061 0.36644045 -0.0669773 0.61533135 0.36617824 0.48381674 0.64825666 0.51210141 -0.13328835 0.66181874 0.49760264 0.13357182 0.47688463 0.53891569 -0.10482661 0.52746814 0.49956417 0.34970671 0.5763694 0.61349303 0.00555876 0.59339035 0.5688256 0.52978647
0.56261104 0.3937245 -0.28223562 0.6122365 0.372163 0.07324973 0.55098987 0.40479347 -0.19912936 0.5927754 0.37755397 0.29101911 0.54422587 0.38373286 -0.03077366 0.5375573 0.35135081 0.40912426 0.65403831 0.50889432 -0.13567583 0.66372037 0.49519596 0.13591437 0.48209217 0.53907144 -0.00098486 0.54575151 0.50837117 0.44385988 0.5768159 0.61461151 0.19281195 0.59927475 0.56976348 0.7340529 
0.56212109 0.3900364 -0.29126346 0.61883831 0.3663632 -0.00098383 0.53017837 0.3805441 -0.1837741 0.58077669 0.35895196 0.23843154 0.5278365 0.33788928 -0.01728593 0.52128649 0.31993735 0.36837983 0.65342492 0.50592411 -0.12691422 0.66335702 0.49143636 0.12700997 0.48216495 0.53915799 0.07090845 0.54627067 0.50966001 0.46891761 0.57694811 0.61595362 0.30408245 0.5974558 0.56399179 0.81389976
0.57078278 0.38888326 -0.26467943 0.62503314 0.36500645 0.02044628 0.5416255 0.38561359 -0.18711048 0.58971065 0.35037896 0.22086848 0.53217375 0.35915872 -0.08836654 0.52583367 0.32176733 0.31610841 0.66115707 0.50510526 -0.12870896 0.66942704 0.49044016 0.1286113 0.48860118 0.53919327 0.02550582 0.54568928 0.50964254 0.42656112 0.5780313 0.61593217 0.23213062 0.59628862 0.5658707 0.71799916
0.56515223 0.38694715 -0.22777028 0.62641102 0.36132926 0.00418488 0.54729474 0.39342445 -0.08420469 0.60331285 0.36186108 0.24200386 0.56519419 0.36760265 0.10971241 0.54359192 0.335136 0.44438329 0.65897721 0.50190228 -0.12023335 0.66890627 0.48811153 0.12017699 0.48885328 0.53959161 0.05362289 0.54651499 0.51481789 0.41948226 0.57852602 0.61577666 0.25333819 0.59551144 0.56649649 0.69081128
0.56335193 0.38398072 -0.23726641 0.6210317 0.36011383 0.02690207 0.57633567 0.39781311 -0.33533919 0.60903174 0.36726433 0.24688093 0.58157736 0.37417924 -0.40038392 0.56771648 0.3734369 0.47111025 0.65820718 0.50311637 -0.12229473 0.66846007 0.4887802 0.12231951 0.48926285 0.5396558 0.05043448 0.54724532 0.51443905 0.4376058 0.57937497 0.6171245 0.21930686 0.59876263 0.56557143 0.70471573
0.54356092 0.38118854 -0.23898652 0.62646121 0.34297606 -0.00389569 0.53795046 0.42156133 -0.10857118 0.63563496 0.35542166 0.20051183 0.52189124 0.40953881 0.08662318 0.57912391 0.3294729 0.3797566 0.65732354 0.4992061 -0.12312029 0.67173225 0.48149744 0.12308089 0.49405217 0.53972071 0.09807768 0.55227745 0.51532042 0.44273227 0.58170807 0.61701643 0.35453799 0.59926623 0.56692237 0.79455477
0.5497964 0.37039524 -0.2017626 0.62844026 0.35206407 0.05106837 0.55272859 0.3915194 -0.08607988 0.6567049 0.36544955 0.27914137 0.54862237 0.36524633 0.09502056 0.62691009 0.33399382 0.48000127 0.65389055 0.49470335 -0.12321384 0.67938393 0.48177645 0.12329015 0.497412 0.53948891 -0.01646506 0.55916792 0.50914556 0.37699229 0.58232826 0.61699623 0.12596767 0.59942734 0.56791764 0.60132176
0.54308873 0.36878666 -0.21377267 0.63104677 0.34607893 0.04745337 0.5509029 0.38168702 -0.10733234 0.65714747 0.36198106 0.32785702 0.54180735 0.33355495 0.06496716 0.6167717 0.32617936 0.60908532 0.65379351 0.49347252 -0.12668073 0.67705733 0.47896987 0.12666622 0.49621764 0.53952396 -0.00577077 0.55547762 0.51070243 0.38285878 0.58231133 0.61729705 0.15457407 0.60184336 0.576208 0.63747835
0.54243469 0.36729622 -0.22043209 0.62824756 0.3510381 0.04862016 0.5468539 0.37047046 -0.16929616 0.65451783 0.36291876 0.31542078 0.53691578 0.32886669 -0.07721214 0.61851454 0.330879 0.54676777 0.6471352 0.49317902 -0.12776852 0.67845041 0.48055089 0.12774163 0.49534854 0.53898054 -0.0239745 0.55900389 0.51160949 0.38494518 0.58218253 0.61777276 0.1309036 0.60402972 0.57905549 0.64992338
0.54258925 0.35637558 -0.21159053 0.62739843 0.35246083 0.0968479 0.54780734 0.36023995 -0.18361339 0.6641413 0.36506566 0.36055297 0.53805673 0.32461014 -0.08220424 0.64564967 0.33888978 0.59692675 0.64053857 0.48886144 -0.13224646 0.68097371 0.47870007 0.13215749 0.49751085 0.53853828 -0.06454003 0.56619972 0.51399541 0.38761955 0.58118683 0.6182816 0.0381431 0.60486794 0.57998079 0.63714004
0.54160929 0.3482638 -0.19082692 0.62720567 0.35060817 0.12363677 0.54352266 0.34014463 -0.18041508 0.66506511 0.36660388 0.39380968 0.53528953 0.30455127 -0.08997747 0.64487612 0.34274939 0.6429745 0.63991326 0.48567712 -0.13273621 0.68265367 0.47610971 0.13262865 0.49790066 0.53769124 -0.10398492 0.56244433 0.51388812 0.37631074 0.5808664 0.61821848 -0.02176757 0.60503995 0.58005601 0.60541427
0.54146844 0.34205446 -0.15565069 0.63061976 0.34671757 0.13189811 0.55263484 0.3459121 -0.3118467 0.66494375 0.36065075 0.35123587 0.5673542 0.32225296 -0.46747118 0.66632676 0.34237278 0.62009686 0.63970786 0.48182505 -0.13411704 0.68174529 0.47293758 0.1338609 0.49779069 0.53662413 -0.06987298 0.56228805 0.5137912 0.36523941 0.58069307 0.6181699 -0.00340231 0.60473865 0.57939887 0.5390771 
0.53294736 0.3375572 -0.17952956 0.62962937 0.33844975 0.12086911 0.53906578 0.35157427 -0.24827313 0.66737676 0.35937786 0.34157971 0.5238843 0.32527629 -0.21064109 0.66052109 0.34266609 0.57162392 0.63374507 0.47730309 -0.13616684 0.68096298 0.46828407 0.13584669 0.498034 0.53496575 -0.05997358 0.57549429 0.51370883 0.37170628 0.57959384 0.61803669 -0.00118547 0.6048547 0.57947755 0.57780892
0.53418332 0.33738673 -0.17947946 0.6464389 0.33834949 0.07543837 0.54136485 0.34521475 -0.06501128 0.68913889 0.36109859 0.25690979 0.54993016 0.31849128 0.13589592 0.68982464 0.34269175 0.42857006 0.63012242 0.47347078 -0.12915249 0.68000615 0.46461341 0.12890588 0.49853793 0.5341928 -0.06788599 0.57472283 0.51229894 0.32401851 0.57902145 0.61811036 0.02426076 0.60527492 0.57956064 0.52360612
0.53739315 0.33742827 -0.18617952 0.64388436 0.33178869 0.10643265 0.54215664 0.34621015 -0.40250966 0.66044611 0.34379184 0.2755627 0.53354448 0.32517663 -0.62007004 0.66898108 0.32560545 0.45479164 0.62411207 0.47179285 -0.13699953 0.67623419 0.46255168 0.13672052 0.49849796 0.53241092 -0.09043235 0.57152933 0.51040834 0.31512898 0.57627374 0.61796039 -0.07858555 0.60699624 0.57804704 0.46516865
0.55016643 0.33346233 -0.20806392 0.64475703 0.33211452 0.12444022 0.54349142 0.32503504 -0.34612387 0.66033065 0.34838983 0.34265184 0.5477674 0.29617783 -0.41622841 0.66878998 0.32976583 0.54846245 0.62577105 0.46775576 -0.13745748 0.67437005 0.46000722 0.13721326 0.49894968 0.53270346 -0.10407208 0.57461822 0.51044446 0.31158233 0.57569289 0.61839974 -0.06206775 0.60774297 0.57943016 0.48913613
0.55268049 0.32308641 -0.22260928 0.6292873 0.31813338 0.13934694 0.54433888 0.32438847 -0.30619639 0.66058671 0.34621334 0.35994408 0.56189018 0.30013752 -0.31432444 0.66606742 0.33127165 0.56260294 0.62639409 0.45855397 -0.1435086 0.66735423 0.4527055 0.14337504 0.50009757 0.53252661 -0.10918614 0.57355011 0.50328469 0.30163884 0.57554311 0.61965185 -0.06982721 0.6060546 0.57560939 0.48001042
0.55185252 0.31533897 -0.21311335 0.62899762 0.31448787 0.15107378 0.56184244 0.32086468 -0.28343421 0.66382992 0.34360921 0.35631618 0.5932641 0.30293161 -0.24170502 0.67315489 0.33058307 0.54921591 0.62693697 0.4541373 -0.14570436 0.66541559 0.44675121 0.14549373 0.50591886 0.5322482 -0.1204624 0.57539612 0.50237 0.3202115 0.57606786 0.62157667 -0.10606289 0.60250312 0.5743081 0.49278826
0.55139995 0.31106025 -0.22168607 0.62840325 0.31049266 0.15529189 0.55596197 0.30685392 -0.2912904 0.66498989 0.33965027 0.37769148 0.57893753 0.27164888 -0.27887249 0.66755545 0.31977665 0.58827835 0.62684834 0.45084327 -0.14757168 0.66571617 0.44313103 0.1473306 0.50787789 0.53112054 -0.1146506 0.57690763 0.50293803 0.35681114 0.57623118 0.62237853 -0.08260125 0.60370404 0.57437336 0.57842857
0.55680496 0.30823052 -0.22073291 0.63693917 0.30200559 0.17292428 0.54452616 0.31563699 -0.29767442 0.61943084 0.31264457 0.39238125 0.54928702 0.2749905 -0.29845187 0.59702581 0.27579927 0.57416737 0.62966204 0.44474736 -0.14938095 0.66418755 0.43768966 0.14925577 0.51468778 0.52885765 -0.15745407 0.57587433 0.50376922 0.30815884 0.5770461 0.62212712 -0.17619465 0.60454071 0.57683265 0.47742897
0.56321812 0.30531308 -0.21102656 0.63794571 0.30213866 0.15842287 0.53612822 0.31079367 -0.32791665 0.60577911 0.29804868 0.38879395 0.53126979 0.27183145 -0.36855844 0.56840456 0.26496354 0.56581825 0.63311899 0.44381815 -0.14845687 0.66444075 0.43595067 0.14832884 0.51736259 0.52648014 -0.15126877 0.58525139 0.50436926 0.31497267 0.57693428 0.62106359 -0.16850479 0.6082164 0.57572097 0.48953128
0.57257551 0.30177554 -0.21748276 0.64254707 0.30203396 0.15288025 0.5348683 0.29944333 -0.31918004 0.60683656 0.29802132 0.3829782 0.52477407 0.2635521 -0.33192793 0.56603336 0.26816082 0.54964596 0.63339502 0.43912193 -0.14794585 0.6642049 0.4319452 0.14782704 0.52500677 0.52565646 -0.16058972 0.58696556 0.50627321 0.3286368 0.57790762 0.62047309 -0.19421302 0.60970712 0.57791978 0.49896964
0.56901985 0.2976698 -0.16409458 0.63948447 0.30025992 0.1884951 0.53172642 0.29933032 -0.13003002 0.6141153 0.29862145 0.40983957 0.52554327 0.26219502 0.04322616 0.58310646 0.27024177 0.56806743 0.62900269 0.43382517 -0.14612514 0.66446161 0.42867047 0.14591616 0.52851623 0.52235687 -0.21645367 0.5968172 0.50604218 0.33955356 0.57791221 0.6193133 -0.34025869 0.61607808 0.57787299 0.49153844
0.56855267 0.29115832 -0.14364719 0.63780695 0.29512769 0.17962724 0.53362983 0.2935991 -0.14059941 0.65474951 0.30840388 0.40064991 0.54155111 0.25871357 0.00490793 0.63118339 0.28800145 0.54508978 0.62579191 0.42966765 -0.1401623 0.66412616 0.42301765 0.13987416 0.5331614 0.51792425 -0.17522977 0.59431255 0.50336301 0.34220514 0.57791245 0.61698163 -0.25254062 0.61928004 0.57784092 0.48918259
0.57338172 0.29035187 -0.16392675 0.64539206 0.29671234 0.17792103 0.5210259 0.2559725 -0.18749076 0.64838487 0.30837467 0.39499483 0.54121011 0.20779757 -0.09451751 0.63229847 0.2902832 0.49102828 0.6264739 0.42531136 -0.14022471 0.66409403 0.41860837 0.13994645 0.54097903 0.51622075 -0.20162569 0.59401399 0.50040519 0.34710288 0.57874948 0.61678106 -0.29628503 0.62023789 0.57780397 0.49703562
0.57274103 0.28779206 -0.17214592 0.63657421 0.29263106 0.1769021 0.51559508 0.25443968 -0.17913614 0.64787143 0.30309036 0.37169996 0.54155827 0.2185944 -0.04501344 0.63834709 0.28567991 0.50104976 0.62531143 0.42296454 -0.13523874 0.65853381 0.41530946 0.13492124 0.55243057 0.5173648 -0.19018725 0.59369493 0.50109279 0.2571466 0.58095062 0.61703098 -0.22977099 0.6191563 0.58268666 0.34780532
0.57548004 0.28217033 -0.18496092 0.63715035 0.29051542 0.17076489 0.51792496 0.23970503 -0.25945911 0.64945489 0.29973453 0.36655119 0.54293042 0.20136885 -0.22579987 0.65352488 0.27960989 0.50129431 0.62393969 0.41886309 -0.13552736 0.65853494 0.41229466 0.13522731 0.57028627 0.51479012 -0.18637867 0.6080485 0.49989617 0.24459107 0.5828687 0.61663765 -0.21171723 0.61856842 0.5867455 0.3344999 
0.58760953 0.27636674 -0.22807974 0.62694472 0.28226513 0.16908622 0.54164189 0.26136515 -0.39378107 0.62692952 0.29406366 0.39929572 0.55205631 0.225218 -0.4743484 0.63524091 0.27158454 0.58494818 0.62552243 0.41576263 -0.13958332 0.65644395 0.40991867 0.13947599 0.5743227 0.51498568 -0.17681694 0.60865563 0.49981704 0.27177086 0.58399242 0.61716783 -0.2315522 0.61887544 0.58748186 0.39750931
0.59636402 0.27621087 -0.2310017 0.62631732 0.2842119 0.17399175 0.54066414 0.26789314 -0.3370057 0.6052444 0.29126868 0.42424127 0.55338216 0.23054883 -0.3171472 0.60907787 0.26669028 0.62111372 0.62580693 0.41381949 -0.14120416 0.65357786 0.40962198 0.141176 0.58524185 0.51279038 -0.18748897 0.60782921 0.49912804 0.25211281 0.58515644 0.61694068 -0.26617029 0.61878049 0.58683306 0.35849634
0.59072077 0.2757408 -0.2226042 0.63441694 0.2856361 0.18207 0.52540326 0.24321394 -0.17521444 0.64562291 0.29616544 0.41482353 0.55456924 0.21142983 0.03830189 0.62971747 0.26623881 0.60207951 0.61827415 0.41352686 -0.1431025 0.65371001 0.40919721 0.14303833 0.58215594 0.51213986 -0.18202844 0.61739922 0.49929237 0.23764886 0.58564031 0.61667281 -0.24299155 0.62110949 0.58786374 0.31246713
0.58814913 0.27437893 -0.2343156 0.63938951 0.28190103 0.18209323 0.53397423 0.25354823 -0.27785411 0.62937713 0.29286951 0.40791488 0.55842686 0.22200307 -0.17608903 0.62688285 0.26270202 0.58510429 0.61315447 0.41322726 -0.14606962 0.64755011 0.40826923 0.14608036 0.58833623 0.51264226 -0.1773724 0.61889583 0.49963823 0.23696458 0.58684248 0.61664134 -0.23490873 0.6207301 0.59033543 0.33347884
0.58715373 0.27365842 -0.23429003 0.63954246 0.28100061 0.17963852 0.53140098 0.25063628 -0.27778217 0.63069803 0.29532719 0.40324181 0.5582934 0.22231975 -0.19110268 0.63378745 0.26724565 0.58110034 0.60724008 0.41349724 -0.14598365 0.64385557 0.40772092 0.14598121 0.58844912 0.51292783 -0.17064689 0.6183241 0.49970704 0.23462377 0.5882656 0.61619359 -0.21838237 0.6204499 0.59057993 0.33217922
0.58613777 0.27174246 -0.23067392 0.64974326 0.28195149 0.17450574 0.52981585 0.24628003 -0.23190622 0.64638615 0.29725784 0.39528286 0.55759954 0.20590308 -0.07313243 0.646276 0.26807165 0.5780316 0.6053896 0.41421622 -0.14591104 0.63665628 0.40700802 0.14591922 0.58947527 0.51321006 -0.15915173 0.6170904 0.49976969 0.22406405 0.58912539 0.61564273 -0.1913325 0.61973029 0.59029716 0.32150745
0.57622981 0.27070564 -0.17970777 0.65570766 0.27736366 0.17325209 0.52493954 0.23266692 -0.09193905 0.68194056 0.29792294 0.37943736 0.56657457 0.20317341 0.17552841 0.65138811 0.26860076 0.57624775 0.60438198 0.41358078 -0.13614458 0.63131422 0.40651804 0.13575226 0.59610879 0.51346469 -0.09437892 0.61665684 0.50040317 0.19224562 0.58892739 0.61562085 -0.10955061 0.61883426 0.59149158 0.26574072
0.57052851 0.27142182 -0.18236037 0.65324694 0.27684173 0.16223851 0.52403957 0.24331708 -0.11365463 0.67839205 0.2988624 0.37062824 0.56523609 0.20983058 0.11768592 0.65047663 0.26995003 0.5753774 0.59935391 0.41303688 -0.1323204 0.63153154 0.40626547 0.13189799 0.59553254 0.51369619 -0.10394222 0.61869061 0.50053114 0.19861831 0.58878392 0.61590576 -0.13536385 0.62045872 0.59155285 0.27954686
0.57281131 0.27232391 -0.18434654 0.65261871 0.27832812 0.17310807 0.52368456 0.23857598 -0.11043828 0.68000352 0.29934317 0.38063478 0.56376266 0.20505773 0.14657913 0.65170825 0.27109635 0.58343762 0.60183746 0.41344056 -0.13302331 0.63259298 0.40713015 0.13260923 0.60099036 0.51389891 -0.09577483 0.62062442 0.50131887 0.18412459 0.58866286 0.61591423 -0.11124985 0.62040043 0.59276688 0.2513245 
0.57295072 0.2724638 -0.16851075 0.6516602 0.278512 0.17809746 0.52181691 0.22923173 -0.10048628 0.6928826 0.29918513 0.37276772 0.56555033 0.19642186 0.14580961 0.66096795 0.27030644 0.54327303 0.60339737 0.41385236 -0.13277225 0.63249457 0.40767062 0.13225791 0.60518211 0.51449281 -0.09091461 0.62098169 0.50213724 0.18714674 0.58872604 0.61589557 -0.11013152 0.62052989 0.59242219 0.26165304
0.57268888 0.27284202 -0.17217506 0.65477026 0.27864578 0.17715283 0.51933128 0.22653911 -0.09715239 0.69411737 0.29870147 0.3677243 0.56724638 0.19704309 0.15281151 0.66701698 0.27145773 0.5421192 0.60319692 0.41388854 -0.13157594 0.63351023 0.40777075 0.13096032 0.60393113 0.51457274 -0.09669092 0.62267345 0.50222009 0.18855631 0.58871174 0.61548394 -0.12346211 0.62358499 0.59124863 0.25826949
0.57549047 0.27257097 -0.18242991 0.65620095 0.2791785 0.17662421 0.51987922 0.23298378 -0.10757013 0.68689042 0.29951245 0.38164765 0.56687939 0.20166804 0.15644844 0.66311902 0.27154252 0.58711576 0.60379416 0.41376621 -0.13296001 0.63332766 0.40782288 0.13231619 0.60365921 0.5144214 -0.10393178 0.62213904 0.50216287 0.19557853 0.58859599 0.61549324 -0.13240176 0.62485695 0.5896467 0.2763359 
0.58536768 0.27201656 -0.21800663 0.65343392 0.28005785 0.17595932 0.53053659 0.23589605 -0.17685157 0.68313944 0.29991096 0.38427475 0.56517088 0.20317517 0.0571774 0.66122174 0.27169478 0.58102864 0.60965729 0.41325244 -0.14059533 0.62823534 0.40787554 0.14013067 0.60729039 0.51445562 -0.11936665 0.62156707 0.50242269 0.21557665 0.58881468 0.61547863 -0.14137109 0.62468451 0.59024805 0.32110685
0.58456111 0.27188867 -0.21440515 0.65302908 0.28036657 0.1667174 0.53156853 0.2334211 -0.17261352 0.68109936 0.30000114 0.37886128 0.56084812 0.20163535 0.05469665 0.66083658 0.27859873 0.57916701 0.61024761 0.41217619 -0.13972861 0.62737811 0.40768927 0.13924916 0.60633689 0.51238018 -0.11502867 0.62112433 0.50232774 0.19766808 0.58879042 0.61547703 -0.13048486 0.62438214 0.59027791 0.28537142
0.58832651 0.2719087 -0.23163369 0.65268463 0.28072265 0.14526375 0.53130293 0.22556219 -0.20383167 0.67032731 0.29983237 0.3548637 0.56200379 0.19722407 -0.02810566 0.66114718 0.27786678 0.53600997 0.61049789 0.41222364 -0.13969995 0.62676364 0.4077585 0.13922262 0.60520542 0.51238441 -0.10605486 0.62104523 0.50241536 0.20035182 0.58825082 0.61580288 -0.10686593 0.62427568 0.5903765 0.28961998
0.5894472 0.27195278 -0.25154823 0.65147841 0.28110859 0.14524408 0.53093535 0.22032976 -0.27777824 0.66446745 0.29590434 0.34517828 0.56249338 0.18369503 -0.15479809 0.66078651 0.27781728 0.48208863 0.61075979 0.41238147 -0.14124142 0.62346685 0.40790102 0.14079107 0.60429436 0.51248342 -0.09037075 0.61849838 0.50245124 0.23932131 0.58824629 0.6158697 -0.07263006 0.62406182 0.5901894 0.37677389
