0.4268918 0.28325659 0.4693273 0.39550817 0.27369627 -0.08333254 0.31254551 0.34587997 0.56888598 0.32394493 0.32158819 -0.29849622 0.29280275 0.40390798 0.52681589 0.40375966 0.24205902 -0.52395838 0.33218119 0.44946128 0.19967826 0.31071296 0.44626105 -0.19986212 0.32925117 0.58207411 0.39948243 0.32189104 0.59500635 -0.44542792 0.31811392 0.70061028 0.58339417 0.33789667 0.76393646 -0.72481853
0.4701311 0.29410669 0.50306284 0.40712932 0.26670301 0.10977601 0.44033885 0.33698264 0.67264414 0.30778843 0.31088546 -0.09720103 0.45719332 0.30130026 0.75505441 0.40037012 0.2345539 -0.28877541 0.36163604 0.44106716 0.18695845 0.31427157 0.43362531 -0.1870797 0.3382898 0.57266706 0.36438885 0.32513773 0.58799154 -0.3950226 0.3239899 0.68470019 0.53065085 0.34412837 0.75806338 -0.73094046
0.47169617 0.30048016 0.57702661 0.42265701 0.27565956 -0.00951907 0.38922438 0.36284798 0.80393565 0.30913195 0.31642002 -0.2998091 0.38677526 0.39681095 0.8720665 0.39476803 0.23989676 -0.62892836 0.35381937 0.44041675 0.20869797 0.3190383 0.43321401 -0.20886792 0.34201455 0.57367384 0.42280677 0.330248 0.58984637 -0.45995978 0.32466489 0.69273096 0.59986728 0.34502527 0.75372368 -0.79693687
0.47904477 0.29629385 0.52072084 0.42299989 0.27634332 -0.02399056 0.42640492 0.3360419 0.72984678 0.30898964 0.31356654 -0.29919779 0.45462054 0.30865401 0.82779151 0.39209899 0.24444361 -0.56737185 0.35671869 0.43882072 0.20967528 0.32030669 0.43441382 -0.20971856 0.34194776 0.57290334 0.4265134 0.33087713 0.58709216 -0.42233774 0.33255994 0.69579214 0.60290039 0.34434256 0.75983208 -0.72647077
0.48443767 0.29668665 0.57394922 0.42567796 0.27172306 0.00856493 0.39807448 0.34814996 0.79220641 0.3087219 0.31027704 -0.27585083 0.40890211 0.34854975 0.87966073 0.39232069 0.239218 -0.55869269 0.35717303 0.43852416 0.21145204 0.322312 0.43289152 -0.21148002 0.33831519 0.57167459 0.41810554 0.33153218 0.58581853 -0.45049307 0.33280614 0.69301867 0.5914014 0.34462208 0.75743955 -0.7601608 
0.47439322 0.29750851 0.59400111 0.42317268 0.27257836 0.07217462 0.38266924 0.35282177 0.79698241 0.31097004 0.30903175 -0.20254175 0.37368092 0.3582277 0.90434533 0.39235529 0.24438992 -0.46299329 0.35943577 0.4321723 0.2063898 0.32150295 0.42747933 -0.20642367 0.34053046 0.56580067 0.41468123 0.33136705 0.5835132 -0.44428521 0.34693906 0.68153787 0.56156433 0.3446925 0.75543082 -0.78291363
0.47822079 0.29469922 0.54171753 0.42107153 0.26828757 0.04627379 0.43859294 0.33315846 0.73443663 0.31066927 0.31188047 -0.20278896 0.46215126 0.29610687 0.84452248 0.39296463 0.24603595 -0.48960617 0.36299178 0.43450126 0.20349874 0.31921849 0.42834893 -0.20359677 0.34103128 0.57039863 0.39419785 0.33129326 0.58554143 -0.43766004 0.33531451 0.68738204 0.54914379 0.34422851 0.75561756 -0.73831403
0.47778124 0.2981835 0.55499154 0.42012176 0.27020368 0.10024781 0.44183123 0.33498317 0.7476688 0.30884537 0.31156218 -0.16701357 0.47859091 0.29358208 0.88037515 0.39337379 0.24581234 -0.43896618 0.35992086 0.43695676 0.19534171 0.31766835 0.43076804 -0.19536628 0.33997577 0.57090491 0.33906657 0.33117777 0.5854876 -0.43231845 0.33320588 0.69311398 0.45297384 0.3439936 0.75565839 -0.74672401
0.48098654 0.29916462 0.59346956 0.41930297 0.26633468 0.15685333 0.45084128 0.34027815 0.76229948 0.30400267 0.31174052 -0.11084794 0.49235523 0.29249626 0.87333345 0.39346385 0.24620412 -0.40589926 0.36075729 0.43609312 0.18928988 0.31627515 0.42880186 -0.18926461 0.33830842 0.57046902 0.28967303 0.33083028 0.58455288 -0.43801555 0.33075699 0.69700664 0.37523723 0.34398669 0.75597167 -0.74879646
0.48261034 0.29818371 0.56977355 0.41842678 0.26467308 0.13257295 0.45151573 0.34072009 0.73671538 0.30239508 0.311142 -0.12379552 0.49202418 0.28841892 0.84664166 0.39630705 0.24620017 -0.39314589 0.36048508 0.43557337 0.18502952 0.31545678 0.42822483 -0.1850061 0.336252 0.56841105 0.31204861 0.33025473 0.58396518 -0.4656364 0.32776174 0.69512379 0.4191888 0.34388432 0.75727844 -0.81365162
0.48434424 0.29987592 0.66312379 0.41790745 0.26861611 0.21195862 0.44831544 0.34385335 0.82307279 0.30059502 0.30808866 -0.08327289 0.49712953 0.29771003 0.92998415 0.39726242 0.24644417 -0.38925886 0.35574743 0.43663082 0.18472508 0.31423026 0.42795265 -0.18472473 0.33452666 0.56900948 0.27008903 0.32997692 0.58447444 -0.44878179 0.32791573 0.69548017 0.33455357 0.34462819 0.7546652 -0.77376747
0.48442167 0.30057475 0.60091096 0.41713622 0.27068898 0.13648269 0.44000342 0.33374819 0.79748899 0.30007243 0.3064965 -0.10623994 0.4865137 0.29146656 0.95073479 0.39844429 0.24807753 -0.41641477 0.35141292 0.43654543 0.1846772 0.31114164 0.42952833 -0.18468539 0.33408991 0.5686332 0.35059977 0.32854471 0.5848152 -0.45706153 0.3277778 0.68686861 0.48265094 0.3447006 0.75533396 -0.80670446
0.48940396 0.30007377 0.6072669 0.41327128 0.27132818 0.18561314 0.43964818 0.33303076 0.77282131 0.29932851 0.30563489 -0.10272459 0.4699401 0.29299405 0.92700541 0.39995736 0.24820547 -0.40595987 0.35137516 0.43888217 0.1799863 0.30285862 0.43158585 -0.1800618 0.33561915 0.57098365 0.34887224 0.32611093 0.58685756 -0.4711259 0.32767871 0.68713951 0.49217677 0.34468505 0.75645769 -0.80542779
0.4891184 0.29965213 0.58983374 0.41281927 0.27094215 0.15711045 0.44780976 0.33471191 0.76957089 0.2976622 0.30563754 -0.11933324 0.48316389 0.29537812 0.88726568 0.40489775 0.24604565 -0.39895868 0.34935901 0.43879756 0.1783043 0.29717341 0.43059558 -0.17835209 0.33437011 0.57109576 0.32964623 0.32503951 0.58654195 -0.46766889 0.32664096 0.68533123 0.45227161 0.34476018 0.75641668 -0.80970639
0.48320046 0.30397364 0.60622257 0.41264534 0.27148762 0.15980595 0.45476368 0.33485788 0.79694688 0.2966944 0.30594796 -0.12641661 0.49577218 0.28980654 0.94168222 0.4106617 0.24528806 -0.39651331 0.34881443 0.4395898 0.17830996 0.2921105 0.43044522 -0.17835784 0.33349985 0.57111186 0.30262554 0.32403341 0.58584696 -0.46249717 0.32608229 0.68494302 0.39797148 0.34494299 0.75575924 -0.80872542
0.48051578 0.30548227 0.55313611 0.4141556 0.27323118 0.07848185 0.45239633 0.3311381 0.79565436 0.29726598 0.3048 -0.22903916 0.48784769 0.29062697 0.91450906 0.41532111 0.24431846 -0.50126332 0.34582928 0.43971628 0.17985947 0.28936604 0.43149072 -0.179877 0.33124945 0.57185668 0.30763045 0.32175255 0.58618188 -0.45704046 0.32557315 0.68664932 0.40912285 0.34492064 0.75535047 -0.78951323
0.48623911 0.30501494 0.67752999 0.41403916 0.27423039 0.17993383 0.45179445 0.33171672 0.83967292 0.29767722 0.30473793 -0.20999922 0.4831782 0.29356423 0.94220591 0.41667819 0.24423178 -0.50129336 0.34333995 0.44029665 0.1827113 0.28648835 0.43067011 -0.1827216 0.3286466 0.57145411 0.24774633 0.31921878 0.58564872 -0.46802676 0.32537484 0.68781573 0.30287358 0.34475824 0.75076085 -0.7872104 
0.48431051 0.31256369 0.57882988 0.42307153 0.27973869 0.05172974 0.41633409 0.36563867 0.80891538 0.29799873 0.30499718 -0.24658547 0.41025031 0.39509216 0.92556858 0.42199796 0.24291569 -0.5467332 0.34045744 0.44068688 0.18356864 0.28687641 0.43079349 -0.18361875 0.32854542 0.56572193 0.22825046 0.3160443 0.58595884 -0.46813279 0.32515112 0.68672353 0.26948351 0.34473339 0.75228995 -0.81064546
0.48380828 0.31380847 0.57992846 0.43225917 0.28044784 0.07113562 0.40718815 0.36029848 0.84310901 0.29826036 0.30534032 -0.22900409 0.41300306 0.37447006 1.01313293 0.42219111 0.24452299 -0.55066365 0.33785722 0.44033185 0.18563534 0.2872372 0.43081233 -0.18568976 0.32672638 0.56693959 0.22263372 0.31528375 0.58621895 -0.46376759 0.32497722 0.68920124 0.2654779 0.34485281 0.75571197 -0.79699671
0.4844718 0.31505391 0.528678 0.43844703 0.28151757 0.04084468 0.39362031 0.3648839 0.75643593 0.29832786 0.30548367 -0.2368212 0.38543147 0.40034303 0.85214072 0.42343241 0.24649099 -0.53097373 0.33614576 0.4396618 0.18509196 0.28759751 0.42985395 -0.18517703 0.32195476 0.56735039 0.15733358 0.31461796 0.58508337 -0.42226183 0.32506967 0.69567239 0.13721566 0.34518769 0.7557494 -0.74320567
0.48644421 0.31872746 0.5503087 0.44647321 0.28231412 0.09053768 0.39359289 0.3650457 0.81022602 0.30166292 0.30566323 -0.21580398 0.39527962 0.39298216 0.95996737 0.42263901 0.25003913 -0.52465373 0.33472851 0.43946788 0.18233089 0.28771877 0.42978942 -0.18246292 0.32183346 0.56799227 0.12112541 0.31483313 0.58534104 -0.39453053 0.32587507 0.69651419 0.06531825 0.34517199 0.75582719 -0.7202993 
0.49019542 0.31827113 0.57754862 0.44751605 0.27979434 0.13301444 0.39039186 0.36533013 0.8038826 0.30168977 0.30596474 -0.16064751 0.39752764 0.39881712 0.89326382 0.41728172 0.25508788 -0.52283138 0.33482966 0.43850058 0.17874573 0.28967977 0.42739078 -0.1788713 0.32541648 0.5684588 0.08780744 0.31574094 0.58365703 -0.38537952 0.32721514 0.70271319 -0.00745315 0.34520239 0.75584221 -0.71617216
0.49770582 0.31750965 0.57940483 0.45067731 0.28122267 0.16032256 0.39351553 0.36333951 0.79769951 0.30407122 0.306362 -0.13780144 0.39959535 0.38898522 0.89356363 0.41618165 0.25978079 -0.51056683 0.33434105 0.43862188 0.17172204 0.28983408 0.427692 -0.17193595 0.32573518 0.56839114 0.10734659 0.31593239 0.5835132 -0.38440371 0.3272582 0.69692743 0.01389734 0.34507036 0.75422388 -0.74821091
0.50127101 0.31152949 0.4762055 0.45494044 0.28276145 0.01232192 0.38867497 0.36120883 0.65621424 0.30556104 0.30801332 -0.2444226 0.37369755 0.40318862 0.70381331 0.42318389 0.26024812 -0.53578871 0.33224317 0.43874362 0.17279823 0.28975266 0.43000752 -0.17295142 0.33339274 0.57062632 0.13364831 0.32205519 0.58369863 -0.34996584 0.33025041 0.69808382 0.1148294 0.34507379 0.75425416 -0.63759106
0.50240618 0.31111035 0.46111906 0.45415723 0.28388816 -0.00534161 0.39060956 0.36677343 0.6955871 0.30555382 0.30999327 -0.28239346 0.38489956 0.39723602 0.79396605 0.42506203 0.25948936 -0.58168411 0.33161461 0.43899783 0.17473236 0.28844914 0.43229306 -0.17478812 0.33947194 0.57201856 0.14764877 0.32910085 0.58388638 -0.35343039 0.33424369 0.69939411 0.14355035 0.34557369 0.75440347 -0.64106262
0.50401926 0.3112601 0.41709277 0.45684254 0.28494805 -0.06320636 0.38833958 0.37257236 0.58626282 0.30665794 0.31035534 -0.333996 0.38226208 0.40762451 0.60891563 0.42823735 0.2588158 -0.61216259 0.33075932 0.44156522 0.17877501 0.28490654 0.43528634 -0.17864633 0.35545236 0.56761509 0.19479167 0.34310973 0.58100629 -0.37666097 0.33815932 0.68640023 0.25338706 0.34554219 0.751625 -0.66175079
0.50289553 0.31193453 0.43322295 0.45551208 0.2879729 -0.0430859 0.38733581 0.37196246 0.65109748 0.30668128 0.31167156 -0.34405622 0.38613382 0.40102488 0.73393029 0.43074641 0.25484687 -0.64749014 0.32859334 0.44319832 0.17895351 0.28026024 0.43558782 -0.17878546 0.35436586 0.56769788 0.07001497 0.34671089 0.57870567 -0.37306076 0.33832228 0.68823665 0.00204641 0.34561566 0.74799901 -0.64167583
0.5036025 0.31526348 0.43940774 0.45603806 0.28867465 -0.06388628 0.39732707 0.37902322 0.67439085 0.30617988 0.31374767 -0.3725183 0.40889898 0.4050929 0.76169121 0.42921692 0.25480065 -0.69226712 0.32643142 0.44341415 0.18556152 0.27712497 0.43556362 -0.18530096 0.35781264 0.56646341 0.11058325 0.35195184 0.57705909 -0.38946241 0.34069851 0.68895191 0.13299964 0.34571615 0.74668044 -0.66413993
0.5029676 0.3295553 0.39790779 0.45551154 0.29208678 -0.10187026 0.40045518 0.38499716 0.68056542 0.3056013 0.31697786 -0.42449307 0.41421056 0.41409579 0.84851718 0.42963839 0.25581703 -0.74813169 0.32592142 0.44621986 0.1852942 0.27201319 0.43552378 -0.18497327 0.36910263 0.56630027 0.1182543 0.36998656 0.57481229 -0.39856201 0.34329125 0.68856257 0.11359971 0.34599635 0.73768175 -0.6489495 
0.50244683 0.3281523 0.42232782 0.45686904 0.29532814 -0.11216218 0.39198014 0.39017141 0.56448567 0.30652696 0.31769845 -0.41654149 0.36613357 0.43037623 0.5279966 0.44006932 0.25577018 -0.69127077 0.31948116 0.44932371 0.19533472 0.27044225 0.43582332 -0.19497567 0.36525163 0.56644994 0.12906092 0.37465373 0.57502419 -0.40832826 0.34410366 0.69075459 0.12460268 0.34786171 0.73848403 -0.63679171
0.50221229 0.32751894 0.41655588 0.45683357 0.2993142 -0.12734553 0.39711487 0.39361 0.59167033 0.30655247 0.32009107 -0.43362924 0.37393498 0.42940176 0.62695247 0.43814462 0.258652 -0.71693009 0.31454891 0.44884819 0.20081533 0.26731953 0.43649167 -0.20044109 0.37007564 0.56613362 0.18804364 0.3820681 0.57552713 -0.40952015 0.34841588 0.68890423 0.22473897 0.35178062 0.73988032 -0.62055242
0.50198311 0.33216178 0.41430277 0.45743835 0.30133834 -0.13540462 0.40099761 0.39626276 0.56525981 0.3153477 0.32137027 -0.45233524 0.37390128 0.42890438 0.56130207 0.43746221 0.26273188 -0.71902305 0.31248346 0.45169741 0.2027254 0.2644203 0.43725154 -0.20232509 0.38083556 0.56815314 0.18703349 0.38939235 0.57588476 -0.39636552 0.34801456 0.68917257 0.20180565 0.35473925 0.74084938 -0.5848099 
0.49692219 0.33684477 0.41724646 0.45936868 0.30473125 -0.14957859 0.39741838 0.39726314 0.57776731 0.32373932 0.32394084 -0.4796437 0.35643691 0.43548086 0.5348646 0.43697667 0.27029648 -0.73248345 0.30417946 0.45522588 0.2158325 0.26240969 0.43819189 -0.21537174 0.39154777 0.57113069 0.16446374 0.39667428 0.57568163 -0.39297923 0.34738103 0.69029689 0.18782692 0.35750058 0.74065989 -0.56233835
0.49693167 0.34218654 0.41180384 0.45928556 0.30957907 -0.19555533 0.4005208 0.40503964 0.54590249 0.32343629 0.3323516 -0.53862107 0.36518812 0.44655401 0.46886793 0.44108212 0.27494687 -0.80290872 0.30499682 0.45866212 0.22415477 0.25989699 0.44288141 -0.22366482 0.3979136 0.57319969 0.11087395 0.40362635 0.57550544 -0.40699747 0.34856376 0.69132912 0.10296658 0.35836717 0.7388826 -0.54184169
0.49685973 0.34894332 0.41656861 0.45905262 0.31387872 -0.15966031 0.40158367 0.40856037 0.57360852 0.31980339 0.33865464 -0.47764519 0.3938894 0.44281814 0.5535726 0.44360304 0.27952084 -0.76422775 0.30079752 0.46306697 0.21967041 0.25672922 0.44929162 -0.21918075 0.40698311 0.57350808 0.15000515 0.41420868 0.5756067 -0.41072065 0.34824753 0.68913776 0.16515538 0.35823035 0.73936707 -0.56905806
0.49579161 0.35023677 0.40428895 0.45889202 0.3230353 -0.20079635 0.40150023 0.41098502 0.58495313 0.30893758 0.3486602 -0.51987582 0.39552408 0.44370353 0.58550465 0.44266486 0.29095954 -0.75697768 0.30005628 0.46695811 0.22051626 0.25561488 0.45988661 -0.21994294 0.41939226 0.57353008 0.15013237 0.42409927 0.57686043 -0.38548368 0.35085288 0.68911099 0.17287883 0.35964704 0.73980558 -0.4763613 
0.49576059 0.35476202 0.39758968 0.45874825 0.33005634 -0.19323106 0.40231776 0.41859657 0.58808917 0.30176532 0.35947239 -0.4995918 0.40223804 0.4484888 0.59656948 0.4362343 0.30115756 -0.73738939 0.29931852 0.47309548 0.21830495 0.25628284 0.46707192 -0.21776496 0.42683274 0.57556599 0.15433794 0.43179175 0.57916486 -0.36976257 0.35059637 0.68927121 0.17965102 0.35952479 0.74347252 -0.46376362
0.49474636 0.36008686 0.4018442 0.4587836 0.33984345 -0.20156139 0.40694219 0.42094329 0.66897303 0.30230489 0.36322123 -0.55668867 0.41006327 0.43818161 0.80039692 0.43700808 0.30721921 -0.8255282 0.29224643 0.47857955 0.21775936 0.25281614 0.47530213 -0.2172413 0.43754724 0.57542259 0.20506708 0.43909082 0.5820902 -0.36891216 0.35068449 0.68637204 0.24356474 0.35931492 0.7449615 -0.46634793
0.49529505 0.36847845 0.40297875 0.45871469 0.34915933 -0.24764873 0.41701356 0.4194786 0.74047899 0.30288503 0.37154281 -0.63352203 0.42289057 0.43207106 0.93665516 0.43815359 0.31383607 -0.93115121 0.2934702 0.48415327 0.22833422 0.25133479 0.48196962 -0.22785397 0.44943765 0.57556272 0.19305311 0.4438929 0.58412397 -0.39140844 0.35533339 0.68518537 0.21766162 0.35915676 0.74646372 -0.47575361
0.49001986 0.37813511 0.42860657 0.45517153 0.35391977 -0.21009003 0.4145264 0.43303335 0.76384324 0.30304623 0.38026851 -0.59154218 0.42024529 0.43554637 0.94021767 0.44370255 0.3172026 -0.88376498 0.2876133 0.49197155 0.22727424 0.24996895 0.48770711 -0.22680832 0.45105127 0.57960457 0.18664069 0.45186722 0.58994782 -0.34331894 0.35515282 0.68830353 0.20215966 0.35905254 0.74954599 -0.3831614 
0.48745993 0.38604581 0.38504425 0.45402616 0.36365509 -0.26918083 0.41367447 0.44016543 0.71861774 0.30045646 0.39147744 -0.65090477 0.41604194 0.44948933 0.87850422 0.4403128 0.33137566 -0.95355678 0.28460214 0.49741441 0.23024984 0.24636015 0.4963302 -0.22983415 0.46056494 0.58084273 0.22176057 0.45108965 0.59215939 -0.34646103 0.35505667 0.69152647 0.2828429 0.35672989 0.75452834 -0.41461599
0.48503357 0.39293444 0.37747419 0.45403811 0.37755495 -0.26454607 0.41451177 0.44261077 0.71628231 0.30018264 0.40281636 -0.627002 0.4443104 0.43524739 0.94805074 0.44322583 0.33954409 -0.88116258 0.28296089 0.50471079 0.22990651 0.24492948 0.50637764 -0.22942787 0.47198445 0.58122599 0.30556351 0.45933777 0.59632099 -0.3826296 0.35481676 0.68876678 0.41796169 0.35672137 0.76183987 -0.49979702
0.48558417 0.40085194 0.32974851 0.45404905 0.38368484 -0.25684696 0.41372767 0.45739776 0.64602274 0.30053902 0.40955675 -0.60248953 0.43786308 0.45039934 0.86436921 0.44504648 0.3496882 -0.86862534 0.28252983 0.51365989 0.21939062 0.24457487 0.51270795 -0.21886845 0.48178259 0.58574766 0.29899624 0.46788025 0.59720671 -0.36489123 0.35466358 0.68876463 0.40622145 0.35662282 0.76332003 -0.47584888
0.48585156 0.40243855 0.33357018 0.45419589 0.39104503 -0.25954026 0.40588978 0.44563791 0.71830153 0.30082703 0.42019501 -0.62256438 0.47092319 0.41260359 1.06473994 0.44478893 0.3612799 -0.87108856 0.28133047 0.51753134 0.21424264 0.2426994 0.51975161 -0.21372861 0.48983505 0.58931231 0.31489611 0.47195131 0.60020757 -0.36691001 0.35426638 0.6907481 0.4397845 0.3570866 0.76113009 -0.45770848
0.48604068 0.41252437 0.34076208 0.45362428 0.3964619 -0.25700995 0.41249004 0.44632673 0.74285293 0.30437958 0.42464021 -0.63732105 0.47702721 0.4136433 1.07839358 0.44588259 0.3645646 -0.89054489 0.28072706 0.52778518 0.21341741 0.24282676 0.52722532 -0.21292002 0.48699623 0.59157002 0.35551509 0.47587049 0.60117137 -0.36894023 0.35415328 0.69074035 0.49053067 0.35744864 0.76394182 -0.45416415
0.48629951 0.41717085 0.34556815 0.45363301 0.40356562 -0.25437537 0.41236731 0.44886294 0.73998863 0.30550465 0.43379995 -0.61842072 0.47018498 0.41629317 1.07052481 0.45072144 0.37172994 -0.83889616 0.27567008 0.53321999 0.21331365 0.24001211 0.53032368 -0.212828 0.48876908 0.59496999 0.32945025 0.47735646 0.60297078 -0.3756308 0.35448533 0.69225854 0.43433043 0.35922042 0.76327008 -0.45544073
0.48707902 0.41948465 0.32204649 0.45401755 0.4107669 -0.26588127 0.41234583 0.46664014 0.70874107 0.31070864 0.44286662 -0.60948867 0.46052688 0.44786265 0.99381745 0.4500401 0.38570866 -0.80777109 0.27411416 0.53465712 0.20844693 0.24012095 0.53603214 -0.2079353 0.48670948 0.59642577 0.37355578 0.47671074 0.60709417 -0.37582219 0.35466573 0.69321382 0.50617391 0.35630524 0.76516724 -0.46243107
0.49162015 0.42674282 0.2898339 0.45364702 0.41610697 -0.27207255 0.41361484 0.48973808 0.60583603 0.30438554 0.45145047 -0.59000748 0.44536388 0.49799952 0.80209023 0.4486953 0.39741033 -0.7780211 0.27455452 0.54064465 0.20264913 0.24056202 0.54433048 -0.20214453 0.48538044 0.59783065 0.38473761 0.48517862 0.60931408 -0.37083384 0.35448274 0.69312227 0.51625973 0.3614049 0.76439607 -0.44822726
0.49541536 0.43259579 0.24660647 0.45383653 0.42034867 -0.24982806 0.42037883 0.49833775 0.48269036 0.30236372 0.45682031 -0.47635531 0.44761416 0.49322918 0.62440395 0.44946572 0.4049634 -0.59319931 0.27424166 0.54463375 0.184076 0.24084871 0.54866475 -0.18354201 0.48722064 0.59826225 0.36434633 0.49080196 0.61139262 -0.34021109 0.35489681 0.69365525 0.47155309 0.363433 0.76402175 -0.40964678
0.49524713 0.43369028 0.25220689 0.4598687 0.4272745 -0.2400181 0.4005138 0.48635641 0.5007211 0.30229849 0.46443096 -0.44691214 0.44855157 0.48093787 0.66811776 0.45008892 0.40969735 -0.52062976 0.27052552 0.54900479 0.1822522 0.24100085 0.55360663 -0.18169136 0.48753318 0.59988755 0.41651618 0.49863157 0.61265588 -0.33069047 0.35489178 0.69384223 0.57381207 0.36318102 0.75932938 -0.36504063
0.49573466 0.43640468 0.23490262 0.46409532 0.43620616 -0.25939617 0.38425088 0.47777358 0.47654346 0.30159327 0.46990216 -0.45854408 0.45423374 0.47182351 0.62152773 0.45013154 0.41539666 -0.49855489 0.27150622 0.55273455 0.1837492 0.24117818 0.55776542 -0.18314005 0.49025387 0.59906429 0.45344901 0.50473213 0.61420721 -0.34584099 0.3545979 0.69442338 0.6485163 0.36311471 0.75931263 -0.40212873
0.49554256 0.44244358 0.19480069 0.46104524 0.4420599 -0.2681658 0.38894659 0.47403231 0.43790674 0.29947132 0.47720042 -0.45670038 0.46857551 0.47163737 0.59499532 0.45629314 0.41866046 -0.48160565 0.2725037 0.56335074 0.18071297 0.24187303 0.56444377 -0.18009596 0.48972076 0.59864974 0.47574881 0.50847387 0.61710775 -0.36693761 0.35453361 0.691688 0.67499262 0.36312595 0.75896418 -0.42046982
0.49552193 0.44645107 0.20811993 0.46090597 0.44846681 -0.27416566 0.42440337 0.47231993 0.492329 0.3026965 0.48241487 -0.47016889 0.48901916 0.46410805 0.68379217 0.46151569 0.42487937 -0.58387107 0.27298516 0.56716412 0.1808479 0.2431874 0.5692026 -0.18025164 0.48864171 0.59826428 0.50373268 0.50832212 0.6191045 -0.39013609 0.35450637 0.6905548 0.72350782 0.36331242 0.759175 -0.4806214 
0.49611312 0.45236775 0.199077 0.4569093 0.45983616 -0.33143175 0.43673429 0.48488078 0.54228604 0.30236328 0.48862347 -0.62859035 0.48126334 0.47552556 0.84981334 0.46025866 0.43631971 -0.81802642 0.27947825 0.57108331 0.18282403 0.24560042 0.57602048 -0.1822565 0.49452633 0.59802043 0.485194 0.51213789 0.61882687 -0.37804624 0.35458922 0.69118291 0.71068364 0.36328238 0.75956833 -0.44197217
0.49788919 0.45615527 0.17002365 0.45477161 0.46281406 -0.37256685 0.43637767 0.50168335 0.53824097 0.29742315 0.49646387 -0.67485589 0.48025072 0.49204329 0.8317228 0.4604246 0.44038418 -0.85818833 0.28036156 0.57380426 0.18367101 0.24601327 0.5797531 -0.18314071 0.48594767 0.59785819 0.50091428 0.51100254 0.62215936 -0.34830293 0.35514021 0.69028962 0.74635673 0.36338291 0.76176912 -0.37754408
0.50795096 0.46435866 0.15508373 0.45484036 0.46720743 -0.39418989 0.46218929 0.5105744 0.51269436 0.30296579 0.50584346 -0.68516594 0.47815749 0.52915871 0.79194665 0.46010506 0.45231682 -0.84053701 0.28035235 0.58690369 0.19030219 0.24843089 0.58720136 -0.18990383 0.47084388 0.61312902 0.51493043 0.5154506 0.62414676 -0.31806275 0.35512313 0.68935871 0.75691849 0.36290821 0.76323313 -0.25713104
0.51034141 0.46390837 0.17190607 0.45027363 0.47001716 -0.37444031 0.49962679 0.50077069 0.519714 0.32932049 0.50724846 -0.68027538 0.50365442 0.51008725 0.80089217 0.46384326 0.45283502 -0.84052294 0.28204319 0.58742321 0.19089757 0.25051659 0.58995789 -0.19051369 0.46331629 0.62003028 0.48239538 0.51363707 0.62441564 -0.27992293 0.35584575 0.69060886 0.6900143 0.36291686 0.76316768 -0.19108048
0.51020348 0.47699302 0.12033293 0.44098434 0.47894928 -0.4159058 0.49763212 0.53100669 0.47819519 0.31494567 0.5188306 -0.71210337 0.45461109 0.54618067 0.73159516 0.46388388 0.45783329 -0.88828117 0.28221446 0.59702832 0.19087027 0.24911401 0.59844917 -0.1904998 0.47281826 0.61885893 0.5036568 0.51443517 0.62493455 -0.2998817 0.35702911 0.6938045 0.73516566 0.36545959 0.76345474 -0.26175717
0.50696814 0.48276699 0.12906621 0.44181794 0.4874317 -0.39128295 0.48110837 0.51443392 0.62246376 0.32062829 0.51640183 -0.76096606 0.50453311 0.52721369 0.98766041 0.47462779 0.4578121 -1.01837194 0.28041062 0.6054002 0.19420427 0.24909399 0.60356581 -0.19385189 0.49431169 0.61484027 0.38800865 0.5136072 0.62445199 -0.31043744 0.3589769 0.70111305 0.52107793 0.36554718 0.76273376 -0.28491664
0.50515646 0.48378214 0.15171473 0.44250831 0.48274383 -0.37271789 0.45272908 0.5535115 0.4072639 0.31664547 0.52087748 -0.75029576 0.44284979 0.59667313 0.51101232 0.47061816 0.46397394 -0.91736764 0.28178719 0.60371691 0.18678978 0.24736805 0.60445505 -0.18649919 0.46023366 0.61891961 0.43273288 0.51586562 0.62378651 -0.30184662 0.35888487 0.69891107 0.61303043 0.36560196 0.76037598 -0.23245956
0.50011182 0.48958969 0.15986544 0.44256827 0.48597613 -0.3764722 0.45164815 0.57343203 0.36589167 0.31047332 0.52329326 -0.71069264 0.4500984 0.61591953 0.40409094 0.46631706 0.46710539 -0.93926769 0.2817452 0.60706168 0.1871431 0.24608587 0.60934073 -0.18681937 0.47291014 0.61317617 0.43712386 0.51707375 0.62345958 -0.28797573 0.35880563 0.698475 0.6213901 0.36554545 0.75746453 -0.13833033
0.48678821 0.50386953 0.29811156 0.41329128 0.48533171 -0.16723448 0.44587359 0.60393846 0.40362418 0.30500343 0.52797484 -0.49615049 0.45076346 0.65901005 0.34450746 0.46075788 0.47234643 -0.74821985 0.27695292 0.61587721 0.18546553 0.24523245 0.61111164 -0.18534212 0.46420744 0.63299495 0.36297086 0.51684594 0.62284815 -0.2677426 0.34622163 0.70647871 0.32877448 0.36541325 0.75671655 -0.20582567
0.48349744 0.50936681 0.34466022 0.40897575 0.49325278 -0.07524536 0.43232957 0.60683709 0.42869285 0.30409184 0.53222662 -0.38719499 0.44877008 0.6574834 0.38275665 0.45394072 0.47758809 -0.63544428 0.2754063 0.6218558 0.17535494 0.24292496 0.61269039 -0.17541312 0.46376804 0.63003737 0.3215481 0.51623881 0.61889488 -0.26594612 0.33986142 0.70531303 0.23086263 0.36645371 0.75500035 -0.3631511 
0.48300821 0.51965606 0.3436287 0.40049133 0.50217366 -0.06699856 0.43325812 0.61683214 0.42750198 0.30524793 0.53656644 -0.37942836 0.45665827 0.66864884 0.36727065 0.45172471 0.48149627 -0.60913277 0.27436939 0.62775713 0.1700276 0.24287014 0.61718965 -0.17017114 0.46476611 0.63901734 0.28617439 0.51527202 0.61735094 -0.22197618 0.33721855 0.71633345 0.14431204 0.36864612 0.75237727 -0.33785695
0.48381332 0.52242798 0.32694563 0.39301667 0.497778 -0.10349497 0.43180883 0.61773294 0.41513649 0.30471164 0.53735006 -0.4162581 0.44683743 0.67421317 0.3494474 0.44538382 0.48644525 -0.6236816 0.2744166 0.63214618 0.17090975 0.24302582 0.61731344 -0.17099501 0.4698897 0.64863813 0.1554518 0.49867609 0.614362 -0.24957024 0.33732063 0.73281264 0.00225774 0.38781711 0.75650859 -0.32786086
0.4844653 0.52602863 0.32915512 0.39463589 0.4973636 -0.11878928 0.43218485 0.62203449 0.40069738 0.30526406 0.54163373 -0.43238011 0.43977112 0.67942923 0.31255898 0.44633082 0.48774096 -0.63120496 0.27629113 0.63529885 0.1717858 0.24304959 0.61901587 -0.17208849 0.48456416 0.65377033 0.15768667 0.49787536 0.61077535 -0.25986689 0.33793542 0.73428637 0.02574069 0.39193743 0.75753009 -0.31162229
0.48235485 0.52797997 0.32393509 0.39811799 0.50640756 -0.11844486 0.42426893 0.62412417 0.38481432 0.30590847 0.54502606 -0.40448338 0.4367364 0.67965305 0.2950851 0.44538906 0.49176705 -0.56600279 0.27823815 0.64316124 0.17313662 0.24302986 0.62298238 -0.17334294 0.50484288 0.64092463 0.18036552 0.49955964 0.61151141 -0.25718999 0.34300485 0.73322165 0.05678987 0.38890174 0.75965768 -0.28724009
0.48272666 0.53217399 0.32002431 0.39194632 0.50700468 -0.05389885 0.43096542 0.62687939 0.37404653 0.30262735 0.54416341 -0.35496759 0.44411838 0.68190485 0.27557799 0.44592509 0.49069253 -0.58870775 0.27897993 0.64374804 0.15884759 0.24034771 0.62276834 -0.1589722 0.51579696 0.63619268 0.07869093 0.48882967 0.60749161 -0.30189702 0.34323934 0.73110557 -0.08880007 0.38827005 0.75961584 -0.38269436
0.47339848 0.53766936 0.44893184 0.38668671 0.50973427 0.07323112 0.42494485 0.63229758 0.48169896 0.3006399 0.54609352 -0.22016963 0.42059493 0.68688089 0.35536572 0.44608641 0.49248219 -0.44781274 0.27819365 0.64415687 0.15493491 0.23835802 0.62242645 -0.15521173 0.5112403 0.63311946 0.04506389 0.48644054 0.60634804 -0.30918318 0.34337679 0.72776991 -0.19230668 0.38838595 0.75959802 -0.48808384
0.46344215 0.54008299 0.46828306 0.39090776 0.50879228 0.0800979 0.42001691 0.63494813 0.50626367 0.3008596 0.5457204 -0.22613448 0.42696923 0.68282878 0.37380809 0.44602528 0.49364302 -0.45814818 0.27395165 0.64457071 0.15707098 0.2385328 0.62136948 -0.1574049 0.51064873 0.63364178 0.09619737 0.48819557 0.60443693 -0.26527309 0.34552914 0.73724204 -0.13590874 0.38744581 0.75398982 -0.42562917
0.45246187 0.5555678 0.45060152 0.39229649 0.50940555 0.04611037 0.4056606 0.63239449 0.49427089 0.30095619 0.54493719 -0.25259626 0.42255685 0.68012422 0.38191161 0.44616511 0.49441242 -0.45602253 0.27157331 0.64877313 0.15916681 0.23857294 0.62338328 -0.15947029 0.50766748 0.63163096 0.11970942 0.48854959 0.60470337 -0.23115115 0.3499231 0.73614693 -0.08259489 0.38665968 0.75374109 -0.41545647
0.45549721 0.56061202 0.44358987 0.39185342 0.50847399 0.07703274 0.40795791 0.63646263 0.4828572 0.30006367 0.54646605 -0.21427831 0.41658294 0.68928093 0.36265802 0.44329163 0.49578515 -0.43507531 0.27186483 0.64539516 0.15464488 0.2401439 0.62221944 -0.15505053 0.50681812 0.63149095 0.07454257 0.48922482 0.60396188 -0.23942786 0.34828833 0.73720449 -0.12286831 0.38637945 0.75244606 -0.4061594 
0.44345781 0.56464344 0.4516817 0.3859255 0.51124591 0.096074 0.4023056 0.64034897 0.48270178 0.30074912 0.54575837 -0.21624875 0.41966674 0.6911267 0.37093458 0.4402903 0.49553639 -0.44515672 0.27045029 0.65192592 0.15165451 0.24015234 0.62292713 -0.15214851 0.50577915 0.63034445 0.09744597 0.48815295 0.60434413 -0.22521061 0.34829435 0.73502868 -0.11749523 0.38647342 0.75203788 -0.39409029
0.43986967 0.56680846 0.46052891 0.37876388 0.51357484 0.1234925 0.397214 0.64174116 0.47942895 0.29961628 0.54618323 -0.19511577 0.39927796 0.6921407 0.35629746 0.44065103 0.4946354 -0.46456018 0.27040085 0.65509057 0.1442948 0.24015927 0.6242364 -0.14476457 0.50494701 0.62976515 0.07647154 0.48571569 0.60455137 -0.2346148 0.34640691 0.73361504 -0.1457016 0.38099867 0.74782377 -0.43575668
0.43647718 0.56608498 0.47219509 0.37719715 0.51406771 0.12927397 0.39804485 0.64056152 0.50974095 0.29978532 0.54648286 -0.19056255 0.4074623 0.69089848 0.41357908 0.44103977 0.49419791 -0.44831559 0.26815379 0.65611845 0.14562228 0.23906465 0.62478644 -0.14609088 0.49453333 0.63192457 0.10236768 0.48450658 0.60482371 -0.23601776 0.34010416 0.73345977 -0.09986208 0.38741499 0.75224739 -0.41564021
0.43364617 0.56576002 0.47034881 0.37484276 0.51497906 0.12944452 0.39952043 0.64015526 0.51457953 0.31291652 0.53642362 -0.17371178 0.40211904 0.69182807 0.43694425 0.44129992 0.49410829 -0.3937169 0.26767841 0.65540367 0.14582139 0.23877527 0.62654793 -0.14627859 0.49457392 0.62829071 0.11246583 0.48600441 0.60775971 -0.24006155 0.34057981 0.72782874 -0.07308938 0.3914836 0.7561301 -0.40886208
0.43803772 0.56208622 0.45411062 0.37006795 0.51651382 0.12587921 0.4001348 0.63745731 0.49923569 0.3058311 0.54200715 -0.16718027 0.40682364 0.68908405 0.40255684 0.43923986 0.49398762 -0.38650081 0.27156115 0.65382349 0.14242993 0.23975725 0.62833941 -0.14285606 0.49761125 0.62668425 0.10404768 0.48771352 0.60881907 -0.23300834 0.34809104 0.72759968 -0.11057356 0.39059117 0.75611711 -0.40468207
0.43417856 0.56226474 0.47326386 0.37220946 0.51636147 0.13093407 0.39758822 0.63714117 0.49583814 0.31348971 0.53877866 -0.1777958 0.40106633 0.68748003 0.38690242 0.43607092 0.49723497 -0.39862868 0.27084336 0.65325838 0.14305435 0.24309416 0.62939793 -0.14339204 0.49558428 0.62494922 0.14797838 0.49420047 0.61361259 -0.2312807 0.34805593 0.71463287 -0.03961444 0.37766239 0.7571221 -0.40376484
0.43451765 0.56276768 0.46179977 0.37385091 0.51646185 0.12505639 0.40050882 0.63697714 0.46294239 0.31281671 0.54073811 -0.15683277 0.41015449 0.68773502 0.34676263 0.43506762 0.49967054 -0.3575038 0.27347183 0.6536541 0.14369962 0.2451884 0.63060671 -0.14406128 0.49330106 0.62434256 0.13319974 0.49743614 0.61555713 -0.23156409 0.34678239 0.71359944 -0.04300617 0.37454045 0.75522268 -0.37382969
0.4426018 0.56177098 0.43231681 0.37343958 0.51595664 0.10936639 0.41293922 0.63660228 0.4304511 0.31013611 0.5439167 -0.18087469 0.43838492 0.68795216 0.31552252 0.443737 0.50749719 -0.39696378 0.2775276 0.65384591 0.14429785 0.24662919 0.6318261 -0.1446631 0.49695119 0.6207903 0.14802346 0.50035667 0.61632937 -0.23210943 0.34487695 0.70584565 0.00662095 0.3728061 0.75415313 -0.36781344
0.44417351 0.56109005 0.42012104 0.37047607 0.51562613 0.10336138 0.42287952 0.63630176 0.44268632 0.30275503 0.54396743 -0.20232496 0.45820844 0.68854624 0.34010854 0.43812212 0.50697112 -0.47935328 0.27800885 0.65368539 0.14432247 0.24543265 0.6320321 -0.14467317 0.49828169 0.61973232 0.17939079 0.50096422 0.6168741 -0.25259873 0.34303856 0.69891655 0.05495097 0.37025091 0.75422388 -0.39861631
0.45103371 0.56030315 0.38129154 0.37144867 0.51556176 0.02457564 0.42525262 0.63608211 0.41056317 0.30197933 0.53893125 -0.25754112 0.46055496 0.68875843 0.30125356 0.43821368 0.50681937 -0.48237062 0.27905685 0.65358073 0.14984028 0.24567041 0.63156307 -0.15016264 0.4986462 0.61919791 0.21514516 0.50148052 0.61717027 -0.25216457 0.34180123 0.70256096 0.13616882 0.38753432 0.75831288 -0.35348797
0.4552142 0.56019956 0.36989352 0.37563205 0.51351106 0.0179769 0.42448094 0.63605404 0.37979969 0.30541655 0.53768647 -0.2669307 0.45357659 0.691046 0.25912914 0.43987811 0.50538135 -0.49625945 0.28133512 0.65332347 0.15229538 0.24699982 0.63127899 -0.15257441 0.49933365 0.61874264 0.19307186 0.50215858 0.61759716 -0.27046722 0.34183285 0.70362502 0.12559159 0.39155886 0.75901222 -0.34639698
0.45439401 0.56182194 0.38268206 0.37403259 0.51350039 0.09032746 0.42197579 0.63829154 0.4030391 0.30557171 0.5378539 -0.2153641 0.45099801 0.69340152 0.28613222 0.4396449 0.50492239 -0.48470294 0.28103027 0.6534605 0.14736383 0.24686766 0.63103622 -0.14771388 0.49506441 0.6196177 0.1863976 0.49848869 0.61744797 -0.26710394 0.34094357 0.7050215 0.07271963 0.39430645 0.75880998 -0.38848621
0.45093346 0.56168383 0.43119076 0.37383786 0.51354015 0.11500549 0.41901135 0.63886708 0.41104835 0.31289783 0.53312236 -0.19478647 0.44937947 0.69387543 0.30323571 0.44359726 0.50326532 -0.44710895 0.27988935 0.65329432 0.14747813 0.24731541 0.63096881 -0.1478378 0.49245101 0.61999965 0.20272535 0.50522453 0.61720437 -0.23579828 0.34273335 0.70399153 0.07554311 0.39713395 0.75756186 -0.36453623
0.44568717 0.56276476 0.44363606 0.3718017 0.5136764 0.13306479 0.41793597 0.64078456 0.42989212 0.3124426 0.53221172 -0.1864315 0.44952983 0.69391578 0.30646729 0.44361633 0.50221306 -0.44858983 0.27654108 0.65315455 0.14602542 0.24621056 0.63086289 -0.14644481 0.49177319 0.62053603 0.21228218 0.50486743 0.61783254 -0.22732314 0.34250358 0.70476395 0.06616146 0.39880413 0.75704229 -0.36528665
0.44324547 0.56371558 0.43908492 0.37110755 0.51388496 0.13417578 0.41602951 0.64196503 0.4301739 0.31211463 0.53191924 -0.18568701 0.45166588 0.69395351 0.3081179 0.44333491 0.50163847 -0.45465329 0.27331623 0.65305942 0.14383836 0.2453903 0.63079089 -0.14430483 0.49077871 0.62155664 0.20141031 0.50457954 0.61829299 -0.21832903 0.33880663 0.70521909 0.04304641 0.40156063 0.75701886 -0.36638841
0.44167852 0.56487936 0.43717146 0.37069169 0.51404881 0.13685028 0.41218847 0.64468986 0.41868371 0.31112885 0.53181261 -0.17550829 0.45088369 0.69549537 0.29158351 0.44226506 0.50093096 -0.44631767 0.2711035 0.65301216 0.14302106 0.24485824 0.63091004 -0.14355259 0.49061725 0.62196332 0.22312836 0.50496149 0.61873806 -0.20657827 0.33846319 0.70225114 0.05088903 0.38146156 0.75559574 -0.37193373
0.44206151 0.56478626 0.42954487 0.369645 0.5141933 0.13681443 0.41045052 0.64430612 0.41054899 0.30807087 0.53187358 -0.17466003 0.44733748 0.69601518 0.2834816 0.44170365 0.50045979 -0.44956428 0.27138928 0.6528548 0.14002571 0.24463212 0.63086545 -0.1405182 0.49070904 0.62226319 0.21141332 0.50067741 0.62157971 -0.23879024 0.33799413 0.70013529 0.04914556 0.37186402 0.75587285 -0.42297772
0.44231939 0.56480378 0.42043871 0.36875835 0.51425564 0.13262725 0.41009384 0.6445114 0.40416124 0.30645272 0.53208029 -0.17479888 0.44655606 0.69694191 0.27685231 0.4409627 0.50019735 -0.44968027 0.27165303 0.65283084 0.13897808 0.24476974 0.63102627 -0.13946871 0.49079832 0.62250221 0.21459995 0.4983668 0.62296242 -0.23867583 0.33752272 0.69938713 0.05908436 0.36843455 0.75620937 -0.41733941
0.4455415 0.56460136 0.4121992 0.36858788 0.5141589 0.12771447 0.41133586 0.64469332 0.39629909 0.30546382 0.53148437 -0.17194636 0.44680715 0.69816405 0.26399219 0.44081274 0.50004607 -0.41831151 0.27302217 0.65260017 0.13920087 0.24464609 0.63099742 -0.13967541 0.49084556 0.6227237 0.21397616 0.49900451 0.62248671 -0.23594326 0.3381719 0.6992262 0.05833451 0.36795279 0.75621086 -0.38301796
0.44654995 0.56449676 0.41181198 0.3683835 0.51412708 0.12565343 0.41160074 0.64464915 0.3992596 0.30513558 0.53164035 -0.16818096 0.44694048 0.6983034 0.26798657 0.4406434 0.49998656 -0.40605927 0.27326438 0.65221226 0.13940074 0.24445897 0.6309846 -0.13987163 0.4906984 0.62287885 0.20934397 0.49943131 0.6221779 -0.23303063 0.33831275 0.69873649 0.05661972 0.3674632 0.75628018 -0.38075095
0.44971511 0.56460798 0.4126029 0.36804521 0.51410425 0.13468814 0.41439083 0.64479089 0.4017781 0.303848 0.53773075 -0.16560023 0.44821095 0.69921279 0.27446234 0.44116738 0.49981758 -0.41340056 0.27593583 0.65225828 0.13807561 0.2442783 0.63060838 -0.13854992 0.49317801 0.62371171 0.19343172 0.49964035 0.62206799 -0.23231618 0.33869851 0.69994062 0.00906648 0.38415095 0.76033843 -0.4024072 
0.45143065 0.56554753 0.41271454 0.36792511 0.51419204 0.14772269 0.41461125 0.64499962 0.40101552 0.30336958 0.53984571 -0.15289299 0.44424614 0.69994235 0.27455908 0.4412407 0.49979123 -0.41250217 0.27893621 0.65255755 0.1344984 0.24482481 0.63058877 -0.13494781 0.49459052 0.6245361 0.14660513 0.4997471 0.62194228 -0.24886435 0.33875316 0.69980901 -0.03548083 0.38749456 0.76266801 -0.42122295
0.45372072 0.56543368 0.41273984 0.36810747 0.51442313 0.13525967 0.4173151 0.64490932 0.40458515 0.30303946 0.53611088 -0.15645421 0.44718254 0.69977719 0.28784043 0.44146854 0.49969685 -0.41724095 0.27912414 0.65267879 0.13467482 0.24483278 0.63094306 -0.13513224 0.49792355 0.62161416 0.17414324 0.49999887 0.62180781 -0.24324855 0.33957484 0.69798011 -0.00130804 0.37354547 0.76226276 -0.417696 
0.45141456 0.56572664 0.42522234 0.36795911 0.51539046 0.13364419 0.42470509 0.6445154 0.44215292 0.30842653 0.53583091 -0.14510386 0.46333402 0.697815 0.34805739 0.44266495 0.49965811 -0.35579219 0.27918306 0.65292889 0.13513152 0.24482554 0.63109773 -0.1355875 0.4960908 0.62198943 0.17571712 0.49527451 0.6227535 -0.23969962 0.34205061 0.69801891 0.01615659 0.3681213 0.76210392 -0.39728627
0.44670498 0.56646037 0.46167171 0.37002888 0.51584846 0.17660734 0.42255577 0.6446225 0.4575175 0.31733459 0.53572649 -0.102977 0.45977521 0.69776052 0.35072365 0.44317302 0.50024539 -0.31066048 0.27914011 0.65292066 0.13523382 0.24541934 0.63109201 -0.13572031 0.49458686 0.62223905 0.17439558 0.4964312 0.62235433 -0.22445381 0.34256324 0.69951069 -0.02271559 0.36613497 0.76190257 -0.39699072
0.44649163 0.56380177 0.49488914 0.387458 0.50813514 0.19559553 0.42096826 0.64458728 0.47132471 0.32558119 0.53636807 -0.07379337 0.45625931 0.69869465 0.35713997 0.44851938 0.50294691 -0.23530011 0.2789979 0.65129548 0.1392011 0.24879266 0.63103163 -0.13989474 0.49344552 0.62228101 0.24744803 0.50481766 0.62223279 -0.17948367 0.34293982 0.69960767 0.04270952 0.36516124 0.76182348 -0.36331478
0.45616618 0.54208452 0.44228521 0.38643146 0.50926536 0.08869328 0.42465401 0.6389361 0.46278748 0.31789565 0.53865486 -0.19566934 0.46170288 0.69584113 0.37130988 0.44843191 0.50058168 -0.39989886 0.27900648 0.65120876 0.14420059 0.24873106 0.63107109 -0.14475314 0.49343386 0.62236494 0.24534895 0.50824279 0.6220929 -0.18412036 0.34290516 0.70358914 0.10203018 0.3658869 0.75992703 -0.32832965
0.45188487 0.54769385 0.44160399 0.3862907 0.51233327 0.09773592 0.4260565 0.63840789 0.48036912 0.31695631 0.53794408 -0.19605225 0.47180715 0.69281709 0.40218604 0.44812021 0.49865627 -0.42502451 0.27624497 0.65146279 0.14424595 0.24864383 0.6310674 -0.14478445 0.48937187 0.62148476 0.2859503 0.50910884 0.62097919 -0.170708 0.34566948 0.70251721 0.14135851 0.36625162 0.75913978 -0.33942413
0.45960927 0.53675121 0.42889893 0.38810098 0.51165974 0.02936742 0.43723321 0.6354515 0.47118536 0.31681916 0.53346652 -0.25691721 0.48718295 0.69224364 0.38329297 0.44949579 0.49607986 -0.45372412 0.27624995 0.64871758 0.15889122 0.24927676 0.63087219 -0.15934195 0.49040517 0.61727458 0.32118115 0.5098201 0.62067616 -0.18377154 0.34962842 0.69960403 0.22808294 0.36577618 0.75876933 -0.33585322
0.45588091 0.5402202 0.45674437 0.38659376 0.51312512 0.05603304 0.44738263 0.63257951 0.51516008 0.31692246 0.53774559 -0.23763588 0.51112819 0.68463886 0.43569851 0.44924518 0.49532154 -0.44992617 0.2707926 0.64783418 0.16107981 0.2469683 0.62959266 -0.1615026 0.4864485 0.61767864 0.32302144 0.5103597 0.61951226 -0.1639998 0.34792751 0.705607 0.20693883 0.3660301 0.75873476 -0.31409371
0.43498474 0.54700887 0.50213033 0.38410151 0.513179 0.11531064 0.43609464 0.6334545 0.53648049 0.32089821 0.53416431 -0.19832647 0.49890819 0.68557578 0.45276603 0.44961041 0.49306867 -0.43709278 0.25969589 0.63081008 0.16005205 0.2393209 0.6245572 -0.16053213 0.47409657 0.61708885 0.34979546 0.50887692 0.61660951 -0.17124054 0.34787035 0.70637774 0.24383286 0.36623955 0.75871652 -0.31737798
0.43486711 0.54868507 0.49853492 0.3834658 0.51131558 0.10566379 0.43495315 0.63154024 0.52739018 0.32121581 0.53059179 -0.21844159 0.49493402 0.68413359 0.42930511 0.44974819 0.48931688 -0.46481842 0.25861222 0.62472862 0.16248013 0.2338077 0.6207062 -0.16293713 0.46660686 0.61870265 0.31223872 0.50503713 0.61273533 -0.17706686 0.3520368 0.70767301 0.19197528 0.36642578 0.7582525 -0.3295753 
0.42962357 0.54585272 0.48890144 0.39178103 0.50721145 0.0911661 0.42248175 0.62703353 0.51093984 0.32477748 0.52834851 -0.23964448 0.45268917 0.68503773 0.41602254 0.45552126 0.4838399 -0.46152255 0.25428614 0.61781299 0.16568302 0.23472655 0.61643904 -0.16634955 0.45113108 0.61896205 0.43431711 0.50622278 0.61303598 -0.16783647 0.35188827 0.70443541 0.36867914 0.36627442 0.75778061 -0.33465275
0.43737465 0.53135091 0.44426459 0.39608249 0.48863351 -0.06643264 0.42154959 0.61085266 0.5048486 0.31895998 0.52805728 -0.37211627 0.45526347 0.66643453 0.41287816 0.45109907 0.48272029 -0.5679332 0.25052702 0.61145574 0.19115765 0.23217386 0.61213422 -0.19148946 0.46143746 0.6143015 0.37045351 0.50431114 0.6114673 -0.20536599 0.3515746 0.71436858 0.37306869 0.39415836 0.75879973 -0.20654762
0.40893766 0.51064122 0.47516441 0.39324477 0.49360019 -0.02107477 0.41758052 0.58343762 0.6818831 0.32018787 0.52549452 -0.34371999 0.45442116 0.60102689 0.78998214 0.45097989 0.47670111 -0.31964505 0.23624127 0.60477263 0.18815601 0.22499582 0.60716498 -0.18834448 0.44171554 0.61492854 0.38045728 0.49331224 0.61289346 -0.24794984 0.35144848 0.71307594 0.39501306 0.37451941 0.75878167 -0.33674473
0.4653056 0.49740648 0.31171048 0.42681253 0.48110384 -0.20810463 0.41921592 0.58846945 0.39570028 0.30822834 0.51862693 -0.49827045 0.4543604 0.6378516 0.29812992 0.45049089 0.47042084 -0.66665858 0.25247929 0.6073544 0.19632314 0.22996017 0.5974564 -0.19646484 0.45093518 0.61143428 0.45807624 0.49636015 0.6108951 -0.24561405 0.35124367 0.71333367 0.5023495 0.391931 0.75882882 -0.21064436
0.48039219 0.48991281 0.31856096 0.45828471 0.47951064 -0.16963136 0.41140717 0.56467903 0.41610321 0.30434924 0.51301491 -0.4110955 0.42670113 0.60567915 0.35868537 0.45008874 0.4670592 -0.55600578 0.2532905 0.5930962 0.19179843 0.24089155 0.59289306 -0.19185394 0.45234948 0.60991508 0.44643283 0.50065356 0.61109298 -0.23502366 0.3554571 0.69730431 0.49906933 0.38664293 0.75525945 -0.22545347
0.48001653 0.48665392 0.28699583 0.45215246 0.47637674 -0.18453769 0.41185522 0.55793095 0.44180307 0.30202487 0.50565094 -0.41348982 0.43396005 0.58657086 0.50423586 0.45086023 0.46113002 -0.52406031 0.24966826 0.58588952 0.18825899 0.24004188 0.58736235 -0.18847875 0.43658119 0.61028016 0.51982749 0.50102079 0.61123568 -0.22682641 0.35492897 0.69201338 0.61711144 0.38776961 0.75635809 -0.23454177
0.48081636 0.47644746 0.34373748 0.46256492 0.4728395 -0.16807778 0.41210544 0.5277884 0.56967312 0.30059573 0.5034439 -0.37009552 0.48253235 0.51425642 0.72863048 0.45108449 0.4556641 -0.35653508 0.23407885 0.57662874 0.20419313 0.22837363 0.58060497 -0.20409298 0.43897635 0.60708332 0.52412331 0.49731484 0.61144936 -0.26889724 0.35305229 0.69329917 0.6410901 0.37561181 0.75828606 -0.35673973
0.48962212 0.47283185 0.28606287 0.45711872 0.46554551 -0.26863655 0.43712646 0.54396111 0.53454119 0.2831257 0.49884543 -0.49834403 0.51769203 0.557028 0.63699704 0.4561494 0.45119077 -0.567267 0.23825361 0.57258952 0.20292312 0.22238083 0.5728277 -0.20261428 0.45862943 0.60245007 0.48281589 0.4950532 0.60895699 -0.29820967 0.35292235 0.6949482 0.67388672 0.3715083 0.75704753 -0.31580198
0.49148428 0.47248191 0.30602312 0.46022803 0.46174198 -0.30519253 0.44850653 0.55769742 0.50306612 0.28804621 0.48973721 -0.59449637 0.51912111 0.58566415 0.56090719 0.46192142 0.45162022 -0.72846395 0.23522846 0.56927222 0.21421435 0.20917559 0.56612343 -0.21380517 0.46541494 0.60296607 0.45738024 0.48753956 0.60376805 -0.29354313 0.35274884 0.6963467 0.61051375 0.36684948 0.75278765 -0.22904846
0.48918882 0.4793801 0.34870678 0.46544752 0.4582617 -0.27748862 0.47481203 0.56842804 0.51143348 0.33296871 0.48216495 -0.62205309 0.54510206 0.63380051 0.50108767 0.47089365 0.44370043 -0.84468108 0.22928564 0.56546444 0.22766875 0.20760821 0.55763447 -0.22751066 0.46548483 0.6039539 0.45378959 0.4823966 0.60194099 -0.29500896 0.35303301 0.70307243 0.56996071 0.3640129 0.75126207 -0.19535369
0.49035165 0.47021917 0.32939985 0.46386796 0.45514145 -0.32377055 0.46449363 0.544855 0.68299574 0.32986057 0.47481582 -0.71698922 0.53829449 0.56623256 0.98541021 0.46853465 0.43445352 -0.9908548 0.22645532 0.55889553 0.21945912 0.20478889 0.55710393 -0.21934886 0.46435714 0.60245383 0.44496617 0.48191795 0.60196787 -0.2906076 0.35304499 0.7036103 0.61965048 0.3630397 0.75233406 -0.14721894
0.49302974 0.46363232 0.32526341 0.46030763 0.44893697 -0.34039596 0.46545479 0.53892803 0.62874788 0.32573438 0.46989229 -0.7143057 0.52541673 0.56818962 0.77464265 0.46411175 0.43028846 -0.96764117 0.228967 0.5528571 0.22364879 0.20525856 0.55337089 -0.22358407 0.46459502 0.59848577 0.46856615 0.48189953 0.6025365 -0.30798259 0.35355532 0.70340294 0.66842431 0.36373481 0.75346595 -0.18571462
0.49291462 0.45936477 0.28804442 0.45884946 0.44384405 -0.35082188 0.46195203 0.54002881 0.59084094 0.30679843 0.46495634 -0.70792592 0.50091296 0.57611853 0.76738375 0.45789394 0.42387733 -0.96105051 0.22505842 0.54746211 0.22103183 0.20349666 0.54857135 -0.22098842 0.45856664 0.59616184 0.52109659 0.479505 0.60211927 -0.30743995 0.35234213 0.70319009 0.76274401 0.36341828 0.75127065 -0.20462172
0.49139422 0.45399216 0.30388698 0.4589377 0.44558033 -0.39100251 0.45319006 0.51072294 0.81513035 0.31006357 0.45903498 -0.86709726 0.50307959 0.51295882 1.25726366 0.45851716 0.41648814 -1.22045588 0.21801262 0.54744953 0.23321685 0.19627415 0.545026 -0.23312943 0.44742122 0.59547156 0.49402076 0.47738937 0.60044777 -0.30191633 0.34928331 0.70439214 0.73487431 0.36238369 0.75075138 -0.1326399 
0.48964685 0.45340222 0.37043032 0.46004233 0.44206813 -0.32867354 0.42628682 0.4974578 0.82488936 0.30972806 0.45625436 -0.75415897 0.4872134 0.48510197 1.23899841 0.45540354 0.4159385 -1.04587877 0.2151411 0.53837812 0.23272258 0.19149011 0.54085797 -0.23250085 0.44875181 0.59156597 0.43403888 0.47427469 0.60057342 -0.29565012 0.34910586 0.70452774 0.66854012 0.35922652 0.75097579 -0.15464881
0.48878062 0.45375144 0.37202036 0.46062031 0.44192651 -0.33963287 0.42770028 0.51102149 0.80956018 0.32913119 0.4518452 -0.80503947 0.48744196 0.51462787 1.18721056 0.46177152 0.41225234 -1.15381181 0.21726571 0.54069859 0.23003931 0.19013087 0.53916717 -0.22983633 0.44916174 0.5930059 0.39758956 0.46893442 0.59741271 -0.32469681 0.34915715 0.70554179 0.56442356 0.35940412 0.75099629 -0.21465459
0.48813251 0.44891053 0.41180769 0.46210891 0.43772498 -0.32107225 0.42234153 0.48498985 0.89216977 0.32810426 0.45037204 -0.80527973 0.47582534 0.46787086 1.3580991 0.4613879 0.4106887 -1.21480215 0.21854851 0.53671318 0.23091364 0.18972644 0.53299731 -0.23064175 0.45485872 0.59407955 0.30399743 0.46376255 0.59682924 -0.31339565 0.34955752 0.71018678 0.39593557 0.35544848 0.75069112 -0.23207109
0.48446763 0.44757906 0.42085621 0.46121904 0.43555054 -0.30936044 0.39145961 0.46801698 0.89812791 0.3260217 0.44791096 -0.82328743 0.46047375 0.45952854 1.37662876 0.45957947 0.4086996 -1.27866507 0.21614701 0.53571039 0.2291394 0.18674608 0.52985257 -0.22890371 0.45776564 0.59473258 0.28769457 0.46379423 0.595101 -0.31017452 0.35028726 0.71140265 0.37502143 0.35262582 0.74556154 -0.23018818
0.48409462 0.44323006 0.52127492 0.46444824 0.43059689 -0.16500217 0.39601377 0.47862688 0.88496763 0.39379093 0.42569727 -0.63806117 0.42075574 0.47618869 1.1822046 0.47954819 0.38714525 -1.04586446 0.217132 0.53353143 0.2293078 0.1885682 0.52357286 -0.22907805 0.45800442 0.59463799 0.23902613 0.46402115 0.59460962 -0.30559197 0.35029247 0.7149201 0.22369671 0.35248566 0.74633342 -0.26847616
0.47817677 0.44788176 0.56141913 0.46232632 0.4292179 -0.08236117 0.40063944 0.49202001 0.80111206 0.36765102 0.43269813 -0.47019303 0.44238627 0.48689976 0.8171559 0.47595379 0.39324781 -0.74124187 0.21539511 0.53527427 0.22848339 0.18942165 0.51804024 -0.22826451 0.45523649 0.5947817 0.18178922 0.46201256 0.59335655 -0.30800265 0.3511515 0.72217673 0.06173968 0.35276097 0.74599212 -0.34678224
0.47821796 0.44515878 0.56577575 0.4615148 0.42789415 -0.10566759 0.40527835 0.48597547 0.84323519 0.37992299 0.42775434 -0.5244593 0.44508868 0.46808228 0.96581328 0.47610763 0.38833982 -0.81935281 0.21596335 0.53517395 0.23073569 0.18970995 0.52058005 -0.23047121 0.45344219 0.59424996 0.19981861 0.4630205 0.59385544 -0.31083864 0.35323104 0.72232062 0.10549197 0.35282126 0.74609917 -0.33830383
0.48847389 0.42744437 0.51330769 0.47171393 0.41909656 -0.14109106 0.38365343 0.45036098 0.81923646 0.41270703 0.41012585 -0.62368435 0.41924497 0.46638197 1.04223311 0.48709056 0.37039983 -0.97176862 0.23044364 0.52393311 0.23009977 0.19570197 0.51932985 -0.22984049 0.45434976 0.59202164 0.18691228 0.46378785 0.59422117 -0.30184743 0.35326844 0.72081405 0.15432742 0.35314891 0.74636728 -0.28494895
0.49215642 0.42804328 0.50963217 0.47008899 0.40644413 -0.12645312 0.40069553 0.47106361 0.7606644 0.39039439 0.41619381 -0.48995498 0.42508343 0.47380477 0.87659121 0.48442286 0.37730372 -0.71362376 0.23376636 0.52052242 0.22601531 0.20017314 0.51171505 -0.22553171 0.45409942 0.59125179 0.23220773 0.46364111 0.59409523 -0.31911272 0.35043204 0.71634459 0.2108717 0.35275841 0.74794096 -0.33662412
0.49736446 0.42612204 0.41179356 0.46890777 0.40496975 -0.22484945 0.4232102 0.47217438 0.7883535 0.3362686 0.42261407 -0.57357287 0.46738246 0.45250538 1.13867819 0.47502741 0.37723964 -0.82857841 0.24433209 0.51688439 0.21849813 0.20351787 0.51264912 -0.21792699 0.45775968 0.59093678 0.26897579 0.46269837 0.59419715 -0.34428146 0.35045049 0.70773035 0.32849053 0.35269505 0.74812025 -0.36055052
0.5014872 0.41858003 0.40329686 0.46940517 0.40110439 -0.24750689 0.4494611 0.45360458 0.82102185 0.33351737 0.41960943 -0.63725662 0.52004367 0.42642826 1.2074964 0.47426328 0.37359908 -0.86161828 0.25348467 0.51258403 0.21819386 0.21002677 0.51166785 -0.21764073 0.45893365 0.59052199 0.27155823 0.46149331 0.59507567 -0.36938125 0.35181141 0.70795006 0.33404484 0.35286194 0.74974406 -0.36476764
0.4998672 0.41516408 0.39995509 0.467206 0.39966956 -0.25531578 0.4825097 0.43129179 0.84011281 0.33462453 0.41730419 -0.65804917 0.54853439 0.39946711 1.27165842 0.47755733 0.37067977 -0.90792602 0.25002864 0.50786406 0.21883444 0.20993541 0.50798619 -0.21826638 0.45817679 0.58911675 0.27216005 0.46076211 0.5951432 -0.35387936 0.35412633 0.70665073 0.33069927 0.35470498 0.7491256 -0.35173729
0.49877512 0.41538996 0.3871538 0.46539202 0.39724925 -0.25235882 0.46637359 0.4399299 0.85437012 0.33383772 0.41382885 -0.67471832 0.52815264 0.41056788 1.31774068 0.48089132 0.36960945 -0.95973003 0.24994461 0.50353187 0.21423899 0.21080087 0.50263494 -0.21365054 0.45472598 0.58753461 0.24288051 0.45813426 0.59514153 -0.34046954 0.35437441 0.70382142 0.27512428 0.3548539 0.74843782 -0.34782803
0.49805129 0.41366026 0.40758321 0.46816218 0.39375734 -0.22019659 0.45832351 0.44407523 0.83634663 0.33171797 0.40906316 -0.59616274 0.52265769 0.41674232 1.20625436 0.47557843 0.36914283 -0.81762952 0.25790447 0.50302052 0.21436509 0.21780732 0.50006884 -0.21377823 0.45356745 0.58612442 0.25296253 0.45669866 0.59480178 -0.37458214 0.35553721 0.70227945 0.28449088 0.35550079 0.74848694 -0.40833691
0.49948087 0.40855387 0.40317827 0.46897748 0.39185512 -0.26914635 0.45526499 0.44366419 0.83744842 0.32996124 0.40482208 -0.69108051 0.47525749 0.4280313 1.18542671 0.47473264 0.36586332 -0.96147168 0.26381782 0.50439155 0.21586932 0.22010379 0.50079262 -0.21527295 0.45363763 0.58622134 0.16358674 0.45541093 0.59334642 -0.36450335 0.35698417 0.70279336 0.14489122 0.35563025 0.74486071 -0.3779861 
0.49915296 0.40551475 0.40824935 0.46968907 0.38924935 -0.25833464 0.41514096 0.43007043 0.89843166 0.32470074 0.40486175 -0.68978602 0.47781491 0.41688022 1.35077047 0.47105652 0.36226252 -0.99404669 0.26532498 0.50150818 0.21609102 0.22200112 0.49872145 -0.21550219 0.45166343 0.5832414 0.25228 0.45464566 0.59256244 -0.3923173 0.35695958 0.69625026 0.33488417 0.35565835 0.74612427 -0.41782936
0.50124246 0.40183038 0.4212698 0.47539166 0.38528451 -0.24541751 0.41805756 0.43900552 0.87459296 0.32208943 0.40230849 -0.68425459 0.45790336 0.42498764 1.25109768 0.46751833 0.35460562 -0.96304989 0.26461568 0.49689436 0.21630046 0.22462924 0.49352732 -0.21572582 0.44858989 0.58196908 0.20296319 0.45402238 0.59181827 -0.3930921 0.35661137 0.69697273 0.21335952 0.35416377 0.74621099 -0.41229427
0.50269282 0.3995083 0.41740701 0.47554734 0.38064203 -0.23568639 0.42012474 0.43790033 0.86958241 0.32355446 0.39454979 -0.6800971 0.44839448 0.42865294 1.2358129 0.46768963 0.34242037 -1.03757203 0.27032569 0.49479648 0.21141993 0.2301967 0.49016476 -0.21083233 0.4484646 0.58193165 0.11025298 0.45238772 0.59015971 -0.3889921 0.35788882 0.69863039 0.05916925 0.3422395 0.73503435 -0.36764646
0.51421064 0.39499557 0.41287073 0.47502944 0.37760684 -0.25541964 0.41585997 0.42066965 0.86505896 0.33147869 0.38685551 -0.69283444 0.45228678 0.41741258 1.2218163 0.46771869 0.33801296 -1.03499556 0.28439778 0.49231762 0.22305351 0.23605184 0.48872072 -0.22241518 0.45055437 0.58013272 0.11637004 0.45187753 0.58864039 -0.46322417 0.35925624 0.69409168 0.08985879 0.34259233 0.73716486 -0.49900416
0.51294816 0.38842234 0.47812653 0.47290835 0.37398234 -0.1826084 0.42303839 0.42403314 0.9208377 0.33137462 0.38474572 -0.63372004 0.45309141 0.40355387 1.28407574 0.46778092 0.33529964 -1.00603569 0.28138125 0.48772323 0.22543414 0.23673975 0.48503 -0.22487402 0.45036161 0.57989079 0.14170122 0.45166078 0.58775353 -0.45369747 0.35922277 0.69527125 0.1194656 0.34295309 0.7375744 -0.51673734
0.51133806 0.38629314 0.46141514 0.47109899 0.3707698 -0.19685908 0.42779365 0.42062715 0.91650105 0.3283298 0.38012347 -0.65189791 0.46550184 0.39642417 1.31174171 0.4670099 0.3330282 -1.02868915 0.28638402 0.48661488 0.23257987 0.24029686 0.48488888 -0.23214869 0.4505339 0.57922113 0.21256073 0.45184195 0.58730114 -0.47960296 0.35776156 0.69551444 0.25915799 0.34420407 0.74111283 -0.57105666
0.5105983 0.37914318 0.45419261 0.47102126 0.36574706 -0.20402132 0.42959899 0.4241119 0.90141791 0.32239342 0.37897673 -0.63302368 0.46592748 0.40358159 1.23333788 0.46432924 0.3284691 -0.96357107 0.29312113 0.4836387 0.23485242 0.24680452 0.48248413 -0.23439805 0.45094422 0.57942843 0.26585963 0.45197785 0.58754611 -0.46685955 0.35752416 0.69422042 0.35220444 0.34706342 0.74515086 -0.58746994
0.5094623 0.37712672 0.45052099 0.4708173 0.36230686 -0.20626259 0.42932197 0.42670015 0.85865998 0.32121056 0.37710491 -0.62745881 0.4481346 0.41933244 1.12524295 0.46303084 0.32371381 -0.96375203 0.29371718 0.48283821 0.2333824 0.24954656 0.48213401 -0.23287569 0.45086864 0.57866001 0.29719412 0.45208484 0.58761156 -0.46398675 0.35744449 0.69099408 0.41038403 0.35119355 0.74532402 -0.54601794
0.50939333 0.37721691 0.44896042 0.47027218 0.35822868 -0.18662059 0.43080449 0.42591366 0.82065225 0.32195607 0.37210318 -0.56652105 0.4522379 0.41670412 1.07663333 0.46299949 0.31973511 -0.83857626 0.2954534 0.48331743 0.23012175 0.25169271 0.48023441 -0.22952875 0.45225498 0.5788359 0.26846471 0.45236036 0.58752364 -0.42722392 0.35940412 0.69019276 0.34279442 0.35628328 0.74399751 -0.52962965
0.51120901 0.37879512 0.46163484 0.46562147 0.35524797 -0.12739505 0.4260551 0.43869624 0.75869256 0.31858233 0.37352201 -0.46008459 0.42924008 0.44614643 0.89650571 0.4630987 0.31457812 -0.69283885 0.29994491 0.48409978 0.224793 0.25374371 0.48024157 -0.22423789 0.45248669 0.57899261 0.23430456 0.4525421 0.58736193 -0.41713923 0.35751918 0.6909259 0.26993433 0.35638833 0.74409473 -0.5539912 
0.50869715 0.37421286 0.46182725 0.46584773 0.35379422 -0.15709622 0.42201313 0.43852094 0.77640676 0.31914288 0.37291846 -0.53326023 0.42027068 0.44023874 0.95696706 0.45862713 0.31588382 -0.82018667 0.30079865 0.48324054 0.22481076 0.25852188 0.48108256 -0.22424616 0.4549033 0.57822436 0.2805686 0.45386457 0.5872972 -0.40340143 0.35767826 0.68603349 0.38288328 0.35682207 0.74423367 -0.53691548
0.50856942 0.37287205 0.47109354 0.46563542 0.35172841 -0.12776943 0.43042585 0.43673405 0.76488847 0.32310361 0.37013158 -0.47897401 0.42795232 0.42173818 0.92512035 0.45892146 0.31226045 -0.74277264 0.3067857 0.4815532 0.22415285 0.26115721 0.48035687 -0.2235503 0.45842415 0.57751781 0.27234495 0.45461056 0.58678728 -0.40455896 0.35854006 0.68429863 0.3581796 0.35678095 0.74427831 -0.57581508
0.50386328 0.36743924 0.46697187 0.46668106 0.35002434 -0.1248802 0.42852345 0.43044144 0.75792873 0.32509667 0.36870867 -0.48771912 0.43288457 0.4159832 0.95263052 0.45887032 0.31156585 -0.76434469 0.30515546 0.48130801 0.21794353 0.26438981 0.48095581 -0.21726424 0.4592925 0.57733423 0.29948768 0.45725229 0.58683026 -0.40516773 0.35681292 0.68490928 0.41082078 0.35662627 0.75066346 -0.59794402
0.50033861 0.36560538 0.42831498 0.46682298 0.34846202 -0.11531018 0.41328543 0.42901704 0.66247958 0.32531711 0.36797002 -0.42879796 0.40198603 0.41653633 0.78835785 0.45911962 0.30715039 -0.64431053 0.3054412 0.48111248 0.20574287 0.26609087 0.48132274 -0.20507836 0.46181217 0.57595575 0.28573987 0.4584915 0.5866363 -0.40588951 0.35639688 0.68136877 0.38103926 0.35702983 0.75398058 -0.62669742
0.49752995 0.36402842 0.45460704 0.46695909 0.3466801 -0.09348193 0.42571756 0.42033347 0.69624066 0.32778522 0.3671793 -0.40797701 0.45144174 0.38467261 0.83154589 0.45926672 0.30580908 -0.61226517 0.30467963 0.48139751 0.20758697 0.27054116 0.48151058 -0.20694712 0.46176052 0.5760656 0.34436968 0.45993611 0.58683002 -0.40968671 0.35205728 0.68221879 0.47542471 0.35746804 0.75806016 -0.64278615
0.49405253 0.36351025 0.45731929 0.46699336 0.34642366 -0.07317618 0.42459443 0.42206982 0.66385907 0.32807419 0.36702204 -0.37670118 0.45588508 0.39656338 0.74662989 0.45933175 0.30688539 -0.58762127 0.30386561 0.4811171 0.2066848 0.27406377 0.48170701 -0.20606045 0.46054548 0.57616735 0.35988787 0.46100628 0.58754605 -0.4191907 0.34758312 0.68109745 0.49221236 0.35770059 0.75915921 -0.6745739 
0.49413311 0.36502218 0.4757795 0.46754852 0.34658954 -0.07091143 0.41316393 0.42377117 0.69241172 0.32598126 0.36811572 -0.40112805 0.43493631 0.40988165 0.79095131 0.45626733 0.30846566 -0.65305787 0.30327219 0.48057643 0.20793422 0.27539104 0.48154762 -0.20731416 0.45860082 0.57631212 0.34913915 0.46107829 0.58817762 -0.43376219 0.34670553 0.68183357 0.46453428 0.35822284 0.76105994 -0.69079936
0.4942123 0.36602432 0.45951527 0.46743488 0.34608462 -0.09185289 0.4084726 0.4301011 0.66583967 0.32514346 0.3688283 -0.41692263 0.4168869 0.43653479 0.74509639 0.45560285 0.30898389 -0.66885966 0.30409035 0.48007426 0.20866835 0.27461079 0.48145598 -0.20805998 0.45856631 0.57590508 0.33611372 0.4605318 0.5885216 -0.44852468 0.34687331 0.68094951 0.4506152 0.3587074 0.76178825 -0.70348644
0.49449775 0.3664546 0.44019428 0.46744028 0.34602162 -0.09875679 0.40864068 0.43066445 0.66763324 0.32486334 0.36909395 -0.43475014 0.41838276 0.43279207 0.77494431 0.45529944 0.30873975 -0.68796235 0.30375317 0.47957882 0.20915668 0.27334699 0.48117325 -0.20855168 0.45897543 0.57534093 0.32697469 0.46050313 0.58855182 -0.44365212 0.34712183 0.67925811 0.43499622 0.35874966 0.76155627 -0.67424041
0.49674743 0.36684829 0.42641667 0.46623844 0.34593159 -0.15546404 0.40649462 0.43074232 0.68458223 0.32371008 0.36938041 -0.48484537 0.40962043 0.44079593 0.79415035 0.45417318 0.30898485 -0.75486559 0.30429035 0.47975343 0.21214177 0.2725825 0.48033243 -0.21155061 0.45933053 0.5749048 0.36125535 0.46002862 0.58845466 -0.46748301 0.34860748 0.67825401 0.50575477 0.35881254 0.76158041 -0.70242125
0.49674848 0.36617196 0.42387936 0.46608621 0.34589669 -0.15525281 0.40166956 0.42862177 0.67494112 0.32245627 0.36954153 -0.48225737 0.39595097 0.44063139 0.78844297 0.45361653 0.30926734 -0.74782181 0.3040638 0.47983751 0.21223164 0.27279201 0.48041487 -0.21164221 0.45939651 0.57465065 0.35431933 0.4600068 0.58844316 -0.45806944 0.3499822 0.67756623 0.49612421 0.35887322 0.76254916 -0.68388951
0.49430147 0.36372226 0.42016536 0.46609363 0.34602717 -0.15261385 0.3992345 0.42550212 0.67114788 0.32166713 0.36959782 -0.48073041 0.39746901 0.43810371 0.79273647 0.45306316 0.30948383 -0.72285908 0.30430222 0.47991359 0.21229221 0.27274883 0.48058727 -0.21170133 0.46037862 0.57467711 0.34627423 0.46001685 0.58848071 -0.45319495 0.35162494 0.67776746 0.48025873 0.35897109 0.76260185 -0.6741854 
0.49361148 0.36309078 0.39321458 0.46649924 0.34626639 -0.16339447 0.40044662 0.42455187 0.63300925 0.32168013 0.36998171 -0.48182565 0.40023178 0.43608049 0.73495477 0.45177671 0.30963257 -0.72048676 0.3037172 0.47973433 0.209848 0.27346861 0.48077878 -0.20922507 0.46010643 0.57445771 0.34525415 0.46021706 0.58839238 -0.4118292 0.35091701 0.67917341 0.46950766 0.35914704 0.76313955 -0.59128201
0.49304715 0.36312056 0.40418512 0.46665356 0.3464486 -0.15993799 0.40113732 0.42468327 0.65284467 0.32166809 0.37034643 -0.48052883 0.4064211 0.43479985 0.77162635 0.45099163 0.30972165 -0.72011346 0.30340746 0.47969913 0.20998809 0.27391353 0.48108757 -0.20936534 0.46009186 0.57429892 0.36378166 0.46045882 0.58838946 -0.41695887 0.35068968 0.67932189 0.50803554 0.35953501 0.76337272 -0.60775107
0.49310568 0.36335751 0.40727308 0.46621445 0.34639862 -0.15913394 0.41307601 0.42375618 0.66179574 0.32419536 0.36951739 -0.49038181 0.4386735 0.41537485 0.78475708 0.45112404 0.30893606 -0.72873563 0.30533925 0.4799419 0.21507592 0.27441972 0.48110732 -0.2144857 0.46044555 0.57431847 0.35549718 0.46083525 0.58869684 -0.41935676 0.35064 0.67943519 0.49125892 0.359539 0.7636649 -0.61546797
0.49379754 0.36352256 0.40953907 0.46531585 0.34632298 -0.16898108 0.41903937 0.42379808 0.6652137 0.32117108 0.36998457 -0.50338167 0.44442067 0.41661939 0.7860077 0.44843236 0.30901951 -0.74591047 0.30774868 0.4803955 0.21632273 0.2746554 0.48115069 -0.2157549 0.46042538 0.57432038 0.35489273 0.46087581 0.58913398 -0.41950825 0.35019737 0.679416 0.49644667 0.359384 0.76371998 -0.61710906
0.49508515 0.36352164 0.41177607 0.4650459 0.34613973 -0.1725156 0.41873166 0.42426351 0.66491318 0.31978714 0.37000221 -0.50650138 0.43148863 0.42758313 0.76886696 0.44581446 0.30907932 -0.75821877 0.30849484 0.48074284 0.21753146 0.27465677 0.48118445 -0.21697314 0.46050012 0.5743292 0.35246524 0.46087021 0.58931434 -0.4345206 0.34987834 0.67996126 0.49483886 0.35991213 0.76358312 -0.64096391
0.49554732 0.36347097 0.42147753 0.46520022 0.34597769 -0.16209142 0.4069123 0.42429098 0.64573771 0.31917959 0.37004334 -0.48305523 0.40279821 0.43889558 0.69641 0.44532913 0.30914515 -0.72986525 0.30839899 0.48081732 0.21768551 0.27556226 0.48116982 -0.21712443 0.46018973 0.57433927 0.34494627 0.46095669 0.58949101 -0.43497291 0.34974879 0.6797443 0.48682636 0.36006814 0.76343811 -0.64218593
0.49663821 0.36285868 0.43302691 0.46555963 0.34568298 -0.14833704 0.40475899 0.42438379 0.6408689 0.31868824 0.37012878 -0.46120745 0.39592773 0.44353187 0.67563689 0.44483376 0.30919823 -0.70616442 0.30907977 0.48079443 0.21828817 0.27631491 0.48101565 -0.21773501 0.46017015 0.57413262 0.34468332 0.46121624 0.59003413 -0.43916065 0.34978715 0.67959154 0.48546889 0.36056286 0.76315993 -0.66058499
0.49682182 0.36241254 0.45474818 0.46619195 0.34535012 -0.12372024 0.40232778 0.42579561 0.64323002 0.31855729 0.3701846 -0.44390202 0.39733696 0.44525549 0.70245564 0.444473 0.30923975 -0.69179523 0.30904111 0.48047069 0.21826431 0.27787951 0.48075965 -0.21771418 0.45936456 0.57418513 0.31308219 0.46170399 0.59050095 -0.42145762 0.3489399 0.67972952 0.42160261 0.36150852 0.76306057 -0.62695873
0.49665529 0.36199534 0.4717609 0.46665013 0.34509036 -0.10658879 0.40108684 0.42687491 0.6472159 0.31856081 0.37022543 -0.43200856 0.39386994 0.44720647 0.67871946 0.44434965 0.3092609 -0.67913085 0.30896598 0.48027068 0.21823056 0.27897817 0.48062286 -0.21767904 0.4588497 0.57463002 0.27551544 0.46215737 0.59061116 -0.40590671 0.3483305 0.68102449 0.36015242 0.36182427 0.76304185 -0.59706277
0.49630484 0.36184052 0.46520281 0.46700248 0.34469038 -0.10369343 0.40030891 0.42686531 0.6505633 0.31853566 0.37023148 -0.43264413 0.3962954 0.44495866 0.6817286 0.44445658 0.30929422 -0.68324375 0.30915096 0.48023447 0.2172946 0.28050238 0.48050207 -0.21673967 0.45838469 0.57521313 0.27264303 0.46298683 0.59076649 -0.40453014 0.34796914 0.68237484 0.35560754 0.36229873 0.76302528 -0.59942484
0.49435028 0.36101156 0.4827401 0.4672991 0.34456 -0.10778569 0.40327954 0.42109022 0.69754362 0.3224448 0.36842874 -0.43910402 0.41626149 0.41920182 0.77303976 0.44455537 0.30929521 -0.6886909 0.31052724 0.48011121 0.22080779 0.28111771 0.48044249 -0.22024545 0.45837831 0.5752424 0.28713033 0.46321398 0.59095031 -0.43840772 0.34707403 0.6822229 0.38839218 0.36194426 0.76319915 -0.6751709 
0.49154404 0.36009333 0.47325602 0.46812817 0.34457648 -0.11091289 0.40097386 0.42149487 0.66602254 0.32583553 0.36747655 -0.43707851 0.40889102 0.42138034 0.68439454 0.44470027 0.30921614 -0.67926246 0.31042978 0.4800382 0.22045678 0.28258225 0.48053226 -0.2198834 0.45820516 0.57522428 0.29090512 0.46410578 0.59094501 -0.44389328 0.34709266 0.68179137 0.39001954 0.36123106 0.76342666 -0.67591834
0.49167502 0.36051908 0.48471749 0.46914384 0.34452704 -0.09339122 0.40110207 0.42371589 0.64903104 0.32472876 0.36777532 -0.41672382 0.3964842 0.44218868 0.61477464 0.44482541 0.30923536 -0.66942668 0.31034389 0.48003355 0.22037874 0.28270397 0.48046255 -0.21980135 0.45821145 0.57506299 0.29585651 0.46451446 0.59081346 -0.44396442 0.34709984 0.68138856 0.39785013 0.36097354 0.76338327 -0.66980314
0.49207237 0.36118931 0.47878239 0.46946311 0.34451428 -0.09636408 0.40201429 0.4275783 0.60638207 0.32378951 0.36819172 -0.40946171 0.39119902 0.45524168 0.54859698 0.44492966 0.30945504 -0.65316063 0.31081727 0.48003656 0.21844733 0.28280774 0.48024285 -0.21789016 0.458213 0.57488078 0.29800719 0.46475646 0.59065425 -0.44256261 0.34710002 0.68077093 0.40172401 0.36078495 0.76337695 -0.66723323
0.49265069 0.36201963 0.46543941 0.46944803 0.34465635 -0.09934748 0.40209305 0.43099505 0.5860014 0.3232376 0.36854246 -0.41648343 0.38332987 0.46251726 0.53138399 0.44579032 0.30971861 -0.65949643 0.31172684 0.48007217 0.2172589 0.28311795 0.48014703 -0.21671343 0.45821065 0.57487839 0.28544316 0.46500871 0.59066778 -0.44605216 0.3469865 0.68039435 0.37981632 0.36038592 0.76367831 -0.66852814
0.49377832 0.36344442 0.46573341 0.46945351 0.34477738 -0.08918811 0.4028503 0.43384349 0.58841079 0.32315853 0.36897737 -0.39519534 0.38248757 0.46581504 0.53002632 0.44650769 0.30986372 -0.6361143 0.3130745 0.48021975 0.21466777 0.28383017 0.48004425 -0.21415009 0.45832416 0.57486749 0.27379715 0.46511811 0.59067065 -0.45329186 0.34732509 0.68002504 0.3543686 0.36027685 0.76371998 -0.69093561
0.49584424 0.36449602 0.47314021 0.46942574 0.34478378 -0.09110396 0.40676215 0.43633828 0.59863943 0.32311827 0.36926833 -0.40006909 0.38297743 0.46936595 0.53909373 0.44654077 0.3098745 -0.64101344 0.31426713 0.48092416 0.21482545 0.28396672 0.48003498 -0.21431519 0.45891383 0.57477355 0.27664641 0.46521357 0.59060693 -0.46261969 0.34821725 0.67996514 0.36317536 0.36024895 0.76427102 -0.70472878
0.4974246 0.364896 0.47612572 0.4694249 0.34479508 -0.09128431 0.40752158 0.4355756 0.60499161 0.32285118 0.36950415 -0.39994714 0.38431516 0.46482262 0.57082313 0.4467369 0.30988353 -0.63729882 0.31591311 0.4812206 0.21484333 0.28413504 0.4799667 -0.2143319 0.45954493 0.57477432 0.25109026 0.46528727 0.59047753 -0.45855701 0.34855634 0.68132263 0.31585804 0.35987398 0.76386189 -0.69270653
0.50042307 0.3654606 0.47511032 0.4692885 0.34481281 -0.09102542 0.40858158 0.4350473 0.62652856 0.32203266 0.36970723 -0.40107989 0.38944447 0.46215943 0.61433542 0.44677261 0.31005201 -0.63739276 0.31975707 0.48174322 0.21472524 0.28465244 0.4799557 -0.21421897 0.45966369 0.57533443 0.23306981 0.46535641 0.59039134 -0.4563016 0.34826681 0.68335128 0.28936502 0.35980698 0.76270902 -0.689466 
0.50107586 0.36573189 0.47343114 0.46928915 0.34515765 -0.09181695 0.40926144 0.43500143 0.62668163 0.32183707 0.36991349 -0.40409711 0.39049846 0.46129072 0.6143443 0.44682294 0.31005889 -0.64069617 0.3211689 0.48235506 0.21422356 0.28551129 0.48004207 -0.2137147 0.46008271 0.57630849 0.21238574 0.46537489 0.59086668 -0.43682534 0.34717768 0.68710804 0.2578629 0.35993668 0.76212555 -0.63444203
0.50246733 0.3663384 0.46464974 0.46929905 0.34529302 -0.10526569 0.41025186 0.43522459 0.63659215 0.32185903 0.3706643 -0.42209694 0.39754876 0.45697537 0.65398413 0.44693443 0.3102378 -0.65605253 0.32148924 0.48275214 0.2142307 0.28669444 0.4801214 -0.21372133 0.46000987 0.57643706 0.22847593 0.46547168 0.59113318 -0.43222213 0.34674451 0.68665332 0.28900447 0.36078104 0.76164806 -0.62065071
0.50402206 0.36704487 0.46800229 0.46944129 0.34529859 -0.09988595 0.41022852 0.43622085 0.63366306 0.32257047 0.37168968 -0.41330364 0.39295328 0.46310359 0.61651379 0.44732264 0.31042889 -0.65334606 0.32160038 0.48284233 0.21423824 0.28732762 0.48014382 -0.21372847 0.46077272 0.57672495 0.23302311 0.46592623 0.59138495 -0.43242401 0.34654686 0.68821734 0.29518986 0.36093479 0.7617045 -0.63204247
0.50585234 0.36864007 0.45713028 0.46944705 0.34530023 -0.1000032 0.40936533 0.43689668 0.59685844 0.32303587 0.37244639 -0.40794867 0.38746852 0.4656921 0.55368716 0.44754183 0.31078064 -0.6470924 0.32157153 0.48305461 0.21284401 0.2876628 0.48014352 -0.21233283 0.46176356 0.57675087 0.2378097 0.46643528 0.59138131 -0.43361691 0.34666041 0.68653226 0.29796132 0.36103955 0.76161593 -0.63336468
0.50632566 0.36947754 0.44245327 0.46978053 0.34530389 -0.09716164 0.4071148 0.43719646 0.58513594 0.32424662 0.3730773 -0.39832881 0.3878819 0.46429878 0.56217241 0.44799781 0.31081101 -0.63116217 0.32041377 0.48318547 0.20908451 0.28763404 0.48014405 -0.2085622 0.46244019 0.57676816 0.24254832 0.46705133 0.59128952 -0.42113572 0.34695819 0.68609828 0.30999726 0.36132187 0.76142299 -0.60881704
0.50635117 0.37001553 0.44362107 0.46983114 0.34529981 -0.08698644 0.4044266 0.43715554 0.58566552 0.32503572 0.37346062 -0.38694561 0.38798481 0.46183428 0.56428677 0.44825917 0.3108142 -0.62165558 0.31963494 0.48332748 0.20738323 0.28771874 0.48016649 -0.20686316 0.46277246 0.57680732 0.24273278 0.46750125 0.59127218 -0.41872135 0.34742379 0.68500364 0.30918658 0.36157316 0.7614221 -0.61337054
0.50672489 0.3704738 0.43742555 0.46982896 0.34532222 -0.09533158 0.40151492 0.43712282 0.57233357 0.32555634 0.37348196 -0.39106539 0.37973782 0.46199015 0.5350498 0.44810456 0.31048033 -0.62706345 0.31883225 0.48335746 0.2076243 0.28769743 0.48022801 -0.20710333 0.4630821 0.57670647 0.24419022 0.46794194 0.59126812 -0.41780588 0.34753492 0.68472791 0.31350788 0.36160845 0.76148951 -0.60484755
0.50666589 0.37008113 0.4427903 0.47218865 0.34490702 -0.08822221 0.40031409 0.43631247 0.57682514 0.32663745 0.37348998 -0.38525581 0.3751595 0.46187699 0.52964079 0.44811717 0.30952179 -0.61754292 0.31792581 0.48270217 0.20769106 0.28823283 0.48014003 -0.20717908 0.46313202 0.57661146 0.25132635 0.46844727 0.59126437 -0.42000443 0.34810594 0.6834957 0.32770392 0.36160514 0.76165766 -0.60591686
0.50657165 0.36999127 0.4546909 0.4721894 0.34361711 -0.08890873 0.40050831 0.43634579 0.58210534 0.33169028 0.36893347 -0.39745453 0.36749202 0.46800515 0.52294183 0.45127216 0.30449528 -0.64153129 0.3179304 0.48262942 0.21061996 0.28843442 0.47955111 -0.21011485 0.46310696 0.57651865 0.26953858 0.46846735 0.59119809 -0.43742493 0.34807071 0.68274349 0.361956 0.36157569 0.76165926 -0.64859796
0.50479192 0.3686358 0.45034599 0.47207513 0.3402648 -0.08947112 0.39957973 0.43619406 0.5660972 0.33156753 0.3684082 -0.39790857 0.36580133 0.47095525 0.49658385 0.4515149 0.30056956 -0.64052409 0.31555426 0.48177177 0.21026638 0.28879434 0.47814015 -0.20976093 0.4608742 0.57679635 0.27628639 0.46855471 0.59112793 -0.43296725 0.34776995 0.68273884 0.36714375 0.36137605 0.75972182 -0.62470609
0.5047133 0.36825201 0.45543921 0.46827534 0.33642286 -0.05948678 0.39961177 0.435249 0.58870918 0.33250341 0.36245176 -0.3856461 0.36808333 0.46926227 0.54675817 0.45127589 0.29694858 -0.65093482 0.31536666 0.48144817 0.20507534 0.28972426 0.47503278 -0.20459934 0.45660615 0.57837498 0.26353776 0.46873182 0.59112352 -0.42609018 0.34761566 0.68442249 0.32987314 0.36140645 0.75970972 -0.62039435
0.50434613 0.36706415 0.46127167 0.46681738 0.3342112 -0.06027789 0.39964962 0.43068287 0.62035424 0.33742708 0.35472995 -0.38666174 0.36936525 0.46398371 0.6261521 0.45116335 0.2915653 -0.65733403 0.31645474 0.48041925 0.20537284 0.29068357 0.47244063 -0.20488694 0.45342419 0.57894617 0.26892775 0.46817449 0.59056342 -0.44746727 0.3481068 0.68484181 0.35816896 0.36177468 0.7604056 -0.67166972
0.49971834 0.34678853 0.46011037 0.46687645 0.32266244 -0.10931552 0.39460024 0.41199115 0.67647451 0.33735698 0.35193291 -0.44752535 0.38654199 0.42770281 0.768767 0.4385286 0.28733113 -0.72820449 0.31706911 0.47231463 0.21470821 0.29311168 0.46825272 -0.21416897 0.44575858 0.57874417 0.26883823 0.46529773 0.58887231 -0.43121257 0.34810567 0.68615139 0.36695728 0.3620773 0.75893724 -0.59151202
0.4998439 0.34714279 0.46410492 0.46616182 0.32030329 -0.11990423 0.39484543 0.41350168 0.70041299 0.33657753 0.35113683 -0.47211915 0.38330913 0.43595016 0.79079026 0.42853078 0.28840953 -0.77905077 0.32235223 0.47099286 0.21739748 0.29380831 0.46491641 -0.21690714 0.44241285 0.57955253 0.24443911 0.46303743 0.58823091 -0.4312042 0.34792691 0.68984157 0.33393922 0.36264822 0.75740188 -0.58711416
0.50034261 0.3383292 0.53561753 0.46836498 0.31034461 -0.08586388 0.4136498 0.41138193 0.73594344 0.35141867 0.32512838 -0.46513626 0.39362007 0.44053003 0.77222604 0.43223432 0.27021414 -0.80572951 0.32997489 0.46300408 0.22062884 0.30317661 0.45560804 -0.22012356 0.42808408 0.5793041 0.23551619 0.45636976 0.58564693 -0.46566454 0.33608326 0.68895346 0.27956927 0.36398125 0.75335461 -0.70976418
0.50085115 0.32620341 0.51784056 0.46977475 0.30348366 -0.10059586 0.41292441 0.40097126 0.73078811 0.3629097 0.31792119 -0.50592566 0.38422972 0.43894312 0.78718686 0.43351397 0.25917462 -0.87698698 0.33845824 0.45724377 0.22279611 0.31178614 0.45105124 -0.22239259 0.42032579 0.57867324 0.23091134 0.4457269 0.58477658 -0.45169476 0.33562353 0.68860394 0.29607335 0.36417723 0.75083315 -0.68023431
0.50486457 0.31908995 0.5064671 0.46943712 0.29458031 -0.10272114 0.41896799 0.39410362 0.70927626 0.35735679 0.31398571 -0.47906116 0.38456589 0.43462577 0.75184423 0.43491703 0.24985985 -0.81731302 0.34947529 0.45136455 0.22217265 0.32271287 0.44576824 -0.22178656 0.41467357 0.57748264 0.23536402 0.43307382 0.58307743 -0.4478564 0.33755207 0.69411939 0.30100489 0.36425847 0.74834162 -0.67268324
0.51250172 0.31456679 0.44057548 0.46666932 0.2880626 -0.11715908 0.42357633 0.38534662 0.64736217 0.35424444 0.30954686 -0.47341508 0.39260417 0.42840761 0.71674937 0.43380705 0.24587362 -0.78499508 0.36150903 0.45086783 0.20379801 0.33049595 0.44593039 -0.20364845 0.40900216 0.5742445 0.27905527 0.42277771 0.58106303 -0.44660792 0.34179318 0.68815547 0.41949213 0.36400631 0.74034941 -0.68825686
0.51178795 0.30667034 0.49101612 0.45691249 0.28505114 -0.07310682 0.42718154 0.37487382 0.79901326 0.3495478 0.30777818 -0.40957564 0.40720177 0.40431398 0.99373442 0.42902595 0.24072069 -0.73014987 0.36766756 0.4467966 0.2015072 0.33359054 0.44314653 -0.20142871 0.40435928 0.5721401 0.27621773 0.41546491 0.58074421 -0.46034041 0.34906065 0.6846084 0.39049581 0.36240149 0.7413981 -0.7568776 
0.50891912 0.29726708 0.5013181 0.45007533 0.27961028 -0.05789265 0.42173705 0.36235446 0.78713602 0.34856743 0.30155772 -0.37289205 0.40893418 0.39273596 0.9466123 0.42880055 0.23530844 -0.65564102 0.37174159 0.44301093 0.19729738 0.33784923 0.43957332 -0.19726698 0.39689472 0.57106704 0.27221656 0.40668046 0.57624698 -0.46572256 0.35097066 0.68438256 0.37637648 0.36092561 0.74240673 -0.76854283
0.51123887 0.29625899 0.45232651 0.44254541 0.2797187 -0.06596257 0.42587912 0.35717157 0.68502361 0.34208182 0.29762724 -0.36056048 0.40895596 0.38827136 0.77461869 0.42840818 0.22995104 -0.59487724 0.38235381 0.44291916 0.19697386 0.34129885 0.43910953 -0.19696748 0.38832995 0.57141525 0.32947809 0.40141621 0.57686979 -0.47678906 0.35056916 0.68817079 0.47871867 0.35974514 0.74486065 -0.77291548
0.51106584 0.28978443 0.47304839 0.43145582 0.27579388 0.01985819 0.4427366 0.34907192 0.73559713 0.32949048 0.30084378 -0.22676012 0.44119114 0.36765462 0.87600976 0.42725536 0.22633976 -0.45544407 0.39247701 0.44151524 0.1802891 0.34483898 0.43746853 -0.18041515 0.38866913 0.57145 0.3105551 0.39519942 0.5774985 -0.43279016 0.35128886 0.68934798 0.42741483 0.35969326 0.74721152 -0.74104398
0.51064247 0.28598583 0.52689278 0.4329277 0.27240261 0.06515089 0.43382743 0.35293838 0.76630127 0.33029404 0.2987777 -0.17085674 0.41461077 0.38605937 0.90490353 0.4188239 0.22725958 -0.40960917 0.39635387 0.43852419 0.17349398 0.35419983 0.43504429 -0.17368248 0.38502488 0.57153666 0.23543748 0.38944894 0.57738531 -0.38208038 0.35112035 0.69110328 0.25897259 0.35974261 0.74751431 -0.69247746
0.50179803 0.28956738 0.55674106 0.43185657 0.27529997 0.06612473 0.43120274 0.35907739 0.81904733 0.32473662 0.29897133 -0.20541176 0.41917434 0.39402187 0.96898168 0.41807678 0.22614114 -0.47526041 0.39550462 0.43961337 0.17400397 0.3598322 0.4374139 -0.17418627 0.37993574 0.57411724 0.17320018 0.38548517 0.57758409 -0.38812909 0.34848312 0.70115632 0.16080669 0.35875893 0.7475481 -0.69365615
0.48665082 0.28804281 0.58558005 0.42894086 0.27019876 0.08105845 0.42539221 0.36054474 0.85678273 0.32564285 0.29939288 -0.16960955 0.42336613 0.39708939 1.00897205 0.40639716 0.22983354 -0.43899938 0.39413682 0.43693182 0.17732848 0.36172813 0.43499038 -0.17748582 0.38056633 0.57352567 0.30297911 0.3797026 0.57789016 -0.39982525 0.34692031 0.69923669 0.39849347 0.35762757 0.74997932 -0.74991083
0.48290801 0.28582376 0.57304394 0.4280962 0.27071193 0.06919581 0.42419374 0.36054835 0.81712633 0.32206944 0.30050287 -0.18213415 0.42438316 0.3964783 0.92953318 0.39388958 0.23329616 -0.46600682 0.39564353 0.43567976 0.1788435 0.36630371 0.43380019 -0.17899272 0.38244978 0.57125789 0.31674653 0.37785801 0.5781678 -0.40273568 0.34749022 0.69854814 0.4209846 0.35740244 0.75142503 -0.76188326
0.46589017 0.27946204 0.46665263 0.42958853 0.27221635 -0.00814983 0.37563857 0.3329035 0.56276381 0.32365835 0.30556676 -0.22010106 0.37896341 0.38636023 0.51570123 0.36715508 0.29061455 -0.42974269 0.39197245 0.43403047 0.18011248 0.36621591 0.43385732 -0.18022831 0.38252774 0.57057208 0.34766996 0.37248316 0.58026123 -0.39071381 0.34929919 0.69461858 0.48157218 0.35512602 0.75183666 -0.71319866
0.46091482 0.28112918 0.47434494 0.42719439 0.27307591 0.12924956 0.3449524 0.32898882 0.55456901 0.32429168 0.31667221 -0.00271949 0.36886132 0.31632847 0.60947376 0.35777766 0.30562648 -0.1270514 0.38985932 0.43438074 0.16833466 0.36448333 0.43271124 -0.1685258 0.37970841 0.57069075 0.30656558 0.36566296 0.58301979 -0.36939737 0.34926575 0.69513142 0.41582137 0.35405758 0.75440043 -0.66864032
0.45280012 0.28113613 0.49372938 0.42807388 0.27329639 0.03725268 0.36015302 0.33680922 0.62911582 0.32574141 0.31646204 -0.17392576 0.3738676 0.35817635 0.65139288 0.34391287 0.31595886 -0.43149018 0.39043215 0.4355194 0.1693352 0.36855114 0.43359095 -0.1694673 0.38083449 0.57103544 0.30209753 0.36170828 0.58412725 -0.37638521 0.3487739 0.69493139 0.40952277 0.35290825 0.75630248 -0.74319005
0.45686591 0.28283063 0.49070928 0.42913643 0.27373904 -0.03336494 0.37797165 0.3430289 0.63170886 0.32594007 0.31639931 -0.22458905 0.39950061 0.36725503 0.62268209 0.34029692 0.31879005 -0.44531241 0.39329338 0.43609828 0.17747761 0.37083423 0.43411809 -0.17754911 0.38095564 0.57113755 0.37349319 0.36175862 0.58472443 -0.38636127 0.34875432 0.69084847 0.52078658 0.35168588 0.75668317 -0.739133 
0.45897043 0.28422472 0.50942951 0.42907149 0.27267638 -0.02841933 0.38252577 0.34515545 0.64837158 0.32603133 0.31624803 -0.22566669 0.39515817 0.37866083 0.66766798 0.35030198 0.30394852 -0.45812717 0.39385054 0.43549365 0.17983998 0.37050819 0.43379799 -0.1799832 0.38164163 0.56857657 0.40269017 0.36339942 0.58457655 -0.41851535 0.35149464 0.67188519 0.57474589 0.35099337 0.75528663 -0.77643043
0.45134848 0.28343663 0.53700072 0.42943957 0.27232921 0.00975993 0.36757481 0.34509897 0.62189102 0.32512107 0.31791726 -0.20837086 0.38932413 0.40226868 0.54894614 0.34580812 0.31495664 -0.45178854 0.39302221 0.43552732 0.18020949 0.37470222 0.43411174 -0.18033458 0.38179296 0.5688253 0.37523854 0.36464298 0.58404195 -0.41808179 0.35140648 0.67709678 0.51121479 0.35078228 0.75443918 -0.76744044
0.45485747 0.28402895 0.53231543 0.42224786 0.26926282 0.03506927 0.3715454 0.35851857 0.62342829 0.3204205 0.32210198 -0.20333251 0.38997024 0.40381032 0.61252546 0.35194498 0.29941332 -0.47336933 0.39609516 0.43580788 0.17956831 0.37472609 0.43435067 -0.17973652 0.38214579 0.56710207 0.40625641 0.36542386 0.58357143 -0.44078937 0.35136116 0.6766333 0.58807975 0.35039929 0.7535885 -0.81225967
0.45431167 0.2830072 0.46825165 0.42197698 0.26960927 -0.0246078 0.38603404 0.35845819 0.59639442 0.32056701 0.32083258 -0.21758372 0.40045601 0.39633492 0.5913111 0.34733114 0.30331168 -0.44654211 0.39640477 0.43627912 0.179396 0.37620136 0.43624932 -0.17952974 0.37910113 0.56733948 0.41208062 0.36465156 0.58334231 -0.41782701 0.3488996 0.67797565 0.59475094 0.34984514 0.75295383 -0.77968478
0.43962428 0.28245339 0.50938624 0.4215337 0.2678389 -0.02150486 0.38121542 0.36153826 0.58973777 0.32093415 0.32083449 -0.181079 0.39922222 0.40020469 0.5241527 0.33944294 0.32669953 -0.26766756 0.39452392 0.43637803 0.18559536 0.37846532 0.43660453 -0.18572271 0.3764399 0.56752598 0.42815694 0.36331701 0.58299613 -0.41974095 0.346365 0.67874599 0.60085231 0.34853131 0.75298566 -0.77779657
0.44113341 0.28292549 0.54908371 0.4208985 0.26840228 -0.01824751 0.38065729 0.36395037 0.60940278 0.3215183 0.32069355 -0.19084834 0.39462659 0.41044053 0.54119295 0.34103465 0.32107052 -0.32367671 0.39424244 0.4373394 0.19518879 0.37835962 0.43746239 -0.19532065 0.37688065 0.56755847 0.45308292 0.36312628 0.58191752 -0.44879723 0.34627724 0.67945743 0.64202267 0.34859756 0.75298154 -0.81215888
0.44174737 0.28315946 0.54944038 0.41777614 0.26691002 -0.01511409 0.38141933 0.36959368 0.61579055 0.32186326 0.3175357 -0.22871129 0.39433995 0.41951507 0.55892771 0.36889228 0.2622925 -0.45306015 0.39222145 0.43758509 0.19502477 0.37801212 0.4375332 -0.19518711 0.3745307 0.56763303 0.42560154 0.36281785 0.58148634 -0.44798431 0.34520879 0.68407953 0.5921005 0.34820631 0.75199586 -0.80484492
0.44155356 0.28350252 0.59905696 0.41718498 0.26681286 0.02820238 0.37863246 0.3728919 0.6908884 0.32151309 0.31747547 -0.20747572 0.38938141 0.42317513 0.65634763 0.36742145 0.27355585 -0.43997654 0.38782752 0.4376497 0.20596002 0.37756646 0.43754581 -0.20631178 0.37474141 0.56696755 0.50712901 0.36242053 0.58129996 -0.47174451 0.34519014 0.6781792 0.74015719 0.34796977 0.7520169 -0.84549153
0.43670559 0.28368723 0.60516846 0.41766489 0.26696044 0.03069025 0.35617676 0.3599349 0.67828727 0.31910264 0.31745884 -0.19551012 0.37023345 0.42504832 0.60821801 0.35366985 0.29879248 -0.39773944 0.38144547 0.43731096 0.20848237 0.37511301 0.43704739 -0.20882148 0.37383991 0.56705683 0.49085212 0.36162442 0.58085674 -0.47237679 0.34469134 0.67721981 0.69796884 0.34790424 0.75295681 -0.85392731
0.43621463 0.28433332 0.59142458 0.41536736 0.26630509 0.02648168 0.35055062 0.35548979 0.6804021 0.31880766 0.31430528 -0.21580683 0.36566654 0.4285413 0.6108554 0.37824985 0.25091645 -0.43683073 0.37586674 0.43708768 0.20996462 0.36850205 0.43667382 -0.21035439 0.37150145 0.56712937 0.50447363 0.35923606 0.58085334 -0.46773711 0.34431076 0.67599261 0.73190469 0.34773806 0.75370812 -0.84734136
0.43489075 0.28438079 0.59815007 0.41408262 0.26550311 0.03959119 0.34753856 0.35260385 0.72075224 0.31830859 0.31259081 -0.19375423 0.36542982 0.42653212 0.70915061 0.38326129 0.24518853 -0.4140971 0.37049675 0.4355073 0.20836462 0.36376131 0.43468046 -0.20871012 0.36810222 0.56606638 0.49008846 0.35718125 0.58033079 -0.46445215 0.34294683 0.67402142 0.70109582 0.34664166 0.75370663 -0.85286129
0.43242881 0.28438243 0.60539693 0.41326627 0.26566723 0.0370307 0.34309301 0.34913823 0.75382072 0.31478199 0.31060037 -0.15475185 0.36798143 0.42124367 0.77938354 0.38272309 0.24559416 -0.2974754 0.36684099 0.43446961 0.20858805 0.35809758 0.43333101 -0.20892395 0.36452222 0.56576067 0.49163988 0.35580644 0.57977402 -0.46265137 0.34135139 0.67438525 0.70775825 0.34639156 0.75388813 -0.8498829 
0.43070439 0.28219679 0.59587049 0.41190702 0.26473024 0.01992844 0.34489182 0.33703125 0.74685937 0.31361476 0.30825368 -0.12581268 0.3644667 0.38233426 0.80567908 0.37821308 0.25558555 -0.15744309 0.36648515 0.43271878 0.21049955 0.35365373 0.43146956 -0.2107086 0.36292458 0.56416363 0.49321672 0.35467154 0.57925868 -0.43296859 0.34140095 0.66572326 0.70847732 0.34640151 0.75388259 -0.78825927
0.43141416 0.28235054 0.60314906 0.41137683 0.26217136 0.0331287 0.34462857 0.34061307 0.75962281 0.31377935 0.30715913 -0.1624182 0.36439273 0.40000811 0.79637617 0.38061294 0.25088596 -0.40652546 0.36665109 0.43218076 0.20766483 0.3495526 0.43031463 -0.20796984 0.36355162 0.56259102 0.49514687 0.35409904 0.57897109 -0.46305868 0.34139952 0.66421384 0.72212493 0.34713987 0.7547363 -0.87423867
0.43154958 0.28246865 0.61411142 0.41160241 0.2601575 0.03877226 0.36446875 0.36029291 0.74733806 0.31401432 0.30750138 -0.20146805 0.36553472 0.40621707 0.75511777 0.38321882 0.25049904 -0.47892907 0.36657497 0.4311887 0.20752083 0.34929097 0.42896807 -0.20782097 0.36310926 0.56210333 0.48830873 0.35410994 0.57862538 -0.48882425 0.34014595 0.66605878 0.70379561 0.34705895 0.75472301 -0.89203852
0.43237862 0.28195369 0.61292744 0.41169322 0.26062348 0.04638362 0.36440739 0.34792191 0.77094936 0.31379387 0.30754322 -0.10962916 0.37320906 0.38961333 0.8207109 0.38299206 0.2536217 -0.19886881 0.36600432 0.43028492 0.20741832 0.34734946 0.42865458 -0.20775183 0.36362901 0.55823463 0.4965196 0.35430372 0.57732368 -0.47966698 0.34021494 0.66296762 0.73021799 0.34702021 0.75428408 -0.88292646
