0.55806071 0.25259492 0.30510312 0.39228565 0.23980401 0.02398388 0.63568491 0.34218711 0.20889619 0.38620016 0.3302764 -0.11595613 0.56623846 0.36511347 -0.04169403 0.51556408 0.35180268 -0.25050393 0.57654864 0.42550761 0.06888118 0.49518856 0.4198575 -0.0687488 0.54522276 0.49924442 0.03502972 0.387528 0.44407809 -0.46377674 0.53625727 0.61671233 0.06665161 0.47092268 0.60108393 -0.40692219
0.56313503 0.26012 0.34793159 0.37774172 0.23592158 0.05254754 0.63398314 0.34548262 0.29094723 0.3553476 0.31654608 -0.10121587 0.56926215 0.36700433 0.0835015 0.46801436 0.33618373 -0.25412908 0.57379276 0.42188722 0.08722561 0.46878356 0.4109349 -0.08695552 0.54672086 0.50023466 0.00230768 0.39393798 0.45180973 -0.44322053 0.54224908 0.59657604 -0.07139737 0.46404731 0.59839642 -0.44798827
0.55278981 0.25642231 0.21785136 0.37706363 0.23640789 -0.12395589 0.61380762 0.33446783 0.28697908 0.37461263 0.31826439 -0.15646525 0.53023934 0.35021889 0.20178302 0.4786008 0.32280418 -0.13383025 0.55477268 0.41723385 0.11121695 0.44840622 0.41207716 -0.11097623 0.54843599 0.4901396 0.23013079 0.41937459 0.46818399 -0.31338501 0.54860705 0.59273046 0.29226619 0.46087271 0.61207473 -0.26458746
0.56771636 0.26629931 0.21769546 0.37489513 0.23891121 -0.0010066 0.59522372 0.34203416 0.22086756 0.36328593 0.31879225 -0.02393344 0.51657319 0.37360477 0.11391837 0.46907336 0.35058731 -0.03265917 0.53533053 0.41054237 0.06217182 0.40745515 0.39238951 -0.0619261 0.50832945 0.46296152 -0.1056095 0.34047729 0.40080455 -0.54182035 0.48084006 0.56601626 -0.01098535 0.42174539 0.55731606 -0.47730842
0.56062949 0.27085119 -0.00096416 0.37717855 0.2433082 -0.24439548 0.55859584 0.34934953 0.16967344 0.36480948 0.33279312 -0.22364469 0.48500565 0.36686203 0.10735153 0.47323313 0.34898338 -0.2014098 0.51598358 0.41998392 0.07419164 0.39864627 0.40047753 -0.07428931 0.54213119 0.49689701 0.2914716 0.34917524 0.45636302 -0.30521241 0.4897005 0.57486475 0.61393154 0.40265796 0.54103214 -0.11035815
0.57215458 0.28163779 0.04916238 0.37638748 0.25318649 -0.08831929 0.57151926 0.34870753 0.08201429 0.36544225 0.34256405 -0.11275153 0.46611452 0.35881758 0.0472262 0.47797355 0.36195368 -0.10634917 0.50096732 0.42313114 0.05197198 0.38983682 0.41051906 -0.05229176 0.53814244 0.49955815 -0.04886731 0.33794567 0.46459326 -0.49807948 0.51889437 0.59913146 0.16865952 0.30770525 0.57874364 -0.43712845
0.5678938 0.28832179 -0.06155626 0.37981355 0.26323497 -0.21736683 0.55474418 0.34379095 0.07273898 0.37353542 0.35210782 -0.19789448 0.4783988 0.34988216 0.05960566 0.47762266 0.37317428 -0.17260265 0.47572604 0.42744002 0.04784361 0.36427715 0.41222998 -0.04807803 0.53465068 0.50644153 0.22414081 0.3282313 0.50953394 -0.01151092 0.55376124 0.59535521 0.41951832 0.27999511 0.60714751 0.05962101
5.78280866e-01 2.97580153e-01 -2.43851185e-01 3.79910618e-01 2.74049431e-01 -3.84707212e-01 5.26295304e-01 3.48564118e-01 -3.15257092e-03 3.49890351e-01 3.50301832e-01 -1.98915929e-01 4.68288630e-01 3.74251574e-01 1.36696011e-01 4.35767680e-01 3.84260684e-01 -6.42895029e-05 4.65145648e-01 4.31814700e-01 5.22354618e-02 3.56268853e-01 4.16074216e-01 -5.26232421e-02 5.41661203e-01 5.13880432e-01 1.81710526e-01 3.32496256e-01 5.34542680e-01 -6.39708862e-02 5.54144025e-01 6.09904706e-01 3.46030772e-01 2.90281504e-01 6.38084769e-01 -2.77814288e-02
0.58558899 0.31148922 -0.24999341 0.38240024 0.27649865 -0.37645227 0.53502065 0.36336833 -0.0038833 0.3431873 0.34891376 -0.1472967 0.47370532 0.38901785 0.17585297 0.41205963 0.38757876 0.13141282 0.46127507 0.43647882 0.04578328 0.35004923 0.41723707 -0.04613374 0.54195905 0.51433432 0.32276183 0.34301326 0.48556983 -0.59660584 0.56045687 0.57476294 0.82141304 0.2959947 0.63221401 -0.56164914
0.59208274 0.32183793 -0.26881507 0.3815462 0.28298628 -0.41013685 0.5405063 0.37884468 -0.03911222 0.33574265 0.3487044 -0.18639946 0.45840669 0.39591962 0.13875793 0.39011347 0.38809904 0.08437395 0.45544246 0.44172511 0.04837827 0.34047297 0.4273572 -0.04858277 0.55071437 0.51767772 0.21966544 0.32829642 0.53345054 -0.28066194 0.57337493 0.58465731 0.50348896 0.29741293 0.64815271 -0.11711412
0.59666902 0.32696474 -0.27517021 0.38153726 0.28766835 -0.43163857 0.5455392 0.38025618 -0.05882924 0.32168925 0.34896114 -0.2323737 0.46471968 0.40663344 0.10997195 0.36439779 0.387905 -0.0176602 0.4526951 0.44368312 0.04670772 0.33722183 0.42952767 -0.04690314 0.55617028 0.51898092 -0.09798416 0.32007796 0.52399129 -0.55834126 0.56697673 0.59465808 0.3303957 0.30050397 0.64345628 -0.26082331
0.59925514 0.3314358 -0.24818729 0.38071406 0.29552326 -0.4521552 0.54836071 0.39022839 -0.0588209 0.31851605 0.36008111 -0.28728151 0.46891743 0.41512406 -0.00923719 0.38859248 0.39846435 -0.14379625 0.44989038 0.44927934 0.05756002 0.33563977 0.43328172 -0.05753803 0.55571514 0.51658702 -0.11500738 0.32263488 0.52015978 -0.63791859 0.55002266 0.61672062 0.26588997 0.30003327 0.64325964 -0.36371183
0.59736657 0.33667275 -0.21218608 0.3799386 0.30406913 -0.45958301 0.54548901 0.39950049 -0.08746342 0.32013986 0.38312909 -0.40061605 0.46615884 0.41655216 -0.14854455 0.40186006 0.42234379 -0.37459537 0.44334054 0.45509306 0.06998567 0.33406773 0.43702897 -0.06969117 0.56085151 0.51370454 -0.25946847 0.32760358 0.49621561 -0.7608754 0.54814553 0.6281485 0.03869147 0.29612434 0.63554221 -0.52059329
0.59536678 0.34138176 -0.24447143 0.38042882 0.30948505 -0.45404375 0.54295224 0.4041709 -0.11873887 0.31638202 0.38698685 -0.37110147 0.45802239 0.42366308 -0.17631978 0.3949447 0.42790577 -0.3167502 0.44550133 0.45806831 0.06634153 0.33680463 0.44148874 -0.06610817 0.56928092 0.51441056 -0.32722431 0.32675439 0.49700591 -0.64230472 0.5449608 0.63632202 -0.05247039 0.28636304 0.63366449 -0.40760881
0.59406441 0.3463788 -0.20665321 0.38071576 0.31788841 -0.41713503 0.54219735 0.40683016 -0.07652068 0.31236753 0.39298961 -0.34318063 0.46142167 0.43116611 -0.13701166 0.39080077 0.43746153 -0.29803431 0.44416693 0.46487924 0.06985017 0.3364808 0.44802693 -0.0695884 0.57364303 0.51479858 -0.34713349 0.32520926 0.50073779 -0.72585827 0.54794186 0.63593346 -0.12467255 0.29024079 0.642766 -0.49644843
0.59451026 0.35379535 -0.17217688 0.38314259 0.32317507 -0.37242383 0.53773642 0.41735658 -0.07176629 0.31317231 0.39646548 -0.29764989 0.45491496 0.43729788 -0.08459136 0.35506797 0.44274077 -0.27625963 0.44572288 0.47030821 0.06770191 0.33872965 0.45417422 -0.06734547 0.57742858 0.51499778 -0.429322 0.32389599 0.49156633 -0.73525822 0.54063851 0.64289266 -0.255198 0.29055777 0.64258045 -0.5073576 
0.59490925 0.36097872 -0.16650613 0.38592228 0.32856017 -0.3488794 0.53407025 0.42242071 -0.06551363 0.31531656 0.40054825 -0.26934001 0.45542157 0.44025195 -0.12476451 0.34757558 0.44870141 -0.219686 0.44815999 0.47750086 0.06701993 0.34198049 0.46262947 -0.0665649 0.58161789 0.51551211 -0.45222983 0.32671905 0.4918901 -0.73345149 0.54174739 0.64170259 -0.28155908 0.29085621 0.63740265 -0.51544321
0.5958432 0.36663547 -0.10030331 0.38796228 0.33398792 -0.29599744 0.53522331 0.42703527 -0.07464565 0.31703681 0.40624851 -0.26880896 0.46122053 0.43996823 -0.24487014 0.35752594 0.45653674 -0.28943118 0.44933945 0.48190773 0.0677942 0.34374896 0.46807176 -0.06726542 0.58371192 0.51469332 -0.46239877 0.33004978 0.49420726 -0.76760757 0.54251683 0.6393851 -0.28157258 0.29123795 0.63468498 -0.56797099
0.59662771 0.37124109 -0.07955821 0.38892356 0.34039736 -0.28114831 0.53762233 0.42867911 -0.09743234 0.31796813 0.40819645 -0.2619895 0.50697672 0.44463375 -0.36795664 0.34929091 0.45860532 -0.30513099 0.45012689 0.48905998 0.06797489 0.34491718 0.47551584 -0.06742395 0.58853501 0.51427954 -0.53149027 0.3307977 0.48839843 -0.79946727 0.54280037 0.63982928 -0.36213496 0.29432526 0.63500768 -0.59434438
0.59725565 0.37689835 -0.07704373 0.38903791 0.34715682 -0.27921909 0.53971314 0.43408364 -0.0826595 0.31764328 0.41224056 -0.25820497 0.51157206 0.44920868 -0.31125242 0.35580945 0.46239784 -0.27777869 0.45500094 0.49470302 0.0670431 0.34563708 0.48319426 -0.06653802 0.59193391 0.51432699 -0.53295243 0.33295462 0.48967752 -0.74710733 0.54065108 0.64514184 -0.34137794 0.29501295 0.63515371 -0.52776265
0.60012239 0.38352749 -0.07096229 0.39003137 0.35201874 -0.24247168 0.54021126 0.44519934 -0.09467949 0.31783593 0.41706797 -0.27763531 0.48226681 0.45783466 -0.28275397 0.35828945 0.4669936 -0.35064206 0.46119896 0.50007409 0.06496537 0.34849286 0.48855382 -0.06436393 0.59251726 0.51449776 -0.50973964 0.33387294 0.49374574 -0.71703327 0.53641254 0.64477831 -0.31201199 0.29711896 0.63635761 -0.50377864
0.60328698 0.38865533 -0.04099287 0.39154935 0.35851625 -0.22933254 0.54238063 0.44911748 -0.02698403 0.31851983 0.42196018 -0.25808108 0.49374679 0.45985922 -0.18355656 0.37537763 0.47087488 -0.28731447 0.46792677 0.50497133 0.06226845 0.35340366 0.4940249 -0.06154156 0.59578294 0.51622283 -0.51400375 0.3384034 0.49462765 -0.714791 0.53691906 0.64526254 -0.36650425 0.29859713 0.63641846 -0.51608109
0.60325563 0.39245045 -0.06847959 0.39389944 0.3650721 -0.27401516 0.54754245 0.45113426 0.02433472 0.31840214 0.42399889 -0.2692742 0.50732273 0.46288595 -0.04811349 0.37536526 0.46999279 -0.26830465 0.46891159 0.5077607 0.06215341 0.3563571 0.49737051 -0.06145566 0.60008907 0.52327693 -0.47803089 0.34011057 0.50323248 -0.70792747 0.5390498 0.64622724 -0.27900341 0.30061105 0.63661921 -0.46281576
0.6042257 0.39784756 -0.05541455 0.39889741 0.36974758 -0.24321488 0.55121255 0.45661804 0.03259932 0.31829363 0.42573166 -0.21467572 0.51912308 0.47177422 -0.07581757 0.37054658 0.46901608 -0.20876184 0.46991241 0.51241416 0.06163798 0.35933179 0.50163949 -0.06089464 0.60189563 0.52604347 -0.48334786 0.34190926 0.50633705 -0.70669466 0.5385865 0.64712805 -0.31245741 0.30093437 0.63664502 -0.46348548
0.60543984 0.40368435 -0.02410026 0.39882547 0.37721491 -0.21093993 0.55339938 0.46237361 0.05929699 0.31852287 0.43277085 -0.17790343 0.51749223 0.47771412 -0.03300201 0.36826593 0.47707024 -0.15737942 0.47013777 0.51752138 0.05929524 0.36029258 0.50665563 -0.05853033 0.60304952 0.52653813 -0.50488085 0.34205273 0.50624436 -0.69976532 0.53774333 0.64768577 -0.36056912 0.30066764 0.63788265 -0.46528739
0.6070959 0.40916231 -0.03219515 0.39944074 0.38197845 -0.20967665 0.55358988 0.4703995 0.053167 0.31996077 0.43439442 -0.15989675 0.50253272 0.49605453 -0.02391882 0.34714535 0.47509429 -0.11895577 0.47062877 0.52098519 0.05808207 0.36216673 0.5083378 -0.05734107 0.60378522 0.52732474 -0.48871052 0.34303701 0.50809544 -0.68127126 0.53763026 0.64693737 -0.3534421 0.30826738 0.63539946 -0.4440684 
0.60714275 0.4133614 -0.05051016 0.39911529 0.38789141 -0.21395132 0.55335897 0.47542483 0.04589496 0.32021195 0.44247785 -0.18347871 0.49514318 0.50224942 -0.06461745 0.34882125 0.50049901 -0.1593622 0.47171128 0.52569562 0.05806933 0.3642686 0.51265061 -0.05733632 0.60723853 0.52778482 -0.47821185 0.3453114 0.51187241 -0.67196363 0.53762507 0.64676958 -0.32374492 0.32350069 0.63349527 -0.41688347
0.60754657 0.41768843 -0.05578901 0.40017602 0.390973 -0.22421777 0.55305779 0.48077118 0.02792597 0.32102895 0.4424313 -0.17720291 0.48688897 0.50632435 -0.05797564 0.35253891 0.49393511 -0.13832353 0.47196615 0.52980435 0.05789777 0.36516488 0.51549667 -0.05717767 0.6121943 0.52833098 -0.40526384 0.34591743 0.51101124 -0.69038659 0.54109079 0.64413059 -0.27496493 0.32108405 0.63304776 -0.48546922
0.6073463 0.42082697 -0.05586665 0.40152049 0.39485919 -0.22074233 0.55393481 0.48079965 0.02372433 0.32177189 0.44549629 -0.17923568 0.48802671 0.50745654 -0.0656684 0.34064201 0.48670441 -0.157067 0.47317943 0.53338063 0.05815078 0.36610031 0.52054089 -0.05746155 0.61631411 0.5290187 -0.36463344 0.35087621 0.51072508 -0.70074737 0.54642892 0.63761175 -0.23991546 0.32065573 0.62980419 -0.54725999
0.60814518 0.42372531 -0.04587277 0.40388635 0.3971867 -0.20346437 0.55448854 0.48327649 0.02078455 0.3246735 0.44750756 -0.15811972 0.4885684 0.50564653 -0.0748347 0.3452079 0.48674926 -0.14848621 0.47553626 0.53561586 0.05814731 0.36864567 0.52257353 -0.0574598 0.62094879 0.53018451 -0.37795648 0.35744402 0.51027811 -0.72167259 0.54646152 0.63782126 -0.24147356 0.319684 0.62700427 -0.57159185
0.6087876 0.42572221 -0.04969141 0.40550759 0.39954194 -0.2137 0.55493116 0.48583499 -0.0154515 0.32526243 0.44976771 -0.16144858 0.49869934 0.50502104 -0.16215414 0.34610683 0.48765475 -0.2053366 0.47754663 0.53639525 0.05808039 0.37177765 0.52395648 -0.05740086 0.62123668 0.53106266 -0.39308494 0.35839742 0.51044029 -0.7183215 0.54631418 0.63801605 -0.24729232 0.31963533 0.62365538 -0.53769988
0.60893685 0.42629325 -0.04302423 0.40768236 0.40090805 -0.2078322 0.55526274 0.48547044 -0.01752505 0.32577392 0.44720602 -0.17395565 0.50599074 0.50066274 -0.16152591 0.34477192 0.48601377 -0.19978039 0.47864345 0.53694445 0.05799435 0.37336859 0.52480423 -0.05732669 0.62255788 0.53124195 -0.38596377 0.35742959 0.51028901 -0.72657186 0.54626942 0.6381712 -0.23946115 0.31784141 0.62343723 -0.54585081
0.60882199 0.42667252 -0.02444877 0.40927649 0.40146643 -0.1965999 0.55522317 0.48614109 -0.009407 0.32592353 0.44746438 -0.17382856 0.50476319 0.50401682 -0.14326245 0.34975335 0.48644602 -0.18352734 0.47858837 0.53718179 0.05803356 0.37390092 0.52457798 -0.05737549 0.62161136 0.5309788 -0.37985516 0.35707939 0.51013231 -0.7246204 0.54616874 0.63820046 -0.24160811 0.31598854 0.6227681 -0.54917598
0.60966325 0.42713827 -0.03170367 0.41182807 0.40078261 -0.19282821 0.55638748 0.48455352 -0.0086679 0.32484034 0.44565284 -0.1436802 0.50566375 0.50111508 -0.14665966 0.33939818 0.48552495 -0.12263987 0.47833416 0.53720224 0.05808213 0.37372807 0.52371371 -0.05743837 0.62095177 0.53124321 -0.38697752 0.35728377 0.51029146 -0.73619395 0.54709744 0.63878822 -0.23912989 0.31343895 0.62289709 -0.54244643
0.6103915 0.42463228 -0.03580678 0.41454998 0.39979649 -0.22139825 0.55927604 0.48244742 0.08042175 0.32491583 0.44475937 -0.13541369 0.50491154 0.50093096 0.00835282 0.34085065 0.48608321 -0.05630058 0.47848973 0.53535432 0.06265033 0.37553614 0.52212113 -0.06208421 0.62142611 0.53127646 -0.3684589 0.35751408 0.51113117 -0.78073329 0.54743153 0.63882148 -0.19842157 0.31309989 0.62348878 -0.58579624
0.61041749 0.42309693 -0.06170696 0.41455913 0.39837915 -0.2627683 0.56514555 0.47949791 0.09911407 0.32519302 0.444603 -0.14287063 0.50632346 0.50004441 0.06841449 0.35091531 0.48624715 -0.03926731 0.47842187 0.53467685 0.06324994 0.37597865 0.52122909 -0.06272735 0.62162465 0.53197181 -0.34232461 0.35758138 0.51367414 -0.78103691 0.5473904 0.6388514 -0.12234157 0.31280619 0.62388402 -0.56378263
0.6117326 0.42271164 -0.07954984 0.41516972 0.39823386 -0.26726392 0.56706595 0.4791711 0.07060145 0.32740432 0.44170371 -0.15060534 0.5088262 0.50006509 0.01440827 0.35563606 0.48591551 -0.08614088 0.47832778 0.53308028 0.06317905 0.37656361 0.51894397 -0.06266584 0.62137043 0.53312838 -0.34053877 0.35763681 0.51773059 -0.73592824 0.54659104 0.63898438 -0.09107742 0.3135213 0.62452513 -0.44236347
0.6121158 0.41966251 -0.03833615 0.41509485 0.39572245 -0.23527323 0.56888109 0.47900495 0.09575646 0.32793429 0.4392257 -0.13424875 0.5089165 0.49873716 0.04230136 0.35549748 0.48584789 -0.05702874 0.47795358 0.53114212 0.06316075 0.37633139 0.51638943 -0.06265078 0.62064737 0.53324592 -0.3528499 0.35795468 0.51750541 -0.74020809 0.54371083 0.64114624 -0.13713229 0.31175557 0.62664044 -0.47882816
0.61218905 0.41544369 -0.00319739 0.41500172 0.38918331 -0.20613329 0.56910431 0.47619376 0.11462466 0.32790211 0.42950135 -0.13193753 0.52201492 0.49573544 0.03940918 0.33944994 0.47591287 -0.08150896 0.47634536 0.52916205 0.06490315 0.37547871 0.51396954 -0.06441989 0.61750752 0.53315049 -0.35906601 0.35948634 0.51237082 -0.73926491 0.5429275 0.64114219 -0.15876237 0.31289247 0.62657917 -0.49249077
0.61263168 0.40957037 -0.01708201 0.41384301 0.38252208 -0.21375261 0.56862694 0.4727338 0.09230763 0.32695094 0.42678234 -0.16039255 0.53045005 0.49342063 0.03355816 0.3407726 0.47676164 -0.16412994 0.47618961 0.52473843 0.06755365 0.37516806 0.51053655 -0.06705961 0.61225373 0.53246355 -0.3620539 0.35978317 0.5100643 -0.74924916 0.54295295 0.64092886 -0.1352389 0.31313801 0.62573028 -0.49412096
0.6125806 0.40406889 -0.01685725 0.41353151 0.37625539 -0.21439616 0.56707478 0.46572053 0.08261514 0.32622537 0.42554298 -0.15771592 0.53467292 0.48189098 -0.01881783 0.34981418 0.47657421 -0.1482975 0.47612876 0.51824498 0.06961118 0.37463447 0.50580299 -0.06912208 0.60818321 0.5317623 -0.40449268 0.36260757 0.50579029 -0.76167184 0.53958386 0.64190352 -0.19435619 0.31382796 0.62566161 -0.50598729
0.61258531 0.399351 0.00454154 0.41313398 0.37147421 -0.20116067 0.56678432 0.45950201 0.01023954 0.32481349 0.42226264 -0.18101022 0.54639363 0.47640854 -0.2576049 0.36123568 0.47298238 -0.25017825 0.47776359 0.51430899 0.07279099 0.37515613 0.50272602 -0.07230707 0.60638952 0.53156161 -0.4349207 0.36236101 0.50047171 -0.82574677 0.53972125 0.64196938 -0.20510666 0.30905348 0.6307745 -0.60762376
0.61316371 0.39485297 -0.00619772 0.41194299 0.36510378 -0.21836092 0.56239927 0.45475236 0.06101433 0.32353362 0.41820669 -0.18673372 0.52493775 0.47646445 -0.05357567 0.36731869 0.47069517 -0.19667844 0.47810912 0.51172984 0.07239283 0.3748945 0.49869242 -0.07191014 0.60322696 0.52980894 -0.43993244 0.36190385 0.49620497 -0.81736642 0.54340953 0.64084178 -0.20002021 0.30439574 0.63082749 -0.57569957
0.61315167 0.38841063 -0.03215012 0.40827426 0.36004794 -0.24830826 0.55397391 0.45172343 0.01810313 0.32345995 0.41609907 -0.21697517 0.49769107 0.47333491 -0.12952763 0.36556849 0.46766365 -0.2339119 0.47803971 0.50646478 0.07215537 0.37235343 0.49441764 -0.0716475 0.59915161 0.52441823 -0.4709186 0.36187401 0.49385861 -0.84108168 0.54482079 0.64075112 -0.2287486 0.30461136 0.63280767 -0.60495192
0.61292803 0.38251558 -0.02678606 0.40720686 0.35348904 -0.25548345 0.55262333 0.44378033 0.05186252 0.32310346 0.41681525 -0.20933865 0.50631648 0.46476063 -0.08051223 0.34460807 0.45583853 -0.20445271 0.47703943 0.50021237 0.07220746 0.36943483 0.48872435 -0.07167438 0.59545344 0.52335536 -0.49618128 0.36126494 0.49361128 -0.82363605 0.54597867 0.64068609 -0.28110114 0.30500481 0.63305891 -0.58988935
0.6129027 0.37796155 -0.06362175 0.40578401 0.34860167 -0.2922436 0.55313694 0.43707132 0.05651756 0.32312384 0.4018178 -0.20447026 0.50938576 0.46416613 -0.03578002 0.33375371 0.45034724 -0.14371808 0.47611412 0.49344304 0.07194965 0.36867678 0.48173094 -0.07142052 0.59323794 0.52239609 -0.47106749 0.3604227 0.49404448 -0.82489777 0.54991633 0.63917834 -0.16118805 0.30530569 0.63403058 -0.5543108 
0.6123991 0.37235969 -0.0710365 0.40502542 0.34343955 -0.31021506 0.55148441 0.4305115 0.07400434 0.32356423 0.39892709 -0.20850165 0.50140953 0.45882171 0.039711 0.33531871 0.44744775 -0.10737687 0.46946684 0.48825836 0.07299434 0.36366427 0.4751482 -0.07247108 0.59236884 0.52247345 -0.45903718 0.35783929 0.49496728 -0.80279589 0.54979658 0.63992417 -0.21016832 0.30072594 0.6338594 -0.51888883
0.61054981 0.36674201 -0.10778247 0.4035064 0.33804122 -0.33076894 0.55020565 0.42658919 0.04304992 0.32352489 0.39587724 -0.2250869 0.49073943 0.44849813 0.00511341 0.35071689 0.44464654 -0.12421437 0.46605438 0.48068994 0.07279857 0.3600798 0.46659315 -0.07227657 0.58857757 0.52040029 -0.43502581 0.3531225 0.49532163 -0.81019866 0.55041939 0.63668454 -0.11250839 0.30136576 0.63888085 -0.52091855
0.60889149 0.36308119 -0.08583856 0.40193596 0.33246288 -0.31193388 0.54918671 0.42638734 0.04433094 0.32346153 0.39420468 -0.23582456 0.48621443 0.44267479 -0.00434875 0.35052153 0.44326651 -0.14815339 0.46514332 0.47865298 0.07267482 0.35789788 0.46518803 -0.07214978 0.58449703 0.51507783 -0.44092053 0.35144678 0.49182871 -0.7477107 0.5490911 0.6374079 -0.1738206 0.29791504 0.6376003 -0.44567835
0.60763663 0.35821122 -0.08433423 0.39894217 0.32687417 -0.32329643 0.5486083 0.42321131 0.03707657 0.32343191 0.3917447 -0.23523737 0.48318172 0.43680066 -0.03337656 0.3613835 0.43650454 -0.15199052 0.46557152 0.47435454 0.07228245 0.35623398 0.46169186 -0.0717605 0.58218455 0.51267737 -0.45761412 0.34171176 0.49065408 -0.82104254 0.54601067 0.63830775 -0.18406579 0.29619282 0.63454145 -0.47920328
0.60694069 0.35288706 -0.10900728 0.39521658 0.32124752 -0.36433437 0.54844284 0.41823462 0.00314231 0.3237983 0.39323205 -0.30378932 0.48572364 0.43275163 -0.09975088 0.37441751 0.43615609 -0.2781297 0.46516472 0.46797791 0.07226373 0.35399786 0.45524099 -0.07174756 0.58026099 0.51335913 -0.45271358 0.33788237 0.49145156 -0.81636339 0.54183668 0.6385721 -0.18878259 0.29260728 0.63429683 -0.49200031
0.60594213 0.34752825 -0.13785258 0.39342412 0.31514737 -0.38438675 0.54757124 0.41001898 0.0069744 0.32377225 0.38105136 -0.2841996 0.4780266 0.42368081 -0.02557515 0.37534687 0.4245435 -0.21725014 0.46401271 0.46125019 0.07155749 0.35080913 0.44811189 -0.07112889 0.57557416 0.51435286 -0.44538149 0.32521719 0.50119197 -0.75353694 0.54364026 0.63813603 -0.1305078 0.28976956 0.6347546 -0.41262728
0.60435939 0.34231579 -0.14712988 0.3917439 0.30787033 -0.37375268 0.54390115 0.40606877 0.00460221 0.32479176 0.37363771 -0.26886976 0.47796977 0.41763434 0.02262784 0.37799111 0.4174687 -0.14245997 0.46133792 0.45625076 0.06619647 0.34773794 0.44391876 -0.06592659 0.56899095 0.51498681 -0.44475383 0.32382199 0.50505847 -0.69904655 0.54256922 0.63829094 -0.12908971 0.29073557 0.63441879 -0.33700025
0.60370678 0.33616981 -0.17869328 0.38933849 0.30116645 -0.39259222 0.54273885 0.40039206 -0.02615032 0.32486105 0.36514932 -0.29437515 0.47192138 0.41121271 0.00381069 0.37916192 0.41120911 -0.17438984 0.46069637 0.45088533 0.0575267 0.34681576 0.43919155 -0.05733623 0.56212687 0.51533347 -0.44666642 0.32246685 0.51715869 -0.67861629 0.55385685 0.62384295 -0.06536157 0.29147241 0.63661194 -0.31010577
0.60123158 0.32975945 -0.16928527 0.38796607 0.29338026 -0.38606483 0.54152167 0.39424247 -0.01342023 0.32577828 0.35864666 -0.28737125 0.46467036 0.4054983 0.035459 0.37665656 0.40448073 -0.1720898 0.45780048 0.44557771 0.05669337 0.34401816 0.43349928 -0.05653574 0.55839819 0.51546401 -0.38437626 0.32331252 0.52187192 -0.59580439 0.55104625 0.62708628 -0.04448405 0.29194009 0.63631189 -0.243434 
0.59978569 0.32459033 -0.18011174 0.38855121 0.28611451 -0.37900957 0.54155785 0.38780716 -0.00748703 0.32197234 0.34303409 -0.22541375 0.46917495 0.40563756 0.03876751 0.34547749 0.38442108 -0.10308961 0.45455733 0.44111556 0.05211607 0.34273329 0.42789993 -0.05205626 0.55568945 0.51561326 -0.18089968 0.32279435 0.52357769 -0.47179705 0.54907411 0.62577575 0.15246385 0.2968716 0.63584495 -0.15166119
0.59883016 0.31685027 -0.16068606 0.3890177 0.27941462 -0.31811231 0.54151314 0.377985 -0.00274538 0.32120636 0.33490399 -0.16914582 0.47133467 0.39756972 -0.00240352 0.3390204 0.37173671 -0.0800878 0.45329639 0.43674847 0.04895857 0.34096578 0.42236832 -0.04885945 0.55330259 0.51571161 -0.10517432 0.32179198 0.52247405 -0.52633339 0.54691154 0.6249544 0.22888701 0.2982938 0.63577437 -0.27396235
5.98318636e-01 3.10010940e-01 -1.57557532e-01 3.89343262e-01 2.72759587e-01 -3.18640292e-01 5.38553238e-01 3.73709828e-01 -1.95575791e-04 3.21976185e-01 3.34130794e-01 -1.81260079e-01 4.68011528e-01 3.89663488e-01 -2.58912263e-03 3.39264572e-01 3.78360540e-01 -1.00229196e-01 4.53520209e-01 4.29909617e-01 4.86560985e-02 3.41984063e-01 4.13742900e-01 -4.85226363e-02 5.46068490e-01 5.14575124e-01 1.97347738e-02 3.22569996e-01 5.21266758e-01 -5.91614723e-01 5.46835244e-01 5.97539663e-01 4.43524688e-01 3.00139755e-01 6.33787513e-01 -4.88944739e-01
0.59528977 0.30218065 -0.11206259 0.3893083 0.26594305 -0.31442231 0.53708231 0.36870575 0.02797788 0.32380331 0.33641058 -0.1941102 0.46455818 0.37970692 0.00124245 0.35592136 0.37895241 -0.1615908 0.45268184 0.42337707 0.05448225 0.34236151 0.40791327 -0.05433941 0.54027772 0.51409554 0.12803292 0.32268929 0.51795512 -0.54183388 0.5466935 0.59430975 0.5165922 0.29896235 0.63687307 -0.51515424
0.59467936 0.2955724 -0.16110983 0.38914683 0.25728783 -0.32582688 0.53670222 0.3635408 0.00848678 0.32610673 0.32121572 -0.17855793 0.46571428 0.37648189 0.00204837 0.35622823 0.36733994 -0.0552304 0.45286375 0.41779146 0.04723774 0.34262067 0.40224114 -0.04713208 0.52629584 0.50628489 0.04782976 0.322907 0.50566804 -0.56073308 0.54752582 0.57025856 0.42282695 0.30685809 0.63509327 -0.48004982
0.59397745 0.28985125 -0.25780803 0.38659975 0.25204465 -0.44646606 0.52890354 0.36066109 -0.09162708 0.32904688 0.3275755 -0.30442038 0.46251518 0.37092364 -0.09296483 0.36572182 0.36842507 -0.20200911 0.45433968 0.41448194 0.04680244 0.34282476 0.39925632 -0.04668537 0.52035528 0.50600833 0.05353643 0.32347101 0.50581354 -0.58226973 0.54641968 0.57463968 0.45821837 0.31428811 0.63490403 -0.48277321
0.59363621 0.28547314 -0.25693285 0.38546613 0.24468572 -0.45021319 0.52860051 0.35443035 -0.05250769 0.32922021 0.32116064 -0.27560842 0.46028751 0.36398119 0.11922312 0.36628374 0.3609997 -0.05398247 0.4581317 0.41195822 0.0446339 0.34362662 0.39788046 -0.04465492 0.51396209 0.50683755 0.15104924 0.32455361 0.51126683 -0.33244625 0.54503226 0.57972497 0.55984032 0.31264126 0.63446587 -0.17221963
0.59323907 0.28106797 -0.25346136 0.38289237 0.23839669 -0.44604346 0.52642381 0.35006413 -0.04509312 0.32912418 0.31938827 -0.2727854 0.45271957 0.35381764 0.08717657 0.37152365 0.35722551 -0.06044163 0.46103486 0.40967491 0.04287697 0.34392029 0.39706782 -0.04295045 0.50755906 0.50522113 0.12058672 0.32840842 0.51304805 -0.1784474 0.54037595 0.58707589 0.44398984 0.31712458 0.62931949 0.0117338 
0.59331512 0.27809244 -0.17829838 0.3823505 0.23321421 -0.42039913 0.52697313 0.34503952 -0.05839535 0.32909295 0.31655625 -0.35316673 0.44711366 0.34984094 -0.10908327 0.38968286 0.34204584 -0.23699008 0.4640047 0.40682635 0.05452975 0.34484562 0.39438191 -0.0544359 0.49096826 0.49188459 -0.34187639 0.32933247 0.51149148 -0.2307214 0.53817999 0.57949537 -0.44626865 0.31946123 0.62533474 -0.16055053
0.59423941 0.2756528 -0.22199182 0.38245735 0.22936797 -0.41100219 0.52657276 0.3410176 -0.00474976 0.32902327 0.31091166 -0.215295 0.44824776 0.34906828 0.18458489 0.39471254 0.34010401 0.04801926 0.46650454 0.40644169 0.04501237 0.34805346 0.39443347 -0.0451172 0.49291855 0.49439785 0.0651624 0.33256882 0.51695156 -0.10989755 0.53565985 0.5904938 0.25654685 0.3117733 0.62888902 0.02567118
0.59427327 0.27507532 -0.21503542 0.38306874 0.22678095 -0.41301465 0.52604902 0.34015116 0.04007142 0.32970351 0.30648911 -0.22200026 0.4473508 0.34514698 0.24777231 0.39814141 0.3368842 0.01986386 0.46627969 0.40485141 0.04542607 0.35174727 0.39286563 -0.04550061 0.49077624 0.51061779 0.05179504 0.33223268 0.51662284 -0.06975561 0.53023446 0.60275483 0.24614592 0.3086319 0.62753898 0.09458765
0.59344506 0.27449211 -0.20757668 0.38600984 0.22493133 -0.41890973 0.5195781 0.33880526 0.05895228 0.33103925 0.30481657 -0.24056202 0.44568965 0.33922613 0.24703392 0.40829626 0.33424512 -0.025417 0.46408933 0.40203533 0.04754751 0.35756567 0.39204487 -0.04759241 0.48450905 0.51636994 0.03534316 0.33204803 0.5150125 -0.03035518 0.5276894 0.61784393 0.1848755 0.30497047 0.62059939 0.18985902
0.58783495 0.2732783 -0.12239227 0.39416242 0.22453514 -0.36513132 0.47848544 0.3234176 0.08093364 0.3368229 0.30309281 -0.20710856 0.43391937 0.33745959 0.22559144 0.41680008 0.33327579 0.02440769 0.4495053 0.40129852 0.05030506 0.370877 0.3944267 -0.05022446 0.47020751 0.51777703 0.09717613 0.33676121 0.51522404 -0.00630597 0.52105761 0.61975318 0.30259353 0.3041881 0.61730945 0.20542751
0.58486927 0.27296498 -0.11573859 0.39717451 0.2248117 -0.36339107 0.46846306 0.3202306 0.08594818 0.34028199 0.30555058 -0.21724571 0.42588452 0.33844835 0.22935486 0.41912913 0.33413446 -0.00855793 0.44726267 0.40096903 0.05333333 0.37353876 0.39548159 -0.05318812 0.46610922 0.51725763 0.09689166 0.34168455 0.51500583 -0.01375315 0.51003617 0.61853099 0.31853622 0.30445382 0.61340159 0.21052033
0.58560437 0.27303746 -0.16810241 0.39680901 0.22451429 -0.39373097 0.47407645 0.32940266 0.06961955 0.33996931 0.30519861 -0.22425829 0.42278597 0.33421576 0.26158667 0.41490492 0.33248514 -0.01882776 0.45026523 0.40199223 0.05189039 0.37100214 0.39542553 -0.05177318 0.47159418 0.51895356 0.06971718 0.34205583 0.51550037 -0.01269215 0.49655339 0.61709791 0.2649428 0.30629158 0.61551476 0.21275468
0.58616316 0.27372947 -0.17903604 0.39662236 0.22515126 -0.41123042 0.48594525 0.33222994 0.06455856 0.33966303 0.30544221 -0.2501989 0.42647472 0.33863571 0.25645211 0.41407251 0.33597007 -0.02751166 0.45103824 0.40163279 0.05172757 0.37148923 0.39552882 -0.05161595 0.47160435 0.51844281 0.11257232 0.34240472 0.5143683 0.02436462 0.49111345 0.60729831 0.38363552 0.30718803 0.61001641 0.30197844
0.58655393 0.27329186 -0.18300173 0.3963404 0.22538346 -0.41913253 0.4914175 0.33352599 0.07153746 0.33952242 0.30617753 -0.25755405 0.42447731 0.33699638 0.26822668 0.41314679 0.33730391 -0.03394036 0.45206591 0.40213782 0.05177095 0.37055796 0.3958329 -0.05166306 0.47227412 0.51830995 0.1122297 0.34233719 0.5130738 0.02854924 0.49463388 0.59924632 0.39859602 0.30887493 0.60744113 0.32572976
0.58645415 0.2728253 -0.17702913 0.3961488 0.2258393 -0.41210771 0.49313921 0.33392584 0.07055157 0.33991927 0.30697197 -0.2555294 0.42592451 0.3394987 0.25886333 0.41334105 0.33849445 -0.04191743 0.45214137 0.40273857 0.05156905 0.37121594 0.39613566 -0.05145349 0.47219732 0.51904798 0.12367658 0.34037027 0.51314205 0.02106931 0.48597085 0.59861606 0.40145382 0.31168267 0.60977829 0.26282766
0.58650845 0.27207023 -0.17962158 0.39599776 0.22598168 -0.41077068 0.49863604 0.3344723 0.06586342 0.33973831 0.30700886 -0.25430202 0.42728841 0.34088427 0.24832261 0.41166824 0.33920151 -0.04405089 0.45501444 0.40320814 0.05125647 0.37059823 0.39630264 -0.05114672 0.47322658 0.52056712 0.11118455 0.3361634 0.51403606 -0.00255407 0.48981386 0.59656006 0.39576688 0.31194994 0.61076099 0.22193597
0.58654308 0.27203551 -0.18392389 0.39563078 0.22640508 -0.41348514 0.49904332 0.33133394 0.06335159 0.33954257 0.30732897 -0.25512224 0.4280982 0.34133771 0.24405932 0.41165683 0.33953062 -0.04254394 0.45583865 0.40350485 0.05121104 0.370215 0.39634377 -0.05108888 0.47348037 0.52076513 0.11994972 0.33564734 0.51406962 0.02706157 0.49121824 0.59516454 0.42899096 0.31282356 0.61167812 0.29606193
0.58656579 0.27200219 -0.19004364 0.39556783 0.22658536 -0.41155368 0.49897191 0.32894167 0.04648478 0.33885893 0.30683643 -0.24643902 0.42837819 0.33951461 0.19575089 0.41111511 0.33867249 -0.01605522 0.4570069 0.40375239 0.04850589 0.36999756 0.39636847 -0.0483213 0.47108516 0.52051181 0.10573394 0.33585644 0.51239836 0.02857419 0.49269444 0.58944398 0.46754077 0.31189626 0.6085121 0.32827115
0.58665508 0.27173105 -0.21778373 0.39550504 0.22672369 -0.42110905 0.49921733 0.32809442 0.04061157 0.33699909 0.3060523 -0.24926585 0.42882365 0.33840272 0.21831223 0.40163019 0.33855978 -0.02237635 0.45756489 0.40392724 0.0450295 0.36981413 0.39642602 -0.04484735 0.47059283 0.52031988 0.10145868 0.33600658 0.51228923 0.02833007 0.49356237 0.58779389 0.45158136 0.31186751 0.60928231 0.31446826
0.58685702 0.27165806 -0.22853449 0.39538625 0.22673419 -0.4182784 0.49943864 0.32764095 0.03941634 0.33579913 0.30505401 -0.24116623 0.4289999 0.33902806 0.23830479 0.39280218 0.3389369 -0.01927825 0.45857611 0.40390727 0.04099219 0.36908269 0.39611089 -0.04089664 0.47098121 0.52027291 0.09460998 0.33601466 0.51046365 0.03852318 0.50702924 0.58002466 0.42824367 0.31180677 0.60652131 0.35635567
0.58708251 0.27157399 -0.23767702 0.39476082 0.22683424 -0.41703671 0.50590128 0.32812551 0.0331533 0.33518976 0.30488014 -0.23825678 0.42733189 0.3365871 0.24065611 0.38886014 0.33989879 -0.01921169 0.45977116 0.40386069 0.03882356 0.36750057 0.39577124 -0.03877716 0.4714008 0.51887476 0.0921952 0.33602285 0.51013219 0.03825218 0.51309001 0.57763749 0.4266049 0.31176576 0.6067757 0.35401595
0.5872131 0.27158347 -0.23990786 0.39388183 0.2269166 -0.41682231 0.50826967 0.32839474 0.03079252 0.33490366 0.30476406 -0.23688079 0.42628017 0.33606178 0.24895474 0.38755998 0.34137493 -0.01821031 0.46010345 0.40376851 0.0386935 0.36605322 0.39551675 -0.03867057 0.47159523 0.51760995 0.09776901 0.33603013 0.51008308 0.02934022 0.51300383 0.58069092 0.41855705 0.3117151 0.60733068 0.31958106
