0.50587857 0.33436996 0.68014419 0.40269849 0.36034551 0.50767666 0.55506819 0.312998 0.78551233 0.42394361 0.37098119 0.52646011 0.54899424 0.28284103 0.94136196 0.47531778 0.3511121 0.75128335 0.53207964 0.45945796 0.04366479 0.45681998 0.47125307 -0.04426005 0.53549969 0.59861374 -0.14071746 0.45635843 0.62104517 -0.24134739 0.54710466 0.75789124 -0.21588796 0.39234811 0.79833144 -0.37083542
0.49067071 0.33064398 0.56755948 0.39815855 0.34001601 0.56646591 0.52978438 0.34034342 0.61397874 0.40393174 0.35051566 0.58899015 0.51268905 0.31431949 0.75631338 0.4592419 0.317476 0.77480727 0.50302678 0.47744387 0.02934366 0.44656777 0.49248138 -0.03004787 0.49809435 0.61228508 -0.11415518 0.40808037 0.63768923 -0.29766163 0.49410763 0.76487613 -0.26163068 0.38765094 0.81948358 -0.59193921
0.48909134 0.3327983 0.11457026 0.42128348 0.34430566 -0.19670707 0.44207606 0.32606742 0.18849103 0.35902742 0.35842386 -0.23333694 0.51694018 0.29843619 0.29289976 0.46856076 0.31196612 -0.10329752 0.51004648 0.52623385 0.10763059 0.46321172 0.54182279 -0.10790266 0.50926358 0.63843536 0.39349481 0.40403649 0.67009431 -0.1853977 0.51492286 0.76817822 0.66814524 0.38953045 0.82831258 -0.19885208
0.48267332 0.33311692 0.31676868 0.40540984 0.34136313 -0.08495324 0.46925321 0.34777614 0.46691293 0.34498823 0.38382474 -0.17423452 0.54789066 0.30629772 0.54606622 0.41522694 0.3661873 -0.11657944 0.47355106 0.5234558 0.16338059 0.4326722 0.52709508 -0.16354322 0.4902232 0.64143473 0.28403264 0.39319855 0.65930277 -0.28982377 0.42349434 0.7697199 0.35182878 0.38275161 0.82667726 -0.35748354
0.48307648 0.32789963 0.32405844 0.40844503 0.32137173 -0.10469102 0.46968359 0.36108837 0.49192533 0.33047545 0.36330381 -0.19060959 0.52215648 0.34273607 0.53146702 0.41608095 0.34561643 -0.0970922 0.46724227 0.51647514 0.17635727 0.42207149 0.51063889 -0.17635517 0.48344693 0.64761913 0.25981909 0.40683228 0.65572393 -0.24099234 0.41567713 0.78493017 0.3221755 0.38675067 0.82643151 -0.30163741
0.48451969 0.33225948 0.26203439 0.40926951 0.31736144 -0.17599657 0.45799837 0.37584788 0.43357244 0.32892555 0.36780971 -0.18676823 0.49611461 0.37856063 0.48546413 0.42015773 0.34623018 0.0027158 0.44889337 0.51934177 0.17622629 0.41595021 0.51586193 -0.17612074 0.47477898 0.63645297 0.2883414 0.40340704 0.66249758 -0.19411466 0.43805012 0.76154929 0.38727757 0.38710532 0.83244693 -0.24106736
0.48583543 0.33123738 0.22553022 0.41291454 0.32126704 -0.23516858 0.42881545 0.39253694 0.44240138 0.33623695 0.38568884 -0.15984719 0.49533188 0.40581131 0.59831303 0.42732161 0.41794252 0.10724358 0.43713719 0.52377546 0.17229275 0.42086065 0.52373278 -0.17229658 0.46132559 0.65381914 0.27902904 0.40589789 0.67174244 -0.1726961 0.40277803 0.79603112 0.37523302 0.39030689 0.84039229 -0.06866353
0.49257088 0.34245422 0.30704215 0.41863734 0.31513742 -0.16166292 0.43146142 0.43068859 0.40754098 0.33804107 0.3736811 -0.33751157 0.48880881 0.49006778 0.3803457 0.43332618 0.33893284 -0.42261556 0.44900954 0.52910101 0.16719776 0.42136255 0.52126533 -0.16721457 0.43714365 0.64595127 0.17662139 0.40495434 0.66773528 -0.16844209 0.40063313 0.81343925 0.23115341 0.39330107 0.84045893 -0.13637307
0.4813714 0.33342013 0.27182555 0.44047979 0.31652799 -0.18290833 0.39649525 0.39756104 0.44375059 0.3544524 0.36852163 -0.22542228 0.44836083 0.42437652 0.51481944 0.4535718 0.34025607 -0.09680065 0.42851231 0.52155131 0.16587552 0.41937846 0.51989162 -0.16587111 0.4331809 0.66062719 0.17060159 0.41009387 0.66479689 -0.15177433 0.39437604 0.8089745 0.1944243 0.38938621 0.83830005 -0.14376508
0.48191607 0.33316851 0.29590437 0.43195266 0.3145375 -0.14847878 0.41463932 0.41859409 0.41769847 0.3480179 0.3672165 -0.22700748 0.44219047 0.45851347 0.39784542 0.45267767 0.32080394 -0.20075417 0.42225412 0.51897246 0.16376564 0.40847805 0.51550239 -0.16361617 0.44948038 0.65222836 0.1843497 0.41091484 0.66432858 -0.21809317 0.39309531 0.80453479 0.22725277 0.38694096 0.8398239 -0.30553323
0.4913117 0.33712828 0.40459469 0.43252701 0.31258264 -0.12150742 0.41806334 0.41735524 0.54582357 0.36774549 0.36039308 -0.18307936 0.43659204 0.45104638 0.55719054 0.49374124 0.31609431 -0.2116998 0.42346805 0.51331031 0.15791284 0.39902961 0.51023334 -0.15785895 0.43892935 0.65028411 0.12607393 0.41317013 0.6567927 -0.25634614 0.38532406 0.8055535 0.07481591 0.38747615 0.83327544 -0.44764942
0.4898819 0.33429587 0.42930067 0.43392625 0.31388548 -0.03965606 0.42720628 0.39727417 0.57463753 0.41765592 0.35808966 -0.12356202 0.42546499 0.37400535 0.64936543 0.49699542 0.31622374 -0.097037 0.408921 0.51026064 0.15472016 0.39880168 0.50757176 -0.15466055 0.41831806 0.6457454 0.0610709 0.41389328 0.65337366 -0.27718979 0.3818666 0.8132965 -0.04921123 0.39005411 0.83704209 -0.48287228
0.48964956 0.33304861 0.41878688 0.43446812 0.31523997 -0.03670777 0.43580437 0.39243948 0.59612864 0.41090032 0.35720211 -0.1050266 0.43336409 0.36195564 0.66441852 0.48648098 0.31284139 -0.05854747 0.41102186 0.50944036 0.15971109 0.4021354 0.50636441 -0.15961817 0.41541368 0.64287394 0.06708169 0.41659859 0.651429 -0.27053556 0.38432193 0.80892164 0.02321034 0.39299852 0.84163117 -0.48979995
0.48868611 0.33323577 0.43675277 0.43463048 0.31507492 -0.0351034 0.43743834 0.39558974 0.6163885 0.40968028 0.35550958 -0.09940177 0.43822378 0.4086602 0.6541155 0.47793251 0.3113977 0.03541051 0.41412744 0.51200569 0.16015008 0.4021661 0.50774533 -0.15998693 0.42333466 0.65464789 0.06990299 0.41833121 0.65501195 -0.2781654 0.39177129 0.81472403 -0.01369416 0.39559844 0.84105748 -0.4784421 
0.48451701 0.33309999 0.41886601 0.43282649 0.31648609 -0.04887195 0.46107098 0.38815328 0.60253495 0.41446877 0.35341769 -0.14013596 0.4592765 0.3643418 0.68401355 0.48453522 0.31280243 -0.03952422 0.40648851 0.51307577 0.16237167 0.39941105 0.50851983 -0.16216534 0.41500938 0.66123146 0.07065339 0.41701806 0.65614051 -0.27383152 0.39188635 0.81751895 0.01506324 0.39685565 0.84178996 -0.46718481
0.48015675 0.33174768 0.39807424 0.4383831 0.31631026 -0.09992793 0.43318757 0.39129275 0.57615781 0.41169429 0.35367915 -0.15719877 0.42921656 0.40479726 0.63503152 0.47360766 0.31003621 -0.03169502 0.40299842 0.51231086 0.168422 0.39712146 0.50878561 -0.16816954 0.40787333 0.65849686 0.10361125 0.41794744 0.65912503 -0.25372526 0.39318514 0.81605351 0.0392186 0.39743933 0.84162647 -0.41472107
0.48027921 0.33213308 0.38777354 0.44458216 0.31662834 -0.08953501 0.41172293 0.38754067 0.56428367 0.4168458 0.35038009 -0.23106149 0.38540938 0.40183315 0.62820411 0.4832415 0.31322384 -0.26869884 0.39929512 0.51274604 0.17207442 0.3909153 0.50899464 -0.17194262 0.39274952 0.65551418 0.10619286 0.4184106 0.65808076 -0.29910672 0.39001483 0.81683987 0.04640722 0.39774853 0.84220338 -0.48755029
0.48061857 0.33288082 0.38615292 0.43828237 0.31758204 -0.09870085 0.41974041 0.4151406 0.54023337 0.39749706 0.35052711 -0.32260776 0.39323178 0.44989783 0.53552967 0.47527161 0.30522379 -0.47049245 0.39894319 0.51514238 0.17306907 0.3818382 0.51191133 -0.17291924 0.39403868 0.65276867 0.09586761 0.41874403 0.65771747 -0.3083061 0.388129 0.82606661 0.03635158 0.39746532 0.84413618 -0.45056388
0.48101434 0.33450043 0.38787639 0.43039909 0.32044059 -0.11219123 0.43484768 0.42009369 0.53833044 0.39533028 0.35098493 -0.37827095 0.39757344 0.45841855 0.50708491 0.47007212 0.30354112 -0.57291859 0.39407074 0.51937366 0.17309466 0.37050614 0.51545364 -0.17285624 0.39772588 0.65182239 0.07717668 0.41953176 0.65724903 -0.34200695 0.38869569 0.82628894 0.01285841 0.39665848 0.84296417 -0.48005992
0.48907232 0.334737 0.35458887 0.42160818 0.32048833 -0.13624996 0.48341614 0.41269523 0.50344718 0.38937771 0.35358599 -0.37519974 0.4773199 0.3999581 0.45365527 0.48214394 0.30799669 -0.48964387 0.39805692 0.51965958 0.1782359 0.368296 0.51628566 -0.17796206 0.40201297 0.65070117 0.09012983 0.42644119 0.65685558 -0.38261703 0.38814878 0.8270328 0.06131475 0.39549118 0.84292608 -0.48544741
0.4888725 0.33626783 0.3390401 0.41772881 0.32162982 -0.17816514 0.50652617 0.40699121 0.52787173 0.38298014 0.3610262 -0.42989784 0.55476922 0.3822915 0.55285132 0.48078483 0.31929442 -0.58606112 0.39812991 0.52594399 0.18461064 0.37214577 0.52479213 -0.18431953 0.40420276 0.650159 0.17530593 0.4303773 0.66751134 -0.37487656 0.38807926 0.82454461 0.19427568 0.39543125 0.8478958 -0.40107581
0.48890024 0.33593801 0.26130125 0.41178638 0.32401857 -0.29144073 0.52103955 0.38858739 0.51716828 0.3837809 0.36298645 -0.55874342 0.58250606 0.35423163 0.57717586 0.48139524 0.32367763 -0.69861162 0.39794523 0.53147388 0.19895567 0.36646721 0.53312343 -0.198586 0.41872945 0.65664583 0.21259339 0.41687515 0.67292124 -0.33952582 0.38852113 0.82396102 0.27156025 0.39453143 0.84660888 -0.39676747
0.48033887 0.33560929 0.2534079 0.41377273 0.3279404 -0.31891552 0.5316233 0.37661654 0.52335089 0.39572012 0.36599663 -0.57350892 0.59531951 0.34950054 0.6248039 0.48096308 0.32819998 -0.67413759 0.39548492 0.53239757 0.20780194 0.36630794 0.535613 -0.2074282 0.4455623 0.65525872 0.30663982 0.41165733 0.68077391 -0.18315585 0.391868 0.79828811 0.42907512 0.39369884 0.84660357 -0.14662139
0.48063144 0.33536333 0.1731981 0.41536641 0.33206603 -0.2912862 0.53012425 0.33462662 0.42867795 0.41228631 0.36533728 -0.47819766 0.56234682 0.31683239 0.59477025 0.46965846 0.34121624 -0.54366601 0.39619368 0.53175604 0.20221013 0.36311981 0.53638345 -0.20176721 0.44793391 0.65432632 0.31298938 0.41247621 0.68035018 -0.22579794 0.39543986 0.78987986 0.44239497 0.39360011 0.84599531 -0.3338697 
0.48097348 0.3361969 0.16250518 0.41653681 0.33535451 -0.32360908 0.52509809 0.34213722 0.43180993 0.41619658 0.39213222 -0.49208871 0.58735549 0.32110885 0.62346458 0.46985763 0.38430598 -0.51198089 0.39578801 0.5383181 0.20016962 0.3623932 0.54062241 -0.1998693 0.46655047 0.65372425 0.30502391 0.42087418 0.6776033 -0.2229802 0.39602613 0.7943691 0.42351636 0.39370432 0.84554732 -0.23839219
0.48110938 0.3415862 0.17353246 0.41924995 0.33962634 -0.30531496 0.50770867 0.34604222 0.45082605 0.38808787 0.39536631 -0.52513516 0.57704926 0.33482835 0.65741044 0.45640483 0.37937462 -0.60528296 0.39451745 0.54366171 0.19985029 0.36432302 0.54451686 -0.19960351 0.48555624 0.65409106 0.2917414 0.45236793 0.66536266 -0.22365862 0.39731586 0.79272944 0.39776888 0.39372554 0.84347731 -0.27390343
0.48123446 0.34571698 0.145193 0.44499445 0.34581405 -0.34166005 0.48042032 0.35502914 0.4218592 0.37318134 0.40101302 -0.50671709 0.56391764 0.33826402 0.62851524 0.43812045 0.40875241 -0.54533458 0.39121673 0.54782313 0.19943358 0.3621718 0.55200636 -0.19920227 0.49849468 0.65371162 0.31371886 0.4470278 0.67930865 -0.19490546 0.4331601 0.780249 0.44498062 0.39347336 0.84329641 -0.18693131
0.48140603 0.34759417 0.14633341 0.44123778 0.35461506 -0.34494981 0.48811492 0.35808983 0.40992439 0.36692756 0.42150056 -0.49025047 0.56901932 0.34361336 0.61187571 0.44014916 0.47355124 -0.54734141 0.38915369 0.5466696 0.19621372 0.3617242 0.54952592 -0.19594812 0.49868396 0.65295923 0.24481896 0.44395721 0.68002033 -0.18262988 0.43791872 0.7783038 0.43289921 0.39271408 0.84287876 -0.16283283
0.48158345 0.36051837 0.1728082 0.42383808 0.36597165 -0.31305218 0.51437563 0.38341749 0.40728995 0.38761431 0.39880925 -0.47635758 0.58160019 0.34503356 0.50819236 0.47247389 0.38531426 -0.55629832 0.38965493 0.56063843 0.19158296 0.35876754 0.56093866 -0.19136964 0.51073098 0.65048796 0.26127627 0.44258362 0.68069857 -0.25028047 0.4572171 0.77169126 0.39329943 0.39273039 0.83782923 -0.30496451
0.47218218 0.3633278 0.13333617 0.42397749 0.36796549 -0.30731946 0.49395165 0.38310605 0.39260125 0.43289006 0.40483186 -0.44868729 0.55170631 0.34643951 0.53035933 0.47514918 0.38371366 -0.43970978 0.39024469 0.55885899 0.19049418 0.35919702 0.56168967 -0.1903597 0.51963598 0.6417349 0.29966718 0.45014411 0.67952454 -0.28200108 0.46422139 0.76113951 0.46891877 0.3926076 0.83705306 -0.33688661
0.47751769 0.36714375 0.15036681 0.41176814 0.36810774 -0.2988486 0.49110061 0.40244704 0.37123811 0.38046557 0.41008711 -0.54490554 0.55553168 0.36249331 0.48880333 0.46427393 0.38273367 -0.75816983 0.38617358 0.55711859 0.18888862 0.34537077 0.55964601 -0.18865788 0.52208465 0.64156836 0.28243896 0.47963381 0.67248982 -0.34984654 0.45813343 0.75912076 0.41692713 0.39317608 0.83774227 -0.46607962
0.48577169 0.37169489 0.11009515 0.40106541 0.37148184 -0.27049899 0.4882578 0.40877813 0.32804033 0.3632575 0.42075494 -0.54796875 0.57956058 0.37001604 0.48220038 0.46425664 0.38457966 -0.78115696 0.38588798 0.55845588 0.17354243 0.34356278 0.56191385 -0.17322204 0.51584291 0.64630884 0.27702251 0.49386591 0.67292303 -0.31931406 0.44340754 0.758816 0.39501563 0.39420554 0.8387751 -0.43638903
0.48909438 0.37778407 0.06310713 0.39750564 0.37888324 -0.27132508 0.48872223 0.4121969 0.2869952 0.35821351 0.43038484 -0.54190773 0.5773524 0.37442049 0.42571303 0.45457703 0.38385195 -0.77884406 0.38615397 0.5583865 0.16332613 0.33811215 0.56298661 -0.16296175 0.5194006 0.64425772 0.27187338 0.49541557 0.67300552 -0.31194618 0.44137454 0.75203884 0.401088 0.39569819 0.83831006 -0.43853283
0.46855959 0.38816383 0.00737497 0.40339398 0.39543566 -0.35010034 0.46917355 0.4078432 0.32067633 0.42763656 0.42223522 -0.29810634 0.54235065 0.38052469 0.51105964 0.45456475 0.38153064 -0.07137394 0.3795014 0.57438201 0.16320789 0.34081143 0.57826972 -0.16300191 0.51481289 0.64766824 0.3708007 0.5074665 0.67492878 -0.15661605 0.43957213 0.7530458 0.5515216 0.39876899 0.83693504 -0.1457572 
0.46202362 0.39475477 0.03612801 0.40419316 0.39997607 -0.35532215 0.46930644 0.40384331 0.3345325 0.44473967 0.42261314 -0.26519412 0.52580661 0.38550404 0.60991478 0.44695571 0.38134018 0.01667863 0.37311235 0.57324493 0.16493492 0.33581641 0.58392453 -0.16470832 0.52363706 0.64673078 0.37444568 0.50840694 0.67646044 -0.16835943 0.43771258 0.75546354 0.55240363 0.39921087 0.83540499 -0.14771928
0.46381631 0.40125591 0.02687455 0.40437767 0.41181085 -0.35886872 0.47109827 0.41923314 0.33946475 0.43228099 0.43606526 -0.27488905 0.5312801 0.41415614 0.59490937 0.44548127 0.39101875 -0.2910569 0.37499776 0.57559842 0.16527118 0.33459243 0.5890916 -0.16508619 0.52614826 0.64685059 0.33913726 0.51982987 0.67655224 -0.21708108 0.4435761 0.76191801 0.47155851 0.40041852 0.83480072 -0.17620085
0.45902276 0.39991942 0.04398166 0.40544346 0.41458562 -0.35695198 0.46161518 0.41842762 0.39291725 0.44337869 0.44971839 -0.39205036 0.53844815 0.40736178 0.65024018 0.48190376 0.40236345 -0.41125166 0.37245518 0.57793468 0.16601425 0.3330484 0.59161818 -0.1658462 0.52898461 0.64652008 0.32027146 0.52168059 0.67653424 -0.27295494 0.4419511 0.76672357 0.42518866 0.40192005 0.83403009 -0.29291153
0.47767878 0.40416086 0.02065861 0.39633483 0.41568297 -0.37200511 0.47705886 0.43308151 0.28627148 0.44047758 0.46274862 -0.52889132 0.56582916 0.41455624 0.43869901 0.51262408 0.41446388 -0.60866833 0.37303767 0.57971001 0.16455172 0.32492238 0.58879006 -0.16414584 0.52599102 0.64523286 0.22480042 0.5151397 0.67256254 -0.28635362 0.46582428 0.76329643 0.32528573 0.41236463 0.82861513 -0.33010024
0.48041308 0.40139991 0.04271396 0.39842114 0.40971708 -0.36528251 0.48208115 0.43388069 0.30720273 0.42369363 0.46589458 -0.52588844 0.57051027 0.41757151 0.44494709 0.53183436 0.43014821 -0.57891625 0.37356597 0.58105618 0.16939661 0.32559574 0.58750421 -0.16890091 0.52443296 0.6461311 0.20328012 0.51370978 0.67455178 -0.21839043 0.45998436 0.76656163 0.32153788 0.41352335 0.82897502 -0.20037395
0.476549 0.40530968 0.11675215 0.40098107 0.41749722 -0.35481703 0.48116404 0.43879834 0.33944529 0.43508884 0.47234258 -0.49909893 0.56589437 0.42799336 0.46361738 0.55286932 0.43896949 -0.53727853 0.37026426 0.59075761 0.1765632 0.32735327 0.59480989 -0.17602196 0.52325404 0.64899576 0.22964767 0.5182128 0.67936623 -0.21305701 0.42679405 0.76969337 0.3464801 0.41283384 0.83334023 -0.20190877
0.4772279 0.41107661 0.17708053 0.40134594 0.41718283 -0.31270292 0.52244532 0.44829968 0.29378319 0.4317652 0.46489912 -0.45217535 0.5533582 0.43412036 0.2192751 0.53986388 0.4462803 -0.38654384 0.37097812 0.59595549 0.18498862 0.32796669 0.598544 -0.1844915 0.52294934 0.65267658 0.17687051 0.5152458 0.6787411 -0.23511159 0.42107001 0.79005051 0.21443678 0.41216683 0.83447003 -0.20533742
0.49259242 0.40909213 0.23528105 0.40133753 0.41313305 -0.27511027 0.5382092 0.46319881 0.24390969 0.42932764 0.46315724 -0.31039166 0.53316951 0.43487182 0.06700996 0.529324 0.45704928 -0.07176299 0.38274246 0.59260309 0.19828288 0.32868448 0.59614795 -0.19793798 0.53488034 0.66660923 0.12954739 0.48906323 0.68006545 -0.2650032 0.42231518 0.7934944 0.13813631 0.41045848 0.83383095 -0.24523397
0.49756747 0.41194436 0.21842925 0.41033372 0.41079473 -0.28903171 0.53559977 0.46379614 0.27055955 0.4359884 0.46253473 -0.35101521 0.53471267 0.43673211 0.2418637 0.55173087 0.46024245 -0.13854668 0.38297519 0.59708446 0.20725037 0.32916611 0.60037696 -0.20694464 0.53308338 0.68065548 0.16258837 0.48238298 0.68588239 -0.2392969 0.4137651 0.80075133 0.20960273 0.41035903 0.83395249 -0.16445045
0.54927224 0.39898348 0.24082439 0.42227101 0.38042 -0.28594112 0.56037897 0.45990688 0.19029211 0.39850643 0.46149775 -0.42542866 0.53560436 0.42983198 0.00119924 0.55132622 0.46496931 -0.36802077 0.41933653 0.58472639 0.20913398 0.34562275 0.5780791 -0.20899019 0.53245413 0.68927938 0.12939191 0.49183801 0.67713082 -0.27797437 0.40336502 0.80390054 0.22906087 0.40727702 0.83432299 -0.20312913
0. 0. 0. 0. 0. 0. 0. 0. 0. 0. 0. 0. 0. 0. 0. 0. 0. 0. 0. 0. 0. 0. 0. 0. 0. 0. 0. 0. 0. 0. 0. 0. 0. 0. 0. 0. 0. 0. 0. 0. 0. 0. 0. 0. 0. 0. 0. 0. 0. 0. 0. 0. 0. 0. 0. 0. 0. 0. 0. 0. 0. 0. 0. 0. 0. 0. 0. 0. 0. 0. 0. 0. 0. 0. 0. 0. 0. 0. 0. 0. 0. 0. 0. 0. 0. 0. 0. 0. 0. 0. 0. 0. 0. 0. 0. 0. 0. 0. 0. 0. 0. 0. 0. 0. 0. 0. 0. 0. 0. 0. 0. 0. 0. 0. 0. 0. 0. 0. 0. 0. 0. 0. 0. 0. 0. 0. 0. 0. 0. 0. 0. 0.
0.56241 0.35851786 0.04395834 0.38333493 0.34854192 -0.27976927 0.57749504 0.44797128 0.15819633 0.33446145 0.44256243 -0.32154217 0.50063473 0.43242314 0.12819222 0.44805774 0.46979135 -0.33750099 0.46150294 0.55005682 0.14622214 0.3693558 0.55090052 -0.14630817 0.53340936 0.65876275 0.13544883 0.44004494 0.66869247 -0.19088201 0.43484908 0.77276641 0.37046677 0.40634602 0.82817364 -0.04823747
0.6355868 0.35199663 0.20822732 0.43746278 0.31383559 0.1889233 0.5943498 0.44720694 0.15753436 0.36327717 0.3944518 0.03252432 0.47867504 0.45967484 0.07768068 0.44825163 0.39672321 -0.14027111 0.52397418 0.52831268 0.05207977 0.41543132 0.51004428 -0.05233612 0.48706299 0.64976102 -0.10381965 0.40777931 0.63393795 -0.21494327 0.40118608 0.77432042 0.04823457 0.40223876 0.777224 -0.08156225
0.60775924 0.36611924 0.39285597 0.43586901 0.32331723 0.14485265 0.5573445 0.45514971 0.46794766 0.38271588 0.38878208 0.09787907 0.46399367 0.45905918 0.50205982 0.45700592 0.38255122 0.28321901 0.49516353 0.54455888 0.06006399 0.40456986 0.51256549 -0.06133381 0.48659465 0.65028995 0.00559424 0.42144337 0.64011794 -0.19544004 0.39984301 0.77697575 0.05594832 0.40959111 0.7983892 -0.19743967
0.62964684 0.3829582 0.17560796 0.45774147 0.3272664 -0.02306709 0.57629079 0.46881053 0.38662428 0.38081211 0.40036428 0.08544298 0.48527294 0.47412914 0.33008254 0.4755944 0.38134855 -0.10218046 0.51089638 0.55433935 0.08811171 0.42746162 0.52117193 -0.0887714 0.49475867 0.6468609 0.13208872 0.44656235 0.64543623 -0.19532041 0.35877794 0.72679913 0.37466043 0.41410333 0.80365169 -0.15634555
0.62112153 0.3827709 0.10885281 0.44669366 0.33379263 -0.0368732 0.57358676 0.47532541 0.3146044 0.3790682 0.40641168 -0.08453434 0.48572958 0.48178464 0.29568216 0.48366055 0.41256016 -0.05291824 0.50277859 0.5553779 0.07997568 0.41816795 0.52181333 -0.08053771 0.49178717 0.64765012 0.22807652 0.41949901 0.64670628 0.11225259 0.35335773 0.74243987 0.42753771 0.41213426 0.77021945 0.29620388
0.65284705 0.38620514 -0.37296396 0.45811874 0.33872429 -0.44551441 0.57382089 0.48984009 -0.22875799 0.39807379 0.41833624 -0.25850984 0.45988268 0.49785766 -0.18012315 0.47976476 0.44920617 -0.10530849 0.53188521 0.55379528 0.03552154 0.43508413 0.5282113 -0.03589912 0.48919407 0.64569539 0.253553 0.39850506 0.63815945 0.19117601 0.36803892 0.73167056 0.5151844 0.39724213 0.73951441 0.46960407
0.66565502 0.38698 -0.33641997 0.45094639 0.34000313 -0.5327993 0.61046392 0.49333355 -0.14251383 0.37764552 0.42267242 -0.43093875 0.47444355 0.50963932 -0.06889819 0.45222089 0.49004549 -0.28254065 0.53540248 0.55638826 0.04427403 0.42568114 0.52934909 -0.04481568 0.5374319 0.65543878 0.28891146 0.39579445 0.63487571 0.22568363 0.42871425 0.74014443 0.5418812 0.37950855 0.73213786 0.52309912
0.68047041 0.41860089 -0.44343492 0.44834557 0.36108541 -0.5976733 0.62468123 0.52817452 -0.25064558 0.3763364 0.43327761 -0.42824724 0.47463906 0.5231303 -0.15265827 0.45246637 0.48712736 -0.24611509 0.55106592 0.56776321 0.04029603 0.42848095 0.54530394 -0.04071746 0.55524349 0.65623873 0.28076506 0.39072004 0.62906331 0.10836302 0.44117841 0.74258798 0.5135566 0.37387091 0.73922831 0.44847754
0.69051474 0.44587693 -0.45870557 0.44548878 0.38540989 -0.59292835 0.66148376 0.56037372 -0.33122101 0.37832591 0.46476758 -0.46043089 0.55948919 0.60912019 -0.3279863 0.46864364 0.51575869 -0.30055061 0.55717808 0.57809299 0.04264836 0.4281317 0.56051469 -0.04303702 0.60077059 0.65647912 0.25960097 0.3882069 0.62748986 0.09390672 0.45383722 0.73248804 0.52257538 0.37666616 0.70909542 0.45128286
0.73718345 0.44600418 -0.5030393 0.46808401 0.38430318 -0.5800373 0.70460057 0.57320487 -0.41384989 0.37648097 0.45401186 -0.54747146 0.65710723 0.65809065 -0.50883019 0.41873962 0.51555949 -0.65077209 0.57177567 0.58041072 0.02323581 0.43149295 0.5576241 -0.02362636 0.57665235 0.67039049 -0.12189318 0.33205867 0.64002901 -0.12727161 0.41560286 0.7165854 0.35596964 0.3572042 0.68052995 0.53517568
0.72561884 0.48510206 -0.41961706 0.45209131 0.41463926 -0.55401665 0.70834237 0.62453872 -0.3894175 0.37556213 0.5174312 -0.53501403 0.70485443 0.74377316 -0.49560988 0.46913847 0.5516848 -0.58221632 0.55905712 0.62630194 0.03662625 0.3956598 0.60800141 -0.03726139 0.62484741 0.67851734 -0.28065699 0.3536891 0.65460855 -0.68130976 0.41830385 0.73636335 0.11764537 0.38850263 0.71519119 -0.06015901
0.6275723 0.47247201 -0.22401179 0.43198234 0.42083713 -0.49965346 0.62641662 0.58166724 -0.05822753 0.3521744 0.49828556 -0.53333431 0.65128696 0.71524328 -0.02385504 0.43882599 0.54022592 -0.51811171 0.4630571 0.63111585 0.10999811 0.35363194 0.62064058 -0.10990251 0.59945863 0.67475992 -0.0774373 0.4428148 0.64947098 -0.3683244 0.42601594 0.77809376 0.06753042 0.41808641 0.78698415 -0.16397026
0.62570703 0.49369329 -0.23847125 0.43553081 0.45815781 -0.52487296 0.62676799 0.58956635 -0.08266693 0.38073158 0.53981936 -0.52054203 0.63241583 0.63279146 -0.07015258 0.50996208 0.54194266 -0.50087553 0.46913996 0.65556318 0.10401544 0.36384934 0.65538144 -0.10388108 0.59696323 0.67514837 0.01649056 0.45079136 0.65070409 -0.39636508 0.4283576 0.78556007 0.12286171 0.41677561 0.80618757 -0.25079787
0.70003074 0.49159834 -0.40320736 0.44854164 0.42932588 -0.56275856 0.67801827 0.59982741 -0.34158924 0.37558109 0.52803147 -0.56722099 0.6282627 0.65506363 -0.530891 0.45826468 0.57084382 -0.68803596 0.50640738 0.64278394 0.07169717 0.36973187 0.62729084 -0.07125545 0.60245258 0.67869604 -0.39617869 0.35033819 0.67262161 -0.69509631 0.42770356 0.78699487 -0.06681309 0.41368359 0.79002082 -0.16697504
0.69639897 0.50524318 -0.33902648 0.4478581 0.45762974 -0.53741634 0.65295976 0.60846055 -0.24420477 0.38183731 0.53629881 -0.54819643 0.58402437 0.6279341 -0.35704544 0.47707769 0.57337767 -0.53430891 0.50603503 0.65912122 0.07527234 0.37204078 0.65019548 -0.07465996 0.59672964 0.6776728 -0.20071803 0.36278692 0.67192107 -0.4754701 0.42871955 0.7884832 0.08832386 0.41221547 0.8081454 -0.26474431
0.7079193 0.53237182 -0.50988823 0.44599 0.4666709 -0.57597703 0.6824677 0.63900572 -0.43516886 0.36665255 0.55953538 -0.55585116 0.61657602 0.70104766 -0.55322397 0.45669609 0.59806472 -0.65740252 0.52343506 0.66243958 0.02531145 0.37444004 0.6463595 -0.02504669 0.59822845 0.68141687 -0.36601657 0.30232212 0.68888974 -0.55982578 0.44048354 0.79265797 -0.05625529 0.41079596 0.80580711 -0.11511245
0.70057452 0.55056757 -0.40932086 0.44656131 0.47881758 -0.51161849 0.67334574 0.65019441 -0.31257251 0.37051126 0.54878175 -0.46700647 0.63205457 0.70347279 -0.37984595 0.45652115 0.59188151 -0.46233907 0.51961547 0.6805703 0.02654155 0.37112662 0.66269499 -0.02645852 0.59581167 0.69038099 -0.31939834 0.29710752 0.69675922 -0.56824565 0.4392457 0.8049823 -0.09477891 0.40989229 0.79532123 -0.14758654
0.69902366 0.55797821 -0.37737685 0.44508997 0.49170047 -0.47340232 0.69083548 0.66755885 -0.28594729 0.39654469 0.56405449 -0.39090255 0.71608925 0.7624653 -0.3369821 0.51409072 0.58334738 -0.32898328 0.51910359 0.67726117 0.01515283 0.37274373 0.66240233 -0.01492573 0.6072824 0.70856953 -0.25841799 0.28812215 0.70869362 -0.48887825 0.44578254 0.80713952 -0.03033883 0.40888005 0.79066205 -0.00149481
6.95505500e-01 5.64576149e-01 -4.65580016e-01 4.53159064e-01 4.93696839e-01 -5.65058708e-01 7.05190361e-01 6.71391606e-01 -3.75929177e-01 4.31421697e-01 5.62057912e-01 -5.27606666e-01 7.16982722e-01 7.63103902e-01 -3.87002289e-01 5.60914457e-01 5.73743284e-01 -4.58688825e-01 5.35764754e-01 6.77144110e-01 7.52991589e-04 3.88474703e-01 6.62397385e-01 -6.27935748e-04 6.03943527e-01 7.01725185e-01 -3.90064865e-01 2.84062982e-01 7.15227544e-01 -4.53423917e-01 4.48769331e-01 8.12139630e-01 -8.39585587e-02 4.08468843e-01 7.88148522e-01 1.40379205e-01
0.71957821 0.56084305 -0.51505715 0.46664378 0.49101412 -0.58451849 0.74356681 0.66520894 -0.34759614 0.43819925 0.56418484 -0.41510394 0.73012936 0.75863546 -0.35276946 0.55116367 0.59649128 -0.27491176 0.57234466 0.6665532 -0.0127065 0.42682761 0.65746677 0.01283313 0.60152096 0.70567346 -0.36777329 0.28520167 0.71453089 -0.26587409 0.44955817 0.80992734 -0.05483884 0.40097439 0.78679234 0.37075087
0.71282989 0.562424 -0.54838598 0.46400595 0.49631685 -0.64531022 0.72108144 0.66382378 -0.36777773 0.44385478 0.56070215 -0.40873516 0.711604 0.76349545 -0.34171838 0.55750507 0.5933314 -0.1525895 0.55881441 0.66213959 -0.00442512 0.41732731 0.65010291 0.00449088 0.60073495 0.71621597 -0.29688299 0.29364991 0.71841997 -0.24162287 0.4540796 0.81008929 -0.02539751 0.40487662 0.78645623 0.30141047
0.67043197 0.55493838 -0.51226753 0.46188903 0.51408279 -0.63325322 0.67257154 0.65294713 -0.32603648 0.4757916 0.5848574 -0.40976942 0.66117364 0.73288745 -0.2001994 0.6013611 0.61623555 -0.13539815 0.52670503 0.66776013 0.00382953 0.40457988 0.66331786 -0.00373633 0.58834296 0.71705788 -0.1700512 0.29798552 0.72121358 -0.254365 0.45238796 0.80967522 -0.01486309 0.40856966 0.78623933 0.2118739 
0.67171222 0.57096702 -0.49081996 0.45412132 0.51095062 -0.60919499 0.68783712 0.67068714 -0.3048934 0.45399272 0.58480257 -0.34013861 0.70490348 0.75749087 -0.23857524 0.5716362 0.60719866 -0.09768479 0.52676904 0.67265296 0.00772123 0.39972824 0.66295171 -0.00766182 0.59922123 0.71533793 -0.18524021 0.29401422 0.72087848 -0.27547747 0.46313527 0.80714583 -0.00374978 0.41561988 0.78350985 0.11278722
0.67003125 0.56872398 -0.48523629 0.45396745 0.5041607 -0.60207945 0.69055676 0.6651749 -0.33240232 0.45954898 0.57374066 -0.41734612 0.71142328 0.75683093 -0.28503978 0.60935688 0.58552426 -0.20531407 0.52655536 0.6691488 0.00931188 0.39402199 0.65783566 -0.00926117 0.59908932 0.71289021 -0.25493321 0.29393926 0.72171539 -0.2380162 0.46077269 0.81020439 -0.0732351 0.41507766 0.78327477 0.24473973
0.66887391 0.565602 -0.4790009 0.45377541 0.49943957 -0.57755321 0.69171584 0.66141039 -0.32862294 0.45828003 0.56132758 -0.42623338 0.71389598 0.75230867 -0.29102045 0.62042779 0.56481922 -0.23954923 0.52569383 0.66798532 0.00566038 0.39229459 0.65616453 -0.00559319 0.59301615 0.71219277 -0.2535682 0.29188555 0.7191605 -0.25875887 0.45826277 0.81214923 -0.07976076 0.41489536 0.78424919 0.18721433
0.66455621 0.5606823 -0.45823866 0.4536829 0.49653605 -0.57544231 0.68838412 0.65866023 -0.3228724 0.45510289 0.55455101 -0.43741703 0.70662796 0.7436558 -0.30453777 0.6002602 0.55838597 -0.24106881 0.51393086 0.66821867 0.0062894 0.37693283 0.65641946 -0.00615759 0.58879554 0.69582373 -0.28293538 0.29185826 0.71693403 -0.33872172 0.45181704 0.81108344 -0.08322898 0.41437054 0.79053485 0.08559108
0.6676023 0.56002414 -0.48735014 0.45290932 0.4917894 -0.59595555 0.69250506 0.65691352 -0.33018032 0.42701262 0.54637837 -0.3616046 0.70660895 0.74360025 -0.33454162 0.50615883 0.55946523 -0.12436621 0.51622409 0.66794777 0.00761648 0.3782346 0.65587384 -0.00750365 0.58883315 0.69625819 -0.3310383 0.28785193 0.71648026 -0.35996935 0.45174083 0.81102365 -0.06414335 0.40055493 0.79043168 0.14445822
0.6678955 0.54619735 -0.34274834 0.451828 0.47596893 -0.45678407 0.67077941 0.63346499 -0.24817172 0.38987973 0.5377714 -0.32710356 0.62929678 0.68377727 -0.36029863 0.40011775 0.56912529 -0.24580736 0.50514108 0.67187536 0.01659457 0.36293539 0.6553598 -0.01631504 0.58888561 0.69093156 -0.49598241 0.28411293 0.71051365 -0.58845204 0.44550756 0.81592792 -0.29790154 0.38883272 0.78358424 -0.0542409 
0.68335235 0.53322881 -0.43230906 0.46248898 0.45380217 -0.5005973 0.66920602 0.62036037 -0.34710273 0.3930428 0.51609606 -0.32166332 0.58360016 0.66227716 -0.47834852 0.39205891 0.5688774 -0.24982797 0.51278204 0.65403759 0.01671846 0.36769566 0.63053668 -0.01642745 0.58725733 0.68793392 -0.53801543 0.28160486 0.6996733 -0.61729455 0.44304022 0.81493592 -0.26915154 0.38526016 0.78249371 -0.05335334
0.68399698 0.52242208 -0.430866 0.47086582 0.44207412 -0.50306356 0.62394768 0.61129338 -0.37405053 0.39650255 0.50196832 -0.33475089 0.49963763 0.61703813 -0.47230163 0.40433839 0.5594123 -0.23125079 0.51459718 0.63886166 0.01775639 0.37150529 0.61588854 -0.01757688 0.5726456 0.68716884 -0.4730244 0.27421319 0.68872911 -0.62485015 0.44297102 0.81547463 -0.24813367 0.3841821 0.77597827 -0.06760921
0.66704619 0.51641327 -0.00767577 0.46946579 0.44254512 -0.1726404 0.60059232 0.61448056 -0.0834211 0.38937733 0.51327717 -0.33634174 0.5453012 0.60844338 -0.29624954 0.43700445 0.54190135 -0.51711613 0.48050797 0.64063007 0.07986853 0.35622516 0.6229378 -0.07905959 0.57454866 0.67795974 -0.28183749 0.38496974 0.65889072 -0.64103454 0.4256326 0.81369525 -0.24099341 0.39058739 0.81415546 -0.50890613
0.66770011 0.5085817 -0.15984181 0.47037098 0.44413814 -0.55390233 0.62110656 0.59775287 -0.20076165 0.39277408 0.51271778 -0.65348881 0.56589556 0.61807561 -0.29371136 0.45021772 0.54341483 -0.76723391 0.48248738 0.64125144 0.11323138 0.36001605 0.62528205 -0.11293646 0.55430031 0.68911719 0.30237541 0.44903365 0.6727559 -0.09467892 0.42330176 0.80562824 0.52866411 0.3980507 0.82374674 0.11179953
0.60454237 0.50197667 0.07762215 0.47005612 0.44904688 -0.34641832 0.59859741 0.59177929 0.13643543 0.45604733 0.53089678 -0.53875709 0.57903701 0.61863548 -0.0295346 0.59804624 0.52384591 -0.61049908 0.39764518 0.64914536 0.18573411 0.30368462 0.64514643 -0.18515714 0.55868047 0.68670923 0.2902225 0.50005269 0.67893004 -0.22395846 0.42533666 0.79385084 0.45094365 0.40840316 0.8326298 -0.01112376
0.60034066 0.47730893 0.18054745 0.49954855 0.43527082 -0.21504883 0.58307183 0.55649292 0.20036849 0.45674145 0.49084991 -0.50417054 0.56237978 0.55003393 0.00984209 0.57204705 0.48645717 -0.57920581 0.40309986 0.63951176 0.1712904 0.32134032 0.63535267 -0.17085205 0.53121024 0.68848354 0.22097899 0.50431627 0.68057609 -0.17159779 0.41191569 0.79606348 0.28552675 0.41331133 0.82577473 -0.06278482
0.61527401 0.48691207 0.12226021 0.50524068 0.42279181 -0.11528308 0.54911768 0.56353921 0.07598956 0.45146611 0.44777018 -0.42165682 0.4590987 0.56414771 -0.1109333 0.54935604 0.45413351 -0.62983954 0.42441711 0.63650256 0.13857254 0.33158445 0.62171739 -0.13820001 0.53837651 0.68156153 0.07295864 0.46518868 0.66633224 -0.25265068 0.41224983 0.79617828 0.15931059 0.41311422 0.8192752 -0.1654903 
0.56260842 0.46163875 0.21504733 0.50219065 0.42212123 -0.26694298 0.54421836 0.5399332 0.26384541 0.50817025 0.4529883 -0.51126492 0.50875729 0.5286774 0.09325305 0.60787839 0.44775647 -0.60286599 0.37387654 0.62946725 0.18702547 0.32782614 0.62220436 -0.18653123 0.52684587 0.68281198 0.26050377 0.5110237 0.67199928 -0.21808882 0.4114728 0.79897964 0.33217439 0.41496488 0.82753789 -0.12923664
0.58899266 0.46669608 0.21653581 0.49697074 0.41737089 -0.13050202 0.55053437 0.54874533 0.16717793 0.40924636 0.47029015 -0.30825707 0.48413944 0.53571784 -0.02050385 0.4760268 0.49467894 -0.4458586 0.40376028 0.62644821 0.16604002 0.33113945 0.60945934 -0.16559757 0.52970093 0.67658794 0.2198634 0.48218989 0.65648764 -0.25995073 0.41180143 0.79858339 0.26666117 0.41464213 0.82280129 -0.28296301
0.61333275 0.43721396 0.20258796 0.49736035 0.38138944 -0.10027359 0.56556839 0.52835536 0.15025835 0.39519256 0.43948752 -0.26271176 0.48888928 0.52215344 -0.03681175 0.46234065 0.48785022 -0.39816031 0.43153456 0.59117597 0.15134135 0.35790747 0.57323521 -0.15091114 0.51844501 0.66265798 0.11591023 0.46390235 0.653521 -0.30586776 0.41236323 0.79630989 0.1056127 0.4141143 0.82091045 -0.39248106
0.6591593 0.42716497 -0.07490935 0.50233591 0.35766169 -0.25637755 0.56784898 0.52395725 -0.06285006 0.41359928 0.42816365 -0.29521316 0.46287984 0.52381581 -0.18413803 0.55336666 0.46499211 -0.23950243 0.47396034 0.57320267 0.15073904 0.38025993 0.55672449 -0.15023038 0.52247405 0.6586082 0.17705716 0.45797399 0.65792626 -0.18884036 0.41582781 0.79290813 0.34345114 0.41375422 0.82716823 -0.06225198
0.65759569 0.42057878 0.16679586 0.49173099 0.35477924 -0.20837756 0.60604805 0.51488787 0.0371154 0.36831203 0.43987697 -0.29363477 0.56510359 0.48014909 -0.24565874 0.44124064 0.49244657 -0.32724214 0.47310668 0.57751155 0.16568075 0.36530498 0.55641061 -0.16512041 0.52690709 0.6607374 -0.04375036 0.45334664 0.64293867 -0.40036172 0.41272968 0.80389941 -0.06188701 0.41078359 0.82827348 -0.38774419
0.66850334 0.41637561 -0.01003517 0.49118987 0.34623918 -0.34169614 0.62920856 0.50669116 0.09075379 0.38380945 0.41884565 -0.31593609 0.57923597 0.47484204 0.08968926 0.4557991 0.45038065 -0.17290647 0.47017214 0.57347214 0.15881789 0.36474329 0.55350673 -0.15841751 0.5272631 0.65911603 0.08670042 0.4563354 0.63540936 -0.3553969 0.41337457 0.80221182 0.14362726 0.41020966 0.826249 -0.28346553
0.66579163 0.41077483 -0.06362388 0.49377567 0.3413336 -0.39361805 0.6278891 0.49555284 0.05240323 0.38923413 0.39610296 -0.42935577 0.54852909 0.48295701 -0.02188422 0.4472582 0.44804209 -0.40591848 0.47002497 0.56267935 0.1584162 0.36754301 0.54497713 -0.15813057 0.51944023 0.65802306 0.13027917 0.46107796 0.64098561 -0.28768754 0.41355687 0.80052954 0.2264884 0.40944713 0.82664168 -0.27358752
0.66768605 0.41238001 -0.1790771 0.49576959 0.34075275 -0.425616 0.62637901 0.49331635 -0.01846858 0.39078024 0.38863745 -0.41891593 0.49963289 0.48685229 -0.01559067 0.44886073 0.43493208 -0.31781358 0.47432449 0.56184602 0.15671265 0.37100658 0.54441738 -0.15619387 0.52499008 0.65938783 0.19297084 0.45843083 0.64543152 -0.19149806 0.46610031 0.78736126 0.42616999 0.40877068 0.82643276 -0.0403613 
0.68582749 0.38918531 -0.10320853 0.50262272 0.3196663 -0.40208778 0.63386363 0.48517329 0.04405584 0.39600465 0.37945095 -0.44656128 0.51424247 0.48252541 0.04605513 0.50220025 0.39589319 -0.39714134 0.49217847 0.54575473 0.16429746 0.38380754 0.52588302 -0.16406439 0.53724515 0.65558177 0.18464811 0.47248378 0.63435882 -0.35254085 0.46767226 0.78897071 0.32242483 0.40828794 0.82653648 -0.27092606
0.73024827 0.3692368 -0.21612072 0.50821817 0.29240704 -0.34490764 0.64509875 0.47154346 -0.29048797 0.4099398 0.33710566 -0.53971094 0.49936178 0.48348618 -0.46101955 0.57285839 0.30978408 -0.74585551 0.52625257 0.52910292 0.08366577 0.39643469 0.49592972 -0.08343605 0.52561074 0.6587587 -0.01721217 0.47011346 0.56351227 -0.56789511 0.42985615 0.81215233 0.07605696 0.39376825 0.71916366 -0.29588518
0.71734369 0.35891715 0.17570172 0.50766629 0.29424998 -0.08294326 0.67031395 0.4513692 0.15220867 0.40528643 0.36701056 -0.1689546 0.5186187 0.4631066 -0.00799074 0.5136925 0.38480777 -0.24324982 0.515154 0.52437752 0.10868343 0.39296919 0.49139321 -0.10880044 0.53484416 0.65153915 -0.07860964 0.47762915 0.57702214 -0.53052241 0.41880274 0.81105655 0.01206509 0.39419284 0.76274967 -0.3629247 
0.59803283 0.38154051 0.42921409 0.49109051 0.30408958 -0.00710388 0.6226052 0.45518571 0.60409743 0.42383313 0.39194191 -0.03894423 0.61868143 0.43938386 0.65088075 0.52292591 0.407796 0.13792379 0.42411116 0.53518975 0.17687786 0.36986819 0.50075245 -0.17693941 0.55659592 0.64950186 0.07001119 0.48835748 0.62547666 -0.27896008 0.41998842 0.79451674 0.08114983 0.3974902 0.8148514 -0.33347192
0.56217426 0.38793051 0.3914693 0.4648627 0.35145488 -0.12294792 0.59443593 0.4429546 0.56726635 0.42240497 0.44065174 -0.18567826 0.64685977 0.41005787 0.617724 0.53988862 0.46603173 -0.04777182 0.38402876 0.55948359 0.21053411 0.33676863 0.55428571 -0.21022083 0.55496544 0.65155047 0.18836096 0.51560843 0.66113567 -0.2836616 0.42055774 0.79124755 0.26887363 0.39843243 0.83288288 -0.31246546
0.5382154 0.39245117 0.35864639 0.46918386 0.39347446 -0.34787792 0.56765509 0.44502035 0.44211921 0.45194021 0.46699363 -0.36369929 0.62584096 0.44031823 0.57782555 0.55206603 0.47080141 -0.15862919 0.36652201 0.57761872 0.20852783 0.3235223 0.58291888 -0.2081549 0.54472286 0.64989477 0.29123133 0.50893378 0.67298704 -0.08560771 0.42085251 0.78613025 0.45322499 0.39897397 0.83742154 0.02672329
0.49759719 0.41400054 0.23857309 0.46610287 0.4197422 -0.30359578 0.51453769 0.45628679 0.49496138 0.44567513 0.47477847 -0.41274196 0.60266364 0.44986862 0.67203295 0.54569227 0.46380487 -0.37760842 0.34533882 0.58744079 0.20681481 0.316836 0.58792371 -0.20635165 0.52856535 0.64436603 0.28808212 0.51504964 0.6689027 -0.29467472 0.4187569 0.78282899 0.38877112 0.40585953 0.84076947 -0.38713968
0.52987385 0.43055099 0.33645362 0.4554528 0.42298868 -0.09419932 0.54439354 0.46774226 0.53429073 0.4458417 0.46104735 -0.30201578 0.60339773 0.45009175 0.6604166 0.56447709 0.44217402 -0.32586321 0.36999449 0.59428996 0.20646109 0.32194141 0.58304775 -0.2060117 0.52276337 0.6449725 0.1881375 0.5085814 0.66411442 -0.45012587 0.41592601 0.78333485 0.16714245 0.40791047 0.83906907 -0.71257108
0.52693456 0.42944098 0.24980706 0.45572042 0.41563809 -0.29272121 0.50796473 0.45344692 0.50159317 0.4621554 0.45861325 -0.40049028 0.55823368 0.45147309 0.67040431 0.54257762 0.42696422 -0.3384288 0.37517515 0.58633828 0.20774154 0.3263216 0.57926142 -0.2074323 0.51910001 0.64250571 0.32353127 0.4920699 0.6700024 -0.4552457 0.41681513 0.77669662 0.43824014 0.40498018 0.84061158 -0.616898 
0.51382428 0.40646258 0.24442452 0.49551255 0.4087072 -0.27918136 0.48645297 0.42432296 0.51340145 0.47636002 0.45605832 -0.42605361 0.5505451 0.42315182 0.71555436 0.51691556 0.42791757 -0.41052154 0.37255305 0.56901103 0.21107857 0.35607448 0.57221478 -0.21097361 0.51138008 0.64220554 0.29228249 0.49682277 0.67527062 -0.40537044 0.42193747 0.77179044 0.42230898 0.40354922 0.84070343 -0.55835009
0.52493989 0.3913002 0.19581702 0.49750185 0.4039441 -0.3357698 0.48730198 0.41854772 0.48228177 0.47532648 0.45441574 -0.42025837 0.5366022 0.41180837 0.69979417 0.50497383 0.41560611 -0.16602145 0.37852475 0.55491722 0.20590396 0.36311558 0.56465608 -0.20576927 0.50817174 0.64216614 0.26514199 0.45709735 0.68650818 -0.30957526 0.42159292 0.76895905 0.38891953 0.40330362 0.84161377 -0.5075953 
0.53395802 0.38975608 0.31181806 0.49527684 0.37729532 -0.20028038 0.5049696 0.43251285 0.37318784 0.46156523 0.43005699 -0.39666662 0.54313594 0.41067323 0.26898834 0.50875503 0.38741252 -0.43964675 0.39895478 0.54669416 0.20329039 0.36437842 0.54928058 -0.20309396 0.50449955 0.64244515 0.2291752 0.45343506 0.68258005 -0.385084 0.41361216 0.76941007 0.30378208 0.40331918 0.84138185 -0.60750419
0.50864583 0.38818502 0.49747378 0.51697457 0.37424403 -0.03102 0.49608284 0.4263972 0.73079473 0.51650822 0.41185775 -0.09659187 0.545398 0.39514291 0.89418566 0.55413514 0.36243519 0.03467296 0.39556903 0.53907198 0.20330071 0.37636974 0.53650039 -0.20328405 0.47161657 0.64897448 0.25762352 0.45810443 0.68316245 -0.40025961 0.41428801 0.7739349 0.30099398 0.40339518 0.84193289 -0.73493361
0.53177661 0.38991401 0.57069623 0.5080688 0.35761294 0.09275813 0.48088622 0.45615286 0.59428459 0.41630304 0.39978561 -0.19521452 0.49598619 0.48808846 0.38587108 0.54172111 0.35286632 -0.45137113 0.40246737 0.53640538 0.20026167 0.37618521 0.52997285 -0.2001643 0.47681889 0.64891636 0.09015502 0.45240891 0.68204594 -0.3882238 0.41483128 0.77462035 -0.01114993 0.40552115 0.83829838 -0.65823656
0.53377056 0.37851527 0.46481663 0.50779784 0.34750238 -0.03511269 0.47791442 0.45217389 0.53983796 0.42489812 0.39001837 -0.21064296 0.48852399 0.4775587 0.37825701 0.53955811 0.34389606 -0.44540375 0.4030441 0.52980822 0.19849251 0.37542874 0.5242697 -0.19827002 0.48607579 0.63071334 0.12401729 0.48644143 0.65442771 -0.40596345 0.4286947 0.75453556 0.09847954 0.40566954 0.82916152 -0.66218889
0.53941399 0.37698928 0.4745028 0.48117828 0.34152931 -0.04976916 0.48872799 0.45485964 0.59877354 0.40562272 0.3908909 -0.24541511 0.5019207 0.49286363 0.46004313 0.53460807 0.34082401 -0.49169734 0.41733599 0.532188 0.1980596 0.37515685 0.52499706 -0.1978451 0.48926884 0.6312694 0.15012881 0.49089283 0.65155095 -0.47412091 0.44949272 0.75816578 0.16952549 0.4076767 0.82935673 -0.71030468
0.53939182 0.35349667 0.47001576 0.47244975 0.33462095 -0.04312008 0.49474448 0.42013681 0.5870477 0.41411492 0.37467942 -0.25288337 0.51190323 0.38671216 0.39607504 0.53988707 0.31938118 -0.41515502 0.41894558 0.5264073 0.1959904 0.38674316 0.52139431 -0.19573317 0.47850838 0.63306338 0.26251793 0.46131128 0.66446584 -0.44372779 0.42812961 0.7609846 0.34766877 0.40772483 0.83260691 -0.72786051
0.5371213 0.3637155 0.55513859 0.45522663 0.33621767 0.11043841 0.51959252 0.41125792 0.59902918 0.41425294 0.35804182 -0.11606372 0.5386768 0.34574476 0.54885924 0.51643354 0.30594239 -0.19236086 0.42300171 0.527906 0.17813319 0.39011037 0.52039707 -0.17803618 0.47246999 0.63451308 0.06913942 0.45562452 0.6506083 -0.44241577 0.41072962 0.77465945 -0.04425025 0.40555489 0.823466 -0.72825062
0.54808396 0.34230688 0.48139608 0.46037525 0.32058686 0.01059172 0.51738727 0.42039201 0.52828425 0.38677213 0.35256425 -0.16229384 0.47667757 0.45443612 0.36854577 0.47055107 0.33098498 -0.49550006 0.44219774 0.51901746 0.16657379 0.40665102 0.51248813 -0.16628708 0.47928053 0.63587165 0.00764789 0.43916214 0.65318704 -0.43289974 0.40923697 0.77778226 -0.09251005 0.40416369 0.82611585 -0.70234507
0.54833525 0.33664277 0.45344332 0.46344021 0.31424478 0.00716594 0.50415176 0.41730222 0.52876389 0.37661028 0.34271199 -0.26265016 0.46179584 0.46114436 0.40026066 0.45277798 0.33220354 -0.4945851 0.45339805 0.52078688 0.170174 0.41009018 0.51427823 -0.16991283 0.48232964 0.63638937 0.08304953 0.43936816 0.65377825 -0.43669736 0.40963057 0.78468359 0.05711759 0.40174878 0.83013934 -0.68416393
0.53388518 0.32074413 0.38312876 0.51050216 0.3088499 -0.15453798 0.44021857 0.39020231 0.49306747 0.38548139 0.34721312 -0.35227472 0.42440698 0.45512933 0.42872387 0.46812579 0.33952114 -0.4311963 0.45151082 0.51406384 0.17265835 0.42650309 0.51106566 -0.17230503 0.47717279 0.64787602 0.00705813 0.44434056 0.65470374 -0.398552 0.40617037 0.81169629 -0.09265504 0.40202743 0.83270431 -0.55468649
0.53342235 0.3210822 0.34509566 0.52098137 0.31200126 -0.1528175 0.42063579 0.39192173 0.43737569 0.38560113 0.35524946 -0.1970098 0.43219036 0.4489468 0.40281942 0.45891222 0.36002073 -0.0708333 0.45197999 0.5125742 0.1727419 0.42660686 0.5118683 -0.17234263 0.46114415 0.65003335 0.09813593 0.4509947 0.65491879 -0.32657167 0.40031606 0.80589598 0.0895498 0.40194136 0.83663827 -0.50825739
0.54005396 0.3219009 0.33376276 0.51805407 0.30947739 -0.1510255 0.4252255 0.39061496 0.44671318 0.38427803 0.36350334 -0.13682392 0.43656611 0.4305723 0.40602434 0.4631272 0.35520574 0.06857977 0.46105871 0.51273978 0.17002071 0.42817712 0.5105558 -0.16955547 0.45366052 0.65014637 0.15129128 0.46360308 0.64815086 -0.3461957 0.39975932 0.8092159 0.16405292 0.402199 0.83655816 -0.53935194
0.53841257 0.32321188 0.35033813 0.5217526 0.3106226 -0.14942597 0.40408915 0.38662726 0.45494074 0.3770934 0.36542279 -0.07750107 0.42136121 0.42624855 0.45671907 0.44612461 0.38350481 0.13180304 0.46167147 0.51035303 0.16983579 0.4353539 0.50874931 -0.16944017 0.44934693 0.64458162 0.12626638 0.45975631 0.64889216 -0.35301456 0.40013102 0.80524373 0.09352224 0.40288413 0.83581728 -0.5568977 
0.54254711 0.32437563 0.32601142 0.50677311 0.31314459 -0.15256435 0.42502907 0.39418763 0.41734895 0.3679738 0.38074723 -0.11263497 0.43276146 0.42641613 0.32584062 0.44246429 0.38036349 0.06979685 0.46375534 0.51188099 0.17053476 0.43378955 0.50985444 -0.17014967 0.44884241 0.64480096 0.13435629 0.47981352 0.64766508 -0.29845521 0.39926377 0.81145269 0.14761774 0.40193871 0.83576208 -0.42610031
0.54593563 0.32462564 0.29097375 0.49179891 0.31504625 -0.21785551 0.43658802 0.39775005 0.41785359 0.36512712 0.38513526 -0.14427404 0.44083053 0.43729237 0.31410423 0.43993998 0.41157228 0.02409331 0.47372121 0.51246428 0.18031953 0.43564531 0.51048726 -0.18006526 0.44544864 0.64575207 0.21444827 0.46409649 0.6550802 -0.32206926 0.39921701 0.81774974 0.27841204 0.4028112 0.83477962 -0.44357267
0.53596425 0.32273254 0.31174615 0.49872398 0.31358773 -0.19317041 0.41543335 0.39166003 0.48671767 0.36910567 0.38431031 -0.08584079 0.42782813 0.4241423 0.48897439 0.44608226 0.40081003 0.24573082 0.47069174 0.51180232 0.18867569 0.4394494 0.50948256 -0.18843262 0.45303732 0.65117538 0.17738271 0.46459118 0.65374541 -0.31529132 0.3996709 0.81747687 0.13642272 0.40282398 0.83632678 -0.45240021
0.52304739 0.3213183 0.31753349 0.51066816 0.31451425 -0.18900214 0.41211152 0.38300988 0.48542598 0.3702496 0.3864561 -0.12150602 0.41721681 0.41683772 0.50037909 0.41480333 0.46473446 0.08150443 0.46981299 0.51002091 0.18842226 0.44352904 0.50628179 -0.18816321 0.45355055 0.65127683 0.13851036 0.46451524 0.6517452 -0.32933399 0.40082324 0.81718904 0.09524835 0.40341049 0.83672601 -0.49211261
0.5160253 0.32170638 0.32046014 0.51609254 0.31542623 -0.21235436 0.40176582 0.37973866 0.42460775 0.37415722 0.39950481 -0.14407906 0.4053632 0.4110899 0.41478649 0.42755428 0.49474421 0.0380666 0.46007836 0.50990856 0.19080564 0.44187766 0.50691718 -0.19060893 0.43734393 0.65027893 0.1391464 0.45663851 0.65184635 -0.26575911 0.40110397 0.82113349 0.10618505 0.40348116 0.83738005 -0.37629488
0.51077271 0.32176894 0.33697596 0.52100211 0.31592044 -0.1957701 0.40408343 0.38023326 0.44278356 0.37510803 0.39721176 -0.14834556 0.40344372 0.40753394 0.45514745 0.42749593 0.47792003 0.02504129 0.44875243 0.50766551 0.1925136 0.4416391 0.50473863 -0.19232333 0.43753341 0.6531387 0.13876973 0.4521189 0.65180343 -0.28654608 0.40121874 0.81975138 0.10119204 0.40379655 0.83828062 -0.42954898
0.51489478 0.33057424 0.41860029 0.49364352 0.31466019 -0.11672598 0.47746232 0.42265671 0.49663475 0.37161162 0.39761573 -0.14031917 0.4515374 0.47659722 0.41035128 0.43111762 0.47282413 -0.10650998 0.4487597 0.50838977 0.19237415 0.44022337 0.50440067 -0.19216271 0.44034031 0.65828413 0.08394194 0.4365705 0.65652829 -0.34016716 0.40133539 0.82334638 0.00989198 0.40380976 0.84119254 -0.53993732
0.51597542 0.33291879 0.43390933 0.4943192 0.31484458 -0.1277269 0.4795981 0.42341647 0.53200102 0.37295777 0.40061507 -0.14781886 0.45573401 0.47425467 0.44573951 0.43330869 0.4795118 -0.11781331 0.44384617 0.5083155 0.19789487 0.43971574 0.50410014 -0.1977002 0.44049284 0.65726346 0.09879105 0.43964165 0.65599948 -0.36384568 0.40143839 0.82131523 0.05261863 0.40388262 0.84100825 -0.56503171
0.51708466 0.33290058 0.44562036 0.49776036 0.31497714 -0.09167893 0.44095391 0.40271363 0.56698978 0.37318543 0.39755771 -0.057372 0.41657975 0.42792019 0.59067392 0.43263718 0.46960774 0.11175065 0.43979794 0.50638938 0.19768994 0.43959197 0.50278068 -0.19747175 0.43673307 0.65148282 0.0942285 0.44139454 0.65273815 -0.33805966 0.40147203 0.81566542 0.027752 0.40382674 0.84085506 -0.55087984
0.52696723 0.33441237 0.46421936 0.49711314 0.31532058 -0.02105302 0.45196199 0.40880808 0.58249354 0.37405941 0.37298375 -0.04140887 0.42846802 0.44469315 0.56471926 0.43652046 0.40679792 0.04699607 0.44161162 0.50493127 0.19054809 0.43402579 0.50166744 -0.19045717 0.43788353 0.64368778 0.07003895 0.44224545 0.64808851 -0.33702636 0.40150136 0.81043363 -0.00743433 0.40360177 0.84030235 -0.58001733
0.52663988 0.33433723 0.46594065 0.49847513 0.31538624 -0.04809093 0.45160094 0.40907919 0.58749628 0.37462789 0.37271193 -0.0287726 0.42950702 0.44503212 0.57683176 0.43841922 0.40892652 0.12831469 0.44007659 0.50430161 0.19050382 0.43359596 0.5008347 -0.19040337 0.44544089 0.64117408 0.07963203 0.4427461 0.64400142 -0.33758363 0.40167481 0.80897141 0.01184861 0.40349424 0.84019685 -0.57989705
0.52672285 0.3343344 0.46024674 0.4984228 0.31557113 -0.03122868 0.45318815 0.40814465 0.59473985 0.37538803 0.36560708 -0.02666875 0.43021432 0.4395043 0.60376847 0.44860661 0.37662935 0.12531675 0.4403674 0.50442684 0.19040656 0.43317917 0.50105375 -0.19031522 0.4605476 0.64138508 0.08243349 0.44288093 0.64225805 -0.33170825 0.40215865 0.80874735 0.0140052 0.40334368 0.84003901 -0.5668698 
0.52587205 0.3345277 0.45698822 0.49973494 0.31572911 -0.04270598 0.45368582 0.40793979 0.5840345 0.37521452 0.36625895 -0.00359841 0.43048126 0.44081214 0.59215862 0.44904146 0.39277506 0.18851539 0.44052565 0.50465924 0.19038934 0.43300802 0.50129813 -0.19029357 0.47079787 0.64003217 0.087562 0.44347581 0.64241999 -0.33184573 0.4042373 0.80128586 0.01984352 0.40214169 0.83982271 -0.56487358
0.52598804 0.3326098 0.44176024 0.50026733 0.31572437 -0.05356482 0.45417631 0.40614271 0.57272416 0.37535566 0.3696788 -0.02628676 0.42899534 0.43859687 0.5758943 0.44900212 0.38724577 0.13671052 0.44069001 0.50461429 0.18960658 0.43227401 0.50150234 -0.18950889 0.47184053 0.63830394 0.11734384 0.44394672 0.64292938 -0.30871382 0.40596944 0.79762805 0.07616837 0.40191051 0.83954048 -0.52605224
