0.53696102 0.25614208 0.25221965 0.41342309 0.24280627 0.02508199 0.49039164 0.33472955 0.29596359 0.35798058 0.31044522 0.02807798 0.43759644 0.34877455 0.3018299 0.44142586 0.32599285 0.0862904 0.52024043 0.38223144 0.07663976 0.45798627 0.38174054 -0.0769048 0.52299047 0.49231562 0.05836804 0.44824517 0.45986789 -0.16414498 0.46758205 0.56272054 0.22668605 0.44119042 0.57047141 -0.05631467
0.54844028 0.25400937 -0.01906453 0.39465401 0.2429191 -0.31223574 0.49926645 0.32453659 0.156747 0.35156325 0.31287184 -0.05976646 0.45913944 0.3482188 0.36441928 0.42789385 0.34006321 0.27147266 0.4765048 0.39645407 0.05785328 0.37970969 0.38216683 -0.05815361 0.48692623 0.52527529 0.16396348 0.34144348 0.47234762 -0.11624473 0.47843894 0.57523894 0.61958855 0.32092729 0.60559839 0.06818242
0.56106079 0.26207426 -0.05541976 0.38905659 0.23834981 -0.30412918 0.52904606 0.33311543 0.01695618 0.34406778 0.3150607 -0.24890871 0.46147421 0.34737745 -0.10683855 0.44604677 0.34817234 -0.17325118 0.46649697 0.40433866 0.05111621 0.3579523 0.38490334 -0.05117143 0.48810622 0.53303373 0.11206026 0.32370785 0.51626873 -0.15099204 0.52187002 0.62785733 0.35801834 0.28988445 0.63901401 0.02384144
0.5663386 0.27116618 -0.13737965 0.38971055 0.23771073 -0.38343403 0.4970026 0.32864255 0.02245434 0.33902845 0.31509238 -0.19662638 0.41646048 0.34765443 0.05544389 0.43721116 0.35781586 -0.0950873 0.46669984 0.41139278 0.05361357 0.35544285 0.39046556 -0.05370499 0.48825622 0.53906459 0.12027044 0.31478012 0.52681887 -0.08589064 0.49160627 0.62863451 0.46396095 0.27935827 0.64326781 0.09241408
0.56766927 0.27442929 -0.14588766 0.39185509 0.23494606 -0.32004893 0.51374912 0.33294755 0.06916981 0.33400315 0.30399171 -0.12281436 0.39815274 0.33586985 0.2757158 0.39343828 0.35599917 0.14482889 0.46054125 0.40938732 0.0436175 0.34820187 0.39065412 -0.04391733 0.48866898 0.52918965 0.06968789 0.31426471 0.49768636 -0.40468669 0.52294177 0.61425918 0.38516724 0.2960448 0.63096768 -0.19977063
0.5705663 0.27564546 -0.18627955 0.39304891 0.23420729 -0.36934474 0.5074991 0.33477947 0.07196228 0.3311764 0.29673794 -0.13260891 0.3985036 0.32885152 0.32348207 0.39002991 0.35062391 0.19023846 0.46482056 0.40801579 0.04114398 0.34966204 0.39083391 -0.04147147 0.49037069 0.521676 0.15140991 0.32830822 0.48925638 -0.31507769 0.54601091 0.58370703 0.55594802 0.30392849 0.6283232 -0.13341367
0.58021271 0.27922726 -0.24389501 0.39251783 0.23599233 -0.40225589 0.52452064 0.34034866 0.02205965 0.32978967 0.29906902 -0.14940915 0.42094842 0.33665195 0.26508629 0.38262966 0.35012376 0.17656332 0.46484208 0.41066524 0.03439672 0.34872365 0.39257663 -0.03464882 0.49972686 0.51787078 0.15457679 0.32589072 0.49582681 -0.18244912 0.55092221 0.58345431 0.53679121 0.3123669 0.62356973 0.02803602
0.5924924 0.28579777 -0.32208279 0.38976505 0.23697461 -0.43953142 0.52929312 0.34435606 -0.07711863 0.32643923 0.30108622 -0.18671228 0.4380599 0.35705525 0.13997924 0.37349012 0.35181084 0.10495533 0.46393961 0.41014042 0.03028407 0.3439568 0.39260051 -0.03050159 0.50446171 0.50582492 0.05540416 0.33177066 0.49260437 -0.45326442 0.55299896 0.57917351 0.44889423 0.31920856 0.62071949 -0.25568634
0.59841341 0.29026464 -0.33661667 0.38857019 0.2411117 -0.44470567 0.53471714 0.3462359 -0.0882308 0.32505366 0.30449274 -0.19643471 0.44410264 0.36687791 0.11857343 0.37008277 0.35624009 0.05594395 0.46351841 0.40991548 0.02844743 0.34358448 0.3926318 -0.02866563 0.51230592 0.50646645 0.05562315 0.33181563 0.49454442 -0.43513387 0.55491912 0.57948208 0.41798016 0.29925489 0.62890989 -0.28267023
0.60131764 0.29727697 -0.37789372 0.38665137 0.25029317 -0.47934932 0.53660506 0.35074052 -0.14120102 0.32155442 0.31729072 -0.23217703 0.43478969 0.3676185 0.06795581 0.37157467 0.3581866 0.00087712 0.45809442 0.41257146 0.02962941 0.34104192 0.39588389 -0.02982188 0.51286972 0.50701642 0.05985936 0.33730486 0.50879687 -0.39632332 0.55350357 0.58238727 0.42332616 0.29688206 0.64210403 -0.25736269
0.60318846 0.30336139 -0.36792848 0.38614681 0.25978655 -0.44166932 0.53840941 0.358334 -0.12809008 0.31690338 0.32208115 -0.19469409 0.4391126 0.37543949 0.07076802 0.36401451 0.36066386 0.02311383 0.45847121 0.41780785 0.02924416 0.34078744 0.400002 -0.02952727 0.51767492 0.50836736 -0.07882986 0.33293667 0.50791973 -0.62895304 0.55534714 0.58370692 0.38523719 0.30168727 0.63804537 -0.36096033
0.60411888 0.31084675 -0.37331736 0.38494229 0.26884237 -0.47187343 0.53913903 0.36923549 -0.11021004 0.3157787 0.32944718 -0.20643407 0.44140026 0.3827529 0.07925898 0.36141086 0.36401767 0.02044923 0.45569712 0.42448395 0.02897516 0.33932209 0.40586886 -0.02915959 0.51848799 0.50859839 0.11351684 0.32884049 0.51481932 -0.63252056 0.55377686 0.57945359 0.7479077 0.29687592 0.64903706 -0.45436957
0.60332692 0.31746453 -0.33731928 0.3826195 0.2778101 -0.41659111 0.54028952 0.37207943 -0.04739729 0.31129527 0.33124059 -0.11180389 0.4576627 0.39446089 0.09244291 0.34456918 0.36413974 0.12306871 0.45251137 0.43227568 0.02849014 0.33756036 0.41355464 -0.02864273 0.52407646 0.50804275 0.12575467 0.33326435 0.51348716 -0.75563723 0.55014104 0.57762587 0.76724339 0.29649946 0.64634949 -0.54258335
0.60277194 0.32479444 -0.22500549 0.38325581 0.28178576 -0.33216843 0.53795147 0.38048404 -0.01390364 0.31213394 0.33424404 -0.08207756 0.45100611 0.39126921 0.09476292 0.3578659 0.37100443 0.15456676 0.45017987 0.44293025 0.04183037 0.33674577 0.4243491 -0.04175407 0.54434073 0.50927943 -0.15974462 0.33588305 0.51162922 -0.68604702 0.54937965 0.61644703 0.23168747 0.29677254 0.64697808 -0.40799302
0.60237277 0.3289502 -0.24199928 0.38217029 0.28842673 -0.38980341 0.5328874 0.38814515 -0.02062689 0.31427717 0.35100746 -0.18551669 0.44619927 0.39919186 0.05987711 0.35902932 0.3842594 -0.00419167 0.44984296 0.44792625 0.05070613 0.33688268 0.43031481 -0.05063771 0.55979788 0.51428711 -0.12906344 0.33247617 0.51150763 -0.69984597 0.54658794 0.62871832 0.30942607 0.29741761 0.64495921 -0.39522195
0.60209221 0.33316565 -0.25400165 0.38257784 0.2949402 -0.42047086 0.53198552 0.39519951 -0.08413546 0.3103185 0.36005321 -0.26191971 0.44645146 0.40788665 -0.06729846 0.36821088 0.39709154 -0.13074574 0.44929022 0.44971138 0.05510171 0.33689258 0.43433776 -0.05500946 0.5706408 0.51581836 -0.15942745 0.3302334 0.5239771 -0.59361768 0.54762977 0.62864703 0.22658215 0.29572004 0.6483084 -0.35833102
0.60201436 0.33832645 -0.213855 0.38279805 0.30385077 -0.40913638 0.53302008 0.40010536 -0.0669473 0.31013703 0.36749887 -0.26207653 0.44742084 0.41330561 -0.03061206 0.37371564 0.40576985 -0.1278003 0.44906139 0.4566367 0.06430272 0.33810064 0.44026786 -0.06409232 0.57746035 0.51778281 -0.2494892 0.33192956 0.50819027 -0.71782839 0.5483591 0.63476044 0.07191999 0.29566067 0.64637828 -0.43061909
0.60174996 0.34439045 -0.18778178 0.38299829 0.31115004 -0.38172519 0.53485477 0.40276945 -0.02216868 0.31166106 0.37376979 -0.2335669 0.45101336 0.41869584 0.01183881 0.37529311 0.4144142 -0.10867978 0.44896397 0.46215966 0.06300154 0.33865353 0.44655925 -0.06277901 0.57823539 0.51824272 -0.24357289 0.32366446 0.51185119 -0.70226669 0.55044705 0.63094866 0.10177831 0.28042012 0.64530343 -0.42685109
0.60157287 0.35144049 -0.19634224 0.38384438 0.31817475 -0.39544094 0.53516287 0.41179296 -0.03463862 0.31273791 0.38498461 -0.30108193 0.45768538 0.43161747 -0.06935532 0.3578389 0.43877378 -0.23148644 0.44968313 0.46729383 0.06564297 0.33953118 0.4511604 -0.06530851 0.57883334 0.51908386 -0.36003107 0.3259784 0.50439686 -0.77662575 0.54677474 0.63752836 -0.03478917 0.28111511 0.64284784 -0.48279011
0.60138255 0.35852864 -0.15274978 0.38657722 0.3243691 -0.31463829 0.53745794 0.41504094 -0.03628142 0.31321108 0.38742656 -0.26144385 0.4650141 0.43611962 -0.10439144 0.35193864 0.4443351 -0.18903749 0.45063958 0.4741511 0.06304001 0.34005487 0.45842978 -0.06268056 0.58079314 0.51886803 -0.40304726 0.32764986 0.49312788 -0.79030371 0.5433377 0.63118678 -0.10300808 0.28097621 0.642214 -0.52274162
0.60103124 0.36326563 -0.13965169 0.38894966 0.32993597 -0.33190551 0.53759581 0.42234462 -0.03091202 0.31368923 0.39548936 -0.26936528 0.46872139 0.44001982 -0.09820928 0.3463082 0.4515731 -0.22884716 0.45084944 0.47847176 0.06542297 0.34135401 0.46398595 -0.06494391 0.5829196 0.51844811 -0.44599777 0.32822073 0.49045295 -0.78198743 0.53972834 0.63229406 -0.17331268 0.28414863 0.64182633 -0.50714737
0.60047531 0.36938182 -0.10491011 0.39263046 0.33509853 -0.30923411 0.53480291 0.43228433 -0.08133005 0.31481713 0.39953086 -0.28668037 0.47712752 0.44164267 -0.25345281 0.35089165 0.45539093 -0.28470889 0.45139712 0.48451003 0.06811069 0.34218615 0.47041172 -0.06754571 0.58721542 0.51753873 -0.46686566 0.33433494 0.48894221 -0.76934427 0.54061705 0.63380975 -0.26644871 0.2855539 0.63525379 -0.52897638
0.59963739 0.37512997 -0.08247314 0.39459828 0.34173626 -0.28578278 0.53418195 0.4392795 -0.11971619 0.31517521 0.40723005 -0.28081131 0.5514307 0.43311888 -0.36939082 0.35348082 0.4610005 -0.21231034 0.45423904 0.48840711 0.06775644 0.34547624 0.47483101 -0.06720559 0.59038115 0.51760846 -0.4961454 0.33792323 0.49124622 -0.76301783 0.53174704 0.64217305 -0.25945988 0.28582728 0.63528478 -0.48667219
0.59986883 0.38171729 -0.07836682 0.39860967 0.34723407 -0.26868972 0.53436232 0.44536915 -0.13627067 0.31569412 0.40849215 -0.27454075 0.5204978 0.4504562 -0.40414524 0.3548674 0.45994464 -0.31180647 0.45565033 0.49675906 0.06781928 0.34759372 0.48460123 -0.06726921 0.59372461 0.51779783 -0.49092227 0.34117886 0.4925018 -0.80277395 0.53390801 0.64243942 -0.27498811 0.28760397 0.63860226 -0.58322895
0.60083461 0.38792658 -0.05544161 0.39977708 0.35365599 -0.21909674 0.53351641 0.45151979 -0.07307843 0.31578442 0.41444948 -0.242846 0.46633694 0.463716 -0.39955565 0.36986545 0.46555802 -0.25919321 0.46075246 0.5023458 0.06709938 0.34996715 0.49150607 -0.06642071 0.59714723 0.51853061 -0.52842343 0.34113374 0.49565962 -0.76694977 0.53706008 0.64455003 -0.40106821 0.29520622 0.64102042 -0.57192135
0.60189313 0.39300382 -0.07003882 0.40047798 0.35884389 -0.2328905 0.53624547 0.45539659 -0.1345114 0.31582266 0.4179298 -0.28504217 0.46733761 0.46211258 -0.36583528 0.36950347 0.46426281 -0.38000715 0.46232885 0.50519288 0.0663737 0.35246512 0.49348813 -0.06561308 0.59862477 0.52053559 -0.48336843 0.34281057 0.49997911 -0.75057167 0.53830236 0.64705378 -0.30475453 0.29577887 0.64241451 -0.54293269
0.60347569 0.39803064 -0.06004578 0.40143424 0.36481652 -0.2222847 0.53937405 0.46126091 -0.07963352 0.31658122 0.42309859 -0.2702617 0.50375164 0.47618666 -0.26822096 0.36570078 0.46743587 -0.32335958 0.46779448 0.5090664 0.06389959 0.35715929 0.49731764 -0.06307775 0.60063016 0.52390832 -0.54404724 0.34534833 0.50116134 -0.71030807 0.53887606 0.6477862 -0.38863176 0.30767649 0.63691026 -0.50887203
0.60441428 0.40210372 -0.02465579 0.4033528 0.36992916 -0.1960908 0.54186767 0.46758479 0.02577969 0.31694561 0.42818725 -0.17847347 0.50093347 0.49398914 -0.09109357 0.36255273 0.47471556 -0.19121464 0.46894076 0.5139342 0.06220411 0.36058336 0.50140041 -0.06133276 0.6010235 0.52533942 -0.52156246 0.35002446 0.50095457 -0.69420356 0.53673619 0.64703399 -0.4044027 0.30944747 0.63444263 -0.50707191
0.60492432 0.4064832 -0.0527932 0.40394682 0.37584719 -0.22461075 0.54340279 0.4738149 0.00820483 0.31700447 0.43329492 -0.19252479 0.49996361 0.51056755 -0.08226723 0.34863338 0.49203235 -0.17006248 0.47001931 0.51774681 0.06176332 0.36187664 0.50552231 -0.06090792 0.60215819 0.52589643 -0.49072164 0.3513189 0.50271857 -0.66826701 0.53710008 0.64575303 -0.34885788 0.31280148 0.6302821 -0.45523295
0.6054377 0.41050595 -0.06515755 0.40436882 0.3805829 -0.2371498 0.54413396 0.47707856 0.00623254 0.31772989 0.4343932 -0.18327764 0.49923632 0.51571321 -0.08160574 0.34610784 0.49479866 -0.14173318 0.4722372 0.5210976 0.06092443 0.36434689 0.50823504 -0.0600759 0.60503322 0.52636707 -0.49487999 0.35289064 0.50360477 -0.68111742 0.53817117 0.64290392 -0.34016773 0.31531578 0.62954801 -0.45831102
0.60551494 0.41498315 -0.07067034 0.40517733 0.3856608 -0.2384233 0.54473758 0.47827646 -0.01005684 0.3181774 0.43500724 -0.1912868 0.48130786 0.51306242 -0.09848592 0.33196133 0.48297897 -0.16192268 0.47218439 0.52492136 0.06078149 0.36514437 0.51195693 -0.05996761 0.60857421 0.52624702 -0.48244041 0.35591593 0.50718486 -0.65678215 0.53902602 0.64095455 -0.33015954 0.31932297 0.62865514 -0.44659588
0.60548967 0.41835174 -0.07396555 0.40729377 0.38925898 -0.23217946 0.54565239 0.47891098 -0.01762382 0.31843543 0.43337613 -0.16937341 0.47402191 0.5043568 -0.1102272 0.33232728 0.4782677 -0.130128 0.47200418 0.52778131 0.06067409 0.36644226 0.51453269 -0.0598896 0.61202341 0.52723867 -0.39464638 0.35581341 0.50919688 -0.66297966 0.54625028 0.6373238 -0.2437689 0.32357734 0.62861979 -0.4671559 
0.6056999 0.42190245 -0.09949932 0.40898812 0.39410779 -0.24683724 0.546417 0.48134267 -0.02648376 0.31846142 0.43468407 -0.18298788 0.46766391 0.5033018 -0.11898904 0.33403561 0.47762662 -0.1477806 0.47227862 0.53106529 0.06109041 0.36697289 0.5179708 -0.06036419 0.61536813 0.52868372 -0.37563658 0.35668015 0.5085994 -0.7184251 0.55090517 0.63641995 -0.20078231 0.32144827 0.62630272 -0.50819445
0.60614383 0.42507276 -0.09887539 0.40958822 0.39866048 -0.24176003 0.54728436 0.48145345 -0.02208211 0.31635761 0.44157851 -0.17114435 0.46812931 0.50641513 -0.10392366 0.33580843 0.48956251 -0.11917304 0.47288215 0.53588212 0.06035874 0.36749676 0.52300113 -0.05965835 0.61937529 0.52970737 -0.40091676 0.35653204 0.50842386 -0.73811018 0.55045897 0.63673306 -0.24787784 0.31749928 0.62690008 -0.56602341
0.60675752 0.42928982 -0.03915632 0.41023487 0.40218869 -0.18481426 0.54730219 0.48976341 0.00205199 0.31580374 0.44755232 -0.15568413 0.46717498 0.51038486 -0.08061104 0.3400684 0.49474442 -0.1369597 0.4727073 0.5404343 0.05874747 0.3684504 0.52675474 -0.05807034 0.61826211 0.52954626 -0.40759569 0.35839233 0.50486892 -0.72808373 0.55023026 0.63985854 -0.31779853 0.31435642 0.62422168 -0.57177663
0.6070025 0.43154728 -0.02007598 0.41125208 0.40475222 -0.17929055 0.54893941 0.49213114 -0.00492389 0.31533095 0.4500688 -0.16673443 0.47452438 0.51953775 -0.11912455 0.34092921 0.4946557 -0.18180789 0.47279859 0.54317439 0.05880447 0.36929256 0.52844816 -0.05814319 0.61740601 0.52976179 -0.39714313 0.35846338 0.50445449 -0.73150629 0.5470379 0.64143372 -0.30551007 0.31423211 0.62100899 -0.5785265 
0.60695469 0.4337104 -0.0205378 0.41107973 0.40850762 -0.18744713 0.54753566 0.49812588 0.0459828 0.31527814 0.45592037 -0.13645764 0.48069525 0.533189 -0.02599265 0.34167179 0.49987406 -0.09716112 0.4728353 0.54647309 0.05922378 0.36903194 0.53175205 -0.05862579 0.6183728 0.53088176 -0.39155969 0.35859635 0.5062477 -0.71749383 0.54303879 0.64236253 -0.29631302 0.31437135 0.61998308 -0.57511044
0.60761398 0.43499902 -0.02530847 0.41194159 0.40893996 -0.1960208 0.5477019 0.49734303 0.04331122 0.31593999 0.45307156 -0.14688076 0.48680153 0.52786195 -0.03651709 0.34810057 0.49838373 -0.11459879 0.47382244 0.54644734 0.05910602 0.36907119 0.53182536 -0.05852178 0.61786807 0.53139126 -0.397861 0.35838535 0.5072543 -0.71703482 0.54007131 0.64456362 -0.27830273 0.31430045 0.62099224 -0.52534401
0.60834628 0.43632978 -0.02295512 0.41251314 0.40897503 -0.1975109 0.55407113 0.49862823 0.07474385 0.31701162 0.45264208 -0.14712276 0.49642849 0.52649313 0.02017809 0.36024037 0.49892721 -0.08482473 0.47470161 0.54685074 0.05878238 0.36984119 0.5324198 -0.05822608 0.61751682 0.53128475 -0.39476439 0.35769355 0.50774127 -0.71575665 0.53758621 0.64633828 -0.25668448 0.30963999 0.62225246 -0.49420691
0.6089344 0.43601197 -0.0102112 0.41318023 0.40857571 -0.2014976 0.56343961 0.49996436 0.06622633 0.31877181 0.45331296 -0.15035611 0.5140714 0.5362888 -0.02369075 0.36246595 0.49888653 -0.13465814 0.47591424 0.54821402 0.05887125 0.37082371 0.53405339 -0.05832601 0.617221 0.53139508 -0.41219544 0.35735321 0.50809324 -0.7285881 0.53751755 0.64615929 -0.28857097 0.30968091 0.62436074 -0.53631645
0.60898095 0.4347592 0.02595926 0.41527277 0.40715551 -0.14972322 0.56276327 0.49736601 0.08512896 0.32090428 0.45174113 -0.11663676 0.50700742 0.53150898 -0.00192397 0.36265299 0.49778181 -0.10939258 0.47601986 0.5472554 0.05750986 0.37147215 0.53346997 -0.05699771 0.61762995 0.53132415 -0.41162503 0.35513428 0.50803447 -0.72592664 0.53756833 0.64689434 -0.30840123 0.3119019 0.62596315 -0.55481267
0.60927469 0.43335822 0.01254784 0.41596609 0.40561068 -0.15455662 0.56567109 0.49591142 0.06460286 0.32237357 0.45111233 -0.13197492 0.51039416 0.53092772 -0.02378689 0.35623887 0.49722436 -0.14312787 0.47598791 0.54564655 0.05731799 0.37214652 0.53172016 -0.0568237 0.61754096 0.53139436 -0.37336841 0.35429728 0.50919217 -0.7020883 0.53760231 0.64720446 -0.26307973 0.31534725 0.62635332 -0.53614235
0.61053312 0.43293318 0.00745377 0.41575345 0.40482837 -0.19887012 0.56495708 0.4947232 0.0710517 0.32621321 0.45037901 -0.13819093 0.50691038 0.52866179 -0.00918553 0.35784721 0.49782994 -0.11713681 0.4758642 0.54488462 0.05780878 0.37218332 0.53075516 -0.05732055 0.61552346 0.53244984 -0.38332069 0.35514608 0.51114404 -0.71420699 0.53760082 0.64793491 -0.21486707 0.31712586 0.62663084 -0.4964655 
0.61213291 0.42992198 -0.0496646 0.41561368 0.40417722 -0.22450902 0.56400734 0.49418744 0.06244068 0.32812411 0.44983435 -0.12935498 0.50497693 0.52635002 -0.00602319 0.35868189 0.49939129 -0.05337244 0.47581539 0.54175115 0.05781092 0.37220001 0.52798688 -0.05732294 0.61442327 0.53300542 -0.39450234 0.35706043 0.51184535 -0.72797644 0.53789836 0.64805871 -0.20194878 0.3192713 0.62663949 -0.47233787
0.61243194 0.42433265 -0.06365603 0.41555706 0.40161848 -0.22660343 0.56390721 0.48787433 0.05905558 0.32924953 0.45454681 -0.11665487 0.50390464 0.52321857 0.00337032 0.35856771 0.49857235 -0.01163793 0.47595724 0.53536183 0.05739079 0.37238449 0.52392036 -0.05692792 0.61154288 0.53289783 -0.39867172 0.35992751 0.51178926 -0.72630978 0.5397132 0.6459586 -0.17390457 0.32106131 0.6266638 -0.44075185
0.61237115 0.41942909 -0.08022077 0.41443512 0.39580098 -0.24440728 0.56321651 0.48025152 0.05000601 0.3289924 0.4417243 -0.12363134 0.50507843 0.5151394 -0.00666817 0.35846251 0.4963606 -0.04387131 0.47630179 0.53098363 0.05694525 0.37280732 0.5205937 -0.05649015 0.60591853 0.53224152 -0.42010817 0.36348474 0.51166391 -0.74337918 0.54200947 0.6440208 -0.16371363 0.32477668 0.62636018 -0.44507551
0.61290056 0.41417912 -0.09718376 0.41442233 0.39006186 -0.25444281 0.56317204 0.47460991 0.04917246 0.32781336 0.43044582 -0.12787035 0.52942258 0.49304855 -0.00635673 0.34565434 0.47824153 -0.04661236 0.47676054 0.52597547 0.0564589 0.3733708 0.51494181 -0.05600822 0.60160655 0.53171378 -0.4537439 0.36314178 0.5116263 -0.78343064 0.54217517 0.64415538 -0.18258743 0.32307234 0.62863803 -0.46035993
0.61377537 0.40946335 -0.08788572 0.41434973 0.38524008 -0.24341267 0.56314141 0.470222 0.04694713 0.32740086 0.42806605 -0.12166673 0.53349525 0.48414746 -0.01281462 0.3466641 0.47300041 -0.05385079 0.47763357 0.52160019 0.05590471 0.37385911 0.50965238 -0.05543528 0.60018808 0.53011531 -0.47986507 0.36282271 0.50850499 -0.81487316 0.54395896 0.6439296 -0.23451686 0.31423861 0.63752139 -0.54899913
0.61387116 0.40487239 -0.08953004 0.41432735 0.37919733 -0.24165092 0.56127471 0.46760386 0.02991898 0.32717845 0.42544582 -0.12714705 0.52770925 0.4901205 -0.03703839 0.35146469 0.47604829 -0.0685389 0.47761384 0.51652169 0.05595549 0.37386191 0.50460094 -0.05548996 0.59737891 0.52832884 -0.45854923 0.36365461 0.50458795 -0.80773216 0.54466671 0.64147061 -0.18118608 0.31042325 0.63685566 -0.53053343
0.61385053 0.4023419 -0.04806554 0.41422498 0.37452886 -0.19596702 0.56099069 0.46346518 -0.00967017 0.32671908 0.42112771 -0.13434824 0.52695113 0.47949857 -0.18100344 0.3566131 0.47148654 -0.15349337 0.47834161 0.51287484 0.05749325 0.37436777 0.50008857 -0.05703413 0.59471077 0.52686661 -0.46682325 0.36439493 0.50052291 -0.81728089 0.54510444 0.63776547 -0.21781294 0.30666247 0.63614506 -0.57474351
0.61385715 0.3983652 -0.00791558 0.41313183 0.37018019 -0.14308098 0.55402291 0.46122682 0.00150551 0.32520172 0.41805369 -0.11064291 0.4961957 0.47893709 -0.10899125 0.36434981 0.4693633 -0.13385904 0.47698948 0.50992215 0.05682922 0.37259594 0.49641815 -0.05635729 0.59007871 0.51946688 -0.49509454 0.36420235 0.49372789 -0.81354654 0.54758894 0.63369077 -0.33222565 0.30095291 0.63588971 -0.62603182
0.6138503 0.3953667 -0.02310881 0.41260052 0.36555937 -0.14245281 0.54909724 0.45761245 -0.04197752 0.32519433 0.42201909 -0.13830814 0.47063181 0.47398138 -0.20044014 0.36401013 0.4658913 -0.22633547 0.47695804 0.50750262 0.05462268 0.37194642 0.49452201 -0.05416053 0.58363283 0.51316512 -0.53798836 0.36356372 0.49425179 -0.80305892 0.54749453 0.6347608 -0.36934936 0.29965773 0.63368034 -0.60558587
0.61383528 0.39056319 -0.03575392 0.41223323 0.36121607 -0.15430994 0.54860669 0.44781983 -0.0276816 0.32244194 0.40802065 -0.12729025 0.47254664 0.469464 -0.15786624 0.35945323 0.46334511 -0.17162323 0.47700936 0.50232744 0.05148923 0.37166199 0.48999709 -0.05102314 0.58411485 0.51594299 -0.54072517 0.36056244 0.49322048 -0.80379313 0.54741293 0.63529611 -0.33663344 0.30015028 0.63273978 -0.59272838
0.61325526 0.38628528 -0.07439031 0.41173807 0.35680372 -0.20394912 0.54856396 0.44248587 -0.01437281 0.32053864 0.40128025 -0.11988873 0.47868505 0.46472472 -0.06233596 0.34193882 0.45366248 -0.05855986 0.47585964 0.49732867 0.05057698 0.37071365 0.4845739 -0.05009529 0.58348483 0.5172025 -0.53484207 0.35463306 0.49194887 -0.79426187 0.54731148 0.63709581 -0.33769447 0.3003616 0.63263625 -0.57929516
0.61317486 0.38264096 -0.11384446 0.41143554 0.35263899 -0.23473728 0.54889691 0.43741181 -0.00940378 0.32040915 0.39814055 -0.10382406 0.48384988 0.45436904 -0.03242872 0.334463 0.44592673 -0.00748853 0.47585845 0.49263999 0.04786886 0.3706111 0.47921571 -0.04739177 0.58392769 0.51764816 -0.53546673 0.34698814 0.49325079 -0.78776211 0.5439356 0.64116752 -0.32022667 0.30007613 0.63761592 -0.55421066
0.61218631 0.37854433 -0.13816442 0.41163871 0.34822163 -0.26007703 0.54911065 0.43143973 -0.01521924 0.32025447 0.39170876 -0.11099727 0.48052028 0.45673788 -0.04972845 0.32985935 0.44352445 -0.024 0.47060624 0.48759711 0.04948651 0.36807948 0.47426388 -0.04908657 0.58173811 0.51806206 -0.52421111 0.34712049 0.49713197 -0.75388515 0.54577398 0.63788027 -0.24900399 0.30031788 0.63990098 -0.47781378
0.61161691 0.37497866 -0.16619864 0.41113311 0.3447642 -0.27924412 0.54918623 0.42681175 -0.03822823 0.3201139 0.39278683 -0.12438782 0.48008868 0.44593516 -0.05532295 0.33285132 0.44340384 -0.02245126 0.46863014 0.48442838 0.04962071 0.36682943 0.47109795 -0.04921468 0.58024162 0.51841968 -0.52936918 0.34770438 0.49710992 -0.75211388 0.54570788 0.63808417 -0.24382398 0.29733357 0.63701695 -0.44172364
0.61121529 0.37281954 -0.15517703 0.41009626 0.340969 -0.29342932 0.54933292 0.42499247 -0.03890442 0.32003835 0.39166149 -0.16315386 0.48177055 0.44884256 -0.09656166 0.33248869 0.44088629 -0.06926459 0.46870852 0.48181906 0.05118855 0.36689848 0.46916476 -0.05072994 0.57839745 0.51747906 -0.53125638 0.34720346 0.49507329 -0.76124859 0.54698646 0.63758117 -0.23468737 0.29790601 0.63543755 -0.4654887 
0.61014235 0.36936167 -0.1716605 0.40930626 0.33711228 -0.31433788 0.5491879 0.4223395 -0.04778984 0.32004818 0.3880702 -0.17600644 0.48049951 0.44721258 -0.09423995 0.33239859 0.43746406 -0.06978766 0.46729875 0.47796404 0.05253007 0.36263794 0.46301177 -0.05205882 0.57465154 0.5147177 -0.52660638 0.34754527 0.49440357 -0.76815075 0.54682207 0.63675022 -0.22581501 0.29541185 0.63041246 -0.47136742
0.60960901 0.36506495 -0.20141494 0.40826795 0.33376297 -0.33157244 0.54696459 0.41677821 -0.05970266 0.32096156 0.38451293 -0.16667178 0.47538096 0.44191214 -0.06980035 0.33840141 0.43663493 -0.00747273 0.46632329 0.47279069 0.05252139 0.35965103 0.45747069 -0.05205467 0.57108289 0.51329273 -0.51431328 0.34600863 0.49456406 -0.77617139 0.54661179 0.63404787 -0.1726343 0.29585278 0.62759644 -0.44809797
0.60939842 0.36147958 -0.20485884 0.40783376 0.32940456 -0.32189259 0.54414713 0.41205752 -0.04941453 0.32295126 0.37425372 -0.13785523 0.4713842 0.43695265 -0.00388787 0.34351051 0.4264555 0.06598751 0.46396303 0.4669379 0.05232463 0.35706121 0.45147017 -0.05189617 0.56859529 0.5135625 -0.51414871 0.34124693 0.49472091 -0.75394213 0.54567993 0.63417274 -0.19732524 0.29588476 0.62786919 -0.42991069
0.60930711 0.3570182 -0.22599058 0.40716144 0.32513896 -0.3347877 0.54238003 0.40784562 -0.04871871 0.32502332 0.37419182 -0.14296453 0.46295264 0.43127838 0.03812408 0.35090104 0.42453301 0.03889203 0.46329308 0.46260229 0.04947354 0.35563883 0.44653079 -0.04911064 0.56230807 0.51304173 -0.51677603 0.33797222 0.49479505 -0.74503827 0.5408392 0.63318008 -0.1963336 0.29616216 0.62813586 -0.38344696
0.60898113 0.35195437 -0.21651615 0.40733474 0.31954163 -0.33156779 0.54246372 0.39787778 -0.03894031 0.3267369 0.36266616 -0.1474257 0.46249148 0.42402875 0.07107572 0.35946929 0.41669291 0.02221112 0.46280774 0.45864221 0.04863704 0.354752 0.44293326 -0.0483585 0.55893761 0.5132215 -0.44164395 0.33253241 0.50521481 -0.70866495 0.54095334 0.62943959 -0.12834626 0.29561263 0.63149667 -0.3847163 
0.60808456 0.34751558 -0.2329096 0.40662232 0.3135047 -0.36396077 0.54418015 0.39242741 -0.04537027 0.32711798 0.35586268 -0.18830992 0.46413559 0.42017666 0.06285692 0.35886237 0.41023973 0.00932775 0.46091685 0.45346478 0.04948681 0.35218954 0.43693009 -0.04925493 0.55645812 0.51344264 -0.4543308 0.33107835 0.50406867 -0.68854499 0.53973848 0.62967908 -0.13031508 0.29583651 0.63134253 -0.38942477
0.60638726 0.34264463 -0.24878563 0.4065612 0.30627048 -0.37649569 0.54420722 0.38788268 -0.06093196 0.32708296 0.34685859 -0.20127182 0.46289727 0.41436115 0.04610664 0.35995111 0.40085933 -0.00760198 0.45911005 0.44950488 0.04941111 0.35096976 0.43291739 -0.04919756 0.5534274 0.51360333 -0.32096183 0.33212051 0.50494796 -0.6624698 0.54215986 0.62990665 -0.09100658 0.29587525 0.63412291 -0.40593737
0.60552394 0.33724496 -0.24400833 0.40641674 0.3005721 -0.39512694 0.54432213 0.38257459 -0.05588621 0.32701632 0.34090808 -0.21552721 0.46362594 0.41342974 0.04917419 0.35906723 0.39635411 -0.02861957 0.45810127 0.44585317 0.05006212 0.34996313 0.42966002 -0.04988566 0.54960418 0.51292187 -0.30834988 0.32770318 0.50768757 -0.68902206 0.54427505 0.62974846 -0.06436839 0.29599673 0.63668549 -0.45312074
0.60425562 0.33268028 -0.22697753 0.405999 0.29403865 -0.39140519 0.53522003 0.38102439 -0.02327695 0.32699203 0.33726934 -0.21916972 0.46433687 0.41043133 0.079056 0.35913983 0.39381364 -0.03187133 0.45290703 0.44258657 0.0549711 0.34717953 0.42555177 -0.05484142 0.54594177 0.50939703 -0.30534732 0.32339016 0.50914931 -0.66845143 0.54538316 0.6267944 -0.0857674 0.29326078 0.63786995 -0.45119959
0.60402465 0.32777607 -0.19700642 0.40571633 0.28541166 -0.37831411 0.53553635 0.37891418 0.00198986 0.32551441 0.32680929 -0.20466664 0.47346783 0.40637997 0.05538004 0.3512547 0.3818903 -0.08480438 0.45347303 0.4391163 0.05571248 0.34657156 0.42074203 -0.05557603 0.54372269 0.50823951 -0.26344517 0.32131645 0.50845617 -0.68371207 0.54223669 0.62726563 -0.03938688 0.29156289 0.63743663 -0.49839252
0.60404921 0.32146597 -0.22219777 0.40629619 0.27963811 -0.36469048 0.53618759 0.36964908 -0.00130482 0.32327738 0.31395826 -0.19547942 0.47565827 0.39888743 0.09460573 0.34699607 0.36885035 -0.07569733 0.45385453 0.4310779 0.05250953 0.34659818 0.41120014 -0.05241053 0.54423267 0.50874341 -0.12980728 0.32481357 0.49930045 -0.69837594 0.5443846 0.62197578 0.21028335 0.29241696 0.63621807 -0.5663411 
0.60385484 0.31544605 -0.23331197 0.40630218 0.27382341 -0.37476963 0.53495675 0.36759111 0.0008976 0.32206258 0.30786169 -0.20760849 0.47270605 0.39353979 0.11518505 0.34703586 0.36375192 -0.09326028 0.45199966 0.42528597 0.05252885 0.34584752 0.40600166 -0.05243116 0.54296929 0.50526321 -0.12183689 0.32955208 0.49429217 -0.71911854 0.54272902 0.60177082 0.22521572 0.29548261 0.63356668 -0.56365758
0.60377222 0.30763382 -0.28577027 0.40626833 0.26737851 -0.39652839 0.53496015 0.35923705 -0.06588566 0.32220644 0.30995527 -0.20505728 0.46272925 0.38479105 0.0932744 0.35338661 0.36429781 -0.07544931 0.45092636 0.4188084 0.04842139 0.34487778 0.39838398 -0.04830562 0.53805608 0.50510222 -0.22419576 0.32962 0.49137565 -0.69986796 0.54453152 0.60977 0.05943586 0.29571548 0.63261515 -0.53118223
0.60260934 0.30037478 -0.26174954 0.4060944 0.2598556 -0.36270657 0.53380561 0.35378236 -0.05701228 0.32415524 0.30880392 -0.16580738 0.45296246 0.37850958 0.07829994 0.35833633 0.36118448 -0.03306935 0.45137039 0.41561523 0.04675428 0.34471998 0.3947874 -0.04667873 0.53399497 0.50569218 -0.14246799 0.33092406 0.48573023 -0.69132525 0.54454899 0.59990782 0.15916339 0.30003208 0.6308738 -0.5327751 
0.60144633 0.29409942 -0.27543399 0.40051177 0.25200069 -0.37172902 0.53045493 0.3509827 -0.06288625 0.32545331 0.31012672 -0.16964567 0.44502944 0.37133455 0.08722425 0.3656292 0.35578546 0.00280001 0.45168409 0.41129935 0.03950845 0.34358656 0.39186361 -0.03960469 0.5259589 0.50491107 -0.08400208 0.33393386 0.48436454 -0.59020054 0.55005425 0.5871309 0.24816544 0.30540642 0.62690741 -0.40167516
0.60064876 0.28787276 -0.26124018 0.39696681 0.24447688 -0.35876295 0.5257647 0.34709215 -0.05546294 0.32735655 0.30774704 -0.16102283 0.4440136 0.3668265 0.08515596 0.37474751 0.35245582 0.01254428 0.45353067 0.40921164 0.03679936 0.34354937 0.3911401 -0.03692854 0.51993972 0.50518382 -0.06451114 0.33746406 0.48577741 -0.60379922 0.5513373 0.5821321 0.31317139 0.30931148 0.62604827 -0.41982913
0.59838337 0.28104666 -0.13467579 0.39439359 0.23746239 -0.3580192 0.52264613 0.34120592 0.08182676 0.32808018 0.30819991 -0.20394731 0.44684947 0.35738456 0.18969268 0.37474087 0.34747216 -0.05030203 0.45865822 0.40881345 0.05396672 0.3437452 0.39208937 -0.05407503 0.51021886 0.49918821 -0.03292994 0.33991817 0.48692381 -0.61949527 0.544765 0.56598818 0.26139456 0.31739753 0.62765282 -0.60171449
0.59477293 0.27519658 -0.12744422 0.39190516 0.23226219 -0.33029297 0.51932472 0.33878425 0.033888 0.32821408 0.30398577 -0.21639957 0.44851059 0.34869179 0.04732732 0.38519269 0.3343102 -0.09798197 0.46074218 0.40293214 0.05361555 0.34544936 0.38746697 -0.05370403 0.50809675 0.49931392 -0.01989135 0.34170371 0.48689434 -0.58659494 0.54400599 0.57863861 0.31534675 0.31568554 0.62764192 -0.53693652
0.59341508 0.26825714 0.00769679 0.39026833 0.22664282 -0.27405027 0.52103001 0.33171657 0.09715086 0.32848844 0.29976609 -0.21168637 0.44864562 0.33799341 0.05198954 0.39146358 0.32704461 -0.08621672 0.46303657 0.40147918 0.07774939 0.34805784 0.38815227 -0.07742713 0.49276885 0.47930595 -0.3978208 0.34449926 0.48584086 -0.48503253 0.53585851 0.57958925 -0.5757938 0.32459375 0.62647629 -0.58114135
5.91593683e-01 2.65702873e-01 -4.82119955e-02 3.90910149e-01 2.23477274e-01 -2.57182568e-01 5.12376428e-01 3.23746383e-01 6.91687465e-02 3.34382772e-01 2.97630727e-01 -1.49077907e-01 4.50279921e-01 3.30096126e-01 5.49381711e-02 4.07919645e-01 3.17951053e-01 3.86172498e-04 4.64470208e-01 4.02517319e-01 7.50981942e-02 3.51879895e-01 3.90545726e-01 -7.47162178e-02 4.91281360e-01 4.92282301e-01 4.92174141e-02 3.35250378e-01 5.08561075e-01 -2.23973721e-01 5.23165464e-01 6.01078272e-01 3.08424622e-01 3.13805819e-01 6.41679525e-01 -1.26175821e-01
0.59079927 0.2655271 -0.01654446 0.39145154 0.2211342 -0.20453323 0.51434684 0.32202879 0.08627427 0.3376449 0.29478267 -0.06036611 0.45639393 0.33040392 0.0679759 0.4132649 0.31687266 0.13468842 0.46546763 0.4045884 0.07473175 0.35610402 0.39217943 -0.07442816 0.49338329 0.51932418 -0.00646336 0.33134925 0.51623207 -0.13082474 0.5246588 0.61898816 0.27316326 0.30895296 0.64048165 0.05967987
0.59049177 0.26506791 -0.04245199 0.39154407 0.21953957 -0.22526908 0.51062167 0.31899035 0.09623043 0.33852088 0.29488927 -0.07415629 0.45724958 0.33031708 0.13926207 0.40827236 0.31806472 0.12467458 0.46548247 0.40327063 0.06635042 0.36049584 0.39234161 -0.06613297 0.48561558 0.52022946 -0.03098984 0.33153814 0.52127236 -0.08906349 0.51758665 0.63581747 0.23407723 0.30474412 0.63919616 0.11377927
0.59025264 0.26435292 -0.04791737 0.39186075 0.21882732 -0.21814381 0.50786209 0.31942189 0.1016841 0.33885375 0.29464853 -0.05507766 0.45728749 0.33728907 0.160189 0.41424206 0.32345968 0.15955585 0.46561956 0.40369192 0.05805704 0.36324936 0.39260831 -0.05783074 0.47730052 0.51912934 0.03647131 0.32986471 0.52501482 -0.08896225 0.49691513 0.61653006 0.37373781 0.30469531 0.63872427 0.06675959
0.58953786 0.26417223 -0.0667743 0.39358488 0.21861592 -0.23811255 0.49521884 0.31819186 0.12818423 0.33888113 0.29098734 -0.07026213 0.45015219 0.33248731 0.2716715 0.40921316 0.32392409 0.185469 0.46463567 0.40357092 0.05706819 0.36807334 0.39297193 -0.05690042 0.47731087 0.52038211 0.01292728 0.33006477 0.52032501 0.01476433 0.50505787 0.58612096 0.42218417 0.30354035 0.6080817 0.35973337
0.58905327 0.26472601 -0.07289422 0.39379916 0.21925738 -0.27786794 0.49305472 0.31840691 0.11806522 0.3391062 0.29364169 -0.0892268 0.44775781 0.334948 0.24705192 0.40645793 0.32503265 0.16862871 0.46467379 0.40377939 0.05499209 0.36853957 0.39301834 -0.05488741 0.47839016 0.52096874 -0.00633435 0.32912672 0.51381916 0.01683453 0.50893545 0.57982504 0.43930581 0.30341393 0.60025102 0.40250805
0.58914763 0.26451769 -0.05260771 0.39385408 0.21975613 -0.24149549 0.49424133 0.3201991 0.11353187 0.33887303 0.29508647 -0.07467772 0.44739467 0.33327919 0.20294967 0.40534759 0.32441646 0.14402898 0.46694782 0.40338197 0.05065762 0.36767337 0.39188108 -0.05068085 0.47947994 0.52130818 -0.02157236 0.32445961 0.50272828 -0.13523607 0.51123083 0.58454615 0.41004145 0.30362758 0.60211784 0.18133216
0.58921951 0.2643638 -0.06147713 0.39388549 0.21991593 -0.23909485 0.49481291 0.32116857 0.11410289 0.33761668 0.29459769 -0.04898585 0.44455346 0.33050907 0.23474512 0.40449643 0.32411098 0.19705394 0.46890998 0.40280449 0.04460364 0.36710578 0.39094988 -0.04468879 0.4811151 0.52163202 -0.02787661 0.32338482 0.50142235 -0.14300655 0.51261109 0.5862661 0.37937269 0.30349869 0.60524553 0.12615159
0.58933145 0.26407674 -0.11539575 0.39411056 0.22024089 -0.27923381 0.49748912 0.32147124 0.10625874 0.3370336 0.29520857 -0.05626198 0.43130955 0.32619685 0.25011167 0.40413234 0.32512569 0.16439973 0.46961749 0.4020485 0.04142683 0.36714098 0.39032382 -0.04149786 0.48168832 0.52147883 -0.00522444 0.32388449 0.49988571 -0.09952012 0.51347148 0.57847583 0.42635721 0.30351365 0.60177386 0.197492 
0.58931255 0.2640678 -0.13654836 0.39478445 0.22071522 -0.31656075 0.49657807 0.32061988 0.10442132 0.33719414 0.29555553 -0.09896149 0.42612886 0.32005814 0.24863967 0.40341011 0.32459557 0.15140705 0.46953297 0.40139961 0.04187036 0.36825114 0.39036486 -0.04192856 0.48193562 0.52208638 0.00903769 0.32497817 0.50007147 -0.07672085 0.5110541 0.58171219 0.45001528 0.30385122 0.60285443 0.2445347 
0.58928573 0.26347449 -0.15668938 0.39492622 0.22090693 -0.34176001 0.49801692 0.32088101 0.10786241 0.33684078 0.295899 -0.11956113 0.42412078 0.32269755 0.31461295 0.40137264 0.32391644 0.15335639 0.46998644 0.4011119 0.04218556 0.36824846 0.39019144 -0.04223728 0.48194721 0.52257854 -0.00670828 0.32816058 0.49630269 -0.04670854 0.51370406 0.59364551 0.40374509 0.3046447 0.6025852 0.3345229 
0.59003603 0.26345271 -0.18918063 0.39496574 0.22116786 -0.36641896 0.50401855 0.32229611 0.10568519 0.33607498 0.29674053 -0.13666786 0.42513499 0.32417947 0.337109 0.39845303 0.32421762 0.14901814 0.47089165 0.40072122 0.04241046 0.36827564 0.38990214 -0.04244856 0.48211512 0.52254647 -0.00178162 0.3296586 0.49683577 -0.06511603 0.51533765 0.59967232 0.3954691 0.30484885 0.60390788 0.27675304
0.59092391 0.26317534 -0.19034913 0.39499035 0.22134739 -0.37660867 0.50796884 0.32357463 0.10360819 0.33549982 0.29740143 -0.14213739 0.42673504 0.32493794 0.33401203 0.39788842 0.32462302 0.15221739 0.47186792 0.40030295 0.04319807 0.36822027 0.3895292 -0.04329744 0.48191589 0.52217644 0.02960986 0.33372352 0.49241331 -0.0954304 0.51183683 0.59913707 0.44892329 0.30480397 0.6049602 0.22293502
