0.424025 0.30373409 0.54896712 0.38268754 0.28129828 0.25271961 0.45491406 0.34303159 0.44165918 0.40916866 0.2573199 0.18147114 0.4563975 0.34224242 0.19039194 0.44409052 0.23516469 0.47874695 0.35658744 0.43780941 0.1007644 0.34729579 0.43324026 -0.10079728 0.28340033 0.55583352 0.04854018 0.32535926 0.55894029 -0.20351167 0.23521094 0.67965317 -0.11434948 0.30658573 0.69329584 -0.42061153
0.33534682 0.28711995 0.3742514 0.41423222 0.26330081 -0.08889242 0.271521 0.34284237 0.44806829 0.45242384 0.26187015 -0.43559048 0.2922278 0.39611724 0.45627749 0.47153303 0.23948859 -0.58364761 0.24295762 0.43255222 0.14650196 0.30853239 0.43243113 -0.14685242 0.23145078 0.56483513 0.07921191 0.34460858 0.57374388 -0.16162768 0.21844736 0.70782882 0.03009733 0.36267358 0.7253471 -0.30212441
0.36449477 0.2846531 0.25264701 0.40927789 0.2646558 -0.19891818 0.30112103 0.33521074 0.40138611 0.46840292 0.25269237 -0.4696424 0.29849404 0.38106936 0.44867051 0.47543216 0.23311524 -0.4790611 0.24498387 0.43232062 0.14726971 0.29865906 0.43169224 -0.14758 0.22985274 0.57207763 0.07267652 0.34688312 0.58256328 -0.11117347 0.2128409 0.71760017 0.03339652 0.36304808 0.73436999 -0.1671591 
0.35933539 0.27823493 0.20026819 0.42471746 0.26218072 -0.20816506 0.29718906 0.33293071 0.35343346 0.48889419 0.2417112 -0.46983188 0.29004222 0.37698829 0.40219414 0.47669819 0.23145057 -0.46005744 0.23813917 0.43193766 0.14782026 0.307899 0.4326517 -0.14809324 0.23206545 0.57468784 0.15034662 0.35694551 0.58968598 -0.08477022 0.21276653 0.7116307 0.18309519 0.36775583 0.73835528 -0.11953869
0.3767361 0.27804723 0.24388967 0.43392414 0.25292239 -0.19712719 0.31600931 0.33618042 0.40628055 0.47227126 0.25313634 -0.48729977 0.30319929 0.3827346 0.46324673 0.48013389 0.23094296 -0.55875307 0.24838203 0.43022507 0.16377783 0.30378574 0.4324134 -0.1637758 0.23992199 0.56762183 0.15959921 0.35783258 0.58197588 -0.08672068 0.21554503 0.70292777 0.18147629 0.36293387 0.73061061 -0.19121844
0.38450888 0.27963316 0.28644091 0.43594825 0.2548044 -0.19112983 0.32798469 0.34475592 0.42543691 0.46313044 0.25863788 -0.4676905 0.30570996 0.39409906 0.42356548 0.48190346 0.22921348 -0.51700598 0.25869644 0.43011543 0.16364489 0.31296894 0.43360233 -0.16362981 0.24034147 0.56872147 0.16648553 0.35595402 0.58519304 -0.11027997 0.21583658 0.70608997 0.20497672 0.3598136 0.72883064 -0.19062027
0.38364956 0.27744445 0.27153996 0.44269103 0.25607401 -0.20572814 0.31283173 0.34456405 0.42201951 0.47584674 0.26044929 -0.47398791 0.29708076 0.38384971 0.45245647 0.48764712 0.22782536 -0.5028255 0.2558662 0.43033144 0.16240837 0.31578186 0.43597367 -0.16239189 0.23975731 0.57287806 0.13943993 0.35925114 0.58919334 -0.11538385 0.21471855 0.70730323 0.15651499 0.35908571 0.72991908 -0.14917418
0.386657 0.27665541 0.27227247 0.44533238 0.25429767 -0.22180785 0.31018403 0.34259251 0.42193583 0.48172206 0.26068869 -0.49811643 0.29727468 0.38043061 0.45433736 0.4916597 0.22704916 -0.54155689 0.25645897 0.43032643 0.16599649 0.31112275 0.4356066 -0.16593772 0.24699761 0.57029778 0.13689944 0.36092949 0.58550042 -0.12601104 0.21933006 0.70698643 0.1526667 0.35908127 0.72840899 -0.16708012
0.3840524 0.27784455 0.30952451 0.44166586 0.25503761 -0.20593315 0.30986378 0.34334406 0.45636746 0.47660008 0.26095685 -0.47857264 0.29741892 0.37842697 0.49160382 0.49297464 0.22838877 -0.52309936 0.2515586 0.4304271 0.17408118 0.30383867 0.43531898 -0.17399652 0.2446447 0.57029414 0.16438068 0.35725459 0.58580184 -0.16608275 0.22127293 0.70783925 0.19610061 0.35757369 0.73053843 -0.25564972
0.39508429 0.27846465 0.32929179 0.42851371 0.25602293 -0.19860949 0.3249459 0.34508827 0.45809892 0.46405849 0.2633149 -0.46864861 0.30281484 0.37603107 0.4501088 0.49307472 0.22669582 -0.50045455 0.2577838 0.43041462 0.17354167 0.29478404 0.43527094 -0.17341487 0.24476683 0.57066661 0.18224294 0.33308348 0.55719942 -0.24447566 0.22140981 0.70434451 0.22210982 0.35782233 0.7270385 -0.32734388
0.37648839 0.27689412 0.32393342 0.43201968 0.25639468 -0.19927585 0.30428538 0.34521592 0.46699998 0.47446895 0.26556632 -0.46611875 0.30042091 0.36668676 0.52938801 0.49178869 0.22707623 -0.45330232 0.24223664 0.4298473 0.1723797 0.30364284 0.43500406 -0.17229407 0.23583047 0.57064718 0.16479258 0.34841177 0.58234918 -0.17022061 0.22000276 0.70353484 0.19351895 0.36058313 0.73185635 -0.20957084
0.37054792 0.27641097 0.2825354 0.43592638 0.25613424 -0.20515139 0.29541522 0.34492126 0.43876737 0.48575944 0.26570243 -0.46040308 0.2982561 0.36673525 0.52640241 0.49285793 0.22768609 -0.45561737 0.22939681 0.42933664 0.16816713 0.30180219 0.43475863 -0.16816202 0.23186478 0.57074583 0.17003331 0.35336003 0.58852279 -0.09515695 0.21693909 0.7031669 0.17978339 0.36039001 0.7321313 -0.14575455
0.37793833 0.27685341 0.33454698 0.43324104 0.25656974 -0.19672906 0.31336808 0.34995133 0.44019634 0.45973226 0.27067199 -0.45340234 0.29767424 0.36791354 0.44981629 0.4864859 0.22820979 -0.49001047 0.23417287 0.42918146 0.16902147 0.29114664 0.4346678 -0.16897787 0.22860579 0.57045627 0.1431503 0.33588976 0.56840384 -0.11186319 0.21362421 0.70458114 0.14814247 0.35910445 0.73278242 -0.16571271
0.38331762 0.27725559 0.387326 0.42039064 0.26141959 -0.17699368 0.32706428 0.35134861 0.54507077 0.43681926 0.27868232 -0.45109996 0.30622649 0.37332827 0.56423187 0.48369712 0.2284698 -0.53167272 0.23258404 0.42999923 0.17073274 0.27392209 0.43343633 -0.17062578 0.22420353 0.5702129 0.20692715 0.32966441 0.56221986 -0.15174027 0.20806713 0.70388043 0.26542577 0.36023226 0.73150283 -0.22091648
0.37172216 0.2775605 0.37583897 0.42312914 0.26369584 -0.16516635 0.32031003 0.34385693 0.51496553 0.44415122 0.27782539 -0.42895097 0.29967624 0.37308931 0.53832746 0.48602974 0.2329983 -0.52626759 0.22812168 0.42984262 0.17295387 0.2789976 0.43338543 -0.1729141 0.22671999 0.56982249 0.16329482 0.32430574 0.5595724 -0.14441219 0.20201312 0.70804459 0.15182808 0.36080378 0.73279107 -0.22223862
0.37789461 0.28229246 0.43499878 0.42005765 0.26419973 -0.12512368 0.32354707 0.35754523 0.54612172 0.42224792 0.289799 -0.3200357 0.3013891 0.36993721 0.54751205 0.47742864 0.23941514 -0.32279587 0.2311181 0.4298279 0.17575382 0.27165252 0.43179363 -0.17564522 0.22785933 0.56959784 0.1263666 0.31105009 0.55591702 -0.18544824 0.20870401 0.70747203 0.09085824 0.35159609 0.73214656 -0.29553691
0.37153456 0.2827135 0.43019974 0.42259473 0.26496688 -0.10383704 0.32148129 0.35536483 0.55626518 0.43654007 0.29269457 -0.19745541 0.30593106 0.35433263 0.61400735 0.4794116 0.26185837 -0.010771 0.22537202 0.42940718 0.1775032 0.26939422 0.4297941 -0.17746964 0.22630769 0.56936544 0.07616104 0.30862227 0.55415112 -0.17915274 0.2114331 0.70848262 -0.00528234 0.34628341 0.73175877 -0.28474161
0.40599927 0.29623249 0.54446608 0.40357411 0.26545766 -0.00303581 0.34953526 0.36489898 0.66668499 0.38505027 0.29069111 -0.23647448 0.31870487 0.36540216 0.65911734 0.47108191 0.25594807 -0.26435095 0.22810964 0.43047041 0.18005504 0.24301879 0.42103997 -0.1799385 0.22442059 0.56805521 0.08186101 0.3082079 0.54428232 -0.21952248 0.21307465 0.70832938 0.00869102 0.34581208 0.73099172 -0.36938429
0.40475214 0.29633814 0.55290824 0.39775175 0.26709852 0.00748987 0.3719393 0.35506755 0.68129128 0.38745204 0.29644397 -0.13611411 0.38456154 0.32390842 0.7351079 0.47282073 0.25343263 -0.05558594 0.2335441 0.43227941 0.18064632 0.23840137 0.42010134 -0.18054143 0.22531141 0.56753063 0.03128037 0.30192509 0.53862959 -0.20487989 0.21582267 0.70785701 -0.12296904 0.32248715 0.71898282 -0.34015435
0.40420058 0.29511791 0.5771023 0.39946368 0.27240834 0.03026319 0.36567307 0.35155103 0.72575372 0.39129606 0.30904824 -0.1059833 0.37360007 0.32183322 0.80786175 0.47363418 0.25470498 -0.03624333 0.2364727 0.43418425 0.18018289 0.23875546 0.42107484 -0.18007706 0.22700825 0.56849033 0.01408784 0.28860655 0.54265201 -0.20997633 0.24609296 0.7132991 -0.13633232 0.30157939 0.7185843 -0.3475439 
0.41408142 0.29682925 0.58145267 0.39195347 0.27166957 0.06158666 0.38368896 0.35141554 0.7153973 0.38307536 0.30753967 -0.08322017 0.4236196 0.30981213 0.79949951 0.47464955 0.25432959 -0.02258282 0.23818509 0.43434101 0.17524903 0.2334179 0.419184 -0.17515069 0.22708488 0.56842166 -0.00397409 0.287424 0.54439014 -0.20258044 0.26270863 0.71712434 -0.1510839 0.28175107 0.71176648 -0.33099973
0.41180727 0.29601231 0.59592575 0.38980374 0.27103665 0.05832148 0.37936848 0.34843096 0.76468819 0.38161552 0.30881628 -0.09982108 0.43373799 0.30153969 0.89613861 0.47528738 0.25603846 -0.04894 0.23256011 0.43010062 0.17484781 0.22651659 0.41444394 -0.17473271 0.22799797 0.56601626 -0.0072559 0.28728986 0.54109967 -0.2106844 0.27082011 0.71719795 -0.15798473 0.28106949 0.71141142 -0.36488429
0.42545345 0.29764682 0.71192962 0.3737745 0.26654261 0.19782807 0.40040889 0.34900397 0.83847076 0.3790772 0.3077282 0.04799776 0.45151713 0.29346243 0.94385928 0.47528946 0.25539091 0.13515761 0.24542855 0.42952523 0.16881143 0.21535848 0.41020995 -0.16861261 0.28477153 0.5691151 -0.08100448 0.25812724 0.53916138 -0.33117431 0.32118797 0.72361338 -0.30700934 0.22852576 0.69878757 -0.53573644
0.42203578 0.30095303 0.72005343 0.37677714 0.26679099 0.21024089 0.4031294 0.34239587 0.88180655 0.37819168 0.30699074 0.05275188 0.45116413 0.29037002 1.04275429 0.47313681 0.25461814 0.13498987 0.24248025 0.42856455 0.16693832 0.2140584 0.40905201 -0.16676643 0.27535188 0.57308489 -0.04647357 0.27208862 0.53770024 -0.30457217 0.29666668 0.72258252 -0.24523403 0.25572148 0.69817275 -0.49787292
0.42005584 0.30522636 0.65884179 0.37775624 0.2684263 0.15054049 0.40341374 0.34089002 0.85911906 0.3772825 0.30762082 0.05885539 0.4554379 0.28217322 1.06145048 0.47332072 0.25452414 0.22129592 0.23573323 0.42901573 0.1666116 0.20914257 0.41073412 -0.16647381 0.2720502 0.57281488 -0.0283445 0.27990264 0.52670074 -0.28895697 0.28905895 0.72129315 -0.21141562 0.26781461 0.68944365 -0.47249541
0.41819301 0.30638549 0.63793474 0.37789622 0.26706466 0.13179663 0.39777657 0.34735444 0.83018446 0.37661338 0.3070465 0.04476101 0.46342525 0.28705218 0.99653184 0.47343275 0.2547611 0.17650627 0.23573138 0.43261045 0.17367813 0.20424278 0.41118446 -0.17358474 0.26854032 0.5664987 0.03688725 0.31038001 0.51693368 -0.27162331 0.25308388 0.699588 -0.09423764 0.30766901 0.69523424 -0.43673632
0.40759024 0.30507189 0.43666977 0.39095664 0.28181428 0.00916206 0.4096064 0.33908796 0.67788738 0.41659459 0.31048286 0.01240569 0.46505594 0.27931023 0.86918074 0.47535416 0.25594923 0.26152399 0.22176419 0.43936551 0.16856746 0.20909102 0.42061219 -0.16854508 0.24150151 0.56121212 0.22031309 0.34675184 0.55514878 -0.19185884 0.22329918 0.69469887 0.24680334 0.34457588 0.71574467 -0.33957776
0.37892684 0.29823968 0.41502175 0.40530455 0.29488057 -0.03917931 0.38262436 0.31629837 0.64880532 0.41994816 0.3128863 -0.07200191 0.42191389 0.28641182 0.80138576 0.47993672 0.26819459 0.21882217 0.20460078 0.44280738 0.1694438 0.21114215 0.42784405 -0.16950473 0.23788045 0.55767006 0.13786638 0.36569163 0.55743843 -0.12314185 0.21260358 0.69740367 0.09261927 0.36283797 0.72355807 -0.22381964
0.38399825 0.3002544 0.47781283 0.40214694 0.29517835 -0.04414762 0.37039959 0.32349253 0.74189073 0.40227458 0.32110491 -0.12845951 0.41977364 0.29062322 0.92167574 0.47872686 0.26787016 0.0121965 0.20295982 0.44775245 0.18995492 0.21302202 0.43064278 -0.18988647 0.25015506 0.55506474 0.15881449 0.36555403 0.54727155 -0.16244686 0.22120002 0.69924873 0.13549721 0.36235103 0.72857219 -0.25936073
0.37473312 0.29952267 0.48864293 0.4022668 0.29520735 -0.1101189 0.3213222 0.33222148 0.81606203 0.39269182 0.32660344 -0.28968769 0.32678652 0.32559633 1.00531065 0.47936893 0.27159992 -0.25445315 0.19001953 0.44573739 0.20780909 0.21191797 0.43331134 -0.2076104 0.26389748 0.55563569 0.14176451 0.37405547 0.5458445 -0.15979345 0.22284834 0.70001525 0.12658115 0.36098826 0.727669 -0.2144081 
0.37427285 0.29947373 0.50044268 0.40307909 0.29868057 -0.13337985 0.32011923 0.32994875 0.82986504 0.39353359 0.32435635 -0.24001341 0.35643381 0.3206476 0.98825276 0.47936419 0.28133854 -0.10442155 0.19069554 0.44733346 0.22703189 0.20758006 0.44206637 -0.22681284 0.30359513 0.55642521 0.13697563 0.38002598 0.54476953 -0.16713111 0.25230151 0.69716895 0.11724593 0.36695144 0.72942048 -0.22796296
0.37500989 0.30810222 0.50605154 0.40252122 0.31167758 -0.1460547 0.33292228 0.3401325 0.83421552 0.40941334 0.33117419 -0.19643541 0.35892001 0.31713355 0.9983387 0.48012024 0.28438136 0.08999338 0.19103093 0.45312473 0.22938484 0.1994272 0.44745976 -0.22918274 0.3260904 0.55740619 0.17123903 0.383082 0.5465039 -0.1936368 0.28772709 0.69798297 0.17774284 0.36982465 0.72922021 -0.24448237
0.38944626 0.31127557 0.48341867 0.39906111 0.31098858 -0.16578856 0.36729136 0.33556807 0.82260495 0.40910378 0.33777541 -0.32155272 0.4306666 0.31203228 0.97202373 0.4801448 0.29151386 -0.22906792 0.19426629 0.45569468 0.23254164 0.192958 0.44965228 -0.23221079 0.35462192 0.55979866 0.15088661 0.38000703 0.54753023 -0.24984832 0.29742828 0.69829613 0.13311085 0.36517614 0.7283873 -0.27527365
0.39511997 0.32040986 0.46561933 0.38996354 0.31289372 -0.1610976 0.37864396 0.34736431 0.79464537 0.40872759 0.34008044 -0.30945116 0.45510831 0.30961859 0.95584321 0.48012462 0.29532829 -0.21373662 0.19591409 0.46213293 0.22931033 0.18805197 0.45105189 -0.22896899 0.3286722 0.56449711 0.14844579 0.38011795 0.54860801 -0.27209926 0.26454553 0.69984764 0.13684703 0.36361325 0.72725689 -0.32987118
0.39887443 0.3322781 0.4652034 0.38772076 0.32478756 -0.14957292 0.41581425 0.34871152 0.78894007 0.4347131 0.35719708 -0.25660869 0.46574286 0.30938151 0.9586013 0.48803791 0.30297667 -0.08902434 0.20015313 0.464542 0.23191738 0.18482053 0.4578689 -0.23159771 0.38035062 0.56689131 0.10629486 0.37834126 0.56657499 -0.31775644 0.30298576 0.70231986 0.06146459 0.36495346 0.73084766 -0.39186406
0.40224609 0.34603065 0.45641473 0.38207337 0.3290796 -0.13475764 0.40915695 0.37353393 0.75792003 0.43364319 0.35959068 -0.27931646 0.45727208 0.31914276 0.95388114 0.48658735 0.31028083 -0.19924809 0.20286137 0.47036073 0.22454646 0.18301193 0.4619377 -0.22407456 0.38858393 0.56675076 0.0436266 0.37833291 0.55221361 -0.36371747 0.33543289 0.70337778 -0.05356253 0.36276904 0.72778702 -0.47122219
0.40529069 0.35469347 0.46607924 0.39326 0.33976141 -0.06695588 0.40251282 0.39290091 0.74879742 0.40998855 0.37671176 -0.17774618 0.45952365 0.33360952 0.94073331 0.48021325 0.31927356 -0.05986121 0.20025431 0.47798494 0.21262598 0.18842511 0.46883684 -0.21234363 0.36681467 0.57125455 0.14652088 0.39899826 0.56406093 -0.31994456 0.31643274 0.70265359 0.11106663 0.36649254 0.72750354 -0.43873096
0.40091962 0.35281646 0.4733215 0.40075967 0.34919903 -0.0721923 0.39823046 0.39515778 0.74695593 0.41869539 0.38737139 -0.14847554 0.45537597 0.34072578 0.94643724 0.47872117 0.32734594 0.04612538 0.19405219 0.47901788 0.20932214 0.20202036 0.47738048 -0.2092042 0.32733563 0.57439929 0.31433046 0.43032601 0.5636369 -0.31252661 0.27649778 0.69557709 0.3731465 0.37637901 0.72513252 -0.41901305
0.3982105 0.35994291 0.5072065 0.40068331 0.35045809 -0.06244433 0.37275174 0.39911687 0.74954087 0.40746161 0.38718498 -0.15470031 0.45228842 0.35615852 0.93268156 0.47677442 0.33580789 0.01096428 0.18923764 0.48361477 0.20648392 0.20158306 0.4777928 -0.20641074 0.33062381 0.57343739 0.20842157 0.42562357 0.56343198 -0.31675205 0.27660057 0.69619429 0.12079942 0.37600464 0.72476715 -0.41681224
0.39694062 0.38527381 0.50572425 0.38930818 0.36058584 -0.05560568 0.37325129 0.43055937 0.75532424 0.39686891 0.3958157 -0.1665353 0.45350617 0.3660382 0.94196457 0.47373107 0.33649641 -0.05139602 0.19075999 0.50137222 0.20461218 0.19369084 0.48420945 -0.20457289 0.3670491 0.58014995 0.11428639 0.42556614 0.55607611 -0.30832422 0.29926968 0.70001656 0.01590104 0.37900272 0.71977574 -0.36338362
0.38864326 0.38701382 0.46534166 0.38796031 0.36633047 -0.02101988 0.37681448 0.42506239 0.68751472 0.40559989 0.40411985 -0.07617476 0.44661257 0.370855 0.86841089 0.47034508 0.34263057 0.11416375 0.18750885 0.50303429 0.18197195 0.19419123 0.48819968 -0.18209928 0.35810816 0.58182502 0.17862396 0.43707132 0.56677902 -0.2986365 0.25054088 0.69708979 0.13279347 0.37899432 0.71982253 -0.36720318
0.36290783 0.37599188 0.46624565 0.40866557 0.37172273 -0.0243075 0.34711152 0.42513078 0.73617721 0.40229192 0.41233301 -0.09578041 0.41066384 0.38369673 0.96268004 0.47060716 0.35841218 0.14159006 0.17731309 0.50101173 0.18564977 0.19980493 0.5006507 -0.1857419 0.35449308 0.58119845 0.24263467 0.44676512 0.56574816 -0.27559537 0.25458202 0.68437231 0.20027129 0.37978795 0.71891534 -0.36140981
0.35815412 0.3770625 0.47706378 0.41454643 0.37957436 -0.05748077 0.33673584 0.42001206 0.78274447 0.40261385 0.4153468 -0.11836461 0.41217315 0.38260323 1.02819908 0.47088689 0.36428744 0.11030577 0.17269363 0.5060519 0.18660273 0.20216298 0.51020437 -0.18699919 0.35395166 0.586326 0.31252363 0.45245421 0.56735611 -0.28769991 0.24502371 0.68468469 0.32604799 0.38138407 0.72036171 -0.35948917
0.34607887 0.37614325 0.45211855 0.42655504 0.38455212 -0.10990255 0.28756309 0.41985115 0.76566416 0.39511931 0.42490864 -0.14421038 0.33771974 0.38961241 0.99733526 0.47082949 0.37892705 0.06961199 0.16934046 0.50785774 0.18624629 0.20827501 0.51682031 -0.18654062 0.33634645 0.58929127 0.26005375 0.45273423 0.58575284 -0.17929162 0.23662651 0.68698281 0.2346718 0.38230669 0.72463638 -0.18854019
0.34817675 0.38465035 0.45552856 0.42140043 0.38772053 -0.1033515 0.31460488 0.43334863 0.76487327 0.39347374 0.43166444 -0.1407686 0.3713575 0.39823052 0.98772931 0.47039643 0.38295037 0.06543428 0.16842772 0.51406449 0.18805695 0.20930284 0.5210349 -0.18827762 0.33684474 0.58791953 0.2728686 0.44737402 0.57942009 -0.22014406 0.24222353 0.6891858 0.24912915 0.38184395 0.72726291 -0.26893532
0.34667677 0.39879763 0.45007491 0.4130398 0.39500171 -0.06758966 0.30565777 0.45115697 0.70005453 0.39222878 0.43273261 -0.12227751 0.34396783 0.41822258 0.92736346 0.46728793 0.38602546 0.05691038 0.16979204 0.52388859 0.16901384 0.20965956 0.52599293 -0.16917062 0.34890303 0.58741105 0.25425118 0.44366971 0.58394331 -0.23521897 0.24359635 0.69031006 0.21216914 0.38167828 0.72810388 -0.36965993
0.33909065 0.40765303 0.4427247 0.41115782 0.3991558 -0.04546041 0.31551126 0.45680878 0.65136355 0.41460901 0.44417578 -0.0932648 0.3607502 0.41937426 0.86738867 0.46698922 0.38729927 0.08055878 0.16655569 0.529055 0.16624205 0.20998317 0.53025711 -0.16650313 0.35196942 0.58773679 0.24901272 0.44612962 0.58285135 -0.24146132 0.24543567 0.69420582 0.17459677 0.38229269 0.72789657 -0.38499936
0.3246026 0.41108459 0.44540018 0.40948474 0.4046239 -0.01808151 0.31354606 0.46143284 0.62998217 0.42102575 0.45521697 -0.04726253 0.35779867 0.42221782 0.8367188 0.46718362 0.40107545 0.16798657 0.16049616 0.53053588 0.15921456 0.21230185 0.53105801 -0.15959844 0.34234297 0.58694041 0.27616355 0.4446941 0.57443279 -0.21349891 0.24646881 0.69762689 0.0774035 0.38140538 0.7275821 -0.45515791
0.34226087 0.42749035 0.44108272 0.39076427 0.40468931 -0.01311623 0.35741758 0.46696398 0.60241973 0.4198125 0.44879201 -0.07419625 0.4170453 0.41439322 0.73052657 0.46652263 0.39604589 0.00154509 0.18122461 0.53919226 0.16478926 0.20682527 0.52835399 -0.16506115 0.36332706 0.58909565 0.0880897 0.43914875 0.56602383 -0.33590817 0.25626096 0.70735204 -0.05802693 0.37122083 0.72686356 -0.48975813
0.3560302 0.42560291 0.44378418 0.38162243 0.40722343 -0.01881179 0.35612646 0.4665992 0.63157129 0.40943035 0.45254406 -0.08579037 0.4190855 0.41657716 0.76884413 0.46107292 0.39831635 0.02483865 0.20034409 0.53743804 0.16771014 0.20558381 0.52646911 -0.16795316 0.37967446 0.58895999 0.04925388 0.42753956 0.56362522 -0.37083066 0.26646614 0.706065 -0.11710943 0.34343478 0.72637844 -0.54384816
0.35567665 0.42464408 0.50713623 0.38932279 0.41776669 0.0042332 0.33882377 0.47088283 0.62381035 0.44340286 0.45308065 -0.13176 0.33335605 0.4656921 0.64944726 0.52206308 0.41732699 -0.10023851 0.20141266 0.5382576 0.16859616 0.20987415 0.53177482 -0.1688149 0.3753404 0.58891046 0.08031715 0.42329174 0.56295866 -0.33301246 0.26411706 0.70778269 -0.12859868 0.34824529 0.7251814 -0.54969066
0.32786861 0.43532598 0.44196391 0.39056525 0.42821071 0.09107712 0.32057151 0.46843711 0.53423709 0.44618499 0.45552844 0.09983614 0.352974 0.43969068 0.62095731 0.48682541 0.40837258 0.30122343 0.18755899 0.54567224 0.14894678 0.21144718 0.53961027 -0.1498163 0.37159234 0.58856845 0.08266281 0.42474174 0.56448483 -0.18373202 0.25447476 0.70721686 -0.10186114 0.36495024 0.72539878 -0.44971502
0.31941673 0.45375773 0.39614463 0.3545123 0.43276823 0.09971822 0.32094294 0.47761613 0.47472242 0.40255675 0.45084679 0.10241439 0.37387213 0.43110597 0.51202339 0.47240111 0.40293926 0.28464505 0.18166254 0.55366248 0.14158493 0.19118454 0.54217923 -0.14231421 0.37932655 0.5887242 0.06061451 0.4240886 0.56293273 -0.22266838 0.29936671 0.71697164 -0.14607786 0.3504982 0.72547925 -0.4468745 
0.324637 0.43772405 0.39964715 0.40733194 0.43498245 0.053021 0.27765906 0.47302872 0.55375433 0.43124643 0.47497579 0.13824652 0.31310478 0.45442665 0.70641983 0.47885871 0.42893472 0.4704873 0.16086535 0.54726219 0.14128937 0.20864365 0.55022162 -0.14214298 0.34842354 0.57132518 0.35446832 0.43491846 0.56789362 -0.16744898 0.26446739 0.70458966 0.13372211 0.3702192 0.72630751 -0.45139569
0.32739118 0.43758312 0.41585928 0.41148502 0.43609908 0.06274816 0.25854099 0.47873399 0.57281095 0.43104044 0.48309523 0.10854465 0.28585353 0.46280563 0.71255845 0.47801289 0.42161009 0.35021344 0.16333203 0.55548459 0.13694024 0.209015 0.55532986 -0.1377933 0.34847686 0.57098109 0.3446188 0.43758503 0.56783873 -0.12282977 0.25284049 0.70119828 0.08514836 0.37246251 0.72629386 -0.45909321
0.33135977 0.44857854 0.46118855 0.39193073 0.43591309 0.0507954 0.27898768 0.49376968 0.63860595 0.41239366 0.48317286 0.05469491 0.31621158 0.45819008 0.81144494 0.470613 0.42188856 0.20966282 0.16535681 0.56531739 0.14012809 0.19176616 0.55773056 -0.14104043 0.40229839 0.57091081 0.24681883 0.43633935 0.56291687 -0.15817803 0.27133533 0.70261663 -0.04144927 0.35763106 0.72634572 -0.52056772
0.35535666 0.4494676 0.48770186 0.38644138 0.43601081 -0.02959828 0.33493415 0.50103372 0.67131788 0.4094907 0.4811078 -0.04463333 0.38295391 0.45648432 0.83302486 0.46762386 0.42676944 0.2094256 0.17281416 0.56512958 0.15651454 0.18452038 0.55531877 -0.1567484 0.40366158 0.5715012 0.21486896 0.42211321 0.5613991 -0.28064778 0.28037378 0.70456684 -0.01836479 0.34452194 0.72293037 -0.55116606
0.36328691 0.44959557 0.47859102 0.36869025 0.43559328 -0.08025867 0.36286831 0.50338691 0.66501468 0.40963751 0.48772228 -0.05071486 0.4150514 0.45712093 0.80759329 0.46692985 0.43219253 0.2951948 0.17498209 0.56667775 0.17114255 0.16660222 0.55868107 -0.17122462 0.41562501 0.57266277 0.15204579 0.40834945 0.56067407 -0.30724081 0.30160019 0.70733202 -0.01414705 0.33539981 0.72194415 -0.52631521
0.37332132 0.47036844 0.47330105 0.35331541 0.44233876 -0.07096846 0.36694464 0.52125436 0.4551948 0.37800345 0.49225083 -0.18359283 0.4370805 0.47073644 0.32062638 0.45964023 0.4429369 -0.08908802 0.17523034 0.5802235 0.17111796 0.15703547 0.55939567 -0.17115887 0.42854461 0.57749593 0.06040661 0.393958 0.55535012 -0.35447067 0.33446798 0.71784741 -0.14198975 0.32639557 0.7113443 -0.5451237 
0.37620088 0.47794399 0.48330715 0.35437468 0.4509612 -0.04958108 0.36603773 0.52952635 0.53172213 0.37152159 0.49775302 -0.15967797 0.43434313 0.4769963 0.51297426 0.4599621 0.44237229 -0.06692196 0.17606741 0.58561558 0.16748706 0.15406483 0.5663327 -0.16740045 0.42764291 0.59769064 0.04112471 0.38950923 0.55254638 -0.32228443 0.34300527 0.72155124 -0.18720092 0.31085789 0.70313555 -0.52045506
0.352862 0.49946254 0.48331147 0.34157023 0.45678121 -0.00568702 0.36064333 0.53966469 0.5133754 0.37333015 0.49456567 -0.11500757 0.43674102 0.48605075 0.44657698 0.46065971 0.43717691 -0.02378407 0.16503049 0.59071904 0.16393487 0.15156797 0.56766993 -0.16385356 0.4237355 0.60653251 0.04920699 0.39540854 0.56067103 -0.2699073 0.30949026 0.72020251 -0.19794352 0.31558195 0.7245605 -0.5139479 
0.35852513 0.48177868 0.39925268 0.34997606 0.45862308 -0.22518036 0.35727152 0.52340674 0.56203502 0.36808854 0.50993925 -0.30855179 0.43903717 0.47749403 0.67906016 0.46302927 0.45860904 -0.1177203 0.1647298 0.5829761 0.19453308 0.15235476 0.57495183 -0.19425537 0.39961427 0.60034519 0.23966098 0.41888264 0.56985241 -0.25154993 0.29557618 0.71061432 0.29337028 0.32194403 0.73234504 -0.20318 
0.36509761 0.47340128 0.37973982 0.35419536 0.46197388 -0.21092907 0.35701302 0.5230127 0.45373404 0.36803901 0.51642722 -0.27614138 0.43457696 0.47691402 0.40578139 0.47210389 0.46825811 -0.06521021 0.16576043 0.58200753 0.19704883 0.1550671 0.57870752 -0.1969008 0.40053037 0.5980413 0.21065064 0.43971679 0.57514125 -0.22606723 0.29488036 0.70814711 0.2268129 0.33346334 0.73770261 -0.14069468
0.37095582 0.47194082 0.4056699 0.35682821 0.46430108 -0.1815986 0.35560471 0.52416217 0.47995842 0.36941987 0.51716775 -0.21075006 0.4309606 0.47786093 0.52456355 0.47585109 0.4705106 0.04046728 0.1681572 0.58318603 0.19987912 0.15638028 0.58019817 -0.19976057 0.42358315 0.59247863 0.19521855 0.44386125 0.575104 -0.23711412 0.2930949 0.70801604 0.18879576 0.34123632 0.73961645 -0.21626182
0.37434918 0.47178108 0.45865291 0.35806996 0.46240327 -0.14712024 0.35154924 0.52735966 0.64046371 0.36131701 0.51801533 -0.25597838 0.41392466 0.48756307 0.73818254 0.47631085 0.46929422 -0.11494998 0.17169932 0.58776444 0.19942103 0.15599757 0.57998157 -0.19933406 0.42166874 0.59871459 0.13903841 0.44186684 0.57345235 -0.23833197 0.29862279 0.71099776 0.05897794 0.34062138 0.73685074 -0.28180122
0.36939514 0.47011253 0.48592964 0.3588846 0.46244192 -0.13118422 0.32155842 0.52384484 0.6940015 0.35640165 0.51575911 -0.27620125 0.35960191 0.48576277 0.8447898 0.4733682 0.46818289 -0.19681433 0.16751963 0.58503467 0.202998 0.15484333 0.57856125 -0.20286648 0.40777704 0.5978725 0.15449423 0.44176415 0.57284719 -0.24324045 0.29574499 0.71001953 0.0748915 0.34236103 0.73913276 -0.29454014
0.36886403 0.47047371 0.47706428 0.35988384 0.46172526 -0.1674064 0.3179422 0.52822334 0.6530661 0.36024714 0.51232851 -0.40558642 0.33216068 0.51719147 0.76793605 0.46608669 0.46793875 -0.43305066 0.16788904 0.58328968 0.2014892 0.15289578 0.5774501 -0.20132583 0.40599579 0.5995692 0.1543297 0.43969452 0.57232445 -0.24564371 0.29455546 0.710186 0.09405097 0.35098675 0.73718399 -0.25595766
0.37505329 0.47186568 0.47314268 0.35949773 0.46019188 -0.12256879 0.33983922 0.52674681 0.49082708 0.3524282 0.51207078 -0.31764999 0.40647152 0.51364964 0.40746614 0.46343791 0.46548945 -0.21252069 0.17284407 0.58225715 0.20094568 0.15398377 0.57640976 -0.20077971 0.41479796 0.60615116 0.10177291 0.43958873 0.56996286 -0.27982002 0.30274686 0.71934891 -0.05582266 0.34123707 0.72924262 -0.38183817
0.38109657 0.47268963 0.47457919 0.35962725 0.45934933 -0.09325443 0.359074 0.52806139 0.42444921 0.35362932 0.50534004 -0.27524427 0.42125461 0.49351725 0.26866937 0.45812696 0.46073914 -0.18005376 0.18050638 0.58194834 0.20038745 0.15414082 0.57555294 -0.20032151 0.43125376 0.59841454 0.0832789 0.4320631 0.56811219 -0.29962245 0.3210496 0.71994722 -0.11325409 0.32900625 0.72688687 -0.43174276
0.3738648 0.46969768 0.47437885 0.35864905 0.44815689 -0.06360875 0.35664177 0.51976544 0.54267269 0.35597536 0.4963122 -0.19559924 0.42084268 0.4801904 0.60512161 0.4523837 0.45421094 -0.07986956 0.1800333 0.57717317 0.19488338 0.16335501 0.56817824 -0.19486532 0.42914069 0.5844357 0.09969404 0.43395969 0.56856138 -0.29080132 0.32453322 0.71147209 -0.04461959 0.33348954 0.72894865 -0.39868954
0.37368152 0.46937609 0.47978237 0.36240685 0.4438774 -0.0273695 0.3548601 0.50995475 0.54314464 0.35466781 0.48106879 -0.18580478 0.4266699 0.46987861 0.57679594 0.44471458 0.44230095 -0.12928487 0.18284671 0.57542491 0.18613529 0.16687743 0.5623244 -0.18618034 0.43529803 0.5833661 0.08911731 0.43262604 0.56789339 -0.28704199 0.32538065 0.70956665 -0.08666687 0.33426967 0.72802204 -0.40584889
0.37302187 0.46929803 0.46311173 0.36293057 0.4404152 -0.01689915 0.36367881 0.50830477 0.49823168 0.35568383 0.46860015 -0.16278635 0.43271303 0.46500582 0.4660174 0.44174695 0.43206897 -0.10751813 0.18485431 0.57466817 0.17592838 0.16714896 0.55732524 -0.17607234 0.4315061 0.58419138 0.05894211 0.41492656 0.56249052 -0.30414405 0.333848 0.71035379 -0.12679011 0.32736549 0.71924424 -0.4305189 
0.33619002 0.4741748 0.50264102 0.36294007 0.44132906 0.03161051 0.34499747 0.50855309 0.66728628 0.36344844 0.45742184 -0.15111035 0.40919247 0.4647069 0.80285448 0.44010603 0.42470855 -0.17938392 0.16904791 0.57546896 0.17420445 0.17055099 0.55782956 -0.17441572 0.39191073 0.59411907 0.14170024 0.41804922 0.56365418 -0.21852715 0.30473143 0.71202195 -0.05828506 0.35947603 0.72147632 -0.39106271
0.26740757 0.47899944 0.40539312 0.35424069 0.45012584 0.04664123 0.32445347 0.5038895 0.51821005 0.41256517 0.45308146 -0.00396132 0.4023048 0.46281835 0.72905564 0.44222614 0.4211542 0.06662315 0.133552 0.57547563 0.1567836 0.17519692 0.55809051 -0.15767491 0.36471441 0.60019267 0.25553969 0.42369816 0.56864154 -0.08484792 0.26205015 0.7101447 0.05185653 0.36672783 0.7227419 -0.27365819
0.29069951 0.48062387 0.41841203 0.32709378 0.44624421 0.06166924 0.32626906 0.5019626 0.51844299 0.40753734 0.45385087 -0.00527647 0.40479219 0.45682237 0.57074231 0.44248173 0.41799101 0.10008024 0.1443096 0.57476979 0.16005857 0.17187545 0.55505902 -0.16069163 0.37029999 0.59158826 0.10327808 0.41985914 0.56844592 -0.25625679 0.27967089 0.71675211 -0.10219412 0.33583072 0.72597301 -0.45085248
0.27081826 0.47492486 0.4227511 0.3353228 0.44447181 0.0284373 0.32597318 0.50182557 0.55786383 0.41170317 0.45781672 0.05668882 0.40500936 0.44891372 0.71866643 0.44626501 0.41662541 0.29578555 0.1407239 0.57195944 0.16028936 0.17649275 0.55637389 -0.16097797 0.37223381 0.57938826 0.20669387 0.41973466 0.56839019 -0.1372648 0.25562692 0.70867246 -0.07537159 0.35448548 0.72987533 -0.39714348
0.32456115 0.44843924 0.42836672 0.34407732 0.42960057 -0.00859891 0.35122362 0.48014817 0.53366548 0.40469983 0.46107206 -0.03283649 0.43430233 0.42821983 0.58443087 0.45032647 0.41593727 0.17408879 0.17332725 0.55806422 0.16410367 0.17975056 0.54492438 -0.16463172 0.39381927 0.57175356 0.08749551 0.40689823 0.56567323 -0.32296512 0.31853294 0.7089473 -0.1285343 0.2910198 0.72318947 -0.50192744
0.32706025 0.45806888 0.45988122 0.33939606 0.42550462 0.11536891 0.37135091 0.48758984 0.55696708 0.37331674 0.43751854 0.0191049 0.45416456 0.4296779 0.64527142 0.45095646 0.40728122 0.09539967 0.17457949 0.56098312 0.15967448 0.17271146 0.54151785 -0.16013794 0.39773041 0.58127326 0.03041936 0.40740883 0.5624122 -0.31107336 0.34072286 0.71722484 -0.16397001 0.29603496 0.72442472 -0.46466669
0.30497184 0.46006075 0.44445789 0.3358393 0.42888719 0.0954588 0.36677745 0.48690081 0.50049847 0.38936293 0.43236306 0.07108708 0.44926783 0.43224695 0.49651173 0.45096231 0.40433815 0.24416707 0.17081879 0.55921268 0.15674344 0.17358902 0.54218405 -0.15725966 0.39450574 0.5841524 0.04614556 0.40920311 0.56218284 -0.31183988 0.32935724 0.72146881 -0.13978617 0.29952633 0.72837573 -0.46729821
0.31194592 0.43996271 0.49534652 0.38394696 0.42341033 0.08465678 0.37016392 0.4830983 0.6077494 0.44808701 0.44088045 0.00722763 0.42870039 0.4349412 0.68321848 0.45738879 0.40819988 0.18552858 0.17001262 0.54730415 0.16830333 0.18964157 0.53849351 -0.16889937 0.37691242 0.58426774 0.16043311 0.41176 0.56070018 -0.21432245 0.31074256 0.7204231 -0.12551497 0.33430874 0.72947913 -0.46508607
0.36095557 0.44787994 0.48671684 0.36196548 0.41263574 0.06762249 0.40581015 0.48677522 0.33756065 0.37350878 0.43255407 -0.18516666 0.46943721 0.43137443 0.06356639 0.45656431 0.40335697 -0.28269744 0.18280458 0.55011958 0.17164753 0.1796574 0.52974319 -0.17215857 0.38889229 0.58868301 0.08192329 0.41257402 0.5563677 -0.32268634 0.33492932 0.72355705 -0.13078302 0.33085287 0.73017675 -0.46434501
0.37870291 0.45231658 0.48134375 0.3547976 0.41614014 0.08406217 0.44707659 0.48864037 0.35583904 0.34916428 0.43445674 -0.22402346 0.56781292 0.44584852 0.12724502 0.45446891 0.40271887 -0.46663275 0.19172776 0.54968804 0.17194355 0.17894636 0.52859741 -0.17240521 0.39272422 0.58901101 0.06391637 0.41064844 0.55696416 -0.33348492 0.35087731 0.72506112 -0.12030163 0.32815513 0.73015094 -0.45375809
0.37446669 0.44220093 0.45148978 0.3624633 0.41986716 0.04008607 0.37432015 0.47371179 0.39527485 0.3581306 0.43758228 -0.18531978 0.46643293 0.42378339 0.27328774 0.4543964 0.40058336 -0.22851256 0.17776637 0.54462057 0.17248903 0.18003586 0.53099799 -0.17294611 0.38372871 0.58809441 0.10317191 0.41107139 0.55714089 -0.25598723 0.34309423 0.72404134 -0.09588253 0.33369699 0.72914821 -0.39686891
0.36662951 0.43688434 0.45243731 0.37042636 0.42187682 0.06370346 0.34970778 0.46973115 0.28956541 0.35990533 0.44075173 -0.17469652 0.43718323 0.41739422 0.03443824 0.4535279 0.40057856 -0.27568969 0.17493929 0.53967822 0.17308582 0.18601266 0.53045487 -0.17359237 0.37035865 0.58796662 0.14416082 0.41350365 0.55879176 -0.22512172 0.34045982 0.72331017 -0.10459 0.34559107 0.73000509 -0.40225381
0.37364405 0.43779305 0.46339187 0.37906331 0.41036984 0.04080047 0.35411799 0.47508818 0.37196666 0.35957691 0.43771902 -0.17240302 0.43859291 0.41744292 0.21727739 0.44868094 0.39931658 -0.19756615 0.17984109 0.5375061 0.17739362 0.18567371 0.5243811 -0.17776708 0.37547711 0.58734614 0.09655761 0.4072983 0.57629275 -0.30274016 0.35298491 0.7209779 -0.10244021 0.31456798 0.73004663 -0.4031961 
0.36583391 0.43829739 0.48958889 0.37400582 0.40805244 0.05339373 0.35071459 0.47215647 0.3867422 0.35483205 0.43827885 -0.17154621 0.42517227 0.42035386 0.20675813 0.44615322 0.39798823 -0.22443166 0.17315994 0.53873754 0.17767037 0.18230397 0.52454776 -0.17808683 0.37516031 0.58790606 0.09590133 0.40769523 0.56292742 -0.29799718 0.3457351 0.72233552 -0.14020167 0.31498152 0.72768933 -0.45299554
3.62684280e-01 4.33562785e-01 4.60370719e-01 3.71741980e-01 4.04180646e-01 2.60635774e-04 3.49218071e-01 4.72043306e-01 3.58034998e-01 3.51867050e-01 4.39184517e-01 -2.07306266e-01 4.25933093e-01 4.21668708e-01 1.81648836e-01 4.45391446e-01 3.97030473e-01 -2.28778422e-01 1.71307266e-01 5.36520243e-01 1.82864890e-01 1.75254002e-01 5.23713768e-01 -1.83229491e-01 3.76882315e-01 5.86252093e-01 1.10401660e-01 4.08247709e-01 5.55915773e-01 -2.77407497e-01 3.15797925e-01 7.15723932e-01 -9.72000137e-02 3.18614572e-01 7.24162698e-01 -4.17014629e-01
0.36101767 0.42917675 0.45930669 0.38899764 0.40829328 -0.01009026 0.34581774 0.46887049 0.45685613 0.35367835 0.44100392 -0.21360238 0.41729224 0.42147872 0.43814272 0.44550294 0.39707437 -0.23761733 0.16002847 0.53591311 0.18476087 0.17793335 0.52555615 -0.18530604 0.3432039 0.58629298 0.26617795 0.41680643 0.55667955 -0.18012166 0.25388032 0.70893735 0.06372069 0.35494354 0.72438884 -0.36735943
0.36425143 0.43215647 0.4525862 0.38524556 0.40651816 0.00266805 0.34629604 0.47059357 0.41256213 0.3553611 0.44125935 -0.20605867 0.4230938 0.42290571 0.31583714 0.44388321 0.39572018 -0.25155738 0.16059232 0.53483897 0.18401204 0.17841604 0.52428478 -0.18454626 0.34906346 0.58618647 0.20514406 0.41994488 0.55721778 -0.19015783 0.27708831 0.70988446 0.00387995 0.36160567 0.72423816 -0.33085096
0.36966771 0.4342528 0.45346814 0.3811799 0.40793124 0.00354064 0.36846867 0.4737502 0.36308676 0.35633373 0.44163772 -0.20252098 0.43255806 0.42376903 0.18677245 0.44122675 0.39434141 -0.24875437 0.16642289 0.5355432 0.18385607 0.17828159 0.5226832 -0.18436408 0.35200155 0.58698326 0.16365801 0.41971937 0.55494231 -0.21567321 0.28571233 0.7106598 -0.02017127 0.35910836 0.72336566 -0.35842147
0.38405418 0.43495876 0.44585326 0.37979954 0.40272951 0.04386052 0.37719765 0.47443277 0.26034507 0.34461105 0.44249836 -0.18877162 0.457836 0.42425919 -0.00766723 0.439973 0.3950429 -0.24587934 0.17625952 0.53323954 0.18079792 0.17825444 0.51797169 -0.18125467 0.35700765 0.58704942 0.13626537 0.42154339 0.55563325 -0.25344253 0.28871804 0.71116906 -0.02996076 0.35853139 0.72352684 -0.36905235
0.38111839 0.43144149 0.46191287 0.38159949 0.40083331 0.03151697 0.37649867 0.47482675 0.32347304 0.34738386 0.43926522 -0.1861845 0.44331515 0.42466348 0.150829 0.44023991 0.39505443 -0.21018575 0.17594451 0.53038114 0.18337478 0.17824158 0.51718402 -0.18390237 0.35755876 0.58631301 0.16922611 0.4231942 0.55549073 -0.22215594 0.28979456 0.71103603 -0.02591258 0.35860553 0.72334874 -0.35162783
0.36143118 0.42002997 0.46366349 0.39254147 0.4052887 -0.01059702 0.33445105 0.46720272 0.52579945 0.38338736 0.44891605 -0.18690076 0.40194672 0.42551395 0.58448964 0.44515812 0.39451569 -0.14630023 0.15540965 0.52970535 0.18320471 0.18028569 0.52130824 -0.18377008 0.33368433 0.58317387 0.32048222 0.42521414 0.5559563 -0.12684336 0.26003948 0.70479482 0.1176357 0.36325219 0.72335857 -0.31811398
0.36204612 0.4241282 0.47481814 0.39156178 0.40570492 -0.00181814 0.33867571 0.46896642 0.46391833 0.3788285 0.44869357 -0.18552518 0.40903348 0.42469588 0.39019933 0.4452289 0.39264366 -0.15438563 0.15721747 0.53037953 0.18479906 0.17851193 0.5214324 -0.18539248 0.34152725 0.5839138 0.24020889 0.42567027 0.55552316 -0.17282751 0.26643148 0.70554268 0.03970422 0.36166504 0.72313374 -0.33923733
0.36048973 0.42618713 0.48639312 0.39052576 0.40607473 -0.00620201 0.339798 0.46998176 0.4721835 0.3771092 0.44880471 -0.20701326 0.41108799 0.42479292 0.39185411 0.44527429 0.39126435 -0.19544481 0.15567192 0.53102487 0.18833524 0.17565517 0.52175438 -0.18891382 0.34342954 0.58469307 0.22489803 0.42539671 0.55384481 -0.18265718 0.27253291 0.70715117 0.06388568 0.36316988 0.7223289 -0.33627006
0.36136079 0.42711112 0.48252609 0.38543588 0.40600678 -0.02095247 0.340498 0.47178984 0.49938768 0.37580353 0.44922313 -0.20783076 0.41395694 0.42490476 0.4522143 0.44501868 0.3913908 -0.19021609 0.15686333 0.53156126 0.19147652 0.17336431 0.52204734 -0.1920471 0.34591255 0.58493668 0.21547319 0.42583737 0.55417138 -0.1909201 0.2748602 0.70906633 0.05134104 0.3649033 0.72231019 -0.30453905
0.36131778 0.42720148 0.490569 0.38205785 0.40592945 -0.01636181 0.34229508 0.47393307 0.54476702 0.37298027 0.4484407 -0.21845834 0.4131951 0.42492354 0.52985001 0.44455779 0.39133146 -0.2220591 0.15760589 0.53196782 0.19239749 0.17044117 0.52148438 -0.19288599 0.34738451 0.58602804 0.16694608 0.42318437 0.55302238 -0.22269486 0.29124001 0.70925683 0.02243422 0.36512294 0.72204125 -0.32178751
0.35838816 0.42835802 0.51819396 0.37679425 0.40593159 -0.02245643 0.34052029 0.4737969 0.62050736 0.36831585 0.44685212 -0.27544153 0.41054693 0.42571041 0.64481872 0.44424137 0.39093527 -0.34492412 0.15574463 0.53223473 0.19848055 0.1666026 0.5207867 -0.19875525 0.34621421 0.58848876 0.15170439 0.4208737 0.55172914 -0.24956442 0.28791249 0.70977587 0.02225337 0.36485633 0.72131842 -0.32941276
0.35661677 0.42851958 0.51953202 0.36944175 0.40492514 0.01550422 0.33921722 0.47313827 0.56147045 0.35964933 0.43804052 -0.21470742 0.41189557 0.42413634 0.53072298 0.44431379 0.39037865 -0.26686677 0.15508191 0.53231931 0.19551593 0.1662664 0.52013129 -0.19577439 0.34664172 0.5887422 0.14210753 0.42102182 0.5518555 -0.24294971 0.30273002 0.71384788 -0.02659407 0.3644416 0.72138047 -0.34778258
0.35594717 0.42884657 0.51550394 0.36605158 0.40499133 0.01140378 0.33782512 0.47283801 0.56019318 0.35486823 0.44055086 -0.20861706 0.41209078 0.42297792 0.49890414 0.44420269 0.39054218 -0.22051752 0.15472007 0.53253001 0.19170846 0.16535442 0.52032328 -0.19196841 0.34680364 0.58810794 0.13366632 0.42097038 0.55180353 -0.24031514 0.30665857 0.71381688 -0.02861235 0.36420453 0.72141927 -0.34254512
0.35474241 0.42738444 0.48103458 0.36627617 0.40511641 -0.01577405 0.33519065 0.47255188 0.42622808 0.35224217 0.44295698 -0.20996909 0.41244856 0.42226139 0.28761598 0.44269806 0.39146051 -0.20679477 0.15426077 0.53180522 0.19114719 0.16360633 0.52027005 -0.19139801 0.34751567 0.58727491 0.1403617 0.42089748 0.56404799 -0.23799065 0.30340195 0.70925224 -0.00427004 0.36390796 0.7210629 -0.33046705
0.35420421 0.42771435 0.47758237 0.3615551 0.40466478 -0.01069386 0.33594543 0.47224385 0.4309971 0.3526375 0.44110572 -0.21048006 0.41279405 0.42062798 0.30832204 0.44205207 0.39049661 -0.22458008 0.15426128 0.53189927 0.18769796 0.16399391 0.51842982 -0.18798481 0.34896213 0.58702981 0.12836012 0.42051071 0.55821013 -0.23924363 0.30805984 0.7093876 -0.01609907 0.36371478 0.71929127 -0.32909882
0.35403296 0.42778066 0.46768802 0.36208439 0.40475771 -0.02401063 0.34008902 0.47395372 0.48353878 0.35373044 0.44051111 -0.22846882 0.41312149 0.42089272 0.46294329 0.44169432 0.39041436 -0.23956369 0.15338945 0.53194195 0.18571316 0.16313611 0.51914001 -0.18602729 0.34662929 0.58640009 0.1631185 0.42036813 0.55486137 -0.20645812 0.3037698 0.70825219 0.03983122 0.3642872 0.71918911 -0.27211991
0.35411662 0.42737153 0.46981734 0.36593571 0.40589926 -0.02320256 0.34022832 0.46831992 0.52144563 0.36348358 0.44196001 -0.20703638 0.41330096 0.41986969 0.53041393 0.44170615 0.39008987 -0.15422468 0.15231594 0.53207707 0.1857145 0.16327421 0.52029562 -0.18603428 0.34251359 0.58552212 0.22124855 0.42042792 0.55387622 -0.18317433 0.29941097 0.70710069 0.090251 0.36447409 0.71927613 -0.27495524
0.35574237 0.42681661 0.45713609 0.36829597 0.40593517 -0.02714457 0.34034649 0.46619362 0.55674672 0.36344436 0.44150475 -0.1899168 0.41436106 0.4191961 0.63652462 0.44160748 0.38970807 -0.11778936 0.15211986 0.53206587 0.18151787 0.16351837 0.5207603 -0.18195309 0.34186465 0.58438939 0.23517893 0.41963577 0.55391634 -0.15191554 0.28293186 0.70255607 0.10687776 0.36511728 0.71962994 -0.24271588
0.36423627 0.42598173 0.4547987 0.37546352 0.40274718 -0.040025 0.34876871 0.46628705 0.54704541 0.35485682 0.44418612 -0.1928459 0.41475016 0.41941458 0.53666341 0.4412266 0.39009389 -0.14247255 0.15494137 0.52940452 0.18427917 0.16303267 0.51911467 -0.18466583 0.34341964 0.58339524 0.21556835 0.41851085 0.55365664 -0.19565083 0.28365758 0.70329267 0.10496818 0.3650313 0.72408736 -0.26963931
0.37194836 0.42618367 0.45614323 0.37597576 0.40170404 -0.03675441 0.3528682 0.46853366 0.5407846 0.34963003 0.44473922 -0.2039732 0.41485134 0.42093024 0.54737419 0.43924493 0.39087546 -0.1560066 0.15790623 0.52874976 0.18725222 0.16057399 0.51788247 -0.18753102 0.34903896 0.58283013 0.20273116 0.41594452 0.56689191 -0.24184562 0.29743588 0.70342499 0.08569547 0.36119464 0.7253077 -0.30444399
0.37051541 0.42420694 0.45447314 0.37564835 0.40285954 -0.04290846 0.35267937 0.46696022 0.53493387 0.35010713 0.44562373 -0.2023755 0.41494992 0.42006162 0.55799574 0.43926379 0.39089638 -0.12205645 0.15772681 0.52889764 0.18739671 0.16083901 0.51866043 -0.18770055 0.34963205 0.58189839 0.21451613 0.41556191 0.56268388 -0.19306163 0.30316454 0.70266896 0.0795913 0.36083981 0.72520459 -0.27377102
0.36944163 0.42581466 0.48534262 0.36263007 0.402937 -0.01512946 0.35088009 0.46733519 0.60002244 0.34267864 0.44112206 -0.21362679 0.41498262 0.41951838 0.64314502 0.4390828 0.38961774 -0.21374154 0.15808284 0.5296281 0.186949 0.15929517 0.51856893 -0.18721262 0.36539143 0.58578181 0.10408381 0.41562706 0.55574304 -0.25115263 0.32566246 0.71127683 -0.04948386 0.34862468 0.72480226 -0.33684894
0.36700496 0.42826363 0.50800526 0.35568553 0.40287387 0.01182907 0.34937608 0.46748179 0.57075644 0.33995816 0.4399634 -0.21297617 0.41512415 0.41933957 0.58535379 0.43908358 0.38957438 -0.21661294 0.15848562 0.53026545 0.18661807 0.15689385 0.5171712 -0.18688394 0.37378532 0.58951855 0.08912649 0.41450614 0.55918568 -0.26096675 0.33637637 0.71600699 -0.10328334 0.33705148 0.71988589 -0.37877247
0.36691955 0.42974126 0.52285928 0.35311997 0.40254429 0.02894651 0.34955776 0.46702763 0.67270833 0.33863696 0.43744469 -0.19688767 0.42873567 0.41304156 0.77251631 0.43910247 0.38782883 -0.21264842 0.15949449 0.53065342 0.18546015 0.15697663 0.51652074 -0.1856983 0.37694225 0.59118164 0.07132059 0.4145771 0.55230612 -0.27766532 0.33839598 0.71869391 -0.12037133 0.33655992 0.7196818 -0.40217879
0.36655825 0.42976415 0.51402688 0.35151994 0.40257567 0.02163948 0.34816357 0.46561578 0.52667624 0.33835086 0.43685436 -0.19598357 0.43271813 0.41138676 0.45453748 0.43905476 0.38783824 -0.21019083 0.16162889 0.5303899 0.18433046 0.15718953 0.51538873 -0.18458135 0.37831464 0.59121382 0.07608057 0.41243145 0.56107789 -0.28719237 0.34453094 0.71974319 -0.10466561 0.32939175 0.71970791 -0.39752075
0.36623102 0.42535269 0.46901032 0.35251713 0.40337828 -0.03049711 0.33688298 0.45949787 0.55832028 0.33926779 0.4397029 -0.19670227 0.43258414 0.40888727 0.60185879 0.43906796 0.38785851 -0.13118835 0.16158754 0.5296886 0.18487877 0.15727614 0.51548588 -0.18510419 0.37620506 0.59090781 0.08977748 0.40852273 0.56728584 -0.27265155 0.34055209 0.71887583 -0.05422008 0.32986036 0.72131991 -0.32996351
0.36760354 0.42031977 0.45904309 0.36023977 0.40416431 -0.06382133 0.33746254 0.45149657 0.57093728 0.34028733 0.4422217 -0.20113187 0.43294901 0.40635788 0.61748487 0.43953821 0.38782328 -0.10047048 0.16136637 0.52818263 0.18992788 0.15749238 0.51580375 -0.19011709 0.37561661 0.59033984 0.11996917 0.40853551 0.56082928 -0.254253 0.33936572 0.71779817 0.02502005 0.33975959 0.7216236 -0.28972214
0.36912292 0.413459 0.45966849 0.392519 0.40557101 -0.0852512 0.33715126 0.44881809 0.6327219 0.35036284 0.44886062 -0.21099101 0.42421833 0.4069832 0.74656671 0.44251043 0.38880712 -0.10684562 0.15958101 0.52582657 0.19670746 0.16905041 0.51638341 -0.19697255 0.37090719 0.58531553 0.19805826 0.4102819 0.56050259 -0.20014864 0.3044998 0.70564377 0.08204855 0.35105652 0.72384316 -0.25871974
0.36326057 0.41516924 0.46745753 0.38111722 0.4068515 -0.07856191 0.33309668 0.45160547 0.61195135 0.35032907 0.4484987 -0.20712757 0.42870104 0.40630865 0.67496812 0.44325122 0.38807705 -0.12343217 0.15801188 0.52607477 0.19633426 0.16628502 0.51641381 -0.19665132 0.37243789 0.58689034 0.11734616 0.41049665 0.56613714 -0.24601859 0.3309705 0.71283561 0.00489384 0.34813723 0.724805 -0.29449379
0.36358792 0.41709599 0.49874809 0.3774561 0.40657714 -0.03640128 0.33174446 0.45314032 0.64693147 0.34602383 0.44314784 -0.21064205 0.43259713 0.40672174 0.72035968 0.44368625 0.38708913 -0.18877433 0.15804045 0.52612633 0.19559424 0.16479348 0.51616311 -0.1959244 0.37391347 0.58800006 0.09316895 0.41118896 0.55619615 -0.26317739 0.33836183 0.7151584 -0.04489994 0.35092252 0.72459608 -0.34339663
0.36152971 0.4216097 0.51925319 0.36945042 0.40548712 -0.01360745 0.33161822 0.45385584 0.68592942 0.34417108 0.43874604 -0.23998377 0.42755738 0.40862092 0.78548181 0.44434673 0.38464269 -0.27504045 0.15804142 0.52679259 0.19527492 0.16329542 0.51555932 -0.19564189 0.37497124 0.58985114 0.09358776 0.41101372 0.559286 -0.2632724 0.34203374 0.71562994 -0.05480728 0.34367949 0.72197044 -0.35018301
0.36137131 0.42167273 0.51659811 0.36639056 0.40632173 -0.02595711 0.32969797 0.45405677 0.65922105 0.344336 0.43883598 -0.23527715 0.42221117 0.40926129 0.74828762 0.44474587 0.38481739 -0.2290591 0.15804107 0.52643961 0.19482422 0.16281809 0.51523423 -0.19520022 0.36784118 0.589724 0.08918079 0.40942195 0.55281442 -0.26668844 0.33459738 0.71403384 -0.04842514 0.34235135 0.72263515 -0.3550548 
0.36689898 0.42169985 0.51385123 0.36512718 0.40485352 -0.03693566 0.32907912 0.45390293 0.64778674 0.34222275 0.43734324 -0.27184224 0.42060876 0.41061532 0.65180731 0.44491455 0.38433614 -0.27268222 0.15976119 0.5261119 0.19908296 0.16036184 0.51341116 -0.1992864 0.36779159 0.59368819 0.09122758 0.40925759 0.56180549 -0.27938324 0.33398405 0.71662509 -0.04542056 0.33562303 0.72130775 -0.35560578
0.36795005 0.42011982 0.49923733 0.3705737 0.4034276 -0.05391901 0.32763061 0.4535937 0.6643576 0.3438828 0.43773848 -0.26907277 0.41521227 0.41313845 0.78298575 0.44517368 0.38431069 -0.20500459 0.15862049 0.52271837 0.20224652 0.16029374 0.51169926 -0.20242684 0.35372052 0.58716697 0.16703577 0.40449846 0.57055604 -0.22044893 0.27378854 0.70046145 0.04390553 0.35555741 0.72178519 -0.31019893
0.36788529 0.42167246 0.51063102 0.36453587 0.40225667 -0.03557767 0.32797375 0.45847967 0.67500526 0.34286994 0.43629977 -0.24557382 0.40610796 0.42684925 0.74839675 0.44625092 0.38417742 -0.20673673 0.15888155 0.52176243 0.20210187 0.15801676 0.50887054 -0.20231654 0.35435343 0.58719915 0.07505909 0.40435109 0.56912524 -0.27148277 0.28470761 0.70187759 -0.10440412 0.34863487 0.72195989 -0.3995077 
0.36451542 0.42301327 0.50799811 0.36402684 0.40149608 -0.01145231 0.32191503 0.4584493 0.72111624 0.34267071 0.43566239 -0.21286206 0.40193757 0.42672622 0.89907813 0.44796744 0.38325557 -0.19949414 0.15732929 0.52170074 0.19486779 0.15776075 0.50825322 -0.19508041 0.35146049 0.58429796 0.09197116 0.40030962 0.56839389 -0.22294404 0.29520118 0.70369905 -0.07346215 0.35202432 0.72252393 -0.38560331
0.36248907 0.42719612 0.51661831 0.35555571 0.3975372 0.01290526 0.32259399 0.46456346 0.70956039 0.34162146 0.43350765 -0.22758347 0.40069988 0.42517513 0.8509534 0.44830593 0.38226047 -0.2819328 0.155911 0.52086323 0.18754503 0.1533823 0.50475091 -0.18768935 0.35190785 0.58745009 0.06691401 0.39839706 0.56264466 -0.24825719 0.31620011 0.70906329 -0.10399328 0.33609635 0.70958036 -0.38373402
0.3625015 0.42907658 0.52059942 0.35039067 0.3950949 0.03449179 0.32256928 0.46811262 0.64100188 0.34084958 0.43266478 -0.24089378 0.38549626 0.42680928 0.69989681 0.44849998 0.38062581 -0.33070275 0.15580173 0.52053583 0.18647414 0.15022993 0.4945997 -0.18658952 0.35205579 0.58890045 0.04063942 0.39900973 0.54566211 -0.29508868 0.32234046 0.7108469 -0.14800909 0.32401976 0.70769799 -0.39530984
0.36986911 0.43172631 0.52496564 0.34826699 0.38701475 0.05095179 0.31483263 0.48513439 0.44681311 0.32452908 0.43248123 -0.24151523 0.35663632 0.46942025 0.23122919 0.44813982 0.38041145 -0.35103416 0.15745662 0.52169049 0.18510745 0.15019189 0.4910062 -0.18532296 0.36379248 0.59364992 0.03154234 0.39358601 0.54173118 -0.29411051 0.34002292 0.71665829 -0.1976698 0.28748217 0.68265158 -0.3811124 
0.37718397 0.43304083 0.52225494 0.34935775 0.38334435 0.05546064 0.30550888 0.49232644 0.37044588 0.320411 0.43172631 -0.25540504 0.32260674 0.49737221 0.06238791 0.44811118 0.37932745 -0.40440699 0.1613476 0.52223706 0.18466179 0.15000916 0.4911705 -0.18493551 0.37201938 0.59492272 0.03354492 0.39460304 0.54546702 -0.32237512 0.34736285 0.71970916 -0.1953738 0.28638992 0.69109046 -0.42095646
0.36275971 0.41572174 0.49645126 0.36854404 0.38610977 -0.02693438 0.30599025 0.46104938 0.66209209 0.34073639 0.43390504 -0.20700917 0.36721799 0.42702997 0.80362207 0.45033291 0.37952977 -0.1334579 0.15743925 0.51837784 0.18925025 0.15195598 0.49436271 -0.18946484 0.36291853 0.58161485 0.10215328 0.3952668 0.55593836 -0.24818398 0.32059175 0.70451623 -0.04656093 0.32605663 0.70986176 -0.33848983
0.36851451 0.41644987 0.49787834 0.36743686 0.38733044 -0.02041069 0.31317925 0.45971972 0.56372827 0.34478444 0.43397596 -0.23681894 0.4034251 0.41468909 0.53024578 0.45140898 0.37966549 -0.23401301 0.15835883 0.51739669 0.19722266 0.1525123 0.49414113 -0.19735357 0.36276963 0.582789 0.06473634 0.3989794 0.55724281 -0.3073996 0.32152495 0.70553571 -0.10878751 0.33184028 0.71115083 -0.40953344
0.3710514 0.41679859 0.49665302 0.36283591 0.38627595 -0.01587667 0.3226018 0.44916576 0.56675565 0.34436515 0.43085474 -0.279392 0.43377402 0.40241638 0.54352385 0.45394018 0.37643602 -0.3627151 0.16249588 0.51778972 0.19862911 0.15278076 0.49334878 -0.19873255 0.36299428 0.58513445 0.06654101 0.39978546 0.5572347 -0.31693408 0.32170382 0.70614457 -0.10480567 0.33273247 0.71087521 -0.39732131
0.37091395 0.4109793 0.49731526 0.36927649 0.38649139 -0.04170845 0.33627915 0.43956983 0.6158784 0.35912195 0.42932051 -0.28853372 0.4410122 0.39661568 0.63392538 0.45716456 0.3747555 -0.33103317 0.16237237 0.51748389 0.2060117 0.15315452 0.49397072 -0.20612527 0.36300358 0.58598572 0.07365233 0.40066046 0.55728161 -0.31644166 0.32525837 0.70634758 -0.06378249 0.3325012 0.71073681 -0.3342081 
3.70256692e-01 4.07462120e-01 4.97278750e-01 3.78207445e-01 3.87053013e-01 -5.35400771e-02 3.36903542e-01 4.36178803e-01 7.09650993e-01 3.61921102e-01 4.27765220e-01 -2.75993854e-01 4.34086829e-01 3.96637470e-01 8.53235006e-01 4.57885832e-01 3.74823958e-01 -2.88491935e-01 1.62097737e-01 5.15728295e-01 2.06609711e-01 1.56470716e-01 4.94542122e-01 -2.06638470e-01 3.64854813e-01 5.83022714e-01 8.51218775e-02 4.00191993e-01 5.58913171e-01 -2.85899371e-01 3.22072953e-01 7.03287184e-01 -3.50104150e-04 3.45519871e-01 7.15296388e-01 -3.00236672e-01
0.370812 0.40687639 0.49910983 0.38109049 0.3849611 -0.04452486 0.34406173 0.44016597 0.7418474 0.36259136 0.42582563 -0.26679054 0.43938324 0.3982175 0.91777033 0.45893535 0.3736507 -0.26378611 0.16182868 0.51220822 0.20619842 0.15950078 0.49448618 -0.206203 0.3647556 0.58144927 0.12134503 0.4021171 0.55114663 -0.26710337 0.31418529 0.70202011 0.04877713 0.35711148 0.720667 -0.2883845 
0.37320763 0.40880126 0.50609583 0.37645209 0.3838217 -0.04346539 0.34818146 0.44184381 0.72641999 0.36107707 0.41973937 -0.31554589 0.43582126 0.40117973 0.88077694 0.45897958 0.37114468 -0.41243011 0.16713674 0.51227874 0.201506 0.15940298 0.49122581 -0.20151943 0.36895803 0.58407325 0.04847543 0.40097257 0.54159778 -0.28614131 0.32387123 0.705181 -0.11355282 0.32775024 0.7067858 -0.32715267
0.37310722 0.40403843 0.50157517 0.38595271 0.38273674 -0.04108649 0.34655213 0.43562889 0.73684889 0.37224516 0.41681537 -0.27902189 0.43878016 0.39379072 0.91967309 0.46076208 0.3699891 -0.28638434 0.16676775 0.51103127 0.20136359 0.16276984 0.48924917 -0.20133376 0.36869293 0.58269471 0.07752588 0.40168411 0.54343665 -0.2746841 0.31752205 0.70336622 -0.00590966 0.33971339 0.71161497 -0.3093043 
0.36851653 0.39088857 0.49904779 0.39931577 0.38294294 -0.05635315 0.34592453 0.42781019 0.74157876 0.37576801 0.41928297 -0.20227598 0.43778998 0.39181364 0.9324435 0.46690843 0.37170693 -0.10065873 0.16580483 0.50419277 0.20397176 0.17438868 0.48999766 -0.2039734 0.36851376 0.57366443 0.14030376 0.40420124 0.54493994 -0.27000844 0.3084836 0.69286907 0.07427831 0.35222965 0.71908003 -0.31406763
0.36867002 0.39060196 0.49921235 0.39927691 0.38051987 -0.06861687 0.34083644 0.43178913 0.71410525 0.37431285 0.42031491 -0.22039303 0.44111183 0.39251772 0.84639955 0.46753469 0.37196964 -0.15937231 0.16563903 0.50214201 0.2081438 0.17391835 0.48955393 -0.20812124 0.36872116 0.57559198 0.11297274 0.40464342 0.54586196 -0.29113623 0.31427193 0.69803679 0.01983424 0.34408394 0.72130316 -0.32357994
0.37890503 0.39256662 0.49985322 0.39664394 0.37460008 -0.03220389 0.34486622 0.43220294 0.64239866 0.36494738 0.41529328 -0.22644655 0.4389793 0.39469674 0.68286908 0.46680135 0.36608139 -0.19849767 0.17414908 0.50421548 0.20733258 0.17256248 0.48760232 -0.20737357 0.37606883 0.58518714 0.06218917 0.40462574 0.54227346 -0.31046081 0.34521249 0.71159059 -0.09718966 0.3210403 0.70529652 -0.38330272
0.37318343 0.38683584 0.49950817 0.4015581 0.37516659 -0.05489342 0.34171611 0.43229097 0.72698188 0.36576179 0.42205784 -0.19080958 0.45578825 0.38557222 0.90715653 0.46695617 0.36619732 -0.08189863 0.17373107 0.50135142 0.20729911 0.17917265 0.48708174 -0.2073198 0.37527764 0.57600093 0.06741992 0.40602186 0.54208398 -0.30411354 0.33609363 0.70431155 -0.06231595 0.34208408 0.71646011 -0.37209159
0.35296062 0.37353671 0.46461323 0.41470909 0.37622935 -0.06651755 0.34305209 0.42384228 0.71545017 0.38266766 0.42534345 -0.07324284 0.45043388 0.38720685 0.92638755 0.46921945 0.36722222 0.21995285 0.16143852 0.49178389 0.2060504 0.19491246 0.48720565 -0.20633775 0.35102215 0.56614512 0.23644915 0.40840799 0.57324564 -0.17464279 0.29123005 0.69224805 0.11082387 0.36217481 0.72110456 -0.3020829 
0.35818163 0.37307137 0.43740621 0.41548225 0.37438563 -0.0791733 0.348616 0.42482141 0.63008261 0.38071078 0.42771131 -0.1271524 0.45127234 0.38359514 0.76208675 0.46870226 0.36625496 0.0674577 0.15983121 0.48713246 0.20504008 0.18977982 0.48715183 -0.20538698 0.35268977 0.5614869 0.19526799 0.4087317 0.56420803 -0.19164017 0.29609984 0.69150156 0.07729549 0.36255917 0.72116452 -0.28220952
0.38438424 0.37899691 0.44811335 0.41734889 0.36701277 -0.07435707 0.35672641 0.42591575 0.50885063 0.37896168 0.42606905 -0.13629904 0.45117077 0.38599887 0.4796316 0.46729189 0.36537266 0.03376114 0.16781619 0.48870039 0.20482963 0.18938273 0.48437783 -0.20515503 0.35396159 0.56462657 0.16329782 0.42357287 0.57249641 -0.20983814 0.30040154 0.69210911 0.05543336 0.36929396 0.72070688 -0.23840597
0.39381504 0.38841105 0.47768068 0.40483463 0.35825089 -0.02831614 0.35987306 0.4336367 0.50057811 0.37067115 0.40458024 -0.22631849 0.4495531 0.3869637 0.40248263 0.46706635 0.35441753 -0.24113064 0.17979966 0.49066159 0.19744828 0.18457235 0.47311983 -0.19774592 0.36714396 0.58827388 0.03854752 0.4127591 0.54119122 -0.29624054 0.3329303 0.7120592 -0.12760453 0.30659673 0.68878019 -0.3425923 
0.39512104 0.38650578 0.47579578 0.40434226 0.35732478 -0.03641048 0.36320749 0.42968696 0.56130505 0.36914301 0.40793145 -0.21709225 0.45360488 0.38248906 0.5739454 0.46687791 0.35273203 -0.11827461 0.18297249 0.49078187 0.19723579 0.18433595 0.4722524 -0.19750637 0.382871 0.58716637 0.04531823 0.41164511 0.53622395 -0.28480473 0.34413037 0.7109412 -0.08564141 0.31173787 0.68725872 -0.29525909
0.39487049 0.38380376 0.46892762 0.40194121 0.35550916 -0.02792533 0.36485475 0.4251391 0.57786721 0.37364981 0.40369815 -0.14136863 0.46593925 0.36506641 0.61875778 0.47099432 0.35166615 -0.03163539 0.1837541 0.48970175 0.19527686 0.18451971 0.47202295 -0.19545637 0.37524512 0.585347 0.0605063 0.4115974 0.53931135 -0.28371572 0.32886216 0.70690846 -0.06268192 0.3549577 0.69757867 -0.31482762
0.39293244 0.38061917 0.50478476 0.40450832 0.35667512 -0.03018623 0.35717845 0.417276 0.77139711 0.37593028 0.39967018 -0.15514432 0.462708 0.36280856 0.9517197 0.47252074 0.3470127 -0.05726279 0.18222274 0.48703748 0.20092896 0.18534903 0.47036836 -0.20097913 0.36945495 0.58453208 0.06963398 0.41325384 0.54004598 -0.28229824 0.29539412 0.70446783 -0.01407745 0.37179312 0.70997119 -0.31436369
3.75671983e-01 3.78134847e-01 5.21899045e-01 4.04037118e-01 3.58450443e-01 3.59878119e-04 3.56966108e-01 4.12011474e-01 7.43512392e-01 3.86992604e-01 3.90350640e-01 -1.58106327e-01 4.62997049e-01 3.59304011e-01 8.84286940e-01 4.76302922e-01 3.40879619e-01 -1.38159364e-01 1.81602061e-01 4.82599556e-01 2.03722969e-01 1.93419203e-01 4.71986890e-01 -2.03778341e-01 3.40339512e-01 5.84029138e-01 1.35944873e-01 4.15692389e-01 5.41452825e-01 -2.66095012e-01 2.62528151e-01 7.01073885e-01 1.16689518e-01 3.77461523e-01 7.12818503e-01 -3.08970332e-01
0.37424836 0.365646 0.51403105 0.41050965 0.35238123 -0.01443226 0.35575041 0.40807846 0.73369277 0.39659745 0.39169568 -0.16073185 0.45874554 0.35075 0.88935202 0.47644505 0.33981791 -0.13147385 0.18252137 0.47328737 0.20679967 0.19865657 0.46811983 -0.20681439 0.33714542 0.58377135 0.0844755 0.41445008 0.5381825 -0.31978408 0.26885712 0.70133382 -0.00170885 0.34191486 0.69065601 -0.36845711
0.39623722 0.36603421 0.52958637 0.4096384 0.34680894 -0.01767562 0.36743826 0.4053537 0.71929562 0.39240193 0.37582597 -0.16479018 0.46294996 0.34991658 0.8290109 0.4748612 0.33085802 -0.10864846 0.19542314 0.47732797 0.21008648 0.1969343 0.45848361 -0.2100324 0.33950695 0.58365548 0.06856366 0.41539788 0.53879029 -0.30408925 0.27554145 0.70137906 -0.0137729 0.37043574 0.69657707 -0.35232502
0.4080714 0.35872042 0.58174193 0.41013965 0.33725497 -0.02029748 0.36593798 0.40209374 0.60562283 0.38735577 0.3646642 -0.30217141 0.45557323 0.34450027 0.49985912 0.47337955 0.32519394 -0.33949941 0.20453903 0.4739776 0.21453024 0.19487056 0.44895667 -0.21453352 0.35139653 0.59319788 -0.01315187 0.41142976 0.53204632 -0.34940535 0.2949104 0.72248852 -0.18363953 0.29845893 0.64743352 -0.36388257
0.40639034 0.36280867 0.6005733 0.40847424 0.33443636 0.02392304 0.3643496 0.40603429 0.68094283 0.38842225 0.35861829 -0.18968089 0.40174007 0.35653087 0.59552795 0.47318518 0.3177602 -0.1142841 0.2019389 0.47525647 0.20733944 0.19367196 0.44830969 -0.20754172 0.35210332 0.5984323 -0.03912931 0.42595485 0.52472496 -0.35132095 0.29571617 0.72803116 -0.24817456 0.29801673 0.64457816 -0.43788531
0.40990257 0.35557356 0.63787693 0.42196327 0.32992592 0.02827932 0.36324036 0.40004778 0.73830891 0.3874087 0.35413936 -0.2276905 0.38099557 0.3582243 0.76576495 0.47299775 0.31291941 -0.22489488 0.20358004 0.46844214 0.20591807 0.19444981 0.44165087 -0.20615326 0.3534148 0.5973841 -0.07224926 0.41295359 0.5218336 -0.40681469 0.30568567 0.72623211 -0.30821663 0.21377216 0.58220476 -0.49778771
0.42097718 0.34549418 0.59849882 0.43106973 0.32410023 -0.04084416 0.36871216 0.388616 0.7212522 0.392885 0.35173607 -0.27523485 0.40030688 0.35130587 0.74785614 0.47289452 0.30722761 -0.25610915 0.20749542 0.4626061 0.21827075 0.19838852 0.44028988 -0.2182183 0.34978715 0.59114397 0.02474289 0.43386051 0.53377473 -0.3064591 0.27531782 0.71997803 -0.03067077 0.36215165 0.6814397 -0.34738106
0.41700658 0.32872638 0.58154708 0.43388098 0.32130378 -0.11504187 0.35922259 0.37144029 0.84824365 0.40627393 0.34402812 -0.45872498 0.3761476 0.35231131 1.01985991 0.47347504 0.300962 -0.59990746 0.20518252 0.45814702 0.22762659 0.20059215 0.44267601 -0.2273735 0.30852926 0.58005142 0.09073468 0.42323071 0.54406917 -0.26460099 0.25454417 0.71354502 0.05795831 0.36460817 0.70269847 -0.29476476
0.4163664 0.31784084 0.55057991 0.4366253 0.31220973 -0.12453037 0.35966185 0.34633258 0.82095885 0.42335325 0.32278225 -0.44383505 0.38557467 0.33282021 1.01696837 0.47352546 0.29127511 -0.56055319 0.20484464 0.45499992 0.22838089 0.2084507 0.43944845 -0.22821125 0.28926525 0.57583928 0.17855467 0.42057484 0.54615438 -0.20591298 0.2504088 0.70731223 0.19693674 0.36994088 0.70862836 -0.17974696
0.4132182 0.31790724 0.52798438 0.43015712 0.30127195 -0.10367303 0.37446919 0.36393449 0.76737887 0.41545525 0.32736987 -0.27612984 0.43384472 0.31069514 0.84523952 0.47538549 0.28667361 -0.17066862 0.2103842 0.44862705 0.22652835 0.21529163 0.43550628 -0.22646894 0.2903809 0.56684709 0.17051853 0.39429808 0.53969735 -0.22381821 0.24602136 0.69333446 0.15941812 0.36851802 0.7128529 -0.25273943
0.41127121 0.3121767 0.53120136 0.43760258 0.30323759 -0.08823449 0.37402189 0.33724752 0.83406216 0.43996665 0.31870809 -0.34269771 0.43324098 0.31152108 1.04176819 0.47917199 0.27407748 -0.43828085 0.20853901 0.44626445 0.22480175 0.22415189 0.43883806 -0.22474883 0.28563389 0.56359422 0.26219445 0.39361206 0.54120511 -0.24021628 0.23714837 0.68914533 0.31331792 0.37398705 0.71906531 -0.30496237
0.40834552 0.30304375 0.49769288 0.44098532 0.29254833 -0.09923186 0.36095938 0.33368084 0.79557168 0.43652114 0.30639982 -0.41407064 0.42306972 0.29878837 1.0027957 0.48090968 0.26714218 -0.58554125 0.20712718 0.4418357 0.21498302 0.23011675 0.43875447 -0.21479814 0.28324878 0.56092077 0.20569706 0.3920992 0.54007596 -0.20722781 0.24073082 0.69022936 0.21818148 0.36824796 0.71433997 -0.2773782 
0.41940346 0.30321166 0.49093515 0.43687412 0.28422049 -0.12517281 0.38567635 0.32088581 0.78953964 0.42942968 0.28835064 -0.48139164 0.43907741 0.28940111 0.93960857 0.481567 0.25975499 -0.69316083 0.22474954 0.44154802 0.21506378 0.22576618 0.43292961 -0.21484476 0.27897525 0.56367493 0.17296298 0.38645953 0.54768407 -0.21317816 0.23895386 0.69188511 0.14952606 0.37906352 0.71374625 -0.35172394
0.42714149 0.3028703 0.44654915 0.42143279 0.27908272 -0.15950356 0.38495317 0.33392066 0.71278161 0.42853543 0.28426498 -0.49766767 0.44069821 0.29132277 0.90987009 0.48300296 0.25526997 -0.67016488 0.24135277 0.44223532 0.20981115 0.22307307 0.42738104 -0.20920934 0.29518521 0.56543714 0.10452824 0.38392818 0.52701217 -0.25266838 0.24320653 0.69919801 0.05953899 0.37373194 0.71171945 -0.35913667
0.44396833 0.29509839 0.42948809 0.41511291 0.26823112 -0.16391431 0.38215619 0.33760396 0.65578723 0.39796528 0.29168969 -0.46561798 0.40361682 0.30205238 0.76662147 0.48279938 0.25092596 -0.61051655 0.24966541 0.43934286 0.20687191 0.22878045 0.42588359 -0.20618388 0.28787279 0.56276768 0.13595922 0.38571489 0.54156423 -0.25415832 0.22886236 0.70360267 0.12651603 0.37128788 0.71445447 -0.34963867
0.45242384 0.2960245 0.66329676 0.39480993 0.26354212 0.11911134 0.38982776 0.34019777 0.89901727 0.38821316 0.29606178 -0.00933058 0.40641215 0.30211481 1.06623971 0.48399925 0.24178933 0.0320339 0.2733593 0.43564293 0.19956489 0.23200135 0.41868702 -0.19915192 0.28910175 0.56341493 -0.00893327 0.35289195 0.53828251 -0.3563945 0.28838995 0.714266 -0.19587661 0.30972835 0.71183151 -0.55789906
0.45099795 0.27938092 0.44873142 0.39922249 0.26004967 0.01377448 0.38848308 0.33023345 0.61263138 0.3835406 0.29893315 -0.17187564 0.40790603 0.29522696 0.69563365 0.48390967 0.24084611 -0.21355721 0.26725328 0.42798242 0.16957493 0.26192892 0.41942349 -0.16920803 0.26156729 0.55730093 0.04080382 0.35160801 0.53859514 -0.20425592 0.22936909 0.70874399 -0.0601183 0.32776231 0.7265135 -0.38618565
0.45133308 0.27599078 0.45908052 0.39171422 0.25766626 0.0563677 0.39241084 0.32120454 0.67334658 0.38632283 0.29640311 -0.05922184 0.42651403 0.28980789 0.79127908 0.4844704 0.23758647 -0.06304756 0.27651763 0.42413577 0.17010626 0.26178294 0.41611642 -0.16989432 0.26655161 0.55705953 0.03604475 0.34498948 0.53562701 -0.20044482 0.23351507 0.70193952 -0.10662723 0.33179349 0.72539175 -0.40474269
0.46023148 0.27001053 0.39812624 0.39528787 0.2540285 -0.11394686 0.39769122 0.32676736 0.54373109 0.3879922 0.29730532 -0.16423656 0.41322738 0.29138115 0.55261296 0.48684105 0.23919074 -0.14357026 0.27821475 0.42364323 0.17455298 0.26583448 0.41485462 -0.17419454 0.2656019 0.55845529 0.05460918 0.35039982 0.5337652 -0.18040812 0.22203614 0.70770472 -0.07294784 0.33517879 0.72232223 -0.2719214 
0.45455271 0.26854217 0.37817198 0.39620245 0.2537438 -0.09976231 0.42875493 0.32936165 0.51230049 0.38865712 0.29963809 -0.17307305 0.4558574 0.28214905 0.52951807 0.48671779 0.23722246 -0.17024945 0.28113142 0.42416573 0.16808395 0.27055278 0.41524833 -0.16772662 0.26437452 0.55794775 0.062645 0.34899303 0.53405041 -0.17155646 0.2165347 0.70706004 -0.04230539 0.33665356 0.72301859 -0.25049618
0.45484626 0.27420992 0.41021368 0.39272806 0.25379214 -0.09426568 0.42161518 0.33112291 0.59408569 0.39436483 0.29500106 -0.17645907 0.40427569 0.30805159 0.64121217 0.48859543 0.23648362 -0.22271773 0.27876011 0.42634436 0.1710443 0.2664268 0.41493508 -0.17083034 0.26526499 0.55854267 0.05714985 0.35225043 0.52840918 -0.19064564 0.21935658 0.70748651 -0.03810278 0.33694983 0.72256398 -0.28274795
0.44585159 0.27511799 0.42619032 0.39382103 0.25410149 -0.08958413 0.41554353 0.33545139 0.60423362 0.40142599 0.2919597 -0.29573026 0.38508436 0.32031113 0.67306423 0.49193454 0.23483601 -0.41660279 0.27525857 0.42764744 0.17078999 0.26433042 0.41571203 -0.17038696 0.2648679 0.55294818 0.11052286 0.35594213 0.5248335 -0.25352833 0.21757989 0.70472282 0.05209207 0.34497252 0.72192413 -0.41502079
0.43810305 0.27334183 0.40896508 0.3960343 0.25445497 -0.07944307 0.42128986 0.33326703 0.56890202 0.40749633 0.28523389 -0.24843349 0.41967219 0.29063061 0.62189615 0.49220824 0.23208374 -0.2694405 0.2727176 0.42713052 0.16257925 0.26921615 0.41642696 -0.16214687 0.25806832 0.55416423 0.08225391 0.35643345 0.52497125 -0.17291577 0.21691607 0.70888627 -0.00336101 0.34886706 0.7214334 -0.29992494
0.43649149 0.27339989 0.46804515 0.39625022 0.25523546 -0.0389558 0.41701221 0.32837036 0.62339675 0.40708619 0.28791279 -0.20116571 0.40099907 0.29629481 0.65710473 0.49404252 0.2328355 -0.18669736 0.27523431 0.42736807 0.16596749 0.26829439 0.4159331 -0.16554715 0.25861707 0.55495203 0.04786563 0.35784146 0.52538574 -0.18595636 0.21641609 0.71174967 -0.07375545 0.34899077 0.72006059 -0.31018209
0.43493715 0.27501848 0.54898924 0.39663723 0.25536805 0.03754871 0.41165504 0.32928675 0.69735509 0.40686217 0.28488582 -0.1050279 0.38817212 0.30408826 0.74916059 0.49380991 0.23438863 -0.0554964 0.28189796 0.42774391 0.16758196 0.26770365 0.41497007 -0.16719024 0.26084408 0.55542153 0.01724016 0.35429475 0.52527946 -0.19330616 0.21793471 0.71176642 -0.1235903 0.34877086 0.71983582 -0.35564184
0.42964125 0.27578628 0.41717792 0.39678058 0.25611028 -0.08691824 0.38516235 0.33074811 0.53140074 0.40854505 0.28409368 -0.24500221 0.34576619 0.33719561 0.49406144 0.49136189 0.23449165 -0.18146275 0.27978098 0.42798743 0.16779654 0.26809868 0.41561016 -0.16733563 0.26078427 0.55589098 0.04325772 0.35525352 0.5255872 -0.18061675 0.21039253 0.71115041 -0.03329138 0.35476783 0.72118443 -0.2949346 
0.42521003 0.27627736 0.38938022 0.405938 0.25672373 -0.11160492 0.36379713 0.33131152 0.49996758 0.41368032 0.28128561 -0.2809366 0.32253689 0.35655835 0.44736293 0.49098545 0.23514836 -0.21908702 0.25850487 0.42823699 0.16759634 0.27245867 0.41767532 -0.16708229 0.25321203 0.55840236 0.04676288 0.35783342 0.53265685 -0.16425046 0.21027771 0.71211237 -0.02443762 0.36154896 0.72498447 -0.28466815
0.42153132 0.27685681 0.3924579 0.40799758 0.25715047 -0.11104539 0.35698795 0.33138841 0.51669592 0.41528749 0.28063518 -0.27046624 0.32678357 0.35249165 0.48945692 0.4893918 0.23565623 -0.1379275 0.24868794 0.42829424 0.16718958 0.27444601 0.41937432 -0.16665046 0.25194424 0.55879802 0.04801515 0.35828412 0.53583062 -0.16093558 0.20977162 0.71293277 -0.02048649 0.36444199 0.72557473 -0.29370722
0.41650847 0.27705613 0.39458999 0.40786034 0.25741467 -0.11653842 0.36029246 0.32887486 0.52979803 0.42107543 0.27560091 -0.26451841 0.33691192 0.34338248 0.51790076 0.48896858 0.23633084 -0.16258386 0.2449512 0.42854109 0.16764201 0.27431756 0.42092639 -0.16710925 0.24976771 0.56293237 0.0508655 0.35866824 0.5375756 -0.15757461 0.20950167 0.71506882 -0.01813404 0.36536077 0.72528428 -0.29049343
0.41534442 0.27733368 0.40546504 0.40637651 0.25745371 -0.10603665 0.36132783 0.32935482 0.53692514 0.4181405 0.2778084 -0.24536735 0.34564933 0.34069961 0.54324466 0.48862779 0.23679502 -0.13958015 0.24602602 0.42860189 0.1678316 0.27352637 0.42069608 -0.16731468 0.24876183 0.56288981 0.04829721 0.35894513 0.53741771 -0.15768249 0.21038809 0.71488219 -0.05040474 0.36472353 0.72515988 -0.29557148
0.4159568 0.27753031 0.41062278 0.40366825 0.25767958 -0.08054788 0.3858524 0.32690182 0.54657906 0.41149473 0.27906978 -0.23891918 0.407507 0.30189726 0.5925886 0.48624817 0.23652582 -0.1635174 0.24712586 0.42875347 0.16806327 0.27182302 0.42038053 -0.16755641 0.25000095 0.56295145 0.05617905 0.35902882 0.53723127 -0.1618963 0.21084803 0.71411777 -0.0445804 0.36526623 0.72346812 -0.29717532
0.41233322 0.27916446 0.38240117 0.4027862 0.25942361 -0.08691706 0.36179104 0.32704192 0.52460611 0.41178021 0.27542096 -0.27045783 0.33145824 0.34244096 0.51093274 0.48622623 0.23159131 -0.24551804 0.24503024 0.42886224 0.16660058 0.27235386 0.42038712 -0.16609459 0.24934563 0.56296438 0.05101998 0.36301789 0.53720266 -0.15107967 0.20983596 0.71393198 -0.04302972 0.36693481 0.7233879 -0.2811456 
