0.2085655 0.33685404 0.17898192 0.35703936 0.33961356 -0.09777802 0.09945405 0.40187514 0.44480139 0.32802859 0.3979646 0.04169274 0.170449 0.37329856 0.68817413 0.39112073 0.32151622 0.43607038 0.19954465 0.53216016 0.12114839 0.30062321 0.53616923 -0.12154234 0.21719082 0.67594361 0.23813513 0.31905693 0.69001812 -0.0900888 0.19472943 0.80961955 0.35557446 0.31967199 0.83097583 -0.02804477
0.20572206 0.33783847 0.22156732 0.36938584 0.3393572 -0.21033122 0.08908638 0.4098759 0.48395741 0.31904873 0.39808351 -0.06363709 0.16517973 0.3888934 0.71483004 0.39654276 0.32648152 0.29364914 0.18429604 0.53501934 0.18223168 0.28933227 0.54062575 -0.18232219 0.21001375 0.67683256 0.42632636 0.32437304 0.69633269 -0.25252682 0.18561241 0.80935889 0.60029989 0.32455441 0.85634786 -0.41982847
0.19907323 0.34003356 0.26866701 0.37136757 0.34242713 -0.22572108 0.08549395 0.41071278 0.57077658 0.31686002 0.3989239 -0.18660179 0.16204222 0.3929483 0.83356559 0.39639777 0.32660186 0.06864933 0.18005891 0.54048735 0.19333635 0.2853142 0.54704696 -0.19352861 0.20366311 0.68102282 0.41397169 0.32285243 0.70191807 -0.21245912 0.16892026 0.80732691 0.57386595 0.32199836 0.85555208 -0.32993734
0.19959947 0.34023732 0.25702789 0.37236857 0.34197822 -0.26626292 0.08644592 0.40927312 0.56199855 0.32253355 0.39898431 -0.36500841 0.17588334 0.40893206 0.81493586 0.3969447 0.3276065 -0.30964538 0.18628325 0.5420903 0.1954302 0.28693873 0.54761481 -0.19560686 0.20684296 0.68302387 0.4359445 0.32368267 0.70182723 -0.20525679 0.17248178 0.80517709 0.63312912 0.32280976 0.85388577 -0.30336645
0.19527656 0.34073097 0.25034645 0.371234 0.34337056 -0.26587221 0.08125677 0.40891668 0.58337927 0.32064155 0.39786738 -0.40878329 0.17150883 0.40619463 0.8870787 0.39643297 0.32593158 -0.41824475 0.18413822 0.54423177 0.19664653 0.28822637 0.54931062 -0.1968548 0.20731317 0.68505704 0.43559009 0.32263854 0.70481849 -0.19031987 0.16953303 0.80622 0.62268555 0.32225102 0.85426891 -0.27315646
0.19654466 0.34113732 0.25240299 0.37489074 0.34439346 -0.24815202 0.0826907 0.41040674 0.60351771 0.32566556 0.39082068 -0.33768678 0.16569617 0.4077841 0.93297583 0.39896098 0.3249715 -0.30159926 0.18538493 0.5426501 0.19483586 0.28779519 0.54828513 -0.19505182 0.21173586 0.68472391 0.39166817 0.32348466 0.70150185 -0.18272741 0.16518064 0.80791581 0.54468352 0.32238021 0.85211861 -0.25702095
0.1982414 0.34166801 0.26861522 0.37582323 0.34414241 -0.24172589 0.08278541 0.4120816 0.61582577 0.32369718 0.39081809 -0.3819066 0.16943853 0.41214579 0.9488644 0.39528051 0.32663423 -0.39307374 0.18583067 0.54239714 0.19530663 0.28681046 0.5471161 -0.19550008 0.21256627 0.68502671 0.38218623 0.322308 0.70138007 -0.17844108 0.16773306 0.80870646 0.52250111 0.32260969 0.85165203 -0.26566413
0.1977928 0.34224552 0.26982501 0.37507826 0.34411639 -0.24640189 0.08588029 0.4130953 0.59932601 0.32205814 0.39388385 -0.30123565 0.16953306 0.41220146 0.91408128 0.3942509 0.3278645 -0.15845369 0.18516573 0.5413456 0.19282489 0.28693742 0.54592079 -0.19301762 0.21191888 0.68495446 0.37355578 0.32156381 0.70184457 -0.17592661 0.17034827 0.80882472 0.5111962 0.32258269 0.85201722 -0.24960274
0.1959146 0.34205362 0.2913779 0.37330922 0.34398192 -0.25839666 0.08312275 0.41296092 0.64578038 0.32098186 0.39234892 -0.32896933 0.16947739 0.41256079 0.97044927 0.39746976 0.32804903 -0.19114916 0.18514776 0.5420751 0.20034371 0.28623641 0.54650056 -0.20055574 0.21325798 0.68446863 0.40464321 0.3221738 0.70053393 -0.17513861 0.1675843 0.80868018 0.56217921 0.32262087 0.85240799 -0.25408497
0.19701751 0.34195548 0.28204465 0.37394726 0.34370327 -0.2565833 0.08229938 0.41303617 0.61551112 0.32274124 0.39193466 -0.33878353 0.17302458 0.41451657 0.93947577 0.39988303 0.3278119 -0.20772049 0.18592069 0.5431208 0.19650319 0.28702876 0.54741746 -0.19670221 0.21304619 0.68533307 0.3902351 0.32237807 0.70222872 -0.1747842 0.17062257 0.80909026 0.53680438 0.32262427 0.853163 -0.24977273
0.19732864 0.3418999 0.27588749 0.37406608 0.34346861 -0.27589774 0.08114868 0.41362637 0.57924497 0.32397592 0.39233091 -0.34311831 0.17705628 0.41545567 0.88594913 0.40197885 0.32828599 -0.20585848 0.18533824 0.54300725 0.19205049 0.28736308 0.54717928 -0.1922341 0.21103534 0.68595409 0.38579199 0.32232741 0.70311648 -0.15792467 0.17165798 0.80935687 0.5386188 0.32255787 0.85252601 -0.22181991
0.19751923 0.34176663 0.27261764 0.3740257 0.34331653 -0.27560887 0.08043789 0.41383114 0.57732975 0.32401738 0.3925482 -0.34455773 0.17955628 0.41640538 0.88288778 0.40235579 0.32858023 -0.20704809 0.18446758 0.54293895 0.19239628 0.28704008 0.54710674 -0.19259031 0.21111846 0.68605125 0.39161766 0.3224861 0.70320362 -0.15352927 0.1724188 0.8103435 0.5477556 0.32256979 0.85252249 -0.21297926
0.19685708 0.3417621 0.27033916 0.37391487 0.34319341 -0.26156205 0.08149549 0.41446933 0.57929611 0.32359833 0.39489821 -0.27386734 0.18170817 0.41800097 0.87560666 0.40165389 0.32881382 -0.00917423 0.1837118 0.54256481 0.19098392 0.28705963 0.54675239 -0.1911864 0.20897879 0.68594104 0.38694364 0.32089916 0.70325738 -0.15363692 0.17223167 0.81082165 0.5377295 0.32251108 0.85271341 -0.21642096
0.19693252 0.34177667 0.29182479 0.37369508 0.34361467 -0.24958518 0.0824281 0.41490474 0.62392128 0.32329848 0.39421186 -0.23838207 0.17994572 0.41822407 0.9319517 0.40011385 0.32899255 0.02953214 0.1809995 0.54223537 0.19419992 0.28618762 0.54621834 -0.19443159 0.20786703 0.68541825 0.38234091 0.32036379 0.70251328 -0.16472127 0.17393482 0.81118309 0.52685064 0.32251376 0.85239434 -0.25411117
0.20001206 0.34199232 0.32337025 0.37418726 0.34385306 -0.25335518 0.08494128 0.41507944 0.64959115 0.32320595 0.39439812 -0.28209341 0.1791431 0.41879824 0.93815577 0.39894351 0.33348882 -0.06381536 0.17720976 0.5438357 0.20565714 0.28345516 0.54734862 -0.20585829 0.20838247 0.68556613 0.41950086 0.32283777 0.70177895 -0.18697309 0.17559223 0.81156027 0.58581018 0.32392415 0.85370404 -0.28163502
0.20053881 0.34323111 0.31144983 0.37414539 0.34691659 -0.25064343 0.08396436 0.41702619 0.64874828 0.3178418 0.4012391 -0.34042573 0.1710685 0.41550919 0.96018982 0.39818418 0.33469823 -0.30299422 0.16491926 0.54616296 0.21015508 0.27467948 0.54894054 -0.21032101 0.21011645 0.68549991 0.46619725 0.3264505 0.70125937 -0.2107729 0.17688559 0.81102824 0.66517788 0.32502809 0.85362124 -0.33027193
0.19920686 0.3469609 0.3269774 0.37409651 0.34954408 -0.24708901 0.0829541 0.42212504 0.69782984 0.31658548 0.40085134 -0.3700853 0.16709261 0.41526267 1.036713 0.39776367 0.33770701 -0.36832595 0.1545309 0.55155438 0.2177657 0.26274565 0.55346626 -0.21795431 0.21215414 0.68614608 0.48978904 0.33903641 0.70059907 -0.24409567 0.17717962 0.81051332 0.69231254 0.32684299 0.8538571 -0.36769846
0.20036483 0.35388163 0.29400235 0.37340835 0.35588819 -0.23873429 0.08551485 0.42857325 0.62966496 0.31172115 0.4098711 -0.39206466 0.16390111 0.41302639 0.99232304 0.39740649 0.34671152 -0.44432706 0.14761765 0.55628568 0.21286571 0.25327495 0.558065 -0.21311194 0.21346374 0.68583113 0.49126372 0.34673303 0.6994493 -0.2233424 0.17912501 0.80798715 0.70644134 0.33033788 0.85358369 -0.32889652
0.2010666 0.36100626 0.25113046 0.37079155 0.3638185 -0.23278618 0.08252532 0.43527266 0.54469305 0.30718872 0.42368463 -0.37712628 0.16275254 0.41217449 0.84822208 0.39974543 0.35319197 -0.42456174 0.14137214 0.56162155 0.21129294 0.24611229 0.56471074 -0.21135782 0.21688589 0.68061584 0.53135431 0.35338053 0.69446403 -0.21559754 0.17942116 0.8027733 0.72750455 0.33038905 0.85334295 -0.37876931
0.20175165 0.37019122 0.23767169 0.36987621 0.37264177 -0.18470751 0.07990776 0.43987659 0.53567189 0.30252489 0.43100134 -0.28399923 0.15810025 0.41201928 0.85454541 0.39844117 0.36342949 -0.32162479 0.13312446 0.56682342 0.20276982 0.23934174 0.57099593 -0.202813 0.22011001 0.67733681 0.56654072 0.36597207 0.6894505 -0.24135366 0.17966928 0.79768884 0.71420455 0.33013177 0.85312384 -0.48506632
0.2022502 0.37860882 0.27850845 0.36774144 0.38028523 -0.17088094 0.08051617 0.44486856 0.62294036 0.30137226 0.43060035 -0.21899405 0.16111018 0.41911012 0.97776318 0.39707226 0.37014905 -0.1425976 0.1238232 0.57341725 0.20181188 0.23040023 0.57818437 -0.20188503 0.22022381 0.67538351 0.59450924 0.37418175 0.6859864 -0.27024558 0.17974086 0.79631132 0.72997123 0.332385 0.85178208 -0.52965134
0.20190144 0.38755268 0.28576803 0.36431375 0.38883641 -0.15676697 0.07945082 0.45144722 0.62069875 0.29910111 0.44186172 -0.25434306 0.16224845 0.43550125 0.95440573 0.39699656 0.38563734 -0.23290721 0.1173001 0.58076739 0.20087284 0.21877596 0.5851106 -0.20099916 0.22323808 0.67571521 0.6029371 0.37874162 0.67931628 -0.27518544 0.18000744 0.79588801 0.72507083 0.33757192 0.84972882 -0.52519804
0.20189393 0.39192417 0.3485648 0.35612807 0.39310366 -0.1353755 0.07596871 0.45622274 0.67275357 0.28991649 0.44726187 -0.23421046 0.16122064 0.43301299 1.00205076 0.39685684 0.38884744 -0.20100515 0.11176777 0.58075941 0.20648953 0.21022931 0.58295172 -0.20669274 0.23867159 0.67593771 0.56535137 0.38271743 0.68027669 -0.2538963 0.18036011 0.79579204 0.62354058 0.33815038 0.84971458 -0.46308962
0.20224121 0.39990237 0.33411762 0.35623413 0.40310428 -0.15382251 0.07666495 0.46474612 0.64983183 0.2916815 0.45895872 -0.23140612 0.16255054 0.44148934 0.96785855 0.3957026 0.40058091 -0.16471064 0.10916464 0.58799732 0.20550647 0.2088697 0.59219915 -0.20569813 0.24024096 0.67685622 0.56030464 0.38119751 0.68983674 -0.18666434 0.18314092 0.79593283 0.62984675 0.34375378 0.84930521 -0.34954479
0.20154463 0.41002429 0.32282218 0.3542957 0.41351494 -0.15951511 0.07642362 0.47206396 0.64243913 0.29277125 0.4750258 -0.18333249 0.16481309 0.44962078 0.95563567 0.39563224 0.41162893 -0.02655159 0.10006911 0.59212333 0.20548636 0.20094404 0.59764296 -0.20569509 0.24327992 0.67625248 0.57835633 0.39060849 0.68698496 -0.15983324 0.18341509 0.79597253 0.65162432 0.34625512 0.84891778 -0.33252755
0.20166856 0.42025366 0.34201109 0.3491911 0.42329809 -0.13181432 0.07542281 0.4787468 0.70041233 0.29701343 0.47465926 -0.08671002 0.17066431 0.45737317 1.0666883 0.39778611 0.41969836 0.17667499 0.0910079 0.60224152 0.20503901 0.19398783 0.60671383 -0.20521306 0.24223068 0.67625505 0.6576854 0.39624202 0.68685621 -0.14573352 0.18323272 0.79608065 0.7186864 0.34632412 0.84871268 -0.34486526
0.20174949 0.42960775 0.36928275 0.34740421 0.43210608 -0.10530134 0.07357295 0.48740032 0.72247428 0.30115202 0.47546938 -0.10829282 0.16700295 0.47345597 1.10017729 0.39930373 0.43194267 0.08914411 0.08669436 0.61066347 0.2064334 0.18176033 0.61458468 -0.20675723 0.24192154 0.6772148 0.67373675 0.3908546 0.69299299 -0.16256765 0.1815117 0.79634178 0.74974114 0.35057458 0.84904331 -0.44656435
0.20203458 0.43702301 0.42533758 0.34734941 0.44187802 -0.09221224 0.07167866 0.49703991 0.80656159 0.31164008 0.49641356 -0.08655073 0.167136 0.47779205 1.18745363 0.40595356 0.44119138 0.16012801 0.08212424 0.62122631 0.20768207 0.17733356 0.62799531 -0.20806096 0.23679274 0.67941743 0.69330853 0.41162759 0.69294143 -0.17069067 0.17963712 0.79366314 0.78617656 0.35530195 0.84878069 -0.43974212
0.20226336 0.44570133 0.41014692 0.34641859 0.45200986 -0.09856648 0.07163633 0.50456166 0.7683329 0.31484237 0.50996721 -0.1293205 0.15611428 0.49108189 1.11551654 0.41472006 0.45166054 0.05754017 0.07874131 0.63084924 0.20569339 0.1707036 0.63621032 -0.20610856 0.22873785 0.67941052 0.67517173 0.40844885 0.69276106 -0.14361802 0.17908718 0.79382032 0.78373098 0.35384056 0.84838969 -0.34477201
0.20249479 0.45504054 0.3868295 0.34438992 0.46203855 -0.08989619 0.0719355 0.51581639 0.69689542 0.3171452 0.51609045 -0.09887367 0.14008123 0.51450855 0.96818691 0.41724271 0.46259263 0.13128567 0.07751282 0.63781095 0.19782424 0.15883744 0.64090824 -0.1982117 0.25784203 0.67090523 0.69561636 0.40545979 0.69263685 -0.19599546 0.17916937 0.79406363 0.8088907 0.35288987 0.85016662 -0.46620446
0.20410314 0.46445081 0.37784383 0.34418291 0.471264 -0.09110951 0.07370583 0.52665704 0.66148293 0.31032619 0.53715032 -0.12374081 0.13856111 0.5203532 0.93398005 0.422885 0.47283638 0.06117297 0.08049396 0.6466071 0.19298773 0.15735121 0.64679962 -0.19328259 0.27956718 0.67146039 0.66722554 0.40296969 0.69224924 -0.20188974 0.18071687 0.79542983 0.79704338 0.35394859 0.85103405 -0.44821605
0.20397137 0.47322223 0.374152 0.3444961 0.47990924 -0.07455158 0.07465512 0.53649622 0.66436499 0.3077746 0.54867977 -0.10558408 0.13802736 0.52180904 0.95595002 0.42655113 0.48198426 0.07916655 0.0810875 0.65353566 0.18522428 0.15504575 0.65264696 -0.18544467 0.27568516 0.67247677 0.61413234 0.40411949 0.69402581 -0.17190014 0.18194211 0.79583001 0.68581784 0.35878238 0.85102439 -0.3665919 
0.20897561 0.48176998 0.3533386 0.3422901 0.48885339 -0.08865982 0.07641051 0.5434711 0.617006 0.30799827 0.55818617 -0.27651668 0.13951929 0.53574443 0.87609249 0.4363583 0.49177632 -0.27165249 0.08266869 0.65899962 0.18426661 0.15010968 0.65901029 -0.18434675 0.28708974 0.67258203 0.623007 0.40327975 0.69553143 -0.20570378 0.18255354 0.79257643 0.73090351 0.36445916 0.85103685 -0.39839339
0.2103557 0.48914674 0.30195212 0.3405872 0.49923319 -0.15252168 0.0764639 0.55005276 0.53230572 0.30799216 0.5719558 -0.33562389 0.13489568 0.54860139 0.74647284 0.43703678 0.50727385 -0.32222334 0.08392707 0.66257751 0.1852375 0.14392745 0.66424614 -0.18533337 0.28834248 0.67611134 0.5923093 0.4005737 0.69927031 -0.20358869 0.18315141 0.79290587 0.71663004 0.36445582 0.85187584 -0.3236638 
0.21041302 0.49650362 0.28120518 0.34078312 0.50879806 -0.19014646 0.07651943 0.55822092 0.55020428 0.30843985 0.58799011 -0.29623491 0.13152619 0.55029064 0.78250837 0.43853316 0.52100718 -0.01046709 0.0845336 0.6677866 0.1853812 0.14188935 0.67484981 -0.18545829 0.28220761 0.68451172 0.5492667 0.39787635 0.70280463 -0.07968651 0.18521313 0.79311293 0.64223909 0.36337626 0.85184634 -0.0887821 
0.21043393 0.49875271 0.30009729 0.34037113 0.50876832 -0.17854917 0.07599045 0.56236643 0.55940312 0.30783859 0.58773708 -0.32025409 0.13236828 0.56097257 0.75970334 0.43660358 0.52538371 -0.24202435 0.082068 0.66594386 0.18565619 0.14377649 0.67321092 -0.18574043 0.2797856 0.68702233 0.56942409 0.40032497 0.7025007 -0.08265836 0.1861354 0.79311746 0.66944933 0.36357331 0.85027957 -0.11648671
0.21057637 0.50562519 0.28396404 0.33993241 0.51541573 -0.19402187 0.07595915 0.56815952 0.56771582 0.31102455 0.59844989 -0.28730911 0.13693801 0.55456471 0.815952 0.43764794 0.53127033 -0.16424349 0.08005069 0.67309815 0.18489441 0.14232059 0.68586862 -0.18495139 0.27748245 0.69227606 0.57183552 0.40323958 0.71467018 -0.08915289 0.18719181 0.79113615 0.69662786 0.36100525 0.85028672 -0.12459011
0.21161105 0.51371497 0.289327 0.33975783 0.52671176 -0.21236888 0.07646953 0.57518423 0.57964224 0.31384656 0.60759032 -0.25088364 0.13672118 0.56833357 0.83739543 0.44086775 0.5381285 0.02638923 0.07630367 0.68005157 0.18591674 0.14049786 0.69823015 -0.18599217 0.27677402 0.69518065 0.62464422 0.40530258 0.71570891 -0.09248367 0.18851264 0.79125077 0.75533664 0.35835811 0.85194576 -0.12804633
0.21307005 0.52135497 0.27934849 0.33876938 0.53580296 -0.20902914 0.07698657 0.58161682 0.58164626 0.31358826 0.61777866 -0.19654763 0.13524121 0.57715392 0.83670342 0.43984723 0.5470342 0.10258563 0.07539756 0.68818742 0.18606687 0.14141963 0.70650125 -0.18615866 0.2755765 0.69365126 0.6538865 0.41011098 0.71471196 -0.09447294 0.18701443 0.79040152 0.77543098 0.35159451 0.85279781 -0.1382592 
0.21392626 0.52952385 0.23669596 0.34091556 0.54740542 -0.20673281 0.07494118 0.58772337 0.54017544 0.31426665 0.62101012 -0.22170983 0.1355966 0.58657116 0.81884027 0.43905556 0.55348754 0.05248154 0.07550073 0.6970129 0.18316956 0.14220197 0.71628672 -0.18328235 0.27932623 0.6927461 0.61879742 0.41857171 0.71518773 -0.10520842 0.17786787 0.78753179 0.7614944 0.347799 0.85431236 -0.11221775
0.21390012 0.53623408 0.20425253 0.35086548 0.55535001 -0.20704 0.0729 0.59388715 0.49743918 0.31521025 0.6272074 -0.08042147 0.13488328 0.59133095 0.7479099 0.43848395 0.56084275 0.36670449 0.07410165 0.70740402 0.17074345 0.14511792 0.72475946 -0.17106125 0.27479967 0.69263732 0.62800831 0.42576516 0.71376264 -0.06477519 0.17016898 0.78800732 0.75099504 0.34814724 0.85413033 -0.06204431
0.21386647 0.54405594 0.18932943 0.35118464 0.56158853 -0.20089947 0.0724702 0.60174328 0.45919007 0.31551039 0.63527399 -0.01518281 0.1306221 0.60319668 0.69147825 0.4344812 0.56795335 0.48256823 0.07426808 0.71695405 0.16766287 0.14668871 0.7337513 -0.16807772 0.27693632 0.69253957 0.6060496 0.43451801 0.71279293 -0.05242531 0.17123085 0.78836524 0.71288121 0.34839919 0.85328072 -0.00577081
0.21470056 0.55037487 0.19104032 0.35111737 0.56661159 -0.20479226 0.07127251 0.60544616 0.48501506 0.3192476 0.63964432 -0.05598497 0.12617593 0.60068965 0.73109174 0.4345907 0.57153499 0.39565289 0.07494129 0.72192377 0.16789185 0.14230271 0.73653108 -0.16820489 0.28452349 0.69248891 0.53693271 0.43220702 0.71233636 -0.05556932 0.19454886 0.79777187 0.67572647 0.33852112 0.85330659 -0.01067408
0.21479727 0.55705816 0.17631257 0.35215098 0.57404238 -0.20100869 0.07154331 0.60990077 0.46692887 0.32232597 0.64655757 0.01181852 0.12097387 0.60489696 0.72217143 0.43092856 0.58200848 0.52858371 0.07521458 0.72671115 0.16314727 0.14302085 0.74276268 -0.16354372 0.28120178 0.69736511 0.57357424 0.44212198 0.71194726 -0.04892398 0.19681507 0.79763639 0.69848752 0.34084111 0.85496414 -0.03425284
0.21868783 0.5627678 0.19952099 0.34613723 0.5795576 -0.23027807 0.07379085 0.61410648 0.4720315 0.31556132 0.65722209 -0.05401613 0.12150742 0.60412329 0.74107385 0.43537942 0.58544737 0.37336445 0.07710764 0.73377198 0.17173898 0.14088048 0.74967188 -0.17188519 0.30070218 0.69669706 0.47050244 0.44027442 0.71266913 -0.05475443 0.22655177 0.81471449 0.61470282 0.34134686 0.85553211 0.08598136
0.21892221 0.56809688 0.20607442 0.34436634 0.58655488 -0.26865807 0.07381951 0.61687535 0.51751453 0.31543612 0.66140187 -0.14771053 0.11587761 0.61130434 0.75627244 0.43628511 0.59221977 0.30144486 0.07996555 0.7399435 0.17594042 0.13802366 0.75817716 -0.17586584 0.31051293 0.70268923 0.41223586 0.44350058 0.70959663 -0.06771765 0.24054365 0.82046664 0.61019647 0.34151101 0.85547262 0.22217894
0.2208848 0.57294983 0.2079097 0.34434164 0.58864444 -0.25920713 0.07436021 0.61688882 0.5327909 0.3168613 0.66216344 -0.38450187 0.11003038 0.61825842 0.77608395 0.43831751 0.59607762 -0.27781957 0.08038714 0.74442655 0.1759652 0.13818358 0.76225948 -0.17590998 0.33499962 0.70888734 0.36065775 0.45221865 0.70976371 -0.07305896 0.2675803 0.83168006 0.55182338 0.34219438 0.85307699 0.22224574
0.22375378 0.57175845 0.20826414 0.34364119 0.58847326 -0.24557032 0.08022522 0.61848837 0.4882673 0.3181057 0.66516632 -0.41540191 0.10557944 0.62201029 0.69420159 0.43852898 0.59869879 -0.40865406 0.08412203 0.74151707 0.16855 0.13889177 0.7607339 -0.16857155 0.3245573 0.7181648 0.38704932 0.46938765 0.7159282 -0.07759283 0.26071623 0.83043975 0.58383793 0.34741837 0.8508473 0.25650865
0.22389562 0.57044178 0.1823885 0.34368137 0.58857954 -0.26545793 0.08006808 0.61977232 0.45034826 0.31862757 0.66707492 -0.33879524 0.10715253 0.621952 0.62781274 0.43844607 0.60128486 -0.17106047 0.08460571 0.74211103 0.16678445 0.14085099 0.76245761 -0.16678685 0.3198278 0.71637189 0.40797871 0.47183803 0.71744239 -0.07358707 0.25144991 0.82614827 0.60875863 0.35486501 0.84641343 0.29306871
0.22387172 0.56990159 0.18486544 0.3436828 0.58803868 -0.2624974 0.0799503 0.61924744 0.4304496 0.31994933 0.66967195 -0.3130247 0.10111783 0.61824358 0.56204444 0.43854344 0.60188586 -0.12113079 0.08496012 0.741633 0.16573805 0.14307292 0.76114792 -0.16574839 0.31557131 0.71633536 0.401582 0.47160494 0.71703881 -0.0690136 0.25572556 0.82564342 0.61276776 0.36247644 0.84428948 0.28350013
0.22370841 0.56978238 0.18459827 0.34613851 0.58981824 -0.27634746 0.07534153 0.61718845 0.4563528 0.31974673 0.66757977 -0.29417279 0.10562172 0.61710274 0.63525647 0.43643451 0.60250527 -0.07364214 0.08493751 0.74046797 0.16613333 0.14386196 0.75972003 -0.16618197 0.30615723 0.71491778 0.42436028 0.46690437 0.71674532 -0.04067723 0.25100487 0.82385522 0.64587963 0.36186734 0.84476578 0.30703646
0.21949537 0.56773037 0.16227461 0.3447414 0.58678776 -0.28186038 0.07570338 0.61584938 0.44677356 0.31969753 0.66436374 -0.29290703 0.10256418 0.61503917 0.6503551 0.43451753 0.59938008 -0.06614859 0.08459685 0.73891389 0.1644077 0.14397234 0.75866592 -0.16437499 0.30274838 0.71364731 0.4232454 0.44476753 0.71798009 -0.03844386 0.24280173 0.82276183 0.64562649 0.36153698 0.84502792 0.28833961
0.21739648 0.56708825 0.17241655 0.33303729 0.58567452 -0.2759808 0.06809193 0.61485499 0.45143488 0.3133285 0.66211349 -0.35882246 0.10456432 0.61804038 0.63217789 0.43164545 0.59758168 -0.22921297 0.08413258 0.73626971 0.16482584 0.13821556 0.75706589 -0.16477512 0.30897951 0.71286744 0.38407782 0.42467853 0.718849 -0.03926618 0.24845265 0.82535547 0.58436608 0.35888195 0.84621084 0.24327248
0.21163981 0.56545067 0.17691946 0.32622349 0.57985532 -0.27517733 0.05960473 0.61250013 0.45670477 0.31289649 0.64532822 -0.36551529 0.10555147 0.6149953 0.65760869 0.42902508 0.59011704 -0.21936947 0.07897109 0.73211968 0.16833852 0.1336403 0.75280565 -0.1681848 0.30578685 0.70037067 0.40506804 0.41509524 0.71985841 -0.04749399 0.24631336 0.82518899 0.59904379 0.35522166 0.85033876 0.22546096
0.2079066 0.55582196 0.22736131 0.32693407 0.57100904 -0.2714985 0.05579262 0.6074909 0.54052073 0.30987856 0.63887036 -0.43212393 0.11043599 0.58979684 0.80044258 0.42871848 0.57965475 -0.38850039 0.06942226 0.72582287 0.17968337 0.13401814 0.74907196 -0.17938757 0.30703396 0.68621629 0.39120886 0.41489542 0.71675968 -0.08155917 0.25698727 0.82482207 0.57817578 0.35140091 0.85090715 0.18495096
0.20802961 0.54631615 0.22455838 0.32817245 0.56224328 -0.26675946 0.05696953 0.59393138 0.51041085 0.30813223 0.62651724 -0.43536532 0.09298318 0.59173608 0.72961384 0.42553312 0.57403255 -0.45053893 0.07036523 0.7128858 0.18106499 0.12976824 0.73607945 -0.18076274 0.30942732 0.67841703 0.37596068 0.40330851 0.71108013 -0.09691001 0.22773227 0.80853498 0.53628546 0.34712833 0.85181159 0.13244894
0.20638186 0.53741771 0.25498983 0.33407307 0.5547483 -0.24390805 0.0558761 0.57857019 0.51016706 0.30845991 0.60543591 -0.44938305 0.08414534 0.57860619 0.72583723 0.42533353 0.56380737 -0.50646198 0.06959587 0.70299131 0.18467069 0.12796524 0.72186071 -0.18447575 0.30901393 0.6836291 0.36147687 0.39831784 0.70008016 -0.1121436 0.22684053 0.80821759 0.51447558 0.34568983 0.85207343 0.08005617
0.2052303 0.52847028 0.25812393 0.33495992 0.54571956 -0.22976355 0.05654489 0.56998348 0.5096944 0.31035033 0.59047037 -0.49068287 0.075333 0.5664655 0.7255488 0.42420614 0.55444914 -0.62368429 0.06898271 0.69391572 0.18433343 0.12851565 0.71004331 -0.18413834 0.30569687 0.68436724 0.35675624 0.38713843 0.69904971 -0.14414795 0.22618559 0.80453396 0.51253486 0.34489921 0.85249531 0.01957806
0.20845342 0.51956177 0.24839455 0.33658165 0.53946644 -0.27129903 0.06955815 0.55156404 0.47606614 0.31232575 0.58183151 -0.57229495 0.06684847 0.55811203 0.6194036 0.42434204 0.5454455 -0.73511982 0.09117363 0.68363345 0.18695809 0.12913522 0.6972934 -0.18686931 0.33314484 0.68297142 0.28028849 0.37911099 0.69264662 -0.17087811 0.24704292 0.80540276 0.40189183 0.33731511 0.84818906 0.00337953
0.20897911 0.51110321 0.24718605 0.3401691 0.5355674 -0.30386126 0.07613376 0.5388748 0.4761734 0.33614707 0.56519681 -0.61236697 0.06442247 0.54613054 0.63830912 0.42477977 0.5362016 -0.80325574 0.09065796 0.67231077 0.19088069 0.12488871 0.69244486 -0.19080366 0.32913637 0.68816346 0.2482425 0.34784359 0.69238693 -0.16727464 0.25851911 0.8139025 0.37113106 0.26449347 0.83477712 -0.01325871
0.20877355 0.50445056 0.32519898 0.34018987 0.52162796 -0.3025282 0.07626673 0.54439163 0.48007557 0.33355224 0.56316501 -0.5654251 0.05273148 0.55793899 0.55954349 0.42375082 0.52931392 -0.47086316 0.0838726 0.6659795 0.21345375 0.12233251 0.68219382 -0.21344188 0.2562336 0.68841743 0.34092575 0.35073942 0.69414157 -0.15018702 0.19878739 0.80042082 0.53915817 0.31064796 0.84006661 0.01264187
0.20488943 0.5010547 0.30712178 0.34003386 0.5156343 -0.24442278 0.07174979 0.5470199 0.53630537 0.33201763 0.5734548 -0.33958694 0.05968586 0.55776191 0.68001509 0.42397705 0.52839202 -0.17919916 0.07736617 0.66480792 0.20750232 0.1132917 0.67829573 -0.2074278 0.26994127 0.68752164 0.34326285 0.35692388 0.6942957 -0.10046682 0.20773818 0.80230975 0.53692383 0.31277826 0.83663428 0.10654994
0.19943506 0.4951556 0.32402113 0.33992502 0.51223928 -0.23061898 0.07123772 0.53593278 0.62218541 0.33100659 0.55795324 -0.35023338 0.06365214 0.54231584 0.85483295 0.42327473 0.52016741 -0.23647082 0.0701584 0.65758818 0.20445465 0.11215226 0.67106795 -0.20445891 0.25303406 0.68504655 0.37652862 0.36315042 0.69180351 -0.08509064 0.19438311 0.79306763 0.57891107 0.32145727 0.8380264 0.1541885 
0.19784154 0.48524871 0.30894944 0.34140566 0.50442511 -0.21561709 0.0704327 0.52059197 0.6093725 0.34741977 0.54657626 -0.26911145 0.06569187 0.52644032 0.83517218 0.42178732 0.50706935 -0.05470074 0.04724482 0.64748484 0.20233248 0.11042905 0.65913588 -0.20229642 0.24474682 0.68781817 0.42163256 0.3565869 0.68945491 -0.06186173 0.17805363 0.79617381 0.59489447 0.32279143 0.839131 0.12948737
0.18482567 0.47855675 0.36283326 0.34171355 0.49371153 -0.1681046 0.06567321 0.51125985 0.65757698 0.35219142 0.53404719 -0.20003903 0.06609158 0.51413214 0.8864153 0.4189406 0.49327078 0.03047088 0.04402283 0.63838744 0.20354016 0.10609956 0.65056872 -0.20377433 0.23670292 0.68675959 0.46191487 0.35188395 0.68632567 -0.06902255 0.17073031 0.79785907 0.58238059 0.3261705 0.84680617 -0.00435269
0.18464737 0.47065416 0.36988831 0.34531176 0.48505145 -0.18164091 0.05732271 0.5125314 0.67094904 0.35725614 0.52536523 -0.18963657 0.04851786 0.50337428 0.88477707 0.41846183 0.47868443 0.08852135 0.04625805 0.6330741 0.21845694 0.10799983 0.64613801 -0.21881008 0.24736241 0.67510951 0.43498164 0.3561458 0.68118834 -0.13164893 0.17895351 0.8018322 0.61139035 0.32763669 0.84883755 -0.00199258
0.18459198 0.46268985 0.38177305 0.33490095 0.47799215 -0.18188922 0.05802506 0.50195813 0.6819337 0.35873878 0.51103699 -0.24743025 0.05265145 0.49632886 0.90342969 0.41754237 0.46764171 -0.07064737 0.031333 0.62902737 0.22099748 0.10866858 0.63771623 -0.22124578 0.24334477 0.67842996 0.4227373 0.354635 0.67840219 -0.16897705 0.16953139 0.80454451 0.59444129 0.33433178 0.8501665 -0.08407631
0.18606339 0.4522219 0.37089157 0.33579582 0.46292603 -0.19079994 0.05830732 0.49136645 0.6859653 0.3635236 0.49260005 -0.27084106 0.05459534 0.49165365 0.95069724 0.41594478 0.45556191 -0.12812595 0.02926004 0.62374628 0.22088635 0.10935617 0.63393223 -0.22100423 0.24875319 0.67741323 0.4379411 0.35702133 0.67815584 -0.21995413 0.16915849 0.80497926 0.61683285 0.33708847 0.85188019 -0.19937722
0.187057 0.44188321 0.35654449 0.33484951 0.45408013 -0.21328694 0.05542554 0.48537669 0.67107964 0.36026552 0.48164019 -0.42480114 0.0554317 0.48224321 0.96465987 0.41599154 0.44468048 -0.42490572 0.03322465 0.61692506 0.21876121 0.11335974 0.63432962 -0.21881865 0.26106578 0.66041619 0.48866171 0.36114371 0.67770094 -0.21693225 0.16964453 0.80108863 0.67463797 0.34023976 0.85217643 -0.22855161
0.18541931 0.43282032 0.3493177 0.33598939 0.44076985 -0.24591991 0.04766458 0.47800505 0.68504393 0.31896624 0.46868494 -0.50492352 0.05899331 0.47160053 1.00267577 0.41491753 0.43648189 -0.54062027 0.03935853 0.61412317 0.21809 0.12814213 0.63095021 -0.21803296 0.26132008 0.6650908 0.51364291 0.3695502 0.67852801 -0.2444278 0.16799721 0.8004244 0.74606788 0.33879435 0.85316813 -0.23668066
0.18654148 0.41898003 0.28867498 0.34113467 0.43193346 -0.28218776 0.05622695 0.46379757 0.60144061 0.30859563 0.46060422 -0.65421748 0.05876325 0.46250087 0.96977812 0.41473672 0.42524144 -0.89571524 0.05709228 0.60288817 0.21310361 0.13875534 0.61765349 -0.21289422 0.26296189 0.66466922 0.49380815 0.37152171 0.67688626 -0.23176299 0.17002745 0.80021197 0.68289948 0.33177632 0.85286731 -0.18940528
0.18217908 0.41157836 0.27657866 0.34114221 0.41479015 -0.26662302 0.05646244 0.4599098 0.60628515 0.31168544 0.44305864 -0.45988795 0.074275 0.45787907 0.96278733 0.4085632 0.41287038 -0.32296833 0.06441162 0.59763145 0.20110606 0.15050654 0.60700184 -0.2008334 0.25395724 0.66455358 0.54949355 0.37297556 0.67413348 -0.24436371 0.17196712 0.79920352 0.75995135 0.33202821 0.8521719 -0.31553084
0.1824618 0.40934336 0.28686288 0.34160721 0.41249835 -0.25096545 0.05435169 0.45509225 0.60894179 0.31039038 0.4422209 -0.3893396 0.07983775 0.45560735 0.93420756 0.40906811 0.41078928 -0.29319152 0.07054067 0.59447056 0.20063953 0.15565133 0.60017174 -0.20036493 0.25450516 0.65079176 0.53947598 0.37595874 0.67273599 -0.31392792 0.17331813 0.79439056 0.75607336 0.3347559 0.85216731 -0.43687546
0.18266132 0.39600998 0.27983391 0.34237507 0.39981323 -0.24836145 0.05446615 0.44124687 0.59029299 0.31259289 0.42849162 -0.46497935 0.08282673 0.44345874 0.87877917 0.4085452 0.3998681 -0.53354114 0.08277886 0.58423382 0.19918354 0.16659985 0.59050393 -0.1988773 0.25224665 0.6544894 0.55498993 0.37719408 0.67126811 -0.3494055 0.17425077 0.78961009 0.78834009 0.33466846 0.85212737 -0.49903095
0.18241209 0.38819176 0.28276262 0.34566331 0.38402238 -0.24880399 0.04157104 0.44054148 0.59191281 0.31411606 0.40982378 -0.46675801 0.09607571 0.43900919 0.84993321 0.40484834 0.38448447 -0.49725246 0.09036396 0.57544833 0.20055205 0.17633079 0.58177751 -0.2002064 0.24316126 0.65717989 0.53687441 0.37362319 0.67192781 -0.29651636 0.1770747 0.78990144 0.78869563 0.33510691 0.85007268 -0.37777728
0.17921019 0.37450519 0.28762329 0.35193121 0.37011018 -0.24895437 0.03938323 0.43818483 0.58854675 0.31521344 0.40857637 -0.45375073 0.11109304 0.43572691 0.83307076 0.40238681 0.36834285 -0.45323864 0.100006 0.56978953 0.20119745 0.19292147 0.57488215 -0.20088613 0.23923238 0.66562831 0.53723985 0.37220708 0.67578697 -0.28720695 0.17681649 0.79247701 0.78244668 0.33471066 0.85077423 -0.34335995
0.17819852 0.36416695 0.28886983 0.36556146 0.36073181 -0.24078833 0.03994527 0.43017474 0.58217984 0.31651583 0.39537555 -0.35954097 0.11190818 0.43511218 0.83615839 0.40179682 0.35044318 -0.26040453 0.11190884 0.55789435 0.19960579 0.20993358 0.56620008 -0.19952035 0.22853214 0.66904992 0.51833457 0.36626661 0.68536961 -0.21673748 0.16883214 0.79294962 0.75780088 0.3368918 0.85200024 -0.33355442
0.17867997 0.35653609 0.20943904 0.37459812 0.34917223 -0.23676288 0.04033394 0.4263078 0.43513364 0.31567743 0.39923349 -0.37775815 0.12022868 0.43023321 0.69499338 0.4003402 0.34713295 -0.31855342 0.12682477 0.55169314 0.16859399 0.23074229 0.55924541 -0.16882136 0.2273507 0.67715955 0.40212321 0.35635182 0.68621224 -0.03071749 0.16987367 0.79427904 0.46463871 0.33312482 0.85195982 -0.07218561
0.17901982 0.35001177 0.19408841 0.37715229 0.34169915 -0.22059956 0.04244616 0.42200005 0.3962557 0.32525796 0.38722339 -0.24746667 0.1399067 0.41826135 0.59776843 0.40080819 0.33388001 -0.06141528 0.13258706 0.54632771 0.1555697 0.24104072 0.55217272 -0.1559898 0.21477227 0.67631346 0.37208104 0.34081063 0.68640119 -0.00135638 0.17047541 0.80077916 0.39781722 0.3311685 0.85028452 -0.06168262
0.17916456 0.34385699 0.20701329 0.377491 0.33410078 -0.20553735 0.04946887 0.41425428 0.42032427 0.32824111 0.37775412 -0.18761855 0.15355819 0.42131099 0.60789925 0.40140983 0.32601595 0.08788685 0.14188425 0.54430866 0.15279679 0.2523523 0.55128407 -0.15327375 0.20334117 0.67985046 0.38191193 0.33029023 0.68756044 -0.04527915 0.17782721 0.80577844 0.45249739 0.33056355 0.84936798 -0.0915919 
0.17895658 0.34157166 0.2017749 0.37500298 0.33323917 -0.19072463 0.05136884 0.41048658 0.43576321 0.33111274 0.3655242 -0.2511147 0.15171279 0.41166946 0.6668092 0.3973662 0.324687 -0.10120361 0.14634003 0.54279131 0.14851901 0.25421527 0.54810715 -0.14894412 0.20095749 0.68070495 0.37000072 0.33030677 0.68784577 -0.02998326 0.17942464 0.80872899 0.38214743 0.32958838 0.85077536 -0.12433082
0.17817068 0.34272859 0.2317934 0.35560989 0.33591464 -0.19707489 0.05130506 0.40931198 0.4552106 0.32703233 0.37136802 -0.25517514 0.14693673 0.41191283 0.69802856 0.39782688 0.32564345 -0.16242047 0.15065888 0.54059052 0.15711926 0.25900173 0.54514062 -0.15746912 0.19740985 0.68041265 0.38519293 0.3282375 0.6889196 -0.11420292 0.18040353 0.80800849 0.46468028 0.32896984 0.85190094 -0.18765463
0.17777725 0.34288967 0.26525629 0.35571504 0.33593836 -0.21802168 0.0502765 0.40493262 0.49166939 0.325486 0.36945146 -0.42217726 0.1451695 0.41447163 0.7098819 0.3984018 0.32343858 -0.44607225 0.15252258 0.54274821 0.16012771 0.26109275 0.54787052 -0.16040002 0.19597703 0.68916321 0.39257059 0.31092182 0.70037746 -0.13960856 0.18582067 0.81473362 0.50222659 0.32657024 0.85683089 -0.19734128
0.17664076 0.34287271 0.28929326 0.35604751 0.33740959 -0.21663564 0.04920511 0.40346235 0.51376176 0.33043703 0.36077508 -0.37899685 0.14629486 0.41601107 0.71183503 0.39865929 0.32371727 -0.25609505 0.15404607 0.54042792 0.17011786 0.25993264 0.54444367 -0.17030998 0.19714594 0.68787962 0.43495113 0.30899382 0.69809175 -0.20110242 0.18620387 0.81390345 0.62440848 0.32582071 0.85683376 -0.3284815 
0.17512429 0.34360561 0.30942795 0.35841981 0.33713943 -0.21375699 0.04902529 0.40285888 0.54176277 0.33230004 0.36620238 -0.29639024 0.14815579 0.41316292 0.7338255 0.39786312 0.32700631 -0.10003112 0.15444191 0.53885072 0.17326564 0.26145729 0.5420211 -0.17344825 0.19747978 0.68671161 0.41781387 0.30373579 0.69747096 -0.18916143 0.18611199 0.81346804 0.6007753 0.32191059 0.85658431 -0.28371108
0.17516957 0.34428626 0.3306573 0.35833603 0.33799285 -0.21425246 0.0489611 0.40198046 0.5828377 0.33217102 0.36545029 -0.33710149 0.14679724 0.41398335 0.80182117 0.39640197 0.32620013 -0.26531437 0.15493234 0.53819203 0.18677452 0.25967392 0.54255593 -0.18696049 0.19575115 0.68601936 0.41593432 0.3044183 0.6981653 -0.20640698 0.18235743 0.81430137 0.58829111 0.32221302 0.85688955 -0.31577185
0.17091937 0.34566125 0.2825627 0.35828522 0.34051961 -0.21667822 0.04736601 0.40500548 0.5732733 0.33211064 0.37043375 -0.28507435 0.14609729 0.41309029 0.79657918 0.39592949 0.32583502 -0.12259749 0.15409732 0.54074287 0.18332668 0.25817588 0.54563296 -0.1834906 0.19530256 0.6875124 0.37684938 0.30244026 0.69999194 -0.16976313 0.17961924 0.81480902 0.5156889 0.32251462 0.85686886 -0.2265982 
0.17104313 0.34569484 0.29407415 0.35822079 0.34211308 -0.22284058 0.04722637 0.40483758 0.56307685 0.32924163 0.37298957 -0.16363539 0.14631256 0.41246706 0.74857265 0.39240444 0.32771125 0.2362521 0.15463981 0.5412448 0.1856527 0.25894064 0.54660934 -0.18584143 0.19429018 0.68694532 0.37300509 0.30408189 0.69966608 -0.16960998 0.17591992 0.81477141 0.49479082 0.3239986 0.85675031 -0.22382665
0.17123947 0.34558731 0.29639441 0.35761389 0.3429285 -0.22846034 0.04684621 0.40531906 0.5618096 0.32609722 0.37415937 -0.15416974 0.1455792 0.40546641 0.7681725 0.39135182 0.32632026 0.23215531 0.15413679 0.54154289 0.18659933 0.25699809 0.54718029 -0.18677491 0.19440439 0.68810105 0.36798134 0.30570155 0.70057613 -0.16021784 0.17377889 0.82012713 0.48356324 0.3249898 0.85665619 -0.21008229
0.1708893 0.34569323 0.29415572 0.35721707 0.3435564 -0.22825457 0.04668875 0.40623677 0.55605525 0.32734171 0.37522379 -0.17010991 0.14474671 0.40773481 0.77299929 0.39167228 0.32257971 0.17367767 0.15393744 0.54196888 0.18348914 0.25635198 0.54741079 -0.18367453 0.19463499 0.68825114 0.34305304 0.30619568 0.70084667 -0.14588532 0.1736915 0.82334328 0.44710714 0.32620677 0.85659432 -0.19549909
0.17074615 0.34553632 0.29010481 0.35576656 0.34388477 -0.22934526 0.04667502 0.40684402 0.56944877 0.3241677 0.37578711 -0.23942405 0.14443956 0.40879899 0.82920331 0.3932215 0.31805012 -0.06903004 0.15376462 0.54184288 0.18294859 0.2559258 0.5472241 -0.18313088 0.19405308 0.68791336 0.35638642 0.30623811 0.70104206 -0.14940618 0.17265385 0.82203501 0.45446452 0.32626083 0.85657465 -0.2099991 
