0.68542832 0.3343161 -0.16445734 0.6010657 0.32853696 0.04390292 0.68808717 0.38508466 -0.4229275 0.5811007 0.37867254 -0.0157681 0.59203225 0.33736941 -0.56581163 0.58939248 0.35171652 -0.16119055 0.51990592 0.48438686 -0.08184592 0.48347586 0.47421372 0.08193317 0.49681747 0.56548619 -0.16892099 0.4881081 0.55569965 0.01191892 0.46721745 0.67029315 -0.21187469 0.44186762 0.65231758 0.01031401
0.66880518 0.33339766 -0.06967273 0.71208453 0.33336765 0.23426655 0.66884488 0.39672512 -0.1950087 0.73670077 0.38746116 0.23616153 0.61028802 0.34079921 -0.17341107 0.71622109 0.35298684 0.24576707 0.54461813 0.49112523 -0.10632993 0.57619071 0.48398921 0.10543634 0.5628193 0.63581783 -0.15700632 0.64369601 0.60703433 0.09332712 0.59373444 0.7630918 -0.25390923 0.65670913 0.72199303 0.04347821
0.69040716 0.33612773 0.04676955 0.84775174 0.34819371 0.46171027 0.6297214 0.40157172 0.00663065 0.9100827 0.40967181 0.47385091 0.60896242 0.33004147 0.18063776 0.88326538 0.36956155 0.53112483 0.62239987 0.50278372 -0.18392035 0.70793062 0.51522237 0.18260622 0.6695087 0.6788559 -0.21103546 0.77925354 0.65387613 0.3529484 0.67692661 0.84922707 -0.29152668 0.81417769 0.79037082 0.39054897
0.70522028 0.34264967 -0.12988657 0.87044376 0.36174014 0.30792344 0.65500259 0.4091638 0.02025653 0.92745471 0.42040077 0.50235856 0.6376701 0.35560817 0.39104387 0.89136493 0.37487468 0.76501471 0.70018947 0.53569692 -0.20787294 0.80583221 0.5450871 0.20668764 0.68729138 0.70305097 -0.19382055 0.79499394 0.67599338 0.46748427 0.68675923 0.85152155 -0.21302888 0.84005398 0.7950111 0.71721047
0.67159218 0.33989212 -0.20482792 0.84883344 0.36015588 0.21875778 0.64330822 0.39478377 -0.14795616 0.93870586 0.42412418 0.47227705 0.59614593 0.32171622 0.18408066 0.88237387 0.38805574 0.85555762 0.71020192 0.54222393 -0.16244884 0.82606405 0.54743207 0.16148187 0.67859596 0.69341117 -0.14965446 0.81635886 0.6821081 0.31538382 0.6798926 0.84975612 -0.17580983 0.8224057 0.8075906 0.44080737
0.64228624 0.34142193 -0.25323704 0.84761 0.35903037 0.20095293 0.64113975 0.39201623 -0.14261681 0.94287354 0.42585242 0.45066649 0.5862143 0.32768708 0.25735953 0.85238808 0.39057675 0.8062371 0.71679938 0.54342747 -0.18080057 0.82209021 0.54295373 0.17997237 0.69890898 0.69409788 -0.17990997 0.8087104 0.6814431 0.35816082 0.68673527 0.85459769 -0.20833847 0.81742883 0.81056625 0.47969893
0.63337684 0.34155896 -0.18484361 0.83804262 0.35830894 0.20898949 0.62666565 0.3831611 -0.01645465 0.94151324 0.42245498 0.47745085 0.60245776 0.3224133 0.45868099 0.85389763 0.3912389 0.86218208 0.71689606 0.54293984 -0.16484904 0.82152212 0.54031181 0.164 0.69411808 0.69480175 -0.17596532 0.800852 0.68024135 0.29101023 0.68038321 0.8611545 -0.22885574 0.81976008 0.80840701 0.36189851
0.63481414 0.3411729 -0.20493741 0.83585012 0.35707715 0.2172011 0.63492894 0.38635445 -0.05246753 0.936634 0.42109194 0.49989602 0.59735185 0.3241272 0.40986341 0.85946864 0.39300814 0.88811392 0.71895742 0.54306751 -0.15923548 0.82662147 0.53927702 0.15844141 0.695876 0.69643754 -0.15498181 0.79618132 0.68283069 0.29271349 0.67787045 0.85612291 -0.19302811 0.82034719 0.80914432 0.36390641
0.63159007 0.34191272 -0.21694939 0.8340984 0.35592079 0.1897928 0.63045228 0.37999526 -0.03406776 0.93949968 0.42064062 0.44938964 0.58641046 0.31909782 0.44185096 0.85863513 0.40046093 0.8411783 0.71869761 0.5458132 -0.14607917 0.82681006 0.54179168 0.14522192 0.69796795 0.69667822 -0.11182113 0.79207355 0.68375605 0.30298477 0.68168181 0.84976715 -0.12993737 0.81318742 0.81009072 0.40140626
0.62967461 0.34296751 -0.21417437 0.83742875 0.35525122 0.21575555 0.63719678 0.37747648 -0.06069873 0.94116086 0.42068344 0.51428878 0.59955412 0.31524697 0.41090196 0.86984557 0.39338577 0.91269523 0.72150505 0.54541844 -0.15958636 0.82973146 0.54073942 0.15886146 0.69500971 0.69562334 -0.13147382 0.79504907 0.68226492 0.3021487 0.68030775 0.84893417 -0.17481609 0.81272501 0.81008226 0.3673825 
0.63087684 0.34372219 -0.20399642 0.83685064 0.3535338 0.20718329 0.64717376 0.3802186 -0.05652501 0.93825042 0.42053646 0.48180035 0.60329944 0.32066885 0.37806618 0.8694706 0.3912397 0.86146611 0.72034073 0.54464257 -0.15609294 0.82909757 0.5403741 0.15541212 0.69259167 0.69501412 -0.13522977 0.79554945 0.68097919 0.29523179 0.68415391 0.85138714 -0.176744 0.81458545 0.81414199 0.36703008
0.6354807 0.34388521 -0.21251683 0.83780211 0.3531068 0.20554069 0.65635282 0.38115492 -0.0767796 0.93827432 0.42032152 0.48776585 0.60348862 0.32028624 0.32181215 0.86188084 0.3909789 0.87251878 0.72244155 0.54415447 -0.15573429 0.83047932 0.54004157 0.15512176 0.69225174 0.69448888 -0.13738558 0.79402977 0.68046337 0.29962331 0.68621081 0.85155904 -0.17763861 0.81569636 0.81494051 0.38218075
0.63607663 0.34340638 -0.20228299 0.83856255 0.35288477 0.20464781 0.65893704 0.38116556 -0.03840551 0.93869472 0.41983685 0.4715158 0.61421806 0.32479829 0.40450037 0.86667067 0.38861841 0.86247385 0.72337329 0.54423887 -0.15285151 0.83139426 0.54016745 0.15219377 0.69446599 0.69531322 -0.13180239 0.79601359 0.68085498 0.30772275 0.68575031 0.85131139 -0.16039427 0.81404889 0.81542486 0.40032217
0.6345365 0.34202996 -0.22210151 0.83938259 0.35267836 0.20695759 0.66420084 0.38126269 -0.05720786 0.9418956 0.41961005 0.50312537 0.61506653 0.32733354 0.39500612 0.86186594 0.3867642 0.90783405 0.72441155 0.54438603 -0.16669998 0.8307119 0.54052299 0.16610557 0.69393146 0.69425517 -0.1400235 0.79343766 0.68095899 0.32888785 0.68641609 0.85071909 -0.17219581 0.81433928 0.8150624 0.42581686
0.63438576 0.34106064 -0.22129564 0.84193581 0.35266393 0.18473722 0.66674262 0.38293159 -0.04183757 0.94409329 0.41942829 0.48009136 0.62495804 0.33127314 0.45400614 0.85859323 0.38565442 0.89753914 0.72484732 0.54461902 -0.16210429 0.83061755 0.54109251 0.16150048 0.69493634 0.69425607 -0.12760393 0.79305583 0.68241334 0.33123559 0.6853705 0.85034657 -0.14158933 0.81502616 0.81618053 0.44241905
0.6437341 0.34127873 -0.22681758 0.84166008 0.35265341 0.19494332 0.66538328 0.38358477 -0.05617511 0.94510609 0.41939801 0.50550622 0.62366205 0.33323133 0.43136275 0.85795349 0.38275117 0.91950965 0.72806084 0.54421037 -0.16315836 0.83315456 0.54081988 0.16261815 0.69555122 0.69408685 -0.12607494 0.79438269 0.6831246 0.31201029 0.68451661 0.84996414 -0.13774002 0.81203437 0.81995088 0.40108636
0.64898193 0.3420746 -0.24706098 0.84088624 0.35263798 0.20185266 0.66541564 0.38428065 -0.08761171 0.94519007 0.41927782 0.51722592 0.6243971 0.3363255 0.3648341 0.85712457 0.38319695 0.91806304 0.72914124 0.54461104 -0.1734366 0.83380514 0.54084128 0.17295988 0.69365311 0.69421846 -0.13079831 0.79338342 0.68282992 0.33587044 0.68742728 0.84965438 -0.15000759 0.81281072 0.82006437 0.44287246
0.64796472 0.34222418 -0.24499992 0.84101546 0.35260671 0.18093836 0.66188711 0.38165388 -0.06615461 0.94646615 0.41919777 0.49295208 0.62024301 0.33216104 0.40347543 0.85979581 0.38328734 0.88181788 0.73024863 0.54499507 -0.17118117 0.83515906 0.54080313 0.17068964 0.69323647 0.69394243 -0.13969438 0.79339606 0.68217999 0.32869083 0.68550581 0.84918535 -0.15562561 0.81362665 0.81897217 0.4332687 
0.64547193 0.34230179 -0.24122235 0.84074563 0.35255486 0.18630606 0.66364783 0.38182953 -0.06065625 0.94951206 0.41917554 0.50181675 0.62915093 0.33233815 0.40241593 0.86738789 0.3810288 0.88580805 0.73151052 0.54519778 -0.17577431 0.83646899 0.54072505 0.17532907 0.69398671 0.69372207 -0.16774048 0.79315418 0.68206692 0.3326669 0.68559694 0.84891003 -0.18536144 0.81614989 0.81820601 0.43104053
0.64516515 0.34237763 -0.25659037 0.84170097 0.35242757 0.16379803 0.66333258 0.38126037 -0.06802503 0.95046669 0.41915077 0.49882147 0.6264891 0.33180127 0.40080366 0.86545259 0.38148656 0.8730498 0.73273009 0.54629356 -0.17364284 0.83798963 0.5410921 0.17317848 0.69518352 0.69367814 -0.14664619 0.79394627 0.6819157 0.36548495 0.68657649 0.84787881 -0.12686935 0.8215071 0.81541669 0.51453531
0.64387137 0.34246877 -0.26600361 0.84274769 0.3522855 0.16459754 0.66378731 0.38090822 -0.08497775 0.9498992 0.41883305 0.49005008 0.62447917 0.33008906 0.37425026 0.86482698 0.38155264 0.87988883 0.73347193 0.54822433 -0.17352462 0.83896887 0.54241198 0.1730642 0.69897038 0.69387299 -0.13389616 0.79573637 0.68155992 0.3808485 0.68630207 0.84770179 -0.1010327 0.82302332 0.81454343 0.54280847
0.64292151 0.34257823 -0.25400665 0.84222651 0.35214967 0.15447733 0.66337049 0.38031039 -0.06617841 0.94804126 0.4184545 0.47223738 0.62715852 0.32787341 0.42284065 0.86389977 0.38076451 0.87445444 0.7347061 0.54931664 -0.17163265 0.83992785 0.54323012 0.17117049 0.69987804 0.69426447 -0.1169752 0.79619437 0.68260312 0.35971734 0.68489909 0.84764284 -0.09186392 0.82268202 0.81522644 0.48892659
0.64234185 0.34217724 -0.28019303 0.84137475 0.35189301 0.15894957 0.66485059 0.38458484 -0.12207925 0.94626915 0.41845292 0.47184485 0.6251272 0.32832003 0.32091844 0.85852981 0.38295361 0.87190747 0.73512942 0.55002052 -0.17174667 0.8401503 0.54398179 0.17130426 0.70055389 0.69487816 -0.09925923 0.79715908 0.68296212 0.37963259 0.68445557 0.84757257 -0.06592442 0.82535255 0.81508523 0.53730285
0.64175183 0.34189877 -0.27683613 0.84063464 0.3516469 0.16107735 0.66546619 0.38761216 -0.11279251 0.94538093 0.41842085 0.47158489 0.62397301 0.32845384 0.32848454 0.85805386 0.38326696 0.86710846 0.73464167 0.55052692 -0.17164278 0.83949518 0.54444951 0.17118877 0.70124096 0.69589788 -0.10455666 0.79719085 0.68278039 0.38732159 0.68529648 0.84804833 -0.0826295 0.8236019 0.81501001 0.55316734
0.64152801 0.34104124 -0.27298597 0.84036076 0.35084316 0.13983397 0.66490889 0.39006701 -0.10551728 0.9449259 0.41840121 0.44396332 0.62059593 0.3290433 0.32881409 0.85192722 0.39128116 0.83285403 0.73364156 0.55044174 -0.16971837 0.8393454 0.54460651 0.16921562 0.70179784 0.69630486 -0.0798894 0.79779691 0.68263543 0.40451214 0.68641549 0.84861702 -0.04457209 0.82650298 0.81477857 0.5930115 
0.64407188 0.34268683 -0.27327797 0.83999467 0.35053155 0.14197898 0.66457486 0.39246893 -0.12871005 0.93929082 0.41868493 0.44503459 0.61549675 0.33080247 0.26644734 0.85110074 0.39093691 0.80630869 0.73327672 0.54984224 -0.16928273 0.83902723 0.54452592 0.1687858 0.70123512 0.69624257 -0.08961903 0.79834223 0.6825161 0.38851726 0.68676382 0.84864312 -0.06461696 0.82733995 0.81533229 0.5497604 
0.64460158 0.33836159 -0.27100202 0.83763713 0.34945771 0.15785129 0.66779399 0.40113935 -0.12123331 0.93633509 0.419045 0.44598088 0.61491865 0.33294961 0.27956915 0.85121799 0.38986525 0.80051124 0.73294693 0.54829675 -0.16855979 0.83845437 0.5440253 0.16811563 0.70081085 0.69584394 -0.09494753 0.79976726 0.68245727 0.36026222 0.68689758 0.84862036 -0.07300474 0.82892835 0.81621164 0.48505428
0.64488423 0.33556542 -0.25422618 0.83677214 0.34854767 0.17477927 0.67300153 0.40373093 -0.11488386 0.93241966 0.41994783 0.44982356 0.6148718 0.33444279 0.28143936 0.85123658 0.39446837 0.80822146 0.73260897 0.54623103 -0.16795677 0.83847511 0.54281151 0.16753605 0.70056391 0.69387913 -0.09775729 0.80009753 0.6818952 0.35670462 0.68696541 0.84852231 -0.08895104 0.8279407 0.81613123 0.48389983
0.64462614 0.33411705 -0.24837771 0.83571768 0.34791958 0.18661986 0.67408115 0.40215814 -0.11065944 0.93176264 0.42024925 0.45678899 0.61484528 0.33457261 0.29293886 0.85098249 0.39741936 0.81152946 0.73236024 0.54493016 -0.16772042 0.83849281 0.54206908 0.16729453 0.70027435 0.69254118 -0.09991182 0.80000228 0.68156087 0.35667986 0.68679255 0.84849584 -0.1072411 0.82723117 0.8160795 0.48494804
0.64426976 0.33351839 -0.25554654 0.83556557 0.34753942 0.1847908 0.67508024 0.40216321 -0.12460066 0.93139881 0.42051408 0.45753098 0.61480635 0.3345708 0.26811951 0.850977 0.39787701 0.81194592 0.73230797 0.54462373 -0.16829683 0.83838665 0.54194504 0.16787751 0.69981021 0.69161731 -0.10117275 0.79989159 0.68122619 0.365291 0.68648612 0.84847426 -0.09932772 0.8267386 0.81581587 0.50925428
0.64467359 0.33308348 -0.25757554 0.83506209 0.34709558 0.19056056 0.68016154 0.40164247 -0.14124696 0.93088371 0.42050916 0.46552512 0.61461198 0.3343153 0.23059087 0.85098553 0.39838865 0.8132847 0.73212463 0.54434782 -0.1697973 0.8384099 0.54180527 0.16939007 0.69907373 0.69033158 -0.10149345 0.7997219 0.68087775 0.36474451 0.68588758 0.84844518 -0.08915573 0.82640278 0.81577229 0.50825787
0.64456713 0.3328613 -0.27243468 0.83433789 0.34658435 0.18983744 0.67924184 0.40286377 -0.14900331 0.93012077 0.42051333 0.4682937 0.61348963 0.33413076 0.2360044 0.85037237 0.39916167 0.81508571 0.73199028 0.54431164 -0.17183915 0.8386724 0.54180348 0.17143655 0.69760686 0.69005287 -0.09526413 0.79959458 0.6807096 0.37467501 0.68500948 0.84836203 -0.06009388 0.82634819 0.81575578 0.5312379 
0.64451498 0.3325071 -0.27781898 0.83338356 0.34574157 0.17552879 0.67858005 0.40405205 -0.15642972 0.92961758 0.42046127 0.46028489 0.61232376 0.33359712 0.22828786 0.84759718 0.40037251 0.80997056 0.73191059 0.54421431 -0.17160726 0.83920807 0.5417645 0.17120069 0.69628173 0.68989789 -0.08464895 0.79950929 0.68058544 0.37585732 0.68422544 0.84834343 -0.04441395 0.82628697 0.81570894 0.53215593
0.64462757 0.33233994 -0.2804105 0.83154136 0.34487164 0.17631607 0.67839664 0.40544006 -0.16021492 0.92834234 0.41968161 0.46117598 0.61201894 0.33357349 0.21466202 0.84788084 0.39475447 0.80952293 0.73203421 0.54434747 -0.17282555 0.83937854 0.54176265 0.1724413 0.69554108 0.68992335 -0.09070314 0.79947639 0.67995679 0.38885835 0.68419409 0.84832281 -0.04876874 0.82619983 0.81472844 0.55787832
0.64474845 0.3324365 -0.27766737 0.82925647 0.34491813 0.21139337 0.67827225 0.4062157 -0.19796386 0.92538571 0.41998193 0.49123415 0.61130792 0.33611146 0.11476592 0.84790242 0.39344278 0.81156439 0.73469859 0.54447401 -0.17698991 0.84145254 0.54190791 0.1766396 0.69196129 0.68984997 -0.09716167 0.80016696 0.67961144 0.40859795 0.68396813 0.84827822 -0.07870592 0.82305056 0.81464142 0.5754258 
0.64504927 0.3328912 -0.26752564 0.82462186 0.34526438 0.24260396 0.67851126 0.40578768 -0.26115659 0.92478073 0.42136902 0.50474608 0.61130983 0.34152138 -0.03234281 0.84666312 0.40224653 0.81087935 0.74290931 0.54520494 -0.18150946 0.84780902 0.54219681 0.18111815 0.68536019 0.68984592 -0.11010599 0.80110806 0.67895317 0.40854511 0.6825853 0.8489756 -0.11986472 0.82206482 0.81291521 0.57163972
0.6496827 0.33375067 -0.25026911 0.82476497 0.34663677 0.23804137 0.68164164 0.41190249 -0.30000287 0.92485762 0.42202517 0.49912703 0.61166632 0.34321737 -0.16063853 0.84641999 0.40932575 0.76030052 0.74573517 0.54565543 -0.1831269 0.85053104 0.54271835 0.18270884 0.68004233 0.68951625 -0.13129695 0.80190098 0.67652279 0.43107793 0.68250316 0.84930807 -0.16212349 0.82196069 0.80995661 0.60479027
0.64961982 0.33663803 -0.25801823 0.82374144 0.34776223 0.23886648 0.6814639 0.41079268 -0.329909 0.9241786 0.42367741 0.50137258 0.61170584 0.34481305 -0.18812792 0.84498107 0.41236168 0.77351975 0.75111312 0.54997629 -0.18906619 0.85566723 0.54504597 0.18859205 0.6793654 0.68965846 -0.13937539 0.80339313 0.67554826 0.47440779 0.6815927 0.84998167 -0.15995392 0.8209542 0.80737811 0.67686588
0.64942634 0.34147462 -0.25369856 0.81927508 0.35120121 0.27046385 0.68124372 0.41465452 -0.35949263 0.92040199 0.42709967 0.53143913 0.61201537 0.3552644 -0.27567387 0.84178764 0.4189688 0.77577615 0.755768 0.55329758 -0.19967331 0.86259443 0.5470463 0.19911137 0.66929889 0.68918079 -0.16397333 0.80332965 0.6755991 0.51071298 0.67977774 0.84995514 -0.21092384 0.82071304 0.80750126 0.71349752
0.64713192 0.34870186 -0.23585741 0.8167944 0.35664159 0.28608784 0.68445981 0.42105991 -0.38223609 0.91969728 0.43152955 0.53518116 0.61213458 0.36156473 -0.36105406 0.83798134 0.42110386 0.78195041 0.76060593 0.55686527 -0.20264658 0.87002993 0.54992324 0.20207623 0.66789997 0.69045365 -0.17239556 0.8040545 0.67580616 0.49550346 0.67506486 0.85017627 -0.21822593 0.82069319 0.80881667 0.6823687 
0.64634544 0.35803261 -0.22006339 0.8155539 0.36355209 0.30560246 0.6856941 0.42977762 -0.35011047 0.91741723 0.4370364 0.56359243 0.61297262 0.36449215 -0.31040758 0.83637732 0.42057431 0.81483895 0.77098417 0.56624424 -0.20468497 0.87936431 0.55658776 0.20409656 0.66879046 0.7012707 -0.20465155 0.80324531 0.67584217 0.54815602 0.67238462 0.85226977 -0.32157129 0.82099581 0.80839562 0.72211242
0.6495412 0.3651199 -0.18887256 0.8145479 0.37160954 0.33326259 0.69202513 0.44068778 -0.35436204 0.91677439 0.44605511 0.56417996 0.61322665 0.37003613 -0.3753905 0.83407372 0.4231683 0.78394943 0.77958971 0.57523465 -0.20736259 0.885782 0.56490111 0.20683701 0.64692897 0.69998819 -0.29471076 0.79687721 0.67597717 0.53521878 0.67220795 0.8522135 -0.44362825 0.8197878 0.80748945 0.71845931
0.64949054 0.37561864 -0.18611446 0.81493109 0.37945145 0.32630539 0.69165641 0.45075557 -0.33048114 0.91464758 0.45400989 0.55749458 0.61204755 0.37974706 -0.2877219 0.83451927 0.42224771 0.77802974 0.78319728 0.58364326 -0.20507656 0.88895535 0.57393545 0.20456296 0.63889438 0.69988173 -0.27034044 0.79684842 0.67871273 0.54026496 0.67107624 0.85223758 -0.31356683 0.81977725 0.80674779 0.69637698
0.6455003 0.38581803 -0.13942178 0.81519324 0.38827711 0.31704769 0.69056475 0.44984534 -0.29293343 0.91470134 0.45882955 0.5337131 0.61228502 0.38845882 -0.25631684 0.83620775 0.43005869 0.71946675 0.78390992 0.58772534 -0.20334537 0.89392477 0.57810158 0.20273587 0.62889212 0.69621414 -0.22450678 0.79630458 0.67864621 0.53753734 0.66854042 0.85128576 -0.31332248 0.82063192 0.80422562 0.68992233
0.63727987 0.39871305 -0.15156001 0.81387579 0.39598787 0.28320882 0.68674642 0.46526584 -0.25709245 0.91483748 0.46614775 0.47801846 0.61283654 0.40246126 -0.18436468 0.833713 0.43735054 0.69594967 0.78897184 0.59654522 -0.19335561 0.89997518 0.58757347 0.19277608 0.62465453 0.69531578 -0.20324399 0.79450613 0.6797049 0.52192932 0.66723019 0.85049707 -0.29006585 0.81950814 0.80226719 0.63750088
0.61963093 0.40873215 -0.1327114 0.81061804 0.40262869 0.28155491 0.68429214 0.47823077 -0.17973025 0.91081011 0.47125041 0.47970045 0.61434019 0.41294068 -0.05513787 0.82855123 0.44338655 0.70784378 0.79462558 0.60264742 -0.19121614 0.90677696 0.59115607 0.19071662 0.62599224 0.6951195 -0.16906841 0.79411113 0.6793465 0.56841797 0.66495007 0.84796196 -0.29327548 0.81862462 0.8024655 0.64567232
0.61538136 0.41922885 -0.15414454 0.80852526 0.41030523 0.23332281 0.68423611 0.49925229 -0.16746013 0.90884036 0.48270684 0.46078405 0.61454272 0.42487177 0.01536943 0.81618446 0.45103845 0.72403044 0.7998504 0.61134964 -0.18153146 0.91387337 0.59916061 0.18103446 0.62542868 0.69510233 -0.0488147 0.79136044 0.67931408 0.64832991 0.66398263 0.84635532 -0.18379362 0.81865323 0.80184209 0.73198485
0.61873645 0.42813218 -0.15159233 0.80557352 0.42046008 0.29458886 0.68343997 0.5065378 -0.18563409 0.90590805 0.49225229 0.54078484 0.61316782 0.43243158 -0.0340567 0.81661147 0.46105564 0.81758505 0.8117274 0.61814332 -0.18798287 0.91743141 0.60741746 0.18753698 0.60657746 0.69201589 -0.07384602 0.77440345 0.67743909 0.68347329 0.6628896 0.8428449 -0.36968583 0.81853861 0.7980575 0.74162239
6.23336852e-01 4.35523957e-01 -1.58251747e-01 8.04776073e-01 4.28758949e-01 3.18514705e-01 6.81582332e-01 5.17624259e-01 -1.73754424e-01 9.03006256e-01 4.96786743e-01 6.13881588e-01 6.06820464e-01 4.40719008e-01 8.08775192e-04 8.13706636e-01 4.70301628e-01 9.34289396e-01 8.19116235e-01 6.22395217e-01 -1.95215017e-01 9.22895074e-01 6.10696971e-01 1.94891959e-01 6.10378146e-01 6.84457779e-01 -1.95044547e-01 7.70643651e-01 6.72381461e-01 6.65994227e-01 6.58741891e-01 8.40199590e-01 -4.13634002e-01 8.19804072e-01 7.91634202e-01 7.70477772e-01
0.6264621 0.43761954 -0.15486971 0.80204761 0.43276423 0.33239293 0.67372608 0.51201892 -0.106621 0.90226513 0.4988654 0.66273153 0.60271341 0.44057643 0.13819821 0.81410074 0.46691865 1.00963438 0.82217729 0.62485117 -0.19970974 0.92344856 0.61326897 0.1993431 0.60564387 0.68518353 -0.23349784 0.77020538 0.67093939 0.66668367 0.65671694 0.84077513 -0.43478358 0.82134748 0.79078829 0.79633248
0.62654907 0.44604787 -0.14293499 0.80164284 0.43898714 0.319215 0.67411506 0.52946258 -0.07352055 0.90115809 0.50441426 0.64955348 0.59780478 0.4505932 0.17733058 0.81283772 0.47290555 1.01292014 0.82179207 0.62966371 -0.1990865 0.92771453 0.6193679 0.19866273 0.60809541 0.6836378 -0.21085519 0.77169937 0.67021543 0.68158454 0.65449512 0.84144795 -0.40786082 0.82121104 0.79190046 0.80583006
0.62970674 0.45706388 -0.07555065 0.80185878 0.44822529 0.3867079 0.66824591 0.53156912 -0.06285161 0.89140606 0.50933117 0.69090688 0.59605217 0.46114874 0.13912673 0.82452267 0.50077957 0.99991727 0.83581197 0.63445872 -0.19908261 0.93200374 0.62500542 0.19865459 0.61111575 0.68420506 -0.26298809 0.78224576 0.69163013 0.65936023 0.65304136 0.84282392 -0.50601035 0.82240105 0.79171669 0.71762377
0.62981349 0.46860752 -0.09393871 0.80129302 0.45689309 0.37701514 0.67171168 0.55141205 -0.10573456 0.88610452 0.5216732 0.67075777 0.59617627 0.47510704 0.0789583 0.81915015 0.50488567 0.97809947 0.84200072 0.63930035 -0.19879289 0.93652111 0.63074875 0.19837056 0.61261082 0.68451035 -0.26200888 0.78223127 0.69551903 0.56644732 0.65295643 0.84363389 -0.48183131 0.82468539 0.79210734 0.63060892
0.63114053 0.47968328 -0.09540416 0.80238092 0.46579388 0.37179586 0.67765874 0.55792892 -0.19452396 0.88166696 0.53173512 0.71302158 0.59683365 0.48314202 -0.11077 0.80978531 0.51019484 1.07789207 0.84359288 0.64412081 -0.20261213 0.94805861 0.63614959 0.20225124 0.61369067 0.68565613 -0.24091034 0.79529411 0.70127618 0.57427937 0.65133846 0.84416503 -0.40761781 0.82811338 0.79248923 0.72707343
0.62948447 0.49605387 -0.13440461 0.80203277 0.47217464 0.26145142 0.67717189 0.5660401 -0.17272809 0.8836301 0.53664213 0.55099171 0.59067565 0.48947445 -0.01193186 0.85218364 0.52703893 0.85436428 0.83902115 0.65225339 -0.19317177 0.94894534 0.64438903 0.19258933 0.61391765 0.68738866 -0.10953604 0.81352448 0.6970318 0.62630504 0.64654487 0.84492928 -0.18675683 0.82794237 0.79273283 0.77039391
0.63487518 0.50017917 -0.14618666 0.79688269 0.48148257 0.2622588 0.66266561 0.57238793 -0.12295261 0.88483995 0.54595387 0.52795553 0.57922786 0.49412224 0.10213944 0.8748349 0.53956854 0.79428905 0.83956438 0.65514547 -0.19331959 0.94990045 0.64618653 0.19269365 0.61279428 0.69055593 -0.12358505 0.81681341 0.6955086 0.67086226 0.6468485 0.84610462 -0.27491224 0.83837414 0.7926743 0.81887919
0.63938302 0.50489783 -0.14626499 0.79555702 0.48961818 0.27140406 0.66034496 0.58028674 -0.09315453 0.88454342 0.55003721 0.55170929 0.57860994 0.50868195 0.14524172 0.86947155 0.54563767 0.81652367 0.83299834 0.66438812 -0.19336152 0.9478997 0.65074885 0.19275479 0.60607255 0.69480157 -0.17792334 0.81510109 0.68097723 0.66201067 0.64705235 0.84918022 -0.29050869 0.836963 0.7861219 0.82999969
0.63894969 0.51603019 -0.15832432 0.79569387 0.49749529 0.278864 0.66126162 0.59300512 -0.04695522 0.88470995 0.55905557 0.54081231 0.57599479 0.51892352 0.27834219 0.87624842 0.55487895 0.78415376 0.83218557 0.67778057 -0.19363821 0.94688112 0.65894705 0.19297941 0.5933001 0.69651955 -0.17847116 0.80915791 0.67111081 0.68570107 0.64618385 0.85049635 -0.34518701 0.83684623 0.77530593 0.80261803
0.63951612 0.52343732 -0.13547134 0.79539531 0.50701225 0.2894268 0.6621722 0.60644615 -0.00371116 0.88534093 0.57694358 0.55249107 0.57627529 0.52946401 0.33261225 0.86855167 0.5610525 0.818923 0.83281314 0.68735188 -0.19005273 0.9426958 0.66564012 0.18943518 0.59184927 0.69790453 -0.13741599 0.78041291 0.67190647 0.56368423 0.64873177 0.85083401 -0.26909453 0.83646309 0.77858335 0.60081208
0.64027321 0.53032643 -0.18554395 0.79210562 0.51352912 0.28930226 0.66351551 0.61645353 -0.04875901 0.88551694 0.5827235 0.52141809 0.57552445 0.53975505 0.22531475 0.87025785 0.57567561 0.69417578 0.84449786 0.697779 -0.19480605 0.94156933 0.67467755 0.19416791 0.59474558 0.703713 -0.12495685 0.76994008 0.67397922 0.68723351 0.64973485 0.85354877 -0.27665299 0.83315814 0.77639586 0.75528359
0.64072847 0.53920728 -0.22540106 0.78924072 0.51995027 0.24193999 0.66257513 0.62438387 -0.05167571 0.88466573 0.58442974 0.4561775 0.57552809 0.54704517 0.22990322 0.86733758 0.58251929 0.61920732 0.85158932 0.703637 -0.19249649 0.94112593 0.67855293 0.19181189 0.59571135 0.70876241 -0.05192184 0.76895273 0.68422902 0.6698215 0.65207088 0.85441977 -0.21963565 0.83388841 0.77766484 0.66377461
0.64658654 0.54317057 -0.23495041 0.78979856 0.52871513 0.24682249 0.66334695 0.63162225 -0.10539725 0.88529593 0.58976465 0.45964319 0.57620907 0.55640471 0.19771445 0.86550331 0.59116924 0.6047383 0.86006194 0.70697778 -0.19204433 0.93635583 0.68654692 0.1913462 0.59141344 0.71391308 -0.05294826 0.73004025 0.69017023 0.49221259 0.65208811 0.85388225 -0.15698171 0.80431682 0.78454375 0.3975749 
0.65055132 0.54743439 -0.2395978 0.79007494 0.52800155 0.20391151 0.65797704 0.6284374 -0.1499068 0.89161795 0.5918619 0.41125312 0.5752809 0.55393046 0.12257773 0.87674987 0.59803045 0.55921835 0.85814196 0.71582663 -0.19141465 0.93569911 0.68683559 0.19071753 0.5925824 0.71311742 -0.08806796 0.7366206 0.68534791 0.63849258 0.65273589 0.8539511 -0.19284759 0.80724025 0.78262478 0.75801903
0.65212178 0.55228484 -0.25464571 0.78859198 0.53583175 0.22596072 0.65546107 0.63198227 -0.14111513 0.89068681 0.5983485 0.44144833 0.57561314 0.55842948 0.17807828 0.87416822 0.60574156 0.59248132 0.85627329 0.7210173 -0.19310659 0.93118095 0.6961472 0.19245054 0.59295833 0.71740735 -0.0923125 0.74466366 0.69437021 0.71963114 0.64989942 0.8538416 -0.1752782 0.80970538 0.78225166 0.89286309
0.65237153 0.55636269 -0.23512663 0.78874427 0.54211527 0.27220881 0.65632248 0.63624275 -0.18526545 0.89056784 0.60372537 0.49340543 0.57571226 0.56655186 0.04652239 0.8728978 0.60409027 0.62689823 0.8568663 0.72262019 -0.19448084 0.93365681 0.70199883 0.1936945 0.59340793 0.72112459 -0.01050076 0.78440696 0.71058011 0.75761348 0.64806074 0.85376573 -0.13879919 0.86771607 0.78233534 0.8503027 
0.649638 0.56646979 -0.22684634 0.78903347 0.55006713 0.25982952 0.65679312 0.64951062 -0.08837794 0.90527678 0.60909659 0.47861126 0.57772207 0.57444513 0.28470692 0.87018472 0.60352796 0.64270478 0.85497957 0.73128867 -0.19274685 0.93209189 0.7076388 0.19192037 0.59351069 0.7263062 0.03213429 0.78209233 0.71610016 0.7448585 0.64574879 0.85341269 -0.09826036 0.85326529 0.7906307 0.80176669
0.64966762 0.57159805 -0.23071514 0.78900421 0.55820644 0.23192641 0.64991987 0.6516977 -0.07362334 0.90494293 0.61756146 0.42877325 0.57786769 0.5796169 0.31092709 0.86969143 0.61587107 0.56400335 0.84974945 0.73791862 -0.19073193 0.92777121 0.712946 0.18985279 0.58503044 0.72713524 0.01237075 0.77074975 0.7113837 0.75488991 0.64817846 0.85368073 -0.11238613 0.84008229 0.79631144 0.82713848
0.64989543 0.57636923 -0.22763823 0.7857846 0.56546223 0.22062986 0.65098977 0.66145855 -0.1678209 0.89933133 0.62471706 0.41355443 0.57696277 0.58930755 0.0453522 0.86011201 0.62203628 0.56113774 0.84524322 0.74089873 -0.18537179 0.91849369 0.71713531 0.18453395 0.58066273 0.72487473 -0.0088234 0.75144672 0.70854557 0.73279691 0.65427184 0.85372907 -0.13231163 0.79044616 0.80751491 0.82488841
0.64968294 0.58354127 -0.21160942 0.78109962 0.5713712 0.20542373 0.65144575 0.66611004 -0.17477873 0.89395243 0.63118386 0.37783039 0.57163244 0.59091169 0.00210065 0.86918986 0.63186079 0.50762564 0.8333571 0.74751419 -0.17072608 0.9110918 0.72091746 0.16984005 0.56783992 0.72740811 0.02973453 0.73634905 0.71172792 0.63147914 0.65418214 0.85268945 -0.04012138 0.78439701 0.81343341 0.66046417
0.64958358 0.5895977 -0.22032076 0.77542317 0.57258022 0.18295521 0.6478669 0.67638493 -0.18567052 0.89392519 0.6313839 0.37160364 0.56409991 0.59616119 0.0140682 0.87505037 0.6340875 0.52400297 0.82888091 0.7569921 -0.16779123 0.90791839 0.73027909 0.16704577 0.55587459 0.72859156 0.01430323 0.72861314 0.71778333 0.64141279 0.65350497 0.8528052 0.00422319 0.78330809 0.8137868 0.71836942
0.64906442 0.59060419 -0.21970113 0.77873415 0.57159156 0.17147759 0.6480512 0.67260319 -0.21490502 0.89649975 0.63438642 0.32830888 0.56534785 0.59782732 -0.04629564 0.87440085 0.64258778 0.42907843 0.82436293 0.75370544 -0.16208455 0.90026456 0.72630602 0.16119146 0.55831474 0.72892213 0.03321554 0.70571637 0.71462923 0.58684534 0.65357631 0.84911036 -0.03866285 0.75361419 0.82242596 0.56446975
0.64865154 0.5939098 -0.22894582 0.78226465 0.57071745 0.15622588 0.64769608 0.67154521 -0.21912172 0.89382011 0.63273787 0.3375977 0.56504071 0.59798431 -0.03042498 0.87691534 0.63828468 0.48943284 0.82449222 0.75517845 -0.16024476 0.90184832 0.72648841 0.15940061 0.56051779 0.72881866 0.03972565 0.7102744 0.71294695 0.60210699 0.65223801 0.84661019 0.04643049 0.75985581 0.818946 0.6574145 
0.64777088 0.5944792 -0.25219733 0.77984399 0.57145244 0.14752671 0.63695776 0.6679489 -0.26839927 0.88581026 0.62974435 0.34832343 0.56088471 0.59392822 -0.11251391 0.87858146 0.63364404 0.52044892 0.82182306 0.75839478 -0.16043802 0.89909017 0.72878581 0.15963331 0.55621219 0.72906202 0.0313187 0.71393502 0.71605909 0.61432374 0.64685941 0.84690279 0.09251526 0.76880717 0.82144421 0.73916864
0.65416765 0.59048218 -0.2450624 0.78307313 0.56882674 0.14294896 0.63267732 0.66519082 -0.20270611 0.88628399 0.62768263 0.34413469 0.56153345 0.59111434 0.05972894 0.89498419 0.62984204 0.5289098 0.82257092 0.75402033 -0.15525998 0.90043294 0.72529954 0.15445991 0.55803734 0.72848266 0.03763995 0.70827645 0.71478057 0.53068298 0.64571142 0.84690696 0.11002248 0.74383098 0.82809901 0.61659622
0.65513277 0.58719307 -0.24316746 0.78401595 0.56693763 0.15115291 0.63353848 0.66483223 -0.24896704 0.88123387 0.62195075 0.35904732 0.56212628 0.58935714 -0.08895388 0.89075595 0.62952453 0.52084798 0.82304275 0.75230789 -0.15897904 0.90063655 0.72394758 0.15816538 0.5595088 0.72598767 0.02862262 0.72378212 0.71064591 0.62813771 0.64425504 0.84702486 0.05076978 0.7893905 0.81078994 0.74331224
0.65497762 0.585697 -0.24191391 0.78645921 0.565561 0.16125654 0.63512397 0.66173714 -0.23732938 0.8809641 0.61928505 0.36571327 0.56215715 0.58844 -0.05102769 0.8892507 0.6292125 0.527973 0.8232587 0.75066429 -0.1616874 0.90367484 0.72277081 0.16084401 0.56042427 0.72442782 0.00433017 0.73882252 0.70768225 0.64605105 0.64425337 0.84721649 0.02776569 0.8066985 0.80342323 0.79204172
0.65571624 0.58205414 -0.22838551 0.78849155 0.56146741 0.20474695 0.64834017 0.66065335 -0.243136 0.88202077 0.6170553 0.39147928 0.56524718 0.58974165 -0.08954832 0.88533431 0.62808859 0.53055924 0.8403759 0.74573922 -0.1706952 0.91420424 0.71903574 0.16975811 0.59650856 0.72440851 -0.04476366 0.76467067 0.7080099 0.71690971 0.65455246 0.85278869 -0.14552054 0.83789384 0.79706156 0.86188012
0.65143949 0.57986408 -0.22129479 0.78849149 0.55394065 0.19697411 0.66088372 0.65826583 -0.22994985 0.88212287 0.61133218 0.35084975 0.56699061 0.58899748 -0.06125481 0.89864755 0.62204993 0.44382262 0.83993244 0.73808384 -0.17066012 0.92172444 0.70971966 0.16971433 0.60291249 0.7214579 -0.03181578 0.78145039 0.71060646 0.71722686 0.6544888 0.85145664 -0.11132028 0.85375094 0.79277807 0.83336997
6.39208674e-01 5.72956741e-01 -1.91079721e-01 7.89162219e-01 5.47464788e-01 1.96051866e-01 6.59527540e-01 6.45429850e-01 -1.78468525e-01 8.80386889e-01 6.05057359e-01 3.32668424e-01 5.67059040e-01 5.82757294e-01 -4.17053187e-03 8.99656296e-01 6.11130178e-01 4.17952448e-01 8.37932169e-01 7.29037166e-01 -1.67952567e-01 9.22828436e-01 7.01891959e-01 1.66812986e-01 6.01290405e-01 7.12166905e-01 -9.06418427e-04 7.82001078e-01 7.02765167e-01 6.81385159e-01 6.54932439e-01 8.51280332e-01 -1.42269000e-01 8.44924450e-01 7.86512136e-01 6.56981468e-01
0.64597684 0.56634349 -0.18084946 0.78991169 0.5403598 0.20338772 0.65899318 0.63444632 -0.23370215 0.88065195 0.58955294 0.33103573 0.5678159 0.57192516 -0.15132888 0.90012544 0.60000384 0.40450221 0.83704263 0.71375775 -0.16801102 0.92293489 0.69137329 0.16690964 0.60510451 0.70083314 -0.03288713 0.79094678 0.69404924 0.62615287 0.65488762 0.84900028 -0.2131626 0.85076839 0.78253084 0.58429092
0.64825284 0.55364311 -0.22209272 0.78983313 0.5306859 0.17586072 0.66292179 0.62530667 -0.16364902 0.88168132 0.58487076 0.34915733 0.56733567 0.56252229 0.15442719 0.90620685 0.59581012 0.5320574 0.84399045 0.70493239 -0.16922717 0.92418087 0.68082923 0.16844821 0.61163056 0.69783378 -0.07690977 0.78344482 0.68941373 0.41484162 0.65466583 0.84678757 0.03767667 0.79584306 0.79830074 0.5883981 
0.64841551 0.55186403 -0.21619101 0.78964943 0.52486384 0.16287008 0.64695984 0.61829978 -0.09842398 0.88247824 0.5748719 0.36340275 0.56734973 0.55160737 0.20026502 0.90684229 0.58089322 0.57752931 0.84335876 0.70009023 -0.16050129 0.92610073 0.67566901 0.15991974 0.64021045 0.70122588 -0.00631991 0.85966486 0.6857698 0.42650887 0.6514473 0.8396011 0.18691331 0.8696472 0.7996552 0.57971561
0.65845239 0.54055935 -0.20560019 0.78834909 0.5160898 0.18461983 0.6404708 0.60917217 -0.09946798 0.88254362 0.56602567 0.38778067 0.56644952 0.54044896 0.19203122 0.9143784 0.57127821 0.57159317 0.84821206 0.6833809 -0.17178175 0.92553365 0.66434824 0.17148882 0.64758027 0.69234455 -0.11975454 0.84035039 0.67871493 0.30691123 0.65057582 0.83928525 0.05775446 0.8101998 0.80212688 0.42626858
0.65787721 0.54076546 -0.20415637 0.77976876 0.51267982 0.1659907 0.64560109 0.60767156 -0.17591439 0.88315094 0.56481975 0.33777988 0.56530285 0.53688103 0.0162713 0.91662049 0.57381898 0.47224939 0.84743482 0.68494123 -0.17099772 0.92024136 0.65988249 0.17073421 0.63550925 0.69639438 -0.09951993 0.78775513 0.67557895 0.3692292 0.64775354 0.8404718 0.04030401 0.78163934 0.80033642 0.52408391
0.66552031 0.53443301 -0.16728276 0.77894258 0.5100283 0.27376989 0.66576624 0.59643668 -0.16822459 0.87384707 0.56569499 0.48458552 0.56744015 0.53339714 0.0182097 0.90044928 0.57091373 0.67380625 0.85173547 0.67713106 -0.17647313 0.92348742 0.65750581 0.17608587 0.62985164 0.69468367 -0.15828748 0.76908088 0.67521644 0.32941842 0.64777964 0.84096408 -0.07119743 0.77625692 0.80032468 0.45191795
0.66528594 0.52842754 -0.1774251 0.77954721 0.50264728 0.28147736 0.6768471 0.59323144 -0.13494731 0.87261015 0.55673337 0.5182088 0.57009077 0.52722043 0.14683402 0.88514328 0.56081402 0.73636955 0.85801172 0.66935331 -0.19148117 0.93214315 0.64903039 0.19105852 0.62936991 0.69259173 -0.18360464 0.76448619 0.67308575 0.33597562 0.64689362 0.84117359 -0.09173167 0.7629925 0.80296063 0.47471184
0.65739042 0.52161908 -0.15632944 0.77661556 0.49630338 0.29139167 0.67104447 0.59852403 -0.06014818 0.87239563 0.5457018 0.52042037 0.57782024 0.52404684 0.2667374 0.87753242 0.54744345 0.73978674 0.85618252 0.6606735 -0.18917683 0.93045396 0.64028466 0.18869105 0.63007575 0.68834335 -0.16970052 0.74980277 0.66697448 0.28323174 0.64689803 0.84094256 -0.09880508 0.75144172 0.80211645 0.37699786
0.65734643 0.51014704 -0.12981281 0.77170944 0.48563248 0.29817432 0.66911918 0.5938186 -0.05825516 0.87280267 0.53287393 0.47883442 0.58284014 0.51864988 0.22315311 0.88862741 0.54321229 0.72801882 0.85387254 0.64426059 -0.1875332 0.92600411 0.62555099 0.18701494 0.63188493 0.68423676 -0.1788711 0.75110137 0.65965736 0.2791653 0.64753228 0.84033716 -0.14895283 0.75922412 0.79839146 0.3416473 
0.65747952 0.50598234 -0.13554713 0.77658629 0.4792136 0.31191361 0.66167378 0.55865628 -0.08054329 0.87639016 0.53370178 0.5297628 0.58206594 0.50326556 0.17923357 0.89082199 0.54373515 0.72824401 0.85413909 0.64768797 -0.19944282 0.94184798 0.62690032 0.19876631 0.6358459 0.68591475 -0.25583377 0.79419458 0.66069824 0.55536884 0.64887357 0.84514111 -0.26330847 0.80207282 0.7948209 0.80638689
0.65816462 0.49931249 -0.08872237 0.78152615 0.47290185 0.33884275 0.62800765 0.56739551 0.02180271 0.88061911 0.52867538 0.54631799 0.58749115 0.49925369 0.35095763 0.89445877 0.54076922 0.72349304 0.85602123 0.64056003 -0.20336874 0.95124716 0.62198395 0.20258974 0.63950038 0.68399435 -0.26861578 0.79089439 0.66151917 0.49398279 0.64941835 0.84587133 -0.28590524 0.81178272 0.7932381 0.67818761
0.65593261 0.48732314 -0.07794519 0.78004634 0.46612322 0.35498378 0.61724395 0.54887837 -0.00644681 0.88122779 0.5176056 0.54628903 0.59648436 0.48557907 0.26440161 0.90066677 0.52059233 0.7116667 0.85470062 0.62786889 -0.20497309 0.94897854 0.61347687 0.20410573 0.61954951 0.68558103 -0.27172667 0.79041243 0.6628809 0.47970542 0.65156311 0.84736568 -0.29970491 0.81199783 0.79296261 0.62786853
0.65802079 0.47901195 -0.08536401 0.78312033 0.45989043 0.39089409 0.59377116 0.53357434 0.009769 0.8814438 0.50981027 0.59123594 0.59536278 0.47050366 0.32304209 0.90339494 0.52292949 0.74703062 0.85598457 0.62236494 -0.21148373 0.95292062 0.61113864 0.21053949 0.61490327 0.68491882 -0.28831482 0.79630178 0.66444302 0.48480377 0.65160143 0.8472814 -0.31888548 0.82341117 0.78990752 0.68365192
0.65860277 0.47098342 -0.08103574 0.78267616 0.45521781 0.44688284 0.60485899 0.5299322 0.00694261 0.88012815 0.50993371 0.64147598 0.59418291 0.46531278 0.1601073 0.91074425 0.50199997 0.7726813 0.85977203 0.6168583 -0.22385924 0.95257264 0.60865313 0.22306632 0.63769817 0.67952466 -0.35674936 0.79430264 0.66154295 0.47822943 0.65432113 0.84657913 -0.43732196 0.82309341 0.79026634 0.64649802
0.65908498 0.46281365 -0.07713992 0.78374702 0.4496344 0.39981773 0.58831406 0.49732527 -0.10026669 0.87998879 0.49209324 0.61565727 0.5963009 0.45234013 -0.0207307 0.91968393 0.48923764 0.79443777 0.86449188 0.60742247 -0.21919961 0.95410258 0.59891194 0.21832564 0.64455992 0.67804116 -0.33465281 0.79691446 0.66060299 0.3939935 0.65469575 0.84530175 -0.39746398 0.82289988 0.79065329 0.5360058 
0.6593613 0.45471823 -0.08237828 0.78317368 0.4409934 0.39497235 0.58991295 0.48346463 -0.12136514 0.88701952 0.48520061 0.60206789 0.59910232 0.44256413 -0.0314677 0.92910892 0.48200077 0.77188963 0.86494511 0.60406893 -0.21916625 0.95262134 0.59431016 0.21822317 0.64229977 0.67937654 -0.36804634 0.77647614 0.64313859 0.45987111 0.65661025 0.84527802 -0.46392256 0.82255632 0.78591198 0.66435981
0.66168767 0.44674927 -0.09873894 0.77868611 0.43239564 0.42819324 0.59716028 0.48465216 -0.31141198 0.88729858 0.48096469 0.61530048 0.59895045 0.43778577 -0.39528617 0.93199664 0.47563082 0.75638992 0.8709299 0.60109246 -0.22687994 0.95196038 0.58992422 0.2260429 0.64996731 0.67538708 -0.36097392 0.77998632 0.65599537 0.37117386 0.65847176 0.84480369 -0.44145527 0.82413232 0.78615952 0.54265714
0.66188323 0.44436231 -0.14589508 0.75929642 0.43353575 0.44084299 0.60240507 0.48269519 -0.46371609 0.87107605 0.48195589 0.64321482 0.59657496 0.43846992 -0.71489477 0.93151146 0.47473055 0.79235607 0.87787932 0.60310197 -0.23636556 0.94115651 0.5904907 0.23574607 0.65226942 0.67280668 -0.38067609 0.77426136 0.664244 0.36787817 0.66310912 0.84326732 -0.46532732 0.82283258 0.78659946 0.5358572 
0.65957201 0.43656743 -0.14847697 0.76045263 0.42670357 0.44829315 0.60531855 0.45899323 -0.54335845 0.87286335 0.47200772 0.63933158 0.59189981 0.42711267 -0.91041756 0.93320733 0.46726593 0.77384764 0.87626147 0.60066253 -0.23809998 0.93891138 0.58691794 0.23741336 0.64975965 0.67414594 -0.35079521 0.7729345 0.6673817 0.3662641 0.66478539 0.84300762 -0.41608819 0.82211244 0.78794301 0.53788966
0.65408361 0.42718613 -0.14354566 0.75888586 0.41642231 0.4416514 0.61628777 0.4542073 -0.54171187 0.87420845 0.4674724 0.62028426 0.59042615 0.41911641 -0.91584152 0.93427706 0.46114078 0.73139286 0.87535131 0.59414262 -0.23686261 0.93796939 0.58095902 0.23610696 0.63464457 0.67507339 -0.34387571 0.76920688 0.66660708 0.32757318 0.66474563 0.84330422 -0.40688556 0.82231712 0.79244751 0.47053054
0.65166688 0.41661939 -0.1166757 0.76557261 0.41232768 0.44752312 0.61645776 0.44267032 -0.45949301 0.87447661 0.46433401 0.64770597 0.59301829 0.41101217 -0.772412 0.93010628 0.45925352 0.80024445 0.87066859 0.58398038 -0.23410879 0.93598974 0.57831925 0.23334934 0.6330682 0.67500961 -0.38522166 0.76888508 0.66486621 0.40046173 0.66595137 0.8450374 -0.54081666 0.82278186 0.79530293 0.52631873
0.6495471 0.40755403 -0.11684839 0.77142245 0.40511131 0.43514228 0.61220294 0.43001989 -0.44504407 0.87747175 0.45797831 0.65155309 0.59062684 0.39713866 -0.72122139 0.91982567 0.44828561 0.82226646 0.86104548 0.58205646 -0.23382303 0.92973113 0.57518858 0.2331527 0.63107437 0.67931962 -0.39785165 0.78727281 0.65955651 0.49470866 0.66656083 0.8478108 -0.56877959 0.82650447 0.79418534 0.67923206
0.63773119 0.39724794 -0.08977719 0.7837252 0.39460239 0.42858186 0.60866416 0.42496032 -0.24432203 0.88614935 0.44171137 0.65985465 0.59506863 0.38883251 -0.2933313 0.90683967 0.43722871 0.8864103 0.84307379 0.57420528 -0.21881914 0.92274493 0.56637353 0.21804421 0.63055986 0.67921239 -0.37487307 0.79311675 0.65879124 0.51865822 0.66850573 0.84793353 -0.52976131 0.82989353 0.79417515 0.67241716
0.63348055 0.38762763 -0.09137721 0.78564125 0.38458881 0.38254356 0.60791832 0.41497135 -0.27374023 0.88637865 0.43546999 0.64690459 0.59641731 0.37576875 -0.36820304 0.89669752 0.43567884 0.85677797 0.82618183 0.56721801 -0.20301189 0.91049856 0.55862498 0.20247267 0.63649082 0.67972934 -0.30160511 0.79934627 0.66227871 0.48098862 0.667126 0.84938645 -0.40149176 0.8325606 0.79913962 0.64050835
0.6211077 0.37607488 -0.09454823 0.78736502 0.37247518 0.3417978 0.64177603 0.42428201 -0.20445611 0.8931269 0.42893735 0.60422683 0.59617043 0.37179488 -0.19829975 0.87980682 0.42619666 0.83881605 0.80813515 0.56308711 -0.19119684 0.90420824 0.55363494 0.19072346 0.63784373 0.68226033 -0.20966297 0.80066252 0.66974705 0.46949899 0.66621691 0.84955186 -0.23979074 0.82943404 0.80270177 0.64210355
0.61405575 0.36467537 -0.14451765 0.78585911 0.36173913 0.27170154 0.64467555 0.41780326 -0.2153381 0.89573503 0.42184013 0.53532887 0.58089679 0.35545015 -0.15655838 0.87254 0.41665211 0.7955212 0.79350007 0.55884439 -0.17955238 0.89212179 0.54992539 0.17906488 0.64204133 0.68642169 -0.18629436 0.79857427 0.67326701 0.46292454 0.66615236 0.84912294 -0.22330086 0.82901537 0.80427879 0.63118505
0.60218638 0.35268468 -0.17768893 0.77510834 0.3500554 0.27364573 0.6449393 0.41562918 -0.17775989 0.89507443 0.41524503 0.51473886 0.57120037 0.34744635 0.01781069 0.86238343 0.40837488 0.72809136 0.77699608 0.55070502 -0.18338139 0.87177634 0.54164988 0.18293363 0.64405119 0.68697584 -0.19123833 0.79595351 0.67409134 0.45902914 0.67162591 0.84911811 -0.21846221 0.83128053 0.79461598 0.59467512
0.59183562 0.34486419 -0.16310747 0.77552754 0.3449792 0.2771861 0.64221686 0.41605681 -0.04603494 0.89707118 0.41128734 0.53940672 0.56807435 0.34692171 0.27896133 0.83929789 0.40032825 0.81742221 0.76096642 0.54772395 -0.18507986 0.86746073 0.53841287 0.18458095 0.64342678 0.68688607 -0.19173884 0.79514384 0.67280573 0.50150836 0.68783683 0.84769738 -0.28111088 0.83090037 0.79581863 0.60991216
0.58779442 0.34282571 -0.19096549 0.77767056 0.34312063 0.1632084 0.64125079 0.41315421 -0.03728236 0.89794976 0.40732914 0.46695822 0.56478214 0.33801538 0.32392126 0.82937694 0.38609874 0.81182498 0.744488 0.55149007 -0.15396586 0.85854483 0.53940797 0.15340653 0.65639442 0.68750727 -0.05017444 0.79891515 0.67097026 0.48629874 0.69483525 0.84715587 -0.02236558 0.83060032 0.78770721 0.65700209
0.59377611 0.33850095 -0.18273106 0.77766579 0.33944362 0.19630267 0.64019543 0.40783504 -0.03784702 0.89771283 0.40831742 0.48478681 0.56305021 0.33536187 0.30486366 0.81943542 0.38756877 0.8086524 0.73609436 0.54581815 -0.15548405 0.84738243 0.5348478 0.15497328 0.65726626 0.68732631 -0.10953558 0.79819936 0.66796529 0.47222733 0.69351798 0.84716278 -0.13350546 0.8304252 0.78386581 0.64869827
0.59665608 0.34038636 -0.1848086 0.77640879 0.34110445 0.23815121 0.63796216 0.40490153 -0.07908668 0.89755458 0.40575951 0.52337056 0.5532617 0.32308999 0.228157 0.82318383 0.38265133 0.85205805 0.73304665 0.54797906 -0.16287293 0.84348375 0.53740567 0.16230752 0.66258079 0.69004053 -0.13522033 0.79864293 0.67623991 0.40276349 0.69452286 0.84755927 -0.17185532 0.83031279 0.80181521 0.51507968
0.59081274 0.3375099 -0.17743282 0.77690065 0.33866435 0.18405063 0.63663429 0.40681612 -0.02403804 0.8967917 0.40813118 0.482907 0.55309045 0.32522121 0.32231721 0.81493467 0.3896361 0.83712375 0.72106445 0.54870319 -0.15235347 0.83401781 0.53686965 0.15184188 0.67459226 0.69362253 -0.09561246 0.79840964 0.67790687 0.39125586 0.69246548 0.84832633 -0.11723834 0.83528173 0.80492771 0.50926811
0.58676964 0.33642247 -0.17158179 0.77691996 0.33757564 0.19113135 0.63245028 0.40531233 0.00227895 0.89391726 0.40748584 0.48563525 0.55394703 0.32913464 0.3522104 0.81597227 0.38408294 0.83101749 0.71203923 0.54871708 -0.15658115 0.82600063 0.53701317 0.1561126 0.68122059 0.6957655 -0.12315988 0.79431188 0.67745018 0.39510483 0.69127983 0.8484062 -0.16230154 0.83490223 0.80376679 0.53005731
0.58934772 0.33702993 -0.17338175 0.77776855 0.33908278 0.2092355 0.63227612 0.40632838 -0.02881668 0.89415473 0.40922457 0.49351421 0.55112129 0.33266556 0.30442765 0.81617165 0.3863281 0.85867679 0.71201968 0.54918975 -0.15972933 0.82149428 0.53818256 0.15922673 0.67695028 0.69693506 -0.12922725 0.79159957 0.67790186 0.39133272 0.6882208 0.84959424 -0.16958344 0.83525729 0.80631268 0.51786774
0.58651608 0.33838063 -0.17676385 0.77744579 0.3393493 0.16261989 0.61696625 0.40472966 -0.01658443 0.89422196 0.4099859 0.45180407 0.54824376 0.33128989 0.33508199 0.81978649 0.38771737 0.79486805 0.70485312 0.54789454 -0.15775108 0.81490242 0.53693742 0.15730052 0.67469949 0.69719583 -0.13131841 0.79158586 0.67739952 0.37505624 0.68331772 0.84979117 -0.21068278 0.83536315 0.80729556 0.48817241
0.58788198 0.33979866 -0.20900713 0.77717024 0.34147304 0.18721353 0.61134988 0.40061542 -0.07575908 0.89345968 0.41044849 0.49124485 0.53783429 0.32810479 0.26097462 0.81796896 0.38606727 0.85190099 0.69926053 0.54873401 -0.16259012 0.8104409 0.53793484 0.16213419 0.67281276 0.69766784 -0.1354554 0.7915889 0.67767173 0.38801128 0.67934078 0.85069448 -0.22178715 0.83486575 0.80956727 0.52272123
0.58908898 0.34664568 -0.22347447 0.77466059 0.34294406 0.19415842 0.60769808 0.39794427 -0.0777895 0.88825667 0.41024289 0.528153 0.53293973 0.32730159 0.26595798 0.81994617 0.38277584 0.88593531 0.69505346 0.54930443 -0.17176279 0.80563515 0.53843749 0.17129581 0.6708017 0.69719905 -0.16129029 0.79127139 0.67828643 0.39953619 0.67762434 0.85152048 -0.24345492 0.83162075 0.80932051 0.54577917
