0. 0. 0. 0. 0. 0. 0. 0. 0. 0. 0. 0. 0. 0. 0. 0. 0. 0. 0. 0. 0. 0. 0. 0. 0. 0. 0. 0. 0. 0. 0. 0. 0. 0. 0. 0. 0. 0. 0. 0. 0. 0. 0. 0. 0. 0. 0. 0. 0. 0. 0. 0. 0. 0. 0. 0. 0. 0. 0. 0. 0. 0. 0. 0. 0. 0. 0. 0. 0. 0. 0. 0. 0. 0. 0. 0. 0. 0. 0. 0. 0. 0. 0. 0. 0. 0. 0. 0. 0. 0. 0. 0. 0. 0. 0. 0. 0. 0. 0. 0. 0. 0. 0. 0. 0. 0. 0. 0. 0. 0. 0. 0. 0. 0. 0. 0. 0. 0. 0. 0. 0. 0. 0. 0. 0. 0. 0. 0. 0. 0. 0. 0.
0.29414597 0.28793049 0.61501348 0.04574898 0.32524303 0.25350076 0.43172818 0.36455548 0.34693834 0.05908796 0.44717744 0.0653562 0.29722705 0.32863533 -0.10008078 0.11090527 0.5030784 -0.13619769 0.36274803 0.50359935 0.11059215 0.20102906 0.50601262 -0.1104464 0.43908709 0.618186 -0.29699382 0.2201167 0.5478099 -0.55672467 0.45755759 0.83920395 -0.3985948 0.11231546 0.76473439 -0.64263135
0.24706294 0.27663669 0.52932352 -0.01034482 0.3103624 0.02868262 0.4076069 0.34087518 0.33162633 0.01804332 0.44830534 -0.08710053 0.34225401 0.27813286 -0.11479268 0.11008921 0.51008487 -0.20425102 0.32701465 0.50214082 0.15891807 0.17528045 0.50751597 -0.15856209 0.43324184 0.60465777 -0.29158092 0.28978977 0.59077096 -0.5826968 0.41136131 0.81065202 -0.30537722 0.45110679 0.8542822 -0.64850187
0.22580053 0.28107077 0.5493356 0.14674863 0.28858945 0.08719203 0.30531922 0.3676897 0.48948303 0.18260664 0.38927764 -0.15448292 0.24099281 0.36753199 0.32209024 0.2955372 0.36973253 -0.36293966 0.31869599 0.50209564 0.17250606 0.30173898 0.50349754 -0.17270102 0.35945618 0.63198841 0.13849446 0.41977155 0.67052901 -0.24742474 0.33148953 0.81153548 -0.00702934 0.49005038 0.87978685 -0.47909185
0.21459144 0.28015059 0.63344902 0.04507647 0.2950938 0.10846295 0.34480709 0.36746183 0.54690081 0.07763363 0.40281978 -0.11768629 0.24797383 0.35367516 0.19422832 0.17219187 0.43249449 -0.19831979 0.30589244 0.50198078 0.1881489 0.21800475 0.50122935 -0.18773519 0.38120672 0.61897159 -0.15717471 0.36943612 0.62394547 -0.53857356 0.36502737 0.80908477 -0.33824319 0.47188991 0.86420566 -0.78073758
0.19837694 0.27263689 0.48079523 0.03503858 0.29401094 -0.01367133 0.33726853 0.35032418 0.51130265 0.0333295 0.41197813 -0.09761394 0.27097443 0.34879509 0.32477072 0.13223523 0.48914969 -0.19155629 0.29186291 0.49798715 0.18427803 0.21767221 0.50154769 -0.18422885 0.3888154 0.62641352 0.21479899 0.39793494 0.66661108 -0.24452931 0.37809491 0.8022688 0.229708 0.49245629 0.87764549 -0.3610923 
0.18207823 0.27564356 0.4430865 0.09802147 0.28529853 -0.00160821 0.27831328 0.37377009 0.47395897 0.12316701 0.40271375 -0.13324346 0.27471507 0.39286298 0.30956563 0.26714304 0.40666559 -0.23920952 0.29071957 0.5016169 0.17942692 0.2740294 0.50171781 -0.17944542 0.36932915 0.64176327 0.31075528 0.42844886 0.67852217 -0.13965297 0.38484341 0.8065173 0.33912098 0.49943405 0.88048106 -0.23728997
0.17281768 0.27883723 0.45772934 0.07389104 0.28937614 -0.03645991 0.2947804 0.37348345 0.49666432 0.07935894 0.41600713 -0.11255705 0.27690193 0.37833405 0.3467631 0.15445778 0.47161385 -0.22547168 0.27034369 0.5034759 0.18202664 0.26147538 0.50422662 -0.18196234 0.3793231 0.63899559 0.19769977 0.42223033 0.67194599 -0.25518233 0.38681826 0.80615985 0.17937292 0.49616215 0.87869 -0.40578204
0.18877946 0.27722496 0.42664075 0.10818896 0.28275606 -0.04606027 0.31286505 0.36041287 0.47811335 0.12444022 0.39521942 -0.15174024 0.29865065 0.37331083 0.37132183 0.24289943 0.41083446 -0.23925157 0.27116531 0.50443852 0.18317115 0.28872594 0.50455928 -0.18327259 0.38459525 0.65209538 0.32412261 0.45033231 0.67606777 -0.09739728 0.38949847 0.81381255 0.38403893 0.49938416 0.88068479 -0.11033143
0.19405678 0.27920958 0.45582068 0.09720075 0.2859455 0.00119966 0.31362218 0.36123624 0.51464498 0.12187438 0.40082893 -0.08422182 0.35878366 0.36667123 0.4008112 0.23221718 0.43324775 -0.14321369 0.27492657 0.50527084 0.17992589 0.28101543 0.50486434 -0.17997721 0.37931547 0.64702135 0.25319237 0.42769894 0.67541766 -0.15326387 0.38495037 0.81254679 0.25353628 0.49865553 0.88073337 -0.26100019
0.17953905 0.28406352 0.54498035 0.06860383 0.28779656 0.03929696 0.28905636 0.37112343 0.56402969 0.08940142 0.40313783 -0.07327881 0.29293129 0.36933538 0.38336036 0.21865191 0.43947455 -0.16487597 0.26561087 0.50531125 0.18267161 0.24389236 0.50442767 -0.18258634 0.37799326 0.64634162 0.09324905 0.41261059 0.6651755 -0.31090716 0.3869755 0.81221372 -0.12022814 0.4919208 0.87730241 -0.62948644
0.27385569 0.28319854 0.47605166 0.13331257 0.28585997 0.04375209 0.39546984 0.33709657 0.43643081 0.15938114 0.37199673 -0.12491658 0.34719723 0.27459568 0.32277825 0.25874308 0.35578489 -0.25277403 0.35377529 0.50299406 0.18126388 0.31555873 0.49346346 -0.18153025 0.41514358 0.6528464 0.24839455 0.42705646 0.67490047 -0.12791167 0.42704636 0.82051533 0.24317774 0.49203542 0.87710845 -0.1868495 
0.26104978 0.28106967 0.52887017 0.06959543 0.2881718 0.04426254 0.38904941 0.34128416 0.41647041 0.05663942 0.4068754 -0.06597704 0.3540343 0.29428187 0.00709517 0.13260105 0.47649002 -0.15525652 0.3474519 0.50188082 0.18019556 0.26775515 0.49373338 -0.18035558 0.44042125 0.65848821 0.11361302 0.41843924 0.66194576 -0.27433369 0.44290417 0.8422935 0.05772341 0.48463032 0.87380761 -0.25909469
0.26807639 0.27275911 0.51929885 0.05759675 0.28861442 0.05853419 0.4049004 0.34019822 0.3472884 0.04047531 0.42020866 -0.01692037 0.36190945 0.28143501 -0.08809951 0.11781469 0.48845685 -0.09979219 0.35331962 0.49778658 0.17408848 0.26153567 0.49448892 -0.17436145 0.44635889 0.65798384 0.11373542 0.41723561 0.65263402 -0.24542993 0.45161238 0.84887236 0.08073954 0.4826903 0.87290019 -0.26562199
0.26166621 0.27348989 0.56631744 0.05768704 0.28905925 0.07337792 0.40124694 0.35782894 0.47166839 0.04283027 0.42262882 -0.01715242 0.34225345 0.32110956 0.05502554 0.11560959 0.48733419 -0.12556049 0.34799439 0.49798888 0.18283519 0.256614 0.4953579 -0.18265791 0.45094997 0.65783346 -0.03301887 0.42089871 0.64100856 -0.3913371 0.46051818 0.85728461 -0.17201659 0.48420393 0.87325191 -0.54601961
0.25246266 0.27382877 0.57901108 0.05842454 0.28893575 0.0388115 0.3892833 0.3598682 0.57849514 0.04536967 0.42326993 -0.03401044 0.33037263 0.32916513 0.35583851 0.11264399 0.48827207 -0.13651361 0.34622797 0.49879646 0.19716395 0.25580984 0.49577156 -0.19707449 0.45236826 0.66398394 0.10003745 0.42997226 0.64773899 -0.34178153 0.45854688 0.85538667 0.02078886 0.4868193 0.87472039 -0.41174087
0.25077996 0.27420971 0.57056946 0.06322294 0.28885522 0.02880442 0.38496318 0.36339685 0.58391756 0.04820624 0.42446277 -0.03685804 0.330154 0.34704876 0.38065258 0.1106509 0.48861164 -0.14218602 0.34336802 0.4990609 0.19967976 0.25531441 0.49599287 -0.19957928 0.45434079 0.66315418 0.12625599 0.43732536 0.64799702 -0.3186107 0.45787013 0.8546375 0.06894445 0.48614857 0.87444586 -0.36994708
0.25909269 0.2730425 0.52691799 0.06034229 0.28942066 0.02578105 0.40101954 0.34511834 0.55206054 0.03641242 0.42719653 -0.03846068 0.37068006 0.29733953 0.37086457 0.10385254 0.49955839 -0.12776889 0.34683442 0.49976274 0.1970879 0.25503114 0.50006413 -0.19691515 0.46345019 0.66626495 0.19065166 0.44000414 0.65648943 -0.21144846 0.45892617 0.8548162 0.23829518 0.48643777 0.87450492 -0.16410397
0.26354802 0.27081922 0.46176544 0.06320878 0.28970042 -0.01826985 0.40076604 0.34130225 0.51744676 0.03976312 0.42709348 -0.08010378 0.36182216 0.29360774 0.30739594 0.0969772 0.50364476 -0.15141445 0.35752788 0.49982011 0.19514772 0.26210493 0.50184226 -0.1950061 0.46767899 0.66877687 0.24827567 0.43717673 0.65999514 -0.15458637 0.46083209 0.85570133 0.31789321 0.48511121 0.87422282 -0.07337403
0.26309916 0.2721335 0.54219413 0.04355461 0.29313099 0.04846475 0.40218508 0.34238964 0.45444578 0.02882431 0.43047974 -0.03577504 0.36066318 0.29816005 0.04871102 0.09557731 0.50274855 -0.13752653 0.3545281 0.50227195 0.19062597 0.22872493 0.50185752 -0.19036271 0.46180207 0.66726571 0.02270378 0.35226738 0.61095583 -0.33812338 0.45959926 0.85637164 0.01959148 0.48304409 0.85968846 -0.30880451
0.2804884 0.2724309 0.55278051 0.07623759 0.2954182 0.06272494 0.41133305 0.33087486 0.46807998 0.05606981 0.42828467 -0.03171829 0.37393802 0.26258871 0.09993146 0.12741005 0.47367811 -0.13859709 0.37404916 0.50252175 0.18999326 0.25957701 0.50202543 -0.18981665 0.47187224 0.67300665 0.10451744 0.36645916 0.62016183 -0.27940124 0.46505561 0.86138237 0.09438211 0.48183572 0.860237 -0.25610662
0.28746507 0.273911 0.55176973 0.07529091 0.30523479 0.09673458 0.41380736 0.32095781 0.46183437 0.05619889 0.4320229 -0.01208267 0.3758786 0.24850512 0.14473227 0.11086331 0.47984549 -0.14002617 0.37650174 0.50238693 0.18610427 0.25898391 0.50205767 -0.18586166 0.48315045 0.6665923 -0.06175955 0.37597853 0.60941344 -0.37409616 0.46196038 0.84592575 -0.05759767 0.48141518 0.8531546 -0.41484088
0.28311709 0.271911 0.51460528 0.06512302 0.30478761 0.07191145 0.41130626 0.32576603 0.44307098 0.03916849 0.43311366 -0.02318274 0.35043138 0.26627618 0.15981942 0.10336219 0.49501264 -0.14100847 0.37380955 0.50176889 0.18748014 0.25495818 0.50251049 -0.18734966 0.48571751 0.66601843 -0.03585725 0.38031849 0.61267352 -0.34247085 0.46094385 0.84202725 0.14543116 0.48069751 0.85143775 -0.27017716
0.28146279 0.26856336 0.4422701 0.06635632 0.3047241 0.00207024 0.4126116 0.32473782 0.43793306 0.03831051 0.43281332 -0.06347677 0.35058334 0.26235601 0.240805 0.0988554 0.50052673 -0.15628599 0.37416261 0.50119025 0.18729892 0.26157069 0.503151 -0.18719161 0.4823249 0.66564536 0.15646014 0.38364464 0.61995971 -0.24699792 0.46063495 0.84056199 0.30820125 0.48239818 0.85261565 -0.1598215 
0.27540785 0.26892054 0.45269999 0.03307935 0.30486837 0.01064334 0.41243666 0.32618001 0.40304643 0.00946417 0.4360151 -0.06695795 0.34579059 0.26910084 0.13551001 0.0873196 0.50687116 -0.16650249 0.36354795 0.50106603 0.18427226 0.22365673 0.50421011 -0.18413532 0.48006743 0.6589092 0.03336458 0.36650965 0.6178447 -0.35745206 0.45836228 0.83902395 0.18322521 0.48224223 0.85406667 -0.27140686
0.26361719 0.26813424 0.31940916 0.03411961 0.30343419 -0.17347389 0.41064191 0.3217777 0.38005903 0.00896826 0.43559396 -0.23344268 0.37531126 0.26563904 0.21307638 0.08310809 0.51592034 -0.26395518 0.35962415 0.50093269 0.18412228 0.2466245 0.51010722 -0.1840129 0.46188816 0.65447301 0.31966987 0.4041692 0.66594827 -0.11814865 0.41553587 0.82472253 0.4720425 0.48661086 0.86799985 -0.01911585
0.24590909 0.26840323 0.30998299 0.08854832 0.29562056 -0.20931366 0.39618582 0.32453284 0.39278454 0.1087643 0.39113328 -0.26041168 0.4062179 0.29195264 0.26750538 0.19676307 0.38272634 -0.28431901 0.35766867 0.50098205 0.18592557 0.28767908 0.51278406 -0.18576238 0.4329313 0.65242344 0.32592401 0.43628559 0.6808061 -0.09177264 0.36615819 0.80626434 0.465085 0.49163976 0.87420809 -0.0127831 
0.2457405 0.2692804 0.34080368 0.08815031 0.29599267 -0.14013509 0.39202294 0.32556257 0.40085673 0.10365909 0.39342755 -0.20696807 0.36471304 0.2900213 0.28123486 0.19242027 0.44470423 -0.26750702 0.35812187 0.49897277 0.18551651 0.28281257 0.51239711 -0.18541621 0.43561691 0.64877325 0.30703813 0.4312045 0.68149066 -0.15037087 0.3774738 0.79743928 0.46981364 0.49144283 0.87443662 -0.09450983
0.25084531 0.27152807 0.41032654 0.06990501 0.2991398 -0.01505244 0.39077875 0.33309123 0.45354337 0.07638127 0.40785453 -0.08977576 0.3199015 0.31356016 0.29852521 0.18356691 0.48110497 -0.23074785 0.3594619 0.49799287 0.17405333 0.26514518 0.5111534 -0.17399967 0.43795305 0.63275564 0.17617248 0.3810564 0.66455996 -0.3487469 0.3542929 0.77844656 0.36663944 0.49079579 0.87385726 -0.31656933
0.25115901 0.27186269 0.40697181 0.07033555 0.29854384 -0.01902716 0.39038345 0.33863696 0.43413907 0.07304554 0.4111267 -0.09581865 0.30316043 0.31637517 0.27906552 0.16612314 0.48111904 -0.22596046 0.36142382 0.4945533 0.16945215 0.26938647 0.50703806 -0.16932276 0.41645223 0.62840307 0.2200883 0.38366443 0.66296226 -0.30678952 0.27044269 0.76617742 0.40686449 0.49146789 0.8747471 -0.29441896
0.23025681 0.27552718 0.36862162 0.06796718 0.29932535 -0.11671413 0.37163079 0.3439295 0.42077914 0.06912669 0.41271344 -0.18568429 0.28667107 0.3300482 0.27021348 0.15731819 0.4801169 -0.27107459 0.34992385 0.49468949 0.17505643 0.2700994 0.5076074 -0.17495586 0.40836447 0.63199896 0.34728858 0.40341172 0.67542839 -0.25502202 0.3166633 0.77912223 0.52341926 0.49181557 0.87635815 -0.27106026
0.26273006 0.27529579 0.37572035 0.07422958 0.30593637 0.01766054 0.39157644 0.34099102 0.3198266 0.07254501 0.41472378 -0.06387091 0.29828078 0.32832506 0.08356632 0.14854683 0.47895637 -0.2285921 0.36944273 0.49231613 0.16400462 0.26956898 0.50523859 -0.16400166 0.44941795 0.63239872 0.20279156 0.40553322 0.67112321 -0.27403581 0.37877682 0.78245533 0.34966001 0.49125621 0.87541103 -0.29565156
0.26264057 0.27659449 0.35162514 0.07364915 0.30574426 0.00502943 0.40109131 0.33888665 0.31964079 0.07157876 0.41496977 -0.07780278 0.30050981 0.30836469 0.1231916 0.11928751 0.46329823 -0.23027673 0.36855668 0.49296194 0.16137779 0.26488224 0.50528234 -0.16140783 0.45663917 0.63357764 0.20292513 0.40954486 0.67073548 -0.23150147 0.38814145 0.78700644 0.36422518 0.49091259 0.87200016 -0.21744418
0.24938394 0.27767733 0.35376847 0.06366611 0.30611551 -0.03901088 0.40085295 0.33219478 0.34370068 0.07038376 0.41859573 -0.13631509 0.32950771 0.29175922 0.14545172 0.10654127 0.457295 -0.27818143 0.36136138 0.49633601 0.16191359 0.26393542 0.50837642 -0.16193098 0.45873615 0.64707071 0.19743732 0.41954064 0.66954613 -0.20845473 0.39053336 0.81832218 0.31794637 0.48870811 0.86746103 -0.16672069
0.29862908 0.27777189 0.36268944 0.10629663 0.30998585 0.00643879 0.43857834 0.29607904 0.3065404 0.09427175 0.41876879 -0.15336883 0.41267386 0.20656453 0.12294194 0.10855266 0.4344869 -0.40312439 0.38678446 0.49626887 0.16272271 0.28668705 0.50835001 -0.16270854 0.46126875 0.65906698 0.19374357 0.46398923 0.66936821 -0.27351397 0.40059903 0.83100319 0.3133589 0.48841146 0.86750066 -0.27425805
0.2909961 0.27871507 0.31319895 0.10148525 0.30969441 -0.0817676 0.43062747 0.32891339 0.3224037 0.09248816 0.42120749 -0.18888007 0.39388591 0.28741613 0.17067872 0.098191 0.44391683 -0.3486957 0.38355973 0.50511801 0.16957143 0.29673457 0.51775521 -0.16973454 0.47085938 0.66227013 0.27332172 0.45891896 0.67368412 -0.17008744 0.40172252 0.82714093 0.44694462 0.48897785 0.86777335 -0.08441153
0.40298688 0.29796934 0.15544128 0.18415301 0.34241417 -0.05205707 0.50940657 0.3197813 0.23632754 0.11686952 0.45748192 -0.16928959 0.49046963 0.24594451 0.28068462 0.0990768 0.50063622 -0.3583796 0.47506902 0.5282532 0.09774584 0.33176982 0.52741945 -0.0980081 0.5017699 0.69418579 0.23285687 0.45180252 0.67963409 -0.05252024 0.46520439 0.85002965 0.42857823 0.47508428 0.84643799 0.17809194
0.29344156 0.29875037 0.19351211 0.2267334 0.30986777 -0.25264281 0.36855629 0.38217893 0.23471338 0.2751306 0.37657323 -0.38731235 0.32291204 0.38548407 0.25559172 0.32482511 0.36935765 -0.52443784 0.39520136 0.52884853 0.1661889 0.35193187 0.53053176 -0.16583002 0.47977859 0.68424451 0.35085341 0.51589614 0.68870252 -0.1132007 0.44915599 0.80561578 0.53153545 0.50305688 0.87419069 -0.01258663
0.30339655 0.32174575 0.20001127 0.24722643 0.30636299 -0.22327508 0.38870198 0.41879308 0.22807255 0.24026082 0.37144244 -0.34441167 0.36349678 0.43578401 0.2522406 0.29226866 0.38706216 -0.44476232 0.3938863 0.5393979 0.17078322 0.3641963 0.53432983 -0.17050736 0.47756821 0.67789966 0.36917576 0.52221906 0.69214606 -0.06467512 0.43828592 0.80442864 0.52279299 0.50952327 0.87995815 0.01774109
0.30136684 0.34220996 0.41938868 0.23661961 0.31963751 0.10263163 0.33845189 0.44084036 0.44832307 0.19510752 0.39895105 -0.01565239 0.29618016 0.45741498 0.44490129 0.22700006 0.43960178 -0.17146316 0.33339456 0.53439343 0.16551295 0.35472709 0.53685147 -0.1658576 0.47607982 0.67483062 0.35916027 0.55205309 0.68876082 -0.09384312 0.40490508 0.78368682 0.51773798 0.51651299 0.88680309 -0.16789907
0.2649194 0.35926253 0.43121815 0.22004426 0.32951689 0.08418812 0.28761604 0.46360561 0.43911257 0.17869905 0.42850214 -0.0537561 0.25825199 0.49129587 0.40272686 0.21215802 0.47987038 -0.22526842 0.30364406 0.53728199 0.16608596 0.34515643 0.54151696 -0.1665584 0.466757 0.67239732 0.36806273 0.57086462 0.68281341 -0.19784909 0.39150882 0.78791887 0.51294065 0.51835018 0.88855177 -0.2919212 
0.25182703 0.37184161 0.28209919 0.25951484 0.35933509 0.00768609 0.21780604 0.45775738 0.35085812 0.20435496 0.44489568 -0.08246882 0.19329861 0.47872862 0.35542357 0.23069884 0.48152363 -0.23825534 0.3074728 0.54474282 0.16690709 0.35145977 0.55811703 -0.16748825 0.47499841 0.66482717 0.34430829 0.57713693 0.68232256 -0.16557592 0.38103476 0.76745015 0.49047711 0.51742262 0.88867474 -0.28322768
0.26253432 0.36583856 0.50204152 0.23284239 0.34643248 0.13626592 0.28141591 0.43739545 0.49763179 0.19196138 0.4175474 -0.00699386 0.27113602 0.44624728 0.43249077 0.18267737 0.45887265 -0.13029522 0.31514657 0.54295504 0.16604288 0.34751478 0.55065447 -0.16667379 0.48599344 0.67195261 0.21662171 0.56164593 0.68411267 -0.15753356 0.38436788 0.77673984 0.28264353 0.51575667 0.8870821 -0.22345462
0.27169931 0.38372618 0.43068317 0.25785136 0.38167655 0.101255 0.2900641 0.45489407 0.46219772 0.30150032 0.4155418 -0.05065416 0.26449686 0.46161574 0.44306773 0.39167649 0.37964332 -0.09800874 0.31833109 0.55305648 0.16614266 0.34368798 0.55787647 -0.16688511 0.48973823 0.6708591 0.19875793 0.55549049 0.6933099 -0.13677613 0.38544556 0.78098619 0.33412743 0.51576734 0.88643235 -0.11085803
0.23711181 0.38233483 0.53697503 0.26398709 0.3647126 0.17412041 0.28126752 0.44459006 0.48457822 0.31187627 0.38409644 -0.11153533 0.27013692 0.45025879 0.41749212 0.37141007 0.38123223 -0.33357751 0.30830231 0.55049354 0.18412459 0.34301212 0.55372006 -0.1853305 0.48904386 0.67283082 0.28733963 0.58483815 0.69303089 -0.11654539 0.39766878 0.7832402 0.2308806 0.51682109 0.88657564 -0.26836798
0.28092495 0.37544918 0.56445527 0.19869517 0.36911139 0.25206921 0.30399227 0.45843312 0.6122666 0.14042103 0.44908935 0.11888751 0.27467403 0.45639479 0.56914884 0.15244946 0.45847788 -0.04341076 0.32761458 0.55600911 0.17691448 0.31933567 0.55323762 -0.17810687 0.49364364 0.67217433 0.19264488 0.52201867 0.68036288 -0.19715576 0.40748152 0.78460634 0.2373445 0.5162394 0.88578397 -0.28855091
0.27017003 0.38201776 0.54117119 0.193526 0.37503281 0.24325845 0.29409572 0.45965955 0.54196531 0.10733593 0.45819855 0.06028093 0.27192077 0.47026432 0.48250586 0.13576497 0.46505511 -0.13376167 0.32360286 0.56752801 0.17634194 0.3119413 0.55942333 -0.17745021 0.49345699 0.67288291 0.20552246 0.56644017 0.6801964 -0.18811275 0.41098058 0.78542727 0.22380169 0.52058405 0.88702416 -0.27472955
0.1988385 0.38151747 0.64480901 0.18131916 0.37099701 0.21790992 0.25026962 0.45776942 0.58915013 0.12770081 0.4387334 -0.06513087 0.24449876 0.46740866 0.45806867 0.15376219 0.44933072 -0.31898537 0.28305873 0.56163895 0.1964442 0.30347654 0.55670482 -0.19746333 0.49182916 0.67457926 0.33974099 0.59543628 0.6778543 -0.24237026 0.4156417 0.79013878 0.26757506 0.52212179 0.88740259 -0.49790356
0.20647493 0.37046471 0.66050392 0.11711682 0.36682975 0.1934879 0.27559465 0.45527613 0.56313163 0.1103225 0.44658044 -0.06492078 0.2416268 0.46650308 0.30289134 0.1460906 0.45847264 -0.30080947 0.28109738 0.55849797 0.21059379 0.26593208 0.55518872 -0.21120737 0.48399001 0.67433637 0.32049271 0.58999211 0.67394274 -0.35889587 0.42096066 0.79589272 0.44486243 0.52462256 0.88790476 -0.45119587
0.1565396 0.36872217 0.61793685 0.06947093 0.36244807 0.08750436 0.26203775 0.45035943 0.53706199 0.08716968 0.45686135 -0.15637152 0.24852063 0.46429676 0.23895034 0.1612058 0.46416485 -0.34747806 0.2453264 0.55711961 0.22007672 0.23193792 0.56213385 -0.22039762 0.48747134 0.66716182 0.22445062 0.59220624 0.67029285 -0.33993652 0.41983739 0.79577345 0.32113495 0.52412528 0.88736534 -0.43564561
0.16201639 0.36117452 0.62415183 -0.00095123 0.35431832 0.0910757 0.26347277 0.43431124 0.48456782 -0.01252151 0.48278931 -0.07984183 0.25148311 0.42882493 0.03394801 0.08773176 0.54957139 -0.16773666 0.25458503 0.55672747 0.21594544 0.18513919 0.56353748 -0.2160081 0.53206509 0.64340281 -0.00605894 0.56392777 0.65415585 -0.45656487 0.42479125 0.79575175 -0.05937203 0.52264965 0.88096058 -0.58464682
1.81749851e-01 3.67432863e-01 8.07156622e-01 3.57306004e-02 3.76876831e-01 3.44116271e-01 2.69125223e-01 4.39429134e-01 6.33870244e-01 4.22239080e-02 4.86396015e-01 -2.77104846e-04 2.43674070e-01 4.33632791e-01 1.47802263e-01 1.23865537e-01 5.26693165e-01 -2.90234149e-01 2.56999761e-01 5.64424515e-01 2.07138076e-01 2.06929922e-01 5.71266472e-01 -2.06499159e-01 5.48878193e-01 6.34492755e-01 -1.23394422e-01 5.65797567e-01 6.56181157e-01 -5.31715870e-01 4.31996852e-01 7.95622706e-01 -2.42838398e-01 5.22372246e-01 8.80519807e-01 -7.16584921e-01
0.18432543 0.36801732 0.73007733 0.06730636 0.39041439 0.32563859 0.27033556 0.44210377 0.58894897 0.06273882 0.50250393 0.12086695 0.28385746 0.4627713 0.13986969 0.11037092 0.55418628 -0.0784521 0.28657275 0.56497413 0.18549351 0.22699824 0.56983221 -0.18512949 0.53974944 0.64138627 -0.03813653 0.5793674 0.66043007 -0.47819382 0.43432954 0.80202407 -0.13560545 0.52505714 0.88347095 -0.64376938
0.19193499 0.37320605 0.70614111 0.07335442 0.39499834 0.27766383 0.27336311 0.44357374 0.51948023 0.07716295 0.50991392 0.15777446 0.28334668 0.45947549 0.04762979 0.10261948 0.59653759 0.05908421 0.28693166 0.56577486 0.18287079 0.2237975 0.57065231 -0.18251568 0.53750765 0.64480025 -0.07583556 0.58032453 0.66098303 -0.46392545 0.44062656 0.80677819 -0.16946821 0.52680409 0.8842144 -0.62407064
0.17146417 0.3856498 0.69912785 0.07122663 0.39941639 0.18725681 0.25994465 0.46078661 0.45006406 0.07845859 0.51439512 0.15533498 0.25133023 0.44644266 -0.01398316 0.11161489 0.56987834 -0.02749584 0.27554908 0.56886548 0.19752927 0.2287157 0.57439148 -0.19716774 0.53247887 0.64586776 -0.0353516 0.59095103 0.6655727 -0.42549831 0.43864354 0.80553377 -0.06740227 0.52795058 0.88599873 -0.63932157
0.12775777 0.401081 0.69214386 0.09288143 0.39615145 0.11824693 0.16070923 0.49958381 0.61189163 0.09182695 0.51010174 -0.1661652 0.23858286 0.45804006 0.45583692 0.18013506 0.52272785 -0.40355092 0.2510092 0.58151716 0.21507885 0.24865842 0.57640815 -0.21502878 0.52312893 0.65735948 0.15229124 0.60786492 0.67758286 -0.4092125 0.4373236 0.80474907 -0.03368736 0.5287689 0.88805616 -0.73744267
0.10740259 0.40974262 0.76391017 0.10430434 0.39714125 0.14153066 0.1454621 0.48846674 0.74509031 0.09291939 0.50906503 -0.14342891 0.23027171 0.4822523 0.63622177 0.17630391 0.52204102 -0.36519858 0.23604943 0.59297359 0.22681178 0.26207843 0.58109856 -0.22696978 0.50200111 0.67607212 0.25564444 0.61793554 0.68420875 -0.40712711 0.43646562 0.81041855 0.00399707 0.52951854 0.88911557 -0.77822125
0.1108656 0.40984726 0.73720235 0.11495831 0.42476559 0.23911336 0.18238448 0.48929402 0.64918882 0.09512798 0.52963412 0.09711425 0.23425251 0.49286467 0.45901087 0.15099342 0.56781536 0.03819197 0.24332176 0.58789188 0.2087605 0.2618385 0.59483063 -0.20936249 0.50210625 0.66281742 0.19544946 0.61204785 0.68347645 -0.30375138 0.43877104 0.80452144 -0.09382363 0.52962923 0.8890571 -0.75979775
0.12430596 0.41851023 0.71800262 0.12490359 0.41705662 0.15012521 0.15138464 0.51744699 0.64066887 0.10664808 0.52370524 -0.06859576 0.22157997 0.49796858 0.50992984 0.19447458 0.54232568 -0.15315557 0.24672239 0.59803051 0.21025126 0.26950985 0.59759557 -0.21081142 0.49992451 0.67674202 0.27214926 0.61355889 0.68398738 -0.27189806 0.4383435 0.80712605 -0.04657622 0.53055841 0.88896346 -0.70174491
0.18055786 0.4174363 0.74403262 0.12333812 0.42671934 0.29404518 0.24790554 0.50506204 0.63658422 0.12331994 0.53315121 -0.04050625 0.26934284 0.49712148 0.39884257 0.24873425 0.49122313 -0.18611136 0.2835176 0.60137057 0.2049408 0.26922485 0.60598314 -0.20553412 0.52269107 0.66685849 0.13127574 0.61059874 0.68406707 -0.27322778 0.43780434 0.8056553 -0.12873481 0.53096944 0.88892967 -0.66713971
0.22481896 0.41949937 0.61200809 0.12670965 0.44452298 0.4027347 0.29274604 0.49577683 0.28266191 0.12498988 0.55174619 0.21691029 0.25483841 0.49103212 -0.17580642 0.16264805 0.58753628 0.04351341 0.32584488 0.60879534 0.1694195 0.28302193 0.60996193 -0.17044881 0.5281316 0.66648757 0.06460486 0.60870653 0.68355858 -0.28127268 0.4384084 0.80632877 -0.23237477 0.53098488 0.88891047 -0.68029112
0.29788929 0.41481897 0.48440591 0.10981588 0.4558945 0.37791914 0.38786674 0.48868406 0.18089785 0.10821063 0.56730103 0.20420617 0.31311908 0.48992053 -0.32168874 0.10211083 0.61822742 -0.06048284 0.38157257 0.60669738 0.15839891 0.27981216 0.6189298 -0.15907954 0.56979692 0.65945357 -0.24778442 0.58302855 0.67406929 -0.55320758 0.43810689 0.80621415 -0.1867166 0.53089279 0.88531274 -0.6213969 
0.28841519 0.41744056 0.50588751 0.10849495 0.46146104 0.42442518 0.35761887 0.48658457 0.162287 0.09922771 0.57271761 0.26527697 0.28892958 0.48948246 -0.35859331 0.09094319 0.62133008 0.03707584 0.36723575 0.61151326 0.15061876 0.28332797 0.63579565 -0.15165925 0.55881006 0.65420443 -0.05289786 0.59498173 0.67316031 -0.4472495 0.43533927 0.80559278 -0.25117999 0.53055823 0.88188553 -0.65310931
0.30992594 0.41599333 0.35583982 0.10934226 0.46589151 0.33126134 0.37955937 0.49113008 0.07750361 0.10157581 0.57751369 0.17340727 0.28855884 0.50405556 -0.38625953 0.09821431 0.61364859 -0.1154781 0.39154291 0.61844379 0.1510746 0.28320298 0.63458008 -0.15171367 0.5581516 0.64171243 -0.14685366 0.5940181 0.6732834 -0.4854143 0.43492535 0.79306495 -0.19932415 0.53049624 0.88200814 -0.62571955
0.34394664 0.41320789 0.30396789 0.11248287 0.4747183 0.3259159 0.41965973 0.48549938 -0.01905532 0.10131166 0.57847869 0.15083623 0.31065762 0.50097811 -0.51260042 0.10869932 0.61748672 -0.13537745 0.42102095 0.61348724 0.12823467 0.28685191 0.65036368 -0.12857826 0.59634328 0.63218004 -0.38979313 0.53319824 0.67194909 -0.58352715 0.46393079 0.78486651 -0.26623899 0.52683276 0.88187003 -0.58389866
0.32334724 0.42094648 0.41888666 0.11754433 0.48016569 0.33183646 0.39556274 0.48960221 0.13703981 0.10283272 0.57290876 0.13649835 0.32608309 0.51158917 -0.34477714 0.11112521 0.60176766 -0.16927908 0.40194124 0.6160481 0.13115487 0.2859869 0.65185601 -0.13143617 0.5926103 0.63077492 -0.32104599 0.54921538 0.67255294 -0.5545944 0.46746588 0.77703607 -0.37284848 0.52589869 0.88193029 -0.69534636
0.33485192 0.42081606 0.32880405 0.12096915 0.48071173 0.25793296 0.41113859 0.49436563 0.03052859 0.10288227 0.57792449 0.1063769 0.34221664 0.50959814 -0.47449234 0.1090017 0.63088721 -0.19318072 0.40985662 0.61772501 0.12912191 0.28578249 0.65499103 -0.12927422 0.60321617 0.6293171 -0.33461431 0.51039368 0.67410457 -0.53562355 0.47317812 0.780711 -0.29013762 0.52387816 0.88092571 -0.5963729 
0.32491702 0.43035799 0.36652574 0.12907073 0.48209837 0.28751904 0.38755918 0.4963052 0.08463216 0.11985769 0.57215893 0.1022293 0.33676177 0.51241958 -0.36108449 0.134682 0.61370146 -0.23848879 0.4012056 0.62524593 0.12218762 0.28530478 0.65003026 -0.12246455 0.59198201 0.63267976 -0.28443885 0.50772512 0.667853 -0.52094734 0.47083327 0.78189057 -0.38888034 0.52382863 0.88054264 -0.67699271
0.31979513 0.42699215 0.090077 0.15002675 0.4811565 0.23620617 0.35409695 0.51165205 -0.14821096 0.14552306 0.56972843 0.0911288 0.28615555 0.53463876 -0.4304648 0.14270049 0.61055523 -0.23942083 0.4218125 0.62899423 0.06335701 0.29586041 0.64940315 -0.06289 0.58969539 0.63089025 -0.37522522 0.42821932 0.65810037 -0.56873649 0.4923186 0.78358799 -0.39565676 0.56232363 0.86415994 -0.67221195
0.3123835 0.43323499 0.05033875 0.16187356 0.47618252 0.09558223 0.32090601 0.52954632 -0.16038999 0.15145263 0.56890452 -0.0280359 0.26144713 0.56536216 -0.45186806 0.14156434 0.63586247 -0.29498252 0.41127294 0.63795745 0.07571203 0.3050217 0.65232319 -0.0754728 0.58568853 0.63512665 -0.30111015 0.46490175 0.67554444 -0.40958691 0.48755538 0.78144479 -0.14264034 0.55745101 0.86460918 -0.39734563
0.31040776 0.43621168 0.18925564 0.15990119 0.47933859 0.17520538 0.32662588 0.51895583 -0.1049445 0.14876238 0.56860846 0.00958553 0.27256745 0.54469317 -0.49489278 0.14119914 0.62401348 -0.31982484 0.4120644 0.64057928 0.0832914 0.3134625 0.6634897 -0.0832011 0.58574677 0.64268947 -0.28474995 0.46441716 0.68116003 -0.43575826 0.48679712 0.78673166 -0.28637913 0.55545062 0.86985105 -0.51005608
0.32744461 0.43574101 0.01955742 0.15130964 0.50415641 0.12857206 0.36517271 0.51470834 -0.28546214 0.11388056 0.58811927 0.01151603 0.29448599 0.53613847 -0.65054703 0.11756701 0.64449328 -0.27260754 0.42831725 0.64615828 0.04568372 0.30923325 0.66696572 -0.0451944 0.59032005 0.64279586 -0.34382945 0.3380037 0.6706025 -0.58423424 0.49078059 0.82189626 -0.36824214 0.55063039 0.81778389 -0.54277641
0. 0. 0. 0. 0. 0. 0. 0. 0. 0. 0. 0. 0. 0. 0. 0. 0. 0. 0. 0. 0. 0. 0. 0. 0. 0. 0. 0. 0. 0. 0. 0. 0. 0. 0. 0. 0. 0. 0. 0. 0. 0. 0. 0. 0. 0. 0. 0. 0. 0. 0. 0. 0. 0. 0. 0. 0. 0. 0. 0. 0. 0. 0. 0. 0. 0. 0. 0. 0. 0. 0. 0. 0. 0. 0. 0. 0. 0. 0. 0. 0. 0. 0. 0. 0. 0. 0. 0. 0. 0. 0. 0. 0. 0. 0. 0. 0. 0. 0. 0. 0. 0. 0. 0. 0. 0. 0. 0. 0. 0. 0. 0. 0. 0. 0. 0. 0. 0. 0. 0. 0. 0. 0. 0. 0. 0. 0. 0. 0. 0. 0. 0.
0. 0. 0. 0. 0. 0. 0. 0. 0. 0. 0. 0. 0. 0. 0. 0. 0. 0. 0. 0. 0. 0. 0. 0. 0. 0. 0. 0. 0. 0. 0. 0. 0. 0. 0. 0. 0. 0. 0. 0. 0. 0. 0. 0. 0. 0. 0. 0. 0. 0. 0. 0. 0. 0. 0. 0. 0. 0. 0. 0. 0. 0. 0. 0. 0. 0. 0. 0. 0. 0. 0. 0. 0. 0. 0. 0. 0. 0. 0. 0. 0. 0. 0. 0. 0. 0. 0. 0. 0. 0. 0. 0. 0. 0. 0. 0. 0. 0. 0. 0. 0. 0. 0. 0. 0. 0. 0. 0. 0. 0. 0. 0. 0. 0. 0. 0. 0. 0. 0. 0. 0. 0. 0. 0. 0. 0. 0. 0. 0. 0. 0. 0.
0. 0. 0. 0. 0. 0. 0. 0. 0. 0. 0. 0. 0. 0. 0. 0. 0. 0. 0. 0. 0. 0. 0. 0. 0. 0. 0. 0. 0. 0. 0. 0. 0. 0. 0. 0. 0. 0. 0. 0. 0. 0. 0. 0. 0. 0. 0. 0. 0. 0. 0. 0. 0. 0. 0. 0. 0. 0. 0. 0. 0. 0. 0. 0. 0. 0. 0. 0. 0. 0. 0. 0. 0. 0. 0. 0. 0. 0. 0. 0. 0. 0. 0. 0. 0. 0. 0. 0. 0. 0. 0. 0. 0. 0. 0. 0. 0. 0. 0. 0. 0. 0. 0. 0. 0. 0. 0. 0. 0. 0. 0. 0. 0. 0. 0. 0. 0. 0. 0. 0. 0. 0. 0. 0. 0. 0. 0. 0. 0. 0. 0. 0.
0.32358986 0.4565444 0.04630456 0.10923761 0.5228141 0.10403693 0.42903596 0.53857815 -0.22954354 0.07266203 0.61798054 -0.01915709 0.34236455 0.53071445 -0.6494031 0.05739006 0.68134743 -0.30209973 0.43649897 0.63972634 0.05090449 0.29441366 0.67579842 -0.05065886 0.60953373 0.62051547 -0.44799715 0.34059298 0.68583947 -0.69700283 0.47008395 0.78174555 -0.39243639 0.5218991 0.8638739 -0.67560995
0.34521154 0.45029464 -0.05142061 0.13934401 0.52041811 0.11269 0.42116809 0.53855443 -0.29161191 0.08437695 0.61691678 -0.02873693 0.34231076 0.5453425 -0.588588 0.07718924 0.65619731 -0.37747166 0.46239457 0.64823496 0.00844004 0.31994095 0.68084532 -0.00790054 0.6138798 0.66864222 -0.45391229 0.30076751 0.68553966 -0.64710242 0.4905591 0.81467944 -0.39502233 0.54091686 0.83534294 -0.61322349
0. 0. 0. 0. 0. 0. 0. 0. 0. 0. 0. 0. 0. 0. 0. 0. 0. 0. 0. 0. 0. 0. 0. 0. 0. 0. 0. 0. 0. 0. 0. 0. 0. 0. 0. 0. 0. 0. 0. 0. 0. 0. 0. 0. 0. 0. 0. 0. 0. 0. 0. 0. 0. 0. 0. 0. 0. 0. 0. 0. 0. 0. 0. 0. 0. 0. 0. 0. 0. 0. 0. 0. 0. 0. 0. 0. 0. 0. 0. 0. 0. 0. 0. 0. 0. 0. 0. 0. 0. 0. 0. 0. 0. 0. 0. 0. 0. 0. 0. 0. 0. 0. 0. 0. 0. 0. 0. 0. 0. 0. 0. 0. 0. 0. 0. 0. 0. 0. 0. 0. 0. 0. 0. 0. 0. 0. 0. 0. 0. 0. 0. 0.
0. 0. 0. 0. 0. 0. 0. 0. 0. 0. 0. 0. 0. 0. 0. 0. 0. 0. 0. 0. 0. 0. 0. 0. 0. 0. 0. 0. 0. 0. 0. 0. 0. 0. 0. 0. 0. 0. 0. 0. 0. 0. 0. 0. 0. 0. 0. 0. 0. 0. 0. 0. 0. 0. 0. 0. 0. 0. 0. 0. 0. 0. 0. 0. 0. 0. 0. 0. 0. 0. 0. 0. 0. 0. 0. 0. 0. 0. 0. 0. 0. 0. 0. 0. 0. 0. 0. 0. 0. 0. 0. 0. 0. 0. 0. 0. 0. 0. 0. 0. 0. 0. 0. 0. 0. 0. 0. 0. 0. 0. 0. 0. 0. 0. 0. 0. 0. 0. 0. 0. 0. 0. 0. 0. 0. 0. 0. 0. 0. 0. 0. 0.
0.29335201 0.47315434 0.14197229 0.08161819 0.52642858 0.08467754 0.38269934 0.55655706 -0.04779036 0.07870382 0.62398547 -0.06441184 0.32415268 0.5633139 -0.4273681 0.07027107 0.67517823 -0.32718965 0.41107577 0.64948136 0.09225307 0.29737538 0.69028348 -0.09220687 0.55527085 0.64042038 -0.29023454 0.4195669 0.70306689 -0.55340815 0.50050139 0.7889325 -0.16752882 0.52614748 0.87559593 -0.42889333
0. 0. 0. 0. 0. 0. 0. 0. 0. 0. 0. 0. 0. 0. 0. 0. 0. 0. 0. 0. 0. 0. 0. 0. 0. 0. 0. 0. 0. 0. 0. 0. 0. 0. 0. 0. 0. 0. 0. 0. 0. 0. 0. 0. 0. 0. 0. 0. 0. 0. 0. 0. 0. 0. 0. 0. 0. 0. 0. 0. 0. 0. 0. 0. 0. 0. 0. 0. 0. 0. 0. 0. 0. 0. 0. 0. 0. 0. 0. 0. 0. 0. 0. 0. 0. 0. 0. 0. 0. 0. 0. 0. 0. 0. 0. 0. 0. 0. 0. 0. 0. 0. 0. 0. 0. 0. 0. 0. 0. 0. 0. 0. 0. 0. 0. 0. 0. 0. 0. 0. 0. 0. 0. 0. 0. 0. 0. 0. 0. 0. 0. 0.
0.26391619 0.48282203 0.18243717 0.10559919 0.52039671 0.03021585 0.35434908 0.56784731 0.05143898 0.15227796 0.61182392 -0.14868936 0.32395661 0.56639707 -0.2126435 0.21314782 0.59377712 -0.39144948 0.39572927 0.65114021 0.1310948 0.30320302 0.68359286 -0.13114004 0.60216129 0.66167301 -0.16398817 0.48660991 0.70763177 -0.39903194 0.49344397 0.77103364 0.00261773 0.52699208 0.88638937 -0.35790208
0.22888041 0.50095403 0.20578501 0.1458389 0.50694096 0.1262802 0.26047671 0.59551346 0.06007328 0.15224867 0.60125631 -0.10024855 0.2824448 0.60724479 -0.17297277 0.17758614 0.60249209 -0.4187147 0.37758499 0.67550564 0.12726037 0.32537025 0.68487489 -0.12757084 0.54651809 0.66279292 0.0360869 0.4878228 0.68150526 -0.34114775 0.47464073 0.7773636 -0.18803899 0.52708668 0.88349956 -0.59540188
0. 0. 0. 0. 0. 0. 0. 0. 0. 0. 0. 0. 0. 0. 0. 0. 0. 0. 0. 0. 0. 0. 0. 0. 0. 0. 0. 0. 0. 0. 0. 0. 0. 0. 0. 0. 0. 0. 0. 0. 0. 0. 0. 0. 0. 0. 0. 0. 0. 0. 0. 0. 0. 0. 0. 0. 0. 0. 0. 0. 0. 0. 0. 0. 0. 0. 0. 0. 0. 0. 0. 0. 0. 0. 0. 0. 0. 0. 0. 0. 0. 0. 0. 0. 0. 0. 0. 0. 0. 0. 0. 0. 0. 0. 0. 0. 0. 0. 0. 0. 0. 0. 0. 0. 0. 0. 0. 0. 0. 0. 0. 0. 0. 0. 0. 0. 0. 0. 0. 0. 0. 0. 0. 0. 0. 0. 0. 0. 0. 0. 0. 0.
0. 0. 0. 0. 0. 0. 0. 0. 0. 0. 0. 0. 0. 0. 0. 0. 0. 0. 0. 0. 0. 0. 0. 0. 0. 0. 0. 0. 0. 0. 0. 0. 0. 0. 0. 0. 0. 0. 0. 0. 0. 0. 0. 0. 0. 0. 0. 0. 0. 0. 0. 0. 0. 0. 0. 0. 0. 0. 0. 0. 0. 0. 0. 0. 0. 0. 0. 0. 0. 0. 0. 0. 0. 0. 0. 0. 0. 0. 0. 0. 0. 0. 0. 0. 0. 0. 0. 0. 0. 0. 0. 0. 0. 0. 0. 0. 0. 0. 0. 0. 0. 0. 0. 0. 0. 0. 0. 0. 0. 0. 0. 0. 0. 0. 0. 0. 0. 0. 0. 0. 0. 0. 0. 0. 0. 0. 0. 0. 0. 0. 0. 0.
0. 0. 0. 0. 0. 0. 0. 0. 0. 0. 0. 0. 0. 0. 0. 0. 0. 0. 0. 0. 0. 0. 0. 0. 0. 0. 0. 0. 0. 0. 0. 0. 0. 0. 0. 0. 0. 0. 0. 0. 0. 0. 0. 0. 0. 0. 0. 0. 0. 0. 0. 0. 0. 0. 0. 0. 0. 0. 0. 0. 0. 0. 0. 0. 0. 0. 0. 0. 0. 0. 0. 0. 0. 0. 0. 0. 0. 0. 0. 0. 0. 0. 0. 0. 0. 0. 0. 0. 0. 0. 0. 0. 0. 0. 0. 0. 0. 0. 0. 0. 0. 0. 0. 0. 0. 0. 0. 0. 0. 0. 0. 0. 0. 0. 0. 0. 0. 0. 0. 0. 0. 0. 0. 0. 0. 0. 0. 0. 0. 0. 0. 0.
0. 0. 0. 0. 0. 0. 0. 0. 0. 0. 0. 0. 0. 0. 0. 0. 0. 0. 0. 0. 0. 0. 0. 0. 0. 0. 0. 0. 0. 0. 0. 0. 0. 0. 0. 0. 0. 0. 0. 0. 0. 0. 0. 0. 0. 0. 0. 0. 0. 0. 0. 0. 0. 0. 0. 0. 0. 0. 0. 0. 0. 0. 0. 0. 0. 0. 0. 0. 0. 0. 0. 0. 0. 0. 0. 0. 0. 0. 0. 0. 0. 0. 0. 0. 0. 0. 0. 0. 0. 0. 0. 0. 0. 0. 0. 0. 0. 0. 0. 0. 0. 0. 0. 0. 0. 0. 0. 0. 0. 0. 0. 0. 0. 0. 0. 0. 0. 0. 0. 0. 0. 0. 0. 0. 0. 0. 0. 0. 0. 0. 0. 0.
0. 0. 0. 0. 0. 0. 0. 0. 0. 0. 0. 0. 0. 0. 0. 0. 0. 0. 0. 0. 0. 0. 0. 0. 0. 0. 0. 0. 0. 0. 0. 0. 0. 0. 0. 0. 0. 0. 0. 0. 0. 0. 0. 0. 0. 0. 0. 0. 0. 0. 0. 0. 0. 0. 0. 0. 0. 0. 0. 0. 0. 0. 0. 0. 0. 0. 0. 0. 0. 0. 0. 0. 0. 0. 0. 0. 0. 0. 0. 0. 0. 0. 0. 0. 0. 0. 0. 0. 0. 0. 0. 0. 0. 0. 0. 0. 0. 0. 0. 0. 0. 0. 0. 0. 0. 0. 0. 0. 0. 0. 0. 0. 0. 0. 0. 0. 0. 0. 0. 0. 0. 0. 0. 0. 0. 0. 0. 0. 0. 0. 0. 0.
0. 0. 0. 0. 0. 0. 0. 0. 0. 0. 0. 0. 0. 0. 0. 0. 0. 0. 0. 0. 0. 0. 0. 0. 0. 0. 0. 0. 0. 0. 0. 0. 0. 0. 0. 0. 0. 0. 0. 0. 0. 0. 0. 0. 0. 0. 0. 0. 0. 0. 0. 0. 0. 0. 0. 0. 0. 0. 0. 0. 0. 0. 0. 0. 0. 0. 0. 0. 0. 0. 0. 0. 0. 0. 0. 0. 0. 0. 0. 0. 0. 0. 0. 0. 0. 0. 0. 0. 0. 0. 0. 0. 0. 0. 0. 0. 0. 0. 0. 0. 0. 0. 0. 0. 0. 0. 0. 0. 0. 0. 0. 0. 0. 0. 0. 0. 0. 0. 0. 0. 0. 0. 0. 0. 0. 0. 0. 0. 0. 0. 0. 0.
0.26660588 0.47311735 0.42647809 0.10729116 0.50539839 0.16515964 0.35473382 0.54315978 0.21257737 0.11377671 0.59467685 -0.04719202 0.32585105 0.53076732 -0.15330978 0.15981561 0.60116184 -0.29319125 0.39976943 0.64077306 0.11607472 0.29275894 0.66553557 -0.11608018 0.5840165 0.62668175 -0.13746256 0.40106863 0.66449332 -0.5330807 0.43474862 0.76747894 -0.25043505 0.51442462 0.87484366 -0.64554292
0.23852389 0.47435138 0.41676316 0.11138645 0.50159508 0.21841171 0.28294432 0.5466193 0.15248883 0.10767101 0.59699947 0.05482202 0.24363649 0.53175479 -0.26729226 0.14528158 0.64017594 -0.18953827 0.37423965 0.65007478 0.12077621 0.29127097 0.66570777 -0.12098432 0.56923282 0.66168272 -0.13719861 0.4548569 0.66208565 -0.4601981 0.46009201 0.79592615 -0.30758831 0.51124626 0.8696261 -0.646222 
0.20493226 0.47867402 0.55355871 0.11169416 0.49518293 0.20893076 0.24641235 0.55185467 0.24707347 0.09120166 0.59698939 0.0213153 0.22626878 0.5338921 -0.22678825 0.14646707 0.63735867 -0.18688568 0.35236475 0.65780246 0.1442053 0.27987367 0.66343188 -0.14410467 0.57034814 0.67771459 -0.13188203 0.45026508 0.64795613 -0.49704862 0.4821423 0.84626853 -0.37454304 0.5001933 0.85591447 -0.74592352
0.20795636 0.47847939 0.60391867 0.10505433 0.49159941 0.22973371 0.24984097 0.55148113 0.28817558 0.06801178 0.59674489 0.02492802 0.24099766 0.52954537 -0.23188332 0.13318571 0.63701987 -0.17232876 0.33708423 0.65747011 0.16524038 0.26040241 0.65653884 -0.16529898 0.57111114 0.67325592 -0.09190158 0.48687315 0.64749742 -0.49254799 0.48429328 0.81749129 -0.34107897 0.49958751 0.85842443 -0.74118328
0.26242477 0.44072759 0.34836245 0.10130963 0.4930476 0.28217879 0.29409036 0.50503099 0.08581112 0.06768312 0.5987047 0.18271296 0.25079411 0.49504197 -0.35414088 0.123831 0.65884852 -0.0214369 0.34955046 0.62840706 0.13705169 0.26099917 0.6570003 -0.13796547 0.53999633 0.64363229 -0.1943277 0.47386006 0.65515029 -0.44176301 0.47803029 0.81064504 -0.32382169 0.50028664 0.8637138 -0.56243974
0.26080632 0.44576469 0.40268394 0.09136567 0.48511881 0.27526486 0.29024473 0.51368892 0.12665752 0.06038558 0.59396225 0.0961999 0.24628632 0.49925888 -0.39440465 0.11478483 0.67145449 -0.09164613 0.34654227 0.62869227 0.14164536 0.24880809 0.65092665 -0.14219742 0.54633933 0.64408213 -0.17642479 0.47505918 0.65539575 -0.44718412 0.47716409 0.81132859 -0.34617266 0.50081897 0.86449057 -0.6581431 
0.2212452 0.45031208 0.616983 0.10392522 0.47715515 0.23664215 0.2508913 0.5118674 0.29193157 0.06733048 0.59164602 0.07375885 0.24944331 0.4967168 -0.38250023 0.12566526 0.66280007 -0.09400887 0.31634241 0.63080204 0.1689429 0.2454869 0.63451737 -0.16919328 0.55000913 0.65174103 -0.04202179 0.53610331 0.65729332 -0.45314753 0.47573802 0.80880332 -0.33230299 0.50175923 0.86670029 -0.75290591
2.26136625e-01 4.45156008e-01 5.62475324e-01 1.22614078e-01 4.68843162e-01 1.59019113e-01 2.64768034e-01 5.05026639e-01 2.80979544e-01 7.06917048e-02 5.87032914e-01 -3.23802757e-04 2.54296154e-01 4.95359838e-01 -2.14629650e-01 1.57987744e-01 6.59682095e-01 -1.26135156e-01 3.29700351e-01 6.27826333e-01 1.65965080e-01 2.62208492e-01 6.33712351e-01 -1.66093692e-01 5.64458013e-01 6.51324272e-01 -2.19937507e-02 5.61722457e-01 6.62440479e-01 -4.29704428e-01 4.73189354e-01 8.07005644e-01 -3.26926053e-01 5.06189942e-01 8.71461809e-01 -7.42858946e-01
0.22846781 0.44291273 0.55863082 0.11101183 0.46287385 0.08712337 0.29143816 0.49993822 0.31105614 0.06084824 0.58588946 -0.04955343 0.27500674 0.47137439 -0.1434976 0.13318485 0.67321879 -0.13355553 0.32954016 0.62664795 0.17405578 0.24472792 0.62781316 -0.17403914 0.57145786 0.65584242 -0.05569908 0.53999579 0.6594522 -0.46992338 0.47160077 0.80972266 -0.2727806 0.50656569 0.87168324 -0.72787189
0.22966792 0.44309887 0.54577738 0.09906143 0.4605509 -0.00273436 0.2931335 0.50481868 0.51762539 0.07296392 0.57912034 -0.18132849 0.29700935 0.48140234 0.33312169 0.1344918 0.66389012 -0.31260613 0.33028537 0.62373286 0.18514183 0.23559275 0.62604547 -0.18488003 0.57931954 0.65849942 -0.06967151 0.52059853 0.64362258 -0.54398203 0.4535161 0.80939066 -0.19538975 0.50172073 0.86474144 -0.71798509
0.22703424 0.44137463 0.56546092 0.09943572 0.44712207 0.00206012 0.29086933 0.50773746 0.62448072 0.07307665 0.56287044 -0.18737371 0.31926361 0.4824954 0.52138782 0.1759913 0.62866688 -0.32690632 0.31854865 0.62286127 0.20016021 0.23115453 0.6240381 -0.19990541 0.5808844 0.65725493 -0.03830106 0.52799982 0.64217961 -0.54713947 0.451682 0.80911767 -0.21477178 0.50141275 0.86536938 -0.74059832
0.21062885 0.43774489 0.52542543 0.09757312 0.44218549 -0.10861512 0.25854522 0.50601262 0.7108106 0.07051229 0.55588502 -0.26160622 0.31796595 0.48648098 0.77849746 0.18021895 0.63076526 -0.34424049 0.31133279 0.61857581 0.20349285 0.23285538 0.62125218 -0.20318966 0.56557602 0.66209388 0.00778295 0.53511369 0.64727324 -0.53870869 0.43258786 0.79692268 -0.0741809 0.50103748 0.86495668 -0.59155643
0.25063956 0.4221817 0.51367664 0.09073874 0.44231871 -0.05948982 0.35396531 0.49205351 0.30342206 0.05976627 0.5573836 -0.07690377 0.33460885 0.45589668 -0.16363209 0.15214102 0.63972729 -0.14139599 0.32633376 0.61124825 0.20065346 0.23404618 0.61510271 -0.20041482 0.56610197 0.67216641 -0.07390429 0.50205117 0.63208473 -0.5306859 0.42352185 0.80854672 -0.12126054 0.50444257 0.84583682 -0.6014806 
0.24879229 0.42019886 0.63088459 0.08870603 0.4346396 0.05444854 0.33871543 0.49299374 0.30599234 0.0585225 0.55826175 -0.07266404 0.32337484 0.45589742 -0.27093896 0.15521713 0.62832606 -0.16991621 0.32478574 0.61189705 0.20362593 0.23276676 0.61409384 -0.20337984 0.56411421 0.67036033 -0.08261509 0.51853454 0.63599807 -0.55235893 0.42473871 0.81970257 -0.23672163 0.51778269 0.84854251 -0.70685673
0.23242179 0.41683674 0.64324242 0.08960365 0.42951277 0.09915287 0.30963576 0.48722622 0.3298735 0.06051844 0.55085015 -0.07277487 0.31779745 0.46638867 -0.14849305 0.16269535 0.61431509 -0.18196335 0.31274885 0.61013508 0.20212957 0.23181145 0.61109459 -0.20190218 0.55408794 0.66901875 -0.0799552 0.54156959 0.64786816 -0.54634172 0.42889899 0.81726068 -0.26043385 0.51437306 0.85689557 -0.72783256
0.23309299 0.41001746 0.62988466 0.09328917 0.42604667 0.09838902 0.31110102 0.48919058 0.42076832 0.05362685 0.55300403 -0.05050628 0.32929325 0.48087147 -0.06558152 0.17353779 0.61957735 -0.12060326 0.31551966 0.60492885 0.19956769 0.23325439 0.6080457 -0.19937479 0.56696469 0.65267903 -0.06760567 0.54048651 0.64731091 -0.52815849 0.44264111 0.8153103 -0.25758639 0.52021211 0.85501951 -0.71678305
0.25926405 0.40365022 0.61106771 0.09803358 0.4266713 0.11492915 0.33192125 0.48267221 0.43586424 0.05766684 0.55052245 -0.03646849 0.36951333 0.50254023 0.0277383 0.18672061 0.6110543 -0.15000536 0.32599375 0.60099864 0.1924791 0.23376232 0.60607499 -0.19228782 0.56956905 0.65315467 -0.14349476 0.53632885 0.63536382 -0.55155784 0.44283578 0.81730235 -0.25440794 0.51990503 0.84346348 -0.68135428
0.27432555 0.40198788 0.62623793 0.09774461 0.43003505 0.17387478 0.3596009 0.47035053 0.42154101 0.05876219 0.55291378 -0.0139138 0.39110765 0.50056946 -0.09906361 0.18867086 0.60465497 -0.15875405 0.33634984 0.59944373 0.19135925 0.23462196 0.60300726 -0.1911528 0.56889945 0.66897351 -0.13052438 0.48643827 0.59925008 -0.5670743 0.45105261 0.83371967 -0.20411593 0.46956548 0.79398239 -0.61242616
0.29899406 0.39892736 0.61076784 0.10022999 0.43148941 0.15364367 0.40694585 0.46736473 0.38585493 0.04998381 0.54975265 -0.03987851 0.45513001 0.49988621 -0.18222426 0.18550313 0.60551554 -0.26098454 0.350761 0.59915936 0.1911605 0.23475716 0.60093051 -0.19096124 0.56905699 0.67700964 -0.17992164 0.44081363 0.57810414 -0.64367074 0.45772848 0.85631126 -0.20653224 0.46008515 0.78262037 -0.63241792
0.30871695 0.39883745 0.60133106 0.1048957 0.43112403 0.15115581 0.42331046 0.47321689 0.35197309 0.05108489 0.54926938 -0.05226719 0.43626422 0.49799359 -0.20072272 0.18391009 0.60413635 -0.25116336 0.35615966 0.60042912 0.19082355 0.23508345 0.6017226 -0.19062386 0.56741321 0.67846298 -0.19514887 0.43421203 0.5781275 -0.65107858 0.48193932 0.85923505 -0.19236642 0.45476621 0.7783072 -0.62049061
0.31076053 0.39545825 0.57870871 0.11402219 0.42483777 0.11216661 0.40132168 0.47625867 0.46331677 0.05213548 0.54075509 -0.05123442 0.41730386 0.51693672 0.08389995 0.18351595 0.60653603 -0.22539328 0.35704121 0.5976246 0.1901326 0.24029459 0.6001904 -0.18994594 0.55930763 0.67814487 -0.23039086 0.44968387 0.59043461 -0.61762387 0.4732002 0.85222012 -0.1946028 0.45685571 0.818528 -0.61017299
0.33542889 0.38935348 0.56970775 0.11680736 0.4224216 0.11446139 0.44317025 0.46429223 0.36422074 0.04355852 0.53610694 -0.05609308 0.47619826 0.5005554 -0.21709235 0.18260875 0.60848743 -0.26506287 0.36859575 0.59641379 0.18956979 0.24298427 0.59921849 -0.18938793 0.55755383 0.67815459 -0.2467674 0.43408865 0.59565407 -0.67521536 0.48706523 0.85604674 -0.25007066 0.46231955 0.81403756 -0.68630964
0.33928323 0.37924874 0.54200393 0.11577082 0.41833332 0.14397998 0.43711901 0.4525407 0.33786157 0.04064123 0.528593 -0.02631149 0.46815538 0.49620286 -0.23875687 0.18207259 0.60755807 -0.25126919 0.37092346 0.58914667 0.18585412 0.24325971 0.59744608 -0.18576738 0.55240905 0.67745322 -0.26468277 0.44517124 0.6145075 -0.64632058 0.48228431 0.84993005 -0.25670946 0.47777173 0.8501696 -0.66846389
0.34267557 0.37949294 0.53031963 0.1153843 0.41680726 0.14300668 0.44679385 0.44697765 0.31694472 0.03852377 0.5262413 -0.01868107 0.48715967 0.46436751 -0.28311601 0.18170619 0.60593027 -0.24492854 0.36785409 0.58696097 0.18498267 0.2387743 0.59697217 -0.18489131 0.53901327 0.67119938 -0.2333506 0.44129112 0.62052655 -0.62423706 0.47971711 0.8475998 -0.25207287 0.48039812 0.85294843 -0.65694147
0.34038463 0.38427961 0.5688827 0.10743397 0.41365907 0.14061664 0.46794078 0.45159405 0.3314234 0.03993966 0.53039324 -0.04851056 0.5291608 0.45395896 -0.29317275 0.18145032 0.6052351 -0.30280522 0.36698461 0.59065038 0.18540996 0.21266726 0.59530979 -0.18530713 0.54138017 0.66623676 -0.22560459 0.37277764 0.60690612 -0.6478312 0.48696503 0.86131406 -0.26191503 0.4591718 0.81578898 -0.6695798 
0.34666327 0.38319835 0.53465575 0.10172474 0.41097534 0.14494389 0.46877804 0.4466604 0.31373471 0.03706561 0.52352434 -0.02878146 0.51822424 0.4494397 -0.27424169 0.18058136 0.60379642 -0.2825101 0.36561766 0.59126908 0.18299128 0.20535468 0.59174234 -0.18288542 0.54299861 0.66504008 -0.21725939 0.39566451 0.60769385 -0.53858089 0.48427671 0.85807508 -0.18330587 0.45960557 0.82928687 -0.52357799
0.33982113 0.37722638 0.50808722 0.10570469 0.41058439 0.14777935 0.45272675 0.44806299 0.31811693 0.05205657 0.52588868 -0.01372086 0.49822059 0.46658805 -0.20537804 0.1806376 0.59588629 -0.28118867 0.36185545 0.58937019 0.18060631 0.20765726 0.59306329 -0.18062173 0.53830612 0.66492283 -0.20814586 0.46770936 0.63231677 -0.48311925 0.46938899 0.83817726 -0.13463213 0.48536763 0.86368746 -0.48217535
0.34982753 0.37189999 0.47836766 0.10601445 0.40953487 0.14859909 0.46273467 0.44029793 0.31537539 0.05199839 0.51843715 -0.01659707 0.52136147 0.47380081 -0.19962102 0.18062726 0.59001523 -0.27380797 0.35628963 0.58201659 0.17385846 0.20788969 0.58885902 -0.17387407 0.5456214 0.66188681 -0.2166629 0.45912588 0.63100749 -0.50142109 0.46441597 0.83844405 -0.15529333 0.49043658 0.85986453 -0.4870429 
0.30717999 0.37467602 0.57626849 0.11122321 0.39614663 0.10827832 0.4012028 0.44437295 0.41784886 0.05045956 0.51053053 -0.02177394 0.42460278 0.4618448 -0.07732521 0.18101838 0.58657604 -0.1592641 0.30689436 0.57918018 0.18759267 0.20558763 0.58615959 -0.18752928 0.5319441 0.64942485 -0.04964521 0.52020866 0.64804202 -0.41761452 0.45716438 0.80803406 -0.0861487 0.50261235 0.87792462 -0.51470214
0.33532751 0.37084907 0.47929743 0.11257748 0.39759785 0.11199977 0.44154719 0.436896 0.36312953 0.04685873 0.50879824 -0.02128099 0.50700933 0.4615984 -0.09782641 0.18112832 0.58443218 -0.18998671 0.30968368 0.58090663 0.17754713 0.20629853 0.58623701 -0.17739309 0.53441799 0.65678746 -0.11075611 0.48544317 0.65016562 -0.46078464 0.46133345 0.83760208 -0.11044906 0.50149935 0.87120563 -0.51198161
0.35060298 0.36521503 0.484375 0.10958629 0.39878318 0.11249381 0.47401363 0.41890255 0.26377288 0.03984429 0.50905526 -0.05571831 0.55476707 0.42476746 -0.32849094 0.18107475 0.58714598 -0.28274602 0.33689436 0.58228797 0.17602038 0.20438936 0.58355147 -0.17582169 0.56147009 0.66218847 -0.23407724 0.48612186 0.64162695 -0.56157827 0.43778101 0.84484071 -0.14807513 0.49851221 0.8690027 -0.54311728
0.30054796 0.36821547 0.6094988 0.14369008 0.37948278 0.13927408 0.38453549 0.42230585 0.52460247 0.05905635 0.49209696 -0.01319552 0.44369873 0.45949495 0.17326665 0.18840551 0.57764989 -0.16550322 0.29009682 0.58287489 0.17713046 0.22583379 0.5832814 -0.17695314 0.47994843 0.66731018 0.02019407 0.51976669 0.64574462 -0.34238738 0.36057663 0.83791161 -0.30168799 0.49961966 0.87321311 -0.69598228
0.30363417 0.36817104 0.60045981 0.13970684 0.38145062 0.11620205 0.39394271 0.42104155 0.45124415 0.05798319 0.49758047 -0.03199872 0.46318161 0.44287446 0.00932758 0.18798609 0.58078182 -0.17217538 0.30158156 0.5835495 0.1778781 0.22733088 0.58374232 -0.17767802 0.49744868 0.67974383 -0.0685797 0.50648224 0.651357 -0.42170379 0.40099066 0.84247655 -0.26457074 0.49909934 0.86919707 -0.65194285
0.28190583 0.36936235 0.61384606 0.15251423 0.36517778 0.11578669 0.34072974 0.44829327 0.6574012 0.06048562 0.48023617 -0.03201326 0.40658149 0.50117379 0.48724157 0.18766537 0.57602131 -0.14853287 0.28923026 0.58201468 0.18050222 0.24046013 0.57668185 -0.18029156 0.49889317 0.67771423 -0.02462254 0.54830939 0.65059298 -0.41246679 0.40164942 0.8362782 -0.24565014 0.49892935 0.86655778 -0.63274753
0.25516516 0.37181267 0.78552467 0.19860741 0.3547971 0.29876879 0.27524331 0.46477446 0.72123545 0.14384559 0.46559012 0.0532923 0.31144196 0.52921635 0.5434323 0.25156367 0.55104011 -0.12339958 0.28233239 0.58250397 0.19386671 0.26887631 0.57406753 -0.19393513 0.50503701 0.67648655 0.02383528 0.55565137 0.64993966 -0.41724622 0.41022998 0.82059169 -0.30385828 0.49992931 0.86590064 -0.77841324
0.2389688 0.37218791 0.74167514 0.21684957 0.35119379 0.25739807 0.22833674 0.47345433 0.66630214 0.16524595 0.4612242 0.04090849 0.24825414 0.54619813 0.50440037 0.25752595 0.55273205 -0.1045195 0.27899107 0.58184272 0.19341567 0.28404054 0.57177854 -0.19346343 0.48948681 0.6757195 0.02514963 0.55857706 0.65129167 -0.38220292 0.39653668 0.82162672 -0.3439782 0.50221717 0.86741441 -0.78066361
0.21581833 0.37234366 0.77192372 0.23713104 0.3405427 0.32284021 0.19999419 0.47749594 0.65890908 0.205081 0.44349119 0.07187833 0.24419005 0.54422128 0.52604997 0.28267062 0.52581388 -0.09324182 0.27103901 0.57395452 0.19548312 0.30223626 0.55264252 -0.19566779 0.47222444 0.669361 0.12803002 0.56394243 0.65332955 -0.34213221 0.39135492 0.81588435 -0.31407759 0.51229697 0.87417281 -0.84878004
0.211281 0.37097168 0.85086465 0.21500015 0.33753225 0.33409014 0.22093745 0.47255996 0.74012148 0.18279642 0.43615991 0.05147912 0.24356611 0.53413856 0.57940513 0.26509348 0.50713038 -0.18362464 0.26217994 0.564426 0.20583853 0.29913548 0.55167687 -0.20614323 0.48063219 0.66924709 0.20159338 0.57220811 0.66045117 -0.36808044 0.39764568 0.81012553 -0.07302924 0.51577562 0.87517536 -0.80524915
0.22879311 0.35598239 0.7634089 0.22532114 0.33015117 0.299963 0.25718081 0.45792654 0.65362626 0.1926771 0.43382576 -0.0124683 0.25494823 0.5156098 0.48592082 0.26553535 0.49266943 -0.27141461 0.29008347 0.55883372 0.20628005 0.3218374 0.54726481 -0.20651749 0.47948915 0.66721994 0.22705252 0.57274973 0.66242564 -0.41291183 0.40129146 0.80416572 0.15989248 0.51706499 0.87710494 -0.79956049
0.23165771 0.34008211 0.66603625 0.26446724 0.30469611 0.25180796 0.24351278 0.44824493 0.57790363 0.26712787 0.40611586 -0.10675748 0.18955575 0.47789046 0.46573412 0.290975 0.46804985 -0.5040462 0.31610668 0.54022878 0.20605479 0.35204554 0.51888418 -0.20640387 0.46979332 0.65759224 0.29113051 0.56711709 0.66474682 -0.46522269 0.40284434 0.78985649 0.37344068 0.51938164 0.88349384 -0.79717416
0.19625576 0.34438583 0.47940221 0.25425947 0.30771792 0.12135205 0.23204152 0.44600514 0.41205907 0.28072906 0.41011363 -0.11289109 0.19049975 0.45427978 0.35243985 0.32597822 0.4554857 -0.36482438 0.31438923 0.54016 0.18736444 0.35857493 0.52115643 -0.18788609 0.41381991 0.65689754 0.30228728 0.56483853 0.67057019 -0.30220199 0.40462756 0.79752612 0.33241719 0.52184784 0.88509268 -0.51464194
0.15748161 0.33375135 0.51221466 0.25499299 0.28766775 0.11886467 0.2213728 0.43756726 0.43991411 0.31251299 0.38378364 -0.17246999 0.22008283 0.46253967 0.40056053 0.38629916 0.39907929 -0.47000444 0.29320559 0.5341543 0.18779878 0.35490337 0.5129655 -0.18847539 0.40281966 0.65341115 0.3443132 0.56558549 0.67918241 -0.27115843 0.40588954 0.79906207 0.37140453 0.5258438 0.88735044 -0.50608635
0.26157296 0.31782472 0.55995721 0.23571748 0.29576781 0.1233829 0.40769315 0.36326924 0.47645864 0.27709824 0.37581158 -0.13146743 0.4129976 0.30943182 0.38828805 0.37671795 0.35220405 -0.40231401 0.3565731 0.50999177 0.17477584 0.35921213 0.5046429 -0.17529954 0.47334015 0.64194292 0.16954166 0.55075526 0.67506593 -0.41496027 0.41178539 0.78977454 0.18363306 0.5244841 0.88729739 -0.57233256
0.39784417 0.28524163 0.39378822 0.19821438 0.30634242 0.14775565 0.5147531 0.32362217 0.2622759 0.0869423 0.3967703 0.02401275 0.5383203 0.2757448 -0.07166111 0.17377076 0.4130159 -0.18647264 0.42900455 0.50297284 0.12588701 0.35215914 0.51170206 -0.12641299 0.47577724 0.64498842 0.1085702 0.47390026 0.67423075 -0.21447887 0.4156422 0.80607444 0.29713133 0.51678693 0.87733555 -0.23726307
0.47190848 0.29075009 0.36424369 0.2411668 0.31153619 0.20446882 0.56064755 0.34359503 0.3305749 0.10915592 0.40319616 0.11332657 0.57046676 0.3367213 0.10069772 0.15925241 0.43819323 -0.13529955 0.48268625 0.50762904 0.10743958 0.37964129 0.51626313 -0.1080617 0.48510283 0.64757252 0.16163717 0.48561209 0.68125695 -0.05171538 0.41476393 0.80198175 0.30504256 0.51663035 0.87698883 -0.0701356 
0.51576501 0.28982416 0.40244368 0.25576714 0.31931946 0.28800347 0.61827636 0.29282361 0.18831673 0.07868183 0.40036777 0.14258276 0.58904803 0.19491717 -0.1318408 0.11241104 0.44666249 -0.1405109 0.50201029 0.50537986 0.07779361 0.36526164 0.51937205 -0.07818016 0.51875132 0.65800089 0.09342161 0.42233476 0.67886049 -0.01259155 0.44697759 0.82388216 0.23689684 0.48605108 0.85435832 0.11385148
0.48132381 0.29855222 0.50052744 0.35310194 0.30591509 0.25874847 0.55119383 0.29551128 0.43324977 0.37155613 0.32062617 0.07829448 0.51737422 0.20934042 0.45291892 0.43172035 0.25965384 -0.03381191 0.48442444 0.50818378 0.10355051 0.42044547 0.50960052 -0.10384145 0.50702393 0.66678923 0.15279074 0.43979618 0.67852682 -0.13832057 0.45273831 0.8441754 0.1944945 0.49663746 0.86363661 -0.22660184
0.42899323 0.28179026 0.41195366 0.54067105 0.23481092 -0.00793933 0.50729799 0.32601434 0.60792035 0.62876582 0.27548495 -0.07631061 0.4218109 0.2809296 0.91616797 0.63518876 0.23490073 -0.0979083 0.45015007 0.49317247 0.16686314 0.49586341 0.49979341 -0.16767097 0.45871344 0.66637355 0.2985079 0.49740675 0.68163705 -0.11803831 0.44478926 0.82553923 0.36646762 0.51207519 0.88382488 -0.24594261
0.41021994 0.28441367 0.44608784 0.5697152 0.24553102 0.08937644 0.42270201 0.33715761 0.6529302 0.6085996 0.28071254 -0.00539112 0.41037983 0.34736043 0.89930207 0.6137926 0.23379228 -0.05010704 0.38958251 0.48548809 0.16535163 0.49421561 0.49705237 -0.1661686 0.4110586 0.65686679 0.23775719 0.51006997 0.68108732 -0.2209222 0.42521015 0.82537574 0.15021852 0.51594919 0.88957047 -0.61211139
0.46210009 0.28493661 0.29894722 0.60019523 0.26085839 0.00630855 0.44947341 0.34402436 0.58005428 0.62119347 0.30672628 -0.16263828 0.4581548 0.36525658 0.77298087 0.61166239 0.23903489 -0.27976602 0.38934025 0.48833936 0.14988096 0.49483886 0.4987165 -0.15032387 0.42272407 0.66045415 0.24564466 0.5115025 0.68143761 -0.19376428 0.42162463 0.81988144 0.28069293 0.51717651 0.89030904 -0.500934 
0.46652085 0.27816451 0.28630173 0.59061146 0.25218374 -0.00206114 0.46522224 0.36349094 0.54536921 0.68135816 0.27471134 -0.11686427 0.48525667 0.39003065 0.73035634 0.64653176 0.24459596 -0.08973216 0.39534953 0.48961052 0.15044335 0.50899923 0.49992439 -0.15089376 0.432183 0.66283876 0.30466458 0.52099752 0.68524045 -0.22828165 0.42746955 0.81399423 0.39291424 0.52679151 0.89439136 -0.49777147
0.45666605 0.28082788 0.2047081 0.66108346 0.26990187 0.03749155 0.40556678 0.36946014 0.41693264 0.69009328 0.33020929 0.14358395 0.47520983 0.38950637 0.69872332 0.63453698 0.28991744 0.38582459 0.3879014 0.49345773 0.13622697 0.50983548 0.50101596 -0.1370791 0.43235034 0.66454685 0.35769686 0.53163189 0.6888631 -0.30782661 0.43135026 0.81393296 0.45273572 0.53152961 0.89828318 -0.67813706
0.45675057 0.28796038 0.25908855 0.6439842 0.27340853 0.06545346 0.40592423 0.37360731 0.4306758 0.67266822 0.31716636 0.04837969 0.43315148 0.3943693 0.64081973 0.60047358 0.29699185 0.11576319 0.38636097 0.49549723 0.14395885 0.5019415 0.50136334 -0.14485466 0.43596038 0.66442019 0.41986305 0.55746126 0.70480818 -0.27907893 0.43090156 0.80705255 0.52686179 0.53067738 0.8977412 -0.59346241
0.45063955 0.30519152 0.31888524 0.6264537 0.28143969 0.12235972 0.44029579 0.37339306 0.49314576 0.6708225 0.32164127 0.10226756 0.4627575 0.38895097 0.69159269 0.62529099 0.29935548 0.3388114 0.3865265 0.49667886 0.14908758 0.5040198 0.50320977 -0.15012673 0.44645572 0.66471702 0.34624332 0.56068695 0.70433086 -0.26441169 0.43086535 0.81486899 0.27979651 0.5298537 0.89627945 -0.54714882
0.44546708 0.30465621 0.32681611 0.62001574 0.28191513 0.12207875 0.44473085 0.37322026 0.48840982 0.68167686 0.32431924 0.06656304 0.46650392 0.38985884 0.6520282 0.63583589 0.30505943 0.15638416 0.38223732 0.49681044 0.15483232 0.49865097 0.50409561 -0.15604128 0.43737492 0.664648 0.37329 0.54498529 0.70093387 -0.26088911 0.41505691 0.81394422 0.44335264 0.52919298 0.8988983 -0.56955802
0.44367728 0.29973304 0.55642623 0.57830757 0.28680402 0.18102479 0.51261526 0.34412399 0.70731664 0.67800403 0.27949947 0.21777165 0.53183532 0.33650762 0.84095907 0.61739421 0.25667652 0.5097 0.37968585 0.49401781 0.17646335 0.49325782 0.50451839 -0.17832042 0.40291461 0.66026199 0.37923321 0.53743178 0.70013899 -0.25918385 0.41413197 0.80588883 0.33584762 0.5287143 0.89851463 -0.66554117
0.44925249 0.30032098 0.49200943 0.58241498 0.29057404 0.20676742 0.50035638 0.36524385 0.61311156 0.64410126 0.28739178 0.15034725 0.5165621 0.34220085 0.81136429 0.53918719 0.27633139 0.28508091 0.38332543 0.49425703 0.16301714 0.49389297 0.50190759 -0.16409677 0.44504508 0.6657111 0.36264491 0.52986896 0.69580781 -0.29446363 0.42311233 0.80755746 0.32911435 0.52837157 0.89898223 -0.68355602
0.45375457 0.30090353 0.48572129 0.58547044 0.29004619 0.16834776 0.49941406 0.37527904 0.64825749 0.62740523 0.29740903 -0.0460657 0.50961596 0.35124168 0.83636808 0.57843214 0.27184185 -0.04191675 0.38875163 0.49472612 0.16369466 0.4982219 0.50172848 -0.16458389 0.45851991 0.6675306 0.37353754 0.51940095 0.6947614 -0.28510273 0.42323807 0.80771655 0.37043259 0.52845085 0.89921945 -0.64200163
0.5000692 0.30926627 0.58040369 0.57538915 0.28861019 0.22042829 0.52716613 0.38428527 0.73529702 0.55955446 0.32639566 -0.06610744 0.54190195 0.37467125 0.92494965 0.57047653 0.28483966 -0.29014567 0.41218507 0.49500558 0.16879591 0.50036246 0.50160867 -0.16952224 0.47274941 0.66599041 0.39153787 0.51407003 0.69398236 -0.37988174 0.4271636 0.80787569 0.39671391 0.5282703 0.89906919 -0.82395136
0.491844 0.3112742 0.52417737 0.57420152 0.282278 0.20018414 0.51145893 0.3906056 0.66314262 0.57835317 0.32097059 -0.00291718 0.52341235 0.3933973 0.83469713 0.57946235 0.28772345 0.04795874 0.42424113 0.49516499 0.16291204 0.50093621 0.50043929 -0.16353719 0.47043908 0.66625786 0.44550461 0.512169 0.69294864 -0.38398981 0.43066803 0.80796146 0.53693455 0.52816015 0.8991645 -0.85934621
