0.66833013 0.2402526 -0.28202465 0.55689669 0.25853053 0.03253337 0.71539086 0.32765234 -0.51488483 0.52677095 0.35018569 0.09564231 0.56728506 0.30183214 -0.69607359 0.55763763 0.37174687 -0.00957986 0.74620032 0.43406156 -0.11074272 0.62827069 0.43434092 0.11082499 0.73476815 0.56373531 -0.15683785 0.57507211 0.5320043 0.0627529 0.74899167 0.70855206 -0.08121293 0.57482886 0.65245497 0.27741224
0.63246155 0.24261466 -0.3073566 0.43211895 0.27190462 -0.08678061 0.66657096 0.33252972 -0.33413029 0.47735161 0.34608993 0.00686255 0.60876888 0.36957747 -0.34153801 0.48732424 0.36900339 -0.08458819 0.6558575 0.40709499 -0.08037835 0.54475385 0.42281353 0.08010047 0.71289593 0.53980452 -0.15282409 0.50833321 0.52462608 0.30538735 0.74392104 0.67738926 -0.1526361 0.47343287 0.61096662 0.73809761
0.61945075 0.24146749 -0.37315488 0.42007092 0.27763826 -0.19837888 0.6691159 0.33014792 -0.35103598 0.46532795 0.35076848 -0.10862959 0.61771929 0.37247387 -0.36945966 0.5013113 0.3722209 -0.17155422 0.66874158 0.39756966 -0.08983845 0.55320722 0.41535726 0.08980281 0.70820481 0.53281474 -0.18890654 0.48714674 0.51718485 0.33530536 0.73888278 0.67522627 -0.18434076 0.45962906 0.58129901 0.84892577
0.61295044 0.24616811 -0.41200915 0.4291265 0.276907 -0.22795697 0.65488565 0.33274221 -0.35636103 0.45356646 0.35346097 -0.14997177 0.5471276 0.36942002 -0.37191263 0.51923424 0.38380325 -0.20860244 0.66886479 0.39235386 -0.09062933 0.55746669 0.40956262 0.0905848 0.70094925 0.5179044 -0.18459292 0.47939798 0.51220047 0.32677585 0.72931182 0.65568638 -0.13322815 0.46442443 0.5879392 0.74715036
0.60990506 0.25116405 -0.34396547 0.41878846 0.28118569 -0.21260525 0.66074306 0.33223122 -0.28227371 0.44417402 0.35451084 -0.1466949 0.553451 0.36771685 -0.29123658 0.50226653 0.38065022 -0.20305127 0.6635555 0.39159128 -0.06313512 0.55067676 0.40822652 0.06282922 0.69748998 0.51378882 -0.19141908 0.47272891 0.51209861 0.16460489 0.73187876 0.63178581 -0.09515553 0.4621788 0.5739395 0.64313757
0.61076981 0.25718406 -0.32243738 0.41318211 0.28574294 -0.22401778 0.66555077 0.33511272 -0.2644611 0.44322461 0.35560212 -0.16529451 0.55731851 0.36902735 -0.26406994 0.49738714 0.37964821 -0.22798374 0.65573311 0.39322871 -0.04615034 0.54006058 0.40919745 0.04594547 0.6966399 0.51336849 -0.16795795 0.46427265 0.51460612 0.10017071 0.72741461 0.62451833 0.02544645 0.45803609 0.58872592 0.49142474
0.61136138 0.26467353 -0.23891708 0.40989557 0.29210049 -0.14568081 0.66706389 0.33440372 -0.19568138 0.43342245 0.35399589 -0.08522681 0.56870645 0.37482676 -0.17510647 0.49106711 0.37870798 -0.14122424 0.6531899 0.39399135 -0.04297518 0.53738964 0.41178876 0.0429679 0.68137503 0.48884919 -0.45074326 0.46081215 0.51581985 0.15393925 0.72440213 0.62530082 -0.44944379 0.44405681 0.56634879 0.65699029
0.6113252 0.27038425 -0.2493439 0.4080697 0.29959211 -0.1269487 0.66857326 0.33386505 -0.17148906 0.44435304 0.35826141 -0.06079159 0.57772201 0.37567961 -0.11155479 0.51022333 0.38915771 -0.11897697 0.65281206 0.39875418 -0.05385986 0.53547114 0.41457337 0.05386076 0.67484671 0.48833865 -0.5444752 0.45721516 0.51419938 0.18516885 0.71161431 0.63129097 -0.48400083 0.44676459 0.55672139 0.71595323
0.61293381 0.2770761 -0.26078346 0.41209826 0.30595705 -0.10759834 0.66710043 0.34075114 -0.21147569 0.44582719 0.3648636 -0.05215028 0.55174685 0.39366579 -0.17479154 0.52160496 0.39273185 -0.11501689 0.65224779 0.39961818 -0.06550903 0.53758752 0.42232206 0.06547891 0.66795099 0.4865095 -0.66386682 0.44179025 0.51930982 0.24140741 0.70548511 0.6343137 -0.64996439 0.46636957 0.57078326 0.73714632
0.61155462 0.28057411 -0.23730025 0.41042876 0.31432438 -0.10170519 0.6671086 0.33937761 -0.11334568 0.44550338 0.36656517 -0.05609221 0.61521912 0.38631636 0.00140773 0.4997147 0.39214864 -0.16166738 0.64474094 0.40634483 -0.05687249 0.53348124 0.43019953 0.05695954 0.66410387 0.49096957 -0.59982091 0.44993448 0.51235253 0.25040108 0.70095927 0.62323105 -0.54573405 0.46471503 0.57163393 0.73602599
0.61063457 0.28686529 -0.25168845 0.40927932 0.3213881 -0.10598413 0.66332626 0.34392053 -0.08332557 0.45164418 0.37521738 -0.03055388 0.62235069 0.38809639 0.1538682 0.50684536 0.39816189 -0.04187087 0.64655262 0.41715515 -0.06345665 0.53670043 0.43715677 0.06344102 0.66312379 0.49473831 -0.59842539 0.44614074 0.50401717 -0.20812036 0.69029462 0.62072873 -0.46276957 0.44451058 0.58244288 0.04873627
0.61255527 0.29503566 -0.32936487 0.40873051 0.32745209 -0.16604991 0.66617429 0.35784552 -0.14468206 0.45466709 0.38701785 -0.12295747 0.62775809 0.40046403 0.02267268 0.51315933 0.40745196 -0.22952674 0.64901382 0.42469159 -0.07430949 0.54058254 0.44326094 0.07428772 0.65870494 0.48701438 -0.82937324 0.43397957 0.50812989 -0.41998914 0.68610823 0.62548429 -0.61391056 0.44733748 0.62323612 -0.15090433
0.61477977 0.30342749 -0.32825261 0.40887558 0.33517408 -0.13563177 0.66879994 0.37260744 -0.13576566 0.44844675 0.3958123 -0.09292036 0.63348889 0.4052605 -0.0186687 0.51338989 0.41326419 -0.21297514 0.6475085 0.43445718 -0.07485095 0.53985244 0.4515563 0.07491954 0.65384406 0.48360673 -0.90543211 0.43231243 0.50628036 -0.47109571 0.67792273 0.62563139 -0.71823597 0.44200742 0.62230682 -0.24186009
0.61084938 0.30787504 -0.26386803 0.41074505 0.34130579 -0.08485953 0.66894311 0.36789078 -0.13327265 0.45043087 0.40131694 -0.0584282 0.63691723 0.41034186 -0.05246652 0.51478398 0.42142904 -0.17588946 0.64743924 0.44235179 -0.07744874 0.54139149 0.45857218 0.07759476 0.65611708 0.4852446 -0.86691189 0.42621455 0.50802267 -0.43096715 0.68170309 0.62896836 -0.70402062 0.42894101 0.61918199 -0.24274763
0.60984778 0.31515127 -0.33267725 0.41134134 0.34500927 -0.08980811 0.66822147 0.37389824 -0.24063416 0.45280191 0.40803498 -0.0186865 0.63121766 0.42506689 -0.18015715 0.51535267 0.42893091 -0.12400976 0.64475739 0.4519788 -0.08642216 0.5380047 0.46609572 0.08671764 0.65178835 0.48894987 -0.83792585 0.42440897 0.50868255 -0.44633955 0.68235844 0.62856805 -0.65181565 0.44159853 0.6311149 -0.22997437
0.60886288 0.32172287 -0.3416509 0.41271856 0.34895179 -0.09057265 0.66940737 0.38092896 -0.23981239 0.45568049 0.41067061 0.04198425 0.64993685 0.43875858 -0.196419 0.51782757 0.44298208 -0.01962126 0.64184374 0.45611051 -0.08858279 0.53653699 0.46745846 0.08886024 0.65592718 0.50704265 -0.85655934 0.41537717 0.50957197 -0.47399229 0.68498003 0.63796151 -0.65456992 0.44620931 0.6341272 -0.24806157
0.60667706 0.3277365 -0.33611029 0.41267487 0.35304478 -0.08237046 0.66980034 0.38823137 -0.23711793 0.45754316 0.41523442 0.07706889 0.64909524 0.44028351 -0.18698427 0.52480584 0.44627666 0.0426937 0.63977951 0.46250403 -0.09316312 0.53469515 0.47256503 0.0934297 0.65572912 0.5146535 -0.82499754 0.41379592 0.51036781 -0.48402008 0.68468481 0.63821507 -0.61224204 0.444846 0.63736749 -0.26409161
0.60503989 0.33389518 -0.3357732 0.41309932 0.3577444 -0.07161633 0.67012239 0.39248461 -0.23027685 0.45710996 0.41653416 0.13152596 0.64698517 0.4455398 -0.18082578 0.51537335 0.44996339 0.11619221 0.63834554 0.46858126 -0.09348512 0.53487718 0.4768222 0.09376599 0.65731758 0.5133906 -0.79208189 0.41158438 0.51089174 -0.52406377 0.6832462 0.64229715 -0.59355295 0.44401363 0.63516486 -0.30822977
0.60199189 0.33876976 -0.29357651 0.41318294 0.36320075 -0.03363775 0.67046815 0.39332786 -0.22617231 0.45207936 0.41715589 0.09758901 0.66308999 0.44671476 -0.24670249 0.47768012 0.44495544 0.04838737 0.63272494 0.47547194 -0.08762287 0.53002429 0.48299944 0.08800805 0.65242171 0.50420308 -0.79145271 0.40830749 0.51111925 -0.53374141 0.67925173 0.64520711 -0.62270033 0.44525847 0.63743424 -0.36123869
5.99995196e-01 3.46201152e-01 -3.75369728e-01 4.14158970e-01 3.68140638e-01 -8.33371729e-02 6.69817746e-01 4.02762800e-01 -2.64177948e-01 4.50861603e-01 4.21873569e-01 7.89495185e-02 6.60792172e-01 4.51671422e-01 -2.32388347e-01 4.70583975e-01 4.43445951e-01 -5.61906600e-05 6.32202685e-01 4.83287960e-01 -9.25644189e-02 5.32024264e-01 4.85313535e-01 9.29659382e-02 6.54004276e-01 5.22630692e-01 -7.13197052e-01 4.05301124e-01 5.14811456e-01 -5.27630091e-01 6.73341990e-01 6.46271348e-01 -4.08978432e-01 4.46197748e-01 6.34268820e-01 -2.35185489e-01
0.59710807 0.35056442 -0.35344699 0.41444287 0.37223044 -0.0531292 0.66966969 0.40547734 -0.19461104 0.45184639 0.43139797 0.1887632 0.6680811 0.45892456 -0.15287445 0.47727752 0.44878161 0.14188802 0.63327801 0.48732787 -0.09610899 0.53375697 0.48859507 0.09651806 0.64599532 0.53599334 -0.79684585 0.40287429 0.51989675 -0.55654132 0.66784883 0.64050442 -0.47956389 0.44672623 0.6389032 -0.30571899
0.59362429 0.35532567 -0.32628641 0.4148075 0.37611312 -0.04242491 0.66935158 0.40545383 -0.15204312 0.45263895 0.43199083 0.2027836 0.66248393 0.45813629 -0.08235154 0.47868291 0.45416868 0.17297922 0.63299662 0.4928017 -0.09553167 0.53488082 0.49353048 0.09590366 0.6428346 0.53556341 -0.80743045 0.40201002 0.52277207 -0.56561184 0.66620153 0.63620514 -0.48727524 0.44702458 0.64049059 -0.3120988 
0.59276599 0.36203331 -0.25917891 0.41379419 0.38226718 -0.02223407 0.66862828 0.41184881 -0.1028107 0.45153037 0.43693739 0.21360008 0.66399711 0.46274322 -0.05618885 0.48574343 0.46276236 0.1973035 0.63022435 0.49685794 -0.0885635 0.53195399 0.4989703 0.08892672 0.64504415 0.52710736 -0.82692665 0.40173617 0.52332711 -0.57345337 0.66791862 0.6366033 -0.60080934 0.44781882 0.64552486 -0.38811973
0.58911163 0.36438262 -0.2586109 0.41097793 0.38760015 -0.04055411 0.66807258 0.4125132 -0.08907939 0.45204845 0.44615832 0.17362238 0.64540243 0.46474257 -0.02910405 0.48935089 0.47064975 0.1131212 0.62563556 0.49778038 -0.08485743 0.53039163 0.5022614 0.08525334 0.64218915 0.53222829 -0.63794166 0.40078688 0.5256409 -0.56925058 0.64911079 0.61911756 -0.32093951 0.44818947 0.64840007 -0.39141005
0.5878669 0.36869583 -0.22926216 0.40953651 0.39289919 -0.0457375 0.66789246 0.41338903 -0.10638066 0.45208097 0.45051643 0.10019782 0.64556485 0.46478891 -0.07104692 0.49117324 0.4743647 0.00319998 0.62627012 0.50034368 -0.07478175 0.53015393 0.50669885 0.07504 0.64823997 0.53063166 -0.69579864 0.40141469 0.5251314 -0.54311413 0.65513718 0.61392367 -0.40289277 0.44855285 0.64833206 -0.33369747
0.58682978 0.37320319 -0.23264462 0.40808588 0.39776042 -0.0469718 0.6679644 0.41488165 -0.12151983 0.4451344 0.45197546 0.06771434 0.65490276 0.46527049 -0.11764809 0.46283662 0.47045603 -0.07965102 0.62539655 0.50213367 -0.07032052 0.52763593 0.50951576 0.07056858 0.65193832 0.52818692 -0.76427138 0.40139925 0.5246309 -0.56641626 0.67050189 0.61689979 -0.50388962 0.44769037 0.64683276 -0.36898801
0.58705038 0.37774804 -0.16613963 0.40683976 0.40390718 -0.00105984 0.66797322 0.42014039 -0.09430729 0.4412283 0.45665103 0.05187132 0.66398233 0.47074488 -0.11634126 0.45352533 0.46947023 -0.13923129 0.6241625 0.50554436 -0.06391685 0.52377927 0.51596314 0.0641073 0.65088129 0.51782358 -0.8005752 0.40175948 0.52438885 -0.54034519 0.68355274 0.62755698 -0.66912222 0.44781029 0.64738506 -0.40451428
0.58614445 0.38227755 -0.14484061 0.4058277 0.4078908 0.0024448 0.66798955 0.42475188 -0.00174178 0.43788451 0.45898584 0.12701212 0.66244668 0.47102833 0.04028871 0.46323565 0.48168576 0.0489347 0.62182343 0.50887066 -0.06327064 0.51982528 0.52045178 0.06343954 0.64678425 0.51442748 -0.80392218 0.40054417 0.52445722 -0.54704362 0.68417263 0.62772352 -0.66521448 0.44839936 0.64808792 -0.4116095 
0.58491433 0.38586119 -0.18527085 0.40464434 0.41207841 -0.06809563 0.66817874 0.42550194 -0.06367622 0.43450308 0.46186665 -0.00902937 0.6623565 0.47154203 0.00132022 0.47138506 0.48929179 -0.13808638 0.61885381 0.5124926 -0.06262153 0.51756048 0.52419984 0.06275655 0.64053267 0.51454967 -0.76637006 0.40124124 0.52446038 -0.53921062 0.67930335 0.6169039 -0.49626461 0.45000371 0.64383727 -0.31957027
0.5820843 0.38942346 -0.17723064 0.40162015 0.41611826 -0.05104805 0.66825444 0.42742416 -0.08062166 0.43248594 0.46609789 -0.00845519 0.66544026 0.47360262 -0.00135331 0.47309098 0.49562436 -0.16713387 0.61793303 0.51337332 -0.04904165 0.51767564 0.52717906 0.04922104 0.63780719 0.51176852 -0.7160573 0.40170807 0.52461457 -0.49863836 0.68548441 0.60035962 -0.51164842 0.45989117 0.62553895 -0.31914145
0.58155847 0.39334393 -0.16963813 0.39970061 0.41921532 -0.0685763 0.66731203 0.43388322 -0.0848682 0.43359116 0.47034514 -0.0590665 0.6599679 0.47751945 -0.03357192 0.47896582 0.49650481 -0.20707853 0.61606616 0.51736218 -0.03765731 0.51556468 0.53019351 0.03782996 0.63600212 0.50808603 -0.72272176 0.40194935 0.524665 -0.50134289 0.6862151 0.60939533 -0.518363 0.45955718 0.62908703 -0.3065699 
0.58140612 0.3954291 -0.1828222 0.39926136 0.42218274 -0.06841183 0.66760415 0.43480495 -0.10272756 0.43469048 0.47423708 -0.05112985 0.65531105 0.47986466 -0.05488824 0.48165056 0.49938023 -0.19754967 0.61489111 0.51968771 -0.03774916 0.51464862 0.53069818 0.0379044 0.63505095 0.50771004 -0.70299715 0.40202746 0.52460289 -0.48453188 0.68344241 0.60097766 -0.51821297 0.46032268 0.6187157 -0.29745334
0.58189929 0.39787677 -0.18826015 0.39803916 0.42374519 -0.08786576 0.66745144 0.43828288 -0.10395726 0.43510598 0.47559422 -0.04871241 0.65414828 0.48114285 -0.05418583 0.48858896 0.50646639 -0.1802862 0.61471695 0.52147698 -0.04089196 0.51447529 0.53256261 0.04106758 0.6299243 0.5064624 -0.71167183 0.40189078 0.52489525 -0.49737751 0.67916495 0.60030746 -0.52088338 0.45776737 0.61929667 -0.29462782
0.58189005 0.39861926 -0.13297239 0.39695686 0.4248459 -0.02584427 0.66697049 0.43890753 -0.05903489 0.43552411 0.47613108 -0.02899077 0.65791529 0.47949621 -0.04397999 0.48239759 0.50027227 -0.23002343 0.61478114 0.52236068 -0.03740288 0.51481372 0.53281671 0.0376637 0.63161594 0.50507057 -0.71592277 0.4020471 0.52501374 -0.51468182 0.67645591 0.60502428 -0.60401165 0.45800754 0.61636615 -0.39266804
0.58083755 0.39827251 -0.13594979 0.39680901 0.42522302 -0.02661958 0.66648489 0.43732738 -0.06777556 0.43511426 0.47346467 -0.05955298 0.66985154 0.47816223 -0.11991573 0.47595832 0.49663037 -0.30850971 0.61516982 0.52139819 -0.03375466 0.51523477 0.53230536 0.03415182 0.63519114 0.50573558 -0.71549457 0.40215498 0.52500945 -0.52651882 0.67869538 0.6157282 -0.60183442 0.45790085 0.61788648 -0.41137955
0.57909554 0.39717284 -0.11665024 0.39718378 0.42512068 0.01620713 0.66645503 0.43627378 -0.11272302 0.43531337 0.4763495 -0.03631229 0.67687452 0.47728691 -0.21015006 0.47281784 0.49767891 -0.28508395 0.61529207 0.52161896 -0.03493725 0.5155443 0.53309762 0.03543215 0.63527721 0.50445813 -0.68881971 0.40225661 0.52490127 -0.52909034 0.6792708 0.61791319 -0.67156589 0.45669129 0.61735982 -0.51177841
0.57841378 0.39562684 -0.115448 0.39722058 0.42399985 -0.00540671 0.66751403 0.43606663 -0.04982653 0.43250731 0.47426775 -0.03568885 0.67936027 0.47673589 -0.08271413 0.46852344 0.49608698 -0.27559963 0.6153248 0.5201242 -0.03436449 0.5159629 0.53152353 0.0347429 0.63546938 0.50399303 -0.70173419 0.40221876 0.52484339 -0.52304345 0.67948449 0.61778665 -0.62249792 0.45009524 0.61876172 -0.42984641
0.578251 0.39474025 -0.12582995 0.3973608 0.42241207 0.0029917 0.67018425 0.43162176 -0.0639873 0.42945725 0.46960968 -0.02189125 0.67884618 0.47659683 -0.09549133 0.45645553 0.48903188 -0.24608341 0.61716855 0.51926345 -0.03606256 0.51828051 0.53053659 0.03642303 0.63577116 0.50410503 -0.70642561 0.40257275 0.52350938 -0.52720207 0.6817314 0.61687303 -0.65150487 0.44552723 0.61715943 -0.43959954
0.57573175 0.39072227 -0.12895106 0.39690506 0.41917861 0.00224931 0.6702221 0.42712691 -0.06112931 0.42556694 0.46601599 -0.02747391 0.67692888 0.47646552 -0.09406254 0.45904636 0.48501649 -0.26144597 0.61767727 0.51702839 -0.03617524 0.51915342 0.52851254 0.03647151 0.63895166 0.50443232 -0.7067371 0.40261945 0.52305907 -0.53623492 0.68770361 0.62232935 -0.55965084 0.4396612 0.61729753 -0.39745936
0.57597077 0.38602829 -0.13145849 0.39701793 0.41417402 0.01495389 0.67018515 0.42308414 -0.05273771 0.4232513 0.45960441 0.07763013 0.67744356 0.47273096 -0.08972596 0.46056718 0.4798612 -0.10055944 0.61861449 0.51393187 -0.0421555 0.51958138 0.52457559 0.04242389 0.64147806 0.50435674 -0.75805831 0.40162981 0.52284396 -0.54317176 0.69001538 0.62639999 -0.56011975 0.43850398 0.61826521 -0.3932755 
0.57615066 0.38047498 -0.15293524 0.39798898 0.40804112 0.01122697 0.67025733 0.41978416 -0.0950897 0.42432991 0.45648566 0.04737857 0.67693603 0.46936077 -0.13525648 0.45390046 0.474143 -0.14754988 0.62052512 0.5096122 -0.04771034 0.51982957 0.51952046 0.04795299 0.64150167 0.50449622 -0.75100052 0.40168363 0.52220404 -0.53348899 0.69000572 0.62848246 -0.54706043 0.43693477 0.62155151 -0.34525031
0.57901299 0.37628636 -0.22081988 0.39847091 0.40298861 -0.04440271 0.6703496 0.41917893 -0.17326477 0.43346468 0.45381406 -0.0409533 0.67578071 0.46842349 -0.19415815 0.45433995 0.4704954 -0.26613578 0.62246042 0.50695187 -0.04868781 0.52050686 0.5157451 0.04894144 0.64355361 0.5045284 -0.7125845 0.40230578 0.52217138 -0.4868516 0.68968141 0.62775332 -0.42861551 0.43727005 0.62170911 -0.2384368 
0.57936418 0.37138265 -0.25252181 0.39847952 0.39876875 -0.06560284 0.67200536 0.41419062 -0.20367365 0.43492535 0.44765446 -0.03109311 0.66997498 0.46429455 -0.22467245 0.45467883 0.46837613 -0.26347652 0.62246531 0.50409418 -0.05408989 0.52053022 0.51247346 0.05434676 0.64297712 0.50465071 -0.71514797 0.4023315 0.52211648 -0.4544335 0.68635929 0.62697822 -0.41364777 0.43622619 0.62078989 -0.17714065
0.58020627 0.36551002 -0.29193509 0.39944705 0.39211181 -0.07162227 0.6739592 0.41442123 -0.23996554 0.44521379 0.44632065 -0.00223457 0.66697508 0.46287659 -0.23442204 0.47254699 0.46267816 -0.11125135 0.6268298 0.49961248 -0.07201856 0.52747422 0.50708079 0.07226874 0.64112973 0.50349599 -0.75185907 0.40226388 0.52128899 -0.44468334 0.68630666 0.62927902 -0.45588443 0.43697396 0.62585658 -0.22057001
0.58218038 0.36024812 -0.25597489 0.39945349 0.38703787 -0.07798798 0.67382669 0.41200933 -0.17627856 0.44622502 0.44173995 0.0480749 0.65255558 0.45985144 -0.0899701 0.48237142 0.45824093 -0.00677676 0.62784141 0.49584723 -0.06915837 0.52746785 0.50362921 0.06941468 0.64108354 0.50229925 -0.7865839 0.40348691 0.51920485 -0.46930435 0.68467736 0.63082778 -0.51685977 0.43723813 0.63256782 -0.26460823
0.58440787 0.35509354 -0.29581484 0.39956099 0.38231573 -0.09185102 0.67465562 0.41243228 -0.26343277 0.44742259 0.43850562 -0.02134782 0.64793271 0.45755622 -0.28705359 0.48488516 0.45707259 -0.15498114 0.6330086 0.49100882 -0.07305139 0.53013134 0.49834144 0.07333421 0.64382011 0.50250357 -0.77617902 0.40514675 0.51696533 -0.47202423 0.68519986 0.63030124 -0.48542741 0.4373979 0.63177305 -0.24211004
0.58528101 0.34866172 -0.33681628 0.39957732 0.37782294 -0.09329061 0.67458946 0.40502986 -0.2786451 0.44771227 0.43214628 -0.02311064 0.65180302 0.45099419 -0.29109126 0.48277628 0.45402113 -0.20731698 0.6410681 0.48198298 -0.08497117 0.53712475 0.49097574 0.0853287 0.64806098 0.5019049 -0.81797755 0.40937397 0.51470602 -0.52652645 0.68915784 0.62977332 -0.48653758 0.43763962 0.62882578 -0.25442827
0.58891404 0.34506601 -0.30332717 0.39929032 0.37474495 -0.0801156 0.674909 0.40530708 -0.25932801 0.45205647 0.43172523 0.0418244 0.65196973 0.4512243 -0.26971379 0.49538088 0.45738259 -0.05575941 0.64154023 0.47964317 -0.08587226 0.53708822 0.48819047 0.08619575 0.64769083 0.50205076 -0.81340647 0.41464013 0.51162761 -0.52072477 0.6858058 0.63159657 -0.54963082 0.43625948 0.63585538 -0.28027788
0.58897066 0.33973616 -0.38018113 0.39928561 0.36930227 -0.09090154 0.67496258 0.39861202 -0.3126221 0.45381019 0.4274964 0.04444997 0.65296459 0.44911766 -0.31252158 0.49981335 0.45679104 -0.07293046 0.64263958 0.47302613 -0.09694768 0.53943723 0.48228925 0.09735089 0.66035026 0.51410663 -0.81240863 0.41752046 0.51011699 -0.53965849 0.68721288 0.63132131 -0.45150152 0.44215333 0.63273996 -0.24978855
0.58870721 0.33452699 -0.33577976 0.39948234 0.36545268 -0.0772604 0.67634261 0.39328945 -0.27667153 0.4582279 0.42651719 0.08799699 0.65366203 0.44718325 -0.28526777 0.50407928 0.45482334 0.01423363 0.64482605 0.46729758 -0.09560408 0.54553276 0.47985452 0.09596456 0.65916026 0.5118522 -0.80851239 0.42267787 0.50958276 -0.53056073 0.69160283 0.63124698 -0.56886268 0.44639313 0.63859999 -0.29338649
0.58850592 0.32930124 -0.32654124 0.39944813 0.36140066 -0.07416493 0.67710519 0.38725632 -0.27132037 0.46019566 0.42009178 0.09072265 0.65727204 0.4471623 -0.29732144 0.50679809 0.44658011 0.01010155 0.64660758 0.45977345 -0.09094118 0.54539204 0.47390899 0.0912881 0.66797727 0.51510197 -0.77050948 0.42854697 0.50718665 -0.54752243 0.69891673 0.63812041 -0.56879807 0.45106688 0.6417377 -0.36607653
0.58912659 0.32466519 -0.38414219 0.39907864 0.35574439 -0.16281269 0.67702341 0.3821727 -0.26151511 0.45980045 0.41287583 0.06877445 0.65750688 0.4414168 -0.17260021 0.50311369 0.43286529 0.05891854 0.64553696 0.45274979 -0.08852062 0.54418916 0.4667258 0.08886718 0.66519558 0.52677387 -0.74143273 0.42802593 0.50820458 -0.54803723 0.70017362 0.63914335 -0.49385235 0.4591665 0.64086926 -0.32175258
0.58933663 0.31893632 -0.38462535 0.39908132 0.35084447 -0.17366081 0.67553049 0.37303337 -0.16284119 0.45879531 0.40749958 0.0813738 0.65418291 0.42572364 0.02654217 0.51025391 0.43195254 0.17313762 0.64475352 0.44484204 -0.08820004 0.54398185 0.46011737 0.08845952 0.66401565 0.52154261 -0.76580077 0.42749056 0.50866306 -0.52129036 0.6993767 0.64665979 -0.60278738 0.46221989 0.64162344 -0.32691133
0.58975339 0.3133136 -0.36778831 0.39975905 0.34474736 -0.15049499 0.67516649 0.36802858 -0.140999 0.46513402 0.40653235 0.08786996 0.65453285 0.42030218 0.03716224 0.52685201 0.42903242 0.16390334 0.64557576 0.43754828 -0.08791572 0.54307997 0.45426211 0.08811792 0.66443372 0.50754535 -0.81966054 0.42901644 0.50902331 -0.46749279 0.70005369 0.64404267 -0.71805453 0.46123457 0.64040691 -0.32321233
0.58966178 0.30535337 -0.40453321 0.40096802 0.33748823 -0.17856669 0.6751529 0.3568134 -0.14883168 0.45980224 0.39545804 0.07699654 0.64293629 0.40613922 0.09555764 0.52107918 0.41818389 0.17597237 0.64566225 0.43202284 -0.10016166 0.54254889 0.44836861 0.10023694 0.66365892 0.49529415 -0.83486104 0.42820328 0.50921476 -0.37080956 0.69499314 0.64246047 -0.65906131 0.45987454 0.63962895 -0.16184121
0.58960301 0.2980727 -0.42349878 0.40148625 0.33142617 -0.20391236 0.67425221 0.3561644 -0.16698231 0.453421 0.3874734 0.0501222 0.63372105 0.39851588 0.04407806 0.51973724 0.41237 0.12752371 0.64549464 0.42399442 -0.09726273 0.541677 0.44187656 0.09739494 0.66308939 0.49449101 -0.8303526 0.43167686 0.51061225 -0.34341532 0.6944567 0.64153594 -0.62611061 0.45826817 0.63919705 -0.09177519
0.58964866 0.29003349 -0.39667913 0.40219083 0.32330501 -0.18089603 0.6712057 0.34105298 -0.16721617 0.45081753 0.37918049 -0.00078128 0.6324023 0.39375514 0.08387364 0.51646155 0.4059698 0.08242194 0.64621747 0.41701004 -0.09338754 0.54157811 0.43509209 0.09313026 0.66268516 0.49267215 -0.69546235 0.4445194 0.50695473 -0.1507645 0.69062454 0.63662487 -0.51432383 0.44981429 0.62511754 0.13074769
0.58906198 0.28143805 -0.25878087 0.40218407 0.31841141 -0.13127556 0.66997224 0.32810363 -0.09333048 0.45051712 0.37442657 -0.08119403 0.62252235 0.38904899 0.12668172 0.53455055 0.39030984 -0.14715627 0.64608723 0.40922391 -0.07138101 0.54147184 0.42879596 0.07101106 0.66241103 0.49481657 -0.55086577 0.44701731 0.50781065 -0.06870694 0.69063002 0.63674521 -0.42538702 0.44641834 0.61415738 0.18007794
0.5885843 0.27412036 -0.07719859 0.40218937 0.31231299 0.0562037 0.66820467 0.3150965 0.02991786 0.44488955 0.36507571 0.02118595 0.62068152 0.3762587 0.1862569 0.52871633 0.3819544 -0.09214641 0.64554876 0.40498942 -0.05905265 0.53870583 0.42582795 0.05903214 0.66222 0.49147716 -0.50994986 0.45585534 0.5079838 -0.14445733 0.69142199 0.63206762 -0.36077744 0.45124933 0.61599958 0.09094426
0.58436549 0.2649298 -0.02809233 0.40221727 0.30519551 0.10381293 0.6672591 0.30858007 0.0700706 0.44121283 0.35724005 0.07733317 0.60710496 0.37102208 0.21809472 0.52752542 0.37522849 -0.06805366 0.64530653 0.4008407 -0.05755195 0.53866738 0.42206293 0.0575383 0.66247308 0.49178374 -0.45735076 0.46689323 0.50575942 0.09077579 0.69341606 0.63025516 -0.3919833 0.46278122 0.59743887 0.37651357
0.58489865 0.25946698 -0.12251447 0.40318748 0.29825929 0.01681401 0.66683346 0.31404009 -0.03156429 0.44634458 0.35731146 0.00355491 0.59352458 0.37180546 0.14170586 0.52745736 0.36918131 -0.14326273 0.64539272 0.39644894 -0.05876423 0.53863978 0.41706389 0.05869983 0.66366488 0.49180886 -0.49606115 0.47643954 0.50361294 0.20310611 0.69615138 0.62893146 -0.43939823 0.46738693 0.58528954 0.55036241
0.58697349 0.25235444 -0.16637379 0.40334949 0.29232353 -0.00247983 0.66682136 0.30810368 -0.00735559 0.44787809 0.35136899 -0.06792647 0.60386604 0.36137885 0.20337844 0.52722907 0.36634383 -0.22906657 0.64536589 0.39207193 -0.05959437 0.53870642 0.41234431 0.05950305 0.66390312 0.49133062 -0.49474522 0.4786047 0.50396526 0.30884317 0.69705522 0.623353 -0.43587741 0.47074482 0.58547056 0.74377257
0.58780354 0.24443409 -0.03425492 0.40383419 0.28603968 0.09445628 0.66511136 0.30175304 0.09112869 0.44983533 0.3442274 0.01351393 0.60852134 0.3522954 0.27652791 0.51967436 0.36018881 -0.17319629 0.64537889 0.38528624 -0.0608476 0.53867286 0.40628946 0.06080278 0.66385376 0.48763239 -0.4688791 0.4872345 0.50103205 0.27907619 0.69937235 0.61973554 -0.48258021 0.47288412 0.57908565 0.59932947
0.58988321 0.23761798 -0.0692375 0.40378329 0.2819249 0.07734852 0.66351092 0.29936519 0.12276123 0.45452636 0.34585103 0.02275357 0.60994232 0.3472268 0.42681095 0.52074921 0.36100292 -0.15068351 0.64531434 0.38336372 -0.07162327 0.53670198 0.40317434 0.0713627 0.66378683 0.48675689 -0.40324539 0.48727643 0.50375718 0.28368548 0.69941157 0.62131953 -0.39236727 0.46988681 0.58980727 0.56822038
0.59170562 0.23185284 -0.13368437 0.40350604 0.27780917 0.00635497 0.6628775 0.2906839 0.03967112 0.45489538 0.34258705 0.02036198 0.61161762 0.34425277 0.28490856 0.52032501 0.3622773 -0.11065021 0.64441407 0.38477728 -0.0744332 0.53427714 0.40320081 0.07431783 0.66564131 0.48745152 -0.31079325 0.49442393 0.50669152 0.40764126 0.70072865 0.61496919 -0.21161707 0.47241744 0.58616924 0.86905837
0.59169412 0.22574191 -0.12365673 0.40248582 0.27374157 0.04556679 0.66249132 0.28670841 0.0207966 0.45162079 0.33517012 0.04932521 0.59518272 0.3320834 0.22956936 0.51261228 0.35301206 -0.1200105 0.64401007 0.38310173 -0.07860912 0.53308254 0.40133506 0.07874489 0.66548079 0.48622352 -0.42922634 0.50561613 0.49909434 0.39544773 0.70065504 0.61248475 -0.42802835 0.47121051 0.58221531 0.78721452
0.59209007 0.2223845 -0.16265045 0.40161353 0.27070796 0.03585641 0.66033435 0.28522867 0.01684783 0.44862786 0.33082163 0.10392922 0.5909335 0.32903326 0.22726415 0.51040179 0.34858784 0.07471255 0.64187962 0.38190147 -0.08061352 0.53050393 0.40021512 0.08080174 0.66588384 0.48802742 -0.33729979 0.51006699 0.50020707 0.42439216 0.70507807 0.60857987 -0.25649056 0.47635305 0.57933146 0.91019088
0.59214193 0.21892953 -0.23748896 0.40146044 0.26689339 -0.09861843 0.65996945 0.2739183 0.0123388 0.44663119 0.32726038 0.12907299 0.59547693 0.32582504 0.24265157 0.51448321 0.34622341 0.26625344 0.63853055 0.38083014 -0.06603716 0.52844512 0.39806205 0.06617563 0.66989368 0.49252242 -0.09213232 0.51053417 0.51680619 0.30854967 0.70770353 0.61031121 0.0817146 0.4757382 0.58281004 0.75240701
0.59298611 0.21734098 -0.22362037 0.40103337 0.26509005 -0.12046051 0.66009098 0.27030927 0.01440827 0.44220355 0.32532662 0.13391352 0.59654105 0.32439557 0.2469804 0.51377743 0.34717959 0.29047215 0.63634217 0.37997308 -0.04533336 0.52464473 0.39702994 0.04540468 0.67245477 0.49275637 -0.07938933 0.50947946 0.52472383 0.26148626 0.70980734 0.60876846 0.1135809 0.47605324 0.58434135 0.67581016
0.593642 0.21686502 -0.20053795 0.40095836 0.26289526 -0.08461812 0.66083175 0.26602715 0.0183201 0.43645006 0.32302865 0.1359634 0.61613584 0.32906273 0.2334806 0.50982517 0.3467243 0.21499337 0.6341303 0.37975636 -0.05048797 0.52295387 0.39613244 0.05055718 0.67195988 0.49026453 -0.1880002 0.51145774 0.52248621 0.26679742 0.70924658 0.60824889 -0.10923762 0.47637573 0.58700961 0.64350444
0.5937953 0.21683142 -0.19963436 0.40164426 0.26198578 -0.09168026 0.66096115 0.27275333 0.01597916 0.4372589 0.32538918 0.1158292 0.61730593 0.33419335 0.20971981 0.51114249 0.34635529 0.14301817 0.63163596 0.37907895 -0.05053711 0.52129525 0.39481634 0.05056199 0.67325646 0.49030507 -0.13688143 0.5123567 0.52130866 0.24575607 0.70903933 0.60928905 -0.03908014 0.47673503 0.58808166 0.59231395
0.59383929 0.21696705 -0.1689094 0.40220085 0.26294553 -0.05183517 0.66070098 0.27526596 0.01207906 0.4398607 0.32560796 0.11638198 0.61571211 0.33667973 0.18638265 0.51224971 0.34622926 0.12157142 0.63038087 0.37851956 -0.05150989 0.52008432 0.39441565 0.05157542 0.67290062 0.49011678 -0.15257433 0.51247299 0.51501536 0.27053627 0.70873886 0.60942096 -0.08034424 0.47665823 0.59510189 0.58263004
0.5931769 0.21710852 -0.15197399 0.40229115 0.26246354 -0.0208788 0.66053599 0.27224389 0.01127995 0.44195512 0.32159004 0.12036738 0.615412 0.33748764 0.16397147 0.51255208 0.34454006 0.11009976 0.62966615 0.37825146 -0.05403774 0.51936555 0.39400497 0.05414521 0.67335665 0.49314743 -0.14323871 0.51285619 0.50929874 0.28840593 0.70978004 0.60860848 -0.08921453 0.47669366 0.58917582 0.58317214
0.59314132 0.21847714 -0.19698092 0.40280995 0.26226908 -0.05588065 0.65978062 0.27496976 -0.03610796 0.44450614 0.32088497 0.09704176 0.61139679 0.33774912 0.13380626 0.51338434 0.3449454 0.08078819 0.6291129 0.37876099 -0.05431345 0.5195598 0.39447439 0.05438687 0.67530054 0.49590743 -0.10351346 0.51310569 0.50710732 0.32083592 0.71112609 0.60760146 -0.00354394 0.47446322 0.58806914 0.64614594
0.59310079 0.21890496 -0.20510605 0.40304866 0.26225266 -0.06477813 0.65963751 0.27673104 -0.04474464 0.44489998 0.32036349 0.08983753 0.60668492 0.3379418 0.12790954 0.51643914 0.34436506 0.08068565 0.62909687 0.37932199 -0.05538738 0.51936001 0.39516285 0.05546211 0.67626238 0.49960712 -0.0641548 0.51243198 0.51318187 0.2958509 0.71088678 0.60748649 0.09333917 0.47438598 0.60071892 0.6301952 
0.59308988 0.21934608 -0.20596108 0.40304837 0.26256326 -0.07545911 0.65934622 0.2770963 -0.0525603 0.4449437 0.32125494 0.06616053 0.6001398 0.33866921 0.10229152 0.51770598 0.34401861 0.05279918 0.62904233 0.37898454 -0.05369325 0.5191943 0.39503834 0.05374684 0.67619365 0.49736792 -0.04810623 0.51313466 0.51536185 0.2835874 0.71009356 0.60510868 0.13207902 0.47486076 0.60255742 0.6249603 
0.59307969 0.21965283 -0.20466617 0.40307182 0.26237452 -0.07128518 0.65903288 0.27801719 -0.06573279 0.44506645 0.32118827 0.02277918 0.60014248 0.33901128 0.07628059 0.51789844 0.3443785 -0.06277452 0.62917864 0.37865883 -0.05412662 0.51930308 0.39399242 0.05419568 0.67503738 0.49524513 -0.04088685 0.51513559 0.51017994 0.27784517 0.71003938 0.60057247 0.14072108 0.47543687 0.60225224 0.6022566 
0.59338522 0.22000024 -0.1915914 0.40308052 0.26248619 -0.06927618 0.65905714 0.27829677 -0.05483896 0.44515365 0.32175225 0.02466099 0.6003744 0.33908927 0.08730892 0.51796448 0.34439984 -0.04882174 0.62925392 0.37859967 -0.05200545 0.5193404 0.39348146 0.05201844 0.67497206 0.49493125 -0.05139647 0.51587355 0.51020259 0.25332332 0.71023983 0.60091358 0.12011473 0.47559035 0.601565 0.55717409
0.59405333 0.22024621 -0.18913247 0.40315586 0.26277903 -0.06779596 0.65915239 0.2809501 -0.05132626 0.44759402 0.32217151 0.03078313 0.59789133 0.34023181 0.08915348 0.52003235 0.34468719 -0.035677 0.62937063 0.37863356 -0.05229447 0.5194717 0.39336517 0.0523183 0.67604119 0.49685356 -0.0546156 0.51592726 0.51030576 0.25452036 0.71017337 0.60145926 0.13822378 0.47512552 0.59491283 0.56949013
0.59465259 0.22025152 -0.18528743 0.40321213 0.26283467 -0.0674183 0.65931326 0.28111595 -0.04232586 0.44901708 0.32253873 0.03948942 0.59795654 0.34033376 0.10183764 0.5213713 0.34494984 0.00685561 0.62940222 0.37857562 -0.05150921 0.51951569 0.39293784 0.05152891 0.67711443 0.49785331 -0.06073451 0.5159502 0.51027316 0.25496027 0.71042818 0.60199046 0.10794281 0.47510359 0.5904572 0.57463336
0.59500396 0.22005558 -0.16453756 0.40324584 0.26288223 -0.05792161 0.65944374 0.28053439 -0.01190495 0.44952062 0.32264078 0.08354948 0.60347217 0.3406598 0.13185139 0.52146649 0.34514272 0.10059042 0.62950438 0.37854978 -0.05103081 0.51958215 0.3926633 0.05105158 0.67668587 0.49682221 -0.07464983 0.51600194 0.50980192 0.24621616 0.71025717 0.60224712 0.08684663 0.47880554 0.58632791 0.56893951
