0.5836814 0.35163629 0.19787124 0.41402137 0.33851975 0.11785637 0.58256215 0.39780197 0.01690544 0.34653172 0.41968423 -0.05793707 0.67386472 0.36977136 -0.30485293 0.32507759 0.34949553 -0.38923949 0.5008558 0.49528784 0.04578651 0.39707115 0.48628053 -0.04593174 0.51619327 0.62160069 0.01151028 0.36559704 0.61879921 -0.13043985 0.55991143 0.73278111 0.14677969 0.3412292 0.74736708 -0.04328344
0.58410931 0.3517006 0.20762342 0.41416469 0.33857471 0.12618557 0.58123571 0.39848107 0.01393292 0.34682205 0.41972786 -0.0536316 0.67076933 0.36943391 -0.32047078 0.3250683 0.34953532 -0.38605037 0.50065744 0.49524778 0.04577168 0.39702049 0.48628041 -0.04591556 0.51599556 0.62130636 0.00267634 0.36524883 0.61891216 -0.13108489 0.55978197 0.73289979 0.13490784 0.34123367 0.74741787 -0.04380665
0.58429331 0.35174799 0.21636631 0.41443154 0.33867294 0.12312654 0.58077472 0.39879408 0.01688696 0.34699923 0.41961205 -0.05689018 0.67014915 0.36936611 -0.3191829 0.32505926 0.34965488 -0.38742387 0.50044227 0.49527106 0.04800759 0.39698562 0.48631793 -0.04810515 0.51591855 0.62087256 0.00432712 0.36511129 0.61892247 -0.13763124 0.55971605 0.73297757 0.13756666 0.34119248 0.74742454 -0.05497703
0.58437401 0.35178858 0.22045892 0.41460559 0.33880186 0.12259249 0.58016908 0.39912745 0.01793934 0.34707555 0.41954857 -0.05749356 0.67175448 0.36941159 -0.32761219 0.32497212 0.35001805 -0.3881259 0.5003286 0.49526647 0.04968447 0.39691001 0.48630303 -0.04976448 0.51583493 0.62052262 0.00648203 0.36511531 0.61893821 -0.143765 0.55971235 0.73313773 0.14466231 0.34112623 0.74732995 -0.06043558
0.58443862 0.35181421 0.21781439 0.41474506 0.33893904 0.12164529 0.57960671 0.39938098 0.01700362 0.34720036 0.41957781 -0.05711323 0.67159659 0.36951777 -0.33543882 0.32492813 0.35054749 -0.39010695 0.50025111 0.49528497 0.04998738 0.39683604 0.48632279 -0.05006592 0.51572078 0.62033564 0.00679919 0.3650955 0.61896175 -0.14555115 0.55970895 0.73329771 0.14526168 0.34106612 0.74726647 -0.06238651
0.58459872 0.35183948 0.21926962 0.41498438 0.33909944 0.12410849 0.57236755 0.39964157 0.02281104 0.34761336 0.4195987 -0.04681271 0.66993111 0.37002066 -0.32474095 0.32493663 0.35073838 -0.37703019 0.50012225 0.49529493 0.05124947 0.39679226 0.48636493 -0.05133088 0.51557636 0.62020987 0.00692213 0.36509815 0.61899155 -0.14719558 0.55969065 0.73349291 0.14619143 0.34106481 0.74731296 -0.06213403
0.58476055 0.35197517 0.21812825 0.41533303 0.33923545 0.12269989 0.56734085 0.40001929 0.02330682 0.34789631 0.41962042 -0.04940663 0.66948974 0.3703059 -0.32400051 0.32492962 0.35079008 -0.37913555 0.49986023 0.49530971 0.05264622 0.39673582 0.48639774 -0.05272058 0.51539755 0.61980683 0.02344253 0.36510223 0.6189875 -0.15032154 0.55963188 0.73343068 0.18538867 0.34103703 0.74743968 -0.06385194
0.58499688 0.35200453 0.21821219 0.41567698 0.33954066 0.11965033 0.57211471 0.39978278 0.02321501 0.34796989 0.41968539 -0.05313455 0.67029631 0.37048346 -0.33895743 0.32492414 0.35130847 -0.39602113 0.4997966 0.49531221 0.0550646 0.39669371 0.48641068 -0.05513303 0.51533908 0.61965251 0.03738197 0.36501807 0.61895978 -0.15323749 0.55954659 0.73343688 0.20429167 0.34094387 0.7475884 -0.0702119 
0.58544213 0.35202461 0.21911719 0.41601667 0.33975732 0.11934973 0.57969481 0.39846757 0.00884586 0.3485339 0.41975176 -0.06306133 0.67376351 0.37051615 -0.37525326 0.32508862 0.35196334 -0.42008975 0.49977389 0.49532023 0.05529529 0.39664242 0.4864243 -0.05536784 0.51528704 0.61965269 0.03822868 0.36497352 0.61896932 -0.15376849 0.55949217 0.73347485 0.19921803 0.34079802 0.74785745 -0.07618226
0.58557361 0.35203826 0.23268558 0.41643196 0.33979604 0.12746851 0.57352459 0.39937025 0.01618069 0.34912142 0.4197686 -0.05521388 0.6233713 0.37243769 -0.36143208 0.32572383 0.35238841 -0.41884747 0.4997305 0.49531645 0.05745465 0.39666572 0.48642197 -0.05752896 0.5152306 0.61965203 0.03725197 0.36496761 0.61897689 -0.1533394 0.5594365 0.73347872 0.19549419 0.34070942 0.74799484 -0.07744919
0.58565736 0.35205451 0.23301393 0.41663715 0.3398928 0.12400123 0.57840037 0.39878264 0.0178153 0.3493275 0.42008182 -0.06849042 0.65162945 0.37243643 -0.35454851 0.32678807 0.35248026 -0.42120278 0.49970335 0.4953275 0.05834277 0.39667642 0.48643917 -0.0584228 0.51508725 0.61970651 0.03868613 0.36491162 0.61898345 -0.15491444 0.55913752 0.73352551 0.19331254 0.34062156 0.74799806 -0.08872079
0.58584994 0.35222208 0.23130411 0.41683206 0.34002459 0.11642812 0.61218858 0.39683592 0.01307429 0.34961295 0.42056671 -0.08973433 0.66985977 0.37243456 -0.36275238 0.32795036 0.35255826 -0.44695342 0.49967709 0.49540442 0.05877849 0.39665213 0.48649237 -0.05885708 0.51495779 0.62017286 0.04666466 0.36477536 0.61900073 -0.15631053 0.55890805 0.73371273 0.2010957 0.34056345 0.74803889 -0.08893014
0.58590192 0.35229638 0.23085651 0.41683292 0.34006169 0.11434422 0.60511297 0.39691928 0.00872116 0.34970087 0.42100614 -0.09108587 0.63972121 0.37351698 -0.36996105 0.32866848 0.35253662 -0.44280449 0.49968928 0.49541405 0.05877333 0.39663264 0.48650169 -0.0588606 0.51486272 0.62061685 0.04652334 0.36461207 0.61900651 -0.15692852 0.55876166 0.73386961 0.19934627 0.34055847 0.74811846 -0.09597843
0.58588523 0.35251892 0.23735826 0.41686806 0.34011701 0.12455671 0.58784485 0.39798269 0.0169888 0.34990567 0.42153841 -0.072504 0.62884587 0.37422088 -0.35614467 0.32949734 0.35256639 -0.41369307 0.49967396 0.49549064 0.05902299 0.39661485 0.48653331 -0.05912022 0.51468688 0.62095988 0.04541414 0.36460796 0.6190365 -0.15472855 0.55872768 0.73411214 0.19284098 0.34048143 0.74818093 -0.0924544 
0.58577472 0.35256523 0.2439322 0.41689482 0.34017602 0.12702319 0.57961392 0.39900464 0.02292171 0.35016105 0.42176852 -0.06589386 0.62639797 0.37457526 -0.34847274 0.33023274 0.35261992 -0.39784157 0.49967906 0.49550849 0.06008694 0.39661479 0.48654315 -0.06020682 0.51461697 0.62118936 0.04455526 0.36460939 0.61903596 -0.15413459 0.55868846 0.73435777 0.1823331 0.34035182 0.7481401 -0.09108789
0.58570147 0.35260916 0.24248265 0.41701856 0.34019071 0.12789628 0.56797934 0.40601805 0.02682267 0.35050905 0.42208719 -0.05609064 0.61765224 0.37484786 -0.33277261 0.3308067 0.35276973 -0.37614408 0.49971455 0.49551755 0.06046733 0.39676705 0.48655099 -0.06060942 0.5145095 0.62133694 0.04505727 0.36470261 0.61898655 -0.14881934 0.55867308 0.73461515 0.17871585 0.34034654 0.74807674 -0.08580106
0.58565283 0.35261825 0.24891502 0.41702467 0.34021172 0.13874459 0.56216741 0.40969083 0.03199241 0.35062623 0.42227593 -0.03858544 0.61407727 0.37498999 -0.33296567 0.33078682 0.35276827 -0.3680729 0.4997566 0.49552023 0.06076081 0.39690086 0.4865312 -0.06090878 0.5144465 0.62145138 0.0441215 0.36481744 0.6189726 -0.14699863 0.55866188 0.7349385 0.17670445 0.34037939 0.74799401 -0.07056474
0.58557504 0.35262951 0.25874051 0.4170197 0.34027183 0.15009543 0.5588401 0.41211921 0.04308316 0.35068524 0.42242759 -0.02389011 0.61039948 0.37509724 -0.320061 0.33074892 0.35273865 -0.34895411 0.49984074 0.49551913 0.06150842 0.39708716 0.48650169 -0.06167973 0.51442909 0.62150764 0.04402052 0.36497101 0.61892891 -0.146825 0.55865812 0.73512894 0.17319578 0.34037676 0.74799073 -0.07002597
0.58556408 0.35272291 0.25454348 0.41701883 0.34034017 0.14933188 0.55866349 0.41196382 0.03994282 0.35069665 0.42243752 -0.02858386 0.60798305 0.3751536 -0.32010376 0.33072096 0.35270396 -0.35496506 0.49983516 0.49553102 0.0611164 0.39710003 0.48653194 -0.06129959 0.51439434 0.62153643 0.04107628 0.36524734 0.61896688 -0.1457561 0.55865467 0.7351535 0.17028134 0.34049189 0.74804097 -0.06860349
0.58556402 0.35281843 0.25495431 0.41702071 0.34042698 0.15866423 0.55790401 0.41231021 0.04018304 0.35069922 0.42243809 -0.01919459 0.60688835 0.37515074 -0.31618583 0.33066058 0.35228783 -0.34810555 0.49983543 0.49553552 0.06093036 0.39712998 0.48653448 -0.06111992 0.51437211 0.62155122 0.03433916 0.36554006 0.61897701 -0.14402235 0.5586642 0.73522478 0.16339247 0.34062853 0.74803907 -0.06357484
0.58560669 0.35285988 0.25331879 0.41701794 0.34050065 0.15616947 0.55770272 0.41223204 0.04032757 0.35069513 0.42243719 -0.02118675 0.60402828 0.3750926 -0.30710101 0.33060917 0.35192442 -0.34663326 0.49986556 0.49550688 0.06026663 0.39718312 0.48650181 -0.0604743 0.51436675 0.62155229 0.03093099 0.36593369 0.61898321 -0.14046185 0.5586859 0.7352612 0.1547848 0.34077016 0.74804634 -0.06336115
0.5856111 0.35287532 0.25257418 0.4170154 0.34061691 0.15316704 0.5573681 0.4120948 0.03990427 0.35072494 0.42246106 -0.0239401 0.60340428 0.37502167 -0.30458036 0.33055666 0.35183764 -0.34485504 0.49988878 0.49551353 0.06001725 0.39725026 0.48651198 -0.06023153 0.51437086 0.62160814 0.03116925 0.36609206 0.61900699 -0.13730668 0.5586912 0.73529619 0.15727597 0.34087884 0.74809861 -0.05880953
0.58575386 0.35284847 0.24419525 0.41703337 0.34072095 0.15303142 0.55793774 0.41184756 0.03640673 0.35075405 0.42257637 -0.02598268 0.60372561 0.37483501 -0.30794916 0.33049673 0.35185987 -0.35028365 0.49988708 0.4955081 0.05976325 0.3973186 0.48650339 -0.05998141 0.51437289 0.62162167 0.03104794 0.36630222 0.619008 -0.13381444 0.5587073 0.73532879 0.15782759 0.34112138 0.74799818 -0.05173174
0.58582306 0.3528457 0.24395622 0.41712755 0.34086123 0.15135825 0.55835742 0.4117482 0.03631825 0.35083085 0.42265216 -0.02729387 0.60549706 0.37475061 -0.30928281 0.33047971 0.35186377 -0.35042098 0.49990025 0.49549818 0.05962318 0.39757097 0.48648807 -0.05984434 0.51437896 0.62166691 0.02885881 0.36644182 0.61899823 -0.13391669 0.55880493 0.73563695 0.15493384 0.3411893 0.74780846 -0.05059163
0.58582258 0.35279673 0.24714951 0.41721523 0.34096858 0.15173472 0.55862677 0.41164264 0.04577674 0.35086662 0.4227303 -0.02256399 0.60542285 0.374576 -0.28962407 0.33046913 0.35187042 -0.33751318 0.49991092 0.49527302 0.05961089 0.39785051 0.48628682 -0.0598327 0.51439399 0.62165546 0.02811702 0.36646688 0.61897665 -0.13412488 0.55885321 0.73573184 0.15187845 0.34119517 0.74780953 -0.05167742
0.58582366 0.35278827 0.25397876 0.41729516 0.34103328 0.15315874 0.55886549 0.41147107 0.05907514 0.35089272 0.42279834 -0.01513764 0.60622948 0.3744795 -0.27042347 0.33049741 0.35189325 -0.3225491 0.49994892 0.4948498 0.05966225 0.39817291 0.48579347 -0.05988071 0.51439387 0.62165654 0.02508943 0.36646983 0.6189146 -0.13557905 0.55887133 0.73594278 0.14246471 0.34122056 0.74780124 -0.05737605
0.58582371 0.35278144 0.26049826 0.4173525 0.34108225 0.15811081 0.55906105 0.41128641 0.07829954 0.35089797 0.42281136 -0.00274309 0.60675031 0.374448 -0.23463915 0.33049294 0.35200623 -0.30515346 0.49997851 0.49450758 0.05967868 0.39845541 0.48542041 -0.0598948 0.51439428 0.62160105 0.02438668 0.36644998 0.61877269 -0.1377282 0.55888504 0.7360754 0.1412943 0.34126014 0.7478115 -0.06321783
5.85824013e-01 3.52825642e-01 2.58955240e-01 4.17448938e-01 3.41288000e-01 1.57580271e-01 5.59168100e-01 4.11172807e-01 7.47028962e-02 3.51020873e-01 4.22843903e-01 -1.03959479e-04 6.06167912e-01 3.74475181e-01 -2.42819324e-01 3.30511034e-01 3.52472752e-01 -2.99795926e-01 4.99901384e-01 4.94437575e-01 5.97970262e-02 3.98484200e-01 4.85322833e-01 -6.00126684e-02 5.14408588e-01 6.21527791e-01 2.49619987e-02 3.66335660e-01 6.18774772e-01 -1.37891367e-01 5.58881938e-01 7.35654652e-01 1.42371938e-01 3.41264457e-01 7.47808278e-01 -6.32358715e-02
0.58584249 0.35303697 0.25904357 0.41771275 0.34174669 0.16525896 0.55876678 0.4113721 0.07582608 0.35120779 0.42299095 0.00559652 0.60548502 0.37472871 -0.23427406 0.33061618 0.35281551 -0.29883406 0.49970019 0.49445716 0.05963361 0.3984884 0.48533249 -0.05984774 0.51441896 0.62153012 0.02282763 0.36627781 0.61881846 -0.13800602 0.55887932 0.73558676 0.14235801 0.34128657 0.74780315 -0.06344672
0.58584446 0.35318854 0.25861305 0.41793868 0.34211582 0.16718002 0.5586139 0.41135389 0.07467869 0.35136595 0.42312402 0.00555875 0.60506064 0.37483051 -0.23480289 0.33069384 0.35296726 -0.30016857 0.49953833 0.4944813 0.05944315 0.39849231 0.4853659 -0.05965636 0.51442409 0.62152958 0.0224999 0.36624634 0.61886245 -0.13811478 0.55887759 0.73550028 0.14352216 0.34131458 0.74779284 -0.0635814 
0.58586437 0.3533431 0.25671571 0.41795766 0.34230015 0.16552714 0.55874443 0.41145456 0.07101379 0.351374 0.42323676 0.00285105 0.60431111 0.37503204 -0.24987903 0.33047327 0.35288921 -0.30540505 0.49938291 0.49458259 0.05933063 0.39846256 0.48552495 -0.05954711 0.51439685 0.62153357 0.0256829 0.36622432 0.6190775 -0.13623747 0.55886197 0.73547918 0.15194337 0.34131977 0.7477181 -0.05108568
0.58598214 0.35347039 0.24930663 0.41795379 0.34261811 0.16392663 0.5588851 0.41149724 0.06710329 0.3513816 0.42348871 0.00092758 0.60382694 0.3754862 -0.25592425 0.33004841 0.35276994 -0.30807954 0.49917331 0.49480301 0.05895921 0.39836109 0.48574394 -0.05918149 0.51431352 0.62151718 0.03352788 0.36603987 0.61915946 -0.13421573 0.55875748 0.73518264 0.16790874 0.34132245 0.74771744 -0.04901581
5.86107910e-01 3.53637666e-01 2.44067952e-01 4.17930901e-01 3.42895448e-01 1.63339749e-01 5.58973074e-01 4.11612660e-01 6.47505224e-02 3.51377875e-01 4.23652589e-01 2.71063036e-04 6.03642285e-01 3.75827372e-01 -2.60430872e-01 3.29793066e-01 3.52658808e-01 -3.10245305e-01 4.99014348e-01 4.94918793e-01 5.75618818e-02 3.98257852e-01 4.85864460e-01 -5.77987805e-02 5.14164507e-01 6.21462524e-01 3.74682210e-02 3.65959764e-01 6.19188011e-01 -1.32247984e-01 5.58668017e-01 7.34719396e-01 1.72974974e-01 3.41326296e-01 7.47697413e-01 -5.01054786e-02
0.58676046 0.35392135 0.24234419 0.41791001 0.34307846 0.16547981 0.55849391 0.41431072 0.06460451 0.35138288 0.42376083 0.00837552 0.60373044 0.37625125 -0.26158443 0.32961193 0.35267922 -0.30624399 0.49891832 0.49515119 0.05429442 0.39811206 0.48603386 -0.05453631 0.51389235 0.62139153 0.0354038 0.36590502 0.6192131 -0.12721828 0.55863911 0.73423469 0.17069381 0.34132838 0.74764746 -0.03609445
0.58705467 0.35421714 0.24212986 0.41788504 0.34325251 0.16903618 0.55656922 0.41696218 0.06625496 0.35149437 0.42399222 0.01745635 0.60310709 0.37690794 -0.25183767 0.32958958 0.35291323 -0.29759762 0.49886847 0.49527076 0.05260767 0.3980222 0.4861564 -0.05284989 0.5135175 0.62134367 0.0350742 0.36586753 0.61930209 -0.12483042 0.55846119 0.73360294 0.17203516 0.34133124 0.74770492 -0.03010852
0.58725703 0.354471 0.241154 0.41790321 0.34344643 0.1649836 0.5564757 0.4177902 0.06612276 0.35164723 0.42421281 0.01503425 0.60309607 0.37710279 -0.25402525 0.32959983 0.35297927 -0.29779986 0.49881119 0.49545243 0.05300544 0.3979764 0.48629877 -0.05325206 0.51329988 0.62131101 0.03869121 0.3658632 0.61933613 -0.12565263 0.55845636 0.7332052 0.17906611 0.34128988 0.74777758 -0.03332114
0.58747268 0.35465935 0.23843047 0.4179064 0.34360522 0.16161305 0.5564056 0.41813678 0.06304856 0.35178548 0.42438948 0.01138267 0.60309577 0.37727058 -0.25445092 0.32959104 0.35300511 -0.30150482 0.49877021 0.49563426 0.05303176 0.39793751 0.4864507 -0.0532816 0.51313549 0.62130105 0.04006043 0.3658593 0.61938417 -0.12601294 0.55845535 0.73292416 0.18205604 0.34127998 0.74780071 -0.03311299
0.58769733 0.35470438 0.22955383 0.41785353 0.3437351 0.16092165 0.55629659 0.41813055 0.05085678 0.35199663 0.42445555 0.01060759 0.60336673 0.37738737 -0.26696751 0.32956558 0.35310549 -0.31232288 0.49867865 0.49567425 0.0514321 0.39778236 0.48649958 -0.05167452 0.5131036 0.62115657 0.03433377 0.3658165 0.61944425 -0.1221002 0.55845207 0.73249191 0.17745635 0.34128243 0.7477991 -0.02500294
0.58781904 0.35474327 0.22663835 0.417849 0.34391207 0.15948613 0.5576905 0.4160299 0.0360624 0.35226339 0.42467511 0.00290425 0.60422438 0.37744227 -0.29550129 0.32937571 0.35319909 -0.32801479 0.49867198 0.49582565 0.05151246 0.39772317 0.48663568 -0.05175373 0.51310045 0.62116623 0.03500728 0.36573431 0.61950094 -0.12363318 0.55844665 0.73235852 0.18268804 0.34126696 0.74780011 -0.02526998
0.58783931 0.35475013 0.2281556 0.41787034 0.34408224 0.15937927 0.55774981 0.41628847 0.02854087 0.35248384 0.42485464 -0.00297708 0.60410237 0.3774524 -0.32111108 0.32936335 0.35327724 -0.33823082 0.49865654 0.49595782 0.05209113 0.39766884 0.48675883 -0.05234002 0.51309973 0.62111336 0.04626172 0.3656438 0.61951637 -0.12849405 0.55848962 0.73217732 0.20647563 0.34127727 0.74779642 -0.03260652
0.58784395 0.35475066 0.22912903 0.41784582 0.34408644 0.15942642 0.55774587 0.41690284 0.0301771 0.35282764 0.42496806 -0.00294769 0.6041007 0.37746158 -0.3189933 0.32930115 0.35353035 -0.33557719 0.49867204 0.49598667 0.05337302 0.39766261 0.48678562 -0.05363545 0.51334518 0.62057424 0.05708296 0.36563739 0.61926264 -0.1396957 0.55849397 0.7317512 0.21743385 0.34124243 0.74770302 -0.06022222
0.58784795 0.35475215 0.22984612 0.41781935 0.34409136 0.15988538 0.55765843 0.41748679 0.03105742 0.35307425 0.42502943 -0.00243814 0.60404789 0.37750736 -0.31664532 0.32920799 0.3536464 -0.33397099 0.49868751 0.49603957 0.05364353 0.39765784 0.486835 -0.05391167 0.51349169 0.62020618 0.05812539 0.36564109 0.61914903 -0.14358333 0.55853856 0.73156476 0.21721618 0.34121731 0.74765104 -0.06539162
0.58772433 0.35481235 0.23838891 0.41842037 0.34409878 0.1601758 0.5555644 0.42048767 0.04764883 0.35386771 0.42537114 0.00237657 0.60399568 0.37755129 -0.30209783 0.3292034 0.35529 -0.33178055 0.4986825 0.49603176 0.05741242 0.39768571 0.48678344 -0.05764075 0.51404244 0.61942297 0.06499439 0.36632678 0.6187343 -0.14909388 0.5585888 0.73083758 0.23335174 0.3412298 0.74720246 -0.06804816
0.58765417 0.35485232 0.24616773 0.41889951 0.34410709 0.16245683 0.55379224 0.42194089 0.05882313 0.35467455 0.42569855 0.00769224 0.60372412 0.37761158 -0.29006934 0.32924098 0.35648447 -0.32781625 0.49867785 0.4960331 0.05955959 0.39771697 0.48678216 -0.0597675 0.51442742 0.61899811 0.07142477 0.36688602 0.61854756 -0.15342522 0.55865681 0.73022103 0.24671738 0.34124523 0.74705261 -0.07183138
0.58715731 0.35515234 0.24937509 0.41922569 0.34429267 0.16322869 0.55050761 0.42389014 0.06177794 0.35525078 0.42633256 0.00905182 0.60286331 0.37967595 -0.29235563 0.32949278 0.3592273 -0.32565022 0.49867481 0.49601719 0.06232436 0.39769596 0.48678052 -0.06256203 0.51857209 0.61787254 0.07019514 0.36745358 0.61754388 -0.16254219 0.55903155 0.73023993 0.22637253 0.34129447 0.74684364 -0.08817444
0.5867095 0.35580951 0.2506496 0.4197109 0.34527186 0.15611975 0.55072147 0.42349228 0.06648882 0.35568312 0.42771378 0.004116 0.60509992 0.37964994 -0.2936551 0.32956702 0.36407384 -0.34182715 0.49841478 0.49642625 0.06652918 0.39725524 0.48736003 -0.06669031 0.52640229 0.61721617 0.05958982 0.36759588 0.61740988 -0.17716643 0.55925757 0.73025072 0.2137854 0.34134316 0.7468577 -0.09698841
0.58676237 0.35716853 0.2048941 0.41969833 0.34772581 0.09238081 0.54656959 0.42688429 0.04983903 0.35651851 0.43170464 -0.06495435 0.60510504 0.38193423 -0.32713619 0.32956707 0.37087449 -0.43520516 0.49798244 0.49782917 0.07275275 0.39564943 0.48910055 -0.07282204 0.53338784 0.61645919 0.05908407 0.36845341 0.61741984 -0.22032095 0.55932027 0.73017001 0.23574895 0.34148705 0.74665838 -0.12231986
0.58688509 0.35779628 0.1989945 0.41972151 0.34882408 0.08567983 0.54636437 0.42633292 0.04590214 0.35651705 0.43250674 -0.08108471 0.60510206 0.38208053 -0.32646456 0.32959664 0.37148285 -0.45545292 0.49749693 0.49870983 0.07577065 0.39439994 0.490114 -0.07582007 0.53508002 0.61583394 0.05946657 0.36887825 0.61743253 -0.23934148 0.55937469 0.73007095 0.2528787 0.34182549 0.7465201 -0.1334957 
0.5871017 0.3601445 0.19034182 0.41967845 0.35156396 0.06928874 0.54665112 0.4300037 0.03436171 0.35611814 0.43487671 -0.10086437 0.60515368 0.38758644 -0.34763584 0.33027512 0.37073606 -0.47388464 0.49711287 0.50005126 0.07702659 0.39371425 0.49110886 -0.07710556 0.54027557 0.61387599 0.05702564 0.36935744 0.61741364 -0.28482884 0.55937916 0.72978073 0.24235317 0.34211501 0.74643731 -0.19584681
0.58735549 0.36637482 0.13223128 0.41955876 0.35636342 -0.02339893 0.54281509 0.43755713 0.01954581 0.35776079 0.4382745 -0.17413045 0.59921497 0.39895445 -0.34664333 0.33292311 0.38104716 -0.52376091 0.49648046 0.50364774 0.07908601 0.39089102 0.49493644 -0.07915007 0.55068815 0.61404383 0.04263909 0.36934426 0.61877084 -0.26286468 0.55948222 0.72982985 0.22417189 0.34211847 0.74772197 -0.15687764
0.58711964 0.36773214 0.13818188 0.41975951 0.36027721 -0.02970457 0.54330152 0.43739483 0.02378084 0.35771582 0.44115064 -0.19240727 0.59943676 0.39858347 -0.34172937 0.33327407 0.38084105 -0.55367881 0.49631709 0.50469881 0.08192361 0.39078501 0.49606577 -0.08198269 0.55367506 0.61411655 0.03751591 0.36949599 0.61954212 -0.24867627 0.55945957 0.72984403 0.21776086 0.34212402 0.74951762 -0.14857772
0.58705562 0.37045261 0.13436851 0.4199357 0.36379397 -0.03059137 0.54342049 0.44011214 0.01913808 0.35797498 0.44385856 -0.1823754 0.59899175 0.40059054 -0.35029241 0.33509463 0.38410699 -0.53139985 0.49538264 0.50681359 0.08082336 0.38980386 0.49800161 -0.08089339 0.55496842 0.61235774 0.0008209 0.36930045 0.6202442 -0.27601963 0.55978966 0.73011816 0.15529589 0.34213951 0.75014627 -0.1725114 
0.58867359 0.38368323 0.13858822 0.41981155 0.37549245 0.00399697 0.55533063 0.44386443 0.03246038 0.3527756 0.4511323 -0.14689407 0.59911966 0.40729919 -0.2789166 0.33385572 0.39076614 -0.40316114 0.49462789 0.51352191 0.06851087 0.38854536 0.50275964 -0.06861074 0.56387627 0.61251944 -0.15270175 0.36929619 0.62091291 -0.3390424 0.56023926 0.73030549 0.00735762 0.3421168 0.75010872 -0.2061756 
0.58939308 0.38661322 0.14627129 0.41990164 0.37601849 0.02003185 0.5549534 0.45221248 0.03412003 0.349832 0.45380849 -0.13969651 0.59917736 0.41146293 -0.28746217 0.33381712 0.39402971 -0.41303352 0.49434373 0.5148353 0.06585833 0.3879247 0.50356787 -0.06596619 0.56702811 0.61308187 -0.15144588 0.36929163 0.62126738 -0.33821851 0.56104988 0.73083317 0.02355648 0.34211552 0.75004965 -0.18595117
0.59092551 0.39266244 0.05777715 0.41985825 0.38380471 -0.06335829 0.56378633 0.45252952 0.0352967 0.3484962 0.45933136 -0.17148983 0.59935504 0.41536042 -0.1718493 0.33336335 0.39910641 -0.44518223 0.49432996 0.51843238 0.0593333 0.38704523 0.50563848 -0.0594266 0.57138377 0.61503392 -0.21697848 0.36926079 0.6213848 -0.36964834 0.56237322 0.73084003 -0.00744724 0.34207836 0.74944323 -0.18898924
0.59160876 0.40741068 -0.05846205 0.4175097 0.39789546 -0.18611744 0.56743783 0.4595615 -0.0374436 0.34751543 0.47520503 -0.18888739 0.59968573 0.43212572 -0.22327383 0.3317951 0.41418728 -0.33134845 0.49290341 0.52882797 0.05488025 0.38336712 0.51516849 -0.05495497 0.57907444 0.62015992 -0.2463901 0.36967394 0.62331545 -0.41330761 0.56296027 0.73087066 -0.0327156 0.34186754 0.74923128 -0.21138798
0.59295362 0.41099301 -0.12846528 0.41666451 0.40240097 -0.22584647 0.57773185 0.47294128 -0.27633652 0.34727043 0.47413269 -0.28738636 0.59909117 0.4372384 -0.70668614 0.32875594 0.41559988 -0.54403341 0.49289861 0.5327248 0.05549455 0.38322365 0.51789999 -0.05555952 0.58228594 0.62228072 -0.34981892 0.36970258 0.62490642 -0.52472758 0.56293571 0.7314288 -0.12298571 0.34182113 0.74934727 -0.32012582
0.59154862 0.42373306 -0.1586286 0.41611674 0.41472048 -0.39485875 0.57730162 0.4749538 -0.10814363 0.34379411 0.49010938 -0.40380937 0.5990876 0.44859168 -0.19263312 0.32762179 0.42531541 -0.56965584 0.48990846 0.543019 0.07491006 0.38067281 0.52981555 -0.07480247 0.58842057 0.62534314 -0.34672117 0.3742047 0.62760568 -0.63624257 0.56292379 0.73305231 -0.06352226 0.34161618 0.74933702 -0.36355186
0.59119749 0.43286851 -0.2171243 0.41610512 0.42609873 -0.43410841 0.57397044 0.47513971 -0.07438353 0.34340706 0.49837914 -0.41998199 0.59826881 0.45653936 -0.10421401 0.32763848 0.43419898 -0.57075548 0.48973835 0.54984379 0.07559258 0.38071549 0.53692836 -0.07542935 0.59403414 0.62923253 -0.34787774 0.37435919 0.6298694 -0.68610799 0.56333399 0.73319262 -0.02064778 0.34103158 0.74997979 -0.38361174
0.58997071 0.4319163 -0.18216547 0.41560346 0.42951423 -0.44622433 0.57251638 0.47063452 0.12214673 0.34057644 0.50169003 -0.4319672 0.59756255 0.45613888 0.19632111 0.32709044 0.43787903 -0.54735976 0.48975947 0.54921687 0.07770146 0.38119748 0.53739065 -0.07764597 0.59501648 0.63000655 -0.35990855 0.37425011 0.63029754 -0.67358512 0.56348991 0.73461092 -0.02123108 0.34063634 0.74993873 -0.37641725
0.58770317 0.43972284 -0.183283 0.4146972 0.43748647 -0.45778763 0.57115239 0.48654234 0.15467875 0.33831033 0.50743115 -0.43475392 0.59761423 0.46117556 0.28081691 0.32340279 0.44183204 -0.53114456 0.49016702 0.55608398 0.07871345 0.38154566 0.54406583 -0.07873764 0.59842229 0.6323278 -0.36593658 0.37421182 0.63205665 -0.71323264 0.56415236 0.7349875 0.00372925 0.34021336 0.74987066 -0.36366624
0.58610541 0.45486435 -0.21375151 0.41454425 0.45424196 -0.51120538 0.57029504 0.48768678 0.21935911 0.33775547 0.52241552 -0.54351383 0.59751678 0.47305062 0.49794057 0.32312569 0.45738241 -0.66584557 0.49019578 0.56903327 0.07870826 0.38170427 0.55911386 -0.07884928 0.60158175 0.63620675 -0.38399553 0.37695253 0.63535655 -0.69288284 0.56620795 0.73492026 0.02544614 0.34021339 0.74981129 -0.34739223
0.58569169 0.45808107 -0.15457495 0.41378945 0.45662406 -0.40466732 0.57056028 0.49523476 0.1810261 0.33783138 0.52293694 -0.42881718 0.59869379 0.47223446 0.30070749 0.32280558 0.45982775 -0.58469117 0.48963961 0.57278597 0.07600468 0.3814567 0.56264722 -0.07608798 0.60126114 0.63555825 -0.42400432 0.37711132 0.63525307 -0.72887099 0.56626296 0.73543864 -0.09290491 0.34004176 0.74987632 -0.45634064
0.58514416 0.46953219 -0.19919251 0.41375506 0.47217971 -0.50679642 0.57041943 0.49246857 0.22672889 0.335439 0.53651124 -0.52083802 0.60043633 0.48168072 0.49053875 0.32231262 0.47171351 -0.60830796 0.48584884 0.58351326 0.07723946 0.37870908 0.57538223 -0.07735311 0.60386276 0.63614726 -0.50343531 0.37710556 0.63677663 -0.78238112 0.56622845 0.73539776 -0.12430301 0.33999792 0.74986178 -0.45040381
0.58276141 0.47189966 -0.19080962 0.41383734 0.47255775 -0.43145847 0.57145846 0.51161355 -0.13373621 0.3343029 0.53622431 -0.54544991 0.60112703 0.48203436 -0.30191699 0.32125947 0.47226581 -0.78364503 0.48212993 0.58776623 0.08104201 0.37510902 0.58048087 -0.08073972 0.60438102 0.63704854 -0.45444947 0.37741303 0.63645399 -0.85818082 0.56553102 0.73535025 -0.09096871 0.33982909 0.74987864 -0.59823436
0.58276939 0.48557559 -0.1698657 0.41385788 0.48877609 -0.45868307 0.5698238 0.51784074 0.20008361 0.33463326 0.5494228 -0.47960827 0.60060412 0.4960247 0.36706877 0.31993213 0.48783144 -0.57220656 0.47800344 0.59821308 0.09099051 0.37123293 0.59202552 -0.09086997 0.60784715 0.63855356 -0.42308047 0.38022205 0.637851 -0.84007812 0.56554967 0.73545843 -0.05190899 0.33963025 0.75006694 -0.5433954 
0.5815751 0.4931353 -0.16083843 0.41269302 0.49779135 -0.4365342 0.56971031 0.52352428 0.14441709 0.33460048 0.55627245 -0.46695518 0.60018283 0.50057852 0.2327348 0.31987461 0.49816528 -0.56045055 0.4737772 0.60549444 0.09366909 0.36810511 0.60040915 -0.09345524 0.61441314 0.63986242 -0.42478672 0.38086653 0.63996327 -0.85762942 0.5655356 0.73552668 -0.0502005 0.33962575 0.7510646 -0.5524292 
0.58039677 0.501472 -0.19810912 0.41301104 0.50364119 -0.42339835 0.5698477 0.53725225 -0.02512017 0.33471692 0.5622471 -0.35086882 0.60018921 0.50929856 -0.04474247 0.31965601 0.50219655 -0.30728748 0.47498372 0.60843271 0.0839202 0.36920142 0.60372728 -0.08334989 0.61885273 0.64172918 -0.44902208 0.38084224 0.63962102 -0.84003514 0.56617069 0.73497272 -0.06436171 0.339623 0.75202501 -0.521357 
0.5782392 0.50696999 -0.20354176 0.41302887 0.51059049 -0.45858383 0.56982654 0.5394057 0.01365425 0.3338972 0.56716466 -0.46313709 0.60005194 0.51415956 0.15833777 0.31974566 0.5054993 -0.47432035 0.47574508 0.61057812 0.08403166 0.36935064 0.60790634 -0.08356038 0.61988425 0.64187145 -0.43583238 0.38286605 0.63985562 -0.81713593 0.56616348 0.73496479 -0.06322021 0.33980116 0.75224954 -0.49726748
0.57805043 0.51418489 -0.22427469 0.41197431 0.51762235 -0.46618626 0.56974721 0.54099327 0.08456507 0.33402973 0.57276922 -0.38931483 0.6002382 0.52008945 0.2699973 0.31982124 0.51299554 -0.32383159 0.47626212 0.61521232 0.07563268 0.36956257 0.61140698 -0.07529822 0.62215614 0.64264911 -0.42759526 0.38263541 0.64119273 -0.79532617 0.5662244 0.73495901 -0.0341139 0.33984801 0.75224227 -0.43860799
0.57807076 0.52240622 -0.22594467 0.41199815 0.52354228 -0.46318603 0.57054055 0.54923439 0.09490498 0.33400896 0.5776273 -0.43495092 0.60078156 0.52557123 0.27979925 0.31984916 0.51891857 -0.43207619 0.47769848 0.62024772 0.07125869 0.37134194 0.61468256 -0.07102492 0.62357718 0.64315444 -0.42820236 0.38247076 0.64122897 -0.78602988 0.56646705 0.73514396 -0.03429031 0.34013984 0.75222224 -0.44404009
0.57697314 0.52292496 -0.21445447 0.412025 0.52370203 -0.45065242 0.57055628 0.55594599 0.08081499 0.33377632 0.57893109 -0.42454535 0.60078329 0.52698112 0.21307433 0.31983274 0.52012426 -0.45447442 0.47766525 0.6211127 0.07154999 0.37159178 0.61486053 -0.07132226 0.62284857 0.64352828 -0.41759181 0.383059 0.641096 -0.76721013 0.56645912 0.73571718 -0.01628188 0.34023321 0.75225765 -0.43295693
0.57719064 0.53271949 -0.2434593 0.41140941 0.53297436 -0.46263358 0.57485241 0.55904573 0.08145171 0.33270529 0.58789611 -0.48003387 0.60130376 0.53480065 0.30128473 0.32155472 0.52819943 -0.58008194 0.48117059 0.62809122 0.06524286 0.37790936 0.6227234 -0.06515745 0.62549013 0.64396316 -0.43941012 0.37915221 0.64084888 -0.7675519 0.56656182 0.73570406 -0.02058909 0.34076655 0.75213897 -0.42860886
0.57728958 0.53824961 -0.2261776 0.41102773 0.53818488 -0.43646955 0.581451 0.57003313 0.07391602 0.33185157 0.5934515 -0.48778167 0.60367692 0.54097599 0.24225219 0.32153299 0.5364421 -0.65551007 0.4861635 0.63426536 0.06126157 0.38653982 0.62999064 -0.06123345 0.62774998 0.64394563 -0.45555672 0.37102461 0.64087719 -0.78230226 0.56655943 0.73564547 -0.04189936 0.34141004 0.75216764 -0.43136787
0.5773384 0.54222858 -0.20062478 0.41147295 0.54394013 -0.42591187 0.58092642 0.56342447 0.09700485 0.33055592 0.59677923 -0.5209437 0.60491908 0.54369444 0.28252041 0.32061628 0.54035413 -0.72207022 0.49130696 0.64067566 0.06022686 0.39356694 0.63613951 -0.06023724 0.62932628 0.64458466 -0.45225999 0.36295167 0.64087713 -0.78241241 0.56626683 0.73690867 -0.0940092 0.34194657 0.7525025 -0.48951948
0.57746786 0.54530054 -0.17784502 0.4114446 0.54563779 -0.41501266 0.58213603 0.57282746 0.0937749 0.33030012 0.5994761 -0.51980311 0.60529822 0.54540992 0.2541329 0.32090467 0.54281402 -0.73411238 0.49184656 0.64280075 0.06130011 0.39319485 0.63734174 -0.06128995 0.63020587 0.6447168 -0.46319926 0.36269864 0.63972574 -0.78620958 0.56584299 0.73689365 -0.11918057 0.34232584 0.75270087 -0.50084424
0.57790488 0.54872322 -0.18151991 0.41140383 0.55020404 -0.41692388 0.58700496 0.57124346 0.09193566 0.322923 0.60377342 -0.54299086 0.60556197 0.54744178 0.26756105 0.32091343 0.5482167 -0.76205391 0.49720493 0.64700776 0.05843713 0.39894149 0.64192927 -0.058504 0.63201946 0.64490235 -0.47225955 0.36110201 0.64073873 -0.78360969 0.5648157 0.73685342 -0.11769625 0.34326842 0.75410867 -0.49606827
0.5787828 0.55316311 -0.18039343 0.41141945 0.55487841 -0.41268513 0.59393597 0.57422775 0.0917329 0.32225662 0.60678422 -0.53713185 0.60689998 0.54888469 0.28832132 0.32091922 0.54877067 -0.77190125 0.50171357 0.65162385 0.05278152 0.40358156 0.64860451 -0.05287499 0.63242227 0.64574438 -0.49536669 0.36012 0.64241105 -0.77650714 0.56448734 0.73743153 -0.14943348 0.34331819 0.7556231 -0.49014926
0.57880366 0.55719846 -0.16448338 0.41133353 0.55748785 -0.39762121 0.59539348 0.57919347 0.09618425 0.32185718 0.61022019 -0.52654576 0.60714883 0.55244595 0.29459244 0.32130024 0.55077451 -0.73875242 0.50439507 0.65447497 0.05199518 0.40366077 0.65130132 -0.05210294 0.63298559 0.64598262 -0.4790816 0.3614043 0.64339149 -0.73907375 0.56448424 0.73708516 -0.12255481 0.34337318 0.75549573 -0.43658677
0.57967192 0.55994308 -0.15119202 0.41133755 0.56071049 -0.39052719 0.590783 0.57411975 0.12538226 0.3213501 0.61300117 -0.51713866 0.60730815 0.55619448 0.34163454 0.3226659 0.55498087 -0.71685398 0.50755 0.65656412 0.0515508 0.40414017 0.65514624 -0.05169141 0.63262135 0.64585197 -0.47171122 0.36221504 0.64506823 -0.72631681 0.56464183 0.73699588 -0.11196173 0.34363583 0.75545627 -0.42228484
0.58268493 0.56413847 -0.15304837 0.41131729 0.5642181 -0.37393326 0.59064394 0.59269607 0.0917659 0.32171997 0.61523324 -0.51194185 0.60728866 0.55847967 0.26252046 0.32279968 0.55885112 -0.7187382 0.51203752 0.65921861 0.05000555 0.40606004 0.6573565 -0.05011661 0.63312089 0.64578795 -0.50021482 0.36215761 0.64669675 -0.72286767 0.56464547 0.73724008 -0.15240252 0.34366307 0.75562221 -0.42336264
0.58492517 0.56485534 -0.11137106 0.41129738 0.56520289 -0.31741646 0.58869946 0.58302784 0.10152952 0.32371199 0.61638355 -0.44838759 0.60755837 0.55918664 0.26012886 0.32397982 0.55903172 -0.68559146 0.51448208 0.65966278 0.05063155 0.40763772 0.65741438 -0.05071835 0.63424152 0.64584464 -0.48938259 0.36250439 0.64764905 -0.71487844 0.56505507 0.73723191 -0.13666113 0.34459931 0.75628954 -0.42923295
0.58674258 0.56350428 -0.09660343 0.41127443 0.56403279 -0.31008214 0.59318024 0.59581286 0.08001068 0.32577261 0.61574209 -0.44622886 0.60752571 0.56048387 0.17307581 0.32431206 0.56067121 -0.67892253 0.51563984 0.65979403 0.05242311 0.41020074 0.65701658 -0.05245345 0.63556677 0.6459251 -0.47136575 0.362914 0.64725411 -0.72577339 0.56528151 0.73747158 -0.14338171 0.34467477 0.75640875 -0.45605505
0.58794588 0.56398141 -0.08725712 0.41115326 0.56329888 -0.29741994 0.59392095 0.60114968 0.02034687 0.32767037 0.61644197 -0.44102532 0.607494 0.56212652 0.02142865 0.32448506 0.56502742 -0.67852139 0.51605731 0.66044545 0.0533639 0.41147736 0.65745294 -0.05330713 0.63592654 0.64638454 -0.47017106 0.36313304 0.64717954 -0.72911674 0.56555349 0.73827803 -0.144091 0.34485957 0.7565918 -0.46148923
0.58939093 0.56080645 -0.09682969 0.41172612 0.56061012 -0.32580855 0.59645581 0.59439635 0.1400962 0.32770205 0.6142624 -0.45272183 0.60768467 0.55935407 0.30610496 0.32498837 0.56188053 -0.68697977 0.5160833 0.65790474 0.05427927 0.411524 0.65463662 -0.05429176 0.63641644 0.64690703 -0.46689984 0.36588547 0.64696521 -0.73075205 0.56578743 0.73863959 -0.11990536 0.34593445 0.75702196 -0.46034467
0.59037346 0.56024665 -0.10690095 0.4129577 0.5569455 -0.33692151 0.60273951 0.58985311 0.1322232 0.32807237 0.61374927 -0.45355359 0.60861862 0.55867195 0.27241275 0.32529771 0.56126189 -0.71304047 0.51542503 0.6565941 0.05734406 0.41025448 0.65428084 -0.05740498 0.63618416 0.64730418 -0.46740115 0.37053087 0.6469236 -0.75666177 0.56656361 0.73865038 -0.0886243 0.34613305 0.75698048 -0.45811123
0.59047198 0.55914319 -0.10221238 0.41344994 0.55514419 -0.33642587 0.60233319 0.587336 0.1248392 0.32810596 0.61362904 -0.46570975 0.60951656 0.55809617 0.26342583 0.32550889 0.56049478 -0.73077726 0.51480865 0.65572387 0.06136374 0.4098098 0.65342909 -0.06143136 0.63615507 0.6475268 -0.45939836 0.37270531 0.64683717 -0.7669127 0.56712067 0.73869616 -0.07583582 0.34619269 0.75695586 -0.45784989
0.59064281 0.55170816 -0.13337627 0.41374567 0.54716873 -0.39363417 0.58767593 0.56839561 0.12690331 0.32826397 0.6046741 -0.5584023 0.61134613 0.55169803 0.26825368 0.32538137 0.55031532 -0.86089587 0.50810122 0.64638537 0.07232063 0.40464234 0.64070117 -0.07246556 0.63609767 0.64748484 -0.45677188 0.37763017 0.64603561 -0.82228667 0.56731921 0.73868078 -0.0464524 0.34616867 0.75684792 -0.49520174
0.59073162 0.5482204 -0.13255002 0.41379252 0.54510623 -0.38872361 0.59410727 0.56969237 0.17069665 0.32999304 0.60272622 -0.52695453 0.61224681 0.54938823 0.35860896 0.32609543 0.5476281 -0.80860251 0.50648397 0.64401239 0.07066345 0.4033958 0.63756204 -0.07080811 0.63598168 0.647879 -0.45756704 0.37842181 0.64604908 -0.80054295 0.56713414 0.73867351 -0.02545506 0.34615928 0.75682729 -0.48545533
0.5915308 0.54333985 -0.1505883 0.41435036 0.54096633 -0.40951756 0.60315114 0.56062275 0.16803275 0.33101717 0.59556001 -0.54825449 0.61329377 0.54220706 0.38863981 0.3260203 0.53978634 -0.81252825 0.5045864 0.63979131 0.07326392 0.40242118 0.63223577 -0.07351133 0.63465577 0.64784849 -0.45459676 0.38217917 0.64584738 -0.83073133 0.56696844 0.73812997 -0.02010698 0.34579548 0.75675702 -0.52114815
0.59141773 0.53925318 -0.16557242 0.41532266 0.53623199 -0.40491524 0.58906066 0.55405545 0.10211429 0.33245152 0.58787793 -0.53213787 0.61365455 0.54104006 0.22554626 0.32600975 0.53363991 -0.7795952 0.50196028 0.63355404 0.0743404 0.4007782 0.6249544 -0.07450999 0.63121194 0.64807552 -0.44812918 0.38763508 0.6458264 -0.82492828 0.56668961 0.73764497 -0.03746287 0.34531093 0.75541264 -0.52404732
0.59081525 0.53429395 -0.15813133 0.41645771 0.5278855 -0.38006446 0.57853633 0.55484879 0.05428846 0.33267868 0.57891047 -0.51513189 0.61355394 0.53710651 0.09655596 0.32577986 0.52312845 -0.76275611 0.49666879 0.62860543 0.07826848 0.39410865 0.61907095 -0.0783461 0.62673271 0.64805192 -0.44454283 0.39537999 0.64478439 -0.81920612 0.56641728 0.7372539 -0.04190939 0.34425092 0.7549578 -0.50724441
0.59075439 0.52819288 -0.13749191 0.41830596 0.51904929 -0.35200873 0.58094633 0.55703181 -0.00235754 0.33331147 0.57370019 -0.44419914 0.6136573 0.53243363 -0.04449568 0.32756576 0.51792723 -0.63062233 0.49429724 0.62205625 0.07848756 0.39334559 0.6123842 -0.07849145 0.62367785 0.64815813 -0.4357824 0.39690188 0.64258778 -0.78330392 0.56614119 0.73707938 -0.07049116 0.34366187 0.75422919 -0.50407779
0.59071791 0.52117509 -0.12899518 0.42083034 0.51201636 -0.36305577 0.58054638 0.55673862 0.09832039 0.33514547 0.57053661 -0.42798164 0.61306673 0.52858526 0.13845354 0.32945514 0.51482451 -0.55806899 0.49109933 0.61624831 0.08356488 0.39159694 0.60565358 -0.08361 0.62206572 0.64826965 -0.42068458 0.39664406 0.6416741 -0.77765566 0.56580633 0.73720473 -0.04769504 0.34334281 0.75416845 -0.48135614
0.58896077 0.51031023 -0.11619777 0.42080039 0.49971995 -0.36794165 0.57957363 0.55548358 0.0997825 0.33498365 0.5588904 -0.45239136 0.61274624 0.51724344 0.16177303 0.32910824 0.50135082 -0.63427484 0.4909482 0.60600919 0.08448982 0.39168715 0.59666342 -0.08456095 0.61773825 0.64751011 -0.42799634 0.39699399 0.64121878 -0.77104104 0.56596816 0.73683983 -0.04248913 0.34385747 0.75411224 -0.4580158 
0.58948284 0.50625604 -0.17478952 0.42057866 0.49721614 -0.39490381 0.57844007 0.53980154 0.10583787 0.33593982 0.55573976 -0.34329668 0.61297536 0.51214677 0.25059831 0.32958624 0.49781635 -0.33563927 0.4915373 0.60480279 0.07936285 0.38876119 0.59338546 -0.07940046 0.61557269 0.64710981 -0.47053263 0.39564344 0.64004433 -0.77161062 0.56608528 0.73680609 -0.05392312 0.34420571 0.75404614 -0.44475299
0.59215349 0.50107849 -0.2427367 0.41924185 0.49579084 -0.4394812 0.57217175 0.53299779 0.08832707 0.33588633 0.55153126 -0.31264734 0.61073345 0.50830799 0.26336861 0.32947278 0.49027073 -0.22382121 0.49218503 0.60009217 0.07557129 0.38791195 0.58954793 -0.07555234 0.6131919 0.64667892 -0.47524855 0.39593697 0.63945413 -0.75011176 0.56606847 0.7368077 -0.05625559 0.34416881 0.75322235 -0.41263881
0.59426391 0.49662197 -0.25757074 0.41897386 0.48916769 -0.4567565 0.56866097 0.52817482 0.08749658 0.33633032 0.54515463 -0.2722784 0.61074066 0.50473344 0.27897894 0.32968879 0.48452413 -0.11088551 0.49248409 0.59626371 0.07185199 0.38716757 0.58642989 -0.07178714 0.61097336 0.64617938 -0.48546764 0.39709771 0.63916993 -0.75740051 0.56601471 0.73678493 -0.05897182 0.34411919 0.75286502 -0.40980157
0.59444386 0.49090487 -0.22268203 0.41964844 0.48054254 -0.43785438 0.56534088 0.52328283 0.16469985 0.33663025 0.53947884 -0.32789311 0.61149615 0.50107795 0.35517165 0.32984066 0.47749323 -0.27769485 0.49228594 0.59188598 0.07389422 0.38628349 0.58147258 -0.07382655 0.60738176 0.64505213 -0.47261333 0.39912555 0.63820338 -0.75773269 0.56598061 0.73668522 -0.05882752 0.34393683 0.75176215 -0.41292521
0.59590507 0.48624837 -0.20244998 0.42162675 0.47598404 -0.43010581 0.56770426 0.5198139 0.13851856 0.33637953 0.53619832 -0.36031479 0.61235321 0.49501908 0.29452142 0.32979447 0.47641975 -0.38024548 0.49216756 0.58975142 0.07396118 0.38423237 0.57839328 -0.07389045 0.6046865 0.64356267 -0.4732292 0.39943886 0.63443249 -0.77902901 0.56597984 0.73666823 -0.06515137 0.34320125 0.75122815 -0.47202626
0.59718728 0.47875375 -0.19447608 0.42363775 0.46844652 -0.43920299 0.57182425 0.51205122 0.13805433 0.33634281 0.53216243 -0.5483368 0.61432576 0.48962083 0.2913636 0.33064309 0.47329152 -0.79720092 0.49226841 0.58441097 0.07841115 0.38448435 0.57332718 -0.07842214 0.60287386 0.64236271 -0.468546 0.40025705 0.63447797 -0.77889502 0.56596291 0.73667878 -0.06537038 0.34249559 0.75112188 -0.4798246 
0.59939957 0.47363415 -0.21695665 0.42410743 0.46448469 -0.47677732 0.57223761 0.50483543 0.13719776 0.33630741 0.53113747 -0.50311244 0.61477441 0.48481333 0.31390306 0.33085117 0.46998346 -0.62934226 0.49244389 0.578363 0.08033168 0.38439703 0.56696475 -0.08034614 0.60174334 0.64184564 -0.46788225 0.39983633 0.63239092 -0.77402443 0.56549305 0.73644471 -0.06532378 0.34213361 0.75078267 -0.48143768
0.60241705 0.46562591 -0.24591327 0.42761153 0.45946476 -0.50149494 0.57316345 0.48686466 0.16387329 0.3349112 0.52562946 -0.47640032 0.61647534 0.47848621 0.38869271 0.33315873 0.46030295 -0.57438201 0.49267438 0.57180631 0.08000252 0.38454187 0.56112969 -0.08001803 0.60023189 0.64057219 -0.42612955 0.39989868 0.63172215 -0.7353878 0.56493104 0.73636544 -0.01894327 0.34214804 0.75046563 -0.44710281
0.60309309 0.45972344 -0.22652246 0.42946473 0.4537521 -0.48944888 0.57448918 0.48057061 0.19044288 0.33478436 0.52113605 -0.43030187 0.61744249 0.47092721 0.39295441 0.33571205 0.45568746 -0.45373654 0.49271047 0.56702149 0.08113123 0.38468659 0.55630392 -0.0811453 0.59910667 0.63867778 -0.40560949 0.40143368 0.63212788 -0.71349198 0.56409687 0.73634815 -0.01466415 0.34215361 0.75026089 -0.41539836
0.60481471 0.45633206 -0.21872792 0.43156737 0.44694388 -0.4758918 0.57461977 0.48395535 0.17405207 0.33476099 0.51539403 -0.47511128 0.61774302 0.46762753 0.35938725 0.33613178 0.45092529 -0.60678816 0.49277869 0.56305885 0.0824547 0.38480568 0.55141503 -0.08253635 0.59787518 0.6364888 -0.4032594 0.40085787 0.63254368 -0.69267887 0.56406564 0.73612845 -0.02638052 0.34215647 0.74918294 -0.40698797
0.60451531 0.44947851 -0.20584093 0.43407822 0.44202921 -0.4803651 0.57963687 0.47459513 0.22910431 0.33647484 0.50960428 -0.5159111 0.62165719 0.46337637 0.46510166 0.33827603 0.4439792 -0.67519653 0.49320629 0.55862647 0.08413512 0.38569477 0.54765511 -0.08431965 0.59637266 0.63486856 -0.39592236 0.40077099 0.63277143 -0.6760869 0.56406713 0.7358585 -0.03235462 0.34215885 0.74927443 -0.40394509
0.60670996 0.44584501 -0.22975425 0.43635514 0.43687895 -0.49616683 0.58239424 0.47364667 0.18679984 0.33704197 0.50411355 -0.51661879 0.6228779 0.46022254 0.36449653 0.34125906 0.43925852 -0.66315484 0.49373186 0.55447638 0.08397774 0.38605037 0.54224306 -0.08414337 0.59579438 0.6327253 -0.42630455 0.40033391 0.63290286 -0.68470323 0.56412911 0.735865 -0.08995901 0.34209743 0.74930698 -0.39460295
0.60704529 0.44129032 -0.22604166 0.43701753 0.43110275 -0.51525545 0.58224875 0.471138 0.21460921 0.33794737 0.49981186 -0.55831963 0.62262267 0.45698398 0.44856673 0.34103149 0.43435112 -0.72922915 0.49376482 0.54974651 0.08644584 0.38662004 0.53756124 -0.08674388 0.59517348 0.63196164 -0.41457483 0.39801434 0.63300681 -0.66937083 0.56420827 0.73588592 -0.08463024 0.34204563 0.74929547 -0.37505904
0.61008775 0.4360469 -0.20492446 0.43843752 0.42271993 -0.44728497 0.581029 0.47331256 0.07865417 0.34806022 0.49127918 -0.43554255 0.62231773 0.45566362 0.08659712 0.34064364 0.42707029 -0.58061123 0.49439347 0.54869825 0.0864517 0.38803291 0.53408027 -0.08664669 0.59352678 0.63133407 -0.40609792 0.39665252 0.63302618 -0.66626847 0.56418443 0.73566371 -0.08463485 0.34217763 0.74822146 -0.39344013
0.61114711 0.43009725 -0.20255357 0.43891615 0.41630894 -0.40423757 0.58119071 0.47138777 -0.00947457 0.35146666 0.48631236 -0.35890344 0.62221587 0.44924411 -0.09242985 0.3415837 0.41988236 -0.46707788 0.49539545 0.54515731 0.08368238 0.38925302 0.5308705 -0.08362935 0.59179968 0.63042778 -0.37079662 0.39570355 0.63277787 -0.61072487 0.56432652 0.73564267 -0.08167645 0.34218359 0.74828225 -0.34576127
0.61248779 0.42486748 -0.19903091 0.43933842 0.40965804 -0.38546807 0.58232933 0.46866658 -0.09245852 0.35543445 0.48049396 -0.30383033 0.62203985 0.44744685 -0.2669239 0.34248164 0.41641235 -0.34511194 0.49673536 0.54150379 0.07668394 0.39007542 0.52729183 -0.07648141 0.59147358 0.62930655 -0.36805093 0.39294901 0.63254416 -0.57577127 0.56433892 0.73562568 -0.08007553 0.34226337 0.74825728 -0.30490375
0.61463612 0.42180547 -0.19605593 0.44007057 0.40383253 -0.33980116 0.58430034 0.47310001 -0.18868819 0.35653615 0.4722214 -0.26661691 0.62192631 0.44480771 -0.46614555 0.34387061 0.40878853 -0.34314799 0.49783817 0.53843194 0.07018432 0.3910504 0.52408338 -0.06992461 0.5906384 0.62713283 -0.36855027 0.3899051 0.63047349 -0.59156102 0.56468046 0.73506045 -0.11815359 0.34233448 0.74809527 -0.33972201
0.61488861 0.41740158 -0.19668129 0.44163084 0.3974458 -0.29627654 0.586357 0.47348306 -0.37352765 0.3585647 0.46463215 -0.20436034 0.62181526 0.43833521 -0.85004157 0.34544435 0.40174577 -0.27447918 0.4980427 0.53364193 0.06564404 0.39165923 0.51880234 -0.06544705 0.58781821 0.62486017 -0.33579478 0.3866545 0.62828201 -0.54986233 0.56496418 0.73376346 -0.08051054 0.34232152 0.74774468 -0.32268107
0.61446977 0.4105604 -0.164371 0.44278371 0.39112288 -0.28453484 0.58109558 0.46965656 -0.34583208 0.35857573 0.45726398 -0.30885869 0.62176937 0.43314353 -0.83517528 0.34683537 0.39408213 -0.67300826 0.4981769 0.53000492 0.06681268 0.39268401 0.51518732 -0.06661661 0.58636022 0.62341183 -0.28896281 0.38589162 0.62662917 -0.50792968 0.56504649 0.73370427 -0.04389961 0.34228793 0.74774873 -0.30190557
0.61210436 0.40142366 -0.09700885 0.44279853 0.38285795 -0.26282305 0.57126254 0.46520349 -0.24876848 0.35963219 0.45182732 -0.41361055 0.62159455 0.42150432 -0.68169737 0.34900242 0.38962385 -0.78866595 0.49833933 0.52528214 0.06783356 0.39364651 0.51198637 -0.06762999 0.5835138 0.6223281 -0.18262188 0.38299811 0.62657452 -0.3723807 0.5650506 0.73375928 0.06160508 0.34222919 0.74713385 -0.16917913
0.61205024 0.39278138 -0.07069805 0.44372761 0.3749266 -0.20183438 0.56764662 0.46122915 -0.25696218 0.35994154 0.4452236 -0.41442159 0.6223985 0.41432482 -0.71115375 0.3499206 0.37970209 -0.85181737 0.49923083 0.52049768 0.06478503 0.39461952 0.50798869 -0.06482358 0.58090347 0.62048882 -0.1511225 0.3810786 0.62694579 -0.2666221 0.56530571 0.73389053 0.10279935 0.34214261 0.74683195 -0.04540927
0.61193907 0.38473013 -0.05173735 0.44344229 0.36717159 -0.17203832 0.56527805 0.45719445 -0.26958436 0.35994694 0.44019663 -0.40468222 0.62269753 0.40851241 -0.77417797 0.3495504 0.37348789 -0.82349861 0.50147617 0.51544762 0.06455619 0.39706689 0.50351542 -0.06465238 0.57655501 0.61958057 -0.02028742 0.38010082 0.62590593 -0.26261681 0.56537676 0.73413789 0.23644026 0.34200644 0.74681443 -0.08465613
0.61188632 0.37688166 0.02707077 0.44323197 0.35987222 -0.12304765 0.56465536 0.44880673 -0.24667384 0.36000186 0.43410194 -0.33895221 0.62265128 0.40150064 -0.60428816 0.34951177 0.36556119 -0.73999071 0.50315547 0.51157773 0.06703448 0.39880002 0.49999794 -0.06718278 0.57506073 0.6202203 0.04795164 0.37936854 0.62529999 -0.24452986 0.56534791 0.73464787 0.29327622 0.34189135 0.74627084 -0.09615599
0.61101699 0.36760634 0.03368184 0.44310763 0.35231006 -0.12586455 0.55971307 0.44146806 -0.17783058 0.36002719 0.42931256 -0.34967721 0.62090337 0.39748582 -0.58032608 0.35084632 0.35808477 -0.79736382 0.50522095 0.50815529 0.07207943 0.40092215 0.49695712 -0.07230014 0.56991488 0.61885267 0.10719103 0.37954742 0.6251654 -0.21214266 0.56535047 0.7339257 0.3920795 0.3416155 0.74603766 -0.04344766
0.60724086 0.36016205 0.09665266 0.44334835 0.34536684 -0.06538361 0.55592322 0.43668014 -0.04212865 0.36001664 0.42499891 -0.27908313 0.6188466 0.39318427 -0.4139106 0.35343063 0.35448852 -0.74351472 0.50731289 0.50359571 0.07555393 0.40295914 0.49291131 -0.07579524 0.56529838 0.61678666 0.09839813 0.37962973 0.62432998 -0.15847923 0.5654121 0.73350662 0.33343047 0.34079373 0.74601972 -0.00412255
0.6048497 0.3517831 0.12293319 0.44334194 0.3359758 -0.01890457 0.54695028 0.4275074 -0.01049658 0.36005121 0.41949907 -0.21403626 0.61710674 0.38402653 -0.35881823 0.35306123 0.34424031 -0.59642565 0.51020938 0.50029022 0.07819689 0.40644184 0.48993972 -0.07842393 0.55523789 0.61757052 0.08396667 0.38010162 0.62437493 -0.13107347 0.56537163 0.73295176 0.33090708 0.34081364 0.74592191 0.04639804
0.60403925 0.3503457 0.11762972 0.44341701 0.33377421 -0.00188777 0.54607642 0.42742318 -0.02886369 0.36080194 0.41827604 -0.20016766 0.61660576 0.38213375 -0.3956852 0.35301697 0.34345582 -0.60582763 0.51147622 0.49936587 0.07804038 0.40795955 0.48862273 -0.0782565 0.55157489 0.61804295 0.08370088 0.38018858 0.62390518 -0.13101101 0.56505066 0.73271048 0.35770324 0.3414951 0.74601382 0.06802723
0.60444152 0.34908766 0.12766144 0.44226694 0.33237621 0.05889018 0.54866648 0.42527249 0.04028653 0.36097807 0.41670862 -0.09894264 0.62582618 0.38353497 -0.22482188 0.35226399 0.34055176 -0.45130369 0.51312989 0.49734274 0.06007266 0.40873185 0.48662335 -0.06027675 0.54806101 0.61766517 0.04105758 0.38040406 0.62294215 -0.1300569 0.56498271 0.73166364 0.28269419 0.34209061 0.74610305 0.03269614
0.60450512 0.34696406 0.1431402 0.44169775 0.33090746 0.048926 0.55033314 0.42336041 -0.00282195 0.36138543 0.41537493 -0.12973492 0.62504262 0.37736443 -0.32388997 0.35012022 0.33961436 -0.51382238 0.51549506 0.49638483 0.06127855 0.4100489 0.48593134 -0.06144378 0.54317164 0.61650592 0.08515608 0.38185483 0.62172914 -0.13308457 0.56398666 0.73166931 0.33833423 0.34259334 0.74611503 0.02511811
0.60385305 0.34448805 0.1602544 0.44166082 0.33045024 0.06045796 0.55146778 0.41992524 -0.02631432 0.36209548 0.41457573 -0.12512292 0.62497282 0.37441128 -0.42584845 0.34952152 0.33964485 -0.5190925 0.51653022 0.49412167 0.06239421 0.41139472 0.48353979 -0.06255163 0.53866333 0.61500168 0.058909 0.38191518 0.62098563 -0.13268925 0.56291735 0.73101574 0.30002493 0.34277698 0.74618715 0.0400544 
0.60451019 0.34476954 0.20020746 0.43822998 0.33126244 0.10410814 0.56099504 0.41784084 0.00370846 0.36203048 0.41538152 -0.08095612 0.62648833 0.37044865 -0.3834947 0.34694839 0.34167346 -0.46005812 0.51922673 0.49449241 0.06319938 0.41232064 0.4833211 -0.0633563 0.53437108 0.61514169 0.07707706 0.38160568 0.62061405 -0.13295156 0.56248355 0.73214543 0.28872845 0.34263968 0.74632877 0.01314258
0.6043753 0.34570757 0.23270895 0.43601054 0.33103037 0.13522783 0.55738175 0.42046463 0.03709109 0.36197519 0.4141157 -0.05755088 0.62067527 0.37504008 -0.35233569 0.34661075 0.34178796 -0.44114193 0.51945418 0.49412668 0.06642608 0.41262296 0.48306558 -0.06660234 0.53299618 0.61570847 0.07234477 0.38037196 0.62010282 -0.13424248 0.56215626 0.73249722 0.28788999 0.34260541 0.74707693 0.02118164
0.60242826 0.34644803 0.2300514 0.43609861 0.33096156 0.09959872 0.55459934 0.41970167 0.08194014 0.36267588 0.41395202 -0.08068449 0.62348247 0.37524587 -0.25455514 0.34669328 0.34352109 -0.4318063 0.51919925 0.49377155 0.0763585 0.41324371 0.48272151 -0.07648299 0.53032255 0.61601377 0.1116285 0.38037813 0.61875135 -0.14171635 0.56157833 0.73249429 0.30963725 0.34237766 0.74725503 -0.02052996
0.6013549 0.34604901 0.22660935 0.43618619 0.33155915 0.11016166 0.55517232 0.41991758 0.05213599 0.36263168 0.41514155 -0.07315791 0.62267578 0.37567863 -0.29792055 0.34588051 0.34347677 -0.42533374 0.51923758 0.49333537 0.07619485 0.41369876 0.48251924 -0.07632567 0.52918732 0.6162231 0.09431534 0.37991092 0.61828721 -0.13311726 0.56099159 0.73250312 0.30029923 0.34225422 0.74698263 -0.01236463
0.60140675 0.34641531 0.23847643 0.43611962 0.33228058 0.12102655 0.55731511 0.42010415 0.05742342 0.36281896 0.41635364 -0.05748397 0.62256712 0.3748011 -0.28670731 0.34587649 0.34451401 -0.39525306 0.51929086 0.49322566 0.07700313 0.41380298 0.48258665 -0.07716384 0.52728152 0.61631721 0.10613722 0.37902975 0.6178261 -0.14644198 0.56102622 0.73347014 0.2938796 0.34215531 0.74710715 -0.07481763
0.60145277 0.34618089 0.24431078 0.4360517 0.3325181 0.13125475 0.55956912 0.41702205 0.05126258 0.36363074 0.41709659 -0.04404956 0.62208623 0.37460673 -0.30332923 0.34603897 0.34499949 -0.38172179 0.51934272 0.49270436 0.07684097 0.41395986 0.48244581 -0.07700035 0.52645516 0.61647236 0.10463943 0.37764043 0.6178391 -0.14553565 0.56113046 0.73370278 0.29038975 0.342089 0.74756277 -0.06600044
0.60095328 0.34628063 0.22939393 0.43608671 0.33251101 0.12387533 0.55998361 0.41707459 0.05245588 0.3651104 0.41758174 -0.04827425 0.62204635 0.37619263 -0.28119177 0.3464798 0.34535217 -0.38376844 0.51929009 0.49235603 0.07361056 0.41422608 0.48201317 -0.07378747 0.52646506 0.61653119 0.09203263 0.37623012 0.61792684 -0.13666253 0.56116408 0.73342228 0.28706965 0.34209883 0.74773657 -0.06328072
0.6007359 0.34608367 0.22248366 0.43584082 0.33275002 0.11489964 0.56100166 0.41469362 0.05186398 0.36567387 0.4179022 -0.05392907 0.64422727 0.37670189 -0.28783146 0.3465561 0.34567016 -0.39222106 0.51917166 0.49249491 0.07189776 0.41417831 0.4820765 -0.07204574 0.52661622 0.61654693 0.08676263 0.37530312 0.61800724 -0.12335201 0.5611617 0.73307717 0.29111007 0.34210616 0.7477057 0.0028406 
0.60038793 0.34602225 0.22247614 0.43546462 0.33286425 0.11930054 0.56150436 0.41347763 0.04660806 0.36607149 0.41814288 -0.05032383 0.65684718 0.37761176 -0.29768139 0.34656399 0.34589344 -0.39074376 0.51906621 0.49240452 0.06831842 0.41409862 0.48193875 -0.0684395 0.52668625 0.61664033 0.07897281 0.37487441 0.61804396 -0.11743093 0.56112456 0.73307574 0.26968291 0.34214109 0.74767977 0.02212502
0.59982473 0.34601262 0.23438142 0.43526652 0.33307663 0.11770955 0.56249243 0.4118515 0.04543633 0.36608675 0.41831002 -0.05581989 0.66746694 0.37730485 -0.30425203 0.34656301 0.34604219 -0.39515868 0.51866227 0.49249601 0.06883648 0.41376141 0.48207888 -0.06893935 0.52660429 0.6166876 0.09574734 0.37464732 0.61812341 -0.12089588 0.56111151 0.73280501 0.28471196 0.34230047 0.74774033 0.00839013
0.59902257 0.34618503 0.24058114 0.43497333 0.33323234 0.1234737 0.56303698 0.41114601 0.0458102 0.36608103 0.41845173 -0.05513682 0.67093992 0.37628946 -0.30549228 0.34651467 0.34612924 -0.39631674 0.51863271 0.49235851 0.06892202 0.41363361 0.48192757 -0.06902681 0.52658403 0.6167559 0.09325147 0.37453786 0.61818886 -0.12114242 0.56102598 0.73227912 0.2894533 0.34236526 0.74773705 0.00245316
