0.66343039 0.31628388 0.15935446 0.49919784 0.32142922 0.18036245 0.69373131 0.38869429 -0.08437369 0.48960826 0.38185951 -0.05527073 0.70507723 0.35236862 -0.45200098 0.46516943 0.34982914 -0.45788798 0.6408602 0.46433219 -0.0187167 0.55014688 0.46430817 0.01875564 0.65268958 0.61436737 -0.08416649 0.5164727 0.60781944 -0.02824019 0.66774076 0.7509346 0.05043909 0.4667497 0.73388326 0.12669331
6.76900268e-01 3.24664325e-01 1.93757460e-01 4.84659195e-01 3.25656325e-01 2.03994066e-01 7.00265050e-01 4.00129139e-01 -4.87970822e-02 4.82879370e-01 3.94426227e-01 -2.93170158e-02 7.21777260e-01 3.54774922e-01 -4.18457597e-01 4.49123979e-01 3.53984445e-01 -4.15233612e-01 6.43912077e-01 4.66826349e-01 -4.97815454e-05 5.35409033e-01 4.68285382e-01 3.45309891e-05 6.58729076e-01 6.14430726e-01 -6.19533099e-02 5.07254004e-01 6.11186385e-01 -5.75135574e-02 6.72414899e-01 7.46653438e-01 5.97081371e-02 4.56793278e-01 7.35553026e-01 1.14975743e-01
0.67976284 0.32601565 0.13927779 0.48166442 0.32525024 0.18433297 0.7074405 0.3997348 -0.06813671 0.47890285 0.39268085 -0.03099415 0.72034025 0.36332229 -0.48570082 0.45398757 0.35598934 -0.46316114 0.64800614 0.47266924 -0.00714423 0.53424352 0.47410136 0.00715959 0.66175157 0.61898941 -0.06948499 0.50459087 0.6149202 -0.06949353 0.67950934 0.7458908 0.1641061 0.45363396 0.73592705 0.19781852
0.68085521 0.32714596 0.12650257 0.48450437 0.32895932 0.1753566 0.71017367 0.40063789 -0.0624237 0.47643098 0.39937156 -0.02813459 0.73086149 0.36873561 -0.46217024 0.44609016 0.35657084 -0.48819253 0.6488384 0.47377586 -0.00734568 0.53278261 0.47571772 0.00737606 0.66148901 0.61943984 -0.07145947 0.5023104 0.61831695 -0.07572726 0.67782611 0.74546432 0.13727675 0.45314032 0.73834717 0.17806149
0.68315476 0.32529512 0.16065961 0.48613715 0.32763118 0.21671781 0.71418601 0.39681372 -0.00173472 0.47936994 0.40303198 0.02603897 0.72385997 0.3851819 -0.39260933 0.44051018 0.35079259 -0.42402604 0.64851207 0.47623327 -0.01128894 0.52995598 0.47751573 0.01133553 0.65917951 0.61934125 -0.08042813 0.50371277 0.61868221 -0.09108799 0.68106967 0.74605393 0.1201099 0.45272547 0.74007231 0.1499339 
0.6844278 0.32460243 0.09402756 0.48582011 0.32795772 0.15422603 0.71077847 0.39421862 -0.08791971 0.48823068 0.40114099 -0.08925994 0.71123016 0.40013692 -0.55608249 0.45138887 0.35730848 -0.59787643 0.6489771 0.47654578 -0.00990027 0.53116739 0.47781906 0.00996863 0.65973592 0.61897999 -0.09816813 0.50172955 0.61884004 -0.09964748 0.68255091 0.74395871 0.09719586 0.45324332 0.74063247 0.12907334
0.68603319 0.32359108 0.12147938 0.48450559 0.3274627 0.17541707 0.71697354 0.39271843 -0.08713938 0.4789367 0.3990941 -0.03973741 0.71452135 0.38604736 -0.53813517 0.44485641 0.35461119 -0.54359502 0.65007603 0.47782832 -0.01072934 0.53222173 0.47947493 0.01079509 0.65979958 0.61884278 -0.09966356 0.50226861 0.61905015 -0.10497568 0.68331188 0.7455833 0.12151635 0.45237252 0.73985934 0.15171511
0.68215692 0.32432023 0.1631905 0.48716655 0.32732284 0.20334233 0.71852249 0.4002406 -0.02733286 0.48449492 0.40232652 -0.00762286 0.72659194 0.37523428 -0.43892321 0.4388999 0.35034174 -0.46231705 0.6491465 0.47806305 -0.0067124 0.53117365 0.47975972 0.00679655 0.65946901 0.61875373 -0.08602264 0.50333941 0.61815941 -0.10384819 0.68198806 0.74420792 0.17691429 0.45459265 0.73971945 0.18160003
0.68043369 0.32457992 0.17960881 0.4902555 0.3258175 0.24612758 0.71635473 0.40210655 -0.00361537 0.48713821 0.40333024 0.06153032 0.73482001 0.36390248 -0.40981337 0.43347219 0.34842059 -0.40760636 0.6488502 0.4778474 -0.01254302 0.53114492 0.4799141 0.01263214 0.65794647 0.61869037 -0.09460864 0.50189215 0.61796004 -0.09888195 0.6811834 0.7451359 0.15580522 0.45396367 0.73970807 0.18557572
0.68121141 0.32464659 0.18398298 0.49078602 0.32633191 0.25069833 0.71434081 0.40198976 0.00719397 0.4832992 0.40200987 0.06907388 0.73520905 0.36369663 -0.40272984 0.4323594 0.3489176 -0.408557 0.64840078 0.47825015 -0.0130719 0.53014606 0.48029849 0.01318662 0.65764844 0.61853999 -0.08425429 0.50258654 0.61777818 -0.09193394 0.68079495 0.74570829 0.14221777 0.45312753 0.7403748 0.17203501
0.6815111 0.32435289 0.15643699 0.49145886 0.32574493 0.22820263 0.71666253 0.40029281 -0.00508681 0.48208845 0.40006584 0.02526729 0.73369473 0.36267769 -0.44993731 0.43415526 0.34901002 -0.48945764 0.64920634 0.47861269 -0.01144102 0.53161967 0.48027992 0.011564 0.65798706 0.61850083 -0.08968804 0.502873 0.6178692 -0.10126369 0.68028504 0.74544251 0.15748546 0.45207956 0.74094748 0.17783847
0.67953432 0.32485831 0.18002087 0.49260524 0.32555097 0.2484601 0.71669728 0.40244132 0.00169908 0.48564503 0.39911106 0.05549796 0.73913455 0.35654551 -0.39505222 0.4350428 0.34886199 -0.42916769 0.64918768 0.47845313 -0.01150605 0.53179538 0.48003301 0.01164479 0.65775979 0.61825198 -0.08725206 0.50349075 0.61803383 -0.10202791 0.68011194 0.74538141 0.17039256 0.45161027 0.74124312 0.1833867 
0.67970783 0.32543594 0.19351995 0.49343854 0.32568634 0.26335502 0.7152614 0.40415227 0.01108544 0.48284167 0.39815757 0.07483742 0.73889762 0.35580912 -0.36705464 0.43511477 0.34889907 -0.41118935 0.64898801 0.47833353 -0.0107384 0.53172302 0.47979209 0.01086403 0.65768814 0.61805266 -0.08720853 0.50388759 0.61822993 -0.10683328 0.67975998 0.745507 0.16691113 0.45090893 0.74141347 0.18627433
0.67907536 0.32597086 0.2212313 0.49381331 0.32560766 0.27491874 0.71353209 0.40590832 0.02808551 0.48538944 0.39873484 0.08556189 0.73908436 0.35482529 -0.34903708 0.43559766 0.34853607 -0.38766998 0.64909327 0.47824764 -0.00798655 0.53195488 0.47960609 0.00813113 0.65800261 0.61768174 -0.0858606 0.50432479 0.61825436 -0.11256719 0.67929685 0.74509138 0.17060782 0.45018402 0.74135917 0.18794763
0.67922223 0.32660601 0.22768633 0.49392757 0.32576501 0.28141728 0.71432114 0.40739673 0.05233034 0.48604944 0.40195847 0.10992421 0.73884487 0.35472521 -0.30273375 0.4357087 0.34859341 -0.33767214 0.64902347 0.47835094 -0.00748788 0.5318917 0.47953489 0.00761969 0.65825516 0.61762577 -0.08409017 0.50423348 0.61823219 -0.11091544 0.67889327 0.7452051 0.17355666 0.44983897 0.74127954 0.18968071
0.68034732 0.32666209 0.20276107 0.49418154 0.32580009 0.26853794 0.71481216 0.40637353 0.03061108 0.48679277 0.40396404 0.10119042 0.73842156 0.35534361 -0.32436174 0.43602794 0.34848812 -0.3441937 0.64894682 0.47873101 -0.00870252 0.53202063 0.47970465 0.00881959 0.65830773 0.61746424 -0.08394329 0.50398993 0.61819559 -0.10602918 0.67854559 0.74517328 0.1862551 0.4501678 0.7412011 0.20479482
0.68067402 0.32686311 0.20313428 0.49469158 0.32589066 0.27839586 0.71882379 0.4074527 0.02829478 0.48786819 0.40492347 0.11729457 0.74112028 0.35307914 -0.33177385 0.4365699 0.34836116 -0.34141541 0.64890581 0.4786807 -0.00933231 0.53236264 0.47965649 0.00943478 0.65864956 0.6170097 -0.08517144 0.50367433 0.61814153 -0.10934461 0.67832232 0.74491179 0.18501513 0.4504177 0.74117249 0.2047206 
0.68107921 0.32694566 0.20522167 0.49484348 0.32598332 0.27819443 0.71909624 0.40776268 0.03322747 0.48857817 0.40489513 0.11792728 0.74221003 0.35233647 -0.32254872 0.43630478 0.34850457 -0.34077343 0.64889503 0.47874594 -0.00969658 0.5325945 0.47961283 0.00979151 0.65870231 0.61696434 -0.08533461 0.50321114 0.61818367 -0.10787968 0.67813098 0.74486393 0.18666126 0.45067641 0.74112374 0.21519862
0.68148917 0.3271254 0.20338377 0.49488428 0.32597113 0.27382764 0.71998894 0.40865603 0.03017228 0.48899209 0.40466309 0.11070848 0.74353433 0.35213438 -0.32881755 0.43595037 0.34850061 -0.34131849 0.64905566 0.47877645 -0.00987039 0.53276467 0.47957382 0.00996525 0.65865815 0.6169008 -0.08357996 0.50303304 0.61818582 -0.10596911 0.67800021 0.74462676 0.18997791 0.45096278 0.7410832 0.21531217
0.68198895 0.32739967 0.1993504 0.49530679 0.32601434 0.27019072 0.72142071 0.40938848 0.02716731 0.48883441 0.40460938 0.10762229 0.74331909 0.35225037 -0.32923758 0.43551704 0.34881923 -0.34515253 0.64903486 0.47897339 -0.00983717 0.53285128 0.47958094 0.00992001 0.65860522 0.61691147 -0.08414372 0.50277358 0.61832464 -0.10460202 0.67790908 0.74443054 0.188177 0.4511379 0.74107188 0.22602405
0.6826666 0.32744595 0.19696249 0.49553642 0.32609925 0.268576 0.72125518 0.40941629 0.02505231 0.48836163 0.40479264 0.1066031 0.74304581 0.35320416 -0.33667615 0.43531486 0.34880713 -0.36058554 0.64915925 0.47906658 -0.0094906 0.53295916 0.47961456 0.00956193 0.65858012 0.61694038 -0.08453655 0.502693 0.6183477 -0.10455035 0.67783308 0.74444282 0.19202153 0.45127222 0.7410413 0.23009531
0.68323082 0.32742056 0.19786017 0.49606284 0.32617527 0.26737186 0.72115928 0.40997693 0.02378099 0.48798099 0.40504164 0.10636064 0.74476326 0.3529425 -0.35249537 0.43493074 0.34889328 -0.37639213 0.64932352 0.47909471 -0.00914737 0.53303909 0.47962794 0.00922838 0.6585663 0.61702001 -0.08482899 0.50264072 0.618339 -0.10880693 0.67777157 0.74434775 0.19015244 0.45142978 0.74101853 0.22831795
0.68370026 0.32737884 0.20113961 0.49663997 0.32627532 0.26668996 0.72216356 0.41072279 0.02793275 0.48758104 0.4050909 0.10412437 0.74673843 0.35282475 -0.34706444 0.43453112 0.34888971 -0.37503681 0.64937049 0.47926509 -0.00873451 0.53308958 0.47970629 0.00883318 0.65855539 0.61712229 -0.08357788 0.50263619 0.61832637 -0.10758307 0.67767787 0.74393946 0.19635504 0.45155919 0.74099678 0.2256967 
0.68368036 0.32734782 0.2031139 0.49729112 0.32639778 0.26847211 0.72185796 0.41068175 0.02782963 0.48684743 0.40504271 0.10441213 0.74727905 0.3521004 -0.34298748 0.43426427 0.34887803 -0.36833018 0.64947176 0.47943589 -0.00877156 0.53314149 0.47981471 0.00887639 0.65854299 0.6172964 -0.08161137 0.50264275 0.61832005 -0.1064187 0.67764813 0.74390978 0.19244267 0.45154601 0.74099928 0.21534421
0.68358982 0.32733896 0.20545729 0.49778602 0.32655552 0.26860213 0.72174811 0.41086483 0.03420971 0.48646191 0.40505838 0.10713135 0.74818677 0.35149643 -0.32379481 0.43402326 0.34887064 -0.35244039 0.64956629 0.47956869 -0.00869093 0.53318346 0.47991529 0.00880575 0.65852261 0.61741084 -0.08035354 0.50266379 0.61827356 -0.10495165 0.67760599 0.74394405 0.18974635 0.4513458 0.74094319 0.21051098
0.68372232 0.32737452 0.21005046 0.49783948 0.32667702 0.26948503 0.72160429 0.41110858 0.04852781 0.48638827 0.40510905 0.1110101 0.74798465 0.35156113 -0.30081865 0.43379956 0.34881851 -0.33913788 0.64969635 0.47957462 -0.0083301 0.53320527 0.47991404 0.00846048 0.65833491 0.61741012 -0.08045389 0.50268555 0.61816621 -0.10458831 0.67742717 0.74397105 0.17673071 0.45125866 0.74090779 0.20840226
0.6837343 0.32750115 0.21215044 0.49789423 0.32671854 0.26914364 0.72148931 0.41147196 0.05275929 0.48302177 0.40506744 0.11001702 0.74781555 0.35175759 -0.30140418 0.43364477 0.34880549 -0.34182495 0.64970684 0.47957465 -0.00767916 0.53318518 0.4799099 0.00782796 0.65832192 0.61740774 -0.08067577 0.50272411 0.61804605 -0.10420965 0.67736024 0.74405545 0.17042787 0.45127246 0.74082816 0.20813306
0.68375427 0.32771364 0.20560087 0.49791634 0.32678205 0.26223481 0.72024852 0.41188133 0.04860481 0.48075557 0.40504485 0.10415825 0.74802506 0.35212669 -0.30792543 0.4334105 0.34861034 -0.35009387 0.64972538 0.47966489 -0.00749471 0.53309017 0.48005974 0.00763996 0.65828604 0.61754245 -0.08082495 0.50273764 0.61803561 -0.10304768 0.67734337 0.74413484 0.17514253 0.45125222 0.74070817 0.2192208 
0.68384355 0.32780728 0.19586304 0.4979547 0.32681283 0.25093094 0.71976566 0.41200572 0.04616895 0.47964931 0.40493557 0.09242958 0.74793196 0.35271996 -0.31074658 0.43282568 0.34850731 -0.36307615 0.64968944 0.47975788 -0.00681069 0.53285354 0.4801026 0.00695069 0.65827382 0.61754245 -0.08094736 0.50286049 0.61785978 -0.10206351 0.67732036 0.74414617 0.1748134 0.45126474 0.74057823 0.21863848
0.68384689 0.32789564 0.1992809 0.49815771 0.3268328 0.25360382 0.71957886 0.41224337 0.05501333 0.47912812 0.40500268 0.10123939 0.7479465 0.35289773 -0.28739926 0.43227819 0.34843522 -0.34519809 0.64950031 0.47974789 -0.00647233 0.53250301 0.48009461 0.00661156 0.65827048 0.61750191 -0.08124836 0.50290906 0.61770797 -0.10142458 0.67728233 0.74415326 0.17042038 0.45129791 0.74043983 0.21855015
0.68383449 0.32795793 0.20515211 0.49821535 0.32701007 0.25815839 0.71950209 0.41221896 0.05225233 0.47848812 0.40519696 0.10400265 0.74793983 0.35293868 -0.29090199 0.43192089 0.34831652 -0.34354576 0.6493867 0.47958043 -0.00613167 0.53237945 0.48002702 0.00626748 0.65837067 0.61730772 -0.08428376 0.50292569 0.61769074 -0.10302993 0.67722386 0.74434894 0.16707879 0.45131359 0.74049604 0.21097645
0.68386197 0.32800823 0.20645793 0.49827287 0.32710165 0.25825819 0.71950239 0.41234085 0.05258739 0.47848266 0.40543416 0.10421152 0.74793267 0.35308459 -0.29712722 0.43174297 0.34831741 -0.34279349 0.649351 0.47945711 -0.00568411 0.53232777 0.47994974 0.00581851 0.65855837 0.61719197 -0.0864815 0.50297999 0.61768174 -0.10537713 0.67712975 0.74443382 0.16682711 0.45132616 0.74049103 0.21048185
0.68387663 0.3280392 0.22120227 0.49855042 0.32717702 0.27565268 0.71947056 0.41246918 0.06561875 0.47831252 0.40564525 0.12482835 0.74789619 0.35309213 -0.28757802 0.43172017 0.34841919 -0.31546345 0.64935929 0.47874105 -0.00565104 0.53232145 0.47941425 0.00578749 0.65872222 0.61697543 -0.08797265 0.50307083 0.61767739 -0.10775492 0.67703205 0.74444383 0.16002828 0.4513562 0.7404964 0.20558777
0.68389732 0.32808658 0.21555987 0.49863932 0.327176 0.27041426 0.72043347 0.41246027 0.04705033 0.4802081 0.40563312 0.10787112 0.74762875 0.3528108 -0.32247776 0.43170565 0.34837267 -0.34954411 0.64936012 0.47865206 -0.00559521 0.5323087 0.47923854 0.00573159 0.6589154 0.61700535 -0.08983537 0.503075 0.61768359 -0.10780556 0.67700112 0.74484068 0.160576 0.45146862 0.74040788 0.21867257
0.68385357 0.32812682 0.21589753 0.49875817 0.32717648 0.2723335 0.72104365 0.41244754 0.04684842 0.48242578 0.40580532 0.10995724 0.74649608 0.35224739 -0.32125556 0.43156573 0.34836677 -0.34438211 0.64933628 0.4786253 -0.00546711 0.53230453 0.47907498 0.0056027 0.65964782 0.61698562 -0.08982563 0.50309318 0.61762577 -0.10757001 0.67711973 0.74559534 0.16141142 0.45146522 0.74036258 0.21961173
0.68401009 0.32822856 0.21141684 0.49915275 0.32726032 0.27384105 0.72099239 0.41241777 0.04526049 0.48446113 0.40579742 0.11493093 0.74432164 0.3527427 -0.31969598 0.43088314 0.34869605 -0.33678398 0.64939094 0.47812983 -0.00614018 0.53234643 0.47837606 0.00627961 0.65996635 0.61680275 -0.09803711 0.50310379 0.61758035 -0.10887097 0.67704302 0.74560714 0.1542273 0.45152432 0.7403574 0.21905306
0.68437254 0.32839707 0.17803293 0.49983102 0.32729307 0.25599861 0.7209571 0.41239402 0.01811486 0.48521492 0.4057886 0.09953845 0.74289185 0.35465208 -0.35018271 0.43049377 0.34906295 -0.36400458 0.64940727 0.47789875 -0.00700441 0.53237182 0.47803441 0.00713459 0.66028953 0.61637205 -0.10642467 0.50311738 0.61739123 -0.10868589 0.67702347 0.74573034 0.1408568 0.45171303 0.74036199 0.21861005
0.68437219 0.32859671 0.16453359 0.49991974 0.3276135 0.24082471 0.7203815 0.41245407 0.00673327 0.48519456 0.40594855 0.088369 0.74173188 0.35524467 -0.36212257 0.43019193 0.34947908 -0.37386984 0.64944577 0.47725919 -0.00736861 0.53238738 0.47744736 0.00749756 0.66034216 0.61536747 -0.1114497 0.50314766 0.61710775 -0.11011474 0.67701179 0.74573797 0.12428459 0.45170262 0.74062246 0.20862223
0.68439239 0.32946572 0.15108007 0.5001843 0.32860264 0.22726893 0.718822 0.4127489 -0.00423226 0.48514041 0.40600625 0.07862226 0.74190474 0.35523632 -0.36280015 0.42983797 0.34981057 -0.37175256 0.64944613 0.47678369 -0.00803896 0.5323841 0.47714049 0.0081588 0.66036665 0.61457062 -0.11402088 0.50312287 0.61692441 -0.10924248 0.67695618 0.74573314 0.11653084 0.451785 0.74070233 0.20509981
0.68470687 0.3301107 0.1334099 0.50065964 0.3300232 0.20326726 0.71570712 0.41311705 -0.0329956 0.48534456 0.40675545 0.04806243 0.74311018 0.35506818 -0.41029644 0.42983338 0.35002515 -0.40653622 0.64935517 0.47679228 -0.00805109 0.53222269 0.47714394 0.00816625 0.66023922 0.6145494 -0.11450491 0.50281531 0.61686891 -0.10913666 0.67687857 0.74574047 0.12461486 0.45179453 0.74059844 0.2173733 
0.68469161 0.33133143 0.13520685 0.50018245 0.33140567 0.1988052 0.71394134 0.41332516 -0.03529206 0.48414493 0.40702793 0.02926385 0.74332047 0.35643116 -0.40791959 0.42982543 0.35124648 -0.42257768 0.64905095 0.47688869 -0.00835248 0.53196794 0.47734171 0.00844449 0.66015142 0.61456138 -0.11451425 0.50094783 0.61690032 -0.10743136 0.67686069 0.74589413 0.09170268 0.45178679 0.7403506 0.20106967
0.68465412 0.33240223 0.10809573 0.49980712 0.33281583 0.1682568 0.71328413 0.41424006 -0.05783248 0.47985682 0.40701827 0.00769887 0.74534565 0.35818002 -0.44533285 0.42989653 0.35465232 -0.4405939 0.64869177 0.47730604 -0.00899152 0.53178173 0.47787029 0.00906548 0.66022795 0.61474824 -0.11868748 0.49883032 0.6168806 -0.10036457 0.67699534 0.74638295 0.07334129 0.45209736 0.74025464 0.20148994
0.68460917 0.33438671 0.09023049 0.49894941 0.33630288 0.14177117 0.71298301 0.41552147 -0.07296429 0.48015267 0.40863428 -0.02428629 0.74456763 0.35941556 -0.44140628 0.43036047 0.35633442 -0.45832324 0.64833152 0.47811863 -0.00885243 0.53147227 0.47900063 0.00890557 0.66155034 0.6152401 -0.11963241 0.49631196 0.61678576 -0.09836591 0.67699438 0.74674976 0.05088025 0.45233336 0.74002171 0.17199987
0.6838643 0.33824354 0.11111229 0.49786687 0.33884248 0.16507985 0.71133173 0.41938391 -0.06690732 0.48070389 0.41201508 0.00348828 0.74452585 0.36424124 -0.39495113 0.43202731 0.36152336 -0.43531987 0.64752513 0.47920114 -0.00712146 0.53084153 0.47977546 0.00713659 0.66562194 0.61620754 -0.11984693 0.49339905 0.61689579 -0.1010191 0.67699653 0.74697286 0.05425623 0.45254847 0.74011207 0.16428755
0.6838609 0.34370327 0.11719984 0.4974888 0.34141296 0.16758944 0.70717263 0.42416418 -0.01392976 0.48061585 0.41170901 0.00223828 0.74190968 0.3886449 -0.33524883 0.43375668 0.36933735 -0.43247578 0.64743632 0.48175949 -0.00425061 0.53045559 0.48158118 0.00425007 0.66954547 0.6169427 -0.10501795 0.48982126 0.6173228 -0.1019834 0.67703736 0.74716681 0.03702269 0.45255396 0.74034303 0.11081238
0.683833 0.35032079 0.08041416 0.49628562 0.34757224 0.11982546 0.70540673 0.429452 -0.04673767 0.47859594 0.41402742 -0.04022433 0.7416212 0.40166679 -0.39137018 0.43588915 0.37744743 -0.45879215 0.64724004 0.48469776 -0.0043376 0.52957326 0.48327693 0.00434067 0.67299485 0.61774909 -0.12525958 0.48547289 0.61736149 -0.10299186 0.67706412 0.74771363 0.02431757 0.45264465 0.74072009 0.10499503
0.68258816 0.35578665 0.07882856 0.49473554 0.35280493 0.12423315 0.70577365 0.43035832 -0.0759922 0.47192487 0.413764 -0.02919321 0.74109018 0.38937399 -0.430884 0.43896797 0.38822386 -0.44277611 0.64725423 0.48853922 -0.00532156 0.5295468 0.48806447 0.00533861 0.67500502 0.61801106 -0.1566318 0.48228702 0.61732322 -0.11871701 0.67694867 0.74704838 0.01809802 0.45279264 0.74070591 0.08721294
0.68146497 0.3614248 0.09441067 0.49481919 0.35700232 0.14017428 0.70602405 0.43314898 -0.05952187 0.47236824 0.41942745 -0.0143194 0.74242526 0.38823554 -0.41657612 0.44112799 0.39381781 -0.43750232 0.64725059 0.49172777 -0.00535957 0.52955055 0.49096105 0.00537697 0.67704207 0.61908364 -0.16031718 0.4790529 0.61727196 -0.1307679 0.67694485 0.74705064 0.01679809 0.45316941 0.74035507 0.08016719
0.68002832 0.36698443 0.10218966 0.4945595 0.36231333 0.13532336 0.7054351 0.43526137 -0.06687198 0.47424841 0.42535678 -0.04064853 0.74257559 0.38802573 -0.4764505 0.44101021 0.39178798 -0.50790298 0.64725024 0.49598494 -0.0049206 0.5295701 0.49545738 0.00496982 0.6795513 0.61911649 -0.22280419 0.47558859 0.61707473 -0.16618371 0.67695004 0.74725837 -0.03549157 0.45317137 0.74029857 0.03602801
0.67589706 0.37297016 0.21199545 0.49458855 0.36748174 0.22531994 0.70355731 0.43993801 0.04154059 0.47697183 0.43278742 0.05427955 0.74256986 0.39425305 -0.3548674 0.44095775 0.39211005 -0.39114478 0.64725864 0.49985155 -0.00387401 0.52969295 0.49964002 0.00393916 0.681171 0.61910522 -0.24957561 0.47303104 0.61770356 -0.15852843 0.67744464 0.74724442 -0.07697725 0.45269635 0.74025476 0.04109199
6.71526849e-01 3.80731791e-01 6.41597435e-02 4.92833853e-01 3.73880953e-01 3.72441895e-02 7.01063931e-01 4.45154697e-01 -1.74349159e-01 4.71839607e-01 4.29447204e-01 -2.26419792e-01 7.41481245e-01 4.03095841e-01 -6.67266846e-01 4.46216643e-01 3.99720639e-01 -7.40460455e-01 6.47287071e-01 5.04315495e-01 -3.93103895e-04 5.30073643e-01 5.03901660e-01 5.25770301e-04 6.82736158e-01 6.21243179e-01 -2.59603798e-01 4.70497608e-01 6.18974030e-01 -2.00995028e-01 6.77701175e-01 7.47797668e-01 -7.15038925e-02 4.51881796e-01 7.40261674e-01 1.51721388e-03
6.71136916e-01 3.88166964e-01 1.22891545e-01 4.93771374e-01 3.81240398e-01 9.46715102e-02 7.01220930e-01 4.53404635e-01 -4.59533706e-02 4.74348098e-01 4.42598373e-01 -1.67007536e-01 7.42600918e-01 4.05238062e-01 -4.55126315e-01 4.44515526e-01 4.00760621e-01 -6.37412012e-01 6.47415400e-01 5.09697378e-01 -5.74440870e-04 5.30603886e-01 5.08718312e-01 6.98743388e-04 6.84411824e-01 6.22545183e-01 -3.28089863e-01 4.67633098e-01 6.19283557e-01 -2.63713479e-01 6.78154111e-01 7.47784913e-01 -1.45854548e-01 4.51844096e-01 7.40313768e-01 -7.62473866e-02
6.71402514e-01 3.95808846e-01 7.46669993e-02 4.96601075e-01 3.90714288e-01 6.61290064e-02 7.01276720e-01 4.60748047e-01 -6.49692640e-02 4.78527337e-01 4.58549649e-01 -1.17859088e-01 7.46943355e-01 4.10927862e-01 -4.58207637e-01 4.44411486e-01 4.10834402e-01 -5.81725359e-01 6.47474170e-01 5.14134526e-01 -7.11908680e-04 5.30648172e-01 5.12952030e-01 8.30957317e-04 6.84675753e-01 6.22568369e-01 -3.83832484e-01 4.66362953e-01 6.19360566e-01 -3.07139009e-01 6.78775847e-01 7.47101963e-01 -2.30332032e-01 4.51825768e-01 7.40737677e-01 -1.49409801e-01
0.67175126 0.40491226 -0.04152284 0.5000003 0.39923924 -0.02643698 0.70148998 0.47028196 -0.19404767 0.48297915 0.46424255 -0.20442539 0.74770516 0.42077622 -0.60333848 0.44412652 0.421305 -0.70191926 0.64808995 0.52063215 -0.00245358 0.53095466 0.51896745 0.00251888 0.68491632 0.6229254 -0.40312067 0.46358341 0.62182969 -0.30617726 0.67903942 0.74754465 -0.26181111 0.45180473 0.74144208 -0.14377615
0.67179912 0.41320828 -0.02348352 0.50051498 0.40810457 -0.02431542 0.70585513 0.47696149 -0.13315055 0.48311332 0.46643993 -0.18303084 0.75135005 0.42552981 -0.47585234 0.44181502 0.42553884 -0.64488804 0.64812148 0.52601016 -0.00218787 0.53095967 0.52513289 0.00223057 0.6854381 0.62548959 -0.40875691 0.46021345 0.62474179 -0.33786616 0.67922986 0.74807644 -0.28265947 0.45185664 0.74174416 -0.18868332
0.67267114 0.41980886 0.01833017 0.50188893 0.41683906 0.02750353 0.70707899 0.48485839 -0.06695571 0.48227346 0.47656044 -0.14805178 0.75208086 0.43138334 -0.33679476 0.43989104 0.42928308 -0.57473272 0.64765787 0.53260797 -0.00227102 0.53079271 0.53139704 0.00228381 0.68586886 0.62602305 -0.44320264 0.45843679 0.62540412 -0.40245166 0.67923009 0.74808598 -0.35415497 0.45189461 0.74181396 -0.29862291
0.67304474 0.42936733 0.0071975 0.50136679 0.42605102 -0.0062269 0.71092528 0.4930706 -0.0987816 0.47875497 0.48397303 -0.20786898 0.75223398 0.43899158 -0.38084081 0.43559057 0.4340992 -0.63508725 0.64712697 0.53895241 0.00148449 0.5301795 0.53674179 -0.00151218 0.68622279 0.62741852 -0.50349754 0.45663434 0.62742394 -0.47584182 0.67917114 0.74835783 -0.38145208 0.45189556 0.74181402 -0.35171369
0.67330754 0.43734455 0.10829028 0.50140661 0.43332142 0.14147174 0.71332353 0.4996157 0.00465546 0.47867206 0.49536496 -0.06821319 0.75208342 0.44384393 -0.23652105 0.43441391 0.44429553 -0.5202015 0.64612496 0.54478639 -0.0040717 0.52963966 0.54214001 0.00404418 0.68632823 0.62782729 -0.56920964 0.45625609 0.62856835 -0.54880118 0.67919558 0.748483 -0.47304448 0.45154771 0.74180758 -0.43973476
0.67341721 0.4461998 0.29558751 0.50137901 0.4406071 0.35869205 0.71339411 0.50657386 0.21098244 0.47734883 0.50071627 0.17282529 0.75336385 0.45393032 0.03966786 0.4327834 0.45200112 -0.24320151 0.64499068 0.55174822 -0.01400441 0.52947479 0.54944175 0.0139992 0.68623877 0.62768537 -0.5463419 0.45490286 0.6301657 -0.52435112 0.67934507 0.74787498 -0.51888043 0.45154065 0.74178535 -0.48054177
0.67424768 0.453154 0.07396913 0.50136495 0.44655028 0.15217896 0.71498054 0.51281971 -0.058029 0.47717071 0.50699025 0.04874592 0.7532444 0.46133295 -0.3128444 0.43280527 0.46160796 -0.41714451 0.6448192 0.55642849 -0.01604729 0.52930802 0.55456734 0.01603766 0.68615663 0.62748253 -0.62056398 0.45304129 0.63309354 -0.56989515 0.67995554 0.74720222 -0.5074901 0.4515247 0.74196267 -0.44016138
0.67437476 0.46082255 0.03734592 0.50135207 0.45376259 0.09642217 0.71594429 0.51905882 -0.09335293 0.47712278 0.51349115 -0.0714517 0.75371462 0.46901235 -0.36533678 0.43137667 0.46966451 -0.50054061 0.64366359 0.56228721 -0.01514806 0.52843326 0.5605858 0.01512226 0.68610239 0.62990564 -0.59650844 0.45227471 0.63599616 -0.54261285 0.68004507 0.7471568 -0.46378425 0.45145828 0.74254555 -0.40038753
0.67440569 0.46718323 -0.05898935 0.50132054 0.46086615 -0.02159511 0.71610945 0.52512419 -0.1960642 0.47787923 0.51903313 -0.20868388 0.75364959 0.47572276 -0.48246348 0.4310472 0.47493973 -0.61851174 0.6432988 0.56982648 -0.01485004 0.52839673 0.56808078 0.01483758 0.68604827 0.63059521 -0.63877875 0.4512696 0.63736957 -0.58786994 0.68066239 0.74715531 -0.45342943 0.45174828 0.74310082 -0.3970632 
0.67313606 0.47588584 -0.03599175 0.50071764 0.46966314 -0.01520019 0.71598697 0.53158277 -0.12420355 0.47724158 0.52374339 -0.20042856 0.75352186 0.47938159 -0.23292494 0.43109843 0.4773286 -0.60365158 0.64312643 0.57601547 -0.01381586 0.52845502 0.57527024 0.01383038 0.6848805 0.62958366 -0.64382398 0.45005164 0.6377815 -0.59396088 0.68071657 0.74710912 -0.49297243 0.45212218 0.74387723 -0.43999407
0.67269075 0.48168939 -0.01658125 0.50062513 0.47601369 0.00808481 0.71594322 0.53844315 -0.03600747 0.47657466 0.52896059 -0.16227074 0.75231761 0.48507962 -0.15618195 0.43042651 0.48469344 -0.42551008 0.64300323 0.58088893 -0.01358554 0.52827996 0.57975811 0.01362713 0.68339747 0.62892449 -0.65798664 0.44986886 0.63757002 -0.59639907 0.68062758 0.74717563 -0.52361572 0.45226875 0.74494267 -0.46029013
0.67271894 0.48738381 -0.21309796 0.49964374 0.47985351 -0.21289591 0.71624583 0.54349518 -0.24091351 0.47490382 0.53026468 -0.22676098 0.75077981 0.49018437 -0.42054668 0.43087831 0.49519902 -0.4135657 0.64305276 0.58685869 -0.0128622 0.528184 0.58662629 0.01302335 0.68299866 0.62741488 -0.70894051 0.4473891 0.63821816 -0.59691906 0.68094474 0.74716401 -0.47863024 0.45227545 0.74512315 -0.41741633
0.67272133 0.49161538 -0.18151648 0.49953693 0.48688075 -0.16072048 0.71621907 0.54777074 -0.28648931 0.47440332 0.53659523 -0.34237307 0.75078231 0.49415284 -0.51286852 0.42973182 0.49415633 -0.71161324 0.64307427 0.59201819 -0.012795 0.52818632 0.59229392 0.01297024 0.68288547 0.62806523 -0.72084093 0.44497517 0.63964629 -0.57746834 0.68154651 0.74819046 -0.52651608 0.45228145 0.74533236 -0.37513009
0.67189288 0.49688742 -0.16655089 0.49887311 0.49293122 -0.13552053 0.71616811 0.55160755 -0.34534907 0.47444651 0.54127914 -0.24600403 0.75079507 0.49785158 -0.66954333 0.42737344 0.49755165 -0.53386706 0.64306021 0.59635824 -0.01247307 0.52806461 0.5975616 0.0127867 0.68283153 0.62850887 -0.718593 0.44345587 0.64092505 -0.56194675 0.68155152 0.7486214 -0.53842413 0.45230767 0.74573243 -0.34193307
0.6714614 0.50055885 -0.21210885 0.49879918 0.49723318 -0.18362768 0.71581846 0.55682194 -0.2703889 0.47443736 0.54550081 -0.26995504 0.74935383 0.50558859 -0.49772656 0.42707312 0.50187051 -0.53745759 0.64318573 0.59867591 -0.01229387 0.52827054 0.5987426 0.01259364 0.68203062 0.62929374 -0.69996166 0.44217056 0.64156061 -0.5557586 0.68155044 0.74876088 -0.50400752 0.4523432 0.74651128 -0.30238962
0.66796434 0.50717276 -0.16590281 0.49784353 0.50341904 -0.12214907 0.7157836 0.55973083 -0.29449728 0.47388461 0.54780716 -0.18217275 0.74881583 0.50974905 -0.57660788 0.42526987 0.50681865 -0.4106082 0.64319593 0.60295641 -0.01214895 0.52849215 0.60479826 0.01244887 0.68180251 0.63075149 -0.69837582 0.44167656 0.64221519 -0.54336494 0.68170738 0.74919039 -0.50341082 0.45213589 0.74673676 -0.3045443 
0.66766995 0.51393712 -0.24360569 0.4950774 0.50956941 -0.2418806 0.71542627 0.56488764 -0.10602621 0.47386584 0.55240035 -0.32651103 0.74662977 0.51509315 -0.04290494 0.42502785 0.51181132 -0.59212577 0.64320201 0.60739261 -0.01215822 0.52853817 0.60855711 0.01241992 0.68119478 0.63307202 -0.69201565 0.43803358 0.64396834 -0.56416458 0.68168837 0.75010961 -0.45091775 0.4521364 0.74731386 -0.2938562 
0.66746646 0.51760644 -0.22921216 0.49336791 0.5146172 -0.21948522 0.71540922 0.56776661 -0.05513543 0.4738735 0.55792999 -0.29623523 0.74657589 0.51893646 0.03443118 0.42446846 0.51529104 -0.56009996 0.64320713 0.6117897 -0.01469675 0.5285809 0.61311162 0.01479954 0.6811983 0.63558346 -0.70874137 0.43547434 0.64364517 -0.58857429 0.68167716 0.75102842 -0.44984481 0.45239487 0.74730092 -0.30450195
0.66746658 0.52131128 -0.23756671 0.49348146 0.51755947 -0.19089311 0.71479362 0.57175523 -0.18617688 0.47388592 0.56253916 -0.3224113 0.74609864 0.5230462 -0.21014415 0.42375612 0.52095777 -0.65379781 0.64354688 0.61461037 -0.01686675 0.52900702 0.61577809 0.01693002 0.68133873 0.63747996 -0.74226075 0.43180084 0.64454877 -0.57829076 0.68191791 0.75179267 -0.47191733 0.45232388 0.74725753 -0.28021759
0.66744465 0.52423006 -0.27109334 0.4923715 0.52078897 -0.21458225 0.71458346 0.57528937 -0.32677588 0.47367314 0.5654282 -0.36011091 0.74515933 0.52885908 -0.48588935 0.42329338 0.52568454 -0.70642418 0.64355826 0.61803436 -0.01795647 0.52908432 0.61981922 0.01808623 0.6820178 0.63909531 -0.75510526 0.43037987 0.64514059 -0.61496776 0.68191594 0.75186896 -0.47396827 0.45232642 0.74749255 -0.294754 
0.66632092 0.52832144 -0.23576288 0.4917714 0.52521873 -0.19464332 0.71357948 0.5796662 -0.41414654 0.47241643 0.56918609 -0.35333231 0.7435171 0.53445399 -0.7309373 0.42241511 0.52950311 -0.76628512 0.64347619 0.62265182 -0.01781091 0.52908605 0.6243664 0.01790372 0.68240553 0.63911808 -0.76159245 0.42911574 0.64580894 -0.60881966 0.68189931 0.75138819 -0.49555042 0.45230088 0.74812979 -0.30934522
0.66620213 0.53158939 -0.23740314 0.49115533 0.52885449 -0.19515179 0.71352279 0.58448184 -0.51727569 0.47033796 0.57198769 -0.46621367 0.74327028 0.5362522 -0.93338341 0.42156357 0.5319407 -0.93989307 0.64219213 0.62703997 -0.01356822 0.52905822 0.62877685 0.01374757 0.68289906 0.6396687 -0.7406624 0.42805466 0.64555359 -0.64467412 0.68148559 0.75146836 -0.50261337 0.45230106 0.74838585 -0.39447913
0.66397798 0.53564626 -0.24205871 0.48948562 0.5338307 -0.1961353 0.71344084 0.58890653 -0.50002658 0.46996343 0.57828498 -0.49310076 0.74329925 0.53899449 -0.86235261 0.42168766 0.53462678 -0.98088795 0.64098704 0.63014787 -0.01253246 0.52872163 0.63378716 0.01275843 0.68349433 0.63961071 -0.73335677 0.42854896 0.64542681 -0.65912193 0.681431 0.75147611 -0.50578159 0.45230147 0.74834573 -0.41937426
0.66237921 0.53835326 -0.24139212 0.48819631 0.53649312 -0.19103628 0.71213228 0.5898596 -0.50503671 0.46661052 0.57691997 -0.49677151 0.74340254 0.54006636 -0.85950339 0.42055219 0.53525007 -0.97686124 0.63897806 0.6325354 -0.01183863 0.5279305 0.63717872 0.01207124 0.68461072 0.64023346 -0.72983789 0.4273468 0.6447081 -0.64516699 0.68116355 0.75136018 -0.50276321 0.45251757 0.74830878 -0.40822172
0.66191387 0.54006231 -0.22937621 0.48843566 0.53964907 -0.18728487 0.71145356 0.59265918 -0.4626928 0.46609625 0.58087957 -0.46190351 0.74345851 0.54370964 -0.80953026 0.42022204 0.54028904 -0.91865987 0.63846934 0.63675475 -0.00994642 0.52788907 0.6404103 0.01020249 0.68537939 0.6415624 -0.72219366 0.42414293 0.64454472 -0.63056982 0.68100935 0.75133055 -0.48501435 0.45253739 0.74761111 -0.38713229
0.66188973 0.54345053 -0.22508763 0.48713481 0.54140502 -0.20046739 0.70960474 0.59779912 -0.53992021 0.46620423 0.58599305 -0.51521599 0.74353421 0.55016112 -0.96598542 0.41991639 0.54522437 -0.98158491 0.63668156 0.64017683 -0.00744965 0.52615768 0.64481205 0.00772995 0.68625516 0.64219761 -0.71407503 0.41939259 0.6444608 -0.63919508 0.68068123 0.75142324 -0.47429889 0.45255858 0.74720591 -0.40004757
0.66163909 0.54509151 -0.18174873 0.48620957 0.54336238 -0.1741235 0.70922881 0.59846658 -0.49845874 0.4641656 0.58363301 -0.47876823 0.74358374 0.55063659 -0.90308613 0.41891423 0.54562408 -0.93410367 0.63428396 0.64345473 -0.006196 0.52468234 0.6480059 0.00645295 0.6868794 0.64237422 -0.69441885 0.41653463 0.64408332 -0.63561946 0.68035799 0.75140816 -0.47028825 0.45287529 0.74735653 -0.40959436
0.66136307 0.54809064 -0.172921 0.4833878 0.54616106 -0.16763011 0.70916605 0.59729713 -0.50434524 0.46195975 0.58041203 -0.49055955 0.74353021 0.55005008 -0.91557151 0.41888386 0.54606134 -0.95812345 0.63178551 0.64602757 -0.00550048 0.52153713 0.65100443 0.0057345 0.68742609 0.64244062 -0.69023806 0.41235012 0.64379495 -0.64112395 0.68035799 0.75144392 -0.47648382 0.45273215 0.7467615 -0.42574134
0.66088527 0.54921663 -0.06602431 0.48110887 0.5484668 -0.06634092 0.7088232 0.59758896 -0.38934433 0.44722626 0.58999902 -0.3695384 0.7436738 0.55063307 -0.87901866 0.41703546 0.54760933 -0.79354608 0.63075101 0.64794761 -0.00438417 0.52048379 0.65332544 0.00463259 0.68805259 0.64275128 -0.66417038 0.41100132 0.64372325 -0.6081053 0.68037122 0.75064451 -0.47295752 0.45275307 0.74678302 -0.40984142
0.66002595 0.55039859 -0.08902617 0.47975069 0.54853159 -0.08498894 0.70821327 0.5999034 -0.38528931 0.44963565 0.58600181 -0.36405459 0.74370384 0.55199641 -0.80438739 0.41665488 0.5488227 -0.76966155 0.63006163 0.64865381 -0.00273149 0.51968503 0.65414059 0.00299437 0.68800193 0.64289492 -0.65114105 0.41091275 0.64368778 -0.57795006 0.68031353 0.7504546 -0.42867452 0.45272326 0.74710047 -0.33945328
0.65947711 0.55052811 0.01312948 0.48012492 0.54905248 0.01372645 0.70819497 0.60038048 -0.27191943 0.45002505 0.58437717 -0.24699424 0.74372554 0.55350989 -0.64385897 0.41650471 0.5487805 -0.64857715 0.62958169 0.650976 -0.0021272 0.51998818 0.65566862 0.00243405 0.68797791 0.64298433 -0.6554268 0.4121598 0.64367193 -0.57630241 0.68013585 0.75038111 -0.45905092 0.45278707 0.74732894 -0.3438445 
0.65822399 0.54950655 -0.02272944 0.47972408 0.54760623 -0.02578627 0.70821804 0.60124469 -0.31578648 0.4521893 0.58678341 -0.29878697 0.74372524 0.55412638 -0.69739932 0.41533288 0.5493114 -0.7183736 0.62987077 0.65025496 -0.0018576 0.52019423 0.65549278 0.00219778 0.68795192 0.64305508 -0.66344404 0.4133127 0.64364493 -0.58394015 0.68011844 0.75047559 -0.46354976 0.45278794 0.74772853 -0.37990299
0.65741676 0.54879272 -0.01714968 0.47996584 0.54636931 -0.02170564 0.7082476 0.59968466 -0.30464819 0.45276755 0.58568847 -0.28393096 0.74343789 0.55205178 -0.69224381 0.41541335 0.54917473 -0.70337999 0.63006288 0.64827764 -0.00178294 0.52034521 0.6535719 0.00213614 0.68790543 0.64310127 -0.66621071 0.41616413 0.64377272 -0.58852899 0.68011481 0.75049222 -0.4642159 0.45282054 0.74865395 -0.3826046 
0.65750253 0.54779071 -0.05710937 0.47915989 0.54536968 -0.04057754 0.70794421 0.59867024 -0.35587907 0.45715865 0.5850969 -0.31338131 0.74340624 0.55096871 -0.77004933 0.4154748 0.54810137 -0.77985793 0.63009804 0.64783263 -0.00184721 0.52043957 0.65258676 0.00220853 0.68599921 0.64345479 -0.66737288 0.42047644 0.6436699 -0.62213457 0.68011326 0.75064045 -0.47404781 0.45298228 0.74963176 -0.42356664
0.65771037 0.54671192 -0.09904226 0.47936445 0.54469675 -0.09072594 0.70654404 0.59843659 -0.41515562 0.45779496 0.58491254 -0.38718796 0.74263054 0.54937416 -0.83233464 0.41555139 0.54655755 -0.84073496 0.63079429 0.643767 -0.00197868 0.52052468 0.64839238 0.00233358 0.68322831 0.64343452 -0.68057275 0.4251537 0.64301169 -0.63622189 0.6800223 0.75062573 -0.49313265 0.45302245 0.74973977 -0.44490623
0.65840107 0.54268342 -0.08998773 0.47975469 0.54345959 -0.08975483 0.70468402 0.59161299 -0.40248755 0.45817885 0.57963306 -0.38454637 0.74092817 0.54662424 -0.80435532 0.41556934 0.54170674 -0.81769544 0.63300419 0.6374777 -0.00206237 0.52072573 0.64229107 0.00240708 0.68012995 0.64337736 -0.68242115 0.42822871 0.6427018 -0.62989163 0.67968339 0.75060624 -0.51866227 0.45311061 0.74970299 -0.43446711
0.65833575 0.53763711 -0.03223656 0.48398289 0.53933263 -0.01084816 0.70436239 0.58367169 -0.30153948 0.45875105 0.57532406 -0.23960817 0.74042004 0.53957492 -0.68394601 0.41541371 0.5374555 -0.64871973 0.63413769 0.63019019 -0.00296968 0.52173102 0.6354835 0.00335331 0.67579049 0.64267159 -0.67638999 0.43062425 0.6423223 -0.59099048 0.67967629 0.75046927 -0.53086144 0.45313841 0.74932957 -0.43275842
0.65867651 0.53189975 -0.22973074 0.48423395 0.53425521 -0.17719065 0.7043317 0.57859331 -0.57384831 0.45904246 0.5696466 -0.46211731 0.74015534 0.53516805 -1.03490984 0.41524968 0.53186345 -0.93577355 0.63673687 0.62365073 -0.007446 0.5239197 0.62829715 0.00784853 0.67288202 0.64273632 -0.70076859 0.43291658 0.64176559 -0.63362461 0.67986381 0.75213087 -0.52446061 0.45306957 0.74854916 -0.43320566
0.65930825 0.52719522 -0.28204331 0.48600599 0.5294534 -0.22585562 0.70545143 0.57345581 -0.6552881 0.45837477 0.56185877 -0.54963028 0.73989034 0.53097236 -1.1284219 0.41528445 0.52417022 -1.03072953 0.63799107 0.61705291 -0.00974673 0.52526909 0.62081182 0.0100921 0.66937423 0.64246368 -0.71167082 0.43603057 0.64045912 -0.64815044 0.67989224 0.75208539 -0.53441513 0.4532209 0.74801719 -0.44807515
0.66062891 0.52248681 -0.38131031 0.48596367 0.52418286 -0.32719395 0.70579541 0.56894708 -0.72570527 0.45856676 0.55534041 -0.62122977 0.73930234 0.52650672 -1.1753031 0.41550118 0.51845598 -1.04507923 0.63846254 0.60692555 -0.0102531 0.52534336 0.61002368 0.01052605 0.66641957 0.64136422 -0.71426219 0.4391799 0.64039093 -0.64874315 0.67993069 0.75204563 -0.49027455 0.45344663 0.74772722 -0.39753938
0.66148627 0.51803488 -0.46723077 0.48559564 0.51748067 -0.39368111 0.7058 0.56337303 -0.71550632 0.45698306 0.54706746 -0.64642495 0.73933548 0.51749283 -1.03422046 0.41552272 0.5122264 -1.00319886 0.63930124 0.5993306 -0.01386919 0.52532905 0.60217273 0.01393846 0.66317278 0.64107835 -0.71235168 0.44146413 0.64049739 -0.66607034 0.68015468 0.7522974 -0.45623326 0.45337099 0.74805552 -0.37882289
0.66166836 0.51164538 -0.33788958 0.48565537 0.510517 -0.27138293 0.70576423 0.5571025 -0.60556066 0.45928076 0.54522693 -0.39667994 0.73817891 0.51135159 -0.9738878 0.41774762 0.50657779 -0.59467018 0.63955396 0.59529251 -0.01865273 0.52540505 0.59756988 0.01879859 0.65951014 0.6389553 -0.7169531 0.44702142 0.63961148 -0.65596682 0.68018997 0.75226593 -0.51567769 0.45336834 0.74895251 -0.42981353
0.66139001 0.50520521 -0.26474082 0.48578435 0.50380856 -0.2268879 0.70558977 0.55063301 -0.41645962 0.46036983 0.54071772 -0.29035503 0.73743105 0.50598842 -0.70344973 0.41916513 0.50109553 -0.47237208 0.63947546 0.59142768 -0.01901064 0.52536011 0.59237576 0.0191595 0.65693969 0.63771284 -0.69706017 0.45149708 0.63700187 -0.65308869 0.68019539 0.75224155 -0.53126967 0.45340973 0.74892199 -0.4573136 
0.65980411 0.49733391 -0.173786 0.48633 0.4954901 -0.15877974 0.70556819 0.5443877 -0.25457069 0.46326035 0.53751981 -0.12811044 0.73617607 0.49974364 -0.50761795 0.41926822 0.49987447 -0.2168234 0.6396876 0.58501852 -0.018419 0.52535129 0.58589691 0.01860178 0.65537626 0.63590813 -0.64859706 0.45504424 0.63587737 -0.59116805 0.68019271 0.7522189 -0.51186234 0.45344657 0.74834669 -0.45557994
0.65932953 0.49046698 -0.05038898 0.48697689 0.48912999 -0.03038425 0.70567423 0.53810859 -0.13920735 0.46470779 0.53085339 -0.09798798 0.73626751 0.49287245 -0.37534183 0.41923705 0.49223199 -0.30346483 0.63965571 0.57807457 -0.01820682 0.52534658 0.57768691 0.01841107 0.65509212 0.6340102 -0.63067412 0.45937318 0.63444245 -0.58302605 0.68034911 0.75218463 -0.53688306 0.45348978 0.74787766 -0.46996859
0.65861893 0.48352751 0.01230211 0.48739555 0.4830189 0.0385525 0.70579773 0.53126746 0.03712767 0.46467182 0.52147418 -0.04635006 0.73736739 0.48739368 -0.0809974 0.417656 0.48558685 -0.32790783 0.63860059 0.57219869 -0.01844783 0.52480543 0.57195276 0.01863791 0.65523595 0.63184017 -0.61742216 0.46163547 0.63428938 -0.57849914 0.68017775 0.75210679 -0.56025863 0.45340374 0.74782294 -0.49982548
0.65753555 0.47761229 0.06557181 0.48789057 0.47650969 0.09614915 0.7055186 0.52539742 0.26287526 0.46446371 0.51248801 0.29123133 0.73849159 0.4805004 0.34272063 0.41797358 0.4788669 0.34240761 0.63851988 0.5671733 -0.02224484 0.5251382 0.56656325 0.0225006 0.65563798 0.63007855 -0.58983243 0.46282661 0.63249671 -0.54856271 0.68007481 0.75158095 -0.55231512 0.45408383 0.74780595 -0.49248764
0.65716964 0.46950564 -0.05283413 0.48841631 0.46720505 0.00227511 0.70536846 0.52061933 -0.10994675 0.46173969 0.50189573 0.00077988 0.73857379 0.47423688 -0.32905897 0.41797686 0.46976763 -0.17868149 0.63850605 0.56054389 -0.02485491 0.52594316 0.56007099 0.02504663 0.65608639 0.63045603 -0.61344284 0.46242148 0.63161904 -0.58259094 0.67999208 0.75111949 -0.55684501 0.45409209 0.74782526 -0.51530641
0.65703887 0.46257347 0.17147133 0.49054232 0.45967704 0.27314711 0.70457292 0.51534146 0.01670367 0.46293533 0.50133872 0.2905755 0.73856819 0.47008651 -0.2564382 0.41826412 0.46464488 0.14203894 0.63846445 0.55718064 -0.02923685 0.52605957 0.5561806 0.02944192 0.65621573 0.62767792 -0.58172107 0.46252152 0.62921649 -0.58512324 0.67998368 0.7503038 -0.63840449 0.45413393 0.74783057 -0.60597605
0.65707272 0.45563877 0.00376213 0.49117398 0.45217901 0.06402095 0.70450652 0.50794226 -0.22323954 0.46174642 0.49319109 0.063543 0.74125177 0.46437776 -0.61377501 0.41736263 0.45329025 -0.37868705 0.63849056 0.55116618 -0.02681152 0.52664602 0.55038887 0.02678825 0.65644497 0.62811434 -0.54295021 0.46230093 0.62786943 -0.55466741 0.67988372 0.75031346 -0.59354031 0.45403636 0.74792558 -0.53491157
0.65857548 0.44498315 -0.20336412 0.49146169 0.44296938 -0.1631352 0.70460767 0.50015479 -0.47600845 0.46171287 0.48929921 -0.41158667 0.74122179 0.45604551 -0.91387564 0.41677934 0.44928452 -0.86059946 0.63843548 0.54502749 -0.01664177 0.52708936 0.54375595 0.01645734 0.6581409 0.62694764 -0.5314244 0.46142241 0.62631863 -0.52564955 0.67993087 0.75018007 -0.51404339 0.45393547 0.74775976 -0.44926137
0.6607765 0.43520305 -0.29915419 0.49159592 0.43266898 -0.26631498 0.70498902 0.4930779 -0.56727034 0.46222004 0.48207495 -0.51019448 0.74140257 0.44598493 -1.04605532 0.41714951 0.44219616 -0.97477823 0.63840634 0.53969282 -0.01195861 0.5270775 0.53815842 0.01174421 0.66075569 0.62714601 -0.50683612 0.46072969 0.62546217 -0.49753237 0.67994416 0.75016922 -0.41117245 0.45392802 0.74743122 -0.35357979
0.66206765 0.42575005 -0.27546152 0.49328652 0.42422566 -0.24305353 0.70499247 0.4870463 -0.48492664 0.46375325 0.47497377 -0.38157138 0.74094146 0.43597552 -0.92921734 0.41727382 0.43181273 -0.74230903 0.63830465 0.53516644 -0.00955599 0.52696615 0.5340274 0.00930052 0.66430783 0.62729931 -0.45793483 0.46024963 0.62514287 -0.42844239 0.67994726 0.75011832 -0.35306403 0.45376176 0.74735796 -0.29377139
0.66255254 0.41884086 -0.34578666 0.49386999 0.41698691 -0.3130084 0.70499259 0.47862518 -0.60353225 0.4673098 0.46737203 -0.53801978 0.74087167 0.43050349 -1.10523593 0.41826698 0.42692909 -1.01929343 0.63936442 0.52868038 -0.00924084 0.52762425 0.52775413 0.00897685 0.66719961 0.62723184 -0.42027348 0.46017256 0.62540275 -0.32522923 0.67997718 0.75012141 -0.26993203 0.4534187 0.74689937 -0.13923885
0.66278076 0.40764898 -0.27420884 0.49482426 0.40741059 -0.22939271 0.70483398 0.47055635 -0.40502581 0.47139367 0.46418592 -0.34751061 0.74006021 0.41931856 -0.86402798 0.41860825 0.42060626 -0.75771147 0.64076573 0.52298248 -0.00926039 0.52854311 0.52261537 0.00903986 0.66978657 0.62741387 -0.3392944 0.45983863 0.62514538 -0.23225422 0.68009752 0.75012273 -0.17565484 0.45356327 0.74633622 -0.03969634
0.66300404 0.39833277 -0.16317821 0.49468943 0.39553672 -0.14714372 0.70478004 0.46106654 -0.36889955 0.47218692 0.45780006 -0.33462727 0.73974419 0.41122451 -0.83001828 0.41925466 0.40976852 -0.83522862 0.64134544 0.51524407 -0.00927487 0.52939844 0.51499492 0.00907226 0.67143971 0.6267814 -0.31495926 0.45998919 0.62266642 -0.22653762 0.68000984 0.75006711 -0.11041216 0.45371523 0.74486035 -0.0028751 
0.66409796 0.38471794 0.01739723 0.49459594 0.38052505 0.05278977 0.70486248 0.45576683 -0.15368138 0.47336274 0.449496 -0.13297988 0.73980314 0.40649232 -0.57769608 0.41934973 0.40174779 -0.63606423 0.64162868 0.51024824 -0.00940763 0.52941704 0.50901926 0.00921111 0.67234492 0.62546849 -0.23344053 0.46197033 0.62120163 -0.17740406 0.67998677 0.75004572 -0.06224097 0.45373017 0.74445975 0.02809303
0.66508722 0.38383198 -0.03365907 0.49452606 0.38201234 0.00247089 0.70288044 0.45493063 -0.21994011 0.47799367 0.45260936 -0.18796134 0.73976022 0.40741765 -0.65735441 0.42315271 0.40862375 -0.69731867 0.64158911 0.50739521 -0.0093348 0.52933121 0.50643182 0.00915777 0.67241144 0.62494618 -0.26859549 0.46351367 0.62077904 -0.19747989 0.67969012 0.74999636 -0.05960312 0.45349568 0.74436337 0.0316955 
0.6650185 0.37528124 -0.01112372 0.49279785 0.37275922 0.00189276 0.70064372 0.44395784 -0.23444225 0.47542685 0.43373397 -0.20167774 0.73979193 0.39818451 -0.71522838 0.42368686 0.3943021 -0.77652436 0.64186186 0.50133198 -0.00745554 0.52930802 0.50070143 0.00736095 0.67223614 0.62017691 -0.27650291 0.46573538 0.61897218 -0.20362437 0.67930907 0.74901921 -0.09642595 0.45350596 0.74416983 -0.00606128
0.66462153 0.36707994 0.02433961 0.49044982 0.36322021 0.04229698 0.69686162 0.42923361 -0.22569597 0.45525518 0.40823108 -0.19683346 0.73825771 0.38762408 -0.73504275 0.43020549 0.39652106 -0.72366327 0.64198595 0.49293673 -0.00765027 0.52915937 0.49164715 0.00755106 0.67208236 0.61820728 -0.19496043 0.46906099 0.61709285 -0.15218365 0.67919958 0.74898928 -0.01099139 0.45368373 0.74413371 0.06065328
0.66473341 0.35673788 -0.02761533 0.48703685 0.35329694 0.00583662 0.69051665 0.42153725 -0.22732662 0.43729767 0.38562381 -0.07730677 0.73284775 0.39042941 -0.72934711 0.43707889 0.39685208 -0.39146888 0.64224309 0.48560056 -0.00768559 0.52901524 0.48484007 0.00761282 0.67190236 0.61683112 -0.15887754 0.47446516 0.61536103 -0.10662141 0.67889416 0.74851918 0.01013924 0.45367742 0.74390405 0.10564112
0.6655637 0.34544322 0.14074221 0.48980328 0.34307474 0.20864411 0.69209027 0.42110145 -0.02580983 0.46096939 0.41171965 0.06029006 0.7330721 0.36362141 -0.40716803 0.43643531 0.37107402 -0.38760868 0.64280796 0.48026165 -0.00783033 0.52905065 0.47928265 0.00777868 0.67186594 0.6153481 -0.16314273 0.47973287 0.61408257 -0.1060648 0.67843282 0.74802369 0.03157543 0.45340607 0.7437681 0.10709102
0.67006558 0.33589432 0.1810202 0.49245617 0.33429602 0.24575736 0.69992465 0.41265777 0.00373018 0.46666381 0.40326804 0.07447188 0.73323482 0.35400054 -0.36207178 0.43529564 0.36155409 -0.37121627 0.64446372 0.47563517 -0.00806586 0.52929181 0.47452518 0.00805745 0.67184252 0.61543614 -0.14842796 0.48344168 0.6131596 -0.11118048 0.67842919 0.74779409 0.01864656 0.45375228 0.74370468 0.08924885
0.67105317 0.32743385 0.1708627 0.49269077 0.32779762 0.25411084 0.70759457 0.402643 -0.02456874 0.47098559 0.40016028 0.08812948 0.73258263 0.34718168 -0.39888304 0.43467698 0.35530055 -0.37266669 0.64583027 0.47164148 -0.00993281 0.5294165 0.4721553 0.00997111 0.67177653 0.61500651 -0.12214433 0.48912767 0.61261141 -0.09187444 0.67816806 0.74549961 0.11940295 0.4545171 0.74170029 0.17466533
0.6707806 0.32169119 0.22865309 0.49252048 0.32129401 0.28048018 0.71130466 0.39818045 0.02195459 0.47027233 0.39711511 0.10847025 0.73468441 0.33747146 -0.36022466 0.43209442 0.3477999 -0.33805317 0.64577991 0.47106442 -0.00941308 0.52920812 0.47162515 0.00949304 0.67019123 0.61477983 -0.10569326 0.49484655 0.61313903 -0.09113248 0.67768699 0.74362171 0.14812048 0.45714983 0.74044776 0.20826383
0.67061573 0.31811494 0.25311261 0.49257293 0.31903145 0.30514359 0.71375269 0.39317933 0.03285407 0.47055995 0.39314803 0.1275416 0.73475939 0.3321254 -0.32488617 0.43160284 0.34473383 -0.2987372 0.64572817 0.46988478 -0.00948105 0.52927214 0.47081617 0.00957918 0.66837484 0.61473161 -0.08804415 0.49816686 0.6135574 -0.08484996 0.67729062 0.74327374 0.12942973 0.45868903 0.73963201 0.18162979
0.67021728 0.31562105 0.27513742 0.49216822 0.31661764 0.3121199 0.71571606 0.39130583 0.05253856 0.4706012 0.38996828 0.13029528 0.73511332 0.33207768 -0.32269982 0.43132466 0.34278867 -0.30176771 0.6459049 0.46782464 -0.00845578 0.52936774 0.46869624 0.00860196 0.66733563 0.61487138 -0.0846749 0.50126916 0.61383528 -0.08921392 0.67676836 0.7433275 0.12988769 0.45904276 0.73943365 0.18149415
0.6700834 0.31459659 0.27011427 0.49230057 0.31615508 0.32019007 0.71579111 0.39116803 0.05496631 0.47220734 0.3937588 0.14521259 0.73463064 0.33057395 -0.3146672 0.43082583 0.34189814 -0.29504788 0.64621526 0.46729726 -0.00849333 0.52936536 0.4678748 0.00862754 0.66557628 0.61468101 -0.08640563 0.5029909 0.61379284 -0.08686297 0.67660606 0.74325478 0.12866497 0.45957211 0.73946828 0.16151203
0.66993773 0.3146863 0.26576436 0.49196151 0.31895944 0.3108865 0.71550703 0.3908563 0.0519428 0.47022697 0.39626035 0.12924339 0.73331732 0.3301262 -0.29409313 0.43062791 0.34229878 -0.29105395 0.64619452 0.46844915 -0.00872031 0.52934241 0.46925598 0.00886097 0.66397446 0.61409086 -0.0813467 0.50455838 0.61382419 -0.08492459 0.67659843 0.74315178 0.11272981 0.45970902 0.73948824 0.14949088
0.6701054 0.31545556 0.25992861 0.49178687 0.31978741 0.29654318 0.71525443 0.39129809 0.0447589 0.47353485 0.39784697 0.10757126 0.73095691 0.33028659 -0.31263199 0.43135738 0.34184545 -0.32610655 0.64661354 0.46976122 -0.0087075 0.52934635 0.47056329 0.00885666 0.66272974 0.61411804 -0.08366121 0.50553817 0.61389798 -0.0882191 0.67661655 0.74268478 0.13645896 0.45990455 0.73923957 0.16146939
0.67027986 0.31646568 0.25753146 0.49149972 0.32023257 0.28149706 0.71506792 0.39143032 0.0441362 0.47843283 0.39910743 0.09385036 0.72818673 0.33243343 -0.31851462 0.43282449 0.34489229 -0.34128064 0.64682066 0.47039458 -0.00731845 0.52934819 0.47092915 0.00749038 0.66204059 0.61370981 -0.0814128 0.50570422 0.61394888 -0.09187569 0.67637473 0.74217045 0.15290403 0.46004328 0.73926133 0.17531493
0.67021316 0.31779906 0.25455078 0.49149689 0.32054392 0.27506119 0.71493441 0.39391744 0.04049299 0.48208421 0.39859727 0.08578823 0.72841144 0.33211824 -0.32909623 0.43316731 0.34564218 -0.34578601 0.64774281 0.47051427 -0.00512243 0.52976429 0.47112086 0.00533214 0.66186368 0.61372077 -0.08552042 0.50634503 0.61400771 -0.09873741 0.67614174 0.74188882 0.15714769 0.46007869 0.73917878 0.17225981
0.67017692 0.31835264 0.24208665 0.4914223 0.32086402 0.26709521 0.71562856 0.39508086 0.02948733 0.48175755 0.39784378 0.08200242 0.7286315 0.33299652 -0.33892703 0.43348294 0.3474696 -0.35825169 0.64793456 0.47079101 -0.00458158 0.52994406 0.47122777 0.00481202 0.66163933 0.61358428 -0.08810919 0.50633949 0.61406058 -0.10195573 0.67561948 0.74185824 0.15033963 0.46019238 0.73919529 0.17145281
0.6704585 0.31915149 0.25238582 0.49122727 0.32147321 0.26285234 0.71587634 0.39585531 0.04599407 0.48329523 0.39783534 0.07564826 0.72871095 0.33499557 -0.31741729 0.43607092 0.34847286 -0.36584753 0.64806563 0.47111633 -0.00247548 0.52999133 0.47147366 0.00274686 0.66146421 0.61357909 -0.08897635 0.50644755 0.61421549 -0.1018097 0.67536664 0.74189454 0.15303552 0.46061397 0.73920786 0.18388398
0.67175347 0.31992871 0.2455235 0.49116069 0.3220894 0.26049405 0.71594763 0.39656353 0.05788799 0.48545837 0.39811459 0.07787395 0.72882235 0.3350853 -0.30121914 0.43607011 0.349152 -0.36466986 0.64830065 0.47145978 -0.00234142 0.52997088 0.47184178 0.00260351 0.66140491 0.61369717 -0.08679105 0.50645143 0.61424053 -0.10162036 0.67536539 0.74190605 0.15656601 0.46061188 0.73920363 0.18440236
0.67224455 0.32062158 0.25923377 0.491155 0.32270682 0.26734513 0.71588266 0.39703199 0.06886423 0.48814499 0.39834869 0.08346897 0.72975856 0.33618826 -0.2918261 0.43728253 0.34953812 -0.35247251 0.64874333 0.47169507 -0.0021533 0.53003371 0.47206518 0.00240784 0.66135412 0.61376864 -0.09136711 0.50657046 0.61443609 -0.10202237 0.67536372 0.74192166 0.14622124 0.46058539 0.73920345 0.18349262
0.67268974 0.32097623 0.27901742 0.49127141 0.32309276 0.27198055 0.71586335 0.39735392 0.07937635 0.48900107 0.39865085 0.08152768 0.72974998 0.33678401 -0.26637012 0.43979207 0.34980425 -0.34861848 0.64920485 0.47187155 -0.00140674 0.53030312 0.4722304 0.00164902 0.66135871 0.61382473 -0.09349929 0.50686556 0.61460716 -0.10266086 0.67539406 0.74193943 0.12495307 0.46049377 0.73917109 0.1560418 
0.67265624 0.3212553 0.25194198 0.49123281 0.32338983 0.25910458 0.7157976 0.39759105 0.06764969 0.48925769 0.39841789 0.07002042 0.72954029 0.33747107 -0.27708897 0.43952861 0.34995952 -0.36878857 0.64988238 0.47199911 -0.00148756 0.53090316 0.47235397 0.00172773 0.6613645 0.61391634 -0.09216965 0.50719321 0.61487687 -0.10234918 0.67569321 0.74195462 0.12995347 0.46042079 0.73917007 0.16673732
0.67263514 0.32138899 0.20902723 0.49107412 0.32359764 0.240941 0.71514016 0.39769509 0.02444852 0.48916927 0.39709142 0.05343807 0.72600198 0.33930191 -0.32022476 0.43928915 0.34974724 -0.40123928 0.65048504 0.47216368 -0.00223359 0.53146106 0.47261229 0.00245792 0.66135466 0.6140185 -0.09192256 0.507469 0.61507434 -0.10278949 0.67595893 0.74191922 0.13985029 0.46038693 0.73897231 0.17391625
0.67258036 0.32151553 0.20193703 0.49108797 0.32374945 0.24231079 0.715114 0.39781922 0.010869 0.48886448 0.39672762 0.06040169 0.72557884 0.33939025 -0.34630245 0.43882543 0.34979674 -0.39666262 0.65087676 0.47218749 -0.00335976 0.53177226 0.47270951 0.00356159 0.66122681 0.61404741 -0.09228723 0.50769216 0.61514473 -0.10421723 0.67626011 0.74187082 0.14766225 0.45989186 0.73891354 0.17435595
0.67243212 0.32171005 0.19126238 0.49108142 0.32386297 0.24198617 0.71512443 0.39790782 -0.00788394 0.48851404 0.39661402 0.06032911 0.7258448 0.33943975 -0.38405976 0.43719524 0.34980759 -0.41073272 0.65087318 0.47265387 -0.00423159 0.53185761 0.47342077 0.0044075 0.66116363 0.61429864 -0.09252289 0.5077557 0.61535096 -0.10785069 0.67664236 0.74187565 0.15090355 0.45914128 0.73891699 0.17537078
6.72236502e-01 3.21939290e-01 2.00628608e-01 4.91078198e-01 3.23942393e-01 2.54438877e-01 7.15229213e-01 3.97976965e-01 -1.21018384e-04 4.87927824e-01 3.96634251e-01 6.68574944e-02 7.27005959e-01 3.39573264e-01 -3.70422632e-01 4.35652494e-01 3.49097162e-01 -4.10178989e-01 6.50859296e-01 4.72705156e-01 -4.24379110e-03 5.31868160e-01 4.73476410e-01 4.42028791e-03 6.61159754e-01 6.14332497e-01 -9.27140936e-02 5.07765293e-01 6.15398765e-01 -1.09627381e-01 6.76967621e-01 7.41928816e-01 1.47372141e-01 4.58388656e-01 7.38918066e-01 1.75206080e-01
0.67211288 0.32199118 0.21303906 0.49105135 0.32397586 0.26784328 0.71488982 0.3982507 0.01996806 0.48782676 0.39672944 0.08800358 0.72700059 0.34018746 -0.33464137 0.43432906 0.34876549 -0.3683151 0.65085554 0.47267738 -0.00446548 0.53186095 0.47351933 0.00464554 0.66107994 0.61435765 -0.0912978 0.50774449 0.61542392 -0.10925395 0.67731559 0.74193949 0.14535028 0.45755237 0.73891121 0.17914197
0.67235887 0.32208002 0.2136759 0.49089858 0.32406881 0.26524052 0.71485627 0.39826033 0.01937328 0.48776081 0.39676383 0.07986996 0.72463018 0.34262818 -0.33578083 0.43388826 0.34803483 -0.37257355 0.65093046 0.47270519 -0.00449846 0.53186029 0.47355938 0.00467707 0.66106254 0.61437583 -0.09115366 0.5077256 0.61544377 -0.10856063 0.67757374 0.7419458 0.14509962 0.45674509 0.73891324 0.17820045
0.67250943 0.32228044 0.19770466 0.49016491 0.32425788 0.232418 0.71373653 0.39825067 -0.00759761 0.48767897 0.39673263 0.02443663 0.72456843 0.34712142 -0.39113578 0.43417153 0.34886655 -0.44148716 0.65094692 0.47271723 -0.00450623 0.5318563 0.47359699 0.00468575 0.66078877 0.61439079 -0.09161585 0.50762051 0.61552745 -0.10856124 0.67783028 0.74197125 0.14117056 0.45658058 0.7389133 0.18365584
0.67259043 0.3228288 0.19080055 0.48957756 0.32446739 0.22142321 0.71346509 0.39827251 -0.00728179 0.48730764 0.39652845 0.01668756 0.72457916 0.3493939 -0.38570043 0.43496084 0.35035071 -0.44612578 0.65092462 0.47273389 -0.00446695 0.53179413 0.47363675 0.00464797 0.66076761 0.61440408 -0.09298223 0.50743788 0.61554849 -0.10905068 0.6778729 0.74197763 0.13447548 0.45649374 0.73889738 0.18224858
0.67261118 0.32302764 0.19314477 0.48891968 0.3247163 0.2191596 0.71293271 0.39814612 -0.00343239 0.4871811 0.39598757 0.01737603 0.72213203 0.35122377 -0.38400355 0.43621296 0.35070962 -0.43665561 0.65086389 0.47276285 -0.00406983 0.53169072 0.47366202 0.00426093 0.66072905 0.61441225 -0.09327406 0.50717896 0.6155569 -0.10934534 0.67787713 0.74200195 0.12686823 0.45649669 0.73886621 0.18126613
0.67303842 0.32308695 0.17646168 0.48865062 0.32474962 0.2031786 0.71188754 0.39772943 -0.01237059 0.48995498 0.39414021 0.00213002 0.71424001 0.35569352 -0.37729663 0.4378888 0.35020038 -0.44438815 0.65086156 0.47284958 -0.00405877 0.53164673 0.47368658 0.00425041 0.66071731 0.61455959 -0.09068935 0.50687945 0.61559111 -0.10682621 0.67788047 0.74208218 0.12606689 0.45647722 0.73885143 0.18234549
0.6732983 0.32312375 0.16383691 0.48862389 0.32477236 0.19084693 0.7113049 0.39774194 -0.02306817 0.48880848 0.39261577 -0.01909629 0.71413517 0.35673651 -0.39499107 0.44117275 0.35177958 -0.48368439 0.65085942 0.47287813 -0.00406232 0.53161633 0.47371286 0.00425396 0.66071272 0.61468488 -0.09390058 0.50681478 0.6156038 -0.10787641 0.67788446 0.74213821 0.12097138 0.45637929 0.73883635 0.17741233
0.67344409 0.32319221 0.1630899 0.48861688 0.32502607 0.19316669 0.71128142 0.3977516 -0.02918311 0.48743743 0.3927263 -0.0207388 0.71477175 0.35622564 -0.41084585 0.44107527 0.3513695 -0.4947499 0.65081823 0.47301608 -0.0041007 0.531596 0.47387069 0.00429376 0.66071296 0.61491585 -0.10072958 0.50677294 0.6156711 -0.11080682 0.67789167 0.74226546 0.12139295 0.45632833 0.73872441 0.1817174 
0.67349821 0.32321292 0.16996984 0.48867074 0.32522139 0.19981492 0.71133041 0.39874524 -0.02536523 0.48700413 0.39285034 -0.00738982 0.71492624 0.35615587 -0.40422463 0.43968037 0.35065466 -0.47466302 0.65074313 0.47310513 -0.00410471 0.5315612 0.47396165 0.00429798 0.66072083 0.61513573 -0.1038181 0.50676036 0.61572742 -0.11595584 0.67789447 0.74249089 0.12639497 0.45631054 0.73851985 0.18784367
0.67350137 0.32337379 0.15510622 0.48864344 0.32524696 0.19039725 0.71108586 0.40003902 -0.03808191 0.4865002 0.39292032 -0.02013597 0.71508753 0.35550949 -0.43112749 0.43957436 0.35124367 -0.50450724 0.65070754 0.47332916 -0.0042441 0.53150141 0.47422096 0.00443604 0.66071033 0.61542869 -0.10371616 0.50671065 0.61580968 -0.11683491 0.67789596 0.74268734 0.12658516 0.45630842 0.73844612 0.18735644
0.67368174 0.32340828 0.13910247 0.48845464 0.32526904 0.17687796 0.710976 0.40036014 -0.04270986 0.48643866 0.39299861 -0.02954273 0.71524006 0.36151898 -0.43328357 0.43950635 0.35207641 -0.51359999 0.65072405 0.47357577 -0.00437295 0.53151435 0.47452396 0.00456122 0.66070956 0.61562628 -0.10345937 0.50669658 0.61591321 -0.11561383 0.67789871 0.7428236 0.12660612 0.45631331 0.73832196 0.18665382
0.67373425 0.32356545 0.12777604 0.48835489 0.32529706 0.16904084 0.71055472 0.40068209 -0.05065795 0.48650077 0.39290813 -0.03628502 0.71530497 0.36215934 -0.4382433 0.43963817 0.35202667 -0.51790237 0.65073997 0.47364798 -0.00454283 0.53151917 0.4746471 0.00472275 0.6607132 0.61573792 -0.10330366 0.506639 0.61593086 -0.11491792 0.67789978 0.74292082 0.12514977 0.45631513 0.73808885 0.18612204
0.6738317 0.32382825 0.12413548 0.48833767 0.32530788 0.17010061 0.71046519 0.40145764 -0.04564171 0.48690265 0.39281404 -0.02867578 0.71558958 0.36461547 -0.43039405 0.44012699 0.35283199 -0.50349355 0.65081596 0.4737244 -0.00493673 0.53159797 0.47476509 0.00510613 0.66075736 0.61585891 -0.101569 0.50661892 0.61594784 -0.11130641 0.6779204 0.74296838 0.12279523 0.45631418 0.73778164 0.18532437
0.67394549 0.32393631 0.10961833 0.48833969 0.32532442 0.16097318 0.71045089 0.40180022 -0.06001811 0.4870685 0.39254877 -0.03686566 0.71536386 0.36755136 -0.44238138 0.44093534 0.35380846 -0.51487184 0.65095204 0.47376379 -0.00562932 0.53182745 0.4748334 0.00578485 0.66080528 0.61594379 -0.10083063 0.50652003 0.61596227 -0.10759395 0.67794722 0.7430535 0.12184887 0.45629194 0.73747414 0.18534602
0.67395669 0.324 0.11728942 0.48833767 0.32534653 0.16706347 0.71044946 0.40226603 -0.04055028 0.48888201 0.39311531 -0.02960121 0.71599221 0.3660455 -0.4142355 0.44089615 0.35320869 -0.47865918 0.65127432 0.47377664 -0.00562413 0.53195447 0.47485036 0.00577978 0.66088158 0.61597955 -0.1010437 0.50644159 0.61596924 -0.10731407 0.67804217 0.74314284 0.11641135 0.45623714 0.73729396 0.18239811
0.67400628 0.32401687 0.12219962 0.48867249 0.32535249 0.18327712 0.7105552 0.40220103 -0.03541598 0.48907596 0.39333066 -0.00346433 0.71951842 0.359391 -0.41165245 0.44073081 0.35318226 -0.46989414 0.65139073 0.47395736 -0.00635995 0.53212988 0.47492915 0.00650645 0.66088951 0.61609185 -0.10114345 0.50639808 0.6159516 -0.10691169 0.67811567 0.74318707 0.11812435 0.45622027 0.73719078 0.1845976 
0.67412466 0.32403517 0.13494383 0.48908222 0.32536015 0.18918848 0.71086186 0.40185079 -0.02823802 0.48934457 0.39344105 0.00312813 0.72133476 0.35646388 -0.40629295 0.44070879 0.35316011 -0.46622357 0.65157783 0.47396803 -0.00668327 0.53223217 0.47493878 0.00683041 0.66084379 0.61613202 -0.10268039 0.50634831 0.61589754 -0.10645448 0.67820156 0.74325734 0.11310841 0.45619133 0.73711222 0.18173726
0.67419004 0.32406169 0.1419812 0.48968968 0.32537043 0.19882898 0.71145684 0.40153855 -0.02475477 0.48927018 0.3934339 0.0155225 0.72296011 0.35364553 -0.39518532 0.44063565 0.35314181 -0.452959 0.65157962 0.47420505 -0.00732255 0.53227508 0.47513443 0.00745192 0.66077638 0.61619842 -0.10255656 0.50623125 0.6158933 -0.10437032 0.67823052 0.7433244 0.11487897 0.45616966 0.73700547 0.1857162 
0.67419797 0.32415453 0.14332651 0.4899053 0.3254897 0.19838399 0.71199375 0.40160853 -0.03001678 0.48891443 0.39331818 0.01213585 0.72500962 0.35149321 -0.40220955 0.44039682 0.35214818 -0.45808372 0.65153962 0.47434723 -0.00738127 0.53228986 0.47528583 0.00750708 0.66076243 0.61624813 -0.10251813 0.50612193 0.6158908 -0.10437827 0.67825878 0.74342722 0.12083615 0.45615 0.73691386 0.19232756
0.6741913 0.32423082 0.14365777 0.49035835 0.32552889 0.19812538 0.71210462 0.40120316 -0.04352671 0.48740318 0.39220646 0.00951445 0.72646958 0.35145548 -0.43040165 0.43997908 0.35075629 -0.47530976 0.6515134 0.47435731 -0.0075063 0.53240192 0.47530216 0.00762996 0.66076243 0.61635083 -0.10253506 0.50607461 0.61587882 -0.10444932 0.67826736 0.74346322 0.12274687 0.45609486 0.73689228 0.19237053
0.67418975 0.32430559 0.15532492 0.49044812 0.32553917 0.2094703 0.71208566 0.40111226 -0.04083014 0.48692524 0.39199767 0.01433732 0.72912657 0.35119694 -0.42480117 0.43921667 0.34911245 -0.46712416 0.65154338 0.47437778 -0.0075494 0.53254509 0.47538507 0.00767089 0.66076839 0.61651856 -0.10072619 0.50603455 0.61588871 -0.10410695 0.67828888 0.74347824 0.13573241 0.45607343 0.73689139 0.2019579 
