0.6751982 0.34998292 0.73254406 0.51516968 0.29268736 0.55949873 0.77113223 0.40855485 0.49685201 0.43055338 0.28511575 0.1174892 0.88406754 0.4450556 0.11878099 0.51939458 0.2454689 -0.26674044 0.51491427 0.46094289 0.13303027 0.41876289 0.43367004 -0.13281909 0.57862622 0.58019596 -0.37485641 0.51890755 0.55656725 -0.56855375 0.59325111 0.73711967 -0.68124425 0.53183943 0.72837716 -0.74210072
0.8245452 0.36218172 0.75479531 0.65632755 0.31315041 0.57955348 0.86805785 0.44043499 0.43636471 0.54990751 0.37510708 0.19699095 0.82438213 0.40188792 0.05566712 0.72089005 0.35633767 -0.07376348 0.61665928 0.49914423 0.12211171 0.5290513 0.4720394 -0.12199246 0.6391722 0.64912629 -0.18072709 0.63476211 0.62154192 -0.40265924 0.61545074 0.81664395 -0.42525983 0.57596451 0.81607789 -0.55973917
0.96607441 0.34324551 0.36955494 0.79202139 0.29692066 0.47433332 0.92211205 0.44465083 0.16027899 0.65322101 0.35429719 0.23084581 0.87479091 0.49936116 -0.1774693 0.68696368 0.33176425 -0.20138727 0.73782557 0.49458793 0.04141818 0.63258487 0.47006369 -0.04218895 0.6932354 0.63129216 -0.19563623 0.64415538 0.6149227 -0.3568204 0.63014543 0.8111158 -0.34007969 0.53716904 0.80723387 -0.34349883
0.86905932 0.34493315 0.53477079 0.69656122 0.29042026 0.53561378 0.87687153 0.4407061 0.24883194 0.58550316 0.34872323 0.19585736 0.84064668 0.43464902 -0.14080213 0.68939888 0.33884999 -0.16363838 0.65369016 0.50012165 0.03732685 0.55560857 0.46848094 -0.03789777 0.62227291 0.63046843 -0.21737677 0.61639893 0.61102521 -0.33911517 0.56121922 0.82759249 -0.477323 0.52008992 0.80295718 -0.45992815
0.9345156 0.35041839 0.41381842 0.72684264 0.2896544 0.49171063 0.90939319 0.46113771 0.16467479 0.578601 0.33581886 0.14128809 0.89256454 0.52019447 -0.20846485 0.67527765 0.33248088 -0.27885795 0.70963097 0.50962263 -0.01741278 0.58330452 0.46950197 0.01708886 0.62215096 0.63965678 -0.35914248 0.59280193 0.60164148 -0.33091128 0.52634209 0.85289228 -0.49808627 0.52287483 0.78918809 -0.38719675
0.89469904 0.34244862 0.51244062 0.7092005 0.28772482 0.6422599 0.89936417 0.43590415 0.17875914 0.56130141 0.3302159 0.28568995 0.82751906 0.40684924 -0.27434844 0.64048123 0.31551692 -0.19018164 0.69257408 0.49605039 -0.01883254 0.57784605 0.46378693 0.01822607 0.62581533 0.63272148 -0.30180475 0.61199135 0.60968888 -0.26750845 0.55799186 0.83358252 -0.54652131 0.55230194 0.79417104 -0.40320987
0.92832065 0.33673841 0.51072109 0.75807607 0.27692401 0.63977695 0.88391411 0.43592077 0.14537023 0.60872406 0.32735521 0.35308775 0.79430676 0.37224987 -0.25303063 0.67998856 0.31762081 0.00126577 0.71184778 0.49107417 -0.01019973 0.60547847 0.4612526 0.00952347 0.65815485 0.62558538 -0.28703487 0.61775607 0.61120522 -0.27386758 0.616337 0.8277576 -0.57197839 0.55324447 0.81143868 -0.51582545
0.94533253 0.33428055 0.39114457 0.75395703 0.28685305 0.74900937 0.91074431 0.42931965 0.02800202 0.59103131 0.32683298 0.46471474 0.79955077 0.36277086 -0.2906504 0.65548486 0.31254628 -0.02671686 0.71846443 0.4992992 -0.14918728 0.60737777 0.47784054 0.1488377 0.5867666 0.63003165 -0.39452881 0.58484358 0.61499441 -0.1424049 0.57234651 0.84712136 -0.79670084 0.5366447 0.81403118 -0.49274412
0.93130422 0.33327821 0.33513439 0.73408115 0.28962576 0.7095719 0.92734545 0.43203408 0.03297774 0.57272005 0.32625401 0.42702588 0.83666581 0.38527372 -0.28598177 0.64263183 0.30651429 -0.088506 0.71020812 0.50176173 -0.14752971 0.59199381 0.47949353 0.14727977 0.56713539 0.63370234 -0.38501886 0.57698596 0.61001104 -0.13763781 0.54902726 0.84543431 -0.7149784 0.54243684 0.81298274 -0.42257768
0.92962044 0.33172569 0.38698781 0.73172313 0.28645244 0.67828947 0.92503709 0.43462309 0.10106713 0.56465721 0.31342956 0.40589106 0.82395029 0.38316616 -0.24436256 0.62865382 0.29941386 -0.06854936 0.69964975 0.49945638 -0.1140993 0.58308822 0.47518665 0.11370411 0.5776571 0.63064945 -0.38093412 0.5822835 0.60795152 -0.18659058 0.55575788 0.83968967 -0.75571513 0.54778963 0.8183614 -0.52634197
0.92620212 0.32922661 0.15404893 0.75188059 0.28412023 0.5986129 0.92357939 0.43764681 -0.17530811 0.57875544 0.31378636 0.36786282 0.79597741 0.36666065 -0.4649331 0.62511957 0.2958844 -0.06742927 0.67597073 0.50025827 -0.1948498 0.59477413 0.47761127 0.19435947 0.54934692 0.65796632 -0.41226485 0.59939545 0.61064231 0.24576052 0.55443519 0.86989009 -0.64621687 0.62019312 0.80027956 0.29219544
0.92191732 0.3248238 0.09755861 0.76151443 0.28310856 0.56968927 0.90874332 0.43420172 -0.175937 0.5838201 0.3135871 0.34812623 0.78554863 0.36856702 -0.43736267 0.62422305 0.2941485 -0.07144896 0.67479205 0.50153702 -0.21072777 0.60001415 0.4812004 0.21050918 0.53358394 0.65332705 -0.48141259 0.5918929 0.6078909 0.32058269 0.54284358 0.86992955 -0.75301623 0.6387288 0.78172481 0.36633316
0.92812395 0.32447922 0.09484501 0.7515288 0.27807134 0.52712798 0.92644286 0.43837148 -0.12053624 0.57853365 0.31053054 0.31410313 0.84961605 0.47712475 -0.41609955 0.60783315 0.29439408 -0.14828348 0.68675911 0.50541288 -0.18897073 0.60276067 0.48108038 0.18886054 0.5384419 0.65320039 -0.40675205 0.59958434 0.60319191 0.26849949 0.53405714 0.867145 -0.57514286 0.64640975 0.77087015 0.35267252
0.92994905 0.32444003 0.02447449 0.75801891 0.27697036 0.44465035 0.92310756 0.43961275 -0.21272619 0.58290309 0.31081599 0.30746955 0.82286346 0.44152638 -0.50111228 0.60337883 0.29482785 -0.08691102 0.69638622 0.50542831 -0.18771963 0.61635429 0.48040003 0.18764876 0.54553002 0.65279078 -0.40998992 0.61444145 0.60307509 0.2435654 0.52829474 0.86541957 -0.54406458 0.63939154 0.76919401 0.34779701
0.93675262 0.32529846 0.04555203 0.7533077 0.27722996 0.38689268 0.9241277 0.4404282 -0.16775128 0.5835039 0.31270602 0.23196994 0.83032644 0.44699177 -0.42783049 0.60995489 0.30078971 -0.1997975 0.70776504 0.51039964 -0.1586999 0.60719329 0.48150384 0.15854417 0.54846764 0.65080357 -0.36142188 0.6135186 0.60767746 -0.06912957 0.53797835 0.86085808 -0.34442285 0.59618264 0.79625362 -0.01052059
0.92270994 0.32863227 0.0990275 0.72249055 0.27076331 0.42700544 0.924308 0.44343302 -0.04052892 0.54747647 0.30791965 0.21026894 0.85455859 0.48370022 -0.35978132 0.58750492 0.30042145 -0.26775265 0.69396472 0.50954235 -0.11975326 0.57065403 0.48079839 0.11945094 0.5609616 0.64792901 -0.3280924 0.59384227 0.61497664 -0.17036602 0.5402233 0.85976535 -0.35763809 0.55771691 0.81735879 -0.1675328 
0.93263245 0.32849798 0.12421568 0.72023159 0.27051839 0.43340662 0.9318549 0.44687548 -0.07603011 0.5441429 0.30724546 0.22079074 0.87020898 0.49542946 -0.38647568 0.54596382 0.27575338 -0.27048838 0.70786947 0.51340187 -0.11500271 0.5723294 0.48038822 0.11482036 0.56891143 0.64696914 -0.32687184 0.58389866 0.61419529 -0.19447307 0.53998685 0.85908532 -0.3274883 0.54842257 0.81619203 -0.18058218
0.93539816 0.32834035 -0.03441369 0.73517305 0.27070192 0.41924268 0.93633217 0.44652212 -0.19463556 0.55531138 0.30753785 0.29153913 0.87305534 0.49705395 -0.41932622 0.53603429 0.26935944 -0.14104451 0.70819539 0.51587999 -0.15418659 0.597718 0.48256075 0.15422808 0.56850338 0.64684826 -0.32698417 0.59262788 0.59589255 0.07528543 0.53917837 0.86283165 -0.39650357 0.60052216 0.77836156 0.08655152
0.92899328 0.3294259 0.19034645 0.7102294 0.26529545 0.43141386 0.93773919 0.44874382 0.04780893 0.52958423 0.30762962 0.23514952 0.87356484 0.49955109 -0.24491438 0.548177 0.28213921 -0.24414453 0.70277554 0.51607978 -0.10664602 0.57202673 0.48245361 0.10629852 0.59088546 0.64569831 -0.28174111 0.57439303 0.62190431 -0.12510386 0.53934735 0.86133885 -0.28042182 0.5561201 0.81560332 -0.07825677
0.92997289 0.33081102 0.22408015 0.70718879 0.26702982 0.44081759 0.94082713 0.44895309 0.04356344 0.52735895 0.31329289 0.21810354 0.87637848 0.49911529 -0.26165745 0.56068915 0.29838046 -0.28472936 0.71245795 0.51652306 -0.10716853 0.57145637 0.48358151 0.10686337 0.58421642 0.64144403 -0.36185914 0.5572381 0.62318367 -0.18430182 0.53886092 0.85986549 -0.4251222 0.53534359 0.81958514 -0.239549 
0.93391484 0.33057573 0.17967092 0.70767611 0.27067879 0.44210926 0.94185746 0.44872123 0.01845334 0.53063685 0.31581572 0.21525508 0.87872374 0.50117862 -0.26722369 0.56429482 0.30473915 -0.28647763 0.71500605 0.51825196 -0.12119851 0.57769227 0.48548251 0.12094567 0.5797568 0.64345008 -0.35897139 0.56507951 0.62163788 -0.15599059 0.53765041 0.86467719 -0.40323508 0.55002344 0.81001121 -0.12934412
0.93289673 0.33154067 0.26876861 0.70176226 0.27112308 0.46290997 0.93755907 0.44835195 0.09725805 0.52623671 0.31255811 0.21923316 0.88033652 0.50005364 -0.22000353 0.57297474 0.30491427 -0.26462114 0.71091962 0.51810694 -0.1139897 0.57497591 0.48503464 0.11355525 0.58024555 0.64162534 -0.31103709 0.56384099 0.62668526 -0.12778412 0.53771049 0.86327368 -0.40668079 0.54991442 0.81924605 -0.13284875
0.92991513 0.33139688 0.24251364 0.70183617 0.27116886 0.44240496 0.93578702 0.44789594 0.06769282 0.5265528 0.31530175 0.19291902 0.87472528 0.49257365 -0.22586724 0.6058355 0.30979994 -0.26482961 0.70999342 0.51735401 -0.11134582 0.5718084 0.48467007 0.1109707 0.57825649 0.6414994 -0.34556583 0.55769926 0.63188851 -0.12700146 0.53862143 0.86232191 -0.40949041 0.54544818 0.82880783 -0.16044837
0.93202376 0.3313078 0.28768823 0.70231807 0.2705228 0.44168282 0.93385327 0.44760308 0.13724096 0.52864385 0.31527936 0.18793724 0.88153881 0.49538082 -0.1658631 0.62890041 0.31515229 -0.26114357 0.72037327 0.51680052 -0.08870415 0.57192308 0.4845942 0.08840593 0.58997697 0.64010179 -0.37429067 0.54149359 0.63817155 -0.20898908 0.54468054 0.8553589 -0.43973723 0.52976173 0.83857089 -0.27430812
0.92493361 0.33116636 0.33667025 0.69700301 0.26581225 0.49195445 0.93197244 0.4475176 0.17125559 0.52184623 0.30107591 0.19597444 0.8876487 0.49997026 -0.15175983 0.62154704 0.29667842 -0.2901274 0.71695286 0.51620823 -0.08963102 0.56691766 0.48407575 0.08927284 0.58726305 0.63474482 -0.41938591 0.54090655 0.63523096 -0.2081406 0.54096317 0.85922199 -0.54107302 0.53353304 0.83372021 -0.30404356
0.93679875 0.33418328 0.29495701 0.69676036 0.2685585 0.4676469 0.92858219 0.45007333 0.1326462 0.52414626 0.31190062 0.18873957 0.89787239 0.51278508 -0.18669844 0.62004429 0.30237502 -0.30488038 0.71791035 0.5173887 -0.08569505 0.56722021 0.48692274 0.08538771 0.5933274 0.64040738 -0.3463828 0.53793222 0.64751732 -0.19507094 0.53771234 0.86051452 -0.45995125 0.52803749 0.83683759 -0.27836558
0.93034142 0.33868542 0.36591458 0.66788137 0.27357599 0.51361406 0.92515695 0.45195419 0.1871393 0.51504421 0.31979492 0.19198382 0.90276349 0.51961553 -0.1787599 0.61131459 0.30184013 -0.33756065 0.7166515 0.51931745 -0.07764598 0.56034052 0.48842534 0.07721838 0.61022496 0.6404137 -0.35220203 0.52115101 0.65133858 -0.1401172 0.53749609 0.85985178 -0.39714301 0.52056491 0.83695519 -0.09684215
0.88439989 0.33853233 0.40403754 0.65236032 0.2724649 0.50426251 0.87826002 0.44824392 0.21643978 0.5161249 0.32413563 0.16253294 0.89850664 0.51632577 -0.17058186 0.61228633 0.31578723 -0.33833867 0.68215859 0.51431578 -0.05959426 0.53375453 0.48378751 0.05928452 0.60891736 0.63735038 -0.36212289 0.51196831 0.64896417 -0.14831895 0.5331282 0.85732257 -0.37669858 0.51610887 0.8354643 -0.11373082
0.88537496 0.32849446 0.41565999 0.6579119 0.26814622 0.51193392 0.81631738 0.41528347 0.20685293 0.54081243 0.32664761 0.20702222 0.74174774 0.36160043 -0.03708491 0.65080225 0.33942214 -0.12773338 0.68413329 0.50844157 -0.07751322 0.53468692 0.4800705 0.07744367 0.58574796 0.6373201 -0.38538772 0.5289771 0.64072841 -0.08145143 0.51525104 0.86880285 -0.63953352 0.52717614 0.81881726 -0.12121035
8.88829291e-01 3.22462976e-01 2.48398274e-01 6.70433223e-01 2.66772270e-01 4.06714797e-01 8.02441239e-01 4.09527272e-01 2.00376008e-02 5.51654398e-01 3.28845143e-01 1.61627173e-01 7.22846150e-01 3.40895474e-01 -1.91350102e-01 6.46203160e-01 3.38086128e-01 -1.79309681e-01 6.85906231e-01 5.08572400e-01 -1.09984204e-01 5.42645156e-01 4.82900888e-01 1.09969445e-01 5.66086292e-01 6.44504547e-01 -3.89888436e-01 5.29843628e-01 6.40513122e-01 -2.54177459e-04 5.06416082e-01 8.72742534e-01 -5.58472097e-01 5.27798414e-01 8.19083333e-01 2.04879139e-02
0.88712913 0.32196397 0.25981015 0.66834533 0.26396549 0.3938494 0.83035702 0.41526574 0.02317178 0.54990196 0.33044022 0.17093971 0.77001429 0.39776871 -0.219504 0.64385456 0.34199437 -0.1536658 0.68090755 0.50856292 -0.10814235 0.54455096 0.48283827 0.1080876 0.56232506 0.64580327 -0.3691147 0.52456826 0.64241594 0.00478704 0.50578547 0.87310606 -0.49575445 0.52517128 0.81939828 0.03244307
0.86438704 0.33602127 0.39444613 0.63353062 0.27492899 0.49576506 0.8425777 0.43796974 0.22199927 0.51675558 0.34014806 0.22517847 0.87076104 0.49689066 -0.12154209 0.59391493 0.343164 -0.16484419 0.66753674 0.51432139 -0.09035502 0.52830184 0.48691174 0.09013084 0.56037164 0.64812964 -0.3061544 0.50049961 0.65311724 -0.01647688 0.50748259 0.87189394 -0.36959556 0.51019394 0.82499135 0.01784704
0.87091607 0.33690968 0.3106969 0.64440763 0.27465254 0.1857392 0.8704201 0.45029551 0.18707544 0.53846067 0.357039 -0.06182882 0.90043235 0.51504821 -0.13236552 0.74222153 0.39768508 -0.35626432 0.66849679 0.51661277 -0.05021066 0.53542876 0.48990667 0.05026699 0.61085492 0.64302593 -0.31626385 0.50732899 0.67052782 -0.06958927 0.56307459 0.85483056 -0.27293724 0.50220692 0.84630507 -0.00449688
0.86882073 0.34617749 0.24189459 0.64444977 0.27922615 0.01692961 0.87084597 0.46972564 0.17871633 0.57856244 0.38128963 -0.17461102 0.90603781 0.52526772 -0.14094169 0.81250155 0.42191035 -0.34992716 0.66643691 0.52538943 -0.01704327 0.53578228 0.49438554 0.01722103 0.61162698 0.66792488 -0.12633403 0.50957471 0.67528176 -0.02138983 0.54536754 0.85730278 -0.02649692 0.49946839 0.84496784 0.15671766
0.86311811 0.34575272 0.25777054 0.64577514 0.28100601 0.15487693 0.87089944 0.46877077 0.17090051 0.57557446 0.37413248 -0.04140403 0.89720941 0.51496321 -0.11328236 0.76071709 0.41305295 -0.29532275 0.6631828 0.52452242 -0.03391752 0.53763723 0.49425176 0.03399469 0.59048402 0.6629706 -0.19994147 0.50922644 0.6721493 -0.11817057 0.52725303 0.85888779 -0.21316031 0.49645522 0.84573179 -0.06932142
0.86253172 0.34554082 0.13772263 0.64197785 0.28264555 0.09817365 0.87095332 0.46676591 0.07648097 0.57034111 0.37467381 -0.06980789 0.89859056 0.5132786 -0.1786745 0.74226946 0.42253414 -0.33080065 0.66325092 0.52410054 -0.04979633 0.53891146 0.49582157 0.05003212 0.57319611 0.65522152 -0.37794879 0.50798112 0.67094767 0.00727097 0.51223093 0.86210042 -0.35105062 0.49695668 0.83467114 0.15499219
0.84539461 0.34820038 0.30635822 0.64011985 0.31291786 0.40475723 0.87205434 0.46749592 0.1525082 0.57620728 0.39216128 0.1614358 0.90194505 0.5171507 -0.10314566 0.73210502 0.41985601 -0.14110495 0.65732527 0.52858144 -0.11435396 0.54059625 0.51102835 0.11405145 0.50603122 0.6596173 -0.37193096 0.50741428 0.66854697 0.0155944 0.50294185 0.86490244 -0.56427222 0.53076208 0.82599616 -0.00106946
0.89771485 0.34345198 0.15935911 0.70908296 0.30944231 0.36246172 0.89608848 0.465444 -0.00436413 0.621409 0.3828536 0.1281724 0.91898888 0.51688999 -0.25335106 0.80394477 0.41809219 -0.15520464 0.69564992 0.52961951 -0.16049936 0.60946018 0.5093224 0.16048643 0.51638132 0.65882331 -0.43831173 0.55486697 0.64737892 0.09750168 0.50219387 0.8660624 -0.63340634 0.58286035 0.81476426 0.09689879
0.85824633 0.34264219 0.18080814 0.67801702 0.30600893 0.34590507 0.89400047 0.46427479 0.04881375 0.5644111 0.37757918 0.12471095 0.91698974 0.51725888 -0.25160384 0.63254887 0.39617607 -0.17735787 0.67146361 0.53019595 -0.1449175 0.59718716 0.513776 0.14486286 0.48391926 0.66114497 -0.42442074 0.54815912 0.63589931 0.23097017 0.49779272 0.87016273 -0.65415847 0.60233212 0.7940715 0.34000143
0.83744991 0.33404538 0.22016057 0.68250352 0.30635744 0.5296185 0.89267004 0.45156208 0.05857746 0.61973846 0.37724108 0.27514717 0.91609126 0.51834995 -0.14636506 0.71646839 0.39696553 -0.13667805 0.65989959 0.52976161 -0.18780522 0.59796154 0.51948631 0.18744379 0.45751235 0.66229761 -0.45706388 0.54681134 0.63608831 0.24757473 0.48855144 0.87857145 -0.74584794 0.6053496 0.79722756 0.25533605
0.84364355 0.32888085 0.01021264 0.70158738 0.30305633 0.40777758 0.88476098 0.45076546 -0.12807524 0.65533251 0.37925139 0.22135152 0.91535646 0.5201298 -0.34912673 0.80022359 0.41194853 -0.1423547 0.66495568 0.52919614 -0.21466568 0.61312932 0.5189575 0.21449009 0.45251104 0.65078706 -0.52148461 0.54248655 0.62912565 0.23924668 0.4876765 0.87802857 -0.78095597 0.60350311 0.79620892 0.31072643
0.83157623 0.32319534 -0.03158185 0.75180548 0.30764449 0.41532859 0.79863518 0.42883471 -0.12907867 0.68888253 0.38590765 0.2662293 0.84846193 0.49177113 -0.29059491 0.78734362 0.42820829 -0.06487312 0.6654073 0.53010517 -0.23527946 0.63556987 0.52652305 0.23487693 0.43389514 0.65729499 -0.48993424 0.52106279 0.62649733 0.26781619 0.48733318 0.87712067 -0.76538175 0.59502548 0.7929281 0.31005222
0.83695614 0.32025915 -0.02022962 0.76581234 0.3097876 0.5000717 0.81142753 0.42182922 -0.12125441 0.66433764 0.38526616 0.33995149 0.80056667 0.45499837 -0.23462269 0.62386674 0.40056297 -0.05030687 0.67819011 0.53224224 -0.23941639 0.64949876 0.5319162 0.23897035 0.43760148 0.65540016 -0.51636422 0.51973337 0.62430125 0.33650661 0.48329169 0.87850183 -0.87494528 0.60362417 0.79101914 0.3628588 
0.83960974 0.32167858 -0.07074201 0.74407715 0.30764803 0.41666004 0.81192023 0.43957537 -0.15021992 0.65307492 0.38207939 0.29550338 0.82495517 0.50206369 -0.30839205 0.63121313 0.3662121 0.0187186 0.67990494 0.53358001 -0.22697267 0.63349324 0.53102738 0.2267492 0.44494766 0.65276581 -0.52045536 0.47620872 0.62629151 0.26770568 0.48139203 0.87791461 -0.77111751 0.59745467 0.79423815 0.40941158
0.88781101 0.33473673 0.12445303 0.72902584 0.30788419 0.45820785 0.89398634 0.46512288 -0.00372165 0.61059153 0.38074335 0.27437696 0.90394545 0.53755587 -0.27419943 0.64612418 0.37149987 -0.25999251 0.70542091 0.54012084 -0.21194461 0.62593269 0.53390354 0.21168739 0.422952 0.66070747 -0.49621481 0.46599978 0.62710053 0.23247732 0.48030558 0.87766391 -0.75685471 0.5948537 0.79590362 0.321181 
0.91923624 0.34258479 0.12427841 0.72849023 0.3027221 0.4530758 0.89278162 0.47377691 -0.00466229 0.61303306 0.38017291 0.15929076 0.91980958 0.53486174 -0.25914237 0.72831964 0.40284288 -0.31066331 0.71468323 0.54722339 -0.20609632 0.62346601 0.53353912 0.20600332 0.4151876 0.66563284 -0.49599966 0.45821071 0.63302749 0.22704679 0.48046824 0.87975252 -0.73667604 0.58308738 0.80128437 0.29290453
0.92996591 0.35300788 -0.0305522 0.72374058 0.30266967 0.08893258 0.90207058 0.48181152 -0.14640601 0.60512698 0.37956244 -0.20524842 0.92678797 0.55105782 -0.36616275 0.77860802 0.43050036 -0.56884015 0.7212137 0.55497277 -0.2001503 0.62218142 0.53274995 0.20030004 0.44108742 0.66470087 -0.48297176 0.45102492 0.64128584 0.14528222 0.48267528 0.87951142 -0.52297461 0.5616262 0.80919874 0.28097978
0.97020209 0.35916469 0.05869974 0.73398197 0.30968225 0.21579179 0.92580074 0.48319089 -0.0996792 0.63392246 0.38756269 -0.0158944 0.92950606 0.55485636 -0.32159594 0.81776983 0.44233426 -0.44673187 0.75201643 0.56312877 -0.20355529 0.64214188 0.53788209 0.20363146 0.43514973 0.66429138 -0.47998658 0.4529632 0.63183004 0.09801532 0.48655599 0.87744302 -0.58513731 0.55103463 0.80635393 0.13171044
0.94782889 0.36596537 0.19647048 0.73671448 0.31979269 0.35335729 0.94547355 0.48354653 -0.02607388 0.65047663 0.39126357 0.03097171 0.93448037 0.56666678 -0.30394024 0.78990674 0.43449706 -0.43505669 0.74071139 0.56413311 -0.19344705 0.64077008 0.54380006 0.19325846 0.45335013 0.65578645 -0.41719958 0.48229027 0.63149256 0.04093438 0.48682353 0.87638611 -0.64503348 0.55279309 0.81000865 -0.10715692
0.94072056 0.38468391 0.22995086 0.73123032 0.33595479 0.43751445 0.94141662 0.50440788 0.02982031 0.62523615 0.39459735 0.06176331 0.93468416 0.58056062 -0.25645509 0.76497591 0.42854315 -0.44975963 0.7426852 0.57360429 -0.18012957 0.63779289 0.55667406 0.17981796 0.48808068 0.64639252 -0.41775355 0.47966236 0.65067881 -0.03552253 0.51082468 0.85225493 -0.58109492 0.51578927 0.85178888 -0.15392753
0.97173679 0.38304418 0.00666816 0.76672447 0.34372416 0.41195866 0.97268993 0.50798291 -0.15548225 0.6404826 0.41109654 0.15728837 0.93058509 0.57496393 -0.3473945 0.69638664 0.42658398 -0.40664464 0.76679516 0.58323348 -0.19519162 0.65597403 0.56449395 0.19510563 0.46085462 0.64682901 -0.41998786 0.42131972 0.64399314 0.00976751 0.50464064 0.86115891 -0.59946358 0.52464783 0.8325727 0.00428476
0.97261715 0.38323578 -0.04731252 0.77231836 0.35375708 0.41590738 0.96509695 0.50496471 -0.2274814 0.63925135 0.4164606 0.20929454 0.92361176 0.57720554 -0.4185445 0.66639537 0.40952405 -0.31550366 0.76268548 0.58579075 -0.20275076 0.65279549 0.56764156 0.20286661 0.45543796 0.64736259 -0.42819795 0.42893839 0.64515311 0.03328257 0.50374895 0.8603887 -0.6075477 0.5277071 0.8294571 0.01319634
0.97032213 0.38090438 -0.03278794 0.79261822 0.36748651 0.43639836 0.95864326 0.50189912 -0.22020026 0.68640554 0.44370201 0.31721905 0.89537317 0.57592702 -0.40845764 0.69240201 0.45575413 -0.06908032 0.76037925 0.5891642 -0.21474773 0.6607089 0.57345164 0.21473064 0.44597054 0.65144306 -0.43273774 0.42279279 0.64493918 0.09304634 0.49564537 0.86701787 -0.60439837 0.53147393 0.79364854 0.16053249
0.96312314 0.39236906 0.03815768 0.8011415 0.37635154 0.49962786 0.93802327 0.49947894 -0.17479937 0.70250052 0.45220941 0.36423224 0.87033147 0.56926638 -0.37546858 0.72622979 0.4644579 -0.02384653 0.75762373 0.58546162 -0.21388268 0.66535151 0.57927424 0.21377499 0.43843478 0.66066563 -0.39511627 0.42417967 0.6450054 0.05771309 0.49307957 0.87165254 -0.58774644 0.52900666 0.79817474 0.04329211
0.96171367 0.4070777 0.02819793 0.78816521 0.37676808 0.4888781 0.92722607 0.5122419 -0.1938612 0.68009835 0.43768299 0.27870962 0.8615278 0.57598138 -0.40226462 0.69868165 0.45814091 -0.19288693 0.75490332 0.58535343 -0.21074216 0.66283643 0.57555717 0.21064836 0.42611125 0.66852689 -0.40433174 0.41766581 0.63629502 0.13847956 0.49305972 0.87411511 -0.56951505 0.52030796 0.79872483 0.19622366
0.95323801 0.41689619 0.02954712 0.78285331 0.38236955 0.4658947 0.92902863 0.52176481 -0.17563887 0.67381006 0.4484618 0.24012968 0.88624161 0.61543465 -0.38231972 0.72098935 0.45503896 -0.25610784 0.7542299 0.59442598 -0.18171825 0.65667617 0.58205503 0.18179488 0.43545613 0.66322637 -0.45808348 0.42189437 0.63648665 0.1004638 0.49514267 0.85118014 -0.57015389 0.4969795 0.82072669 0.06657825
0.9422937 0.42528352 0.1579608 0.76439857 0.38340223 0.52061415 0.91072482 0.53333676 -0.04929168 0.66577756 0.44999784 0.23881121 0.90101916 0.64100355 -0.25368276 0.71054637 0.448798 -0.30043751 0.75154161 0.60046828 -0.1573384 0.62991679 0.58508515 0.1569951 0.45071107 0.66035253 -0.4821986 0.42597854 0.64355034 -0.05041543 0.50653338 0.85295796 -0.45753378 0.50013173 0.85452831 -0.02818853
0.93557936 0.43523061 0.35117984 0.74187124 0.37915552 0.5895738 0.89061034 0.53036374 0.11177147 0.6538499 0.4437674 0.24583441 0.88936585 0.61634153 -0.15318528 0.71224689 0.46123132 -0.28739566 0.74720651 0.59607136 -0.15273893 0.61787778 0.58146095 0.15241678 0.4591549 0.65869045 -0.59013969 0.42653215 0.67480683 -0.03566026 0.50616574 0.85335916 -0.63948339 0.49259305 0.87020558 -0.13012668
0.93564087 0.43612784 0.25919652 0.76445156 0.39652494 0.53327268 0.89355272 0.52773541 -0.00988127 0.65520883 0.44844609 0.24110068 0.89828634 0.61569667 -0.33705097 0.71077555 0.45983866 -0.28466335 0.74701893 0.59621531 -0.158382 0.63568431 0.5877977 0.15812315 0.42853725 0.67472881 -0.41738027 0.42985347 0.63491094 0.11322996 0.49323821 0.87485975 -0.62870479 0.49574178 0.81259102 0.06937701
0.93029767 0.44466555 0.20372416 0.74865544 0.39404187 0.51366055 0.894539 0.540766 -0.03460745 0.6156382 0.44803244 0.17344175 0.91048104 0.64005357 -0.33664915 0.68291545 0.45753139 -0.3867152 0.73175818 0.59703052 -0.16748948 0.62309033 0.58485341 0.16719122 0.42542779 0.68340057 -0.50884789 0.42620441 0.6475051 0.10662983 0.48712361 0.88091624 -0.67527318 0.50834155 0.81290776 0.11568611
0.92898178 0.45465997 0.23291303 0.73822892 0.39371273 0.52041411 0.89522415 0.54731959 -0.03141778 0.55818385 0.40554318 0.16658473 0.91118693 0.63836628 -0.36403665 0.65124303 0.45584962 -0.38142508 0.73107308 0.60247326 -0.17062621 0.61462456 0.58557945 0.17035845 0.43582278 0.68126565 -0.51710784 0.41653764 0.66137117 0.1476462 0.48427802 0.87880778 -0.65378535 0.50367987 0.83422619 0.24248385
0.92583185 0.46455517 0.22593401 0.72737932 0.3978034 0.51521617 0.89675421 0.56146044 -0.04024243 0.54314756 0.40027034 0.16527179 0.87905496 0.63523924 -0.40489113 0.63925588 0.45460898 -0.36088753 0.72733629 0.61298341 -0.17188886 0.60309011 0.59457803 0.171606 0.44597307 0.66799778 -0.52504075 0.41864559 0.64800537 0.13095564 0.48353639 0.87800068 -0.67292976 0.50523144 0.82829815 0.15556838
0.92310798 0.47435191 0.21098165 0.71999902 0.40069705 0.41580516 0.89773095 0.57468259 -0.04092141 0.54949826 0.40377322 0.05098013 0.87971008 0.64500588 -0.35331464 0.65005904 0.46284026 -0.4490037 0.72122985 0.61910605 -0.14997488 0.58693749 0.59893197 0.14983229 0.49391383 0.62401175 -0.5837363 0.41043356 0.65740222 -0.00637136 0.47312221 0.84347653 -0.56442249 0.49509349 0.83987457 0.05465511
0.91267323 0.48182589 0.11256775 0.70174795 0.40235841 0.25805578 0.89081311 0.57721031 -0.15334682 0.54131895 0.40673816 -0.09703524 0.86055285 0.636096 -0.48172957 0.65768409 0.48109868 -0.51839691 0.71231067 0.62813765 -0.13039099 0.57391638 0.60406613 0.13049082 0.51675719 0.63544625 -0.62614053 0.41119483 0.66363978 -0.07841674 0.48119593 0.84742516 -0.56106287 0.49072543 0.84530032 -0.04301275
0.89667028 0.48523769 0.12625782 0.70501536 0.4100894 0.33650273 0.89202976 0.58343667 -0.12345193 0.55138153 0.42859203 0.026195 0.86659718 0.64612728 -0.42534858 0.66147482 0.480737 -0.45005608 0.69513959 0.6429798 -0.1380689 0.57579559 0.61064744 0.13810295 0.43388176 0.67968774 -0.58948821 0.41125286 0.64654785 0.05792458 0.47990865 0.8753531 -0.72429353 0.53189081 0.78755569 0.17032446
0.8848393 0.49033734 0.36827284 0.68453372 0.41057926 0.37803397 0.90543836 0.59060043 0.10651716 0.55625439 0.4365657 -0.02975512 0.9092049 0.67180026 -0.22291338 0.66217822 0.49692959 -0.49774837 0.68287289 0.64162761 -0.08398175 0.55010843 0.60823643 0.08423337 0.53070635 0.65987176 -0.63873565 0.41298005 0.6782245 -0.20132937 0.48428187 0.87249905 -0.68208915 0.52259642 0.84711796 -0.1214186 
0.87426019 0.49679163 0.31849766 0.67068094 0.4131681 0.33739546 0.90691233 0.58915943 0.05875663 0.54972291 0.45063379 -0.08355239 0.93212169 0.66761655 -0.26628637 0.66620177 0.50324291 -0.51386338 0.67085719 0.64843667 -0.08759665 0.53783977 0.61420476 0.0876717 0.52810079 0.66138232 -0.59338742 0.4133561 0.69962907 -0.15716812 0.48958284 0.86652482 -0.55918354 0.49391174 0.86610544 -0.16091213
0.87421197 0.49726626 0.45965236 0.68012619 0.41891959 0.50290042 0.8916744 0.58294314 0.19405024 0.55297691 0.45344514 0.08888008 0.92695278 0.65689623 -0.14559644 0.69405967 0.51516628 -0.31169254 0.67863822 0.64263648 -0.09212691 0.54696828 0.61335415 0.09208757 0.54768753 0.65007919 -0.58292884 0.43709567 0.6997022 -0.23006205 0.49025759 0.84510332 -0.71683621 0.48575276 0.87675065 -0.4625771 
0.87828809 0.50290734 0.35551572 0.68470216 0.424135 0.48553535 0.88696831 0.58832747 0.15711893 0.55702806 0.45736951 0.07967692 0.89188427 0.63706374 -0.20921591 0.69268811 0.51055259 -0.34710097 0.68199337 0.6523416 -0.09806628 0.55422997 0.6214782 0.09821305 0.61097664 0.64776421 -0.60118115 0.43577996 0.70895183 -0.35795078 0.44900176 0.75082809 -0.65594691 0.47814095 0.88267457 -0.54847723
0.88056022 0.50533026 0.20820215 0.68792313 0.42777711 0.30183893 0.8894273 0.59829932 0.00586652 0.55903536 0.46356669 -0.0789393 0.92954904 0.66298527 -0.29493204 0.69221753 0.5115425 -0.51514733 0.68985629 0.66162699 -0.09430908 0.55929726 0.62832361 0.09445678 0.57299358 0.65903038 -0.57647204 0.40347967 0.70714539 -0.26288554 0.46077532 0.7977286 -0.53212297 0.47730815 0.87596291 -0.34398553
0.88076621 0.50581974 0.48323941 0.66863561 0.42367604 0.43511245 0.89028537 0.59530509 0.20641558 0.56030524 0.46646187 -0.01988449 0.92696041 0.66602999 -0.24030137 0.69371933 0.52128106 -0.45937577 0.69056565 0.65689093 -0.03821999 0.54877734 0.62619013 0.03856812 0.6932689 0.64599687 -0.64102125 0.38587168 0.70995814 -0.52719182 0.45707396 0.73135394 -0.57274526 0.47016495 0.88603884 -0.58315825
0.87840009 0.5126363 0.38187656 0.66735411 0.42865071 0.39224365 0.89470309 0.59913218 0.12188221 0.56316298 0.47889984 -0.02057789 0.93177813 0.66938132 -0.27967688 0.68215019 0.51497084 -0.48619911 0.6917057 0.66385567 -0.03531274 0.54806584 0.63263506 0.03564729 0.70014244 0.64772058 -0.64453775 0.38591743 0.71335024 -0.55582249 0.4522379 0.72600853 -0.55246425 0.46527019 0.88789427 -0.56584948
0.85898888 0.51634961 0.22760598 0.65120673 0.4290677 0.11146713 0.89388466 0.59997135 0.04079017 0.56366718 0.48319688 -0.26329896 0.93183559 0.67038029 -0.35685548 0.6875509 0.53608346 -0.65844822 0.68035656 0.666246 0.00631755 0.53432852 0.63698131 -0.00585966 0.75588238 0.65998709 -0.54933494 0.38956705 0.71656936 -0.58125532 0.46532205 0.73336756 -0.27042815 0.46133271 0.88995761 -0.46774682
0.84829623 0.51623911 0.17957716 0.64730459 0.42824063 0.01375011 0.88632786 0.60559058 0.03823414 0.57964069 0.48261032 -0.36734915 0.92929167 0.67208272 -0.34481469 0.69037247 0.53192645 -0.77569777 0.6699127 0.66304451 0.0416295 0.5236786 0.63597023 -0.04133897 0.79445761 0.67747653 -0.44926438 0.39049947 0.71986407 -0.55118269 0.48542175 0.72368819 -0.10733513 0.45985207 0.8926878 -0.40546957
0.84854746 0.51525223 0.14153951 0.65405655 0.42625779 -0.0707898 0.88085121 0.60352862 0.01755133 0.57991517 0.4796319 -0.41220585 0.92724556 0.66859758 -0.33354971 0.70607609 0.55623406 -0.72010666 0.66523033 0.66308272 0.04876765 0.52030975 0.63647211 -0.04832655 0.80221224 0.68128681 -0.43860024 0.39225408 0.72351581 -0.518161 0.50118613 0.73775733 -0.10840058 0.45957986 0.89476973 -0.38931635
0.85325861 0.51768714 0.14012498 0.65668797 0.42557129 -0.05543635 0.9018355 0.6026004 0.01144713 0.57188934 0.47832018 -0.39593765 0.92185658 0.66679364 -0.33204263 0.70042676 0.55287933 -0.71667612 0.66887164 0.66898102 0.0434561 0.52490669 0.64335608 -0.04305882 0.81714803 0.68224412 -0.41734496 0.39344451 0.72560525 -0.55241084 0.50558364 0.72848696 -0.09215611 0.45982647 0.89570987 -0.38624355
0.85136604 0.51937741 0.12750565 0.66709691 0.43831071 -0.02948748 0.8970353 0.60056514 -0.02222266 0.57970327 0.49531844 -0.34088388 0.89380312 0.65493411 -0.35671258 0.6994155 0.55735672 -0.65909976 0.67115253 0.67477578 0.03144657 0.52650541 0.64857495 -0.03097603 0.80509627 0.68212897 -0.38274089 0.39528996 0.72341573 -0.5801999 0.49042517 0.71935737 -0.16707081 0.45987087 0.89548767 -0.47608322
0.85257798 0.5201264 0.09297942 0.67234182 0.44266835 -0.05142371 0.89689219 0.59978569 -0.0421024 0.59555423 0.50549573 -0.30951157 0.88891256 0.65463191 -0.34835887 0.7128675 0.5827359 -0.52389902 0.67212075 0.67807889 0.02236688 0.52691543 0.65300328 -0.02191866 0.79630613 0.68533105 -0.39720622 0.39574334 0.72738498 -0.53076887 0.49117517 0.72902572 -0.15646109 0.46029148 0.89552319 -0.43204543
0.87431282 0.51946092 0.12301739 0.67531562 0.4530161 0.02494754 0.89749992 0.59983951 -0.01394693 0.62579441 0.52036953 -0.1562072 0.86868435 0.6474874 -0.24662973 0.76346201 0.60065341 -0.28658673 0.6814068 0.68560737 0.01315041 0.53738129 0.66192693 -0.01270428 0.804726 0.68270504 -0.51543558 0.39556652 0.72628349 -0.51895756 0.49164999 0.73552316 -0.30292985 0.4608492 0.89577997 -0.41294083
0.87575597 0.52862191 -0.01884679 0.67739326 0.455553 -0.10061988 0.90530115 0.61035401 -0.22624286 0.6331048 0.5340938 -0.26686284 0.78484052 0.59793776 -0.52291435 0.78602868 0.60948461 -0.3740482 0.68470061 0.68563819 0.00827577 0.53836977 0.6608032 -0.00804004 0.81140894 0.68158621 -0.61538881 0.40040684 0.72849566 -0.50130802 0.50311512 0.73842621 -0.33979693 0.46215972 0.89504212 -0.35787228
0.89317256 0.5274418 0.00244676 0.68376392 0.46086699 -0.03298456 0.90498227 0.62418771 -0.24753568 0.62327206 0.5282957 -0.25511172 0.76138395 0.58616376 -0.53565586 0.76294696 0.59323275 -0.38236821 0.68860167 0.68977463 -0.00258873 0.54483384 0.66401607 0.00280997 0.79669714 0.68149513 -0.56729865 0.41168433 0.7306146 -0.49332371 0.50159448 0.74175012 -0.33213803 0.46271756 0.89441782 -0.35969234
0.87870866 0.53067929 0.01271351 0.67920095 0.45791048 -0.12484851 0.90434921 0.62277889 -0.15133712 0.62087244 0.52906853 -0.33170483 0.85540891 0.65875685 -0.51884574 0.76604164 0.60677063 -0.42727029 0.68685836 0.68747258 0.00454101 0.53754568 0.66212028 -0.00425231 0.79417402 0.68196434 -0.43220031 0.42495328 0.73766142 -0.45707887 0.49760962 0.74266922 -0.15645629 0.46571895 0.89389116 -0.2635223 
0.86747134 0.5314306 0.02153529 0.67035139 0.44416267 -0.21225955 0.90508997 0.61897171 -0.11297683 0.6191926 0.52204287 -0.44751877 0.89031422 0.66870344 -0.41323075 0.76323426 0.59903902 -0.56887835 0.68160021 0.6868757 0.02878291 0.53646326 0.66070515 -0.02846146 0.81667578 0.68113875 -0.44500798 0.42978019 0.73682368 -0.4538359 0.49043608 0.72974849 -0.21096055 0.4657793 0.89500487 -0.26959106
0. 0. 0. 0. 0. 0. 0. 0. 0. 0. 0. 0. 0. 0. 0. 0. 0. 0. 0. 0. 0. 0. 0. 0. 0. 0. 0. 0. 0. 0. 0. 0. 0. 0. 0. 0. 0. 0. 0. 0. 0. 0. 0. 0. 0. 0. 0. 0. 0. 0. 0. 0. 0. 0. 0. 0. 0. 0. 0. 0. 0. 0. 0. 0. 0. 0. 0. 0. 0. 0. 0. 0. 0. 0. 0. 0. 0. 0. 0. 0. 0. 0. 0. 0. 0. 0. 0. 0. 0. 0. 0. 0. 0. 0. 0. 0. 0. 0. 0. 0. 0. 0. 0. 0. 0. 0. 0. 0. 0. 0. 0. 0. 0. 0. 0. 0. 0. 0. 0. 0. 0. 0. 0. 0. 0. 0. 0. 0. 0. 0. 0. 0.
0.87654519 0.52750003 0.15748739 0.701949 0.44804239 0.17110159 0.90530944 0.60716403 0.03288018 0.63149655 0.50562447 -0.06643143 0.86703646 0.66733158 -0.16763091 0.69936252 0.55404174 -0.34212396 0.68469596 0.66285592 -0.0387476 0.55229032 0.63591713 0.03899294 0.744802 0.64820689 -0.56189841 0.38807395 0.71382499 -0.47911966 0.50528455 0.72596997 -0.27199736 0.46896452 0.88755691 -0.3328836 
8.78453612e-01 5.28842628e-01 1.58739492e-01 7.04530954e-01 4.59289223e-01 3.02380711e-01 9.20415938e-01 6.09647393e-01 -2.56225292e-04 6.31587446e-01 5.08630812e-01 6.58560470e-02 8.71369600e-01 6.64934278e-01 -2.16767251e-01 7.09918499e-01 5.51744998e-01 -2.76335418e-01 7.05818534e-01 6.71874166e-01 -7.23145828e-02 5.70667386e-01 6.50334895e-01 7.25610703e-02 6.82647169e-01 6.48211181e-01 -5.02315044e-01 3.99671793e-01 7.17597723e-01 -3.20262551e-01 4.91691649e-01 7.30531693e-01 -2.97717571e-01 4.69747901e-01 8.87560844e-01 -2.61198401e-01
0.88195068 0.51330107 0.158738 0.70280683 0.46110412 0.32933074 0.91966444 0.60683227 0.00724983 0.64209968 0.51637864 0.14356883 0.87625802 0.66814178 -0.18011589 0.7158531 0.55560285 -0.17983079 0.70325792 0.67107487 -0.07493863 0.56849509 0.65160865 0.07513758 0.69446462 0.62624186 -0.49234805 0.44868356 0.71871084 -0.28359383 0.48888114 0.70790666 -0.38214245 0.47027025 0.88738567 -0.27917734
0.88788277 0.50818336 0.14757994 0.69778305 0.46090919 0.2775141 0.92675555 0.60842979 0.00939461 0.64136231 0.51605028 0.07722032 0.89166498 0.68367988 -0.18438546 0.71486348 0.55411232 -0.21527256 0.70149469 0.66728753 -0.06945841 0.5674634 0.64965886 0.06967109 0.72996175 0.60350424 -0.50796348 0.43640596 0.72234643 -0.24906577 0.49008331 0.68544048 -0.3897261 0.47030547 0.8873843 -0.17612188
0.88604695 0.50891477 0.2650663 0.68168801 0.45398274 0.32681307 0.94469434 0.60943246 0.09336988 0.62766784 0.51054078 0.04769167 0.90263528 0.68439084 -0.1432855 0.71429259 0.54180145 -0.32821608 0.70069939 0.66646618 -0.06866034 0.55615866 0.64948386 0.06896511 0.73252803 0.61226457 -0.59808749 0.42885923 0.72329652 -0.24848762 0.48672208 0.69648021 -0.45956808 0.47031027 0.88761973 -0.11504946
0.88598633 0.50989819 0.43887112 0.67524523 0.44608054 0.42368028 0.93930471 0.61309731 0.21695752 0.62321198 0.50528926 0.09288136 0.89942122 0.65910125 -0.08500659 0.71470833 0.54099524 -0.2660307 0.69967395 0.66415948 -0.05955803 0.5534265 0.64459336 0.05988241 0.74573022 0.61176181 -0.69001842 0.4281272 0.72367126 -0.20967506 0.47824407 0.69557029 -0.62941426 0.46989033 0.88878095 -0.08681331
0.89092994 0.51212317 0.34515449 0.67777526 0.4422529 0.42742661 0.93754703 0.61585808 0.14801432 0.59853417 0.48494235 0.15078226 0.89446419 0.63906044 -0.11161918 0.69847816 0.52912349 -0.2164671 0.71945626 0.66084456 -0.05884887 0.56204712 0.6432842 0.05918342 0.75792778 0.58514065 -0.65392828 0.4356645 0.71682113 -0.27197948 0.5008114 0.69354343 -0.59510666 0.46976686 0.89087892 -0.16659164
0.8977161 0.51193166 0.30472639 0.70831895 0.44905299 0.50486022 0.94328916 0.5948478 0.12547316 0.59463817 0.47784275 0.2226332 0.87371671 0.61432678 -0.06515075 0.67901272 0.51463866 -0.2384053 0.74727023 0.66089648 -0.10912278 0.60328841 0.64364439 0.10849085 0.60607004 0.59133321 -0.46534663 0.44038072 0.67451012 -0.23775949 0.49656034 0.75725764 -0.51174361 0.46976945 0.88912421 -0.30180359
0.89194506 0.50685853 0.29320151 0.70687866 0.4318293 0.48270169 0.93644315 0.59687573 0.14258699 0.59980738 0.47603506 0.2020583 0.88144141 0.62517685 -0.04553419 0.65507323 0.49380618 -0.25014827 0.73517817 0.655797 -0.09976476 0.592484 0.63645452 0.0993265 0.63634473 0.59550679 -0.50799006 0.44004926 0.68645626 -0.19219139 0.49628493 0.77754623 -0.5012666 0.47496772 0.8891142 -0.2499301 
0.91298175 0.49606743 0.24059473 0.71647847 0.44708499 0.53409171 0.95106733 0.59255964 0.05296201 0.62619847 0.49210039 0.27279434 0.8953588 0.64928216 -0.11008072 0.65701896 0.50106263 -0.24149609 0.74765968 0.65530199 -0.1214189 0.60714734 0.63850433 0.12086468 0.64819157 0.58152592 -0.51989126 0.43967 0.68763661 -0.20248747 0.50084621 0.75678408 -0.48463631 0.47886103 0.88743663 -0.25151503
0.90848762 0.49931496 0.24152535 0.71479636 0.42801511 0.4795478 0.94841218 0.59673434 0.06023896 0.6205914 0.48368809 0.21961367 0.90455681 0.67608911 -0.11101444 0.66557407 0.47342506 -0.37298843 0.7486971 0.65310311 -0.11221354 0.60982788 0.63127011 0.1116757 0.5978201 0.59641606 -0.48718452 0.47470617 0.66840577 -0.22804835 0.53851658 0.81168944 -0.51901919 0.48443308 0.87899476 -0.34302643
0.90623683 0.49601603 0.0397968 0.72063071 0.43132621 0.44970104 0.9470759 0.59747899 -0.07950046 0.59071761 0.46453953 0.2113466 0.90283573 0.70222694 -0.10843654 0.66691649 0.45938894 -0.24203435 0.75307357 0.65361828 -0.12290337 0.61748767 0.63164788 0.12220217 0.62514204 0.59515291 -0.50824988 0.47262484 0.67776042 -0.23843107 0.55680621 0.75299889 -0.38861093 0.4838323 0.88091749 -0.32857636
0.91237515 0.49420479 -0.00822721 0.72465897 0.43061483 0.39776307 0.94736427 0.59815389 -0.1428239 0.56314266 0.46123952 0.19751522 0.9013468 0.700818 -0.20554416 0.58507496 0.45757565 -0.3592464 0.76487148 0.64263004 -0.12160735 0.62879109 0.6313836 0.12115423 0.64573902 0.59698236 -0.59800309 0.46147192 0.67792994 -0.28253657 0.54549944 0.74471223 -0.45449853 0.48648658 0.8805033 -0.34567586
0.91546106 0.48961216 -0.11326972 0.74764514 0.43287197 0.36937869 0.95000893 0.59846121 -0.28720486 0.59056509 0.47675389 0.20429941 0.88687152 0.69745523 -0.38566446 0.59014881 0.45921814 -0.28917387 0.77080452 0.63922858 -0.15674274 0.65073013 0.62949878 0.1567205 0.55945611 0.62578189 -0.44323492 0.46736142 0.64913768 -0.19543517 0.52209568 0.85375905 -0.44328767 0.48797861 0.86969364 -0.24816579
0.92000431 0.47711581 -0.13062802 0.77381843 0.43318352 0.38146904 0.95494032 0.58877856 -0.30804995 0.59261441 0.46927756 0.32136294 0.88691831 0.69441044 -0.40861681 0.58677447 0.47339103 -0.03008852 0.77547526 0.63110816 -0.17337157 0.66211909 0.62565881 0.17344077 0.53201681 0.6578986 -0.41120395 0.4793795 0.65758914 -0.17135966 0.51656604 0.86152691 -0.43086812 0.48943147 0.86855036 -0.20921414
0.94512975 0.46328974 -0.01009567 0.76211578 0.43554243 0.47600731 0.95342135 0.58406478 -0.17876761 0.62939215 0.50053644 0.34576178 0.87036759 0.67742461 -0.30363774 0.60573548 0.5000664 -0.07034285 0.78691262 0.6334759 -0.16608635 0.66617876 0.62566811 0.16608118 0.50778669 0.65094841 -0.43016106 0.50139755 0.65899777 -0.14390454 0.52472299 0.82710469 -0.41243815 0.49367005 0.87056768 -0.21389595
0.9367972 0.46485868 -0.07389299 0.75449473 0.42804283 0.45112279 0.97418803 0.57961923 -0.23688827 0.62045103 0.48817924 0.32349512 0.87027347 0.67069566 -0.34944573 0.61101699 0.4961094 -0.08482572 0.79197967 0.63416493 -0.16204962 0.65890878 0.62038052 0.16194151 0.55270213 0.62308252 -0.59226996 0.49248284 0.67628133 -0.16938147 0.53046393 0.73046184 -0.3462992 0.4937045 0.87162578 -0.20735541
0.95188034 0.45136422 -0.08436058 0.75099784 0.41339082 0.44086742 0.98062009 0.56873518 -0.2590099 0.5951727 0.4575499 0.28300974 0.86790627 0.66014606 -0.3568804 0.61628759 0.46667323 -0.11848166 0.78950429 0.6297785 -0.16877945 0.65408862 0.61311251 0.16866043 0.5721063 0.61304086 -0.56725705 0.48824891 0.68046987 -0.18508196 0.53359801 0.72679794 -0.29897091 0.49304238 0.8758499 -0.21003929
0.94733608 0.45345592 -0.12132232 0.7494117 0.41412726 0.38745743 0.97637802 0.56545097 -0.28509429 0.59530354 0.45463249 0.27403718 0.86468637 0.64908969 -0.36076322 0.64162689 0.47222358 -0.1359151 0.78462797 0.63082886 -0.16725165 0.65248585 0.61351603 0.16730005 0.53500623 0.62363166 -0.5186013 0.49632603 0.68421656 -0.13945599 0.53393608 0.74746495 -0.27082404 0.49363628 0.87602776 -0.16463438
0.94349802 0.4476034 -0.06412565 0.74520993 0.408829 0.42845824 0.98324686 0.55539757 -0.22999211 0.58526075 0.44744673 0.27023008 0.86458689 0.64018083 -0.32992169 0.64120036 0.45019895 -0.25504971 0.78176618 0.62535167 -0.16386379 0.64973944 0.6075713 0.1638148 0.49879646 0.63210624 -0.4745827 0.49302125 0.68241239 -0.14275888 0.53349066 0.78418308 -0.31205583 0.49384454 0.87569207 -0.17846765
0.93003511 0.44969502 -0.05076597 0.72732031 0.40458837 0.42668235 0.98253852 0.55966085 -0.22114329 0.58761752 0.45231026 0.26208788 0.85646063 0.63913471 -0.31577775 0.62952387 0.44048694 -0.28391948 0.77215284 0.6233989 -0.16233495 0.6407156 0.60488534 0.1621881 0.51606584 0.6380316 -0.48244351 0.49023539 0.6810177 -0.15413676 0.55125934 0.82108074 -0.37659499 0.49416465 0.87572843 -0.18991518
0.92224264 0.44712743 -0.1641261 0.72320652 0.40475363 0.39483425 0.98979354 0.56097025 -0.32585061 0.6012221 0.45991659 0.32504356 0.85515064 0.63400179 -0.39778963 0.62764645 0.45441091 -0.06925958 0.77205807 0.62522548 -0.18317245 0.6395005 0.60757619 0.18301646 0.53771394 0.62871683 -0.58889496 0.46250287 0.67472202 -0.17343649 0.5477466 0.83086389 -0.53791738 0.49617508 0.87296462 -0.22913507
0.92032725 0.44282284 -0.14477816 0.71702749 0.40294075 0.39760765 0.99301386 0.55638707 -0.27522409 0.5962947 0.44923156 0.28081191 0.85141063 0.63001907 -0.35991403 0.6268729 0.43559185 -0.18405186 0.7684164 0.62296301 -0.17769696 0.63328218 0.60776514 0.17761789 0.54065448 0.62889576 -0.51790655 0.46178338 0.67442143 -0.17156701 0.52843708 0.84529895 -0.52324724 0.49763027 0.87138355 -0.18258834
0.92027849 0.44037786 -0.02466668 0.69157803 0.39318076 0.35512722 0.98971921 0.5533458 -0.19618395 0.56236142 0.45155099 0.13394716 0.84284049 0.62508899 -0.37023693 0.59973526 0.44565743 -0.37827602 0.76310498 0.61884284 -0.13870187 0.60629737 0.60554367 0.13871576 0.73709846 0.57452041 -0.66389078 0.43806103 0.67943591 -0.22393429 0.71059674 0.78102088 -0.63544214 0.49738848 0.87190408 -0.31537759
0.91603613 0.4427641 -0.03351935 0.67198139 0.38384616 0.26271102 0.97828281 0.55546796 -0.19647418 0.50860155 0.41966897 0.01340471 0.83916068 0.62865603 -0.35743648 0.55583334 0.42694864 -0.50521797 0.74791765 0.61693245 -0.13253638 0.59443355 0.59826523 0.13239926 0.68219501 0.58097112 -0.52218747 0.44332886 0.67667204 -0.21098669 0.57620507 0.82638061 -0.60951805 0.50248575 0.86919212 -0.29067066
0.91394681 0.44151708 0.20539671 0.6698736 0.38096616 0.4765873 0.96481842 0.5516504 0.00487732 0.5052883 0.42990109 0.16468045 0.83085835 0.62562948 -0.2318667 0.56055242 0.43624625 -0.3856841 0.74945104 0.60623652 -0.12178213 0.59541267 0.58873081 0.12132862 0.67085153 0.58572453 -0.56963265 0.46255484 0.6571824 -0.2603358 0.67422307 0.81888127 -0.61234438 0.50441617 0.86331171 -0.40016371
0.91419429 0.43906119 0.15206899 0.66630381 0.38150454 0.45706692 0.95060909 0.55341375 -0.03449362 0.50757337 0.43506089 0.10976935 0.82413948 0.62383002 -0.25045806 0.56574166 0.42926058 -0.43457279 0.74794835 0.59179533 -0.11750663 0.59825951 0.58568072 0.11708398 0.66671431 0.58779931 -0.65519917 0.46298367 0.66089714 -0.28360891 0.69968241 0.7881912 -0.70176715 0.50393981 0.86446226 -0.43988544
0.91482919 0.43776074 0.14271708 0.66251421 0.37912095 0.44782549 0.96072996 0.54811794 -0.07089819 0.49561051 0.43676156 0.13228793 0.82551414 0.62200278 -0.28976637 0.55208534 0.42900071 -0.43940055 0.75231016 0.59885377 -0.11899691 0.59826183 0.58774608 0.11868163 0.67947209 0.59104025 -0.63584352 0.46307993 0.65748239 -0.28763992 0.70597947 0.81127697 -0.61894464 0.50874293 0.85994613 -0.4379836 
0.91479123 0.43573597 0.16418958 0.6620943 0.37710613 0.50239563 0.96166325 0.54573351 -0.03917349 0.5031572 0.43850845 0.21526252 0.82722521 0.61919796 -0.26518252 0.54407513 0.41631687 -0.42822295 0.75254655 0.60194314 -0.12028289 0.59930313 0.58765942 0.11999127 0.57325166 0.59367716 -0.56343758 0.49668851 0.64399803 -0.26921633 0.53984684 0.82234687 -0.56092268 0.51805967 0.85332572 -0.41193357
0.90946531 0.434282 0.21439685 0.65825284 0.37192455 0.51493585 0.96195382 0.54256153 -0.00598055 0.4808895 0.4246279 0.25245827 0.82825893 0.61595619 -0.27026927 0.49641272 0.42131755 -0.29229438 0.75245053 0.59340173 -0.11388913 0.58929253 0.58243638 0.11341209 0.67200881 0.57635719 -0.5135265 0.48487607 0.6485796 -0.22920473 0.73123658 0.78018278 -0.5317831 0.51790398 0.85512161 -0.37417084
0.90571803 0.42562881 0.25227821 0.65736651 0.37151623 0.55086964 0.96203434 0.53723198 0.05238789 0.49329862 0.42627108 0.37595937 0.82588708 0.61347139 -0.21123014 0.47440863 0.47879907 -0.05415269 0.75069511 0.58090621 -0.11556357 0.58479887 0.57735509 0.11501409 0.65866661 0.58226186 -0.48568535 0.47562289 0.64966571 -0.17065339 0.7543602 0.78516364 -0.48337844 0.51621819 0.8568908 -0.27069589
0.90608484 0.42374033 0.19438474 0.6537115 0.36618799 0.51238859 0.96118516 0.53505498 -0.00468521 0.48979357 0.42352092 0.30901521 0.82485467 0.61328453 -0.250985 0.46547002 0.44624102 -0.15750073 0.75692952 0.5840115 -0.10694128 0.58679044 0.58034879 0.10626125 0.72478509 0.56931794 -0.49719262 0.45622113 0.67016912 -0.15147257 0.87602419 0.74854511 -0.53980345 0.50914705 0.86708361 -0.25014102
0.90553325 0.4245148 0.31087732 0.65321976 0.36367595 0.59835708 0.9598757 0.53168684 0.07171112 0.49359459 0.41902706 0.30142456 0.82426947 0.60901004 -0.19870543 0.49614683 0.41929567 -0.16268395 0.75969613 0.58500761 -0.09241971 0.58782786 0.58033061 0.09157923 0.74864763 0.56499875 -0.48934129 0.45345488 0.66867965 -0.19431892 0.88321716 0.74752218 -0.54050708 0.50503767 0.86933488 -0.35004529
0.90482759 0.41680107 0.23749076 0.65424144 0.36200872 0.56436926 0.96646672 0.52459472 0.02110986 0.49130237 0.41014063 0.31977418 0.82496458 0.60753655 -0.22121054 0.46513978 0.41814625 -0.19480447 0.75981265 0.58403134 -0.10703783 0.58889639 0.57828969 0.10607076 0.65590513 0.57002348 -0.48275661 0.45333055 0.66357458 -0.17756897 0.87292892 0.76224321 -0.48473901 0.50315994 0.86928159 -0.27758709
0.90062785 0.41326684 0.19851333 0.65481168 0.35836345 0.54182512 0.97264045 0.52114719 -0.01652182 0.48703647 0.40789318 0.30807635 0.82430381 0.60319602 -0.26266354 0.45695531 0.42125431 -0.20379592 0.75812477 0.58133668 -0.11723689 0.58781409 0.57626599 0.11635704 0.6568923 0.57301956 -0.48954976 0.44546366 0.66652834 -0.13900021 0.79646045 0.76288867 -0.48939383 0.50158054 0.86922044 -0.22570151
0.89596814 0.41567931 0.12249842 0.65353584 0.35779846 0.40914541 0.94971508 0.52305388 -0.0565991 0.49020904 0.41229263 0.19729273 0.82462656 0.59835124 -0.29057363 0.4758732 0.42265037 -0.2976093 0.75621021 0.5832634 -0.115362 0.58739692 0.57716501 0.11462421 0.66173232 0.57531035 -0.49610227 0.43593594 0.68483919 -0.07158666 0.77761728 0.74669594 -0.35882396 0.49992856 0.87451541 -0.11732224
0.89050794 0.41663405 0.14359732 0.65382028 0.35868552 0.44068968 0.91703987 0.52483833 -0.02276453 0.49881619 0.4232755 0.23304914 0.82094586 0.59532988 -0.22909647 0.50252217 0.42415157 -0.2566168 0.74854267 0.58055043 -0.13712928 0.5903008 0.57352847 0.13669892 0.51677746 0.63487339 -0.4095059 0.43790573 0.68401659 -0.02208899 0.60345984 0.83959514 -0.41729155 0.50453657 0.86573321 -0.07619025
0.89099056 0.41773048 0.11691917 0.65472692 0.35432634 0.45339844 0.91779882 0.52995169 -0.04103866 0.49474001 0.41736597 0.23717713 0.81858927 0.59285867 -0.23496163 0.47850987 0.39142355 -0.25780985 0.74494648 0.58173984 -0.14178506 0.591214 0.57186884 0.14147401 0.50154197 0.65206754 -0.36156076 0.43880981 0.68129724 -0.05528537 0.52161378 0.86225325 -0.43203053 0.50981182 0.85906428 -0.11012336
0.88731474 0.41372138 0.02481915 0.65497041 0.35270557 0.4059132 0.9238553 0.52357495 -0.12824109 0.49515793 0.41239992 0.21227148 0.8188867 0.59119725 -0.27690607 0.48313028 0.39708921 -0.26048371 0.73691398 0.57916635 -0.1583035 0.59127206 0.5672096 0.15819223 0.50836307 0.65989077 -0.3721315 0.44075027 0.67930132 -0.03411651 0.55382907 0.86081368 -0.42728251 0.51056439 0.85905099 -0.06874029
0.88827258 0.40650776 -0.11766235 0.65568024 0.35214415 0.29169255 0.92726535 0.51954216 -0.26229265 0.49328551 0.3700926 0.20423695 0.81793296 0.58877105 -0.41923699 0.43084234 0.30598006 -0.14587148 0.73183668 0.57973945 -0.15508741 0.59140962 0.5628072 0.15498796 0.49213341 0.65807939 -0.36200443 0.44151181 0.67780048 -0.06290317 0.51809746 0.85347831 -0.39643726 0.51102364 0.85958153 -0.08314925
8.84244800e-01 3.97853702e-01 2.93504205e-02 6.58149958e-01 3.45283061e-01 4.57711607e-01 9.09570396e-01 5.07047892e-01 -9.76282805e-02 4.95139122e-01 3.75528306e-01 2.41570115e-01 8.18198323e-01 5.85168481e-01 -2.35265225e-01 4.70625162e-01 3.29665095e-01 -1.74380451e-01 7.20220864e-01 5.71374297e-01 -1.57516792e-01 5.92324376e-01 5.59939384e-01 1.57290325e-01 4.57365751e-01 6.50599062e-01 -3.25827569e-01 4.60356832e-01 6.77112758e-01 -7.76874425e-04 5.00631094e-01 8.60993445e-01 -3.99945259e-01 5.22877991e-01 8.59489858e-01 -9.01674703e-02
0.86855638 0.39519006 -0.00330876 0.66827297 0.34264746 0.40144646 0.90096545 0.50238311 -0.16361219 0.52370179 0.38484135 0.21271051 0.81703579 0.58405048 -0.32299542 0.52149141 0.3724758 -0.19228908 0.71349847 0.56396705 -0.16302669 0.59271407 0.55245286 0.16301419 0.45420104 0.64530271 -0.36007446 0.46207187 0.65187848 0.00553548 0.4978272 0.86199504 -0.48184249 0.53729677 0.84066349 -0.04610553
0.8715688 0.3787685 -0.0453453 0.688039 0.33316386 0.40768754 0.9072994 0.491393 -0.23435615 0.55519223 0.38739076 0.21691529 0.81712723 0.57974178 -0.39719906 0.57993382 0.38192835 -0.20247866 0.71265227 0.5559637 -0.17138012 0.59427166 0.54375559 0.17145044 0.48010281 0.63354927 -0.43420637 0.47236618 0.64056295 -0.05737388 0.5146023 0.85261232 -0.50022972 0.5354619 0.8424536 -0.1216791 
0.858482 0.35454074 -0.04494965 0.71847808 0.32242855 0.44675481 0.88962978 0.48000237 -0.21659276 0.58719462 0.38347176 0.29436445 0.8182748 0.56588751 -0.36328688 0.58451599 0.38291338 -0.10632525 0.68577909 0.5484212 -0.20046586 0.60678989 0.54174626 0.20031469 0.4513067 0.63320637 -0.38631672 0.49013904 0.64417297 0.05351903 0.5079658 0.85440004 -0.49277648 0.54568237 0.84053302 -0.01295508
0.79612178 0.32276991 -0.01170714 0.76687974 0.31540397 0.55853301 0.77718288 0.45131046 -0.21022743 0.60839158 0.37932825 0.4193882 0.78635967 0.52279651 -0.32974061 0.56437445 0.38353455 0.08102114 0.64141607 0.53197587 -0.23397323 0.62515861 0.53801787 0.23356397 0.43814287 0.63680083 -0.38976562 0.50999016 0.6432299 0.19521642 0.49176019 0.87281138 -0.61098301 0.56938565 0.83312219 0.10296567
0.81544572 0.31795719 -0.00565246 0.74734986 0.30169538 0.53084761 0.80511302 0.44605738 -0.15995389 0.58862174 0.36138627 0.38216752 0.79982203 0.52937174 -0.31246072 0.5428918 0.36174002 0.01381593 0.65088356 0.52076983 -0.21913114 0.62179029 0.52324718 0.21889219 0.45409328 0.63627237 -0.39218268 0.52386802 0.63681877 0.16464864 0.49204689 0.87012112 -0.56306666 0.57801282 0.82821959 0.13342245
0.81346196 0.31754425 -0.17786825 0.71768075 0.2799252 0.32658204 0.8339572 0.45066819 -0.35852587 0.52409559 0.32353604 0.21076633 0.81829923 0.50617349 -0.6188007 0.44464192 0.27923578 -0.08984401 0.62899745 0.52335542 -0.20887512 0.58645654 0.51570266 0.20880577 0.50754184 0.63841152 -0.33073288 0.5345965 0.63702798 0.34519422 0.49636039 0.86903316 -0.29781988 0.61244524 0.83082813 0.50264901
0.82302541 0.3143231 -0.1135198 0.69456506 0.26675215 0.37299708 0.91358906 0.44037691 -0.26285309 0.52422076 0.31935745 0.23401476 0.86739492 0.51084572 -0.46893373 0.44196096 0.28586373 -0.06581859 0.64134508 0.50328469 -0.20781364 0.57642967 0.50204778 0.20801114 0.51180041 0.63798171 -0.43097574 0.52308917 0.6372776 0.24010187 0.4956052 0.86961049 -0.44898549 0.60086644 0.82556701 0.34551916
0.81071621 0.31595403 0.35301253 0.5894801 0.28047019 0.67465365 0.91057575 0.43212605 0.1906807 0.46208867 0.33389631 0.41437289 0.86238045 0.48789266 -0.04852937 0.43666112 0.25167629 -0.07905208 0.6238088 0.51037806 -0.16593169 0.52230239 0.50690603 0.16572843 0.51185077 0.63923901 -0.45416471 0.52243441 0.6449604 0.19137941 0.49047878 0.87713838 -0.66746902 0.59319687 0.82191551 0.20598342
0.70986414 0.32142141 0.29811418 0.47918928 0.29034057 0.50988394 0.8442958 0.43163973 0.17586333 0.42738879 0.36153844 0.36754534 0.83841962 0.47573367 -0.0101463 0.44691655 0.32941443 0.05141394 0.57053334 0.51556885 -0.10499752 0.44038633 0.50914705 0.10472009 0.56574047 0.6197474 -0.42281851 0.46263143 0.6477071 -0.02305509 0.53205627 0.82988858 -0.52319664 0.52448338 0.83904046 -0.04016421
0.69670022 0.3053005 0.33328223 0.4986482 0.27763158 0.5044359 0.75826752 0.38527295 0.13042328 0.39077175 0.29609889 0.34666499 0.68714327 0.33763131 -0.04349448 0.41618347 0.19186108 0.03357292 0.57609177 0.50232786 -0.07190838 0.45069012 0.49616596 0.07151864 0.59775245 0.62122637 -0.21710883 0.45473871 0.65545613 -0.01356117 0.58936507 0.82811242 -0.2678369 0.51502341 0.84667653 -0.04366774
0.65813643 0.30554199 -0.09304243 0.47574174 0.27868021 0.13200653 0.64940405 0.36940235 -0.31958443 0.37591425 0.2949262 0.00594216 0.57506961 0.25520527 -0.41545078 0.39255512 0.19763504 -0.22172251 0.5510816 0.50954562 -0.10006096 0.44986343 0.50142103 0.09978578 0.53834522 0.66352314 -0.23645192 0.45757759 0.6726045 0.12563494 0.53130049 0.85166293 -0.27723834 0.52144635 0.84573299 0.20678158
0.65768135 0.31238127 0.09707779 0.47176287 0.28157267 0.19357899 0.71370333 0.36620128 -0.04674513 0.3934609 0.30665961 0.08046658 0.62831587 0.29873884 0.01714699 0.41389489 0.31700858 -0.03310333 0.56740993 0.51649243 -0.08569618 0.454979 0.50215793 0.08525896 0.5404337 0.67193478 -0.13100958 0.458294 0.67332405 0.11477622 0.51413059 0.86359459 -0.10502843 0.5133118 0.84297597 0.19379231
0.63361615 0.3073763 0.31797326 0.44337022 0.28905585 0.44050229 0.66465622 0.35323223 0.14540061 0.3861315 0.35149205 0.40626872 0.52442873 0.27304438 0.20263445 0.41256329 0.33877051 0.3624481 0.55344903 0.51421916 -0.08947127 0.43461367 0.50581825 0.08897841 0.54053605 0.66321343 -0.19845097 0.45464602 0.67377567 0.08068684 0.52590925 0.8431651 -0.24035543 0.51122653 0.84294641 0.08556 
0.61215723 0.29104313 0.30027705 0.46056572 0.32024625 0.63080102 0.57858992 0.31244156 0.08761088 0.39939243 0.41360345 0.76177251 0.48490775 0.21372269 0.11667114 0.39457417 0.39248368 0.81507736 0.55186313 0.50358492 -0.11828982 0.45504785 0.50848931 0.11734629 0.48683903 0.66261119 -0.31058368 0.44375899 0.67300743 -0.0266459 0.51052636 0.86279309 -0.6210323 0.51613867 0.84281272 -0.23946722
0.53771919 0.27834028 0.1329914 0.53186041 0.31922039 0.53274071 0.43413025 0.29029691 0.04417331 0.41009849 0.38968241 0.58642948 0.38968945 0.20739074 0.07436212 0.39449587 0.36677438 0.55070359 0.50916612 0.50100732 -0.15721624 0.52114856 0.50970656 0.15581064 0.43319881 0.69089884 -0.29910192 0.5269962 0.66055226 0.2478063 0.48568499 0.89027858 -0.5820269 0.59759086 0.81352043 0.20776922
0.56804943 0.26844439 0.23228326 0.64709175 0.33415297 0.64426857 0.44365454 0.25468639 0.19994693 0.51817572 0.39214465 0.75393474 0.37495229 0.18662569 0.23134303 0.41838291 0.38073608 0.76046443 0.5296061 0.4999148 -0.15944749 0.60323381 0.5159604 0.15763761 0.4430567 0.70344335 -0.2990382 0.57033986 0.65313965 0.24469461 0.48085219 0.89531201 -0.71061748 0.62832516 0.80906361 0.09194004
0.51989365 0.27887717 0.2159774 0.71745402 0.33418745 0.58418775 0.4370032 0.29318416 0.31774017 0.69908816 0.4058452 0.64686149 0.4366093 0.30894786 0.56184006 0.58205426 0.40889326 0.68605131 0.50953478 0.50263149 -0.15729909 0.6344009 0.52186662 0.1555489 0.45545048 0.69691634 -0.18287598 0.55867964 0.66104549 0.31369808 0.481444 0.89875764 -0.6112045 0.61290783 0.81310993 0.10733379
0.53083771 0.28357494 0.20751153 0.71979719 0.34321913 0.55292791 0.4300938 0.27885324 0.34022397 0.77003217 0.42202899 0.7055648 0.4352448 0.26919729 0.6671176 0.71641546 0.43743616 0.85212606 0.52157289 0.50600255 -0.16915154 0.63252932 0.52903408 0.16740789 0.46225119 0.69708973 -0.18583341 0.54625171 0.67931253 0.31334141 0.48199701 0.8965463 -0.48105457 0.59715587 0.82581687 0.18110265
0.51011503 0.28175718 -0.10960814 0.69911104 0.34438714 0.19753142 0.42926082 0.24774985 -0.03302873 0.70539898 0.4190222 0.37718529 0.41157573 0.16469757 0.08285356 0.66391915 0.42675215 0.61335391 0.50523728 0.51377696 -0.1606117 0.61572635 0.53012538 0.15868157 0.46323442 0.70402944 -0.14405796 0.55086827 0.6812858 0.30335855 0.47945076 0.90164882 -0.18111672 0.60027283 0.83601296 0.40473837
0.49584255 0.2893123 0.20099178 0.67087692 0.34189948 0.59591585 0.40142301 0.27378735 0.20786814 0.64161444 0.40976045 0.63622469 0.40585682 0.19707188 0.36815348 0.59863687 0.38714486 0.62852693 0.50165325 0.51732218 -0.17138416 0.60599709 0.52938807 0.16930056 0.46560413 0.70160609 -0.30942583 0.57685357 0.6693362 0.38227749 0.48169121 0.90027308 -0.72247297 0.62835938 0.82208556 0.3268235 
0.48993173 0.28502384 0.23929057 0.65910602 0.33909142 0.60119933 0.41436282 0.25436199 0.21569721 0.61896384 0.38812277 0.7085672 0.42186925 0.15623547 0.32984301 0.57995123 0.33946878 0.81747401 0.49595016 0.51786554 -0.16776004 0.60060382 0.52892488 0.16588427 0.46742219 0.69738954 -0.346618 0.5774278 0.66092712 0.34543562 0.48190743 0.90024245 -0.80080819 0.61562896 0.815651 0.25758055
0.47840157 0.27726963 0.20970121 0.65441716 0.33778194 0.57384586 0.4114939 0.25012839 0.1911331 0.61036879 0.39259419 0.689358 0.40154061 0.18442777 0.3495279 0.56947583 0.36374041 0.80113262 0.49572748 0.51801282 -0.16597034 0.60079104 0.53129524 0.16410217 0.4686718 0.69724005 -0.3197816 0.59147131 0.65784425 0.3277612 0.48128888 0.90101552 -0.72896981 0.64849216 0.81200981 0.22880968
0.49307522 0.27963987 0.08393223 0.65003794 0.33693895 0.47416934 0.43807748 0.26091582 0.0283907 0.60966986 0.38379768 0.57708466 0.41898692 0.19508438 0.07744981 0.60695863 0.33621755 0.67188197 0.50157988 0.51763988 -0.1684837 0.60371757 0.53088176 0.16702177 0.47915441 0.69680119 -0.32121927 0.60371298 0.65808338 0.30614567 0.48228323 0.90142423 -0.65386361 0.68105108 0.81039047 0.25439847
0.48887318 0.27883971 0.03752113 0.64793253 0.32992315 0.39275426 0.44568482 0.23803547 -0.04272853 0.61605299 0.37844992 0.54945147 0.42861533 0.12338637 0.00635982 0.61201209 0.33241716 0.68105447 0.50512487 0.51760519 -0.15893947 0.6111024 0.52902478 0.15747264 0.47915876 0.69597167 -0.28895199 0.61329603 0.65411347 0.28627998 0.48264125 0.90132165 -0.53793293 0.68125379 0.8123219 0.24139577
