0.34611678 0.31443018 -0.03102939 0.37660724 0.31637743 0.17519912 0.30281898 0.35222605 -0.01177809 0.32958642 0.36414111 0.13698679 0.2995905 0.32532087 0.10553589 0.3288815 0.33742195 0.03160464 0.33397204 0.46608061 -0.07256959 0.3481662 0.46608204 0.07225394 0.27177936 0.56961179 -0.105932 0.32225332 0.55798262 0.0148556 0.2951355 0.67287159 -0.13867652 0.32178438 0.67525512 -0.00878444
0.39964539 0.30503884 0.00577671 0.28064486 0.2974346 0.14879906 0.41248488 0.33961546 -0.09309533 0.22974977 0.34765294 0.04308618 0.37483072 0.29585409 -0.23776141 0.28634477 0.3609567 -0.10364517 0.34069827 0.45546749 -0.05692213 0.26756421 0.44696271 0.05684894 0.27269679 0.55015373 -0.18335216 0.2239645 0.52953017 -0.10677301 0.24908246 0.65563804 -0.13265352 0.23434661 0.65021002 -0.04598723
0.39622313 0.30793622 0.10761448 0.27336475 0.29573667 0.27228412 0.32860643 0.35173878 0.1025497 0.20834899 0.35493025 0.12748623 0.28368711 0.32801685 0.17990944 0.26454058 0.3653107 -0.0562525 0.32129326 0.45671824 -0.07659999 0.25128496 0.4494009 0.07653959 0.20081225 0.54497463 -0.21072726 0.17828077 0.52632022 -0.10196874 0.18603642 0.66131049 -0.26331097 0.18021393 0.65240651 -0.10404574
0.3637462 0.30973861 0.12797961 0.30351296 0.30118895 0.21811704 0.31622288 0.34605804 0.18251133 0.22864866 0.35585099 0.08358876 0.30572298 0.31925589 0.35232639 0.26734918 0.35527104 -0.08234321 0.28941557 0.45816028 -0.05732318 0.26746336 0.45149186 0.05719777 0.19845456 0.55393624 -0.13300087 0.22378996 0.54148841 0.00284665 0.1752445 0.67477471 -0.10706186 0.20758228 0.65264815 0.00266097
0.36987048 0.31114638 0.12187538 0.31778011 0.30372441 0.21377885 0.30415991 0.35245511 0.1569985 0.24259961 0.35225841 0.09178519 0.27963868 0.33113459 0.34792596 0.26974651 0.35138771 -0.02684689 0.28757077 0.46579951 -0.05221863 0.26827464 0.45573822 0.05193622 0.17106901 0.55241764 -0.11318931 0.20050934 0.5323723 -0.0095688 0.13776779 0.66898721 -0.12011353 0.16296397 0.65205997 -0.04114803
0.40682369 0.33761731 0.30864638 0.28717232 0.3049995 0.19893105 0.37977463 0.396079 0.23332611 0.20432658 0.34971374 -0.02002281 0.35558385 0.37012184 0.13199335 0.24600478 0.36684415 -0.2324713 0.31642663 0.48211923 -0.00565744 0.23627713 0.45635349 0.00551332 0.23415348 0.55602491 -0.17897503 0.18897536 0.5320484 -0.18013428 0.19352302 0.66937232 -0.09302647 0.1630432 0.65667623 -0.07120511
0.41955015 0.34216866 0.32078201 0.28538924 0.30767742 0.20800258 0.39485618 0.39504853 0.30253175 0.20477405 0.35216174 0.01884925 0.35595289 0.3551372 0.32148936 0.25069046 0.37352213 -0.0843794 0.3226262 0.4901967 0.03198647 0.23551786 0.46712619 -0.03229684 0.26046759 0.58866489 -0.15013139 0.19668108 0.56025153 -0.16944391 0.21601942 0.70408559 -0.08200197 0.17114082 0.69586557 -0.09417336
0.40321237 0.34004205 0.26192194 0.26784486 0.3078956 0.11635243 0.38199633 0.38970771 0.27161333 0.19591601 0.36298198 -0.07966172 0.36224338 0.34029469 0.34593624 0.25550601 0.38023415 -0.1749175 0.30108163 0.49519208 0.02164648 0.21934032 0.47089306 -0.02184428 0.24809799 0.58302963 -0.13143396 0.17933704 0.54824662 -0.2017764 0.1946986 0.69512868 0.00106167 0.16482484 0.69056892 -0.08243649
0.40743846 0.33706266 0.27703461 0.27019548 0.30781013 0.13117944 0.38841331 0.3863301 0.22089338 0.18724155 0.3641094 -0.045098 0.37251455 0.3166745 0.2166777 0.24536856 0.37953627 -0.18639332 0.29760608 0.4915438 0.0226508 0.21332707 0.4708353 -0.0228758 0.24866514 0.58307976 -0.13304633 0.15409212 0.56112939 -0.19774081 0.18099798 0.69579697 0.04849492 0.14039463 0.69472134 -0.03514989
0.41271311 0.34386873 0.42691717 0.26907098 0.30804354 0.18769567 0.39010403 0.39987203 0.3767845 0.1884174 0.36779794 -0.0237242 0.36699414 0.32956618 0.34332895 0.24585655 0.3807025 -0.14943425 0.30568439 0.49542791 0.06525923 0.21102443 0.47082758 -0.0653533 0.29021713 0.58244252 -0.18007499 0.16833927 0.5439322 -0.39171538 0.21637736 0.68904865 -0.05778031 0.15381019 0.6894083 -0.27218476
0. 0. 0. 0. 0. 0. 0. 0. 0. 0. 0. 0. 0. 0. 0. 0. 0. 0. 0. 0. 0. 0. 0. 0. 0. 0. 0. 0. 0. 0. 0. 0. 0. 0. 0. 0. 0. 0. 0. 0. 0. 0. 0. 0. 0. 0. 0. 0. 0. 0. 0. 0. 0. 0. 0. 0. 0. 0. 0. 0. 0. 0. 0. 0. 0. 0. 0. 0. 0. 0. 0. 0. 0. 0. 0. 0. 0. 0. 0. 0. 0. 0. 0. 0. 0. 0. 0. 0. 0. 0. 0. 0. 0. 0. 0. 0. 0. 0. 0. 0. 0. 0. 0. 0. 0. 0. 0. 0. 0. 0. 0. 0. 0. 0. 0. 0. 0. 0. 0. 0. 0. 0. 0. 0. 0. 0. 0. 0. 0. 0. 0. 0.
[-0.0064448 0.19870661 0.36124018 0.00584053 0.17130341 -0.44541356 0.06342992 0.32185048 0.5226022 0.05084006 0.30714053 -0.48427728 0.21897046 0.36061108 0.52677155 0.23892316 0.36986414 -0.37021098 0.05210373 0.46694469 0.26815757 0.07522142 0.46936426 -0.26827115 0.1482943 0.641298 0.48934254 0.25913963 0.65253079 -0.05397764 0.11730072 0.80786699 0.7630924 0.34002721 0.84684646 0.15490085
[-0.00533933 0.19365533 0.24286479 0.03895985 0.18600056 -0.44559228 0.05672632 0.32488075 0.39834416 0.14709145 0.34251276 -0.35760963 0.21905817 0.36238512 0.39192557 0.289996 0.35914853 -0.073426 0.05089287 0.46246818 0.24550843 0.07882015 0.46950853 -0.24525842 0.14808591 0.63937348 0.42578188 0.27537671 0.65024579 -0.04390914 0.12024723 0.80725408 0.66133934 0.33309552 0.84752274 0.15495536
0.02442429 0.19530068 0.21664903 0.04616064 0.20214921 -0.48020014 0.06908833 0.32840547 0.38821682 0.16115977 0.35149595 -0.3983874 0.22880471 0.36194822 0.34848475 0.34433785 0.33132452 -0.14356214 0.07348133 0.46208876 0.23877098 0.08906176 0.47378027 -0.2384281 0.14258133 0.6393519 0.4211576 0.27192509 0.65026051 -0.02868613 0.13295312 0.80702972 0.66038173 0.30460578 0.84494495 0.19425522
0.01996924 0.19255765 0.25828144 0.05404323 0.19663423 -0.42170599 0.05815579 0.32838327 0.39462993 0.13850802 0.3420735 -0.36796743 0.22458363 0.37158737 0.35190064 0.31484443 0.34026808 -0.14788038 0.0730672 0.45863467 0.23773509 0.09299146 0.4698962 -0.23750339 0.14223552 0.63640857 0.39426929 0.2801511 0.64569926 -0.0515415 0.13765746 0.80735612 0.60090959 0.30879816 0.84412569 0.12505527
0.02848014 0.19274794 0.29589039 0.04790863 0.19642887 -0.39682961 0.05824609 0.32890826 0.42341864 0.1109523 0.33927652 -0.39251325 0.22842373 0.37148032 0.39946991 0.29531449 0.35390833 -0.17786264 0.07295201 0.45901695 0.23885995 0.10897586 0.46164036 -0.23866309 0.15037215 0.63490981 0.37437293 0.28873187 0.64149833 -0.08579518 0.14804131 0.80756295 0.5621953 0.3116028 0.84338272 0.07190695
0.02491028 0.1936091 0.29018402 0.04466591 0.19325034 -0.39764982 0.04606804 0.33748233 0.41986328 0.10735502 0.33763492 -0.40072426 0.22680661 0.38814327 0.38675547 0.28944516 0.36048216 -0.1877874 0.06783607 0.46167403 0.23849364 0.10539592 0.46230498 -0.2383153 0.18155266 0.63506067 0.38655764 0.29252422 0.63165694 -0.07951472 0.1606482 0.80837661 0.60193515 0.31232771 0.82660162 0.09416355
0.02310857 0.19518089 0.29307702 0.04487847 0.19143233 -0.40701973 0.02644632 0.34016213 0.44839686 0.10523882 0.33554441 -0.3950204 0.20162421 0.38942158 0.440878 0.28859666 0.35829785 -0.1873377 0.06637542 0.46581164 0.23564789 0.10407759 0.4624112 -0.23556036 0.17168948 0.64382768 0.389972 0.28986076 0.62822813 -0.0663649 0.17195405 0.82066613 0.61034197 0.31246129 0.8227129 0.14155677
7.98172038e-03 1.97202682e-01 2.90678203e-01 4.84915860e-02 1.93892345e-01 -4.34495836e-01 5.52313286e-04 3.45651746e-01 4.36313540e-01 1.29317999e-01 3.43649447e-01 -3.67190599e-01 1.70882002e-01 3.97139192e-01 3.80197704e-01 2.86597311e-01 3.59788120e-01 -6.97192773e-02 5.80398031e-02 4.69546944e-01 2.36082152e-01 8.39630291e-02 4.68939573e-01 -2.35980272e-01 1.74398452e-01 6.45085454e-01 3.98570091e-01 2.94955909e-01 6.09289229e-01 -6.28293604e-02 1.87558457e-01 8.31383705e-01 6.25327885e-01 3.40541005e-01 8.05435061e-01 1.98660105e-01
[-0.00689556 0.20129734 0.30959564 0.03337692 0.19042183 -0.43529823 -0.0253987 0.35103405 0.45886749 0.123161 0.34103611 -0.37679273 0.13895933 0.40532234 0.43649843 0.28387836 0.36373702 -0.1348425 0.05010062 0.47853851 0.23647246 0.07568421 0.47713345 -0.23629099 0.19241363 0.64581901 0.4050023 0.29476935 0.61682254 -0.05396353 0.18667285 0.83063 0.65252233 0.33942005 0.80736989 0.21691184
[-0.00641681 0.20133139 0.3886551 0.02045519 0.1824507 -0.43780896 -0.01175353 0.34846818 0.57017136 0.06090961 0.31456596 -0.45267972 0.15596712 0.39945167 0.53951752 0.2612372 0.37073737 -0.22434963 0.04087524 0.48402682 0.2504172 0.04891638 0.47694615 -0.25043777 0.21199785 0.64564675 0.40706059 0.2957195 0.56713349 0.0393526 0.20288837 0.8365441 0.65302736 0.33074346 0.74367136 0.44985715
0.01234933 0.20213734 0.41868883 0.01685029 0.17735781 -0.43855911 0.00276654 0.34733742 0.6012941 0.0420774 0.30628252 -0.47564521 0.16906781 0.39606324 0.55285662 0.26050568 0.37559468 -0.30485567 0.04968752 0.4821704 0.26610518 0.03459642 0.47995323 -0.26602116 0.26579502 0.63335162 0.39067 0.26760027 0.56810415 -0.10811748 0.24306333 0.81875873 0.62813538 0.30114096 0.77649748 0.15775287
0.02261886 0.19808875 0.40904781 0.01134119 0.17656167 -0.45673153 0.02931746 0.33756408 0.61694056 0.04341074 0.30592829 -0.47935593 0.21267477 0.38023004 0.56877351 0.26282927 0.38159773 -0.28262883 0.04160276 0.48047239 0.27751729 0.00840705 0.48180017 -0.27715969 0.33710349 0.56994623 0.38456249 0.26789248 0.58898562 -0.17627713 0.2585648 0.73858106 0.63273311 0.2930547 0.77732915 0.07376943
0.03452781 0.19752383 0.39645615 0.01131656 0.17503592 -0.46123585 0.05331512 0.33006129 0.5968129 0.03919607 0.30490765 -0.49985895 0.23093717 0.37406391 0.55566096 0.25413373 0.38854983 -0.32792991 0.04208117 0.47525719 0.27453575 0.00640773 0.48164681 -0.2742497 0.32154322 0.57258111 0.3878029 0.25976971 0.59127945 -0.1533886 0.23915419 0.73037529 0.65889734 0.25985548 0.78137881 0.11169197
0.04402446 0.20060369 0.48467848 0.01058783 0.17482042 -0.46060956 0.05991637 0.33041304 0.69739896 0.03472257 0.3032051 -0.53234738 0.25070357 0.36678213 0.60565913 0.24958761 0.3926411 -0.44328812 0.05600881 0.47713074 0.29412779 0.01720477 0.48389465 -0.29360953 0.36451039 0.57582396 0.33908424 0.31341222 0.58045799 -0.2638295 0.25038174 0.74271446 0.57290262 0.32479477 0.78906649 -0.01283897
0.04497937 0.20534906 0.4699277 0.01050073 0.17555094 -0.46683306 0.05743038 0.33622402 0.66931981 0.03194813 0.30350125 -0.54497254 0.25845283 0.36965254 0.57981157 0.24822851 0.39724579 -0.42666149 0.05715961 0.47696689 0.30146322 0.0131692 0.48508006 -0.30089247 0.38178039 0.57173932 0.35269123 0.32169002 0.58284104 -0.28014782 0.25481436 0.72934806 0.59448171 0.29799679 0.78726691 0.00461512
0.04245421 0.21174511 0.56345755 0.01063126 0.18041676 -0.42500231 0.05869323 0.34497535 0.76225221 0.03137911 0.30487901 -0.53743976 0.25707176 0.37831762 0.65968472 0.24797751 0.4013356 -0.4800849 0.05701226 0.48653394 0.31974262 0.01014731 0.49427122 -0.31899086 0.40005168 0.57523787 0.34263462 0.33860794 0.59301978 -0.35579664 0.26922017 0.74547869 0.52198488 0.31025115 0.81305444 -0.17360237
0.04094255 0.21862966 0.51384455 0.01110187 0.19137879 -0.43034649 0.0546986 0.34824413 0.71774745 0.03437494 0.32160652 -0.48413333 0.24949697 0.39453444 0.62078679 0.24858791 0.40730655 -0.22599481 0.03996518 0.49206516 0.32110742 -0.00269496 0.5019986 -0.32039511 0.40750483 0.56216621 0.35064068 0.35348457 0.55843991 -0.30447447 0.29698294 0.74048656 0.52896094 0.35457578 0.79193151 -0.05608582
0.03980166 0.2225271 0.51472121 0.01147581 0.19479527 -0.42159024 0.06342363 0.36415896 0.70671898 0.03570991 0.33398768 -0.44584551 0.25857991 0.40883872 0.60442573 0.24889818 0.41577452 -0.18760531 0.03914417 0.49944741 0.3146112 -0.00646666 0.50878727 -0.31390122 0.42134026 0.5666182 0.32494164 0.36677316 0.55843407 -0.35009786 0.29102045 0.74756145 0.46845141 0.32553431 0.79772377 -0.12143039
0.03874254 0.23500487 0.46980062 0.01170578 0.21193804 -0.44101337 0.06292786 0.37136799 0.61930311 0.04707364 0.35620338 -0.42343962 0.25729954 0.42584407 0.46926782 0.25620079 0.4228361 -0.10268751 0.02097904 0.50870031 0.31052724 -0.01971069 0.51848453 -0.30988732 0.39584494 0.57178867 0.33415979 0.35405517 0.54918027 -0.31476432 0.28062239 0.74975282 0.49995938 0.30484125 0.78958154 -0.06458727
0.03800095 0.24271171 0.45948705 0.01263962 0.22200528 -0.46169195 0.07120586 0.37847513 0.61648899 0.06237511 0.36552668 -0.43071473 0.26700878 0.42483065 0.46556646 0.25437427 0.43081337 -0.08483146 0.00697114 0.51988113 0.31092557 -0.03311852 0.53123641 -0.31014323 0.39659151 0.57253522 0.35707501 0.34935257 0.54752028 -0.29953575 0.2835699 0.74285442 0.5129531 0.30549639 0.76879555 0.02190258
0.03041147 0.23793314 0.26273137 0.02460398 0.24273284 -0.55238128 0.06846908 0.37246007 0.4723109 0.07814438 0.38489527 -0.47209808 0.24729078 0.42849779 0.38700131 0.25853527 0.44127032 -0.14797905 -0.01846349 0.52152598 0.29733011 -0.04081359 0.54539627 -0.29648769 0.35189682 0.57792985 0.37241971 0.3114056 0.55947119 -0.29234752 0.24325767 0.73990953 0.68009293 0.25126028 0.76994061 0.17180833
0.02586394 0.24592964 0.33419377 0.02503536 0.24095163 -0.57739568 0.06837128 0.37594464 0.5076561 0.0779158 0.37635261 -0.58940446 0.24660158 0.43224061 0.44125253 0.25340208 0.44712886 -0.33714011 -0.03926152 0.53367835 0.31531987 -0.07590277 0.54860842 -0.31454051 0.31015915 0.58186954 0.37024444 0.24245128 0.56258208 -0.33219481 0.24373963 0.73905563 0.66342944 0.18790306 0.75943387 0.14657114
0.03148025 0.2540406 0.46283033 0.02783673 0.2328511 -0.49984187 0.06709132 0.38714781 0.61059356 0.06178548 0.3701421 -0.56292605 0.24462904 0.44463623 0.46140283 0.23681208 0.45549253 -0.26472017 -0.02441197 0.53467238 0.31364548 -0.06329573 0.5425005 -0.3128227 0.33883652 0.60984594 0.34940591 0.25833616 0.56378591 -0.33682218 0.27787945 0.78097576 0.51675129 0.21811514 0.78184098 0.00133359
0.03198382 0.26376054 0.47453636 0.02759041 0.23340151 -0.47458157 0.06671376 0.3988995 0.66430253 0.05825461 0.36715594 -0.54087377 0.25914091 0.45084545 0.52819866 0.23770614 0.4585743 -0.22075029 -0.03656948 0.541444 0.31285101 -0.07758613 0.54610443 -0.31198063 0.32522321 0.62282258 0.35140175 0.25614575 0.56669682 -0.31825256 0.27563339 0.80466026 0.53112078 0.23335838 0.80487758 0.00813147
0.03260067 0.26840076 0.43722469 0.02631261 0.23661429 -0.43686348 0.07191136 0.39585763 0.6323843 0.05520211 0.37109607 -0.46683064 0.25819618 0.44985679 0.52739835 0.23867589 0.46627945 -0.14284435 -0.0349438 0.53899819 0.29601318 -0.07197233 0.5453738 -0.29500252 0.32523441 0.6160776 0.36028203 0.2642765 0.57381034 -0.28750774 0.26707518 0.79481912 0.54305792 0.22890565 0.8033936 0.03991295
0.0325565 0.27653646 0.43786874 0.02673554 0.23977031 -0.43200761 0.07067049 0.39765853 0.63075799 0.04723383 0.37117451 -0.45221883 0.25265428 0.45034713 0.52553195 0.22352582 0.4661721 -0.11450091 -0.05149639 0.54819685 0.29428169 -0.08525927 0.55317342 -0.29320279 0.30665126 0.6211428 0.36243472 0.248133 0.59260237 -0.27408138 0.25245702 0.79002607 0.55021513 0.17595559 0.80353653 0.06967206
0.03153073 0.28234988 0.39254487 0.02696606 0.24547805 -0.43609992 0.0148713 0.4150171 0.50203449 0.02906736 0.41118351 -0.43683684 0.20909789 0.46703023 0.33967584 0.2109722 0.46701682 -0.07076336 -0.07079186 0.54256135 0.28662592 -0.09738469 0.55024624 -0.28547078 0.28991067 0.59464568 0.3654575 0.25349188 0.52130878 -0.23464164 0.24595781 0.7467438 0.55584639 0.18503164 0.71581805 0.11339255
0.03095991 0.29488879 0.35614803 0.02927637 0.26292068 -0.43990317 0.02328476 0.41820055 0.49657598 0.0322708 0.40791029 -0.43190506 0.20439832 0.47509146 0.38423514 0.22155757 0.4950659 -0.05991327 -0.09057081 0.54090583 0.27524361 -0.10561691 0.5498535 -0.27433392 0.22659148 0.51454395 0.39581132 0.19977149 0.49212301 -0.18658651 0.24690337 0.65310514 0.61191446 0.20936804 0.64177901 0.21659815
0.03093545 0.29495674 0.34423083 0.03128758 0.2642988 -0.44538531 0.02887868 0.41702729 0.43967465 0.03250837 0.40214673 -0.44343495 0.20549679 0.48404086 0.28811491 0.24732943 0.49838552 -0.09126315 -0.08933913 0.5401333 0.27248657 -0.10286831 0.548352 -0.27174047 0.24212338 0.53893524 0.40311676 0.21562813 0.50651395 -0.14466314 0.28590202 0.66262609 0.60678327 0.25157845 0.64163405 0.2655344 
0.03094199 0.29454654 0.34853873 0.03259191 0.27032644 -0.45459759 0.03049055 0.41434839 0.45518538 0.03857831 0.41304716 -0.44613069 0.20976834 0.48476112 0.31738424 0.24751197 0.4936718 -0.02673743 -0.10280263 0.53925908 0.27105138 -0.10877065 0.5479756 -0.27034914 0.23207048 0.51588851 0.43182155 0.22296433 0.47462794 -0.14521959 0.32105774 0.61230904 0.72124338 0.31503195 0.5971784 0.31094041
0.03449474 0.29688329 0.33698478 0.03382313 0.27625412 -0.45481491 0.0326211 0.41384789 0.43386844 0.03901734 0.40803692 -0.44720054 0.210743 0.48626906 0.29639 0.2541891 0.51098096 -0.06292014 -0.10214195 0.53726441 0.26423883 -0.11064056 0.54761094 -0.26352301 0.22860074 0.5200997 0.41786233 0.22122553 0.48878875 -0.16240479 0.31301561 0.64290154 0.64106303 0.30812934 0.63558841 0.24298915
0.03443955 0.30920163 0.39004344 0.03774319 0.28771332 -0.47008586 0.03509258 0.41607696 0.4659397 0.05307107 0.42665192 -0.44884139 0.21082541 0.49150294 0.29984188 0.26217476 0.52128899 0.0353828 -0.11027115 0.54412168 0.26532096 -0.11459725 0.55257815 -0.26493645 0.21444368 0.45501009 0.44329193 0.20009756 0.42971125 -0.30316907 0.32187626 0.57899576 0.69672936 0.32440087 0.56374168 0.28921941
0.03998405 0.30397955 0.37169248 0.0452576 0.28952065 -0.49817714 0.03872484 0.41464087 0.45303476 0.06485512 0.43796071 -0.44992122 0.21253654 0.49368075 0.27241147 0.26079759 0.51959026 0.07001563 -0.10402184 0.54360563 0.26708424 -0.11265309 0.5508343 -0.26663065 0.22519544 0.47993442 0.43259656 0.19560263 0.45531684 -0.28410158 0.31159779 0.6178847 0.68072313 0.31549218 0.58730233 0.29511556
0.04307938 0.30298752 0.27962285 0.04810778 0.3024376 -0.50051749 0.04608829 0.40610462 0.39716524 0.07390803 0.44390127 -0.43893051 0.21317469 0.48879275 0.26440021 0.26577285 0.52210355 0.04065797 -0.10594723 0.51671988 0.26705092 -0.11149149 0.53723532 -0.2665607 0.20909813 0.45817098 0.46482146 0.19361702 0.44932178 -0.27301416 0.30587158 0.57675558 0.81220829 0.31890893 0.5709303 0.33352512
0.04510515 0.30366221 0.30434382 0.04731243 0.29648814 -0.4967505 0.04620514 0.40739438 0.39963573 0.06239741 0.4353219 -0.44621956 0.20841017 0.493137 0.24496706 0.24924706 0.52128112 0.00941366 -0.11171643 0.51904953 0.26743749 -0.12851724 0.53737092 -0.26692584 0.20184489 0.4557021 0.45169041 0.1672395 0.44438761 -0.32459539 0.30987701 0.58638519 0.74126309 0.32252303 0.5821687 0.19001473
0.04851944 0.31429023 0.3179608 0.04792712 0.2944012 -0.49423799 0.04225618 0.4125919 0.40926504 0.06060417 0.4305515 -0.46083227 0.17646644 0.50485307 0.25698584 0.22300825 0.52477401 -0.00383282 -0.12191419 0.52190632 0.26798201 -0.13976935 0.53749621 -0.26745221 0.20557474 0.46963277 0.43119058 0.17788665 0.45671061 -0.28485489 0.30719531 0.60390872 0.67694348 0.31890428 0.5982641 0.19091384
0.06092343 0.31158212 0.32180551 0.05251056 0.29437453 -0.44248852 0.04603868 0.41554651 0.41413686 0.05144858 0.42875898 -0.42110822 0.17935115 0.5070979 0.2739557 0.1951028 0.52078623 -0.00682954 -0.11934022 0.52020305 0.26023662 -0.13366941 0.53034204 -0.25994122 0.20957628 0.45925277 0.34173682 0.17475137 0.42871812 -0.3217063 0.30836564 0.61113101 0.51589316 0.3396852 0.56947529 0.05298646
0.07614071 0.31349513 0.32742071 0.05545832 0.29255983 -0.41956958 0.04828556 0.41826999 0.41606268 0.04600445 0.41965008 -0.42668712 0.18259624 0.51703089 0.3221564 0.20326324 0.52552539 -0.1532639 -0.11407989 0.52071846 0.25915807 -0.13084522 0.52844316 -0.25874433 0.22608815 0.53801095 0.32144794 0.20213462 0.52252346 -0.28586364 0.2007051 0.69402736 0.4472768 0.2216547 0.6831674 0.04246561
0.07272986 0.31138849 0.29578644 0.062677 0.29270205 -0.38800919 0.04852914 0.41967747 0.3865537 0.03956699 0.41921997 -0.38512233 0.16178666 0.5184924 0.32096279 0.18198359 0.52425826 -0.14159347 -0.11265016 0.50180918 0.23076643 -0.12895222 0.50995952 -0.23062249 0.22426701 0.47020131 0.30286309 0.17019764 0.44521677 -0.32566935 0.22893113 0.60355788 0.47410274 0.22574113 0.5809446 0.00742363
0.07611586 0.31706318 0.30308983 0.06134025 0.29790539 -0.40240768 0.04775611 0.4206579 0.39066261 0.03739592 0.41902125 -0.45136508 0.16662765 0.51789033 0.28114665 0.19191799 0.52997249 -0.1904352 -0.11352499 0.50500232 0.23714103 -0.13266382 0.51387769 -0.23684186 0.20965862 0.47579247 0.32501808 0.17661321 0.47509214 -0.25539076 0.21124761 0.61382705 0.51638478 0.22989041 0.5820387 0.04857374
0.08200035 0.31541154 0.26951918 0.06040771 0.30314717 -0.41191682 0.04916162 0.41771621 0.38641769 0.03820971 0.43133971 -0.45612481 0.1713459 0.51563191 0.28458196 0.19591561 0.53096306 -0.16200456 -0.11814259 0.49393597 0.24009153 -0.13770899 0.50928289 -0.23967534 0.19924355 0.47177595 0.35924113 0.17653118 0.47938374 -0.17393161 0.22239861 0.61149192 0.62590849 0.24023208 0.58956409 0.20272301
0.09168554 0.31420687 0.22337443 0.05848652 0.30580103 -0.41992649 0.07507817 0.41909525 0.34438261 0.03677299 0.4299618 -0.4725475 0.17394933 0.51274133 0.25747839 0.19497196 0.53068274 -0.27922121 -0.1158854 0.48497143 0.22980522 -0.13677809 0.50011879 -0.22913569 0.19591509 0.47395709 0.35356304 0.15836081 0.47998598 -0.16944411 0.21906267 0.61133128 0.62190348 0.24285787 0.59893203 0.16458686
0.08891232 0.31344309 0.24825628 0.05798812 0.30823815 -0.44400272 0.07272218 0.41800696 0.36243418 0.03722569 0.43151364 -0.49861833 0.18262438 0.5122357 0.24100286 0.19317093 0.52940434 -0.25728145 -0.11639415 0.48950714 0.23324744 -0.14280921 0.50427359 -0.23265572 0.18456018 0.47813427 0.37376118 0.15019324 0.50400734 -0.15406962 0.22158715 0.61158043 0.63786161 0.21971464 0.62286693 0.17513658
0.0904127 0.31308106 0.21639702 0.05766334 0.31003746 -0.4766255 0.08175151 0.41934064 0.33629715 0.03756446 0.43240076 -0.52957016 0.18159884 0.51092136 0.21691953 0.19093916 0.52855545 -0.29620934 -0.11879883 0.48306459 0.23174569 -0.14985614 0.50264108 -0.23098615 0.16932404 0.49669749 0.37238207 0.12245824 0.52626616 -0.16332045 0.14030944 0.63894004 0.62821484 0.12705027 0.66642171 0.1635804 
0.08305435 0.31291282 0.2387381 0.05666906 0.31752679 -0.50814903 0.07860626 0.42248586 0.35079205 0.0380847 0.43455517 -0.5521757 0.18093202 0.51024079 0.20018734 0.19674201 0.53332812 -0.27953303 -0.13384651 0.48754358 0.2360889 -0.16201578 0.50424337 -0.23518008 0.16238943 0.49503115 0.37385604 0.12855564 0.51670164 -0.15148394 0.19007866 0.62634891 0.64656037 0.18925834 0.66543525 0.19013318
0.08501555 0.30938041 0.21186422 0.05643138 0.31592518 -0.49551833 0.07976405 0.41966286 0.32220036 0.03688931 0.43595675 -0.52986151 0.17862089 0.50166875 0.17958781 0.19318102 0.53059 -0.25447288 -0.14123346 0.48230931 0.23218346 -0.16644245 0.50256193 -0.2312806 0.15218656 0.49159434 0.38442522 0.12581202 0.51683021 -0.06616312 0.19780281 0.61055744 0.70921206 0.20627427 0.63259917 0.3021875 
0.09210616 0.30822843 0.22698398 0.05795969 0.31449404 -0.45997593 0.08482818 0.41264221 0.33458027 0.03704331 0.43725291 -0.47844192 0.18083645 0.47921127 0.20199208 0.18657245 0.52256846 -0.19081062 -0.13733141 0.47807199 0.23305321 -0.1625765 0.49500787 -0.23224422 0.16094139 0.48709998 0.39028081 0.13266189 0.51293713 -0.05043473 0.25735193 0.60370922 0.70161241 0.26844952 0.61523503 0.2794511 
0.09536148 0.3050023 0.23405769 0.05830537 0.31356075 -0.47092107 0.08720978 0.4046582 0.33792531 0.04187147 0.43964764 -0.47870439 0.18306324 0.46181518 0.18321235 0.1881208 0.51558077 -0.16425657 -0.13764483 0.47011885 0.23331361 -0.16193584 0.48869896 -0.2326097 0.14992259 0.47779903 0.38458708 0.12458055 0.51070797 -0.09075235 0.25459129 0.58503497 0.6794489 0.26472071 0.60099971 0.24970421
0.09535473 0.30171475 0.23728599 0.06276762 0.31292981 -0.44072783 0.07700843 0.40455332 0.33384389 0.04182873 0.43894482 -0.42401785 0.14760874 0.470687 0.193206 0.15770909 0.51551038 -0.08088478 -0.13592826 0.45550835 0.22939546 -0.16021077 0.47498828 -0.22873761 0.15505952 0.44214207 0.33302432 0.12025031 0.4744055 -0.18958984 0.28133449 0.55755502 0.55449736 0.29626539 0.57462382 0.10132518
0.09436042 0.29961953 0.26140419 0.06364638 0.3124547 -0.44227549 0.06217412 0.40468925 0.3389999 0.03771746 0.43387985 -0.42851272 0.12955821 0.47493064 0.1998332 0.16367851 0.50600493 -0.05711297 -0.1411203 0.45941821 0.23182698 -0.16052571 0.47606388 -0.23125032 0.15135607 0.4545503 0.33492449 0.12101296 0.48069379 -0.17985362 0.27611911 0.56504744 0.56656551 0.29639241 0.57644421 0.13639945
0.09390341 0.29813281 0.26921695 0.06473247 0.31613597 -0.44538075 0.09172388 0.40470967 0.37256142 0.07863149 0.44360515 -0.43769124 0.2066043 0.46940067 0.21010196 0.24607064 0.50060993 -0.08023967 -0.14404871 0.46163949 0.24397455 -0.1629858 0.48395565 -0.24327576 0.11493485 0.52716094 0.37841958 0.12390953 0.56666917 -0.17875814 0.10336332 0.65381163 0.61070687 0.09857097 0.69212729 0.14452134
0.08689733 0.2980637 0.3216373 0.0803242 0.31413418 -0.36328235 0.08363948 0.40445429 0.41498974 0.09308697 0.43658316 -0.37094685 0.19072984 0.463985 0.27828383 0.23346633 0.47550136 -0.04669599 -0.14391184 0.46419206 0.23689768 -0.16217692 0.47487479 -0.23656934 0.09910648 0.51080167 0.37138605 0.1252535 0.55070704 -0.15148513 0.15759321 0.60402238 0.5461207 0.15303843 0.62991261 0.13679631
0.08691294 0.30066746 0.3420715 0.08602867 0.31160247 -0.36523408 0.08387475 0.4020983 0.45974678 0.10601882 0.43196788 -0.39003915 0.20781781 0.44656393 0.34203809 0.24529026 0.47241741 -0.07069065 -0.13508035 0.46647874 0.23698854 -0.15289159 0.47613013 -0.23664244 0.1101784 0.50426936 0.3608107 0.13637091 0.54833865 -0.18253204 0.17743503 0.58737665 0.50485462 0.17894581 0.60512948 0.12623556
0.08807666 0.30376217 0.38591525 0.08491818 0.30554736 -0.38550887 0.09406057 0.41026732 0.52951521 0.09662684 0.42348394 -0.44462839 0.23393957 0.45234263 0.42682949 0.24221733 0.47995254 -0.22607376 -0.12890053 0.46680638 0.24910465 -0.15233658 0.478751 -0.2485141 0.12340146 0.51023042 0.34310341 0.13617884 0.55502123 -0.26414648 0.14228699 0.62840337 0.47708482 0.08616223 0.70487773 -0.02639644
0.0999679 0.30372921 0.35224703 0.08882219 0.30279526 -0.38849235 0.1162355 0.40608975 0.49480268 0.11603575 0.41804761 -0.44396782 0.25005445 0.45556104 0.30323157 0.23734713 0.47791702 -0.19973575 -0.11658175 0.46479586 0.24854474 -0.14306818 0.47628739 -0.2479534 0.15129444 0.49120197 0.33586478 0.1365817 0.54107887 -0.23673625 0.21471009 0.60423851 0.46800089 0.13536002 0.67250824 -0.00115886
0.09603573 0.30320776 0.29912108 0.08685677 0.30305851 -0.39285818 0.11242686 0.40654334 0.41079372 0.10477557 0.41324475 -0.46665341 0.24273306 0.45671993 0.28596932 0.27257934 0.48162439 -0.34627458 -0.12029695 0.46199697 0.22999924 -0.14922485 0.47607413 -0.22938436 0.13097213 0.48454332 0.33390918 0.11848719 0.54615599 -0.2381665 0.06607866 0.60445392 0.50193322 -0.02375179 0.66464025 0.03177992
0.09572342 0.29881093 0.31714609 0.08409064 0.29021102 -0.39329091 0.10858189 0.40660232 0.4634138 0.09271437 0.41344234 -0.46087977 0.24689846 0.45850798 0.381138 0.27024761 0.48365736 -0.27074343 -0.12092199 0.46309906 0.23085338 -0.14927562 0.47688302 -0.23020901 0.13208684 0.50843549 0.33184117 0.14588004 0.56840175 -0.25576419 0.04950637 0.65857416 0.5022791 -0.00327298 0.71479237 0.03293384
0.10424107 0.2980254 0.31588843 0.08224291 0.28200951 -0.37377429 0.11360816 0.40872437 0.45098588 0.09222962 0.40765229 -0.45900029 0.24812947 0.46654478 0.36261445 0.27654737 0.48208097 -0.32752982 -0.1041294 0.4632968 0.22222084 -0.14581461 0.47781 -0.2216409 0.13381442 0.52503741 0.32269478 0.1410861 0.58280945 -0.24548391 0.03497347 0.65812314 0.48684111 -0.04752431 0.70393986 0.04148233
0.11150476 0.29810002 0.32952666 0.0872914 0.28279808 -0.35239285 0.12174808 0.40920421 0.49486202 0.09015359 0.40562221 -0.43821147 0.25133094 0.46757019 0.42405996 0.28626528 0.48035556 -0.28652668 -0.09361552 0.46559536 0.22384332 -0.13115101 0.479904 -0.22322623 0.15471034 0.55878603 0.31839958 0.18944587 0.59000474 -0.24737956 0.07300697 0.69984925 0.45832568 0.02576753 0.73540318 0.01949438
0.14844854 0.3047725 0.34607586 0.09533886 0.28654394 -0.31642362 0.15770181 0.41360617 0.4898642 0.09201422 0.39964116 -0.40502873 0.2812396 0.4666661 0.38392681 0.32162401 0.4739235 -0.25442439 -0.0397825 0.48308027 0.22275826 -0.09295531 0.48673213 -0.2221287 0.22157139 0.58884752 0.23503712 0.24617767 0.59812725 -0.28801084 0.17185809 0.75431556 0.27664495 0.1525009 0.77804923 -0.08902153
0.15169063 0.30110967 0.40700999 0.10019094 0.27735576 -0.26535031 0.15303873 0.40806726 0.55885357 0.08422162 0.37492752 -0.35396555 0.2723062 0.45568994 0.44742858 0.30157402 0.46684453 -0.19165282 -0.02796902 0.48160091 0.2234899 -0.07420652 0.48124361 -0.22287892 0.23193417 0.59125102 0.22823504 0.27645165 0.58874154 -0.31594315 0.19518651 0.7497465 0.25028738 0.18189339 0.76519901 -0.13191205
0.15911999 0.31198588 0.46710432 0.0999915 0.27935618 -0.21121682 0.17303035 0.42036527 0.51823628 0.07977971 0.37088853 -0.30749884 0.28016758 0.45614895 0.25434625 0.29217812 0.45939025 -0.13845046 -0.0197574 0.49728546 0.22393115 -0.06457856 0.48769265 -0.22324583 0.22734594 0.62135696 0.23057964 0.27879953 0.60203481 -0.29435781 0.18457359 0.78284889 0.23995873 0.17710388 0.78559333 -0.11441872
0.20509174 0.32536858 0.46002892 0.12124556 0.28072852 -0.15074527 0.22024448 0.43337169 0.41887802 0.0933044 0.38010162 -0.25062007 0.32028145 0.45616773 0.07375943 0.28771883 0.45855889 -0.12377167 0.02781793 0.51277673 0.21123706 -0.01777152 0.49856532 -0.21091495 0.24003838 0.62764609 0.24220482 0.2841363 0.6050263 -0.20798297 0.1767683 0.77169913 0.31082085 0.19728303 0.77441001 -0.08273637
0.19817989 0.32108486 0.50168806 0.1157403 0.27758139 -0.16723062 0.21115309 0.43149197 0.4674904 0.08608562 0.36534104 -0.27240485 0.31398329 0.45074019 0.16735364 0.28695819 0.44997886 -0.11164924 0.03616348 0.51140463 0.21519677 -0.01207676 0.49910456 -0.21498512 0.29151016 0.62845141 0.1971672 0.33384365 0.59859902 -0.2655426 0.20636764 0.79525959 0.2198965 0.2642442 0.79623741 -0.14014179
0.1846927 0.3192541 0.54700196 0.11249018 0.27286881 -0.19293189 0.20212001 0.42871696 0.54418391 0.08508497 0.36105749 -0.2615526 0.3216297 0.44840011 0.17222804 0.29095885 0.44509411 0.02523895 0.03411132 0.51002949 0.24444817 -0.01306197 0.49993542 -0.24415834 0.33766377 0.61601651 0.21772401 0.36945689 0.59617615 -0.31253824 0.25083297 0.78314883 0.24697557 0.26114798 0.78175801 -0.10938572
0.1949784 0.3178995 0.53734756 0.11046982 0.27142733 -0.20057665 0.2075007 0.42687291 0.60642099 0.08501037 0.35089818 -0.35705411 0.31289411 0.44438082 0.332957 0.30056524 0.43633178 -0.32600266 0.06374353 0.51100701 0.24954709 0.00466267 0.50049669 -0.24919267 0.34547722 0.61413515 0.19660446 0.37380323 0.5839287 -0.32355028 0.23816164 0.77131718 0.23627393 0.28834459 0.77197343 -0.12295882
0.21412358 0.31672317 0.58322591 0.10924257 0.26758108 -0.0676723 0.23177601 0.42582759 0.56087542 0.08249971 0.3445175 -0.29410768 0.33721879 0.4400129 0.24382211 0.30496892 0.4271912 -0.28307042 0.08583338 0.51363099 0.24569951 0.02623768 0.49991009 -0.24557433 0.33963978 0.61372697 0.21109775 0.34528792 0.58842719 -0.25828955 0.23415515 0.76387268 0.26659906 0.28322142 0.78417277 -0.11675097
0.20729895 0.31481516 0.5292812 0.10953174 0.26941252 -0.14638522 0.23680829 0.42044455 0.54472852 0.08367822 0.34401432 -0.3398219 0.3416509 0.43521425 0.25105998 0.31052008 0.42184198 -0.29247802 0.08398791 0.51815683 0.24557458 0.02905734 0.50599772 -0.24529979 0.33710587 0.63058156 0.25742832 0.33139464 0.59815693 -0.20957659 0.23200633 0.76798064 0.37888983 0.25594702 0.78106421 0.00288524
0.22127385 0.3138648 0.51163322 0.11337069 0.26620919 -0.1646139 0.24828707 0.41969082 0.50708348 0.08298572 0.33648643 -0.3435922 0.3356621 0.43294379 0.24339134 0.31438619 0.4159264 -0.29807913 0.10063505 0.51570874 0.23387247 0.04584353 0.50571287 -0.23392577 0.32202348 0.62528306 0.26043537 0.3219063 0.59455425 -0.16513465 0.22591826 0.76218033 0.39503169 0.24861151 0.7718842 0.0551184 
0.21470781 0.29024029 0.49419764 0.09968738 0.23871344 -0.18133621 0.25913462 0.39963597 0.52276552 0.08295788 0.33452767 -0.35695907 0.34221211 0.41631848 0.28678593 0.31777054 0.4087151 -0.29055673 0.09681422 0.50097805 0.23379776 0.0330585 0.49324593 -0.23385033 0.33567744 0.61910236 0.25571537 0.31934631 0.5926941 -0.19244291 0.25995895 0.75907803 0.42806306 0.24106818 0.77461934 0.06158972
0.21423635 0.26760882 0.45394841 0.09636545 0.22910158 -0.26166952 0.25573048 0.38307559 0.64776456 0.08637093 0.33125389 -0.34737518 0.3357347 0.41226187 0.57618594 0.34396365 0.39182037 -0.15263626 0.09859544 0.49334016 0.23729822 0.04004722 0.49058503 -0.23719825 0.34810361 0.60867059 0.27462593 0.33352301 0.58621377 -0.20220329 0.2615869 0.75744498 0.42698607 0.25367785 0.77360195 0.04267094
0.18342946 0.25144997 0.45404932 0.09215659 0.21863426 -0.25015411 0.21241184 0.3691763 0.66916549 0.08843585 0.32693872 -0.33594349 0.31899393 0.41253585 0.61460549 0.33821851 0.39310569 -0.16932794 0.09277854 0.48455426 0.23560707 0.04786855 0.48200193 -0.23550165 0.33684489 0.60894179 0.28030774 0.34458652 0.58326286 -0.20737931 0.25420108 0.76630157 0.41515952 0.26083657 0.77345663 0.02729595
0.17643712 0.25355136 0.50974399 0.08599753 0.21368317 -0.24805258 0.22108522 0.36149371 0.71111834 0.08832011 0.32099864 -0.35666874 0.34397757 0.39064592 0.57979077 0.33253184 0.39368233 -0.26608619 0.09836987 0.48704684 0.24335414 0.0534947 0.48361015 -0.24322321 0.33267879 0.61055481 0.29896253 0.33808962 0.59402931 -0.19097102 0.25230891 0.78022045 0.45619264 0.31530797 0.80153167 0.02390638
0.14735383 0.24580407 0.5508846 0.07477228 0.2043229 -0.25155848 0.20245571 0.35542613 0.76556367 0.08166819 0.31278422 -0.36261201 0.34087479 0.3830303 0.66470504 0.32975185 0.38724887 -0.26980945 0.08953816 0.48616177 0.25026453 0.04795786 0.4805955 -0.25002906 0.31689081 0.62241042 0.29328328 0.33805507 0.59311885 -0.19775812 0.24335508 0.79155219 0.43187028 0.2992655 0.79582912 -0.00084795
0.11138055 0.23746909 0.49686855 0.06671569 0.19722106 -0.30851427 0.17768957 0.34843445 0.69284105 0.08307276 0.31000921 -0.38635969 0.33891919 0.37931803 0.57339096 0.3325783 0.37901321 -0.25904977 0.08811311 0.47777086 0.24904859 0.04422947 0.4766272 -0.24881344 0.31135151 0.62112302 0.31663695 0.33654851 0.59281445 -0.17626405 0.24067578 0.782933 0.4863309 0.28632081 0.79450053 0.04516248
0.10079417 0.22868736 0.45615888 0.06795714 0.18560499 -0.3175368 0.15668215 0.3394284 0.66383237 0.08389453 0.30259261 -0.40088868 0.32022688 0.37965396 0.5307287 0.3317453 0.37125963 -0.27466848 0.08463833 0.47330397 0.24442884 0.05234917 0.47057503 -0.24418001 0.26553982 0.62760812 0.33864033 0.32555309 0.60091293 -0.12355314 0.22381458 0.7856096 0.51843739 0.28581089 0.78981566 0.09895203
0.0876512 0.2129201 0.45415655 0.06376773 0.17343576 -0.32254213 0.15409334 0.33098251 0.65901053 0.0855439 0.29196674 -0.40642273 0.31456473 0.37495613 0.52743852 0.33552632 0.35969973 -0.26846263 0.08211137 0.46235782 0.24110888 0.05740237 0.45998722 -0.24083586 0.25630495 0.62129402 0.35835275 0.32159263 0.59948343 -0.10979142 0.23638304 0.78021908 0.55189788 0.27788022 0.77458721 0.1225196 
0.07549036 0.1973407 0.43552199 0.06064028 0.16416617 -0.39180747 0.14899783 0.32262179 0.63317454 0.09390303 0.28726852 -0.45875293 0.30819163 0.36356637 0.5161559 0.33775601 0.35191262 -0.2711671 0.08135656 0.46010751 0.24928407 0.05447903 0.46268129 -0.24878356 0.27123541 0.60634571 0.39268956 0.30718315 0.60810935 -0.1075265 0.24424031 0.75955117 0.63917178 0.27016017 0.7789039 0.1328779 
0.06645469 0.17996819 0.41889164 0.05560754 0.16619457 -0.42161062 0.13739017 0.30231288 0.59805655 0.12234511 0.28641689 -0.44568855 0.29735702 0.3511869 0.49193946 0.33741218 0.33414978 -0.17438219 0.06678896 0.44269598 0.25520033 0.05006269 0.45101556 -0.25452924 0.27313253 0.58847964 0.39472553 0.26788354 0.60575622 -0.11116474 0.24683693 0.75441223 0.61958843 0.2585547 0.78327054 0.12098919
0.04534382 0.18164545 0.41114265 0.03561699 0.16547179 -0.54969257 0.13817319 0.30159235 0.61916715 0.14834206 0.28643942 -0.57244623 0.29792005 0.34251106 0.50269568 0.33760703 0.32546517 -0.24509607 0.03817938 0.45253244 0.28697771 0.01944091 0.45379871 -0.28628197 0.27851823 0.57228875 0.5270533 0.26462823 0.61033112 -0.06279024 0.25756234 0.72124666 0.88706356 0.25709772 0.79153609 0.26555234
0.04313954 0.17824523 0.34098849 0.0358036 0.16124877 -0.57971787 0.12175902 0.30020869 0.61370385 0.16686611 0.28086948 -0.60337186 0.28835124 0.3358238 0.52113116 0.3411319 0.31154388 -0.29936543 0.01991927 0.45707169 0.28026974 0.01327764 0.46094131 -0.2797344 0.23174104 0.57477415 0.65532047 0.226519 0.60863173 0.0641528 0.24853405 0.71141219 1.08631647 0.21433981 0.77785414 0.53174144
0.04335488 0.17829841 0.42340481 0.02991806 0.14858903 -0.53160751 0.11879452 0.29392892 0.66879916 0.12793349 0.25727147 -0.6048584 0.28997698 0.33188459 0.55014807 0.34044641 0.3047258 -0.32644209 0.02049196 0.4467212 0.29195777 0.00449885 0.4569155 -0.29148084 0.24347128 0.50289875 0.56084746 0.24361244 0.56396508 -0.04814727 0.2593452 0.65464538 0.88279051 0.22038555 0.72597867 0.3125388 
0.02587951 0.16326062 0.45584917 0.01946604 0.13560788 -0.60971439 0.11864627 0.29098007 0.66754454 0.10020261 0.24364118 -0.70948833 0.27531263 0.3412241 0.50637698 0.33463341 0.29830235 -0.49808559 -0.00652854 0.43966445 0.3133468 -0.04954722 0.43894869 -0.31310651 0.14572695 0.55997348 0.51084805 0.10738637 0.5683614 -0.15754709 0.16190059 0.69981265 0.88443124 0.13157372 0.73962063 0.26197889
0.0296335 0.15291439 0.4237527 -0.01969347 0.13424014 -0.57260376 0.12088092 0.27965152 0.60452658 0.08957348 0.24408956 -0.64945072 0.26996237 0.33497751 0.42081308 0.3349309 0.29420426 -0.43503261 -0.02691785 0.42648914 0.30336866 -0.06788949 0.42679965 -0.30305868 0.09466841 0.57364482 0.50174999 0.07809874 0.57134491 -0.15467018 0.12776279 0.73327565 0.78694624 0.14925162 0.74701244 0.21891515
0.0252324 0.14319356 0.44251719 -0.04600465 0.1232742 -0.59866929 0.0975657 0.26722595 0.65540957 0.05675553 0.23645939 -0.68598557 0.24926679 0.32068789 0.48112628 0.31143165 0.2947686 -0.47859299 -0.05332775 0.42508826 0.30190891 -0.10225263 0.42250121 -0.3015008 0.05115579 0.58121669 0.49472362 -0.01404235 0.58803982 -0.10116734 0.1087406 0.73340529 0.82585961 0.07293285 0.74984235 0.24913678
0.02243123 0.14104131 0.46386704 -0.06102858 0.12155714 -0.58015096 0.10597932 0.26484686 0.71802253 0.04428837 0.23396225 -0.66690624 0.24264959 0.30852842 0.52427787 0.30261675 0.294541 -0.49449939 -0.03552109 0.43063387 0.30228001 -0.09036352 0.42828903 -0.30194604 0.09948479 0.60956711 0.45790991 0.05326274 0.62117237 -0.13899407 0.12734652 0.77281517 0.79578936 0.08567007 0.78882879 0.2161143 
0.01962178 0.13032235 0.480905 -0.06623336 0.11206817 -0.57250679 0.11079048 0.25368735 0.7288698 0.03340521 0.22642238 -0.64421964 0.23506688 0.30621517 0.55396456 0.28316417 0.29213962 -0.44934449 -0.02638702 0.41326767 0.2991899 -0.07937952 0.40860149 -0.29884323 0.1002063 0.60513222 0.43197939 0.08529801 0.61924136 -0.15820506 0.13436393 0.77360547 0.71950305 0.11741729 0.78553146 0.14156002
0.02407857 0.13797589 0.42848364 -0.06978195 0.11867611 -0.55131018 0.13200957 0.26076385 0.6630581 0.0313951 0.22733085 -0.62064761 0.23997074 0.3072592 0.4964191 0.27948731 0.29364961 -0.44415027 -0.02530088 0.414592 0.28947791 -0.06915604 0.41221035 -0.28934047 0.10135793 0.60530174 0.43133581 0.10747728 0.61808038 -0.14388148 0.14505103 0.77560735 0.71946126 0.18433987 0.8016693 0.14762329
[-0.00121433 0.14538504 0.4350464 -0.12422238 0.12473419 -0.45690304 0.13211952 0.2657584 0.64547879 0.01943479 0.23398113 -0.57903922 0.2366614 0.31089896 0.43048006 0.24612571 0.29551813 -0.45389444 -0.03071807 0.41886845 0.28065276 -0.10149613 0.41695341 -0.28054634 0.0842126 0.61191136 0.41867113 0.07903689 0.62293404 -0.14321351 0.14389254 0.7812928 0.72022694 0.1363609 0.80062997 0.18844187
[-0.01856934 0.12907504 0.39483571 -0.10381307 0.12030498 -0.5335654 0.09575587 0.26239872 0.60005563 0.02389331 0.23763524 -0.60852802 0.23496458 0.30426061 0.42653295 0.26087835 0.29547516 -0.46063769 -0.02544488 0.4105978 0.28232482 -0.07899769 0.4151918 -0.28222305 0.08689255 0.61072505 0.45784265 0.12411819 0.62380064 -0.12294544 0.14676559 0.78703284 0.77208787 0.21643759 0.81748599 0.18728967
[-0.06065423 0.16384739 0.32878295 -0.15504134 0.16812268 -0.55903345 0.13060918 0.26468819 0.50415444 0.03831466 0.26105377 -0.62238318 0.2880677 0.28556287 0.26039445 0.28901884 0.28934705 -0.50824547 -0.05327799 0.44276109 0.27417237 -0.11634991 0.44902056 -0.27412948 0.07825955 0.63904268 0.38250837 0.02908792 0.65306586 -0.13794005 0.14210486 0.82582885 0.66362047 0.12185603 0.84508497 0.17282532
[-0.04154447 0.16406702 0.33197874 -0.13328655 0.1651741 -0.50917256 0.13471392 0.27323633 0.44943005 0.02932841 0.26507479 -0.61933953 0.29382297 0.29290766 0.1503178 0.2777262 0.29218659 -0.50866783 0.0072234 0.44285139 0.26091987 -0.08167527 0.45073503 -0.26068598 0.15587692 0.63007528 0.39551243 0.04909439 0.64180249 -0.09014645 0.18244922 0.80606264 0.68056577 0.13700087 0.83053327 0.21972312
[-0.02616307 0.18213521 0.27327052 -0.13569428 0.17936087 -0.35435978 0.16116986 0.28047994 0.32644489 0.0316601 0.27045152 -0.42973331 0.29293963 0.28762218 0.03593567 0.27554706 0.29230815 -0.39649498 0.00611308 0.45166096 0.19722462 -0.07785695 0.45717537 -0.19709691 0.14599453 0.628546 0.32299677 0.07335822 0.64040649 -0.05135225 0.17840293 0.79915005 0.54064739 0.13187703 0.82295537 0.21823652
[-0.03847487 0.20212071 0.30708393 -0.13785656 0.1949604 -0.37080243 0.15688695 0.29232305 0.44164273 0.03193897 0.27745131 -0.46190411 0.27288815 0.291895 0.1801828 0.27280131 0.29286057 -0.3984682 -0.01099852 0.47217122 0.20868996 -0.07989862 0.47281054 -0.20854264 0.1245245 0.64069659 0.33835021 0.07081824 0.65126663 -0.05468436 0.17383096 0.81200039 0.55952215 0.13611944 0.82610637 0.21292673
0.00858469 0.19312075 0.31384408 -0.12668514 0.18427786 -0.35152745 0.17077377 0.2936677 0.43754208 0.02752001 0.27451476 -0.46392712 0.27765167 0.29425356 0.18407322 0.24654151 0.29864889 -0.38446715 0.03887044 0.46658927 0.21991108 -0.03483144 0.46523839 -0.21973678 0.14702044 0.63403457 0.35578835 0.11907076 0.64814121 -0.0656992 0.18245479 0.80468553 0.57385308 0.16211851 0.82503927 0.13958536
0.06044252 0.20090753 0.52601779 -0.10139069 0.18544896 -0.13616866 0.2221102 0.30868703 0.51488674 0.02979915 0.27290723 -0.26825473 0.31531763 0.29121819 0.22923477 0.25041685 0.30338472 -0.21642354 0.0810382 0.45945299 0.21683812 0.0111403 0.44947803 -0.21666528 0.16755289 0.62761128 0.29194969 0.18203436 0.63958532 -0.27436042 0.16865461 0.80190313 0.38804501 0.25340912 0.82622272 -0.34555203
0.06486149 0.21980761 0.41116863 -0.06467696 0.20922709 -0.25954977 0.2300813 0.30487627 0.49225149 0.04658017 0.28067049 -0.3748064 0.33584547 0.29368502 0.33787078 0.25457022 0.30317611 -0.22114822 0.09011671 0.46554175 0.21550821 0.04007114 0.46434253 -0.21536748 0.16237389 0.62566257 0.32311988 0.20118093 0.64447379 -0.2025966 0.16860385 0.79492217 0.47976345 0.27807665 0.83406574 -0.09917837
0.23344998 0.24870998 0.69515175 0.08324544 0.21348149 0.17908406 0.317738 0.31851414 0.68024606 0.04475295 0.26437128 -0.13932005 0.39386448 0.29032019 0.43246567 0.2443139 0.30680898 -0.28347617 0.21921454 0.45611906 0.19786343 0.17167191 0.44109783 -0.19817431 0.19413528 0.6244964 0.33271268 0.2936404 0.63680542 -0.39417228 0.16152944 0.78092575 0.42638412 0.31810233 0.83233607 -0.66807789
0.0647763 0.23925589 0.37722179 -0.01577316 0.20393352 -0.25720406 0.25677162 0.29408994 0.47989756 0.05161052 0.26340061 -0.39806062 0.35008597 0.3166953 0.31625837 0.24662498 0.30904678 -0.4270578 0.12278908 0.45526063 0.19981238 0.11153526 0.44663963 -0.19984302 0.17809178 0.62171805 0.30956772 0.23897733 0.63702512 -0.26990467 0.16040793 0.77857691 0.45154423 0.28711638 0.83201343 -0.48559621
0.12567256 0.23561384 0.67004144 0.01609179 0.20538624 0.11581854 0.26202989 0.29450563 0.73390889 0.0538605 0.26691839 -0.11360081 0.35399193 0.3109864 0.63833886 0.24839856 0.30888873 -0.27117094 0.14385237 0.45401546 0.18285792 0.1134234 0.43705368 -0.18318774 0.18691525 0.61879247 0.22950676 0.26455227 0.63228643 -0.27679589 0.15820307 0.77611136 0.2335379 0.30566907 0.8308531 -0.43618584
0.10973632 0.23592979 0.59093225 0.01163458 0.2080896 -0.01793999 0.24643868 0.3019537 0.61655068 0.06534204 0.27081481 -0.1701048 0.3571406 0.2969996 0.49181947 0.26194188 0.30369511 -0.24898806 0.13229723 0.4547388 0.17155401 0.10364471 0.43810549 -0.17187029 0.18163256 0.61916202 0.21819583 0.26950556 0.63109374 -0.24613744 0.15781032 0.77510667 0.26362473 0.31338978 0.83367479 -0.35078093
0.20861509 0.25642875 0.60466826 0.10067118 0.22323386 0.14031674 0.29575899 0.30748981 0.73315465 0.07278039 0.27174053 0.03354389 0.36246693 0.29346603 0.78789848 0.25180045 0.30370423 0.03475767 0.19487566 0.45399949 0.16383883 0.16979209 0.43748245 -0.16438274 0.1915369 0.61991668 0.16567919 0.29888108 0.63108152 -0.23218022 0.15657172 0.77534544 0.11018696 0.32921135 0.83298796 -0.3924529 
0.14133464 0.24489005 0.42591643 0.05372927 0.21758328 -0.04411005 0.29450357 0.3085348 0.4765659 0.08964045 0.29645193 -0.2632581 0.36126593 0.30011886 0.35458505 0.25102621 0.30399016 -0.40454295 0.17129321 0.46350783 0.17184195 0.12558001 0.45114759 -0.17217331 0.18999143 0.62780464 0.20317103 0.28222597 0.63976365 -0.20395195 0.16871656 0.79274952 0.25176549 0.32652619 0.83610731 -0.26500401
0.19148737 0.27036586 0.58489448 0.11818278 0.23149917 0.1681394 0.29086462 0.32065445 0.70746583 0.0993156 0.3055703 -0.08117524 0.36687827 0.32194525 0.76613426 0.25170395 0.30420905 -0.30522481 0.19113566 0.46512115 0.16344213 0.20668887 0.45469266 -0.1639778 0.19035612 0.62896597 0.19547565 0.3039971 0.64185584 -0.2849977 0.16857201 0.79252535 0.14933623 0.34216395 0.84150732 -0.51160085
0.1721403 0.26270446 0.69529182 0.0987608 0.22905399 0.19783461 0.29272071 0.33344236 0.7508539 0.09614635 0.31025198 -0.15920383 0.37511474 0.33917007 0.66086775 0.26474342 0.30379918 -0.50143194 0.19102426 0.46392038 0.16090679 0.18791573 0.45392826 -0.16138586 0.19279341 0.63305992 0.2035089 0.30186361 0.64173633 -0.3029224 0.1707387 0.79140162 0.21681781 0.3431865 0.84016013 -0.44638085
0.22852492 0.29299524 0.76501083 0.142627 0.24375421 0.31339118 0.28695601 0.34620494 0.84771168 0.09282322 0.30425492 -0.05051204 0.37295076 0.3478556 0.83171707 0.26415989 0.30428371 -0.43690288 0.21672407 0.46494052 0.16325772 0.21215501 0.45384842 -0.16377279 0.21234548 0.63495415 0.19198416 0.30429903 0.64133155 -0.33213606 0.18542665 0.79347038 0.13363102 0.34080335 0.84131026 -0.58261281
0.12091345 0.28724372 0.72188604 0.11485603 0.2357879 0.15187213 0.21390039 0.339533 0.62403572 0.10511066 0.31157845 -0.24330322 0.28481114 0.36360925 0.4701696 0.26343739 0.30627584 -0.62756139 0.13162428 0.47299525 0.16185988 0.18617648 0.45739585 -0.16231319 0.17949964 0.64239478 0.22636093 0.29067677 0.64110506 -0.23339611 0.18370807 0.79275143 0.17733485 0.33756641 0.83452225 -0.31941727
0.12384008 0.27431804 0.78406554 0.09128991 0.23351555 0.19670056 0.22019552 0.3373211 0.78556579 0.06173487 0.30646911 -0.24664417 0.31861666 0.35494906 0.60315484 0.25735119 0.30751213 -0.61028421 0.13865915 0.47090685 0.16572182 0.15631139 0.4539507 -0.16597213 0.1860137 0.64177358 0.30455613 0.28862268 0.63625753 -0.34902093 0.18320563 0.79197663 0.38413981 0.33150953 0.83439308 -0.48845148
0.13973698 0.26905978 0.79315889 0.09057338 0.23067284 0.24965027 0.25263318 0.33593458 0.8191433 0.05985954 0.28512579 -0.24161422 0.34867787 0.35240158 0.69354057 0.25487334 0.30761012 -0.61333036 0.15369938 0.4696416 0.16727623 0.15701605 0.44889891 -0.16752937 0.18594694 0.64049041 0.29243931 0.28947288 0.63389409 -0.34294069 0.17694943 0.79095906 0.35435906 0.33422202 0.83450985 -0.49919766
0.14302002 0.2659542 0.76008844 0.08819634 0.22897165 0.23582913 0.25356537 0.34241241 0.77802896 0.05656002 0.27989715 -0.25706896 0.3495667 0.37673318 0.66126633 0.25360298 0.30854771 -0.66480738 0.16464074 0.46855441 0.16384695 0.15481588 0.44624752 -0.16419615 0.19036116 0.63928062 0.2889418 0.27955654 0.63328928 -0.32026353 0.17665277 0.78866178 0.34057799 0.33215842 0.83431679 -0.46219411
