0.61035824 0.26820767 0.29908416 0.58279252 0.27124998 -0.17459725 0.57972884 0.31449479 0.29338238 0.56043744 0.3002384 -0.2969268 0.6171425 0.28801054 0.08486965 0.63725752 0.2623989 -0.20014891 0.55678308 0.41800565 0.16456336 0.54740065 0.41681108 -0.16441917 0.53906697 0.54009873 0.17271498 0.52382421 0.54372382 -0.16456619 0.52329379 0.65113884 0.19072367 0.54589021 0.659594 -0.15195929
0.61429679 0.29265606 0.28755075 0.57491803 0.28314096 -0.13486515 0.62416339 0.30663621 0.50171667 0.57110977 0.28649905 -0.35831484 0.63950819 0.27485785 0.59317344 0.63254613 0.25338429 -0.49420437 0.57069087 0.42704588 0.15243423 0.53758019 0.42670906 -0.15225658 0.55061805 0.53211987 0.15059705 0.52385622 0.53725219 -0.1911281 0.5447517 0.6388436 0.15716866 0.54366481 0.64736402 -0.22084582
0.60971111 0.3004252 0.30948907 0.57158577 0.28872639 -0.14205627 0.62036902 0.30106893 0.52847683 0.57655996 0.28531855 -0.42034981 0.6318441 0.26906186 0.61273211 0.6292783 0.25464782 -0.55805355 0.5634464 0.43046239 0.15447205 0.54305869 0.42945763 -0.15436958 0.53932589 0.53117847 0.10383212 0.5274874 0.53419107 -0.17536031 0.53796405 0.64594823 0.07562116 0.54181635 0.65162474 -0.19675697
0.60323739 0.30188906 0.32101724 0.56922203 0.29262725 -0.14472693 0.5951609 0.30462214 0.55076265 0.56664753 0.29379994 -0.419572 0.62994671 0.27492017 0.6491819 0.6268751 0.25534847 -0.55450964 0.55528355 0.43046677 0.15961745 0.5384779 0.4301897 -0.15957005 0.53983027 0.53183424 0.13593578 0.53093129 0.53533769 -0.17862886 0.5268954 0.64246851 0.13126065 0.5378179 0.65233952 -0.19661632
0.60716152 0.29943022 0.34354156 0.56791633 0.29083487 -0.14857402 0.58351785 0.32777202 0.57795036 0.56157708 0.29958799 -0.39909607 0.60699266 0.32959172 0.66191089 0.62531126 0.25675368 -0.50631034 0.56720412 0.42953414 0.15894967 0.54638082 0.42857328 -0.15891621 0.54195148 0.5328052 0.10723013 0.53306246 0.53631669 -0.17840134 0.53273785 0.64272326 0.09604841 0.54011697 0.65509707 -0.20042503
0.61501908 0.29974487 0.34589154 0.56713867 0.29043347 -0.14498633 0.59730119 0.34470129 0.56430548 0.56166905 0.30172163 -0.3910628 0.58689278 0.35214967 0.62835896 0.625283 0.25642788 -0.5222165 0.57750207 0.42863816 0.15418485 0.54687452 0.42610946 -0.15399691 0.55324364 0.53220761 0.07275793 0.53456062 0.53428012 -0.20351614 0.53839809 0.63883597 0.05284217 0.54025358 0.65035796 -0.23937485
0.61345524 0.29862058 0.35869473 0.56657195 0.2898387 -0.19781646 0.5833835 0.35495016 0.51349062 0.56215614 0.30196458 -0.41679242 0.57745415 0.39166471 0.45541593 0.62483275 0.25795078 -0.50052971 0.57477057 0.42703503 0.16544476 0.54433358 0.425722 -0.16518825 0.55694693 0.53113836 0.08823213 0.53357142 0.5339762 -0.200059 0.53601557 0.63633257 0.08652128 0.54027438 0.6482271 -0.21641061
0.61150163 0.30166659 0.3468627 0.56619281 0.29014671 -0.21096665 0.57941955 0.36129382 0.50010103 0.56437361 0.30175868 -0.49085054 0.57852322 0.40172562 0.46077079 0.62455738 0.25819874 -0.66216785 0.57289231 0.42796305 0.1688394 0.54345322 0.42703491 -0.16865566 0.55404812 0.53230804 0.10530511 0.53345966 0.53541589 -0.19942328 0.53532684 0.63959795 0.11542323 0.54000014 0.65058249 -0.20707305
0.60987985 0.30045593 0.33977643 0.56459069 0.28954464 -0.20111653 0.59344006 0.35877916 0.49166244 0.56292248 0.30369377 -0.45816609 0.59440297 0.39555085 0.40715846 0.62429273 0.26037541 -0.60591865 0.57238036 0.42829326 0.16744763 0.54600084 0.4276824 -0.16734158 0.55114853 0.53186983 0.10972869 0.53388125 0.5356251 -0.19041799 0.53008211 0.63866013 0.120373 0.54306626 0.65025485 -0.20760381
0.60935938 0.30083627 0.33436447 0.56302118 0.28995496 -0.21358858 0.58992165 0.35887989 0.48890981 0.56490701 0.30333036 -0.45470145 0.59027606 0.39237678 0.42525953 0.62506974 0.25984854 -0.45766982 0.57449985 0.42865506 0.16637774 0.54569322 0.42812335 -0.16631673 0.55006617 0.5315426 0.09042719 0.53311318 0.53577632 -0.18644331 0.53176504 0.6404705 0.09693149 0.54311091 0.65022677 -0.20349607
0.60954434 0.30087343 0.34371158 0.56032521 0.28988653 -0.20974544 0.60742974 0.35425088 0.52491838 0.56538671 0.30256397 -0.45648465 0.60643816 0.37345454 0.52682889 0.62536466 0.25947535 -0.52225971 0.57367891 0.42866209 0.16589898 0.54430211 0.42787275 -0.16580193 0.54629421 0.53222495 0.09733397 0.5327239 0.53670311 -0.18545806 0.52995747 0.64119738 0.10699042 0.54185474 0.65093678 -0.19655858
0.60510629 0.30049625 0.3458524 0.5600006 0.28973773 -0.22865723 0.59640586 0.35696745 0.50954419 0.56883729 0.30169183 -0.45637116 0.58858168 0.39139614 0.45950091 0.62700272 0.25949141 -0.52406204 0.5677821 0.4288044 0.17064823 0.54357636 0.42816314 -0.17047051 0.5440765 0.53070599 0.13491014 0.53355789 0.53584355 -0.19078234 0.52701938 0.64073998 0.17057782 0.54188424 0.65215176 -0.2187615 
0.60468358 0.30148092 0.34593529 0.55926245 0.29014534 -0.22795407 0.58769006 0.35861394 0.50202978 0.57674497 0.30009362 -0.44534287 0.58310515 0.39450285 0.43640241 0.62748235 0.25852671 -0.4886114 0.56589127 0.42894185 0.17180529 0.54256517 0.42837662 -0.17161606 0.54221964 0.53021836 0.13282162 0.53341353 0.53542066 -0.18958873 0.5258075 0.64065677 0.16122438 0.5409779 0.65206027 -0.21358335
0.60896665 0.30529556 0.35348725 0.5560168 0.29046646 -0.19043346 0.58775747 0.37190178 0.48062795 0.57659096 0.2997604 -0.45830661 0.5922482 0.41669375 0.39054951 0.62769699 0.25766975 -0.62344801 0.5702911 0.42873409 0.16328879 0.54190409 0.42784512 -0.16319273 0.54397398 0.53011727 0.0582783 0.53352648 0.53535753 -0.2078719 0.52601415 0.64040774 0.05844492 0.5409103 0.65104926 -0.23488137
0.61007017 0.30746743 0.36680877 0.55259043 0.29078224 -0.16227581 0.58825213 0.37238768 0.48793724 0.57616854 0.29890507 -0.4576869 0.59178597 0.41429386 0.41458127 0.62796092 0.25659436 -0.5957042 0.57221538 0.42874381 0.15484478 0.54142392 0.42742512 -0.15475185 0.54429621 0.53030276 0.01163007 0.53411651 0.53544426 -0.23179778 0.52518302 0.64099902 -0.01885963 0.54130286 0.65204203 -0.28461796
0.60831898 0.30731335 0.37332264 0.55136806 0.2908335 -0.15600051 0.58577013 0.36951411 0.50138968 0.57575786 0.29852757 -0.43583876 0.58820456 0.40835533 0.44608703 0.62803012 0.25671741 -0.57943672 0.57057565 0.42824328 0.15194641 0.5411731 0.42653701 -0.15184313 0.54445142 0.53009993 0.00189085 0.53421944 0.53501028 -0.24292727 0.52494806 0.64129871 -0.04000204 0.54154873 0.65276259 -0.30991223
0.60786885 0.30829155 0.36529467 0.5511874 0.29250479 -0.15758491 0.58597207 0.36651039 0.5443033 0.57527089 0.29831859 -0.41921896 0.58690834 0.39489874 0.59514487 0.62820977 0.25597093 -0.56816596 0.56900686 0.42831877 0.14833976 0.5409652 0.42669848 -0.14820161 0.54368794 0.53042531 0.02190515 0.534688 0.53531349 -0.24219677 0.52563697 0.64161587 -0.0055232 0.54165423 0.65307409 -0.27443388
0.60607737 0.30782366 0.36140329 0.55075097 0.2931309 -0.16082314 0.59194237 0.36059684 0.54528898 0.57529986 0.29621655 -0.41984415 0.58499348 0.37051964 0.59845483 0.62827909 0.25563279 -0.56387454 0.56862134 0.42837107 0.14759959 0.54023391 0.42672506 -0.14743988 0.54330099 0.53062874 0.02843311 0.53460467 0.53552693 -0.23029722 0.52648175 0.64169204 -0.00116167 0.54169464 0.65329641 -0.26272872
0.60556805 0.3074533 0.35915184 0.55091065 0.29305494 -0.18853658 0.57603371 0.36612776 0.480432 0.57428384 0.29702839 -0.41254988 0.57124525 0.4035562 0.39531013 0.62726545 0.25736752 -0.46298918 0.56901181 0.42842332 0.15603046 0.54079205 0.42678484 -0.15585712 0.54491639 0.53080314 0.08619397 0.5344649 0.53565037 -0.19673434 0.52987194 0.64045006 0.10225807 0.54152817 0.65118414 -0.2052432 
0.60491931 0.30465099 0.3328245 0.55423385 0.29279312 -0.23408365 0.58193481 0.36185753 0.48306558 0.58142358 0.29153979 -0.41779354 0.57774526 0.40004727 0.42738715 0.62719065 0.25717825 -0.42062309 0.56846887 0.42850736 0.16638163 0.54203606 0.42685807 -0.16612677 0.54631501 0.53086382 0.12304317 0.53708076 0.5357433 -0.17655991 0.53005105 0.63984984 0.15214072 0.5418483 0.6512959 -0.18160698
0.60516769 0.30430225 0.34093839 0.55426365 0.29273504 -0.2009149 0.5798158 0.36851683 0.46890625 0.58121306 0.29191807 -0.43870398 0.57660258 0.41196516 0.38769853 0.62725931 0.25564501 -0.55627406 0.56892073 0.42815647 0.16620845 0.54253286 0.42669594 -0.16602483 0.54622799 0.53017062 0.07590113 0.5379802 0.53520733 -0.17734542 0.52967799 0.63915348 0.08144888 0.54302692 0.65138447 -0.19011097
0.60529822 0.30325964 0.3381764 0.55452681 0.29224911 -0.20161909 0.57942063 0.36908308 0.45437977 0.58054084 0.29175419 -0.44340974 0.57646251 0.41431949 0.3644053 0.62742049 0.25446883 -0.54306489 0.56907099 0.42819077 0.16521762 0.54238594 0.42677251 -0.16503504 0.54739136 0.5298788 0.07318851 0.53818899 0.53512967 -0.17501998 0.52922964 0.6389783 0.08034715 0.54400313 0.65153915 -0.19918236
0.60272676 0.30333021 0.33899218 0.55487078 0.29223263 -0.19955167 0.57487971 0.37091467 0.45697346 0.57904899 0.2921277 -0.45549396 0.57241929 0.41694644 0.38178074 0.62732208 0.25456515 -0.5854221 0.57045925 0.42820427 0.16470055 0.54261518 0.42682427 -0.16457206 0.54974747 0.52974051 0.05685975 0.53928149 0.53519464 -0.17555092 0.5290373 0.63913518 0.05929307 0.54457343 0.65164298 -0.21361239
0.60224074 0.30495235 0.32833204 0.55520356 0.29271677 -0.20278889 0.57193351 0.3746978 0.43576092 0.57831192 0.29238117 -0.47547546 0.57056254 0.42185143 0.3529982 0.6273002 0.25474301 -0.60539514 0.57067072 0.42858163 0.16399653 0.54268074 0.42734483 -0.16390988 0.55211687 0.52978092 0.05818004 0.53919661 0.53524387 -0.17649068 0.52952772 0.63945806 0.07736377 0.54460466 0.65172666 -0.19767544
0.60337895 0.30442029 0.29343963 0.55546123 0.29270056 -0.22659954 0.57508337 0.37441537 0.42689896 0.57846022 0.29111484 -0.46684393 0.57239592 0.41237733 0.36482322 0.62695664 0.25393859 -0.50128031 0.57715893 0.42956015 0.16283306 0.54292905 0.4279474 -0.16271783 0.55880123 0.5298062 0.0760854 0.53963685 0.53480339 -0.16907032 0.5306251 0.63949567 0.11563925 0.54441255 0.65129715 -0.15769891
0.60032278 0.30795079 0.30709767 0.55522841 0.29380527 -0.21998352 0.57536387 0.37293047 0.43291664 0.57817954 0.29134914 -0.48778936 0.57237405 0.4031167 0.41739017 0.62632573 0.25405899 -0.62671232 0.57642084 0.42959395 0.16154945 0.54367411 0.42826271 -0.1614663 0.5611496 0.52941287 0.07567289 0.54417384 0.53480881 -0.1718147 0.53388399 0.63954598 0.10632251 0.54347295 0.6503427 -0.17377019
0.59410733 0.30817917 0.31228828 0.55491805 0.29432449 -0.21747811 0.57253337 0.37187567 0.44839385 0.57241541 0.29459858 -0.46228251 0.56672084 0.40041155 0.44226 0.62576598 0.25673416 -0.52586603 0.57207406 0.4302496 0.16136155 0.54330087 0.42972967 -0.16126649 0.56316179 0.52944773 0.08680327 0.5477159 0.53520113 -0.17238431 0.53642553 0.64023757 0.12027461 0.543437 0.65139282 -0.17310253
0.60319763 0.30885062 0.3273803 0.55110389 0.29429978 -0.17684141 0.57678497 0.3710666 0.41584364 0.56441373 0.3004922 -0.45425594 0.56877381 0.40157685 0.31462231 0.62553924 0.25826898 -0.56326616 0.57347399 0.42996818 0.157239 0.54277056 0.42966855 -0.15717518 0.56820822 0.52947134 0.04759507 0.54777569 0.5351721 -0.20636137 0.53649819 0.64026451 0.06206986 0.54212004 0.65114194 -0.21329832
0.60918045 0.30925846 0.35866442 0.5511452 0.29486141 -0.15046966 0.57970589 0.37097755 0.43097293 0.55933839 0.30686563 -0.44867563 0.57453346 0.40341824 0.33916497 0.62538481 0.26023847 -0.58950162 0.57561529 0.4296644 0.15642442 0.54324377 0.42946208 -0.15637369 0.56906682 0.53035152 0.02886235 0.55219686 0.53519988 -0.22908381 0.53605807 0.64031291 0.02406737 0.54202062 0.65064484 -0.25375602
0.60845393 0.30980313 0.35527107 0.55118477 0.29559278 -0.14642261 0.58063728 0.37045002 0.43621495 0.55968827 0.30496392 -0.41973117 0.57129139 0.39997903 0.35267708 0.62535149 0.26009437 -0.54305488 0.57537323 0.42966473 0.15287161 0.54323375 0.42946118 -0.15279073 0.56884563 0.53142041 0.01737332 0.5538106 0.5351783 -0.22741635 0.53572434 0.64044803 0.00338628 0.5419265 0.64998466 -0.2623817 
0.60898542 0.31061697 0.34288073 0.54822713 0.29649386 -0.1566245 0.58437383 0.37056801 0.39619765 0.55611897 0.30946195 -0.4211677 0.57194877 0.39984873 0.27937892 0.62517709 0.26209071 -0.57481122 0.57507432 0.43017119 0.15014428 0.54265434 0.42988142 -0.15003903 0.56850666 0.5330618 0.02265204 0.55795157 0.53526062 -0.22116601 0.53563327 0.64088112 0.0221611 0.54283047 0.64995652 -0.24756852
0.60227722 0.31091538 0.34375012 0.54855478 0.29759657 -0.15685184 0.58218765 0.3715913 0.40018174 0.55754936 0.31032369 -0.43783501 0.5703795 0.40163228 0.32183057 0.62518573 0.26214048 -0.58393204 0.57045698 0.43065226 0.15045235 0.54264098 0.43098268 -0.15034699 0.5677036 0.5334267 0.04792152 0.56290144 0.53571767 -0.18503052 0.53385431 0.64058995 0.06572603 0.54358548 0.6497221 -0.20255446
0.59497482 0.31015718 0.29996452 0.54994583 0.29744565 -0.20426378 0.57994318 0.36891016 0.41195428 0.55609119 0.3111521 -0.47047234 0.56716514 0.39181501 0.35971975 0.62518775 0.26351079 -0.61256748 0.56164283 0.43314499 0.15041265 0.54197294 0.43319431 -0.15028083 0.56735176 0.5335421 0.09492822 0.56537604 0.53588122 -0.1618713 0.53295296 0.63965309 0.13828668 0.54566711 0.64923149 -0.15055704
0.59538698 0.31011671 0.312841 0.55013549 0.29760799 -0.19852489 0.58464724 0.36726534 0.44476861 0.55309659 0.3133145 -0.46498373 0.56767952 0.38952145 0.40648568 0.62505978 0.26786751 -0.6016072 0.55864674 0.43368962 0.15330084 0.54054576 0.43333757 -0.15314031 0.56729537 0.53350556 0.08801203 0.5715729 0.5355733 -0.16937344 0.52913928 0.6386376 0.11460061 0.55071992 0.64906949 -0.17226131
0.59288168 0.31036603 0.33938324 0.5506382 0.29984015 -0.1713233 0.5911597 0.36156014 0.44468534 0.552064 0.3181563 -0.40240142 0.5694558 0.35961163 0.39502659 0.62467563 0.27410686 -0.47310621 0.54645979 0.43500146 0.15436265 0.53453922 0.43410727 -0.15417975 0.56913167 0.53342426 0.08712553 0.58248436 0.5356285 -0.17094885 0.52896291 0.63685685 0.10226737 0.5537852 0.64908493 -0.18064313
0.59228748 0.31218278 0.33824426 0.55077076 0.30202049 -0.16612019 0.59156579 0.36469573 0.44615865 0.54866761 0.32180116 -0.3918857 0.57054061 0.37311187 0.40383589 0.62256467 0.27827844 -0.4649455 0.54573989 0.43672553 0.1528714 0.53477341 0.4356584 -0.15270396 0.5691117 0.53376263 0.08350158 0.58690858 0.53709006 -0.17157288 0.5301677 0.63488591 0.09768015 0.55367142 0.64894491 -0.18362679
0.59819448 0.31706539 0.35509345 0.54995549 0.30526215 -0.16129251 0.59180951 0.37113053 0.5080772 0.54413933 0.32760212 -0.40774164 0.58256209 0.38808542 0.50881571 0.62116975 0.28256556 -0.49585819 0.54826945 0.44020566 0.15465075 0.53232551 0.4388417 -0.15449706 0.58301836 0.53663868 0.05293572 0.58995426 0.53968841 -0.20891766 0.53307396 0.63546026 0.04317504 0.55321699 0.64966613 -0.23077132
0.60747617 0.32390341 0.34246734 0.54957557 0.31034452 -0.15669537 0.60818905 0.37653777 0.46006566 0.54412937 0.32929558 -0.41104019 0.59912497 0.3906036 0.44365075 0.6204654 0.28378674 -0.51110733 0.54841322 0.44539779 0.15463948 0.52945459 0.44253644 -0.15448709 0.62475473 0.53713721 0.04738567 0.59680367 0.54024988 -0.22279255 0.53854579 0.63540524 0.0382665 0.55293757 0.64860946 -0.23682633
0.6100654 0.32852605 0.32492679 0.54902041 0.31489488 -0.15976924 0.64168406 0.35872686 0.42002639 0.54433799 0.33287027 -0.41413483 0.63171434 0.31198713 0.42500594 0.6205253 0.28701299 -0.48131222 0.54919219 0.44931918 0.157479 0.52451968 0.44497979 -0.15740594 0.62384033 0.54183698 0.08791245 0.60206002 0.54238862 -0.20243485 0.53813744 0.63562238 0.09925288 0.55333018 0.64818025 -0.18697743
0.60942906 0.33027881 0.32536444 0.54959416 0.31562746 -0.16707115 0.62860274 0.36413431 0.44575778 0.54430252 0.33614948 -0.41591364 0.62389231 0.3422499 0.45529604 0.62005031 0.29081422 -0.48297599 0.54772943 0.45257384 0.16418941 0.5223127 0.44846812 -0.16410056 0.61800003 0.54353428 0.10185043 0.60828871 0.54509532 -0.19737944 0.53780794 0.63618606 0.11530436 0.55329227 0.64819449 -0.18797396
0.60888314 0.33477512 0.31181875 0.54933327 0.32037485 -0.16728874 0.64594018 0.36310098 0.38408858 0.54541683 0.33829087 -0.41507769 0.65095335 0.3221668 0.34679115 0.61974549 0.29316196 -0.47157013 0.53981429 0.45735484 0.16490544 0.52143216 0.45442173 -0.16484556 0.6151455 0.54577643 0.13132574 0.61520129 0.54692876 -0.18267405 0.53603119 0.63640267 0.15851386 0.55436224 0.64822811 -0.17246641
0.60892272 0.33545306 0.30283678 0.54770434 0.32302195 -0.17775232 0.65209979 0.35823303 0.37913275 0.54576033 0.34129301 -0.42362911 0.64522833 0.31355184 0.34162396 0.61976248 0.29769984 -0.47461176 0.54002488 0.45999718 0.16774213 0.51952332 0.45816198 -0.16768882 0.62331307 0.54987657 0.12778687 0.6222921 0.54879183 -0.18354525 0.53691435 0.63933086 0.15661527 0.55348516 0.6482752 -0.16472252
0.60662603 0.33940837 0.30428302 0.5451045 0.32837662 -0.19156787 0.64312661 0.35918248 0.3982501 0.54887599 0.34450749 -0.43622017 0.64119357 0.31127957 0.36311421 0.62041503 0.29987442 -0.48168114 0.53376669 0.46398386 0.17399552 0.51753026 0.46293285 -0.17387041 0.62742007 0.55202496 0.14386506 0.63796818 0.54951209 -0.19334938 0.53696781 0.63963288 0.1820344 0.55191958 0.64849275 -0.16699106
0.60812038 0.34035793 0.29677147 0.54533976 0.32959834 -0.19201817 0.64672929 0.3595272 0.32346547 0.54889333 0.34852955 -0.43555936 0.64269149 0.31635168 0.20816714 0.62070793 0.30300182 -0.46019122 0.53290522 0.46530423 0.17640705 0.51350564 0.46530253 -0.17631818 0.62078124 0.55062538 0.14960852 0.63882548 0.55010974 -0.2018712 0.53737259 0.63971138 0.18682967 0.55191493 0.64822936 -0.16543801
0.60122561 0.34531036 0.29800895 0.54668778 0.33482435 -0.19179872 0.64247638 0.36146319 0.40105647 0.55058402 0.35518029 -0.44811004 0.64139915 0.31843755 0.42615512 0.62143219 0.30753526 -0.4900237 0.52318877 0.46945462 0.17786594 0.51506841 0.46994478 -0.17771287 0.61905706 0.55160421 0.16754191 0.64894736 0.55022871 -0.20147124 0.53734708 0.64116985 0.20980856 0.55502039 0.64846492 -0.16084503
0.59328783 0.35240981 0.30231425 0.54646349 0.34068057 -0.17115067 0.63420355 0.37360665 0.49113262 0.55354089 0.35525069 -0.41771212 0.64745408 0.32495594 0.57839936 0.62147003 0.31116447 -0.45510975 0.51843208 0.47466227 0.17631403 0.51460493 0.47420463 -0.17615736 0.61836827 0.55093396 0.17183076 0.64938855 0.55047202 -0.20803547 0.53539664 0.6388517 0.21697643 0.56095666 0.64819258 -0.18952596
0.57943207 0.35460559 0.3121089 0.5480504 0.34368262 -0.16805725 0.60758758 0.37753072 0.5245229 0.55881447 0.35854259 -0.37677091 0.6396938 0.32744664 0.63833016 0.62183601 0.31683102 -0.36837861 0.50915587 0.47868863 0.17653923 0.51536417 0.47710261 -0.1763445 0.60272807 0.55310279 0.17167202 0.65456241 0.5510605 -0.21031366 0.53359926 0.64021415 0.207196 0.56378019 0.64831859 -0.18886468
0.57197279 0.36065045 0.31139109 0.54805946 0.34998509 -0.16430226 0.59615737 0.38298336 0.51807749 0.56103051 0.361359 -0.36436623 0.62425512 0.34338471 0.62641209 0.62150538 0.32181126 -0.35668233 0.50945121 0.48251766 0.1760096 0.51341283 0.48168972 -0.1758464 0.60245967 0.55256742 0.16232122 0.6504392 0.55202007 -0.20860735 0.5333392 0.64028263 0.19308391 0.56275243 0.64863652 -0.19480257
0.57150459 0.36598375 0.3131189 0.54713404 0.3577854 -0.14734609 0.60198414 0.3827996 0.51831698 0.56292349 0.36676005 -0.31535494 0.62815356 0.34309059 0.62557274 0.62152106 0.32582101 -0.27838904 0.50737333 0.48598826 0.17373279 0.51394814 0.4840152 -0.17353338 0.59386224 0.55359685 0.16788478 0.64972556 0.55480808 -0.20921406 0.53266495 0.64025909 0.20287922 0.56251997 0.64940089 -0.20666984
0.56446236 0.3748436 0.3261801 0.5514884 0.36246744 -0.15063708 0.60423166 0.38449562 0.53352714 0.61957753 0.36164531 -0.16188066 0.62510616 0.3431659 0.6263898 0.62251335 0.32784477 0.15181971 0.50270313 0.49105081 0.17504722 0.51433998 0.48809835 -0.17484768 0.59454507 0.55475688 0.19131441 0.6579231 0.55700493 -0.21096884 0.53248549 0.63987744 0.23275903 0.56320995 0.64963514 -0.21440054
0.57916516 0.37862745 0.33948261 0.54407567 0.36388546 -0.12860432 0.6189689 0.39532107 0.52011961 0.60128397 0.37285668 -0.25969151 0.62512034 0.3626399 0.59237581 0.62323397 0.33304471 -0.15724112 0.50352907 0.49153936 0.17097896 0.50033063 0.48802984 -0.17071119 0.6350193 0.55946952 0.10205012 0.65335178 0.55758435 -0.21260291 0.53507507 0.63854539 0.10948913 0.55615479 0.64916557 -0.21114273
0.58442968 0.38229075 0.33557004 0.54378873 0.36840582 -0.12962833 0.6306107 0.39578378 0.50798285 0.57425052 0.38098556 -0.29693708 0.63837159 0.35712084 0.58535469 0.62331009 0.33846155 -0.23345374 0.50705457 0.49342632 0.1706727 0.49760872 0.49035865 -0.17040718 0.62842226 0.56306905 0.11744878 0.65401649 0.55952072 -0.21654975 0.53568602 0.63724142 0.12005369 0.55620402 0.64909667 -0.20798483
0.57800579 0.38898796 0.3449519 0.54535007 0.37551111 -0.13136773 0.62377048 0.3996397 0.54758018 0.57707322 0.38015273 -0.26032755 0.63686079 0.36231005 0.65174556 0.62529784 0.34410629 -0.1577951 0.50207949 0.49833697 0.17166221 0.50039065 0.49461049 -0.17140619 0.62455851 0.56475633 0.13077353 0.66018361 0.56138116 -0.22315069 0.53623682 0.63726866 0.12310241 0.55866617 0.64913905 -0.21022567
0.57865554 0.3934527 0.36503172 0.54723018 0.37897864 -0.12388369 0.61084527 0.41391295 0.58331186 0.56585217 0.38943827 -0.26266217 0.63669926 0.37616935 0.69673532 0.62686241 0.34950167 -0.1902829 0.49868119 0.49967054 0.17306302 0.49854025 0.49683011 -0.17281613 0.630521 0.56289822 0.12694161 0.65709513 0.5602724 -0.22896636 0.53733885 0.63559657 0.13459921 0.5592044 0.64914012 -0.22657305
0.58149338 0.39568698 0.34332809 0.54896927 0.38304129 -0.15548816 0.612288 0.40827158 0.56158572 0.56330597 0.3942796 -0.33772936 0.64393193 0.36934412 0.67647243 0.62779939 0.35404399 -0.32308468 0.50164306 0.50213194 0.17267366 0.49378884 0.49968007 -0.17239767 0.63782763 0.56397462 0.09317543 0.63234115 0.56067574 -0.225555 0.54240125 0.6377455 0.09327756 0.55822337 0.64916962 -0.221388 
0.58154219 0.39978081 0.30967775 0.54959488 0.38721043 -0.16169649 0.60365468 0.41651773 0.50357139 0.56547582 0.39556697 -0.35389462 0.61077321 0.38074857 0.61617577 0.62770617 0.35662892 -0.33508563 0.50282043 0.50549841 0.16640157 0.49016955 0.50518548 -0.16604322 0.65618479 0.56805581 0.05921699 0.62612838 0.56023419 -0.21791416 0.54600573 0.6381948 0.04486162 0.5480538 0.64670277 -0.17551403
0.57873231 0.4051502 0.31459612 0.54962713 0.39251569 -0.15592499 0.60594571 0.40991375 0.54934275 0.60060197 0.39404264 -0.25676504 0.61298138 0.37280294 0.70679533 0.62775916 0.35860437 -0.12395288 0.50347549 0.51232475 0.16218522 0.48152098 0.51061112 -0.16187066 0.67124927 0.5666464 0.01169318 0.62601513 0.55827647 -0.22515994 0.55048567 0.64126331 -0.04444642 0.54051244 0.64548153 -0.18712385
0.58558583 0.40834728 0.26295871 0.54962212 0.39340892 -0.18711944 0.60598755 0.42551953 0.4066025 0.57647806 0.40568009 -0.39429533 0.62036628 0.38538939 0.45818484 0.62760913 0.36652789 -0.38412866 0.5046522 0.51445633 0.16292475 0.48312396 0.51427597 -0.16262595 0.66028893 0.56911951 0.03123311 0.6271022 0.5593583 -0.20393725 0.5490216 0.64117473 -0.00253157 0.54253286 0.64597553 -0.13842879
0.57975662 0.41387638 0.28534886 0.54960871 0.40023038 -0.18227735 0.6075412 0.41830555 0.45849973 0.58781546 0.39885822 -0.32771266 0.63335544 0.38701403 0.59391099 0.62788886 0.36864007 -0.23545173 0.49871525 0.5189845 0.16303757 0.48394215 0.5201171 -0.16275668 0.65384847 0.56848538 0.09876543 0.64286774 0.56294763 -0.20571946 0.5481531 0.64081407 0.06696757 0.54307878 0.64655936 -0.15626571
0.56577712 0.41177699 0.2830286 0.55401939 0.40458712 -0.18847631 0.59541649 0.41479722 0.47263846 0.61225927 0.39630589 -0.29893085 0.631675 0.38879314 0.6195907 0.62834615 0.37293836 -0.14860743 0.49139524 0.52068466 0.16488715 0.48190951 0.52278888 -0.16465484 0.65069658 0.56931055 0.14396763 0.64622742 0.56647986 -0.19836742 0.54757136 0.64077383 0.13654613 0.54504329 0.6473456 -0.13940412
0.56457758 0.41443887 0.26407385 0.55442768 0.40952054 -0.19181252 0.59774786 0.41285154 0.47480029 0.60663331 0.40127 -0.33076161 0.63234454 0.39078254 0.61630386 0.63121074 0.37841794 -0.24087048 0.49144587 0.52515352 0.16574344 0.48225221 0.52652431 -0.16555399 0.64889115 0.56934398 0.16220358 0.65241331 0.565992 -0.19755013 0.54681498 0.64079267 0.17221734 0.54738778 0.64739704 -0.13026729
0.56536353 0.41803759 0.23816252 0.55066675 0.41572973 -0.19565408 0.60374922 0.41287392 0.44197872 0.5908618 0.41807559 -0.38258862 0.64340913 0.39178804 0.57996684 0.63053077 0.38224283 -0.38186571 0.49151966 0.53054494 0.1640317 0.48114002 0.52994597 -0.16385366 0.63004446 0.57474226 0.15062472 0.65207773 0.56530553 -0.18723129 0.53932828 0.64598763 0.15700763 0.55314809 0.64797813 -0.10788748
0.56584537 0.42294502 0.24955182 0.54371762 0.42015496 -0.19647831 0.60423738 0.41565284 0.4587653 0.57404864 0.4268232 -0.39494848 0.64199352 0.39115837 0.58690661 0.62921178 0.38556859 -0.3990055 0.49137738 0.53338128 0.1641518 0.47876248 0.53346956 -0.16396618 0.63252378 0.57451361 0.15125959 0.65468913 0.56561697 -0.19134188 0.53809053 0.64532691 0.16699415 0.55315781 0.64817059 -0.10873027
0.5533787 0.42594099 0.26148185 0.553527 0.42501915 -0.17404127 0.58148754 0.42173329 0.48385811 0.57747376 0.42148989 -0.35273662 0.61573535 0.40268046 0.6513589 0.62926131 0.39184573 -0.34028032 0.48065388 0.53702205 0.16422401 0.47971231 0.53679043 -0.16400966 0.61786485 0.57658249 0.21594752 0.66771775 0.56652111 -0.19202307 0.53416145 0.64612472 0.2768327 0.55695754 0.64836079 -0.12086102
0.55524194 0.4322696 0.282334 0.55140454 0.42860729 -0.13919675 0.61068797 0.43075114 0.4844521 0.57796717 0.42936477 -0.24982317 0.63724136 0.40222788 0.63090956 0.62954718 0.39393637 -0.15883933 0.47994101 0.54108155 0.16269782 0.48046523 0.53915989 -0.16252044 0.61984164 0.57717097 0.19918455 0.67326957 0.56668246 -0.19133455 0.53144968 0.64643157 0.24293654 0.56489688 0.64861453 -0.12275661
0.55569476 0.43682024 0.35970768 0.54750186 0.43194428 -0.07509803 0.59849364 0.45425192 0.56606597 0.57009256 0.43908593 -0.16623411 0.62236887 0.41571492 0.70660126 0.62612158 0.40092951 -0.06348542 0.47750041 0.54355896 0.15940782 0.48091882 0.54038006 -0.15928192 0.61993283 0.57619697 0.17927943 0.67141759 0.56724548 -0.18482374 0.52875048 0.64611501 0.21532089 0.56838077 0.6494022 -0.1444895 
0.55876958 0.44939595 0.38698146 0.5434649 0.43423945 -0.05777428 0.58488154 0.47219196 0.6290428 0.55831951 0.44800523 -0.24590674 0.60704374 0.43687534 0.834319 0.62209505 0.40605199 -0.27288425 0.4794082 0.54615748 0.15863878 0.47992402 0.54180968 -0.15853457 0.62085408 0.57710052 0.18094131 0.67081243 0.56750387 -0.18163556 0.52831978 0.6458981 0.20120583 0.56934607 0.64968854 -0.16890214
0.55928349 0.45079154 0.36726344 0.53987813 0.43622625 -0.02807732 0.57535154 0.47411537 0.57724601 0.55430514 0.4517867 -0.20262566 0.59207964 0.44584522 0.7529434 0.62037259 0.41045424 -0.22406563 0.47962379 0.54779941 0.15036686 0.48002121 0.54265803 -0.15026768 0.62363267 0.57644576 0.13574822 0.66710305 0.56760526 -0.18299957 0.52814722 0.64543027 0.09747881 0.56934148 0.65083414 -0.25229773
0.5574249 0.45798957 0.3792679 0.54363638 0.44047564 -0.02138202 0.57784039 0.49100539 0.55760056 0.58810818 0.4550792 -0.00428445 0.58986062 0.46825314 0.71132654 0.62070954 0.41436389 0.27019158 0.47771206 0.55135083 0.13562232 0.48447442 0.54388225 -0.13565508 0.61610013 0.58203232 0.16390972 0.66680253 0.5681895 -0.16011523 0.52723205 0.64638555 0.06447821 0.57237637 0.65100396 -0.29663038
0.55367321 0.46153706 0.36622843 0.54346603 0.44201165 0.01479855 0.54766303 0.48897508 0.53452939 0.58537573 0.46016258 -0.04483353 0.55540973 0.47010645 0.68735558 0.62103873 0.41810086 0.06723836 0.48149595 0.5589475 0.12496967 0.48514172 0.55246538 -0.125056 0.61295199 0.58313233 0.13176976 0.65626717 0.56796372 -0.16659918 0.52440482 0.64615017 0.05757971 0.57205522 0.65023196 -0.27042747
0.56541485 0.45646495 0.28176305 0.53791851 0.440889 -0.02401507 0.56267351 0.48491293 0.39747337 0.54514718 0.46371207 -0.23929766 0.57792306 0.45963579 0.47424728 0.62102121 0.42151043 -0.30740532 0.49339774 0.55435371 0.1320854 0.48263121 0.5494085 -0.13205008 0.61528397 0.58166111 0.06485369 0.64575839 0.56794637 -0.19555435 0.5242421 0.64603764 0.03503462 0.5713281 0.65023148 -0.26944432
0.52981734 0.47168338 0.39517117 0.56709325 0.4574267 0.10957693 0.53832483 0.48958975 0.44935495 0.59623259 0.46581843 0.12523071 0.56476092 0.46227872 0.57280844 0.62955469 0.42597106 0.34593704 0.47767645 0.55938113 0.11571036 0.5026387 0.54727739 -0.11643507 0.57083601 0.58316863 0.24886206 0.65466827 0.56878573 -0.07544647 0.52158904 0.64885384 0.01798653 0.57465988 0.6498298 -0.30185491
5.28183401e-01 4.77506250e-01 4.19308811e-01 5.68041325e-01 4.60509181e-01 1.16405405e-01 5.28292537e-01 5.06497920e-01 5.00023127e-01 5.93262792e-01 4.69111562e-01 1.35773554e-01 5.47173023e-01 4.86110687e-01 5.83398402e-01 6.29065573e-01 4.28814292e-01 3.69325489e-01 4.69590217e-01 5.60761333e-01 1.17401674e-01 5.01055956e-01 5.48609674e-01 -1.18159860e-01 5.73957324e-01 5.82529962e-01 2.40069330e-01 6.60314560e-01 5.68607867e-01 -6.41666800e-02 5.21994054e-01 6.49801552e-01 -5.60201042e-05 5.75097978e-01 6.49831235e-01 -2.91055977e-01
0.52870315 0.48202962 0.42506576 0.5772661 0.46208134 0.12117208 0.50844544 0.52063745 0.50068617 0.57848179 0.47279972 0.0931979 0.51727772 0.52284354 0.5648936 0.62893516 0.43164942 0.26366043 0.46892303 0.56380266 0.11782379 0.5021565 0.55246317 -0.11857983 0.57583463 0.58198142 0.2559323 0.66099286 0.56766301 -0.04146132 0.52031386 0.64949065 -0.00085965 0.57661843 0.6491797 -0.28077164
0.52886915 0.4728941 0.39775494 0.59155053 0.46197981 0.08443362 0.50204146 0.51132113 0.47722489 0.5992887 0.47554198 0.03398247 0.51972413 0.53261143 0.54255134 0.63704723 0.44434845 0.1888395 0.46952087 0.56333452 0.11841239 0.50343192 0.55339557 -0.1191873 0.57081425 0.58155692 0.22418894 0.66262412 0.56749898 -0.05047769 0.51864237 0.65052611 -0.01286025 0.57587707 0.64905369 -0.27109772
0.53333801 0.47321171 0.40272301 0.58467811 0.46052316 0.05931845 0.5114482 0.51378316 0.51173508 0.59871489 0.47293085 0.03134371 0.52251899 0.52919096 0.59334761 0.63673049 0.43644252 0.22743998 0.47097546 0.56352913 0.1216296 0.50306332 0.55413789 -0.1222401 0.58558637 0.58088398 0.19479439 0.66144121 0.56653529 -0.08524425 0.51933324 0.6504519 -0.03258714 0.57538879 0.64866805 -0.28523895
0.55639189 0.47026742 0.39659938 0.57914001 0.4566578 0.04324486 0.52266204 0.50458467 0.54984456 0.58848476 0.47343194 -0.11826374 0.53104889 0.50869501 0.68956852 0.63860589 0.44435683 -0.12652114 0.47146001 0.5632388 0.12601477 0.48642454 0.55463976 -0.12627612 0.60785472 0.58002061 0.10749333 0.65078419 0.56608236 -0.15509152 0.51976383 0.65019089 -0.06132468 0.57320499 0.64887613 -0.31067738
0.57363403 0.47675315 0.41365129 0.57711792 0.45551434 0.03744058 0.56214374 0.51288676 0.53474379 0.56945199 0.47053415 -0.15993349 0.57323557 0.53405195 0.59750265 0.6371128 0.43942496 -0.20163062 0.47153029 0.56471026 0.13167775 0.48145911 0.55440867 -0.13186811 0.6077069 0.58734637 0.11154607 0.64588261 0.56577218 -0.13444842 0.5183655 0.64983171 -0.0027878 0.5710097 0.64885712 -0.25415543
0.57010245 0.47295192 0.40254492 0.57724953 0.45479092 -0.00193582 0.53545982 0.50935483 0.53711194 0.56866753 0.47291628 -0.16515431 0.54951221 0.5146181 0.66732579 0.63807333 0.43923184 -0.18250261 0.47065085 0.56383419 0.13575114 0.48111093 0.55461597 -0.13582616 0.60698098 0.58623219 0.12201743 0.64763743 0.56530595 -0.16527314 0.5173831 0.64981341 -0.03298331 0.56917471 0.64985073 -0.30846941
0.58055383 0.46463993 0.36791077 0.57582092 0.44733611 -0.06163541 0.53617203 0.50122368 0.51258034 0.55926663 0.47338992 -0.28781489 0.535025 0.51431686 0.63921201 0.63757145 0.43681759 -0.39436477 0.47044727 0.56287378 0.14698945 0.47978854 0.55438304 -0.14697371 0.60599315 0.58598012 0.10780338 0.64866954 0.5645653 -0.17667761 0.51714808 0.6496473 0.00288382 0.5678634 0.64978164 -0.2532911 
0.57795691 0.459479 0.32661507 0.57493782 0.44320023 -0.127074 0.53072006 0.49228007 0.50357288 0.56070638 0.47165769 -0.34959853 0.52905464 0.50933754 0.63373667 0.63808501 0.43610266 -0.44800162 0.46953657 0.56200731 0.15851879 0.47763699 0.55266517 -0.15851334 0.60408133 0.58678812 0.12845945 0.64932984 0.5636943 -0.17403834 0.51556557 0.64980036 0.13275547 0.56620342 0.64940757 -0.141864 
0.58777142 0.45943248 0.31463608 0.57439041 0.44203281 -0.11061938 0.5552389 0.49016544 0.50695157 0.55573487 0.47119284 -0.31892172 0.58730179 0.48243031 0.67398822 0.63663989 0.43550116 -0.39178309 0.46995053 0.55967528 0.15532611 0.47859016 0.551485 -0.1553978 0.58255279 0.58622348 0.15557581 0.65593129 0.56361639 -0.16621141 0.51576132 0.64986265 0.13555807 0.56509727 0.64916492 -0.15306155
0.58163017 0.44506595 0.29316276 0.58366042 0.43780226 -0.15316007 0.56728232 0.47318539 0.44375473 0.58525747 0.46766976 -0.33423823 0.61417329 0.45066184 0.56515247 0.6402626 0.43348292 -0.38000032 0.46726066 0.55282408 0.16450043 0.48108101 0.55048996 -0.16440845 0.57731777 0.57721865 0.35501754 0.6625793 0.56370091 -0.23700581 0.51561153 0.64814085 0.48864317 0.56400204 0.65034556 -0.19784985
0.57906497 0.44908509 0.35739499 0.58317298 0.43872878 -0.09931614 0.54313093 0.48045895 0.5345915 0.58483344 0.46673334 -0.27531245 0.5559718 0.4991338 0.67466891 0.63221198 0.43029356 -0.31234515 0.4653039 0.55051583 0.16003934 0.48254803 0.54868627 -0.16003138 0.57095641 0.57785338 0.33248448 0.66224498 0.56407076 -0.2004241 0.5154351 0.64796036 0.36079583 0.56391233 0.6513027 -0.26539016
0.58179349 0.44399467 0.28581908 0.58104026 0.43466774 -0.18080287 0.5720008 0.46426263 0.52429587 0.58214045 0.45946547 -0.42030105 0.61543 0.44280612 0.69826698 0.63224024 0.42474592 -0.5199905 0.46577832 0.5476889 0.16661853 0.48206758 0.54585057 -0.16651839 0.5767886 0.58023071 0.29159462 0.66216487 0.56408525 -0.21152341 0.51559293 0.64810747 0.38765508 0.56065518 0.65127695 -0.15662169
0.58024514 0.44687214 0.39791775 0.56529289 0.43557623 -0.06833097 0.56771469 0.47504625 0.60350764 0.58093899 0.44880894 -0.37658647 0.57274061 0.48170024 0.76140106 0.63212943 0.41536662 -0.36475915 0.46639007 0.54750496 0.16579832 0.4779906 0.54408771 -0.16536045 0.57942688 0.58031332 0.2317428 0.65954012 0.56355911 -0.20267995 0.51612014 0.64817619 0.19842081 0.56036419 0.65105307 -0.2795715 
0.59023774 0.44774693 0.30555153 0.56170183 0.4337022 -0.13703077 0.60839266 0.46112874 0.5762223 0.57490039 0.44670624 -0.36421391 0.62057501 0.4328967 0.71182072 0.63208568 0.41025308 -0.4007059 0.48092362 0.54521435 0.16324404 0.47072619 0.5404734 -0.16297926 0.60799652 0.58209902 0.09647776 0.61306643 0.56345242 -0.2355545 0.51768547 0.64667571 0.06737588 0.55017102 0.65099704 -0.25774065
0.58736247 0.44284278 0.33740509 0.55961007 0.43050295 -0.12346684 0.59698272 0.45287499 0.61015564 0.57224452 0.44230098 -0.3368682 0.61910892 0.42881668 0.80801749 0.63209087 0.40672514 -0.39057335 0.48029089 0.54258364 0.16726719 0.47037843 0.53723973 -0.16706987 0.60845852 0.58148396 0.12901577 0.62766278 0.56237251 -0.24193721 0.51771086 0.64695764 0.21760696 0.55195737 0.651115 -0.26826885
0.58517009 0.43573302 0.28640366 0.55541879 0.42810759 -0.19096726 0.6063633 0.4280377 0.5756138 0.57145739 0.4373998 -0.46293175 0.63509732 0.40607995 0.78022248 0.63511497 0.40275347 -0.59413552 0.4796432 0.54023945 0.17154177 0.46295932 0.53541815 -0.17135644 0.61845368 0.57918 0.13793316 0.62042737 0.55913311 -0.23308039 0.51933956 0.64721054 0.13790897 0.54979604 0.65109706 -0.18482603
0.58968467 0.43172926 0.29773748 0.55722111 0.42246756 -0.16496329 0.60073119 0.44380412 0.62060654 0.56810087 0.43486431 -0.41026333 0.63949215 0.41944927 0.82223815 0.63672668 0.39848405 -0.4940275 0.48023647 0.53679872 0.17553934 0.46339324 0.53313309 -0.17540464 0.62833768 0.57729924 0.16274203 0.62451768 0.55871511 -0.23256283 0.5251919 0.64412528 0.17232805 0.55283934 0.65650427 -0.19586714
0.59032124 0.43088752 0.31090897 0.55677348 0.41818136 -0.15302934 0.61013854 0.44254225 0.60512781 0.56825584 0.4294782 -0.37937474 0.63761264 0.4243865 0.79236358 0.63770956 0.39089754 -0.43915206 0.4823502 0.53323215 0.17298543 0.46433488 0.52779722 -0.17286721 0.62755686 0.5741396 0.12204757 0.62049657 0.55833137 -0.23801388 0.52602732 0.6442585 0.1001642 0.55610424 0.65644413 -0.24045597
0.58930987 0.42456353 0.31676021 0.55754554 0.41447741 -0.14969331 0.60652459 0.43112174 0.5969761 0.56940085 0.42378178 -0.3968465 0.63993621 0.39837053 0.7832098 0.63839406 0.38895923 -0.48829889 0.48167881 0.53166288 0.17276388 0.46559501 0.5265038 -0.17261551 0.62775856 0.57052493 0.14804778 0.62368786 0.55860031 -0.23136383 0.53167987 0.64299411 0.1354734 0.55649573 0.65258276 -0.23824017
0.59159142 0.42096439 0.3193844 0.5588432 0.41213551 -0.14604214 0.60588443 0.42651621 0.59235001 0.56871724 0.4222599 -0.39007542 0.64039087 0.39649808 0.78027999 0.63770038 0.38760695 -0.47497898 0.48175496 0.52774036 0.17352258 0.46602213 0.52406305 -0.17336287 0.62854779 0.56986415 0.1569076 0.63251781 0.5573594 -0.22690199 0.53444123 0.64224738 0.14390217 0.55673152 0.6507684 -0.22348407
0.59094071 0.42108747 0.32023391 0.55898875 0.41021949 -0.13840787 0.61033714 0.42660862 0.58875895 0.56853223 0.41846436 -0.35304555 0.64221853 0.39104697 0.76980042 0.63764715 0.38412747 -0.39373976 0.48137257 0.52589589 0.17268603 0.46652657 0.52041483 -0.17256053 0.61964941 0.57055664 0.15802968 0.6339677 0.5555802 -0.22446257 0.53332049 0.6425091 0.17926435 0.55680907 0.64834291 -0.22631632
0.59603161 0.41648379 0.3342059 0.56044626 0.40415022 -0.11019299 0.62287647 0.42131478 0.58517289 0.5683617 0.41317618 -0.28707325 0.64808983 0.38418013 0.76598978 0.63911951 0.37864533 -0.27382964 0.48234433 0.52316779 0.17214505 0.46844462 0.51793438 -0.17204368 0.60848445 0.56310427 0.19520757 0.64411229 0.55509859 -0.24360792 0.53235745 0.64198518 0.23251216 0.5603615 0.64846331 -0.28570265
0.59473616 0.41136476 0.32732391 0.56055969 0.39996397 -0.11415462 0.62033349 0.42439255 0.55528575 0.56905407 0.40765727 -0.31174552 0.65481806 0.38584456 0.71750385 0.63919961 0.37428883 -0.34279093 0.48211494 0.52088374 0.17120561 0.47210652 0.51622653 -0.17106923 0.6043632 0.55947399 0.19365981 0.6478197 0.5549981 -0.24177775 0.53203738 0.64009917 0.21146689 0.56127936 0.6485495 -0.23169301
0.61139715 0.41183946 0.3333002 0.56078058 0.39488411 -0.11308747 0.62460232 0.42998198 0.53597873 0.56327653 0.40895241 -0.32046583 0.66027153 0.39609501 0.65003514 0.64193344 0.3725042 -0.34407365 0.48935869 0.51649737 0.17081584 0.474617 0.51075017 -0.17067994 0.61941808 0.56254381 0.11359863 0.64751738 0.55486482 -0.23652005 0.53141838 0.64041042 0.10026848 0.56167328 0.64866716 -0.23151168
0.60651284 0.41546136 0.34165561 0.56101328 0.39316574 -0.07094964 0.62600923 0.43449327 0.54439968 0.56175387 0.40680429 -0.27617574 0.65786606 0.39920312 0.6901837 0.64400756 0.3708176 -0.28723168 0.48821914 0.51521933 0.15915519 0.47518334 0.50802398 -0.15903515 0.60393465 0.56041723 0.08950361 0.64749789 0.55445033 -0.21633129 0.52880853 0.64060944 0.06012909 0.56471294 0.64875215 -0.22341789
0.60411191 0.41393107 0.36303514 0.57015866 0.38817281 -0.08762035 0.6209203 0.4414019 0.58245093 0.55757618 0.40604511 -0.27918544 0.65327686 0.40490994 0.71571106 0.64374435 0.37033314 -0.36412486 0.48658121 0.5090512 0.15944296 0.4808028 0.50414556 -0.15929779 0.59322989 0.56004769 0.11377082 0.65373611 0.55456513 -0.21362856 0.52717358 0.64086932 0.09615161 0.56646538 0.64892918 -0.20938452
0.60217851 0.40987405 0.35618269 0.56970161 0.38764247 -0.07967734 0.61945361 0.42686683 0.58184272 0.56292599 0.40035516 -0.26119393 0.6515075 0.38805148 0.72767317 0.64350414 0.36533168 -0.27298683 0.48364061 0.50854164 0.15877944 0.48264444 0.50453931 -0.15859695 0.59295148 0.55928862 0.12142506 0.65731972 0.5547092 -0.2144098 0.53170115 0.63878673 0.10753863 0.56719941 0.64947444 -0.21159467
0.60309237 0.4092119 0.35329288 0.56942779 0.38718569 -0.067908 0.62415075 0.42764059 0.58908147 0.56473821 0.39788249 -0.25450212 0.6556384 0.38626975 0.76535845 0.64330757 0.36114594 -0.27439517 0.48351452 0.5088414 0.1564316 0.4830893 0.50236899 -0.15624814 0.59004992 0.56041169 0.12883599 0.65640485 0.55479771 -0.21331023 0.53456467 0.63912857 0.1182416 0.56903726 0.64950633 -0.2162772 
0.60280359 0.40502518 0.36160034 0.57023233 0.38461268 -0.05054458 0.62278438 0.42677635 0.5893355 0.56591403 0.39743379 -0.22315007 0.65586084 0.3847484 0.75626904 0.64317095 0.360071 -0.23353885 0.47842768 0.50728655 0.15527342 0.48645189 0.50098413 -0.15512371 0.58533126 0.55910981 0.14304578 0.65761572 0.55400646 -0.21345575 0.53584707 0.63918245 0.12736781 0.57133096 0.6494543 -0.23674239
0.60079604 0.40513685 0.35809374 0.5720675 0.38274816 -0.06483842 0.62244576 0.42106035 0.59089237 0.5706315 0.39370456 -0.25397936 0.65448534 0.38201323 0.75758314 0.64454865 0.35849586 -0.27840176 0.47825837 0.50435656 0.15593949 0.48746082 0.49864981 -0.15579136 0.58764499 0.55951869 0.14374532 0.65802515 0.55404913 -0.21359655 0.53315103 0.64383674 0.13096423 0.57244927 0.6495378 -0.23542757
0.60329145 0.40540656 0.38480014 0.57182395 0.38166884 -0.05268149 0.6211288 0.43153268 0.64420563 0.57047772 0.39303535 -0.26168409 0.65353042 0.3982006 0.8328923 0.64644676 0.35719979 -0.29721773 0.47876129 0.50307864 0.15606771 0.48969269 0.49582991 -0.15592432 0.58763361 0.55904615 0.12807569 0.65822846 0.55291396 -0.21395281 0.52829534 0.64722908 0.09164371 0.57213545 0.64897728 -0.24857508
0.60308295 0.40657654 0.38076344 0.57195139 0.37863091 -0.06107825 0.60801274 0.44241741 0.65290517 0.56904966 0.39254469 -0.32343206 0.62970412 0.43341196 0.85697573 0.64630222 0.35678664 -0.4591769 0.48406062 0.49931648 0.15548229 0.49402323 0.49264631 -0.15531075 0.58970439 0.55770153 0.13383661 0.65900773 0.55275887 -0.23384072 0.52807677 0.64545941 0.10681172 0.57206702 0.64868963 -0.27884984
0.60278171 0.40387136 0.37660396 0.57178175 0.3780092 -0.07634781 0.598773 0.44067335 0.64520645 0.56904113 0.39263016 -0.33883923 0.60127795 0.42840207 0.83750075 0.6459111 0.35333899 -0.44956869 0.48637876 0.49913141 0.15637036 0.49655932 0.49204019 -0.15619357 0.59035391 0.55796969 0.13579644 0.66254294 0.55273849 -0.23131058 0.52780008 0.64526284 0.10761229 0.57193011 0.64851159 -0.2752507 
0.6020205 0.40201694 0.37398186 0.57282788 0.37729761 -0.07094772 0.60487604 0.42029506 0.63853002 0.5707075 0.38890988 -0.26306465 0.61991924 0.37395379 0.81417251 0.645854 0.35109961 -0.28701252 0.48639363 0.49763119 0.15613279 0.49844915 0.49126631 -0.155958 0.58547539 0.55818158 0.15218341 0.66217542 0.55261415 -0.23111093 0.52715373 0.64516675 0.15414068 0.57268858 0.64788854 -0.26476431
0.60205895 0.39889911 0.37901938 0.57501566 0.37579897 -0.06099084 0.61400789 0.41989452 0.63246411 0.57092226 0.38762531 -0.24404339 0.64203763 0.37042159 0.80596495 0.64648002 0.35024375 -0.26964009 0.48700687 0.49431449 0.15685996 0.49898604 0.48768294 -0.156702 0.58397073 0.55763167 0.14732695 0.66163719 0.55243886 -0.231527 0.52714729 0.64497823 0.14116625 0.57299477 0.6470654 -0.2639342 
0.61326683 0.39483434 0.36374819 0.57680011 0.37506333 -0.07980253 0.62447828 0.41945121 0.62695891 0.56821465 0.38763043 -0.29967096 0.64598745 0.38140216 0.80263668 0.64663643 0.34950346 -0.35623524 0.49186945 0.49316645 0.15827127 0.49928182 0.48658839 -0.1581444 0.58392358 0.55780292 0.1210393 0.66181576 0.55151933 -0.21970056 0.52714801 0.64485514 0.09545593 0.57347023 0.64641345 -0.21859024
0.61231732 0.39361635 0.364963 0.57710534 0.37374833 -0.05738602 0.64343566 0.39897117 0.58159912 0.56887162 0.38456911 -0.22146447 0.65540332 0.35638463 0.71823835 0.64673477 0.34733257 -0.21268244 0.49385479 0.49093351 0.15917653 0.49998847 0.48443535 -0.15904699 0.5808863 0.55793607 0.12648617 0.66152704 0.55149376 -0.22185099 0.5262326 0.64412183 0.10804708 0.57392174 0.64569652 -0.23775284
0.61092448 0.39306328 0.38243666 0.57688105 0.37376791 -0.04324621 0.63698089 0.4034076 0.61432707 0.5756979 0.37878519 -0.17988205 0.65498918 0.35511771 0.76976633 0.64852953 0.34465739 -0.13904913 0.49355555 0.49099499 0.15916757 0.50013351 0.48446608 -0.15903385 0.57917911 0.55806124 0.12298959 0.66066712 0.55179447 -0.22340448 0.5262363 0.64409286 0.09788019 0.57361841 0.64576906 -0.2684938 
0.60999322 0.39003614 0.38437623 0.57610607 0.37138259 -0.04276215 0.64358991 0.38954946 0.60792029 0.57615739 0.37857047 -0.19474505 0.65854698 0.34805211 0.74432099 0.6483739 0.34311098 -0.17411044 0.49447727 0.48948315 0.15982768 0.50031829 0.48251402 -0.15967141 0.58026457 0.55729884 0.12033448 0.65963304 0.55183834 -0.22951233 0.52641791 0.64310926 0.09668476 0.57347095 0.6459614 -0.27731839
0.60987562 0.3847945 0.38037911 0.57654339 0.3684167 -0.05351573 0.65633249 0.38163775 0.59213877 0.59614146 0.36938187 -0.17400615 0.6596756 0.34044033 0.71687531 0.64832997 0.33928892 -0.07501595 0.49545655 0.48656049 0.1629667 0.50304812 0.48077026 -0.16275959 0.58089364 0.55657119 0.15273711 0.65872931 0.55234915 -0.23759833 0.52698779 0.64106572 0.16268638 0.57277644 0.64825475 -0.28041732
0.60995507 0.38309416 0.3681027 0.5772084 0.36745605 -0.05470195 0.65405917 0.38057163 0.57191163 0.59042668 0.36951369 -0.17346756 0.65792733 0.33993611 0.69206172 0.64710236 0.33785284 -0.0778093 0.49560276 0.48550791 0.1640861 0.50516564 0.4804405 -0.16387236 0.58674443 0.55214387 0.15092355 0.6587041 0.55234307 -0.2359767 0.52912527 0.63761622 0.15087813 0.57038146 0.64826006 -0.27956024
0.60946459 0.3842234 0.37202612 0.57376552 0.36533186 -0.03224951 0.64748311 0.38604796 0.57699859 0.58449423 0.36956072 -0.15015848 0.65717429 0.34066391 0.70930862 0.64701688 0.33472854 -0.09289844 0.49549565 0.48432779 0.16143176 0.50437003 0.4788602 -0.16129063 0.58799422 0.55133122 0.15273875 0.65369713 0.55234796 -0.2403723 0.53173393 0.63670868 0.15549287 0.56969506 0.64910626 -0.29836866
0.60821778 0.37907043 0.38668388 0.57442224 0.36170155 -0.0404712 0.63688833 0.38411239 0.62240863 0.58335167 0.36929446 -0.1525089 0.6561771 0.33983117 0.77630603 0.64699972 0.33162177 -0.17158978 0.49515721 0.48171717 0.16409054 0.50544637 0.47659513 -0.16394955 0.59979486 0.54826081 0.15251674 0.65291601 0.55127585 -0.24574164 0.53468543 0.63628286 0.15243088 0.56866181 0.64933884 -0.29895365
0.60811597 0.37915879 0.38390294 0.57362103 0.3601357 -0.0384361 0.64184594 0.37728608 0.61707205 0.59393811 0.36062691 -0.15129766 0.65598512 0.33334768 0.77978224 0.64601457 0.32736474 -0.05810853 0.49540401 0.48158014 0.16435151 0.5051021 0.47599429 -0.16420095 0.59899437 0.54810405 0.16608375 0.65309304 0.55012733 -0.25192481 0.53433543 0.63627714 0.18173863 0.56765741 0.64928466 -0.31289712
0.60317189 0.37476796 0.38263953 0.57422113 0.35710427 -0.04166269 0.63067752 0.38133028 0.61417794 0.60858059 0.35620108 -0.15990297 0.65042025 0.33446848 0.77274984 0.64595425 0.32573262 -0.07332975 0.49363235 0.47834593 0.16314048 0.50584143 0.47445339 -0.16301741 0.58452719 0.54899889 0.16238374 0.64897621 0.55018216 -0.244497 0.53397423 0.63653141 0.16797274 0.56604552 0.64925867 -0.30162382
0.60216266 0.37105042 0.37520453 0.57447934 0.35434633 -0.05398615 0.6310395 0.37456074 0.60945684 0.59344262 0.35957623 -0.17251529 0.65042186 0.33104104 0.76469284 0.64584088 0.32277364 -0.09654416 0.49495029 0.47645438 0.16400623 0.50655717 0.47342685 -0.163864 0.5838908 0.5485698 0.19508699 0.64596128 0.5502792 -0.24599305 0.53380597 0.63657403 0.23159656 0.56488937 0.64966381 -0.31661025
0.59788084 0.36884487 0.39409438 0.57520986 0.35185021 -0.05658547 0.62895286 0.37357366 0.63610834 0.59558463 0.35382131 -0.17754818 0.64794302 0.32840964 0.79444158 0.64582509 0.31762907 -0.12172165 0.49489838 0.47551987 0.16733447 0.50696605 0.47223097 -0.1671425 0.58521044 0.54899669 0.21242161 0.64627886 0.55034256 -0.27076992 0.53359503 0.63663864 0.25482255 0.56499851 0.6516608 -0.37021163
0.59648478 0.3641347 0.39752775 0.57520032 0.34788147 -0.05671956 0.6278227 0.37232402 0.64070219 0.59814501 0.3505002 -0.18142408 0.6463986 0.32637474 0.80768907 0.64552706 0.31411257 -0.12486124 0.49290919 0.47206944 0.16795802 0.50679827 0.46879318 -0.16777274 0.57827049 0.54817891 0.2069805 0.64370573 0.54983914 -0.26733506 0.53219759 0.63681597 0.23938839 0.56442016 0.65186459 -0.36237872
0.56294531 0.36414343 0.40274104 0.58361894 0.34719554 -0.08710923 0.52975649 0.40528241 0.66681296 0.60581964 0.34656066 -0.3439382 0.55876887 0.3925367 0.87559348 0.64568686 0.31369722 -0.49084434 0.48193258 0.47296539 0.16786486 0.50797421 0.46830142 -0.16768111 0.56453866 0.5484733 0.21029955 0.64418751 0.54946727 -0.26212555 0.52943635 0.6380685 0.27312514 0.56448734 0.65175027 -0.35696167
0.57411236 0.35964254 0.40827698 0.58288646 0.34129477 -0.0856136 0.57390684 0.39992851 0.65638912 0.59987211 0.34829003 -0.27722245 0.5948084 0.36074266 0.83348262 0.64600652 0.31045592 -0.29766697 0.48316187 0.46939743 0.16892064 0.50797546 0.46569517 -0.16870886 0.5645135 0.54847598 0.231647 0.64307296 0.54924715 -0.28408641 0.52899289 0.63810003 0.29770789 0.56434119 0.6518048 -0.36486828
0.57860804 0.34903589 0.3493996 0.58402145 0.33527747 -0.11629076 0.55550963 0.40293318 0.54023302 0.58666641 0.34622544 -0.35368365 0.54844749 0.4217563 0.62245125 0.64475119 0.30624142 -0.43625823 0.48396713 0.46603191 0.16057523 0.51226956 0.46293566 -0.16025811 0.55540293 0.54901749 0.23260979 0.64209563 0.54920334 -0.23326769 0.52220374 0.63860005 0.32198682 0.56174862 0.65256554 -0.26590189
0.58892483 0.34548923 0.34880263 0.58342868 0.32764298 -0.10783058 0.57235551 0.40371066 0.477211 0.57414669 0.34508574 -0.3177667 0.56910557 0.40906101 0.48638803 0.64228606 0.30162141 -0.38497996 0.48933959 0.46092758 0.15674539 0.51687849 0.45744434 -0.15650938 0.55269772 0.54812503 0.21846387 0.63600886 0.54743171 -0.21513665 0.52141732 0.64023769 0.27886266 0.55946082 0.65262729 -0.25677589
0.59467953 0.34273311 0.35193813 0.58317512 0.3226718 -0.10649465 0.56593984 0.40123644 0.52995759 0.5746547 0.33919561 -0.34386781 0.55514866 0.40874127 0.6239835 0.64213943 0.2958594 -0.46010849 0.49654156 0.45849147 0.1564739 0.51578331 0.45420602 -0.15626422 0.55013889 0.54689288 0.21338907 0.63178432 0.54602605 -0.21204734 0.52016908 0.64047128 0.27039388 0.55867589 0.65276295 -0.27165347
0.59707171 0.33685017 0.32663882 0.58280295 0.31770575 -0.14622974 0.54456037 0.39995566 0.46073678 0.57147759 0.33549362 -0.41236132 0.5266338 0.43980739 0.46951485 0.64125127 0.29196936 -0.56724519 0.49872357 0.45400408 0.15695085 0.51624089 0.4507744 -0.15673825 0.55094355 0.54518569 0.21535064 0.62959927 0.5456351 -0.19495937 0.51978159 0.64047903 0.29177651 0.55752182 0.65167272 -0.20888412
0.60449344 0.33586451 0.33180258 0.57962024 0.31415331 -0.14385101 0.54991621 0.39949664 0.46170396 0.56760424 0.33040634 -0.39902782 0.53489083 0.43922773 0.45309812 0.64107996 0.28709266 -0.54875314 0.50331825 0.45149881 0.15723398 0.51568645 0.44693458 -0.15701075 0.55123299 0.54262239 0.17648916 0.61792809 0.5426479 -0.19602314 0.5201695 0.64046693 0.22500686 0.5574218 0.65139133 -0.21807042
0.60429138 0.33156708 0.33802864 0.5765295 0.31034359 -0.15492563 0.54231149 0.39651912 0.47613722 0.56962436 0.32626736 -0.40675268 0.52319992 0.43730944 0.47643501 0.64078009 0.28141338 -0.55025655 0.50652069 0.44857883 0.15902594 0.51562053 0.44512981 -0.15885264 0.55166793 0.53928888 0.17840412 0.60609102 0.54024011 -0.20479853 0.52036989 0.6399563 0.25822979 0.55725318 0.65137452 -0.23627758
0.6096589 0.32798636 0.34216663 0.57652241 0.30863029 -0.16761832 0.55056942 0.39081544 0.48230782 0.5690251 0.32169276 -0.44766697 0.53409088 0.43875954 0.45279366 0.64015555 0.27741846 -0.63125789 0.51466811 0.44509682 0.16649891 0.51382995 0.44100887 -0.16639665 0.55205345 0.53758103 0.16401213 0.59894693 0.53913045 -0.20776226 0.52133745 0.64016831 0.21722463 0.55465472 0.65121329 -0.2467843 
0.61288172 0.32514769 0.36121938 0.57698053 0.30499822 -0.15450339 0.55394769 0.38871163 0.49857625 0.56728947 0.3181594 -0.42774975 0.54219699 0.43428093 0.47956803 0.63973486 0.27453434 -0.61138868 0.5187909 0.44265643 0.17056121 0.51403934 0.43799475 -0.17048252 0.55328995 0.53747886 0.16766167 0.58742625 0.53974473 -0.22731818 0.52151591 0.64056027 0.22195193 0.55325234 0.65176314 -0.31629637
0.61164922 0.3251459 0.37428859 0.57615238 0.30369836 -0.14601573 0.55689377 0.38538972 0.50336123 0.56707823 0.31428614 -0.41091502 0.54459882 0.42952925 0.45929039 0.63963383 0.27153099 -0.59240657 0.51872838 0.44078541 0.17032766 0.51509339 0.43651688 -0.17025332 0.55138063 0.53578669 0.16840096 0.56980139 0.54672617 -0.23223554 0.52075052 0.64041269 0.2184094 0.55359292 0.65185761 -0.33077151
0.61174434 0.31992695 0.37153378 0.57270318 0.30093163 -0.15969585 0.55956608 0.38025409 0.50490499 0.56719667 0.31015348 -0.45261246 0.54681867 0.42518738 0.4596515 0.63965404 0.26546943 -0.65694207 0.52312016 0.43697408 0.17056108 0.51534832 0.43281788 -0.17049199 0.54179025 0.53620726 0.13101488 0.55886418 0.53759259 -0.23167236 0.52060199 0.64112437 0.15049586 0.55370021 0.65185249 -0.31505048
0.61316919 0.31818861 0.32567221 0.571697 0.29908004 -0.18922058 0.56078744 0.37574509 0.41846052 0.56593645 0.30927327 -0.48292124 0.53966641 0.42447418 0.31550732 0.63808483 0.26492995 -0.67195415 0.52974439 0.43439305 0.16896945 0.51533216 0.43052706 -0.16887434 0.53652388 0.53655505 0.04582327 0.55984455 0.53359777 -0.15757319 0.51946229 0.64117175 0.02605655 0.58340418 0.63157082 -0.15525033
0.61266434 0.31645972 0.37684587 0.57100958 0.29743236 -0.16048245 0.55444258 0.36989647 0.51323539 0.56656367 0.30538118 -0.44955003 0.53060526 0.40925616 0.4300335 0.63770956 0.26151901 -0.59358054 0.53126961 0.43393311 0.16713256 0.51580906 0.42924085 -0.16703241 0.53481603 0.53603619 0.02062458 0.54163033 0.53133947 -0.16783516 0.52020866 0.64372635 -0.02845968 0.55470496 0.63395602 -0.23535846
0.61408651 0.31325677 0.39682192 0.56999129 0.29294237 -0.11267029 0.55545127 0.36520073 0.57447124 0.56703025 0.30252078 -0.3569006 0.53545934 0.39891115 0.60497725 0.63710326 0.25984594 -0.48201612 0.53750807 0.4316327 0.16220257 0.51554883 0.42492151 -0.16208287 0.53738338 0.53642136 0.00703092 0.53394747 0.53040832 -0.22048579 0.52063006 0.64455372 -0.06726547 0.54965866 0.63807881 -0.32205182
0.61490268 0.31417221 0.40052602 0.5701713 0.29191104 -0.08469678 0.56874746 0.36147425 0.62629163 0.56689668 0.30073467 -0.32846165 0.54461527 0.39172679 0.71444541 0.63685906 0.25764123 -0.45088327 0.54260951 0.43036467 0.1533507 0.51554543 0.42346361 -0.15322769 0.53784764 0.53411317 -0.01339702 0.52958709 0.52993512 -0.22260848 0.52803713 0.64538914 -0.09768888 0.53892922 0.63822109 -0.32289678
0.61463976 0.31507796 0.46872035 0.56618899 0.29453844 0.03581733 0.64431411 0.3272787 0.64824361 0.57262373 0.2950958 -0.11194916 0.64581943 0.27734429 0.74660826 0.63679326 0.25599372 -0.0977876 0.54799199 0.42923865 0.14285949 0.51831043 0.42367014 -0.14277993 0.53913271 0.53287876 -0.00866308 0.5286395 0.5284006 -0.21593732 0.52823108 0.64525092 -0.07706067 0.53478473 0.63958102 -0.31438684
