0.36502877 0.36532691 0.3094233 0.3196806 0.36802736 -0.09201252 0.42335537 0.39427441 0.37720576 0.33029842 0.40623218 -0.30119073 0.41419616 0.36990678 0.32928547 0.37547648 0.34856862 -0.43534976 0.39622906 0.48977286 0.13226305 0.3913756 0.49382576 -0.1324787 0.40978092 0.59793794 0.18060471 0.3999131 0.6052295 -0.21301708 0.40265465 0.6900149 0.25361404 0.40126324 0.71109086 -0.27208924
0.37993994 0.3684358 0.2795895 0.29416877 0.3713575 -0.06418273 0.43557253 0.40054792 0.26217842 0.3104499 0.40656933 -0.28253335 0.409675 0.37764794 0.12946075 0.34800854 0.35449949 -0.43274409 0.40206158 0.49325219 0.11570305 0.38056171 0.49501795 -0.11569978 0.41088712 0.59768087 0.11422125 0.39948049 0.60405546 -0.20078018 0.39626119 0.68443912 0.16910826 0.41059726 0.70994157 -0.23692362
0.38910979 0.35892573 0.17963685 0.29994351 0.3673099 -0.14888124 0.43450427 0.39339077 0.14718454 0.3194586 0.40262845 -0.35363582 0.38418737 0.35699478 0.04707963 0.38618252 0.35036457 -0.4308835 0.41225269 0.49489152 0.11921323 0.38321385 0.498586 -0.1192699 0.40503761 0.59521836 0.15807036 0.40319291 0.60335666 -0.17476539 0.39072654 0.67809898 0.23875797 0.41453806 0.70716417 -0.18698654
0.39163265 0.35521537 0.16265933 0.30027163 0.36535898 -0.18201211 0.42139161 0.38988814 0.10399958 0.31884974 0.40157577 -0.39191207 0.40051651 0.35101506 0.03244092 0.36945519 0.35007191 -0.46982518 0.41311401 0.49582475 0.13203441 0.38368163 0.50042272 -0.13215941 0.40539744 0.5975762 0.18230325 0.4057273 0.60573554 -0.17000288 0.38343647 0.68790454 0.27353528 0.41133702 0.70771253 -0.16674733
0.38954195 0.35826537 0.16640367 0.29960185 0.37011221 -0.18995483 0.41844967 0.39047545 0.0904329 0.31551719 0.40088207 -0.44576249 0.40155447 0.35768777 -0.14285049 0.35824966 0.34811455 -0.57775253 0.412007 0.49764201 0.13150795 0.38526937 0.50237387 -0.13163199 0.40279847 0.59876984 0.18306907 0.41087717 0.60645187 -0.18571852 0.37940344 0.6889202 0.28353506 0.41216001 0.70933801 -0.20035636
0.39284223 0.36138338 0.17169967 0.2968711 0.37033913 -0.16454726 0.41258028 0.3968896 0.06805845 0.31272814 0.4008877 -0.39145732 0.40638486 0.35096881 -0.17883882 0.35547394 0.34758747 -0.49040312 0.41359332 0.4962455 0.12097925 0.38608789 0.50066364 -0.12104187 0.40600231 0.59661484 0.17267458 0.40938571 0.60408002 -0.18955392 0.39233854 0.68340415 0.27490792 0.4124738 0.70847595 -0.21770003
0.38633406 0.36048651 0.18180126 0.29602808 0.36950904 -0.1404822 0.40616211 0.39269868 0.11656626 0.30577573 0.40182745 -0.36350694 0.37965775 0.34980601 -0.02577027 0.35257739 0.35295349 -0.47360587 0.4114652 0.49483299 0.12330028 0.38665199 0.49973345 -0.12338925 0.4078857 0.59591585 0.17522867 0.41070503 0.60489249 -0.19123054 0.38314286 0.68282241 0.26692083 0.41254061 0.70858473 -0.22426236
0.37958786 0.36054787 0.17549077 0.29811972 0.36963633 -0.18134958 0.40002322 0.38464281 0.11804687 0.31726789 0.39999449 -0.39455435 0.38877439 0.33679038 -0.03444995 0.37653774 0.35318744 -0.47736606 0.40662721 0.49545494 0.13204916 0.38846537 0.50033057 -0.13214752 0.40926668 0.59706205 0.19649369 0.41744745 0.6065076 -0.18341026 0.37773106 0.68395478 0.29313529 0.41278172 0.70855588 -0.20129094
0.36738324 0.36151201 0.19022867 0.29718477 0.37077522 -0.18033215 0.39845765 0.38994619 0.20948641 0.32052439 0.40028477 -0.36365813 0.38847712 0.34945807 0.12681957 0.38382652 0.35215005 -0.45412323 0.40161523 0.49664035 0.13183667 0.38838986 0.50153309 -0.13186584 0.4085978 0.59749007 0.19085066 0.42225176 0.60756624 -0.18013754 0.37207597 0.68425959 0.27826694 0.41334036 0.70886362 -0.19667915
0.37207261 0.3571896 0.18551871 0.28474402 0.37068495 -0.17115064 0.40867278 0.38756499 0.20055896 0.31832311 0.40208665 -0.36161584 0.40018991 0.35417795 -0.0907754 0.37418252 0.3538872 -0.43613029 0.4017933 0.49653089 0.13240877 0.38687769 0.50185925 -0.132495 0.41100398 0.59654546 0.20544107 0.42555836 0.60813361 -0.18511772 0.37245798 0.68325639 0.30870339 0.41427997 0.70893586 -0.20800611
0.37695691 0.3586362 0.16515957 0.28543344 0.37104017 -0.15034169 0.41629761 0.38903579 0.15621337 0.31630093 0.40294808 -0.3377395 0.38137868 0.35288408 0.07560264 0.36292723 0.35533667 -0.42871609 0.40325588 0.49717423 0.12318142 0.38503891 0.50216401 -0.12324245 0.41380721 0.59420562 0.17845361 0.42760611 0.6071859 -0.18340111 0.3833487 0.67795533 0.26668444 0.41366538 0.70682639 -0.21156941
0.36815727 0.35934973 0.18444972 0.28533974 0.371317 -0.16129559 0.41996291 0.39009386 0.1398931 0.31510767 0.40467215 -0.38524029 0.38813972 0.35378301 0.00904446 0.36190715 0.35972017 -0.51380765 0.39948365 0.49754202 0.13580914 0.38531578 0.50249368 -0.13589199 0.41018105 0.59356296 0.22667554 0.43175972 0.60756832 -0.20926119 0.38635021 0.6764009 0.3388035 0.41596177 0.70686305 -0.26325253
0.37234998 0.36426866 0.2004236 0.28714785 0.37363952 -0.15142271 0.42158666 0.39092302 0.10580692 0.31118831 0.40865362 -0.39394242 0.38256019 0.36142454 -0.11077506 0.35620824 0.36062035 -0.52920461 0.39851162 0.49882767 0.13970764 0.38558146 0.50397199 -0.1398173 0.41179982 0.59376258 0.22248748 0.43718174 0.60782683 -0.22109902 0.3873347 0.67663914 0.33498019 0.41661265 0.70759004 -0.283723 
0.35453483 0.37247992 0.21089439 0.29577538 0.3753666 -0.17563444 0.40902829 0.40080282 0.2406313 0.31928936 0.40224838 -0.42559525 0.38815522 0.39109948 0.16660187 0.37777308 0.37073511 -0.58779377 0.39471665 0.50300956 0.14435893 0.38573495 0.5071854 -0.14439712 0.41256094 0.59450722 0.24096645 0.45261908 0.60844153 -0.18955594 0.38903871 0.67687517 0.3596065 0.41929182 0.70778388 -0.21175852
0.34979147 0.37634495 0.18548132 0.2972829 0.38062328 -0.19501637 0.40317705 0.40041837 0.2070096 0.31627104 0.39718005 -0.47349587 0.37169257 0.38635352 0.06363734 0.36454481 0.37204713 -0.64792126 0.39419049 0.50845921 0.14183797 0.38620797 0.51137775 -0.14189659 0.41299558 0.59382498 0.28056335 0.46127018 0.60868424 -0.17142513 0.38960895 0.67353332 0.4416078 0.42314988 0.7081784 -0.18987089
0.3403489 0.3749167 0.16686411 0.28823662 0.38011169 -0.17850935 0.39134955 0.40111738 -0.02456236 0.32065198 0.39596298 -0.44860637 0.34455952 0.38524738 -0.31714258 0.34474567 0.37389812 -0.62974823 0.3925496 0.50865203 0.14118557 0.38590935 0.5113284 -0.14128971 0.41357106 0.59356594 0.28753561 0.45758498 0.61078954 -0.18106358 0.38931298 0.67478079 0.44844681 0.42438525 0.71043807 -0.21755573
0.34800479 0.3820065 0.16227104 0.28761089 0.39226258 -0.17309251 0.39799392 0.40175864 0.02678186 0.32046694 0.40509069 -0.44346282 0.35912231 0.3877013 -0.19352405 0.32913807 0.38631052 -0.64590293 0.39393154 0.5152902 0.14056073 0.38636598 0.51871276 -0.14065865 0.42181551 0.59388918 0.29963738 0.46217799 0.61455935 -0.20368157 0.38721135 0.67091787 0.46427342 0.42390379 0.7125389 -0.26382366
0.34147951 0.38737285 0.13648432 0.2979947 0.39074236 -0.11065829 0.38403869 0.41750851 -0.08872017 0.33396834 0.41466734 -0.33764693 0.33057579 0.40540686 -0.3642427 0.33333305 0.41868463 -0.57005459 0.39479238 0.52219045 0.13396497 0.38286015 0.52259856 -0.13410664 0.43464157 0.59311128 0.27217382 0.46128535 0.61461312 -0.19947591 0.38682353 0.66814029 0.40388066 0.4240059 0.71327108 -0.25862759
0.34834778 0.38981012 0.13070217 0.29546368 0.39790004 -0.12460741 0.39134625 0.4184157 -0.09117083 0.30745441 0.43574387 -0.35483086 0.33995903 0.4025737 -0.38558149 0.30229801 0.4476504 -0.58349109 0.39531592 0.52105337 0.13353972 0.38315159 0.52426988 -0.13365906 0.45191312 0.59293205 0.26139557 0.47277227 0.61654788 -0.21094781 0.38608998 0.6612066 0.40048239 0.42423004 0.71349686 -0.26569402
0.35027203 0.39681157 0.15220031 0.30113548 0.40155822 -0.15946949 0.37820992 0.42766565 0.00994684 0.30844742 0.43757007 -0.42524987 0.33521599 0.4090597 -0.18244423 0.31449759 0.44438732 -0.68231964 0.39244443 0.52522284 0.13972366 0.38613695 0.52947056 -0.13982856 0.44893089 0.5940187 0.30091369 0.48194134 0.61971021 -0.21895739 0.38610345 0.66167563 0.46359867 0.42413607 0.7135458 -0.27247477
0.35423383 0.39743429 0.15114371 0.29986927 0.40563515 -0.17585021 0.38108343 0.43645546 0.01399284 0.30705255 0.44765848 -0.41444153 0.33232838 0.42136323 -0.19160424 0.30867344 0.47247797 -0.63920313 0.39350021 0.52790922 0.14239317 0.38609776 0.53278559 -0.1424658 0.45286933 0.59604037 0.29104847 0.48439485 0.62140924 -0.21307231 0.38652027 0.65909618 0.48931393 0.42509359 0.71317607 -0.22058377
0.37494743 0.40648922 0.10609502 0.30284378 0.41708785 -0.17086887 0.40307042 0.43477508 -0.07130944 0.30097279 0.45980299 -0.39011249 0.336649 0.41522187 -0.31879023 0.30286628 0.48672929 -0.60766232 0.39875215 0.53621572 0.14174473 0.38599989 0.54197019 -0.1419009 0.47258505 0.6000005 0.2690917 0.49582541 0.62651962 -0.19607879 0.38822129 0.65442175 0.47856954 0.42482206 0.71311325 -0.1558805 
0.3889721 0.41397533 0.1107504 0.30470625 0.42515004 -0.14572719 0.41905177 0.43651336 -0.06696437 0.29999453 0.46558666 -0.31448555 0.36642066 0.41195577 -0.35695529 0.29205075 0.51146364 -0.5114463 0.40198937 0.54192895 0.14105642 0.38456559 0.54701835 -0.14131032 0.48578367 0.60088551 0.23180847 0.49814743 0.6282289 -0.20456512 0.38997799 0.65552258 0.4500643 0.42332038 0.71285182 -0.15932243
0.39260134 0.41207924 0.09407728 0.30916375 0.4270784 -0.12830792 0.42182162 0.44261917 -0.08296551 0.29969156 0.46652663 -0.3318243 0.36763433 0.41109639 -0.35478586 0.2978363 0.49994734 -0.53911901 0.40277934 0.54637468 0.13780038 0.38286433 0.5503943 -0.13809176 0.47827306 0.60410458 0.21006338 0.50045455 0.62929606 -0.20541602 0.39424825 0.65646166 0.41532356 0.42458466 0.71172166 -0.13795675
0.40012223 0.42043144 0.04783513 0.3145721 0.42830551 -0.13288839 0.41877666 0.44627768 -0.12809822 0.30086654 0.46777457 -0.3397904 0.36656043 0.40865052 -0.36901706 0.29829371 0.50434864 -0.55608845 0.4035033 0.55182624 0.13291727 0.38256717 0.55586183 -0.13320829 0.47762218 0.6056307 0.21270427 0.49910617 0.62792051 -0.21337064 0.3941133 0.65841025 0.43677807 0.42717823 0.71077085 -0.13856995
0.39493963 0.43185475 0.07903271 0.31451431 0.43748939 -0.1251463 0.41931283 0.45168754 -0.09059584 0.30078205 0.45998377 -0.34703079 0.37005368 0.40984312 -0.21025138 0.3382819 0.4168148 -0.48560995 0.40324977 0.55789214 0.12767203 0.38265055 0.56140029 -0.12796009 0.4842504 0.6075955 0.16765817 0.50727463 0.62989688 -0.21176422 0.39465794 0.6592266 0.34143764 0.42715496 0.71078771 -0.13537177
0.4017646 0.42988092 0.04897086 0.31763074 0.44036245 -0.12918568 0.42087039 0.45483252 -0.14438888 0.29176867 0.48618495 -0.36479563 0.37094274 0.41395566 -0.38357651 0.31166452 0.47887173 -0.60377139 0.40393153 0.56151068 0.12773761 0.3822864 0.5643456 -0.12801817 0.4916994 0.607853 0.19252688 0.51042992 0.63238186 -0.23446216 0.3947939 0.65711623 0.43857101 0.4274776 0.71119678 -0.14801015
0.3974953 0.43699998 0.11397976 0.32553673 0.44738278 -0.12988231 0.42012137 0.44862428 0.10957024 0.30972835 0.47494787 -0.34907669 0.38407731 0.41188926 0.09294876 0.35054505 0.4284609 -0.41924712 0.40109742 0.5654757 0.13224481 0.38285825 0.57191449 -0.13246822 0.49976325 0.60723889 0.18320785 0.52465594 0.63841957 -0.23776336 0.40156713 0.65799582 0.32859734 0.42736122 0.7133773 -0.20783959
0.36869654 0.43661824 0.14469434 0.33850902 0.44554219 -0.17804125 0.37836066 0.4549368 0.24080138 0.34891158 0.47042292 -0.40260097 0.36247799 0.43467101 0.30545714 0.37409538 0.43249336 -0.47776788 0.39062744 0.56733018 0.13760033 0.38521728 0.57424098 -0.13773191 0.49170125 0.60959983 0.18912835 0.52883202 0.6374979 -0.20791613 0.40337124 0.6601041 0.3471725 0.42668122 0.7124328 -0.16391608
0.37078157 0.43995515 0.20465015 0.33669227 0.44810018 -0.17076643 0.38741878 0.45412159 0.2035584 0.36505446 0.47128803 -0.4012475 0.38054541 0.41617271 0.12734987 0.4064351 0.43734062 -0.50744027 0.39195722 0.56884652 0.14371037 0.38472632 0.57332164 -0.14374335 0.52513313 0.60815609 0.10632984 0.52606493 0.63641983 -0.21479492 0.41507789 0.66210258 0.24087344 0.42448881 0.71182936 -0.13370113
0.35509527 0.44591209 0.20781137 0.3432861 0.44984844 -0.1559855 0.36473784 0.4620828 0.35277182 0.38260019 0.47016868 -0.34291893 0.37035984 0.44410816 0.46665046 0.41042015 0.44042793 -0.44546393 0.38965955 0.57266849 0.14238288 0.38420525 0.57561958 -0.14244437 0.51803982 0.59093797 0.07742748 0.52138215 0.63066381 -0.24652113 0.42603561 0.65860522 0.13997714 0.42340025 0.70862865 -0.2092863 
0.3590036 0.44852883 0.19830428 0.33819029 0.45202607 -0.08256885 0.38749948 0.45768663 0.23927578 0.36268261 0.47260171 -0.2453364 0.37746578 0.43331298 0.26019996 0.38758123 0.45167029 -0.35748407 0.39190146 0.56736058 0.12153414 0.38172212 0.57439137 -0.12168021 0.51411021 0.59911805 0.00575686 0.46986553 0.61710876 -0.23976472 0.42609754 0.66631657 0.07800827 0.42324474 0.70432723 -0.19929376
0.34679711 0.45968536 0.22746116 0.35045564 0.46236971 -0.1444087 0.35246316 0.46834227 0.33899772 0.38688731 0.48649666 -0.24827188 0.35680091 0.45821604 0.41162193 0.40711519 0.48238885 -0.19650841 0.38768294 0.57854164 0.14153066 0.37984452 0.58680516 -0.14162792 0.51846975 0.60668635 0.08487354 0.47796693 0.62718791 -0.20900489 0.42257965 0.66858166 0.18498097 0.4232761 0.70495886 -0.17259626
0.35319814 0.45968473 0.06550103 0.34899959 0.4722763 -0.24959688 0.36693773 0.47223324 0.21895225 0.38338324 0.50502998 -0.26438972 0.36349019 0.45954615 0.21556073 0.41557494 0.48471308 -0.26705632 0.3840616 0.5822984 0.14092149 0.37866819 0.59327328 -0.14103249 0.50284833 0.59665197 0.0914387 0.49582842 0.63022387 -0.21725996 0.42121315 0.66681761 0.19372799 0.42352271 0.70542514 -0.1913408 
0.37524503 0.45576298 0.16262278 0.33307636 0.46331298 -0.06238976 0.40289357 0.46847376 0.1958254 0.34393182 0.49187222 -0.21513474 0.37512538 0.45247659 0.18291226 0.35844177 0.47810733 -0.31841594 0.39964256 0.57685971 0.11205097 0.3739374 0.58586025 -0.11218884 0.50236607 0.57777047 0.01462163 0.46574607 0.62565207 -0.30559787 0.44333771 0.64265084 0.12103472 0.42567441 0.70703417 -0.30146626
0.36631718 0.46756276 0.09510463 0.33632872 0.47815207 -0.19934246 0.38114375 0.4676441 0.21474817 0.34608454 0.49370572 -0.30589688 0.37361148 0.44478261 0.33515251 0.35988343 0.47483799 -0.33555233 0.38980913 0.58871394 0.12102767 0.37451291 0.60119081 -0.12119402 0.50214034 0.58148706 0.11053855 0.49512956 0.63472396 -0.25032943 0.42928109 0.66536921 0.18136172 0.42615655 0.71206754 -0.26223499
0.36529303 0.46429226 0.13412027 0.3490372 0.47412726 -0.17828754 0.35207704 0.48362389 0.27604982 0.34264514 0.50408733 -0.33027488 0.35037401 0.45900127 0.37310472 0.36564177 0.47802284 -0.42361343 0.38976547 0.5851934 0.12796794 0.37636039 0.59832484 -0.12808487 0.50255978 0.58353627 0.11122833 0.50120848 0.63803709 -0.19329692 0.42902336 0.65412933 0.19027051 0.42718071 0.71218622 -0.13898319
0.36550185 0.46579245 0.09211869 0.35275304 0.47605518 -0.20971215 0.35614243 0.47917002 0.24463278 0.34001863 0.5020141 -0.37654537 0.3543143 0.45532733 0.36887947 0.36295411 0.4732278 -0.47163072 0.38931304 0.58887589 0.12892593 0.37780836 0.60002708 -0.12906973 0.50059259 0.58992189 0.13779169 0.50191307 0.63851833 -0.15447094 0.42335707 0.65767848 0.26164076 0.42915711 0.71368146 -0.07445135
0.37972936 0.46287426 0.06960152 0.3506335 0.4715541 -0.19321999 0.35842559 0.48123327 0.21117277 0.3345345 0.50054675 -0.36012307 0.35642216 0.45718887 0.29057738 0.35090905 0.46738237 -0.51273924 0.39965215 0.5855819 0.12239312 0.38018167 0.59509003 -0.12262668 0.49724591 0.5926522 0.10476932 0.46203116 0.6342386 -0.1688918 0.42265481 0.65629601 0.2910758 0.43193465 0.71137184 -0.06650648
0.37503478 0.46484411 0.06344114 0.37367883 0.47432172 -0.25202763 0.33738145 0.47739634 0.26611629 0.3366363 0.51479232 -0.45510831 0.35532242 0.45619842 0.45060912 0.35379151 0.47098354 -0.5936237 0.38925645 0.58796036 0.13465059 0.38501573 0.60373998 -0.13467912 0.50025403 0.58681458 0.29196274 0.52136171 0.63936704 -0.08893 0.42260024 0.65052205 0.46456391 0.43293905 0.7113685 0.04266316
0.37216464 0.46865845 0.06662104 0.36544821 0.47864762 -0.22186184 0.34037769 0.48081788 0.28532484 0.34002143 0.51029432 -0.40818983 0.35244304 0.45789397 0.44114786 0.35430771 0.47059137 -0.51213688 0.38689214 0.59314442 0.13840099 0.38233504 0.60644263 -0.13841745 0.50710607 0.58811533 0.21380273 0.52167743 0.63919491 -0.13742413 0.42742908 0.65187007 0.38546106 0.43262604 0.70930827 -0.02896584
0.37710363 0.47380295 0.08267795 0.362746 0.47958934 -0.21024911 0.34764114 0.498301 0.25804362 0.33678222 0.50920784 -0.39698115 0.3519873 0.4782469 0.36917323 0.35464293 0.47011989 -0.50515801 0.38894543 0.59726006 0.13196102 0.37829787 0.6072067 -0.13202305 0.50810516 0.59533393 0.1338858 0.47287831 0.6346525 -0.13530207 0.44612524 0.65981758 0.33150023 0.43275639 0.70925629 0.01578257
0.3442356 0.48234984 -0.02799419 0.41622999 0.4823451 -0.25370264 0.28745282 0.49915269 0.1968801 0.43414575 0.52859104 -0.13473327 0.34092969 0.47592822 0.38413566 0.43308115 0.51617545 0.14106824 0.3656421 0.6032595 0.12009493 0.4000777 0.61618215 -0.12018281 0.48789775 0.59529722 0.37407672 0.50000441 0.63743114 0.03119798 0.44080433 0.66150546 0.58492863 0.43264073 0.70929259 0.20863038
0.34735882 0.48428434 0.00255115 0.39817753 0.48865142 -0.28255633 0.29989615 0.50546014 0.29792055 0.39753222 0.5346458 -0.4525997 0.33912686 0.47947344 0.50322574 0.40806744 0.50745016 -0.50800276 0.35965291 0.60602397 0.1444186 0.38929269 0.61996591 -0.14440432 0.4896352 0.60385239 0.30063069 0.51702935 0.63731247 -0.06083655 0.43806836 0.67645293 0.44541213 0.42979854 0.70832431 0.09567684
0.35098749 0.48313472 0.01554609 0.41290146 0.48850504 -0.27528301 0.30289304 0.50461799 0.26989141 0.38718277 0.52434188 -0.40318704 0.3368687 0.47770441 0.449067 0.40421352 0.50594693 -0.43722963 0.36582306 0.60567492 0.14031424 0.3953833 0.61749059 -0.14025173 0.48374 0.60570759 0.34868941 0.47510177 0.63632935 0.00324042 0.43626857 0.67589217 0.55853969 0.42981449 0.70667464 0.19426772
0.3529225 0.48393023 0.01132242 0.41915834 0.49173245 -0.30905101 0.29506409 0.50989377 0.25751904 0.41262949 0.55652368 -0.38003448 0.32866165 0.4809013 0.4685187 0.44063008 0.56273746 -0.28566968 0.35320008 0.60668206 0.139963 0.39260542 0.62373978 -0.13992895 0.47399887 0.60866624 0.40860736 0.51275885 0.63709801 -0.0064137 0.42283097 0.68151128 0.68467802 0.4297798 0.70629251 0.227635 
0.35819361 0.48212969 -0.02037553 0.43357053 0.49775335 -0.33789715 0.29561377 0.51210362 0.25146466 0.4301213 0.56482524 -0.29288495 0.33405507 0.48001993 0.44789541 0.47454783 0.56820273 -0.10745308 0.3479223 0.60367763 0.13875784 0.39529079 0.62274718 -0.13862719 0.46070507 0.60687065 0.45379218 0.51073027 0.64192587 0.10113303 0.40981594 0.67299116 0.79548156 0.42978451 0.70640749 0.41430733
0.36179578 0.48159608 -0.02949969 0.43431556 0.49415633 -0.33715731 0.30171001 0.51144958 0.22939403 0.4326835 0.56077665 -0.26796231 0.33657533 0.48522124 0.42806947 0.46753392 0.56191361 -0.08000474 0.35256472 0.60298401 0.13498685 0.3967759 0.62038249 -0.13483401 0.45279992 0.60541785 0.48462722 0.50584596 0.64494044 0.17366868 0.40819722 0.66839182 0.85140759 0.42840067 0.70651728 0.53723454
0.36203524 0.48163339 -0.1274965 0.44576108 0.4934184 -0.42390546 0.30339512 0.51131839 0.14093822 0.45024109 0.5636217 -0.29810777 0.33795801 0.49331659 0.3465822 0.48743591 0.57073814 -0.10894212 0.3535043 0.59036118 0.13395737 0.39982909 0.61695004 -0.13390057 0.4471046 0.60310459 0.51800299 0.50579822 0.64386868 0.2172318 0.40295553 0.66057372 0.92842096 0.42802578 0.70778853 0.59021491
0.36290109 0.48131284 -0.12046814 0.43199086 0.49338543 -0.35312563 0.31051332 0.5083825 0.15290709 0.41392446 0.55392289 -0.4014335 0.34563875 0.49827176 0.36440575 0.48450345 0.5488255 -0.41926059 0.35056895 0.59082878 0.13559169 0.37924939 0.61603642 -0.13556692 0.45517924 0.60402888 0.44539723 0.50387299 0.64329898 0.10488709 0.39458355 0.66093391 0.71585321 0.42575836 0.7085579 0.37728751
0.36930987 0.48085082 -0.07949991 0.44717956 0.50468713 -0.37896091 0.30715579 0.50742346 0.15725972 0.42957619 0.56180185 -0.27115574 0.34483996 0.4968729 0.31272495 0.46652615 0.56976116 0.0033628 0.35187748 0.59109062 0.13513143 0.38097253 0.61563009 -0.1351943 0.45143518 0.60664046 0.47407225 0.49660656 0.64338553 0.18549177 0.39716408 0.6678533 0.84111267 0.42584166 0.70937908 0.55282491
0.37128431 0.48193201 -0.09559381 0.44341734 0.50817424 -0.37304789 0.30831265 0.50695878 0.13075668 0.43690556 0.56130147 -0.23146476 0.34481573 0.50118244 0.26696354 0.47213542 0.56213993 0.05191253 0.35331345 0.5919857 0.12707117 0.38019025 0.61830419 -0.12722677 0.44778192 0.60670984 0.45465261 0.48966244 0.64304096 0.20209786 0.39544216 0.66757303 0.81771106 0.42591378 0.70961034 0.5557707 
0.36804447 0.48891068 -0.03939942 0.4402909 0.50629669 -0.33513948 0.30191946 0.51977134 0.19800064 0.43654102 0.57305127 -0.22728825 0.34082377 0.51383352 0.38488048 0.46722981 0.5867005 0.01326758 0.32704878 0.61057198 0.12759615 0.36673102 0.63208175 -0.12778714 0.43690598 0.61053735 0.4323855 0.49592382 0.6425097 0.14087775 0.39781636 0.6755566 0.74817705 0.42736724 0.70854598 0.43432367
0.3696754 0.49104375 0.04099131 0.43677691 0.50346285 -0.31489128 0.30515257 0.51632863 0.24384885 0.43224221 0.56820071 -0.31562978 0.34093255 0.51494861 0.38825136 0.45088935 0.57643145 -0.18898363 0.32527015 0.61258399 0.13721156 0.35231504 0.63550639 -0.13740487 0.44083416 0.61690778 0.37372354 0.49459651 0.6430732 0.06633821 0.3990387 0.68043518 0.60150129 0.42742258 0.70855844 0.33138436
0.36947387 0.4923982 0.12604678 0.42678061 0.50219285 -0.30078328 0.29872066 0.51714915 0.33267745 0.4208709 0.57013404 -0.28145057 0.33357483 0.51956046 0.45384273 0.45482892 0.59344077 -0.0828493 0.3187944 0.61692554 0.1490518 0.3394393 0.63346285 -0.14934766 0.44526494 0.62783676 0.34608114 0.49443117 0.64123976 0.04437293 0.39925975 0.69126141 0.5587244 0.42850849 0.70814997 0.33247554
0.36124057 0.490823 0.10309894 0.41662219 0.50134563 -0.29593077 0.30065536 0.51586026 0.30581394 0.40844291 0.56522316 -0.2621097 0.33467773 0.51630718 0.42420289 0.45078686 0.57647777 -0.03043682 0.31019971 0.61631304 0.14785975 0.33327097 0.63231212 -0.14807022 0.44469592 0.62513602 0.32500082 0.49268278 0.63977647 0.0334843 0.40256578 0.69382447 0.53783464 0.4285295 0.70816785 0.30890155
0.36475003 0.49042422 0.06652655 0.41704476 0.50342268 -0.29992914 0.32166237 0.51504529 0.28003639 0.40842631 0.56559104 -0.33801439 0.35199079 0.51195133 0.41711438 0.45030949 0.5792895 -0.2429128 0.31386867 0.61361581 0.14433254 0.33512399 0.63321918 -0.14450014 0.4455373 0.62306374 0.34607062 0.49044982 0.63884407 0.041317 0.404955 0.68950975 0.59088516 0.42828771 0.7079798 0.31930158
0.37380016 0.48943481 0.08790825 0.41627344 0.50385046 -0.30133349 0.32951722 0.51405984 0.30859041 0.39533299 0.56648123 -0.39211121 0.36001334 0.51386863 0.43928245 0.44575438 0.57788128 -0.36996025 0.3191275 0.61274451 0.14481094 0.33248901 0.63216823 -0.1449623 0.45331505 0.62122375 0.32882613 0.48856038 0.63880515 0.03159774 0.40504798 0.68892038 0.55230403 0.42701975 0.70497483 0.30153197
0.37602404 0.4892047 0.08181641 0.41167751 0.50326926 -0.29586577 0.32111016 0.49997196 0.30982274 0.3879773 0.56401581 -0.35729212 0.34865466 0.50144315 0.47536543 0.43696669 0.5742783 -0.27085263 0.32179213 0.61221761 0.14423825 0.33236504 0.63041109 -0.14439997 0.45723504 0.61698794 0.29192492 0.48814645 0.63673556 0.01196933 0.40220422 0.68720728 0.48519695 0.42710575 0.70521516 0.22999758
0.37571752 0.48810256 0.08755509 0.422084 0.50321698 -0.29558757 0.3210012 0.50484419 0.32628295 0.39210755 0.56614184 -0.25938347 0.35631141 0.50071639 0.51796949 0.43729132 0.57419175 -0.02575795 0.32211858 0.6114881 0.14726582 0.33671185 0.63082564 -0.14734665 0.46803156 0.60867912 0.312902 0.49928352 0.63209665 -0.03924782 0.40242794 0.68654644 0.50798494 0.42815322 0.70494598 0.19629936
0.37805557 0.48458061 0.06239528 0.42759496 0.50307536 -0.29136866 0.32021889 0.50513369 0.2891739 0.37839067 0.56621993 -0.24958606 0.36167586 0.48816764 0.49508271 0.4302429 0.571729 -0.05935497 0.31658629 0.61082083 0.14721616 0.33880365 0.63053668 -0.14720693 0.47422594 0.59411681 0.35801151 0.50646776 0.63108128 -0.09683551 0.40341368 0.67426622 0.5914607 0.42816216 0.70586735 0.09177944
0.37754813 0.48262003 0.06161195 0.4269343 0.50287914 -0.29001674 0.32008418 0.50391299 0.29063424 0.38163072 0.56594414 -0.26510084 0.36029112 0.48874912 0.48313659 0.43065763 0.57107008 -0.09292041 0.31661999 0.60784477 0.1469654 0.33706921 0.63013351 -0.14694788 0.47800463 0.58677363 0.33348623 0.50555587 0.63040084 -0.07391619 0.41668028 0.66133988 0.55743289 0.42870605 0.70646244 0.14836521
0.37685841 0.47569129 0.06315091 0.43039459 0.49837035 -0.28809449 0.31377393 0.50168818 0.3124198 0.3825537 0.56576544 -0.25654399 0.35923532 0.4824 0.53764468 0.4378204 0.57087779 -0.07581054 0.31693763 0.60353386 0.14869022 0.33744219 0.62796324 -0.14866146 0.48047277 0.58035409 0.37986737 0.50448561 0.63223499 -0.10250331 0.42737907 0.65422046 0.64443654 0.42899984 0.70871389 0.0830873 
0.37390575 0.47662464 0.12832209 0.41647243 0.4918713 -0.26114535 0.31566733 0.50637043 0.35940701 0.3829236 0.56431353 -0.18430029 0.35985985 0.48999581 0.55068988 0.43842232 0.55386049 0.08587878 0.32107928 0.59765613 0.15182842 0.33780199 0.61682671 -0.15180644 0.48123237 0.57718736 0.22540624 0.50412899 0.63047487 -0.11872426 0.42903545 0.65423912 0.37011337 0.42991629 0.70955807 0.0393913 
0.37377453 0.47386128 0.10268296 0.41729632 0.48455191 -0.2440179 0.30979711 0.50635707 0.32997641 0.38423803 0.55786401 -0.22748661 0.35074702 0.48877105 0.53990912 0.43483692 0.54788226 -0.0524221 0.32516578 0.59615606 0.15119588 0.3378756 0.61699969 -0.15123193 0.48913506 0.57051355 0.26250771 0.50563926 0.63044804 -0.14998746 0.43316051 0.64671129 0.42351404 0.43037346 0.71228224 -0.03215773
0.37227333 0.47207707 0.0622839 0.43005463 0.48795539 -0.21139957 0.30367634 0.50598943 0.2971262 0.38570118 0.5466817 -0.06389505 0.34693757 0.48086709 0.51486731 0.41976669 0.52293658 0.25018936 0.31578395 0.59689182 0.14101021 0.33794755 0.61822683 -0.14081796 0.49328959 0.57631367 0.2816093 0.51408821 0.62938917 -0.17193274 0.43608406 0.64880496 0.49262181 0.43240839 0.71321487 -0.08588757
0.3654215 0.47276646 0.08765417 0.42838025 0.48924732 -0.22272642 0.30465236 0.49308693 0.32957977 0.41417629 0.52633125 -0.07575883 0.34614852 0.47630998 0.54354066 0.44537008 0.50075734 0.31521618 0.31213728 0.598059 0.14939013 0.33822176 0.61929238 -0.14934058 0.49045601 0.59169698 0.2566523 0.5157184 0.62932169 -0.18263637 0.43450287 0.67649519 0.37462443 0.43270889 0.71384221 -0.07062548
0.35758489 0.46983716 0.0864936 0.4173058 0.48080549 -0.295688 0.30488238 0.49554479 0.32141733 0.41122368 0.53263479 -0.14327726 0.34913716 0.4784095 0.52994037 0.44468859 0.51867467 0.23601687 0.31218189 0.59623933 0.16130492 0.33761317 0.61803716 -0.16128914 0.48974136 0.5949288 0.34454888 0.51709139 0.6291005 -0.24735893 0.43017086 0.67815995 0.54017866 0.43267131 0.71418953 -0.15370795
0.35211566 0.46680123 0.06577121 0.40565476 0.4839367 -0.31876665 0.31475434 0.49126691 0.31762254 0.40924415 0.53733641 -0.15600386 0.3518396 0.48037913 0.51856029 0.44667801 0.52364099 0.23384334 0.31121978 0.59304929 0.16454537 0.3346124 0.61508954 -0.16456863 0.4882549 0.59639108 0.33652723 0.51618475 0.62933975 -0.21651959 0.41717651 0.67755836 0.52321392 0.43216217 0.71396428 -0.08120196
0.35013157 0.46233496 0.00707034 0.40547296 0.48594713 -0.30800894 0.31047183 0.4872424 0.26648465 0.41012231 0.5374015 -0.15794903 0.33307943 0.46979684 0.49618393 0.45085031 0.51467299 0.1708848 0.31142285 0.58572733 0.15389211 0.33234626 0.60878241 -0.15404819 0.47959447 0.59349221 0.30733353 0.51523668 0.62944239 -0.18231909 0.41805166 0.67067212 0.50148225 0.43176326 0.71387881 -0.05429875
0.35204908 0.46348321 0.12396649 0.40492493 0.46504843 -0.29415673 0.30947116 0.48921451 0.27645871 0.40428153 0.51059598 -0.18326682 0.32358268 0.48943242 0.40228608 0.43030575 0.5053308 0.1407164 0.31915629 0.58229071 0.16248213 0.33098933 0.5992592 -0.16249508 0.47983196 0.6013748 0.22878252 0.51479542 0.62864894 -0.20774496 0.41561848 0.67502499 0.33929449 0.43131283 0.71522272 -0.0948373 
0.35014459 0.45783937 0.14138365 0.40584505 0.46076456 -0.21820492 0.29769486 0.48965514 0.33356339 0.40390724 0.50896418 -0.10766912 0.31709182 0.50686544 0.4975791 0.43138513 0.50513268 0.21769086 0.32219723 0.58106512 0.16183127 0.33571061 0.59565187 -0.16180557 0.48067501 0.60049862 0.26394314 0.5146966 0.62883854 -0.2095627 0.40462214 0.67379373 0.42243057 0.43086255 0.71570712 -0.13796221
0.34686086 0.45355824 0.1191112 0.40308279 0.45720303 -0.23648866 0.29555604 0.48634547 0.32880765 0.39015168 0.51358432 -0.18144493 0.32279131 0.4890908 0.53064668 0.43251649 0.49477434 0.04753072 0.32256123 0.57712662 0.15742706 0.33572638 0.59189242 -0.15732969 0.47433776 0.59876001 0.29417527 0.51275086 0.628905 -0.20320265 0.39803311 0.67046207 0.49678448 0.43075287 0.71557027 -0.12526128
0.3698447 0.4452194 0.11260011 0.37195227 0.45968917 -0.24463694 0.34920537 0.48338562 0.24131866 0.36721724 0.50841326 -0.26099592 0.35455567 0.49091208 0.29568282 0.41565183 0.49629265 -0.12339108 0.33965701 0.56557679 0.15006846 0.33569098 0.58035183 -0.15006457 0.47433546 0.59894753 0.19604124 0.50820845 0.62803966 -0.1952271 0.40073481 0.66698897 0.36548302 0.4303799 0.71550542 -0.10271207
0.3547321 0.44080192 0.12047455 0.38339764 0.44353354 -0.24585062 0.33659974 0.48519537 0.25006691 0.37494501 0.50021309 -0.23109418 0.35837439 0.49643877 0.31718442 0.41686186 0.49587718 -0.01241674 0.33881184 0.56311059 0.14563416 0.34042066 0.57540989 -0.14556155 0.47079629 0.59936702 0.24053319 0.50800472 0.62756187 -0.13928457 0.39994863 0.66208744 0.4101449 0.42796952 0.71541953 -0.02592601
0.33032146 0.44530308 0.11145633 0.40579167 0.45341364 -0.22629304 0.27162635 0.48518679 0.3293066 0.40628514 0.50632328 -0.08805718 0.32832891 0.4876278 0.57351673 0.43926847 0.50091159 0.22574323 0.33168319 0.56458223 0.14554991 0.35321367 0.57790428 -0.14548375 0.45690948 0.5936535 0.34424111 0.50716901 0.62766182 -0.23126785 0.39928457 0.66148448 0.56060141 0.42768887 0.71545261 -0.22782825
0.32472605 0.4447192 0.0770618 0.41750103 0.45164627 -0.20013197 0.26079595 0.48563561 0.2854051 0.42411342 0.50718486 -0.06986655 0.32352486 0.48675692 0.510566 0.46162969 0.50993472 0.21614927 0.33078802 0.56134826 0.13424386 0.3647286 0.57308656 -0.13429281 0.45368332 0.59213352 0.31908947 0.50417602 0.62705594 -0.19547859 0.4000901 0.66140902 0.47352895 0.42696926 0.71541786 -0.16897103
0.32133168 0.44032794 0.07802634 0.42427444 0.44831392 -0.20337953 0.26330501 0.48340029 0.28615776 0.43646353 0.50804633 -0.09383383 0.32048669 0.48303321 0.50054771 0.48069468 0.5176428 0.16653435 0.33045664 0.56002647 0.13424592 0.37226075 0.56672668 -0.13433388 0.43077233 0.59569168 0.33774555 0.50223094 0.62571043 -0.16503485 0.39438215 0.67266095 0.47663653 0.42712265 0.7153706 -0.16023782
0.32426158 0.43251705 0.13808182 0.42248142 0.43667731 -0.17052454 0.26614535 0.47224665 0.32252887 0.4259418 0.49377298 -0.07505886 0.31591403 0.4642908 0.51968575 0.47233358 0.51180208 0.17913935 0.3300443 0.55530477 0.13489303 0.37418312 0.55874074 -0.13524392 0.41435426 0.60260218 0.3422502 0.50041091 0.62450606 -0.16034828 0.39160255 0.67492181 0.4272258 0.42773035 0.71530265 -0.2111643 
0.32766938 0.42615256 0.18590449 0.42151102 0.42615253 -0.14028825 0.26762474 0.46202689 0.37529302 0.39924887 0.46806535 -0.16303335 0.30220309 0.435058 0.58241707 0.42568296 0.44558531 -0.11344892 0.33100852 0.54886729 0.14347368 0.3693482 0.55309904 -0.14367099 0.42940003 0.60305792 0.31621477 0.49706286 0.62288344 -0.18924859 0.39157954 0.67558956 0.39883199 0.42770299 0.71393949 -0.26124457
0.32965663 0.41778138 0.15602206 0.41982812 0.42295572 -0.16059731 0.27099597 0.45730561 0.24704175 0.3831192 0.47193047 -0.31984207 0.2902762 0.43032998 0.39036235 0.40874991 0.45689401 -0.44414032 0.33461443 0.54331595 0.14368069 0.37037408 0.55032927 -0.14383274 0.43511239 0.60276639 0.30751866 0.4929015 0.621611 -0.21483904 0.38985229 0.67467773 0.4188036 0.42933598 0.71390826 -0.27687633
0.3350631 0.4100298 0.09073567 0.42151934 0.4181723 -0.21566224 0.27595764 0.44325316 0.23699142 0.38770542 0.48048422 -0.26760939 0.29225481 0.42615202 0.39108911 0.41947392 0.4880676 -0.22477424 0.33455738 0.54166818 0.14608261 0.37022108 0.55024076 -0.14623547 0.42201263 0.60448617 0.36297664 0.48888624 0.62196183 -0.20390381 0.3898719 0.67429674 0.58107024 0.42952374 0.71480805 -0.21750295
0.34254155 0.40871769 0.15111457 0.40608242 0.41148677 -0.18009724 0.30448419 0.44691572 0.21496293 0.3773095 0.45701525 -0.34809229 0.29662701 0.44149739 0.23727959 0.39873219 0.44113147 -0.50125009 0.34531218 0.53460032 0.14618799 0.3649714 0.54063886 -0.14630501 0.42210409 0.60563922 0.27863285 0.47993287 0.62120026 -0.21545817 0.39021105 0.67367524 0.41354728 0.42981744 0.71460629 -0.26896915
0.34242499 0.40359652 0.14332666 0.40592647 0.41208109 -0.18582936 0.30117229 0.42975715 0.24297661 0.38288119 0.45999396 -0.31722084 0.30032283 0.41684482 0.35444874 0.40598235 0.43835583 -0.36860654 0.34312451 0.52948487 0.15060505 0.36404625 0.53628844 -0.15069856 0.41226947 0.60528404 0.34030202 0.47639528 0.61898774 -0.24265063 0.38904285 0.67395377 0.52221519 0.430132 0.71491319 -0.31995213
0.35200581 0.39458409 0.2023243 0.40262765 0.40183452 -0.1885547 0.32848358 0.42809835 0.33735406 0.38474518 0.44775307 -0.42073828 0.31141201 0.42477757 0.44901031 0.4064886 0.42245114 -0.64386153 0.34956908 0.52324599 0.16266987 0.36023372 0.52946633 -0.16264309 0.41620597 0.60543388 0.33581311 0.47121346 0.61699289 -0.28297198 0.38816372 0.67562592 0.54074728 0.42998528 0.71604592 -0.3756963 
0.34814885 0.38860047 0.16926192 0.40388617 0.38898814 -0.19284402 0.32003418 0.42625222 0.31727007 0.38212886 0.43835253 -0.42783076 0.30861717 0.42615879 0.47558412 0.38176608 0.41447738 -0.63855231 0.34918788 0.51904762 0.1610792 0.35570747 0.52648026 -0.16102368 0.4161109 0.60315156 0.35180059 0.45633417 0.61552078 -0.25958994 0.38795385 0.67698586 0.54444307 0.42759261 0.71601164 -0.35310403
0.34493753 0.38953465 0.13193558 0.4152911 0.38790333 -0.21852522 0.31423089 0.43509981 0.23707533 0.39085662 0.43293905 -0.41339946 0.30949265 0.45309976 0.34354416 0.39309016 0.41146117 -0.56298631 0.34747979 0.51811779 0.15966892 0.35591528 0.52662373 -0.15962633 0.4057171 0.60302657 0.3675642 0.44820872 0.61521077 -0.18919949 0.38720378 0.67708111 0.57065952 0.42580494 0.71482867 -0.22048905
0.34478965 0.385921 0.16742341 0.40696061 0.38500133 -0.19620827 0.3209174 0.43684712 0.18899611 0.38078853 0.42746022 -0.37251547 0.31289181 0.46030393 0.14042898 0.38758254 0.40776762 -0.49563932 0.34660801 0.51342851 0.15885878 0.35664755 0.51759595 -0.15883248 0.40283042 0.6029669 0.27997559 0.43903232 0.61123371 -0.1709193 0.3883957 0.68085319 0.39530861 0.42404515 0.70934504 -0.19447023
0.34598833 0.37715816 0.11831804 0.41043624 0.37522617 -0.21626587 0.31662723 0.42203319 0.22546807 0.38089123 0.42866728 -0.40980387 0.31279549 0.42484441 0.34322268 0.39012477 0.40066734 -0.57078022 0.34779984 0.50925046 0.15442438 0.35701862 0.51520813 -0.15429819 0.39533713 0.60202157 0.28468966 0.43054157 0.610107 -0.16650139 0.38836229 0.67985624 0.42407054 0.4227193 0.70589471 -0.1958112 
0.42078483 0.37631389 0.08797492 0.34548181 0.37939161 -0.24508692 0.40737689 0.42555839 0.16705534 0.32266185 0.41908425 -0.48540521 0.36819097 0.42651016 0.12590374 0.35566661 0.38372228 -0.72253364 0.37697521 0.50701588 0.14042725 0.34477869 0.50995159 -0.14032269 0.41180289 0.60201138 0.16396378 0.39858547 0.60725993 -0.16316123 0.40164477 0.6804688 0.32058272 0.4154633 0.70055526 -0.08454404
0.42661783 0.37194079 0.06822509 0.34124932 0.37753326 -0.26200676 0.41254884 0.42773476 0.1477128 0.29542768 0.42579216 -0.42698503 0.37152761 0.43426517 0.06018925 0.32489112 0.40029436 -0.6191352 0.38510168 0.50600582 0.13377817 0.34120008 0.50743002 -0.1336733 0.41255432 0.6018194 0.15187936 0.39283046 0.60432088 -0.13783008 0.40354285 0.68142229 0.28811201 0.41487601 0.69677418 -0.0436217 
0.43430856 0.36922118 -0.0634039 0.32463399 0.38093922 -0.38531885 0.42931119 0.42148209 0.03548484 0.29247305 0.44749033 -0.40330046 0.38709813 0.42697805 -0.09517599 0.30784336 0.51714903 -0.4677639 0.39441299 0.50484043 0.12382711 0.34199247 0.50509566 -0.12380389 0.41273153 0.60181344 0.17501771 0.38187373 0.60396945 -0.13581409 0.40445483 0.6827873 0.33769092 0.41121638 0.69682848 -0.02842274
0.42594779 0.36466682 -0.05364671 0.33504459 0.37776527 -0.35033026 0.39412564 0.40740997 -0.04263282 0.29444671 0.44796404 -0.36413658 0.35069644 0.39217675 -0.19450629 0.29117775 0.50460762 -0.38556367 0.39080754 0.50480419 0.12345215 0.34254655 0.50542969 -0.12348326 0.4069446 0.60127604 0.20870495 0.38806558 0.60542649 -0.10644372 0.39706197 0.68079591 0.43957412 0.41162965 0.69810897 -0.01959204
0.42907432 0.36420229 0.00745812 0.32784572 0.36983424 -0.17011061 0.40811574 0.41242945 -0.06508755 0.29364216 0.41353098 -0.37853807 0.34915391 0.37681931 -0.22185235 0.27005318 0.37298635 -0.6817888 0.3883976 0.50291127 0.11847165 0.34324595 0.50244623 -0.11860395 0.40239981 0.59935635 0.20485926 0.38250652 0.60494494 -0.12634687 0.39442351 0.68062526 0.41056699 0.41233093 0.69881845 -0.07677385
0.42933753 0.36434576 0.05094371 0.3288748 0.37029546 -0.2069048 0.41989401 0.41673267 0.03963117 0.3036038 0.41448519 -0.47468907 0.35959175 0.39791548 -0.07960359 0.28322008 0.37671298 -0.72455001 0.38980076 0.50283086 0.12245735 0.34405759 0.50343651 -0.12253895 0.39951539 0.59721059 0.230078 0.38589153 0.60510153 -0.13876882 0.39165971 0.67772019 0.45550337 0.41280502 0.69896787 -0.07195285
0.42894119 0.36390415 0.00365437 0.33122209 0.37040776 -0.13874108 0.40406978 0.40892962 -0.076395 0.29635453 0.40636861 -0.40758148 0.34075895 0.37364322 -0.21048203 0.2693021 0.36398494 -0.71932977 0.39170033 0.50199664 0.11352494 0.34795818 0.50169301 -0.11377075 0.39811155 0.59623349 0.22957785 0.38768283 0.60502052 -0.15474723 0.39297217 0.67806256 0.45018098 0.41405711 0.6992591 -0.09039852
0.4312593 0.36649969 0.00461447 0.33603212 0.37285516 -0.13404427 0.37397337 0.40006921 -0.00811231 0.29345849 0.40519854 -0.40518275 0.30092078 0.36561474 -0.06668869 0.24843773 0.36118689 -0.80700541 0.39599746 0.50344354 0.11175483 0.34805751 0.50357693 -0.11203185 0.39950073 0.59644157 0.21786523 0.38533226 0.60539061 -0.18684673 0.39456144 0.68090534 0.44440335 0.41417906 0.69961476 -0.12904647
0.42827535 0.3657622 -0.01526011 0.32660004 0.3731986 -0.1502163 0.37756434 0.3995859 -0.12995735 0.29320002 0.40880972 -0.42294496 0.31161273 0.361074 -0.30170044 0.2622039 0.36618865 -0.80072814 0.39789376 0.50357425 0.10885058 0.34814996 0.50375271 -0.10915817 0.40069485 0.59652936 0.2132141 0.38035548 0.60551304 -0.17879933 0.39820725 0.6836161 0.4246569 0.41299209 0.70013964 -0.08784299
0.42738259 0.36655253 0.07528945 0.3236866 0.37118199 -0.22350636 0.38821357 0.40416905 -0.08030909 0.29788125 0.40417665 -0.53567898 0.35182503 0.37689087 -0.14248632 0.33854631 0.36063755 -0.79577202 0.39758095 0.50361884 0.12002045 0.34880081 0.50402731 -0.12019715 0.40139899 0.59686255 0.18931915 0.38049999 0.60568935 -0.13530207 0.39946312 0.6860401 0.36620831 0.41307727 0.70087749 -0.0167674 
0.42698896 0.36568594 0.06214536 0.31543851 0.36948547 -0.17508477 0.3930096 0.40559387 -0.05835026 0.29530373 0.40391654 -0.50406885 0.35089543 0.38068646 -0.22739848 0.33367229 0.36354116 -0.72952718 0.39654854 0.50294709 0.11955781 0.34617755 0.50318307 -0.11973791 0.40193737 0.59699255 0.18785195 0.38109556 0.60608751 -0.14183401 0.40201676 0.6873771 0.38712797 0.41327858 0.70183903 -0.05411713
0.42535165 0.36618778 0.11444801 0.31453505 0.36984831 -0.22853401 0.41612881 0.41741675 0.1178499 0.30500975 0.4013972 -0.46849754 0.3724778 0.42179587 -0.01664515 0.36864245 0.36361045 -0.645046 0.39541495 0.50177187 0.12823686 0.34543976 0.5022369 -0.12821071 0.39983383 0.5969708 0.19683222 0.3826502 0.60611099 -0.16397253 0.40179649 0.68667608 0.38933074 0.41400129 0.70286971 -0.09095716
0.42517269 0.36669356 0.1134516 0.31141672 0.37070951 -0.22437257 0.42382744 0.41705209 0.10406896 0.30544856 0.40414426 -0.43911052 0.37411073 0.41417953 -0.18776427 0.35651371 0.3674849 -0.58800429 0.39439735 0.50065237 0.1290891 0.34554029 0.50160229 -0.12904932 0.39875761 0.59677386 0.19782625 0.3821657 0.60602278 -0.16596565 0.40171397 0.68630779 0.39322802 0.41523489 0.70304364 -0.08955395
0.42471787 0.3662332 0.10014077 0.31230712 0.3709462 -0.23537488 0.42427757 0.41222814 0.09900748 0.30863401 0.40324783 -0.44975731 0.36812401 0.38889366 -0.14091982 0.36109629 0.36358097 -0.59004313 0.39398819 0.49953291 0.12981072 0.3448557 0.50050569 -0.12977988 0.39687267 0.59533525 0.20128542 0.37970188 0.60482585 -0.15490444 0.4012889 0.68415993 0.3897745 0.4156926 0.70321018 -0.08672778
0.42444262 0.36333072 0.09040165 0.31413457 0.37107751 -0.22968507 0.42373016 0.40791932 0.06827037 0.30637386 0.40198308 -0.45389071 0.3683691 0.38434464 -0.13395348 0.3539761 0.36063018 -0.64193821 0.39450377 0.49809149 0.12719205 0.34496224 0.49886996 -0.1271486 0.39697865 0.59420878 0.15398523 0.37868527 0.60302377 -0.15691242 0.40105736 0.68410379 0.28596294 0.4156605 0.70317543 -0.11162579
