0.5431298 0.24350947 0.07782363 0.36813229 0.227569 0.04738933 0.55536765 0.31671664 -0.0032374 0.30521843 0.28430143 -0.05269227 0.589037 0.27242088 -0.17142153 0.29389521 0.24862413 -0.28615898 0.47951004 0.37829092 0.02454974 0.37565577 0.37525496 -0.02452584 0.5181312 0.49733025 0.00153387 0.34337872 0.51166493 -0.06835988 0.5421235 0.61309242 0.06002026 0.31873414 0.62820208 -0.03079905
0.55002564 0.23507322 0.12772527 0.36811563 0.22591843 0.1113763 0.56769913 0.31402245 0.01709033 0.31236446 0.29344302 0.03562435 0.606031 0.25776497 -0.20938902 0.29188743 0.24230425 -0.20542383 0.4882057 0.37309444 0.01006719 0.386942 0.37141427 -0.01005157 0.53345412 0.49484637 -0.04838794 0.35663894 0.50444812 -0.0998747 0.55389321 0.6137318 0.01365623 0.32908192 0.62497109 -0.05409639
0.54735792 0.23484208 0.04336459 0.36638436 0.22491054 0.07705145 0.56897604 0.31552246 -0.11158188 0.31008673 0.297894 -0.0597745 0.61061805 0.26350045 -0.44579646 0.28795794 0.24061806 -0.37511706 0.49723476 0.37720659 -0.00673832 0.3883386 0.37529337 0.00690718 0.53469235 0.49841166 -0.05641485 0.36110526 0.50350827 -0.03797913 0.55547643 0.613989 0.05440134 0.33344227 0.62193733 0.10381569
0.54522932 0.23506618 0.02954119 0.3654483 0.22499956 0.04879291 0.57402521 0.31334385 -0.11894209 0.3127414 0.29921111 -0.09938239 0.6122337 0.26222819 -0.46756771 0.28749824 0.24368182 -0.48441795 0.49420917 0.37818262 0.00223875 0.38518798 0.37706739 -0.00211994 0.53949291 0.49600041 -0.10540394 0.35903367 0.49900898 -0.08488049 0.55801213 0.61443043 -0.00431981 0.33637255 0.61752254 0.02315378
0.54741865 0.23556341 0.08069896 0.36516318 0.22590181 0.08295715 0.57490522 0.3155767 -0.05024059 0.310197 0.30156854 -0.04956933 0.6145398 0.26311073 -0.39306948 0.28701374 0.245864 -0.46757466 0.49273327 0.37709221 0.00546772 0.38667345 0.3761591 -0.00525474 0.54551423 0.49282873 -0.15385376 0.35583493 0.4980956 -0.10046607 0.55916911 0.61730856 -0.06342714 0.33436701 0.61828691 0.02620172
0.54625344 0.23605557 0.08305721 0.36437911 0.22691751 0.0734898 0.57246941 0.31762975 -0.03484147 0.30874935 0.30178645 -0.05245436 0.61624998 0.26687109 -0.36130351 0.28581756 0.24620707 -0.4415721 0.49280661 0.37732616 0.00722555 0.38616705 0.37691611 -0.00704249 0.54318815 0.49139941 -0.15414354 0.35479185 0.49792433 -0.11308099 0.55724633 0.61467439 -0.06014668 0.33496419 0.6194436 -0.00195836
0.54584843 0.23704179 0.04096332 0.36408639 0.22757621 0.05313011 0.57265526 0.31866449 -0.09623691 0.31190613 0.30416566 -0.08463304 0.61771101 0.26742697 -0.47910705 0.28182793 0.24929824 -0.49079707 0.49363741 0.37816623 0.00782942 0.38632461 0.37767366 -0.00763903 0.54396695 0.48947474 -0.19029772 0.35471106 0.4981789 -0.11135503 0.55811942 0.61545646 -0.09842523 0.33448347 0.61926454 0.01858326
0.54794133 0.23849495 0.02216124 0.36311743 0.22778329 0.01336862 0.572411 0.32084024 -0.11678871 0.31394759 0.30881435 -0.10143814 0.61843014 0.26940972 -0.49373543 0.28015673 0.25055459 -0.49202332 0.49538609 0.37909108 0.01154798 0.3867563 0.37840745 -0.01143722 0.54448116 0.48546165 -0.19730973 0.35542259 0.49549729 -0.13929895 0.55704463 0.61531085 -0.13322724 0.335136 0.61947411 -0.03932464
0.54869157 0.23998143 -0.00300145 0.36297342 0.22951035 -0.00631953 0.57203966 0.3227334 -0.12361115 0.31431302 0.31339353 -0.10914794 0.61782795 0.27273932 -0.47852331 0.27998814 0.25344697 -0.48628417 0.49465361 0.38079092 0.00943435 0.38720736 0.37932888 -0.00935593 0.54911017 0.48571685 -0.24545354 0.35413978 0.49375945 -0.19489227 0.55835867 0.61699778 -0.19356473 0.33562365 0.61935413 -0.07553506
0.54987657 0.24092467 -0.0100933 0.36308819 0.23278832 -0.01052735 0.57053405 0.32328877 -0.14188094 0.31510627 0.31697819 -0.11221819 0.61494917 0.27845079 -0.53388298 0.27983806 0.25671783 -0.51581711 0.49543762 0.38245744 0.01017985 0.38922381 0.38074774 -0.01009642 0.55363303 0.48861739 -0.28003231 0.35264137 0.49514058 -0.24137427 0.55945128 0.61703205 -0.18327236 0.33537194 0.61861777 -0.10331365
0.54913634 0.24321426 0.00183189 0.36356637 0.23786449 -0.01030485 0.5702436 0.32590571 -0.10939929 0.3163009 0.32015139 -0.09568516 0.61427563 0.28115129 -0.46004817 0.27936739 0.26189518 -0.47549358 0.49575901 0.38372812 0.00848453 0.39040411 0.38183501 -0.00841627 0.55334049 0.49077767 -0.25917083 0.35195857 0.49637815 -0.20889153 0.55911857 0.61650372 -0.1633053 0.33493611 0.61902487 -0.07041465
0.54907084 0.24931489 -0.06312807 0.3636834 0.24140385 -0.0656845 0.56956965 0.33191356 -0.2047389 0.31656876 0.32328039 -0.18618837 0.61338162 0.28363431 -0.62042373 0.27931747 0.26641881 -0.60329115 0.49519902 0.38437831 0.00819108 0.39002389 0.38246882 -0.00817472 0.55333674 0.49263573 -0.24902208 0.3508141 0.49889135 -0.19652545 0.55940914 0.61628091 -0.13159741 0.33473662 0.61771953 -0.04681693
0.54851168 0.25578564 -0.19131602 0.36402762 0.24665764 -0.20464681 0.56977999 0.33778796 -0.35557517 0.31699288 0.32692286 -0.27987909 0.61139065 0.28376663 -0.8405053 0.27940166 0.27125806 -0.64937234 0.49590164 0.38580701 0.00846768 0.3901065 0.38331106 -0.00846964 0.55506474 0.49234012 -0.34916297 0.3505961 0.49812481 -0.3326641 0.56115901 0.61481273 -0.20763874 0.33458921 0.61798269 -0.18210106
0.54772747 0.26172623 -0.19426721 0.36426225 0.2536492 -0.2201879 0.56971937 0.34258932 -0.36318406 0.31693208 0.33097497 -0.27614728 0.61102349 0.28853533 -0.85684496 0.27957627 0.27559862 -0.60828292 0.49533737 0.38962647 0.00872663 0.38974962 0.38682467 -0.008713 0.55646461 0.49302447 -0.35760146 0.3495456 0.49786618 -0.35444915 0.56335133 0.61471927 -0.25878182 0.33435524 0.61865497 -0.22937295
0.54840678 0.26773438 -0.21312879 0.36435255 0.26009685 -0.22892559 0.56886756 0.34748548 -0.38190281 0.31656891 0.33581999 -0.25522882 0.61064202 0.2940326 -0.85414588 0.27888033 0.27973965 -0.54641396 0.4948788 0.39325589 0.0064951 0.38953555 0.39107046 -0.00648479 0.55720901 0.4923816 -0.37582195 0.34871334 0.49765074 -0.36866841 0.5633716 0.61287469 -0.27161258 0.33418703 0.61869341 -0.24549744
0.5483914 0.27263305 -0.26577666 0.36449835 0.26493475 -0.27189502 0.568277 0.35140961 -0.48183352 0.31611481 0.34036478 -0.35884893 0.61027789 0.29708341 -0.99021471 0.27879661 0.28231081 -0.6878249 0.49486837 0.39790106 0.00419688 0.3899141 0.39588377 -0.00418617 0.56024075 0.49187717 -0.43208361 0.3474119 0.49801138 -0.40276194 0.56437635 0.61119217 -0.2868492 0.33450145 0.61789447 -0.22499377
0.54823494 0.27845356 -0.29162613 0.3645772 0.27041176 -0.29611695 0.56863493 0.35656169 -0.53115857 0.31598824 0.34577903 -0.40451837 0.61130184 0.30084723 -1.04879713 0.27898505 0.28785378 -0.75433338 0.49468982 0.40333256 0.00464512 0.3897607 0.40114579 -0.00457232 0.5643906 0.4922854 -0.45104557 0.34626323 0.49849403 -0.47698212 0.5647645 0.61200219 -0.26642156 0.33453822 0.61777937 -0.2651017 
0.5478099 0.28409526 -0.33143586 0.36459133 0.27784941 -0.34233227 0.56972045 0.36233371 -0.58919346 0.31552798 0.35130098 -0.49640739 0.6121152 0.30615461 -1.10986865 0.27957529 0.29157475 -0.87708443 0.49525967 0.40691572 0.00470412 0.39006668 0.40514949 -0.00459642 0.56668133 0.49240628 -0.49487999 0.34430143 0.49938479 -0.51609647 0.56482583 0.61251026 -0.27903992 0.33462158 0.61807942 -0.2808021 
0.5475297 0.28830975 -0.29843444 0.36458755 0.28182977 -0.32762623 0.57039607 0.36804417 -0.52952069 0.31547937 0.35662261 -0.42845508 0.61305803 0.30907834 -1.03149247 0.27917862 0.29702663 -0.73932266 0.49581197 0.41096714 0.00538121 0.3909736 0.40882936 -0.00529511 0.56840003 0.49587587 -0.47640228 0.34166041 0.50182015 -0.51526225 0.56456327 0.6124357 -0.25138119 0.33492723 0.61866397 -0.27397296
0.54732108 0.29368827 -0.31616297 0.36419144 0.28835142 -0.34780958 0.57110995 0.37346032 -0.55038071 0.31520906 0.36212808 -0.45528552 0.61454755 0.31713191 -1.05030918 0.27915114 0.30416524 -0.75898975 0.49559796 0.41425923 0.00585724 0.39101368 0.41181865 -0.00578919 0.56823337 0.49795464 -0.4907243 0.34138188 0.50305533 -0.53004229 0.5640918 0.61241764 -0.25639179 0.33500189 0.61882073 -0.29217732
0.54717034 0.30016279 -0.36758876 0.36380824 0.29433694 -0.393141 0.57160932 0.37924257 -0.6270026 0.31513906 0.36698881 -0.54103369 0.61496156 0.32655576 -1.14219213 0.27910954 0.31133637 -0.89473557 0.49600622 0.41722935 0.00549517 0.39135459 0.41464657 -0.00531531 0.5685975 0.4979026 -0.53784931 0.34148189 0.50130928 -0.59405637 0.56386858 0.61242831 -0.29487321 0.33578381 0.61811858 -0.33045194
0.54704827 0.30700764 -0.36265755 0.36355069 0.30009115 -0.386996 0.5720551 0.38444164 -0.57367247 0.3144924 0.37158194 -0.51181388 0.61651796 0.33230647 -0.91757172 0.27928406 0.31820694 -0.6942516 0.49578932 0.42204854 0.00567323 0.3912237 0.41950378 -0.0054696 0.56785136 0.49705377 -0.53216392 0.34130692 0.50138062 -0.5168559 0.56393039 0.61249053 -0.28326476 0.33627957 0.6178062 -0.32222009
0.54701686 0.3131552 -0.37733585 0.36317438 0.30640131 -0.39290377 0.57261199 0.38947207 -0.65925151 0.31336203 0.37560785 -0.57432169 0.617688 0.33818284 -1.1741302 0.27928776 0.32332048 -0.95563805 0.4956781 0.42747942 0.00451836 0.39112705 0.42442316 -0.00423154 0.56854171 0.49754509 -0.59608269 0.34085113 0.50076187 -0.65338975 0.56361234 0.61255538 -0.35433152 0.33638003 0.61772954 -0.38673502
0.54673105 0.31930473 -0.36471301 0.36315456 0.31172827 -0.38132209 0.57249737 0.39523819 -0.65322363 0.31144077 0.38019991 -0.54562664 0.61630726 0.34082544 -1.18603194 0.2791644 0.32320657 -0.90009606 0.4957363 0.4311429 0.0034506 0.39105177 0.42806569 -0.00314825 0.56963187 0.49914929 -0.61122543 0.3387928 0.50120127 -0.65821767 0.56338471 0.61238748 -0.35885829 0.33666527 0.61779809 -0.38332465
0.54622191 0.32675049 -0.38417727 0.3623085 0.31722486 -0.38519201 0.57236785 0.39954615 -0.6723749 0.30846071 0.38498023 -0.62230319 0.62081492 0.35333025 -1.19240057 0.27769265 0.32592499 -1.06400013 0.49581638 0.43565673 0.00304963 0.3909992 0.43232614 -0.00275749 0.56936896 0.49852917 -0.67797548 0.33622923 0.50129473 -0.69917387 0.56323683 0.61240906 -0.40045518 0.33672652 0.61758649 -0.41806817
0.54561341 0.3313916 -0.3977375 0.36193025 0.32152742 -0.4034594 0.57297164 0.40227801 -0.69137466 0.30658504 0.38997108 -0.62343663 0.6201095 0.35638702 -1.2176733 0.27675262 0.3313843 -1.04360497 0.49575946 0.43942615 0.00311937 0.39095131 0.43590051 -0.00283994 0.57115644 0.50006586 -0.67312425 0.33511901 0.50144744 -0.71910393 0.56316161 0.61252636 -0.38538477 0.33687073 0.61747891 -0.42309803
0.54559058 0.33704942 -0.39182329 0.3614631 0.32610002 -0.40009853 0.5747658 0.40703267 -0.70355308 0.30488923 0.39535046 -0.62869644 0.61981517 0.35650247 -1.23633432 0.2767193 0.33619553 -1.06139731 0.49572381 0.44300506 0.00320848 0.39084077 0.43953091 -0.00293417 0.57190311 0.50020951 -0.68324113 0.33279377 0.50286704 -0.7541979 0.56304204 0.6132887 -0.42591187 0.3373383 0.61752814 -0.4763478 
0.54556519 0.34136429 -0.40717411 0.36146858 0.3304545 -0.40173605 0.57521063 0.41125399 -0.71965075 0.30443627 0.39907011 -0.63197273 0.619506 0.36040762 -1.25138021 0.27715138 0.34129295 -1.07910192 0.49570483 0.44666925 0.0032538 0.39080572 0.44321027 -0.00296959 0.57331526 0.50213158 -0.70039713 0.33153942 0.50277323 -0.7538234 0.56297904 0.61364388 -0.40809467 0.3373917 0.61756778 -0.44801745
0.54694092 0.34737533 -0.39968857 0.36147493 0.33721635 -0.38936383 0.57570016 0.41588619 -0.71879637 0.30363974 0.40392092 -0.58907706 0.61942786 0.36482957 -1.25051022 0.2783255 0.34699324 -0.99341691 0.49594954 0.45118761 0.00212195 0.39081517 0.44797891 -0.00177809 0.57345861 0.50258243 -0.71955711 0.33111295 0.50212586 -0.76663989 0.56291652 0.61365813 -0.4450455 0.33742261 0.61762327 -0.4704271 
0.54718405 0.35136157 -0.32292765 0.36149004 0.3427611 -0.32062829 0.57643217 0.41832143 -0.61805195 0.30370533 0.41015702 -0.4259392 0.61921608 0.36945692 -1.1210407 0.27899578 0.35525066 -0.70488721 0.4965758 0.45667461 0.00193955 0.39111468 0.4539701 -0.00156541 0.57318115 0.50235665 -0.6866768 0.33165634 0.50146645 -0.74812692 0.56286621 0.61364907 -0.466043 0.33740893 0.6180948 -0.50809622
0.54739362 0.35556057 -0.308314 0.36149248 0.34779721 -0.30710909 0.57644433 0.42220727 -0.57533526 0.30330592 0.41422161 -0.40915468 0.61907423 0.37591144 -1.05743992 0.27899611 0.35854197 -0.67668754 0.49678943 0.46123928 0.00262488 0.391141 0.45816734 -0.00219025 0.57296598 0.50227779 -0.67774636 0.33265018 0.50097817 -0.7295934 0.56271768 0.6137656 -0.459755 0.33722332 0.6181224 -0.49343544
0.54737788 0.36112252 -0.30649596 0.3608239 0.35314411 -0.30738124 0.57650417 0.4247714 -0.58533812 0.30164486 0.42092812 -0.44884729 0.61972046 0.37836978 -1.07079709 0.27847451 0.36301807 -0.75867927 0.49688897 0.4650887 0.00320417 0.39102769 0.46307263 -0.00274048 0.57302308 0.50215846 -0.69447654 0.32908168 0.50031394 -0.74313486 0.56269497 0.61390746 -0.49114466 0.33725047 0.61844426 -0.52026695
0.54735684 0.36607218 -0.31487402 0.36041722 0.35924727 -0.31846502 0.57591802 0.42853552 -0.57844263 0.30091265 0.42689011 -0.44713393 0.61691886 0.38088217 -1.05010557 0.27847111 0.36809188 -0.73362041 0.49730122 0.46834475 0.00459733 0.39114898 0.46663353 -0.00410134 0.57432187 0.50210655 -0.71158218 0.32932448 0.50110686 -0.75301236 0.56237823 0.61391681 -0.480205 0.33740127 0.61891884 -0.50723362
0.54799461 0.37245521 -0.28642517 0.35868934 0.36682123 -0.29951379 0.57589525 0.43380246 -0.48370549 0.29946336 0.43296194 -0.40368828 0.63135892 0.38996607 -0.8805353 0.27708733 0.3741464 -0.66684502 0.49801075 0.47256151 0.0056003 0.39114162 0.47125396 -0.00512305 0.57420129 0.50036019 -0.70966172 0.32984993 0.50129956 -0.75159222 0.56190068 0.61411285 -0.49574625 0.3374002 0.61892331 -0.51785743
0.54810715 0.37713969 -0.26196775 0.35739356 0.37182924 -0.27991074 0.57328129 0.44115022 -0.49651128 0.29752159 0.4371036 -0.43474078 0.63046318 0.39749417 -0.92695844 0.2757259 0.38005382 -0.75703883 0.4993602 0.47757336 0.00664403 0.39116457 0.47655928 -0.00615948 0.57412255 0.50028938 -0.70648271 0.32802367 0.50267214 -0.75359994 0.56168562 0.61448115 -0.49811023 0.33759317 0.61892831 -0.52104914
0.54809088 0.38135633 -0.24593613 0.35737309 0.37537992 -0.25057575 0.59424204 0.43685943 -0.33398795 0.29692325 0.44220528 -0.33816358 0.64822131 0.40140024 -0.62154126 0.27482668 0.38513023 -0.61826962 0.50021422 0.48244584 0.00619709 0.39115965 0.4808467 -0.00573531 0.5742501 0.50239587 -0.70086312 0.32697615 0.5074383 -0.7423287 0.56165808 0.61512297 -0.47729668 0.33765414 0.61879247 -0.5045622 
0.54807752 0.38629153 -0.25614581 0.35698345 0.38051265 -0.26916873 0.59195364 0.4381583 -0.46120858 0.29596269 0.44758871 -0.46331736 0.65337622 0.40237245 -0.87348127 0.27477095 0.39034504 -0.85801315 0.50022846 0.48700443 0.00719494 0.39115077 0.48583391 -0.00669086 0.5749526 0.50390875 -0.69929093 0.32664853 0.50859576 -0.75032657 0.56126535 0.61572289 -0.4700827 0.33795401 0.61877626 -0.49688834
0.54857445 0.39155647 -0.20556678 0.35687396 0.38648334 -0.22233169 0.58951622 0.43618935 -0.15536815 0.29550785 0.45261902 -0.23407307 0.61945969 0.41934791 -0.28954503 0.27480122 0.39538237 -0.43874031 0.50124866 0.49296662 0.0038779 0.39138186 0.4930836 -0.00340478 0.5763092 0.50495869 -0.69157732 0.32648259 0.50947767 -0.74379051 0.56083453 0.61572009 -0.46965316 0.33800492 0.61878288 -0.49312887
0.54919213 0.39711395 -0.17388281 0.35662705 0.39189303 -0.18848202 0.58787888 0.4477821 -0.31350893 0.29569235 0.45871261 -0.27327967 0.61888772 0.41040209 -0.58835644 0.27478433 0.40186068 -0.50493938 0.50150311 0.49815738 0.00393554 0.39151302 0.49785739 -0.00347059 0.57709867 0.50564742 -0.67371196 0.32683247 0.51176482 -0.74066561 0.56077874 0.61533129 -0.46775919 0.33858836 0.61909938 -0.50242645
0.54917622 0.40079516 -0.18015477 0.35636768 0.39602014 -0.19536394 0.5947988 0.44610652 -0.3532674 0.29583541 0.4629136 -0.30534405 0.63453621 0.41398758 -0.75447536 0.27426898 0.40619713 -0.70910275 0.50170279 0.50077355 0.0039814 0.391514 0.50211596 -0.00351538 0.57837075 0.50779176 -0.68535119 0.32741407 0.513749 -0.744721 0.56076592 0.61535352 -0.46628806 0.33900717 0.61991572 -0.49850148
0.5492174 0.405945 -0.1920971 0.35638842 0.40032148 -0.20022053 0.5865016 0.47265834 -0.4465082 0.29522896 0.46821588 -0.39235884 0.61916864 0.42164564 -0.8602702 0.27514625 0.40932399 -0.78023583 0.50229055 0.5078212 0.00437953 0.39217949 0.50877696 -0.00398938 0.58254182 0.50983614 -0.68786061 0.32756591 0.5141117 -0.74287039 0.56079614 0.6149177 -0.42441082 0.33913511 0.61991847 -0.46800733
0.54910725 0.41005719 -0.2002763 0.35630825 0.40517479 -0.21074055 0.58538592 0.47487915 -0.45539448 0.29667458 0.47423044 -0.40857798 0.61990434 0.42423314 -0.84378743 0.27607697 0.41753322 -0.766312 0.5024811 0.51152319 0.00443898 0.39265943 0.5135268 -0.00409223 0.58559799 0.51092809 -0.68720871 0.3258757 0.51784402 -0.72482234 0.56092471 0.61485571 -0.38444498 0.33894911 0.6194163 -0.41668037
0.54890996 0.41443685 -0.18947433 0.35613987 0.40878335 -0.20176879 0.58518201 0.4747135 -0.44299343 0.29673558 0.47894108 -0.4011355 0.61515367 0.4272345 -0.84305161 0.27619982 0.42632833 -0.74631101 0.50269336 0.51601821 0.00445234 0.39303491 0.51776141 -0.00411704 0.58689022 0.5146324 -0.66829062 0.32309031 0.52113259 -0.71590155 0.56081134 0.61484045 -0.33572638 0.33913404 0.61934316 -0.37942931
0.54856801 0.41760972 -0.20037028 0.35610992 0.41320577 -0.20771177 0.58498126 0.47917014 -0.47643471 0.29718629 0.48309419 -0.43362513 0.61534613 0.42838621 -0.86287338 0.27621445 0.42908347 -0.79970258 0.50268251 0.52188331 0.00413692 0.39403668 0.5238412 -0.00384681 0.58704549 0.51633751 -0.67388976 0.32274055 0.52286822 -0.71865231 0.56079412 0.61429799 -0.32966533 0.3391476 0.61954248 -0.36791 
0.54855043 0.42126 -0.22242421 0.35610414 0.41627553 -0.2301999 0.58607757 0.47520873 -0.47791019 0.29713267 0.48542982 -0.44673145 0.61571848 0.43298334 -0.86810482 0.2763328 0.4317351 -0.81229514 0.50324333 0.52711928 0.00297551 0.39622527 0.52800292 -0.00276543 0.58800185 0.51869982 -0.69669527 0.32066905 0.52520502 -0.72907197 0.56066757 0.61356062 -0.31699187 0.33925071 0.61962587 -0.33553359
0.54790932 0.42477104 -0.22811191 0.35622269 0.42032516 -0.23454477 0.58589119 0.47908491 -0.48103395 0.29676306 0.48977312 -0.45508713 0.61612356 0.43830511 -0.87977761 0.27633953 0.43359917 -0.83082098 0.5036779 0.52990752 0.00302618 0.39792651 0.53081888 -0.00280219 0.58798194 0.51933873 -0.72248513 0.3203896 0.52789342 -0.74738866 0.56063396 0.61359298 -0.32479292 0.33920744 0.61971593 -0.33173671
0.54737854 0.42953974 -0.28818846 0.35624203 0.42364311 -0.28926575 0.58383524 0.48876593 -0.54147595 0.29683074 0.49377745 -0.51264125 0.61661243 0.44224271 -0.94134772 0.27633804 0.43693259 -0.90045989 0.50366116 0.53120339 0.00305275 0.39829966 0.53294843 -0.00282245 0.58789688 0.51985246 -0.73853689 0.32008252 0.5286175 -0.7554481 0.56059605 0.61370224 -0.32810768 0.33914384 0.61987495 -0.33103651
0.5471279 0.43385416 -0.23462531 0.35600549 0.42778575 -0.24625728 0.58359641 0.48991001 -0.48654911 0.29708004 0.49857748 -0.46752357 0.61655605 0.44360989 -0.88834131 0.27631333 0.44040838 -0.87757415 0.50247884 0.53692299 0.00440828 0.39820981 0.53858882 -0.00422936 0.58845186 0.52003801 -0.73138291 0.32031056 0.52744293 -0.75972432 0.56045401 0.61408669 -0.29499927 0.3386727 0.6196897 -0.318912 
0.54750454 0.43634117 -0.24567679 0.35603377 0.42958012 -0.25710958 0.58366448 0.49069041 -0.50043994 0.29811698 0.50153077 -0.47983304 0.61689597 0.45110887 -0.90487826 0.27633908 0.4407641 -0.8722499 0.5023514 0.54090047 0.00471495 0.39808601 0.54105121 -0.00456609 0.58866614 0.51920152 -0.73298931 0.3195684 0.52769768 -0.75714314 0.56037456 0.61489671 -0.31836948 0.33846304 0.61969692 -0.2926355 
0.54760486 0.43854573 -0.16920722 0.35583577 0.43240988 -0.19316907 0.59553844 0.4954609 -0.43081462 0.29905158 0.50483048 -0.41175401 0.61701584 0.45202571 -0.84564257 0.27637419 0.44329315 -0.80462927 0.50224239 0.54418534 0.00575275 0.39771077 0.54435247 -0.00565454 0.58850831 0.51885277 -0.73249 0.3196409 0.52708715 -0.74741828 0.56027472 0.61602396 -0.32891899 0.33833805 0.61975068 -0.3139047 
0.54835045 0.43900022 -0.18114288 0.35626352 0.43304551 -0.20228665 0.5950036 0.49747562 -0.36241519 0.29915348 0.50580102 -0.37748092 0.60312194 0.48278555 -0.71235693 0.27601564 0.44390118 -0.70900977 0.50220931 0.54675287 0.00591608 0.3976326 0.54506725 -0.00584413 0.58845639 0.51798224 -0.72266865 0.31974828 0.52641642 -0.69381756 0.56023091 0.61716563 -0.33442333 0.33827657 0.61991143 -0.27849373
0.54890186 0.43983975 -0.19426942 0.35668293 0.43359667 -0.23034197 0.58289868 0.50347406 -0.36632115 0.29968914 0.50452995 -0.39567497 0.58577734 0.50635898 -0.67768794 0.27602068 0.44308397 -0.7249189 0.50202018 0.54620296 0.00676327 0.39629555 0.54463905 -0.00669606 0.58532947 0.51622224 -0.71995872 0.32151595 0.52601135 -0.6688177 0.56011766 0.61750704 -0.35184613 0.33833131 0.62016368 -0.25035518
0.55026495 0.43936259 -0.15377603 0.35690507 0.43278089 -0.17452365 0.58468229 0.50179565 -0.29068252 0.29978779 0.50153321 -0.32728922 0.59340549 0.48208979 -0.57547945 0.27660015 0.44157848 -0.62581176 0.50207531 0.54526418 0.00707909 0.39532748 0.54419261 -0.0070413 0.58412158 0.51546419 -0.702281 0.32195491 0.52596593 -0.66589588 0.56004226 0.61773127 -0.37153447 0.33833113 0.62016433 -0.27476355
0.55105835 0.43894431 -0.2059496 0.35854888 0.43154794 -0.22039658 0.58919978 0.49606851 -0.46940228 0.30018935 0.50020874 -0.43326169 0.59553832 0.47429901 -0.87905014 0.27764785 0.44019327 -0.79019761 0.50260991 0.54359806 0.00708047 0.39532444 0.54256648 -0.0070389 0.58190447 0.51518989 -0.72537589 0.32197559 0.52572 -0.68496913 0.55996144 0.61774904 -0.36815631 0.33862177 0.62019527 -0.26800105
0.55235803 0.43733186 -0.34736273 0.35900828 0.43025577 -0.34541893 0.59258848 0.49433124 -0.63253766 0.3001909 0.50012869 -0.58583438 0.59606695 0.46305552 -1.05431271 0.27770305 0.43929538 -0.97629845 0.50327784 0.54178697 0.0065243 0.39534003 0.54127443 -0.00643528 0.5815829 0.51539922 -0.76687205 0.32198608 0.52552789 -0.70472264 0.55983788 0.61775577 -0.35674047 0.33876026 0.62027234 -0.24131462
0.55261451 0.43631926 -0.35187757 0.36003342 0.42977718 -0.35885683 0.59228462 0.48791429 -0.62082696 0.30020282 0.49925271 -0.58980364 0.59658039 0.45450211 -1.04839945 0.27835783 0.43826589 -0.97808671 0.50362307 0.53812397 0.00652478 0.39534771 0.53690028 -0.00643351 0.58078301 0.51495367 -0.78063387 0.32315695 0.52549839 -0.71397346 0.55982876 0.61775792 -0.39158145 0.33883312 0.62025625 -0.26214883
0.55296409 0.43496031 -0.42355341 0.36233845 0.42639348 -0.41656399 0.5932076 0.48241886 -0.69409484 0.29984954 0.49100527 -0.63861901 0.59173125 0.44399026 -1.1094358 0.27837259 0.43256208 -1.02023745 0.50413132 0.53160948 0.00616505 0.39625904 0.52923083 -0.00605884 0.58121002 0.516002 -0.79281873 0.32387093 0.52536559 -0.7123577 0.55985159 0.61774892 -0.39664748 0.33882526 0.62026083 -0.2711826 
0.55307364 0.43154851 -0.37205222 0.36265048 0.4216328 -0.36952016 0.593153 0.47168711 -0.49657378 0.29966643 0.48476163 -0.47221586 0.59205389 0.43915614 -0.84214944 0.27837047 0.42779005 -0.76541579 0.50359541 0.52630121 0.00655338 0.39589736 0.52392083 -0.00646087 0.58242542 0.51714635 -0.71708739 0.32403973 0.52392054 -0.62933308 0.55983818 0.61779761 -0.39303631 0.33881178 0.6202355 -0.26277012
0.55305433 0.42456722 -0.3234846 0.3626087 0.41670859 -0.30890295 0.59093887 0.45891815 -0.37851578 0.29871878 0.47946557 -0.41850409 0.59280294 0.43128583 -0.62436736 0.27990341 0.42558631 -0.70439148 0.50351626 0.51840371 0.00648999 0.39588919 0.51752502 -0.00641146 0.58243775 0.51804268 -0.65343106 0.32404989 0.52242064 -0.63371003 0.55983424 0.61778432 -0.38817817 0.3386693 0.62019843 -0.32707882
0.55269998 0.42074963 -0.3443017 0.36253726 0.41246757 -0.37399611 0.5856961 0.46084222 -0.15728833 0.29869106 0.47527114 -0.4460302 0.60013497 0.43340415 -0.05382616 0.28200454 0.42052746 -0.658252 0.50329095 0.50980908 0.00581591 0.39603552 0.51122087 -0.00582789 0.58211571 0.51769859 -0.64182824 0.32628801 0.51805377 -0.65627384 0.5598278 0.61758226 -0.38281155 0.3387318 0.62001312 -0.37631923
0.55268061 0.41642353 -0.38344997 0.36249515 0.40838391 -0.39757079 0.58512819 0.46329978 -0.636944 0.29877117 0.46967283 -0.59837037 0.61331564 0.42860243 -1.03520584 0.28316203 0.41767782 -0.92741233 0.50347668 0.50510752 0.00672916 0.39605758 0.50645977 -0.00670679 0.57990777 0.5146898 -0.66476715 0.33049437 0.51273423 -0.72594124 0.55993873 0.61626631 -0.45844907 0.33904576 0.62000734 -0.47152597
0.55237788 0.41074273 -0.64531606 0.36252549 0.40487975 -0.64454734 0.58964932 0.46316108 -0.99600977 0.29884157 0.46482614 -0.91851342 0.62806875 0.42201558 -1.46307158 0.28531998 0.41223469 -1.32090235 0.5034737 0.49733335 0.00754084 0.3959738 0.49934059 -0.00746178 0.5770362 0.51370347 -0.78676772 0.33210757 0.51142234 -0.80152231 0.56019968 0.61592007 -0.47965297 0.33897877 0.61987674 -0.4721728 
0.55223924 0.40749523 -0.45844957 0.36229867 0.40157932 -0.46171021 0.59028244 0.46027163 -0.6631003 0.29913333 0.45963392 -0.72730911 0.62381732 0.42215699 -1.0258007 0.2863405 0.40595034 -0.90576756 0.50367057 0.49268916 0.00753591 0.39596513 0.49410933 -0.00745347 0.56960684 0.5091747 -0.68376768 0.33321151 0.51290494 -0.72333151 0.56038499 0.61492509 -0.4453581 0.33886892 0.61945164 -0.44681096
0.55197722 0.40539378 -0.3465603 0.36235729 0.39925921 -0.39032155 0.59271187 0.43847543 -0.09200297 0.29906499 0.45353949 -0.21985416 0.62117016 0.42075798 0.04307077 0.28606904 0.40169388 -0.1583095 0.5046531 0.48513013 0.00137491 0.39779517 0.48711869 -0.00140103 0.56732196 0.50520569 -0.60909867 0.33577922 0.51312703 -0.62296116 0.56079465 0.61469179 -0.46731049 0.33880082 0.61948568 -0.46931642
0.55180347 0.40162456 -0.52710199 0.36233804 0.39622802 -0.54445893 0.60500675 0.44130087 -0.23661067 0.29906794 0.44729796 -0.34610894 0.62630385 0.4289445 -0.53178591 0.28584972 0.39954531 -0.52067733 0.50563604 0.47884595 0.0014945 0.39993706 0.48033053 -0.00150783 0.56526697 0.50665045 -0.65416461 0.33930862 0.51177496 -0.65548205 0.56112409 0.61505216 -0.45149657 0.33866546 0.62003225 -0.43328339
5.50454795e-01 3.96504968e-01 -4.64368016e-01 3.62075031e-01 3.91884953e-01 -5.10635436e-01 5.96220970e-01 4.20711398e-01 -1.29930004e-01 2.99137205e-01 4.43062723e-01 -3.32414269e-01 6.12698376e-01 4.10337478e-01 1.15351394e-01 2.87900180e-01 3.96155804e-01 -2.15363264e-01 5.05615950e-01 4.76485401e-01 3.46381275e-04 4.01194125e-01 4.77196783e-01 -3.11878714e-04 5.65400422e-01 5.05882204e-01 -6.20039880e-01 3.43068421e-01 5.11405349e-01 -6.28038406e-01 5.61434150e-01 6.15462959e-01 -4.37286884e-01 3.38557661e-01 6.20034933e-01 -4.23154891e-01
5.50237715e-01 3.93565565e-01 -4.56874579e-01 3.61633211e-01 3.89521301e-01 -5.05634606e-01 5.91414750e-01 4.25301582e-01 -1.74341932e-01 2.99084723e-01 4.41437781e-01 -3.85054648e-01 6.09849155e-01 4.05028611e-01 -4.63873567e-03 2.87685663e-01 3.94079268e-01 -3.50059777e-01 5.05640507e-01 4.75550920e-01 -1.43582409e-04 4.01935488e-01 4.76197243e-01 1.51568645e-04 5.65063536e-01 5.04586577e-01 -6.29417181e-01 3.48420143e-01 5.09421766e-01 -6.38666689e-01 5.61490059e-01 6.15593970e-01 -4.42208737e-01 3.38530570e-01 6.20013297e-01 -4.39796507e-01
5.49966514e-01 3.90557736e-01 -5.13781190e-01 3.62093866e-01 3.84498149e-01 -5.63412011e-01 5.88533878e-01 4.19493020e-01 -1.63646951e-01 2.99550831e-01 4.34486836e-01 -3.35779369e-01 6.09098911e-01 4.00158316e-01 1.14288710e-01 2.88077325e-01 3.90326828e-01 -1.40911207e-01 5.05843222e-01 4.70412791e-01 5.34683422e-05 4.02935714e-01 4.70418513e-01 -1.96300498e-05 5.62581539e-01 5.04928052e-01 -6.10517025e-01 3.51500481e-01 5.07900655e-01 -6.16653502e-01 5.61611891e-01 6.16338193e-01 -4.19668674e-01 3.38426828e-01 6.20092690e-01 -4.24542040e-01
5.50119221e-01 3.87222439e-01 -4.91438866e-01 3.62774134e-01 3.80099177e-01 -5.37388921e-01 5.83017647e-01 4.12371069e-01 -9.93016735e-02 3.00467730e-01 4.28943962e-01 -2.34666690e-01 6.04931772e-01 3.99109751e-01 2.11473152e-01 2.87937343e-01 3.86643022e-01 1.89614259e-02 5.06102502e-01 4.67797130e-01 8.42528098e-05 4.03593063e-01 4.67057705e-01 -5.00306214e-06 5.62040925e-01 5.04558980e-01 -6.00653470e-01 3.55952471e-01 5.05883873e-01 -6.13238394e-01 5.61651230e-01 6.16883337e-01 -4.15044457e-01 3.38431776e-01 6.20103478e-01 -4.19816941e-01
5.49283683e-01 3.83506089e-01 -5.13787687e-01 3.62738192e-01 3.77133965e-01 -5.63412309e-01 5.83387554e-01 3.98069322e-01 -1.02827489e-01 3.00453931e-01 4.27953839e-01 -2.60422707e-01 6.05868220e-01 3.94486308e-01 2.19472751e-01 2.85776645e-01 3.81281346e-01 -1.38943018e-02 5.06058991e-01 4.62845623e-01 1.58458919e-04 4.03640389e-01 4.62668031e-01 -6.17205806e-05 5.59548378e-01 5.03064871e-01 -5.86240411e-01 3.60664338e-01 5.00690043e-01 -6.07715189e-01 5.61776936e-01 6.16898954e-01 -4.13132638e-01 3.38434994e-01 6.19767904e-01 -4.17356700e-01
0.54817235 0.38054934 -0.46572578 0.36272636 0.37300599 -0.53119171 0.58412772 0.41067204 -0.17493194 0.30047151 0.42321479 -0.33303234 0.61078626 0.38918132 -0.04606944 0.28390223 0.37706417 -0.26839477 0.50522256 0.4615075 0.00125184 0.40353352 0.46116602 -0.00110362 0.5552913 0.49959359 -0.58822292 0.3638835 0.49904314 -0.61940324 0.56186682 0.61687702 -0.42968479 0.33854258 0.61910349 -0.44745359
0.54741603 0.37693623 -0.46357688 0.36291996 0.36997783 -0.51934987 0.58090729 0.40407211 -0.05436688 0.30139351 0.42094529 -0.27642244 0.6113885 0.38304508 0.25711414 0.28315431 0.37417838 -0.08606298 0.50429219 0.45834392 0.00244226 0.40344268 0.45743772 -0.00227227 0.55233669 0.49680319 -0.57184803 0.3665354 0.49859121 -0.5872463 0.56185412 0.61670983 -0.42922717 0.3387095 0.61872745 -0.43608072
0.54600936 0.37199408 -0.46472624 0.36319184 0.36512595 -0.53460109 0.57850718 0.40314847 -0.05522415 0.30283576 0.416592 -0.30560282 0.61137092 0.38067248 0.25948432 0.2820932 0.36842737 -0.13104431 0.50246662 0.45499155 0.00297305 0.40304235 0.45299226 -0.00280933 0.55147111 0.4981899 -0.54541117 0.36427167 0.50028867 -0.55648488 0.56155449 0.61658227 -0.4078517 0.3387191 0.6185106 -0.40458968
0.54506403 0.37012544 -0.50562632 0.36349386 0.36227486 -0.56856412 0.57423836 0.40360659 -0.61186028 0.3034347 0.41260305 -0.55151808 0.61127454 0.37981349 -0.92356861 0.28334889 0.36498469 -0.63388568 0.50038224 0.45025653 0.00580293 0.40297589 0.44784167 -0.00547682 0.54871851 0.49904168 -0.60970241 0.36404827 0.50092417 -0.62960958 0.56144255 0.61626458 -0.50412953 0.33865401 0.61861688 -0.48070651
0.54435217 0.36699551 -0.38302585 0.36325058 0.35900089 -0.44080356 0.57507819 0.40700883 -0.18996358 0.30268827 0.41034251 -0.29054043 0.61246103 0.37482315 -0.1867857 0.28294575 0.3625885 -0.26711532 0.49972332 0.44746077 0.00491585 0.40277183 0.44511661 -0.0046005 0.54539961 0.49810249 -0.54081225 0.36478502 0.50061357 -0.5562281 0.56141484 0.61588883 -0.47249767 0.33878657 0.61900741 -0.45695096
0.54415584 0.36360529 -0.38419652 0.36237571 0.35600603 -0.43305022 0.57599062 0.41024557 -0.43621364 0.30266139 0.41009989 -0.41171727 0.61243677 0.37476185 -0.69681317 0.2827971 0.36278212 -0.53628176 0.49948663 0.44513887 0.00527027 0.4026705 0.44333628 -0.00497138 0.5450232 0.49823493 -0.50366968 0.36365688 0.50223202 -0.52217758 0.56125385 0.61583614 -0.45667529 0.33879015 0.61934924 -0.41558266
0.5433383 0.35938257 -0.25879404 0.36223263 0.35238683 -0.29503697 0.57287502 0.41137579 -0.34957457 0.30254117 0.4075473 -0.30068201 0.6124174 0.37312636 -0.58745253 0.2821635 0.3586666 -0.43156967 0.49738204 0.44098508 0.00526487 0.40129027 0.43925092 -0.00497858 0.54233855 0.49871066 -0.46409407 0.36397868 0.5018453 -0.48688745 0.56104112 0.61585099 -0.48095325 0.3387962 0.61936206 -0.4296093 
0.54233646 0.35669062 -0.29023644 0.36175048 0.34908488 -0.32817724 0.57096916 0.41240376 -0.49333683 0.30255356 0.40643483 -0.41527963 0.61345291 0.36886767 -0.89324069 0.28131023 0.35563964 -0.63732326 0.49612886 0.43937925 0.0064281 0.39982167 0.437314 -0.00616074 0.54319042 0.49878851 -0.47598651 0.3638342 0.50180459 -0.49927989 0.56083483 0.61588383 -0.48496512 0.33880258 0.61946386 -0.43424889
0.54212087 0.35340843 -0.32575491 0.36176118 0.34577674 -0.35940799 0.57094365 0.41210231 -0.55351502 0.30288053 0.40609586 -0.42849639 0.61577457 0.36749077 -0.98556089 0.28118947 0.3532452 -0.60666478 0.4945465 0.43721467 0.00692069 0.39828706 0.43519184 -0.00665438 0.54277158 0.49913171 -0.51165777 0.36371773 0.50247103 -0.52013385 0.56074697 0.61634487 -0.51939452 0.33876204 0.61948466 -0.44756794
0.54122841 0.34944645 -0.33690923 0.36189026 0.34205344 -0.36336234 0.56999612 0.41078612 -0.57397836 0.30288142 0.40259874 -0.44881427 0.61603892 0.36568612 -1.00198317 0.27969548 0.34966081 -0.64083642 0.4934732 0.43544197 0.00677002 0.39672172 0.43311602 -0.0064912 0.53986055 0.49809092 -0.52379882 0.36357301 0.50096804 -0.53106683 0.56063563 0.61634642 -0.5475198 0.33873838 0.61942029 -0.47167873
0.54125839 0.34812638 -0.31595427 0.36189958 0.33976644 -0.34828863 0.56950098 0.40900928 -0.53647864 0.30244112 0.39920205 -0.42880604 0.61613858 0.36324942 -0.94875491 0.27945536 0.34577593 -0.59195662 0.49203908 0.43382949 0.00677555 0.39487159 0.43111831 -0.00649947 0.53950661 0.49711001 -0.52088588 0.3611612 0.50009596 -0.53268337 0.56061482 0.61634439 -0.54062432 0.3387464 0.61946678 -0.47191182
0.54127395 0.34470794 -0.43491384 0.36247119 0.3360737 -0.44307467 0.56998497 0.4064841 -0.7429052 0.30229849 0.39448783 -0.60395455 0.61745012 0.3602812 -1.24521101 0.27923393 0.34194133 -0.88516557 0.49148521 0.4323726 0.00617276 0.3943249 0.42975521 -0.00590737 0.53868502 0.49539286 -0.58894145 0.35899946 0.49759331 -0.59398568 0.56040353 0.6164242 -0.55059564 0.33861566 0.61942834 -0.47806814
0.5415917 0.34278023 -0.43830413 0.36282083 0.33307087 -0.44735712 0.57026619 0.40432751 -0.74447286 0.30207688 0.39272118 -0.61601681 0.61801112 0.35850564 -1.25282013 0.27923879 0.33947137 -0.92108792 0.49123466 0.43173873 0.00609187 0.39340615 0.42904347 -0.00581434 0.53841782 0.49451789 -0.60395324 0.35696724 0.49766144 -0.61202478 0.56034315 0.6161865 -0.531165 0.33824551 0.61909217 -0.47134969
0.54172021 0.33951575 -0.41467303 0.36308601 0.32982787 -0.41548064 0.56998932 0.40405238 -0.70953995 0.30207425 0.39290795 -0.56418675 0.61788929 0.35805842 -1.23268008 0.27924678 0.33826399 -0.87847346 0.49119437 0.43196231 0.00600418 0.39290243 0.42966679 -0.00570703 0.53803217 0.49395809 -0.62504405 0.35663059 0.49713552 -0.62683713 0.56027222 0.61599267 -0.52880454 0.33825788 0.61901969 -0.47409147
0.54180062 0.33511782 -0.41080007 0.36334723 0.32695991 -0.39720324 0.5689171 0.40003636 -0.7153284 0.30109337 0.39050812 -0.6230126 0.61718386 0.35588092 -1.24721301 0.27861342 0.33577827 -1.01727462 0.49114266 0.43089724 0.00639792 0.39297259 0.4286229 -0.00611245 0.53809845 0.49299759 -0.65299988 0.35629219 0.49685353 -0.65094799 0.56025755 0.6159938 -0.53061801 0.33803874 0.61898875 -0.49016514
0.54356349 0.33214837 -0.40601107 0.36440006 0.32334748 -0.38317335 0.56847608 0.39864063 -0.71561235 0.3006385 0.38883188 -0.61982095 0.61715019 0.35199463 -1.23500466 0.27852249 0.33023253 -1.01975691 0.4911719 0.43107146 0.00790374 0.39265114 0.42840841 -0.00762505 0.53834224 0.49342597 -0.65350044 0.35638064 0.49704775 -0.66311926 0.56025213 0.61603314 -0.5136829 0.33803871 0.61897105 -0.48555896
0.54368383 0.33091018 -0.35160378 0.36463612 0.32057628 -0.3399727 0.56830728 0.39675361 -0.66320419 0.30064011 0.3869108 -0.56877494 0.61697781 0.34849963 -1.18721735 0.27858707 0.32814771 -0.94081283 0.49095148 0.43058303 0.00797349 0.39224753 0.4279578 -0.00768446 0.5390048 0.49371782 -0.63737679 0.35601094 0.49693021 -0.65107667 0.56023467 0.61604136 -0.4706485 0.3380824 0.61890543 -0.46518856
0.54383206 0.32717007 -0.32530883 0.36469775 0.31718537 -0.31716424 0.56771576 0.39406589 -0.6421898 0.30065465 0.38420644 -0.51920211 0.61325049 0.34489548 -1.17790437 0.27859882 0.32295561 -0.88312107 0.4909955 0.42914608 0.00793696 0.39222938 0.42655852 -0.00764899 0.54305935 0.49511528 -0.62764233 0.35370779 0.49757117 -0.64610386 0.56022996 0.61605877 -0.44542584 0.33826661 0.61883628 -0.44488239
0.54515576 0.32334274 -0.33331448 0.36468202 0.31326863 -0.33728763 0.56938314 0.39359829 -0.6380567 0.30069602 0.38249525 -0.54650092 0.61257225 0.3394922 -1.16730928 0.27890396 0.32011795 -0.95557159 0.49103954 0.42761585 0.00791242 0.39219376 0.42483383 -0.00762336 0.54734856 0.49647066 -0.63172412 0.3516385 0.49982181 -0.64206934 0.56027412 0.61611569 -0.41103852 0.33835354 0.61875713 -0.40178448
0.54591405 0.31836495 -0.3433522 0.36403388 0.30934206 -0.35066494 0.57069623 0.39186651 -0.63709158 0.30054188 0.37979671 -0.58832675 0.61261439 0.33786598 -1.14982522 0.2790204 0.31808051 -1.01966131 0.49111706 0.42616796 0.00863642 0.39178738 0.42364925 -0.00835277 0.55247319 0.49993771 -0.62655956 0.35078222 0.50236195 -0.65384823 0.56030762 0.61612248 -0.36777219 0.33839062 0.61868089 -0.38226846
0.54647541 0.31306264 -0.3305786 0.36394495 0.30475503 -0.34102407 0.5736078 0.38811538 -0.63509274 0.30105898 0.37609816 -0.60732609 0.61281651 0.33359262 -1.14021075 0.27905735 0.31318051 -1.08347309 0.49143022 0.42367572 0.00992799 0.39165601 0.42186484 -0.00968547 0.554465 0.49853197 -0.65040755 0.34994867 0.50301719 -0.65883505 0.56033033 0.61609226 -0.38844165 0.33843702 0.61867642 -0.38362351
0.54695708 0.30667597 -0.28587601 0.36384603 0.29960221 -0.2971631 0.57581019 0.38447496 -0.58150154 0.3021268 0.37386465 -0.59135258 0.61483479 0.33070868 -1.10899949 0.27956271 0.31166875 -1.04348111 0.4919042 0.42194125 0.0105957 0.39162061 0.42054898 -0.01037053 0.55702931 0.49577758 -0.64794105 0.34839982 0.50421607 -0.65495586 0.56048721 0.61607617 -0.38798025 0.33844376 0.61867487 -0.38302612
0.54783905 0.30113074 -0.25003737 0.36368528 0.29402608 -0.25665417 0.57695043 0.37994432 -0.54890859 0.30340481 0.37026411 -0.53466392 0.61678433 0.32277647 -1.05041349 0.27950543 0.30720201 -1.00580156 0.49280006 0.4209609 0.01105911 0.39160302 0.4196938 -0.01087129 0.56067854 0.49534938 -0.64277422 0.34745097 0.50434434 -0.65321541 0.5605762 0.61605948 -0.34458688 0.338469 0.61877114 -0.35809714
0.54866868 0.29580674 -0.22861022 0.36398515 0.28690746 -0.22970922 0.57758456 0.375934 -0.52067769 0.304737 0.36470312 -0.4921267 0.618334 0.31882551 -1.01846802 0.27950579 0.30008957 -0.97868055 0.49298671 0.41951594 0.01103488 0.39159468 0.41791174 -0.01086585 0.56354862 0.49468559 -0.60497904 0.3449879 0.50569224 -0.61742848 0.5606634 0.6159572 -0.30942395 0.33842555 0.61877096 -0.3088347 
0.55012816 0.29078886 -0.23228475 0.36459205 0.28099602 -0.23425803 0.57813323 0.37262231 -0.52732331 0.3061766 0.35953438 -0.49598774 0.62062979 0.31434879 -1.03164709 0.27951625 0.29483384 -0.98735207 0.49328405 0.41679525 0.01115855 0.39156589 0.41447055 -0.01103161 0.56618589 0.49421039 -0.59245902 0.34383443 0.50599873 -0.60393983 0.5607608 0.61565763 -0.28840521 0.33839968 0.6189304 -0.29037288
0.55098027 0.28290549 -0.2081971 0.36462361 0.27411619 -0.2149609 0.57802874 0.36811432 -0.49360284 0.30662721 0.3553257 -0.46343872 0.62042618 0.30935061 -1.01210952 0.27848187 0.28887299 -0.97013742 0.49329296 0.41232887 0.01130324 0.39151433 0.40997201 -0.01123828 0.56827581 0.49409682 -0.53550041 0.3432323 0.50694162 -0.52021176 0.56081563 0.61551231 -0.22575366 0.33839944 0.61891991 -0.20859841
0.55104756 0.27420333 -0.21637721 0.36441198 0.26688945 -0.23058757 0.57800394 0.36173207 -0.49252862 0.30793908 0.35106838 -0.47807992 0.61968726 0.30593517 -1.02478695 0.27849323 0.28591868 -0.98231053 0.49308318 0.40698165 0.0116287 0.39136955 0.4049964 -0.01165257 0.56937414 0.49413583 -0.50276911 0.34317687 0.50764185 -0.40709072 0.56113285 0.61539572 -0.1955938 0.33823684 0.61908448 -0.06614246
0.55099934 0.26516184 -0.17794298 0.36445862 0.25789231 -0.1975178 0.57713944 0.35436869 -0.43379223 0.3092722 0.3442806 -0.42233431 0.61759913 0.29347864 -0.96390665 0.27800778 0.27845624 -0.91587913 0.49271533 0.40226781 0.01243887 0.39131963 0.40043226 -0.01254692 0.57001346 0.49469224 -0.42349121 0.34342176 0.50756544 -0.37033322 0.56148416 0.6153844 -0.13450202 0.33824763 0.61920971 -0.06045043
0.55095124 0.25680941 -0.17829603 0.36459991 0.24937841 -0.20230824 0.57625365 0.34720775 -0.42364424 0.31165448 0.33579785 -0.42271289 0.61553156 0.28709522 -0.95739126 0.27721807 0.2717573 -0.9195047 0.49272132 0.39695817 0.01340506 0.39132938 0.39563105 -0.01356471 0.57001829 0.49528065 -0.34066814 0.34358516 0.50748998 -0.22315963 0.5618571 0.61510932 -0.06321767 0.33823687 0.61928421 0.09613979
0.55079097 0.24770877 -0.16977867 0.36480823 0.24054553 -0.19102404 0.57611465 0.34004381 -0.40820795 0.31381822 0.32879475 -0.4102436 0.61327285 0.28075826 -0.94198388 0.27729815 0.26451272 -0.91941923 0.49279854 0.39196676 0.01336518 0.39137357 0.39047259 -0.01351251 0.56921607 0.49528635 -0.30057824 0.34366363 0.50665301 -0.17305869 0.5623346 0.61462402 -0.04281777 0.3382453 0.61911285 0.13929443
0.55075485 0.23992935 -0.18466444 0.36471665 0.23298384 -0.20054066 0.57612008 0.3340109 -0.42348313 0.31487709 0.3224878 -0.42106062 0.61202598 0.27864882 -0.9575038 0.27854255 0.25874361 -0.93530571 0.49280423 0.38605866 0.01246816 0.39104721 0.38436794 -0.01267558 0.5682981 0.49568656 -0.21507306 0.34413016 0.50559461 -0.13862312 0.56287098 0.61461198 0.05929553 0.33820683 0.61911988 0.15525475
0.55076838 0.2316298 -0.16113909 0.3662352 0.22324212 -0.15285833 0.57610703 0.32442057 -0.3914341 0.31850359 0.31313697 -0.35085344 0.6111933 0.27299753 -0.93390709 0.28122288 0.25009668 -0.89694649 0.49272394 0.37997389 0.00807899 0.3907702 0.37806129 -0.00830203 0.56384498 0.49623924 -0.11173701 0.34629741 0.50412095 -0.110505 0.56286657 0.61470073 0.15733723 0.3380892 0.61912739 0.16408999
0.5507744 0.22509107 -0.08232189 0.36564648 0.21734378 -0.06506553 0.57664567 0.31892824 -0.3016327 0.31926182 0.30702093 -0.25431776 0.61121529 0.26545745 -0.83560562 0.28254172 0.24572666 -0.78349966 0.49318892 0.37420797 0.00711824 0.39064136 0.37220037 -0.00739334 0.55323327 0.49579105 -0.03632422 0.35057563 0.50298494 -0.06549159 0.56287056 0.61489064 0.25428155 0.33797476 0.61879635 0.23594777
0.55076152 0.21666139 -0.07292795 0.3635667 0.21097571 -0.06178356 0.57669961 0.31223708 -0.30423433 0.32027316 0.30045858 -0.26366657 0.61122304 0.25747854 -0.83825028 0.28246918 0.24105215 -0.80709893 0.49414814 0.37288526 0.00655981 0.39025283 0.37179884 -0.00683671 0.54771292 0.49702361 0.02797834 0.35312012 0.50235379 -0.04290025 0.56320888 0.61546057 0.33380997 0.33778039 0.61872667 0.25609785
0.54949862 0.21319063 -0.02748053 0.36018401 0.20716026 -0.03267844 0.57672346 0.30552885 -0.25186339 0.3197493 0.29767951 -0.22701523 0.6124 0.25041443 -0.77565789 0.28294384 0.2338421 -0.74796432 0.49552777 0.36956772 0.00721407 0.39033934 0.36962768 -0.0075213 0.54285097 0.49720421 0.06129513 0.36013272 0.50197148 -0.02105793 0.56321514 0.61560076 0.33370855 0.33783236 0.61874557 0.23462352
0.54887944 0.20942901 -0.00095974 0.35602379 0.20260365 -0.00371193 0.57715535 0.3013835 -0.21667376 0.31936184 0.29326111 -0.18755457 0.61262637 0.24530248 -0.73689961 0.2813125 0.23166916 -0.71471286 0.49750051 0.36718476 0.00738478 0.39136991 0.36769193 -0.00767992 0.53892297 0.49549377 0.08060375 0.36305028 0.50093722 -0.02534622 0.56318218 0.6147598 0.35938889 0.33769137 0.61870903 0.22815415
0.54849494 0.20742065 0.06848168 0.35540417 0.19934718 0.05815332 0.57581776 0.29793385 -0.13668755 0.32222828 0.28966334 -0.12476787 0.61244661 0.24443881 -0.63289231 0.28120396 0.23149914 -0.65055972 0.49877438 0.3647851 0.01102121 0.39206058 0.36595428 -0.01113415 0.53786474 0.49406064 0.04743401 0.36309302 0.49971321 -0.05442677 0.56303465 0.61476129 0.28993911 0.33752578 0.61871123 0.18285748
0.54848433 0.20769413 0.06844825 0.35526288 0.19933812 0.06177428 0.56838065 0.29389006 -0.14614014 0.32437465 0.2861276 -0.13118513 0.61140031 0.24124351 -0.64056671 0.28285843 0.22907545 -0.66037595 0.4993017 0.36589101 0.01132694 0.39208853 0.36714256 -0.01141322 0.53857684 0.49427003 0.05084811 0.36389399 0.49936196 -0.0452268 0.56300974 0.6147607 0.29567477 0.33749127 0.61864322 0.19047208
0.54644769 0.20740536 0.12678203 0.35314706 0.19962078 0.10263738 0.5589323 0.29046735 -0.07931872 0.32889035 0.28041226 -0.08434039 0.60902983 0.23818515 -0.52219629 0.28382435 0.22834747 -0.56761652 0.49932155 0.36609775 0.0143079 0.39208636 0.36767671 -0.01426417 0.53794754 0.49435842 0.01812384 0.36469087 0.49941701 -0.06960438 0.56314772 0.61503875 0.23037487 0.33748785 0.61915392 0.16227593
0.54544538 0.20830141 0.10814337 0.35308149 0.20078143 0.08820982 0.55835587 0.28838935 -0.10449811 0.32803741 0.27337807 -0.1084274 0.6073153 0.23790322 -0.55734223 0.2893779 0.23107579 -0.59916198 0.49940088 0.36651883 0.01520998 0.39209402 0.36820728 -0.01513906 0.53764832 0.49438134 0.02621007 0.36474422 0.49949738 -0.06480769 0.56323481 0.61502934 0.23035459 0.33747885 0.61927807 0.14975893
0.54455888 0.20898433 0.12431871 0.35284173 0.20256755 0.11041631 0.55805635 0.28828302 -0.08578644 0.32785225 0.27186778 -0.08731394 0.60648495 0.23887365 -0.53075254 0.29215541 0.23129344 -0.57347322 0.49936852 0.36696225 0.01500814 0.39200869 0.36847162 -0.01490149 0.53750283 0.49443063 0.0155081 0.3643885 0.49953189 -0.06496827 0.56336427 0.6149475 0.21687165 0.33750361 0.61930978 0.14374708
0.54369819 0.20976573 0.10540578 0.35182449 0.20331112 0.1024308 0.55707461 0.28894556 -0.09884585 0.32430229 0.26754048 -0.1054616 0.60581708 0.24009746 -0.5284546 0.29130954 0.22602795 -0.59796959 0.4993476 0.36743453 0.00976318 0.39144063 0.36905593 -0.00961525 0.53663254 0.49446604 0.01880265 0.36427122 0.49955142 -0.04841122 0.56374806 0.61466187 0.21673831 0.33749309 0.61937702 0.14756773
0.54290175 0.21102037 0.07939514 0.35165548 0.20432867 0.07839244 0.55665684 0.28930557 -0.13408619 0.32193434 0.26705095 -0.13419349 0.60541612 0.24075444 -0.58491629 0.29024926 0.22578231 -0.63391107 0.49876398 0.36804214 0.00793437 0.39040262 0.3695741 -0.00779362 0.53577042 0.49447709 0.01598641 0.36408135 0.49956834 -0.04831873 0.5639447 0.61456484 0.21351032 0.33748877 0.6200825 0.14739275
0.54240143 0.21184106 0.07351213 0.35177726 0.20466924 0.07197101 0.55664951 0.28909963 -0.14642754 0.31821609 0.2644816 -0.14574094 0.60470414 0.24096908 -0.60524404 0.2871418 0.22450477 -0.64075357 0.49803925 0.36835977 0.0078452 0.38929626 0.36985102 -0.00771415 0.53516197 0.49450019 0.01636633 0.36342993 0.49956518 -0.05196283 0.56396371 0.61450791 0.21150462 0.33745775 0.62067115 0.14511558
0.54188162 0.21225159 0.07408839 0.35171422 0.20499614 0.0735573 0.55663532 0.28919956 -0.14868286 0.31159604 0.25751168 -0.15075725 0.60427302 0.24100542 -0.60418177 0.28410149 0.22364806 -0.64433956 0.49754724 0.36857265 0.00744087 0.38848394 0.37002295 -0.00731693 0.53460932 0.49464023 0.01653047 0.36278427 0.49958736 -0.0499962 0.56394732 0.61444801 0.20965531 0.33745453 0.6208654 0.14388129
0.54144537 0.21256213 0.0707121 0.35176045 0.20520487 0.07326479 0.55692148 0.28962418 -0.15035932 0.31203091 0.26310581 -0.14687829 0.60431141 0.24090867 -0.60364616 0.28255001 0.2240541 -0.65066218 0.49734554 0.36860606 0.00620253 0.38821152 0.3700611 -0.00609939 0.53425115 0.49473631 0.01660496 0.36252922 0.49960139 -0.04372025 0.56384039 0.61437708 0.21008152 0.33743423 0.62090939 0.14834173
0.54120189 0.2127452 0.07222267 0.35181206 0.20537397 0.07701156 0.55694181 0.29019079 -0.15037298 0.31297064 0.26603195 -0.1375273 0.60434204 0.24080361 -0.60535711 0.28123978 0.22444485 -0.64353114 0.49726459 0.36865416 0.00580858 0.38819844 0.37012672 -0.00572339 0.53413051 0.49498117 0.01823652 0.36240488 0.49977621 -0.04319447 0.5637334 0.6143859 0.21328996 0.33743182 0.62102699 0.15159351
0.5410552 0.21280082 0.0716254 0.35210401 0.20556395 0.08077396 0.55706424 0.29063925 -0.15047728 0.31588998 0.26944149 -0.12708959 0.60451496 0.24037357 -0.60623765 0.28048575 0.22402905 -0.6354332 0.49721059 0.3687121 0.00442528 0.38825414 0.37019643 -0.00435167 0.53417355 0.49533445 0.01714442 0.36230144 0.49993005 -0.03929553 0.56364459 0.61438918 0.21499202 0.33749345 0.62103754 0.15931404
0.54093945 0.21270639 0.07075221 0.35248286 0.20563118 0.08124804 0.55718309 0.29084033 -0.15076569 0.31775302 0.27096853 -0.12704265 0.60478354 0.24005798 -0.607324 0.28030327 0.22431085 -0.63875419 0.49717668 0.36871567 0.00362475 0.38830858 0.37021071 -0.00355902 0.534217 0.49562991 0.01625887 0.36221978 0.50001168 -0.03882302 0.56356364 0.61439234 0.21611148 0.33751452 0.62104511 0.16198741
0.54078948 0.21256872 0.07176218 0.35253361 0.20565586 0.07939616 0.55746067 0.29081288 -0.14794666 0.31879315 0.27132758 -0.13124385 0.60499191 0.23951881 -0.60055977 0.28068742 0.22462583 -0.64150327 0.49715135 0.36865106 0.00367071 0.38831645 0.37015706 -0.00360677 0.53417748 0.49571896 0.01629944 0.36216652 0.50002801 -0.04055097 0.56343281 0.61440009 0.217989 0.33751455 0.62105531 0.16180021
0.54040891 0.21239214 0.0744905 0.35255852 0.20569785 0.08382806 0.55754471 0.29083005 -0.14473183 0.31973359 0.27282771 -0.12409393 0.60520506 0.23899654 -0.59589654 0.28054798 0.22439891 -0.63462311 0.49712422 0.36858264 0.00297911 0.38833302 0.37010491 -0.00292088 0.53419745 0.49576753 0.01590933 0.36211762 0.500036 -0.03921718 0.56333125 0.61440057 0.21769483 0.33753473 0.62106824 0.16146746
0.54023767 0.21234034 0.07429945 0.35259363 0.20572618 0.08315214 0.55758512 0.29082015 -0.14597481 0.31993434 0.27314231 -0.12703718 0.60541165 0.23846413 -0.59928918 0.28021377 0.22405253 -0.63686627 0.49708059 0.36854932 0.00254016 0.38833964 0.37006414 -0.00248477 0.53420717 0.49579281 0.01505071 0.36206904 0.50004977 -0.03936408 0.56324315 0.61440665 0.21706386 0.3375304 0.62107587 0.16066618
0.54011267 0.21229707 0.07606424 0.35261342 0.20576268 0.08877731 0.55764937 0.29079399 -0.14394723 0.32046264 0.27427673 -0.12091036 0.60570365 0.23813958 -0.59696704 0.28008589 0.22383048 -0.6358633 0.49692276 0.3684786 0.00180437 0.38830265 0.36996746 -0.00174813 0.53420722 0.49579823 0.01443205 0.36189696 0.5000394 -0.03994085 0.56318474 0.6144163 0.21539959 0.33752933 0.62107855 0.1599029 
5.39943278e-01 2.12156102e-01 7.52901211e-02 3.52636009e-01 2.05791071e-01 9.06702131e-02 5.57913542e-01 2.90798634e-01 -1.42804414e-01 3.20738345e-01 2.75795192e-01 -1.16002560e-01 6.05911791e-01 2.37618983e-01 -5.89462817e-01 2.79570818e-01 2.23777816e-01 -6.31479204e-01 4.96904224e-01 3.68458122e-01 6.62866456e-04 3.88300568e-01 3.69909614e-01 -6.07498921e-04 5.34217179e-01 4.95828331e-01 1.38082616e-02 3.61543804e-01 5.00030756e-01 -3.73606160e-02 5.63161135e-01 6.14430308e-01 2.15707093e-01 3.37523311e-01 6.21049464e-01 1.64044172e-01
5.39785624e-01 2.12082550e-01 7.54937306e-02 3.52689087e-01 2.05811307e-01 9.43489820e-02 5.58108211e-01 2.90794224e-01 -1.40459642e-01 3.21384341e-01 2.76840985e-01 -1.09160505e-01 6.05968058e-01 2.37504944e-01 -5.83869874e-01 2.79559284e-01 2.23766297e-01 -6.24705017e-01 4.96895105e-01 3.68405253e-01 -4.48238396e-04 3.88302296e-01 3.69809359e-01 5.10655984e-04 5.34199655e-01 4.95834976e-01 1.36478897e-02 3.61343503e-01 4.99979705e-01 -3.59710641e-02 5.63147962e-01 6.14451408e-01 2.15665877e-01 3.37523252e-01 6.21053815e-01 1.64475545e-01
