0.42940775 0.31387043 0.41073143 0.42264503 0.30195487 -0.22158 0.34032258 0.37571564 0.57728302 0.29609945 0.35322782 -0.49362719 0.35739651 0.39569581 0.5667811 0.35239735 0.28222206 -0.72659314 0.3058283 0.4785367 0.22467409 0.28595364 0.47522101 -0.22444983 0.28945845 0.6036303 0.51094127 0.26071152 0.61671269 -0.37443897 0.28629419 0.70897442 0.7596103 0.25556481 0.78756696 -0.61880964
0.429423 0.31464833 0.41322777 0.42256126 0.30198184 -0.2109258 0.34430742 0.37704435 0.58674526 0.29714543 0.35272703 -0.48589715 0.35267285 0.39811462 0.57216334 0.3535181 0.28227255 -0.73015749 0.30516562 0.47855622 0.22449018 0.2850329 0.47527888 -0.22427447 0.28942236 0.60315633 0.50955778 0.2608695 0.6162414 -0.37439638 0.28572708 0.70895374 0.75746548 0.2555781 0.78704244 -0.61691254
0.42949906 0.31601545 0.4175638 0.42193609 0.30208933 -0.20750007 0.35804933 0.38275161 0.59148437 0.29733837 0.35298616 -0.48217389 0.3513869 0.40310991 0.57569396 0.35355279 0.282823 -0.73381305 0.30513442 0.47857177 0.22434521 0.28430337 0.47524774 -0.22414057 0.2890299 0.60299259 0.50769222 0.26081276 0.61593437 -0.37629145 0.28542253 0.70897967 0.75060004 0.25558758 0.78688526 -0.62214011
0.42963377 0.3173835 0.42284015 0.42167449 0.30211154 -0.20611775 0.36288753 0.38851398 0.59045517 0.29756811 0.35333222 -0.48251474 0.34955764 0.41280645 0.55985403 0.35349274 0.28343332 -0.73634589 0.30493137 0.47857922 0.22430493 0.28386128 0.47524542 -0.22410862 0.28876522 0.60299009 0.50153106 0.26066062 0.61591834 -0.37856239 0.28554907 0.70959586 0.73984057 0.25559929 0.78684169 -0.62718821
0.42967045 0.31796789 0.42561278 0.42159739 0.30216455 -0.19383095 0.36189467 0.38718668 0.59409279 0.29855925 0.35389635 -0.46593636 0.34937197 0.40761456 0.56033641 0.35346258 0.28376576 -0.72368377 0.30449665 0.47847757 0.22369032 0.28298408 0.47501504 -0.22350153 0.28847206 0.60307586 0.4879286 0.26057434 0.61598724 -0.3783842 0.28565347 0.71012741 0.70802933 0.2556572 0.78683716 -0.62443876
0.42969418 0.3187198 0.42560959 0.42115617 0.30223587 -0.19662669 0.36118585 0.3869963 0.59251785 0.2986367 0.3542586 -0.46902651 0.34847057 0.41181707 0.5498361 0.35341734 0.28425732 -0.7278235 0.30413246 0.47848451 0.22362092 0.2821508 0.47500387 -0.22343768 0.2882998 0.60321105 0.48666054 0.26051682 0.61604351 -0.37861282 0.28572935 0.71030211 0.709319 0.25567603 0.78683227 -0.62472177
0.42973784 0.31955069 0.42946288 0.42115653 0.30245593 -0.20024905 0.36045218 0.38686615 0.59288198 0.29890558 0.35439238 -0.47386488 0.34867901 0.41753653 0.55374426 0.35337961 0.28465822 -0.74082917 0.30362239 0.47849056 0.22391808 0.28185016 0.47501665 -0.22374444 0.28809875 0.60322654 0.48688161 0.26052278 0.61609519 -0.3817907 0.28581312 0.71018189 0.71183723 0.25571907 0.78685153 -0.63021821
0.42979941 0.3201175 0.42615241 0.42144394 0.30305949 -0.19863924 0.36273423 0.39136666 0.58083236 0.29907447 0.3544203 -0.46911299 0.34598175 0.4184157 0.5333091 0.35354695 0.28466651 -0.73838705 0.30353954 0.47845745 0.22307631 0.28171915 0.47498113 -0.22292396 0.28812012 0.60295331 0.48173833 0.26049167 0.61613286 -0.38240761 0.28548408 0.71025586 0.70832109 0.25573102 0.78697407 -0.63292885
0.42983025 0.3207545 0.44253743 0.42154178 0.30318341 -0.19576754 0.35916522 0.39066747 0.59626502 0.29866827 0.35446075 -0.46836501 0.34555691 0.4250575 0.53972977 0.35337806 0.2846722 -0.73864466 0.30279621 0.47843444 0.2239587 0.28158867 0.47498477 -0.22383453 0.28789166 0.60310775 0.48182559 0.26036546 0.61623406 -0.38598454 0.28522959 0.71073467 0.709108 0.25577658 0.78742427 -0.63919991
0.42994198 0.32122228 0.44587219 0.42166552 0.30321273 -0.19411089 0.35797381 0.3900156 0.59975213 0.29856864 0.35447559 -0.4670305 0.34578079 0.42601842 0.54619884 0.3527061 0.2849102 -0.73868799 0.30257908 0.47835928 0.22438554 0.28124371 0.47470266 -0.22427367 0.28757301 0.60324341 0.48070949 0.26027513 0.61592311 -0.38616094 0.28525749 0.711748 0.708655 0.25578776 0.78727877 -0.63641924
0.43010294 0.32153112 0.45347112 0.42167211 0.30323347 -0.18762448 0.35700491 0.38932139 0.60146952 0.29821035 0.35457259 -0.45782742 0.34256443 0.42851937 0.54450071 0.35235673 0.28542191 -0.72817242 0.30251086 0.47834104 0.22480817 0.28039744 0.47445518 -0.22470771 0.28742397 0.60318553 0.48121417 0.26027811 0.61560047 -0.38756579 0.28525805 0.71161294 0.71200031 0.25578487 0.78620964 -0.6398468 
0.43012008 0.32195821 0.46923223 0.42171532 0.30329493 -0.18455431 0.3551622 0.38843158 0.61052805 0.29852721 0.35415706 -0.46043032 0.34051913 0.43023023 0.54702377 0.3521072 0.28569135 -0.72947407 0.30155027 0.47842553 0.22723277 0.27969429 0.47445667 -0.22716552 0.28685462 0.6032725 0.48741099 0.25995862 0.6155827 -0.39079198 0.28535309 0.71159244 0.71918076 0.2557919 0.78621715 -0.64837706
0.43044144 0.32264435 0.46630517 0.42170051 0.30340549 -0.18330279 0.36222655 0.39358577 0.61564052 0.29860839 0.3544648 -0.45871896 0.34089172 0.4291476 0.55538142 0.35209423 0.28572479 -0.72517407 0.30154583 0.47854415 0.22736691 0.27902839 0.47444341 -0.22730248 0.28681889 0.60327655 0.48947889 0.25962317 0.61558479 -0.3928704 0.28533641 0.71148175 0.72311556 0.25577986 0.78588766 -0.65600711
0.43081775 0.32420963 0.46154341 0.42161041 0.30373937 -0.18493979 0.36418766 0.39675039 0.61365598 0.29981551 0.35359186 -0.46878189 0.34064859 0.43211716 0.55593938 0.35212633 0.2857011 -0.74206007 0.30150285 0.47908315 0.22763368 0.27820694 0.47456276 -0.2275676 0.28682706 0.60331351 0.48944759 0.25957081 0.61564463 -0.39288032 0.28511339 0.71131301 0.72303212 0.25562179 0.78548872 -0.65261966
0.43104243 0.32541752 0.46898562 0.42124334 0.30380672 -0.1852632 0.36519134 0.39846346 0.6212725 0.29979774 0.35320944 -0.46873373 0.34014386 0.43369111 0.56351697 0.35205698 0.28569689 -0.74202478 0.30147254 0.47927868 0.228469 0.27778319 0.47462815 -0.22841457 0.28683865 0.60330236 0.49259022 0.25936937 0.61564428 -0.39512977 0.28526005 0.71087801 0.73259246 0.25562525 0.78537631 -0.65750569
0.43129334 0.32637027 0.46659988 0.42100897 0.3038258 -0.18556198 0.36594346 0.39940503 0.62089616 0.29979423 0.35286433 -0.47393221 0.34030849 0.43407145 0.56583524 0.35186383 0.28572023 -0.75467199 0.30132258 0.47946975 0.22883226 0.27766582 0.47472179 -0.2287709 0.28676543 0.60330671 0.49212641 0.25923485 0.6156444 -0.39327964 0.2854493 0.71072382 0.73186392 0.25562462 0.78494197 -0.64525658
0.43154269 0.32684946 0.47864243 0.42099243 0.30394572 -0.17948742 0.36707783 0.39970675 0.64046711 0.29861382 0.35330337 -0.46511897 0.34155065 0.43286371 0.5941925 0.35166925 0.28572044 -0.75361013 0.30118203 0.47944498 0.22934985 0.27760965 0.47461209 -0.22930272 0.28673521 0.60329247 0.4926863 0.25915104 0.61559242 -0.39618361 0.28561205 0.71056694 0.73216265 0.25562716 0.7850365 -0.65537471
0.43186679 0.32713643 0.47785035 0.42102182 0.30402392 -0.17995352 0.36754739 0.4002417 0.63976288 0.29852465 0.35299569 -0.46373004 0.34166527 0.43312353 0.59443009 0.35132852 0.28572237 -0.75195366 0.30092776 0.47939837 0.22955652 0.27761182 0.47458556 -0.22951403 0.28673899 0.60321647 0.49309516 0.25914693 0.6155743 -0.39628589 0.28570366 0.71024597 0.73467928 0.25562578 0.78519291 -0.65569502
0.43211514 0.32712841 0.47469562 0.42136919 0.30433467 -0.18057062 0.36740968 0.39999953 0.63522524 0.29844293 0.35265642 -0.46553448 0.34141323 0.43264705 0.59158272 0.35123703 0.28568742 -0.7544328 0.30064115 0.47937548 0.22989646 0.2776216 0.47458953 -0.22985855 0.28673795 0.60311353 0.49499083 0.25907564 0.6155861 -0.39674774 0.28609994 0.71016687 0.73929065 0.25560957 0.78562587 -0.65552825
0.43242797 0.32705161 0.46170178 0.42157856 0.30465725 -0.1811405 0.36851856 0.3994993 0.62340426 0.29826611 0.35242459 -0.46473622 0.34187335 0.43020284 0.58219481 0.35120186 0.28542289 -0.75140005 0.30063364 0.47921294 0.22940756 0.27762082 0.47453019 -0.22936279 0.28673479 0.60309094 0.49269211 0.25906244 0.61555225 -0.39451736 0.28711295 0.71015561 0.73622853 0.25553006 0.78580385 -0.645863 
0.43252984 0.32689065 0.44503191 0.42167518 0.30481303 -0.19464129 0.36889979 0.39935219 0.60603553 0.2967779 0.35308078 -0.47494513 0.34305191 0.42641762 0.56213933 0.35119143 0.28538662 -0.75610679 0.3006272 0.47911349 0.22938325 0.27762225 0.47452956 -0.22933586 0.28664479 0.60302228 0.49521619 0.25905314 0.61548841 -0.39446953 0.2883158 0.70997465 0.74356461 0.25515395 0.78555191 -0.64385712
0.43278036 0.32678258 0.43617615 0.42162132 0.30492127 -0.20772609 0.36932981 0.39902556 0.59747809 0.296096 0.35358301 -0.4843547 0.34357402 0.42648125 0.55198514 0.35130554 0.28528795 -0.7605682 0.30061877 0.4791092 0.22939081 0.27761102 0.47457486 -0.22934242 0.28659481 0.60301661 0.49919429 0.25903159 0.61544597 -0.3937861 0.29002756 0.7099663 0.75296807 0.2551043 0.78555506 -0.63869965
0.43294901 0.32631126 0.43230096 0.42157155 0.30493838 -0.2105429 0.3692787 0.39688942 0.59803241 0.29500189 0.35313332 -0.48708591 0.34355384 0.41845563 0.55241966 0.35258022 0.28450426 -0.7601862 0.30069005 0.47894648 0.22962795 0.27761739 0.4745039 -0.22957923 0.2865696 0.60259777 0.51523602 0.25902754 0.6152966 -0.3944259 0.29096174 0.70942879 0.7811501 0.25508252 0.78559083 -0.64142996
0.43300986 0.32565981 0.43244863 0.42154261 0.30495197 -0.20897321 0.3691698 0.39666754 0.58860821 0.29412371 0.35298359 -0.48556665 0.34351319 0.41938838 0.53730434 0.35308796 0.28418925 -0.75716007 0.30062357 0.47851086 0.22959132 0.27760473 0.47424877 -0.22954258 0.28636241 0.60242993 0.51218617 0.25901574 0.61500525 -0.39426121 0.29105395 0.70942187 0.77041602 0.25489104 0.7856257 -0.64148295
0.4331046 0.32565978 0.42310733 0.42131472 0.30515623 -0.2119298 0.36824456 0.3966369 0.56591034 0.29327381 0.35286123 -0.48657408 0.34166926 0.4200125 0.50108778 0.35437083 0.28418639 -0.7549628 0.3004187 0.4785873 0.22952382 0.27760535 0.4744277 -0.22947203 0.28615803 0.60242873 0.51321512 0.25898385 0.61498028 -0.39034605 0.29089111 0.7093547 0.7719053 0.25458929 0.78566319 -0.63152158
0.4332673 0.32564658 0.42267853 0.42118749 0.30519491 -0.21164893 0.3679435 0.39661381 0.561737 0.29290432 0.35277086 -0.48591885 0.34110504 0.42011124 0.49335343 0.35505629 0.28418058 -0.75108802 0.30034441 0.47859129 0.22948897 0.27762434 0.4744643 -0.229436 0.28600374 0.60242766 0.51268697 0.2589567 0.61497873 -0.38840538 0.29059336 0.70927519 0.76891494 0.25439361 0.78583324 -0.62868881
0.43330669 0.32585758 0.41486079 0.42103463 0.30602172 -0.21785191 0.36775091 0.39600971 0.56606591 0.29186434 0.3541567 -0.49112272 0.34113899 0.41711825 0.50935256 0.35502517 0.28416771 -0.75344115 0.30031642 0.47893256 0.22948833 0.27741408 0.47487223 -0.22943467 0.28587469 0.60280043 0.51758301 0.25882983 0.61501342 -0.38753104 0.29058048 0.7092703 0.7814036 0.2543498 0.78586602 -0.62529629
0.4333674 0.32621479 0.40865755 0.42099914 0.30714384 -0.22250745 0.36769459 0.39654025 0.55972171 0.29196706 0.35404631 -0.49652156 0.33956942 0.42142284 0.5043571 0.35500404 0.28365722 -0.75930172 0.30031374 0.47898912 0.22918956 0.27721745 0.47499076 -0.22913601 0.28576964 0.60280997 0.51612067 0.25867346 0.61498797 -0.3832863 0.29064041 0.70913488 0.77825505 0.25435635 0.78587031 -0.61449939
0.43337986 0.32625431 0.4102163 0.42038655 0.30743435 -0.22049899 0.36790794 0.39660105 0.56048858 0.29205346 0.35402966 -0.49565554 0.33988878 0.423448 0.50433618 0.35500884 0.28290614 -0.75118744 0.3005026 0.47927535 0.2277867 0.27674204 0.47510749 -0.22773644 0.28542736 0.60310847 0.51566017 0.2582666 0.61499065 -0.38344643 0.29058653 0.70904166 0.77573162 0.2542356 0.78592283 -0.62040204
0.43339458 0.32624802 0.40855688 0.41961572 0.30743906 -0.22011057 0.36787555 0.396503 0.55834049 0.2919817 0.35518509 -0.48712191 0.33992857 0.42338431 0.50395364 0.35544404 0.28290775 -0.72372437 0.30092359 0.47969195 0.22647989 0.27638519 0.47525126 -0.22641471 0.28531608 0.60369563 0.50524509 0.25767171 0.61508262 -0.38264027 0.290582 0.70904058 0.75436676 0.25410271 0.78607374 -0.62150574
0.43347573 0.32640594 0.41105777 0.41905072 0.3074362 -0.2194943 0.36757275 0.39744636 0.56145203 0.29174694 0.35544267 -0.48846024 0.33822677 0.42800647 0.50658453 0.35632154 0.28287131 -0.72604662 0.30115196 0.48022893 0.22643967 0.27600303 0.47548771 -0.22637802 0.28532815 0.60369432 0.51273501 0.25718889 0.61514747 -0.38340977 0.29057837 0.70900309 0.77428895 0.25409684 0.78619492 -0.6264953 
0.43359274 0.32649148 0.40934619 0.41855723 0.30744424 -0.22369067 0.36754632 0.39761963 0.56164259 0.29176116 0.35496774 -0.49617779 0.33829328 0.42826864 0.50685394 0.35703492 0.28237107 -0.73865789 0.30128223 0.48053604 0.22645012 0.27576959 0.47571048 -0.22638829 0.2853252 0.60370946 0.52130169 0.25695586 0.6152733 -0.38345605 0.29070684 0.70894331 0.79019374 0.25408629 0.78620106 -0.62608391
0.43364224 0.32658488 0.41013923 0.41817918 0.30744657 -0.22521414 0.36759028 0.39759091 0.5624671 0.29177371 0.35488418 -0.49927577 0.33920464 0.42799652 0.50545728 0.3570205 0.28270176 -0.74396384 0.30148852 0.48092765 0.22687916 0.2754733 0.47588348 -0.22681071 0.28529257 0.60460895 0.52540094 0.25690442 0.61558205 -0.38532525 0.290723 0.70895141 0.79517716 0.25408536 0.78621757 -0.62928325
0.43384796 0.32656494 0.39606383 0.4179084 0.30743182 -0.23187262 0.36471838 0.38893542 0.55608857 0.29166621 0.3557038 -0.50484639 0.34359145 0.42444 0.50577259 0.35683349 0.28352886 -0.74603653 0.30180284 0.48125109 0.22617874 0.27523884 0.47609243 -0.22607824 0.28527871 0.60530418 0.51240009 0.25689933 0.61561304 -0.38131428 0.29072726 0.71109849 0.77040797 0.25413102 0.78620636 -0.61537933
0.43397951 0.32650524 0.39401346 0.41788191 0.30742845 -0.23286588 0.36221477 0.38550535 0.5567106 0.29163009 0.35605115 -0.50534618 0.34656644 0.42154032 0.50764543 0.35649121 0.28385735 -0.7473405 0.30188337 0.48137709 0.22588198 0.27516815 0.47622448 -0.2257652 0.28520373 0.60579777 0.50790024 0.25689408 0.61567348 -0.38042244 0.29076391 0.71236295 0.76167446 0.25416476 0.78621173 -0.61399728
0.4341234 0.32646969 0.3970103 0.41788313 0.30742449 -0.23137973 0.36021551 0.3841114 0.56137109 0.29146951 0.35629752 -0.5045445 0.34834763 0.41922495 0.52326238 0.35524496 0.2840462 -0.75375515 0.30194819 0.48135489 0.22588852 0.2751613 0.47623461 -0.22577156 0.28517345 0.60560358 0.51512307 0.2567198 0.61564195 -0.38347146 0.29096624 0.71224207 0.77483022 0.25416595 0.78624034 -0.62464631
0.43422192 0.32645458 0.39793634 0.41776988 0.30730894 -0.23051812 0.35974005 0.38383457 0.56243008 0.29144448 0.35674328 -0.50483763 0.34873277 0.41748774 0.52927727 0.35523686 0.28513935 -0.75377887 0.30202112 0.48135242 0.225796 0.27498552 0.47618976 -0.22567445 0.2850112 0.60559237 0.51516318 0.25664225 0.6153152 -0.38570285 0.29163724 0.71220452 0.77464783 0.25411183 0.78596443 -0.6282056 
0.43415293 0.32628825 0.39897627 0.41774014 0.30722994 -0.23044127 0.35890988 0.38211426 0.56684852 0.29077467 0.35805231 -0.50436527 0.35311916 0.39862126 0.54492754 0.35516211 0.28677753 -0.7492196 0.30187893 0.48146191 0.22631979 0.27496251 0.4764103 -0.22618224 0.28490123 0.6058138 0.51618743 0.25636828 0.61540508 -0.3861323 0.29181999 0.71232301 0.77445447 0.25408858 0.78596878 -0.62840873
0.43411124 0.32625374 0.39970848 0.41773716 0.30715615 -0.23018198 0.35848325 0.3815181 0.56783199 0.290719 0.35892436 -0.50425887 0.35596791 0.39535463 0.54286098 0.35519996 0.2884602 -0.74559921 0.30167481 0.48166719 0.22682144 0.27483356 0.47661507 -0.22667308 0.28474393 0.60581112 0.5196135 0.25606945 0.61544436 -0.39192677 0.29184094 0.71247303 0.77766144 0.25406149 0.7861656 -0.63760716
0.43404901 0.32597366 0.40298945 0.4179647 0.30702761 -0.22962889 0.35758847 0.38092098 0.57167709 0.29072207 0.35935059 -0.48090097 0.36499435 0.38131994 0.5482741 0.35519758 0.28899172 -0.65917009 0.30143967 0.48164096 0.22868118 0.27477521 0.47661635 -0.22850119 0.28471008 0.60580832 0.51697308 0.25596687 0.6154601 -0.40363413 0.29183632 0.71304703 0.76572323 0.25405851 0.78644079 -0.65558094
0.43395677 0.3258377 0.4127121 0.41815144 0.30687341 -0.22324322 0.35644278 0.38085848 0.57662636 0.29069009 0.35970086 -0.45729855 0.36846539 0.37903997 0.55135173 0.35520861 0.28930187 -0.61949128 0.30115899 0.48159397 0.22981089 0.27472654 0.47660449 -0.22961463 0.28456584 0.60580075 0.5145669 0.25578612 0.61550069 -0.41688111 0.2917482 0.71347052 0.7561962 0.25406882 0.78708786 -0.68034142
0.43392086 0.32569438 0.40650624 0.41819447 0.30685079 -0.22771601 0.35649997 0.3804208 0.55539626 0.29076412 0.3598676 -0.45074841 0.37840974 0.35821059 0.52976114 0.35519716 0.29017529 -0.56989509 0.30062437 0.48160982 0.22998853 0.27463168 0.47672942 -0.22978278 0.28427243 0.60577315 0.50868446 0.25554761 0.61550391 -0.41292524 0.29181591 0.7137031 0.74584317 0.25408763 0.78742486 -0.66930777
0.43323779 0.32473817 0.40521669 0.41854233 0.30684718 -0.22984645 0.35224339 0.3761043 0.4989762 0.29246423 0.35918278 -0.39989883 0.38375506 0.33878836 0.41667277 0.35519582 0.29175553 -0.39783189 0.29880863 0.48154783 0.23046622 0.27461588 0.47680494 -0.23025765 0.28393447 0.60572886 0.50844729 0.25521874 0.61551481 -0.41046888 0.29135555 0.71388561 0.74440604 0.2539531 0.78745937 -0.66440922
0.43305832 0.32470819 0.39842394 0.41878936 0.30698285 -0.23661356 0.35271564 0.3760027 0.50872225 0.29251847 0.35961914 -0.42691809 0.38322419 0.34583765 0.44690403 0.3551687 0.29191455 -0.50892204 0.29809147 0.48155075 0.23082051 0.27452722 0.47705334 -0.23060404 0.28357813 0.60568964 0.51731777 0.25510558 0.61556077 -0.41030249 0.29132241 0.71387172 0.76486695 0.25394234 0.78763479 -0.66157913
0.43209562 0.32314023 0.39886475 0.41923916 0.3069014 -0.23940246 0.34558657 0.37461901 0.5072481 0.29299358 0.35894805 -0.4334355 0.38294476 0.33856496 0.44803995 0.35466123 0.29180294 -0.49011734 0.29644257 0.48154396 0.23281328 0.27418509 0.47727412 -0.23261178 0.28344184 0.60568357 0.53341085 0.25455925 0.6157701 -0.40977877 0.29132849 0.71383286 0.79108053 0.2539354 0.78812128 -0.65989208
0.43111655 0.32178763 0.40045074 0.41964966 0.30676097 -0.23872098 0.34123531 0.3736943 0.51705253 0.29384807 0.35844067 -0.41637287 0.38100159 0.33949232 0.46316186 0.35439318 0.29170942 -0.4406949 0.29563308 0.48150572 0.23358686 0.2740939 0.47732505 -0.23338711 0.28323126 0.60567683 0.53126252 0.25415903 0.61589962 -0.40952644 0.29137596 0.71366107 0.7855655 0.25392726 0.78847635 -0.65882581
0.43047273 0.3214474 0.40603879 0.420398 0.3067309 -0.23694426 0.33657697 0.37337163 0.53366798 0.29426658 0.35802442 -0.39908648 0.37708512 0.3467378 0.49973556 0.35434663 0.29157782 -0.41618052 0.29526955 0.48150417 0.23400886 0.27406219 0.47736272 -0.23380259 0.28301761 0.6058408 0.52273595 0.25409573 0.61601925 -0.40909353 0.29139143 0.71376872 0.76101065 0.25385711 0.78854758 -0.65814674
0.42971641 0.32145908 0.40736386 0.42223236 0.30685556 -0.23568104 0.32871801 0.37385499 0.55466187 0.29582143 0.35791686 -0.40523389 0.35403895 0.36456046 0.52846014 0.35428101 0.29164276 -0.46164197 0.29403836 0.48151201 0.23415926 0.27388641 0.47757038 -0.23394816 0.28271893 0.60622144 0.50870663 0.25402641 0.61616731 -0.39119172 0.29163086 0.71392733 0.73994815 0.25392592 0.78853405 -0.62508327
0.42890289 0.32127506 0.40682474 0.42420846 0.3070778 -0.23535271 0.32361475 0.37415591 0.55375361 0.29750702 0.3578563 -0.3957158 0.34986895 0.36508235 0.52368873 0.35437608 0.29161391 -0.42139205 0.2926808 0.48151082 0.23431729 0.27378672 0.47781175 -0.23410162 0.28244078 0.60645705 0.50467217 0.25396797 0.61623847 -0.38533917 0.29216677 0.7138375 0.73567021 0.25398743 0.78852898 -0.62089336
0.42814434 0.32040247 0.42207715 0.42542887 0.30706987 -0.22772999 0.32585019 0.37293157 0.54007661 0.29867306 0.35768583 -0.33389512 0.35108116 0.34424296 0.47577849 0.35437757 0.29145256 -0.24098429 0.29157853 0.48138592 0.23590454 0.27376229 0.47782555 -0.23572217 0.28225836 0.60683841 0.50501144 0.25384411 0.6162551 -0.38489217 0.29217958 0.71389163 0.74028069 0.25362948 0.78796351 -0.62532991
0.4276692 0.31960428 0.4212366 0.42626795 0.30705529 -0.22156821 0.32302177 0.37114695 0.52228755 0.29901117 0.35754755 -0.32351732 0.3540557 0.33283916 0.45244527 0.35432288 0.29123384 -0.2298343 0.29110244 0.48132575 0.23586155 0.27375039 0.47786662 -0.23567915 0.28224221 0.60685337 0.50793678 0.25383189 0.6162436 -0.38253972 0.29216096 0.71379292 0.7460143 0.25277784 0.7858786 -0.62823552
0.42761454 0.31965792 0.42227489 0.42632294 0.30710506 -0.22187208 0.32492891 0.37148815 0.49309886 0.29897898 0.35754222 -0.34968597 0.35974684 0.33423573 0.38449857 0.35308489 0.29119557 -0.29717034 0.29060954 0.48118564 0.23731461 0.27359086 0.47786528 -0.23717606 0.28222081 0.60684854 0.51813877 0.25378612 0.61623996 -0.37688249 0.29213822 0.71306956 0.7621429 0.25235391 0.78239596 -0.61349261
0.42722946 0.31953636 0.4224807 0.42659739 0.30726823 -0.22231986 0.32601345 0.37164721 0.50440359 0.29912776 0.35754013 -0.36215544 0.36068738 0.33328578 0.42347291 0.35238138 0.29133895 -0.34448797 0.28920963 0.48093903 0.23844039 0.27354285 0.4779509 -0.23831953 0.28227264 0.60640872 0.52632785 0.25377029 0.61627162 -0.37757826 0.29201809 0.7125861 0.77728665 0.25274545 0.78302997 -0.62199819
0.42715004 0.31933638 0.41472423 0.42656097 0.30754989 -0.23328082 0.32404098 0.37134808 0.50953209 0.29902107 0.35757878 -0.37847111 0.36129525 0.33278322 0.42558259 0.35030675 0.29122767 -0.35435593 0.28897542 0.48045513 0.23896004 0.27310207 0.47792366 -0.23882692 0.2832244 0.60579073 0.52544439 0.25430572 0.61655384 -0.38324738 0.29203206 0.71228486 0.77476156 0.25299031 0.78348792 -0.63332522
0.42705631 0.3192403 0.4104332 0.42653936 0.30772054 -0.23855972 0.32340738 0.3711907 0.51241755 0.29890871 0.35760021 -0.37984544 0.36199191 0.33083928 0.43662071 0.34886968 0.29115668 -0.3637099 0.28877804 0.4803274 0.23912071 0.27269804 0.4779256 -0.23898451 0.28369743 0.60564101 0.52465189 0.25460103 0.61703283 -0.38450643 0.2920666 0.71191674 0.77399689 0.253241 0.78362155 -0.63429695
0.42705125 0.31885308 0.40058652 0.42591161 0.30757108 -0.24045178 0.32395336 0.37125117 0.49507701 0.29885289 0.35759911 -0.39822856 0.3647055 0.32913411 0.41510403 0.34782687 0.29079697 -0.39977816 0.28881085 0.48001501 0.23907886 0.26943001 0.47741362 -0.23894125 0.29052871 0.60539222 0.50514966 0.26467824 0.61699003 -0.38714468 0.29181194 0.71178085 0.74483663 0.25371692 0.78379327 -0.63609552
0.42686158 0.31851932 0.40531722 0.42574826 0.30749789 -0.23972024 0.32352486 0.37130976 0.49832046 0.29881361 0.35761154 -0.39776561 0.36483297 0.32869571 0.42876118 0.34712878 0.29060873 -0.39027247 0.28875974 0.47991115 0.24076654 0.26791939 0.47727558 -0.24062631 0.29345444 0.60535467 0.50198317 0.26804909 0.61703557 -0.39503199 0.29175258 0.71207279 0.74024993 0.25429782 0.7845242 -0.64918917
0.42767736 0.31855306 0.39525288 0.42376727 0.30749267 -0.24197413 0.33044934 0.3714101 0.54634798 0.29876146 0.35761186 -0.45580965 0.36976364 0.32864136 0.55723172 0.34825984 0.29041129 -0.55734998 0.29016876 0.47991306 0.24006458 0.26418886 0.47675973 -0.23989122 0.30093017 0.60425907 0.49227351 0.27547449 0.61692518 -0.41397941 0.29124859 0.71184057 0.73775083 0.255887 0.78439605 -0.67426002
0.42877805 0.32090035 0.37092295 0.42259726 0.30897176 -0.25694236 0.33240813 0.38124859 0.54371476 0.29366854 0.36587843 -0.52438194 0.36354792 0.37512788 0.51910621 0.34803978 0.29163843 -0.73699361 0.28802714 0.47990859 0.23743673 0.25545031 0.47674158 -0.23720525 0.31762558 0.60079807 0.48602957 0.29494464 0.61692613 -0.4267185 0.29151884 0.71073931 0.74033892 0.25880855 0.78098011 -0.67225355
0.42869192 0.32229772 0.35588354 0.42283878 0.31297693 -0.25550595 0.32940936 0.38032958 0.48968998 0.29310611 0.3683264 -0.48146555 0.36440548 0.35240844 0.45476803 0.34902588 0.29226771 -0.5807091 0.28168976 0.47989565 0.23570558 0.24746902 0.47674173 -0.23546723 0.33285898 0.59917086 0.48657051 0.30817276 0.61690098 -0.42259273 0.29554379 0.70774281 0.77362382 0.25940442 0.78134972 -0.66824424
0.42821383 0.32304257 0.35643643 0.42283145 0.31437549 -0.2535069 0.32910624 0.37968907 0.47172025 0.2926971 0.36923105 -0.46588227 0.368514 0.33311883 0.42244953 0.34882283 0.29343587 -0.53802544 0.27791891 0.47987825 0.23466021 0.24474508 0.476744 -0.23442434 0.33618024 0.59724116 0.4775824 0.31152752 0.61648017 -0.41109267 0.29901275 0.70525545 0.74298131 0.26020244 0.77772689 -0.63331056
0.42658535 0.32429942 0.36156243 0.4235101 0.31803563 -0.22672506 0.32389259 0.37963256 0.47011986 0.29396069 0.37029061 -0.45501751 0.36861658 0.32667351 0.42247799 0.3489413 0.29446334 -0.52331841 0.27245739 0.48035941 0.23122887 0.2413355 0.47719389 -0.23097454 0.34182504 0.59594089 0.45015049 0.31997758 0.61588353 -0.39732403 0.30363718 0.70517933 0.68400788 0.26038563 0.77822489 -0.61718661
0.42564619 0.32745087 0.34980264 0.42363548 0.32248232 -0.25174692 0.32387406 0.38312069 0.52228606 0.29819515 0.37630817 -0.51337349 0.34199223 0.36231369 0.56022453 0.35218155 0.29878205 -0.67194062 0.26699391 0.48129502 0.22648482 0.2356168 0.47847691 -0.22614272 0.34991542 0.59477776 0.41328865 0.3288286 0.6152879 -0.36946955 0.30742291 0.7052111 0.64172518 0.26075208 0.77864891 -0.53800821
0.4248513 0.33217487 0.29749104 0.42313755 0.32803112 -0.2716389 0.33561021 0.38374326 0.47989023 0.2973856 0.38018507 -0.54972667 0.36794737 0.34089929 0.5299139 0.35291457 0.30373955 -0.70666486 0.26187551 0.48478049 0.21997631 0.22816867 0.48273388 -0.2196082 0.35618535 0.59486896 0.37021011 0.33949605 0.61518407 -0.3496767 0.30976611 0.70540345 0.57493418 0.26071972 0.77889234 -0.46071106
0.42406103 0.34088007 0.29080281 0.42309907 0.3393383 -0.28553134 0.34199554 0.39519289 0.40366024 0.29416475 0.39513513 -0.56549281 0.37763557 0.34614909 0.36631143 0.35192969 0.31635052 -0.71503592 0.25551885 0.48793325 0.21872585 0.22173935 0.4894475 -0.21831962 0.37495691 0.59520274 0.35658637 0.36107334 0.61516994 -0.32930809 0.32033831 0.70535016 0.56249577 0.26140222 0.77911741 -0.39148691
0.42434338 0.34334642 0.31289497 0.42302665 0.33955091 -0.28694913 0.3410053 0.39883786 0.55645639 0.2917172 0.39466116 -0.59324205 0.37853292 0.34561512 0.70065147 0.3524009 0.31650981 -0.78905922 0.25586337 0.48885572 0.21968552 0.21981439 0.49037492 -0.21929185 0.37659165 0.59662467 0.35448337 0.36245921 0.61573178 -0.33451685 0.32092682 0.70541584 0.55084068 0.26147923 0.78126591 -0.38414654
0.42364192 0.35546142 0.32035145 0.42292243 0.35334474 -0.27768254 0.37065241 0.41218233 0.39721373 0.29088041 0.40521803 -0.55688274 0.39258072 0.35756573 0.29967853 0.35441923 0.32839739 -0.72482026 0.25345773 0.4973335 0.21971487 0.21839367 0.50116563 -0.21931773 0.38564822 0.60050964 0.3251839 0.37363774 0.61835939 -0.32568818 0.32432374 0.70667475 0.4841117 0.26221722 0.78330642 -0.38083562
0.42260781 0.36401638 0.32473499 0.42303547 0.36328089 -0.28397763 0.36838916 0.41966575 0.47072372 0.29095042 0.41372633 -0.6208117 0.38963023 0.36591753 0.5065462 0.35453436 0.33758691 -0.86612982 0.25135109 0.50349724 0.22671816 0.21842331 0.51070243 -0.22634223 0.39159322 0.60587925 0.33954373 0.3829079 0.62291431 -0.33179808 0.32812539 0.70876402 0.50659078 0.26461929 0.78376174 -0.36583707
0.42267501 0.36550033 0.39436302 0.42308122 0.3616901 -0.22215346 0.36167067 0.42139187 0.47349685 0.29163197 0.41512117 -0.61012948 0.38760266 0.36994031 0.42208892 0.35449246 0.33754194 -0.77077401 0.2474784 0.50453258 0.23346972 0.21670358 0.51056838 -0.23306777 0.39405259 0.6073882 0.34972939 0.38615814 0.62362152 -0.33181363 0.32696629 0.71381545 0.50940114 0.26891366 0.7837531 -0.39362785
0.42256376 0.37244639 0.37983665 0.42403966 0.36953911 -0.24684541 0.3703433 0.43073356 0.60700476 0.32524544 0.41214323 -0.65961367 0.394297 0.38252538 0.76673436 0.35577491 0.34736082 -0.97293043 0.24493143 0.50962019 0.23437713 0.2148767 0.51757109 -0.23393548 0.39940828 0.60980022 0.32665443 0.39302546 0.62445384 -0.33213556 0.32590276 0.7179473 0.46182391 0.26957455 0.78477496 -0.41131011
0.42211184 0.38155252 0.37114489 0.42401475 0.3774547 -0.24834637 0.37561992 0.44408247 0.5999555 0.34053975 0.41663489 -0.65592909 0.39775786 0.38992661 0.73471045 0.35948271 0.35555106 -0.96877778 0.24266168 0.51647866 0.23417918 0.21128091 0.52455586 -0.23377639 0.40464696 0.61197716 0.30871356 0.3984879 0.6259858 -0.33541951 0.32532492 0.72193307 0.42873567 0.27132562 0.78496987 -0.39045528
0.42204335 0.3898389 0.38501912 0.42503521 0.38605744 -0.24987875 0.36969519 0.44590077 0.67457914 0.34497112 0.42681912 -0.64762944 0.39661106 0.40000102 0.8720082 0.36162502 0.36583656 -0.93518984 0.23835909 0.5223515 0.23560572 0.20891774 0.53172195 -0.23513743 0.40912399 0.61483151 0.32340702 0.40458241 0.63045907 -0.33630595 0.32701141 0.72393596 0.45506883 0.27166474 0.78698426 -0.38724825
0.42187622 0.39922911 0.38507873 0.42604223 0.39363357 -0.25353912 0.34993589 0.45901066 0.67346472 0.34349394 0.4401004 -0.65303856 0.39625391 0.41670498 0.86165309 0.36128893 0.37694824 -0.96314132 0.23338199 0.52747411 0.235652 0.20645674 0.53782934 -0.23514104 0.41526794 0.61576939 0.33390716 0.41345465 0.63314027 -0.33607697 0.32913622 0.72316736 0.48429278 0.27505234 0.78688419 -0.35672206
0.42170525 0.41671169 0.3969956 0.42590058 0.41052487 -0.24460204 0.33539939 0.48152766 0.54855299 0.32532641 0.46222112 -0.60419565 0.39496371 0.42864072 0.52437937 0.35433188 0.39734164 -0.84898299 0.23023605 0.54227954 0.24010524 0.20065394 0.55218971 -0.23958528 0.42404589 0.62128866 0.323654 0.42317635 0.64190668 -0.36186278 0.32858363 0.72710335 0.43953028 0.27742475 0.78723353 -0.37538975
0.42315915 0.41880593 0.40479004 0.42603928 0.4118121 -0.27841073 0.33536902 0.48087767 0.68516809 0.32413173 0.46015918 -0.69811463 0.36814338 0.45695594 0.84439421 0.35129496 0.4006539 -1.05929124 0.23267859 0.54264522 0.24870156 0.20154028 0.55304694 -0.24807812 0.42936286 0.6227442 0.34375232 0.42421582 0.64437675 -0.39357221 0.3285113 0.72907382 0.50867009 0.27693743 0.79075599 -0.40163687
0.42426449 0.42731068 0.40567654 0.42593023 0.41993216 -0.27484924 0.33020619 0.48804834 0.64406377 0.30220199 0.47461006 -0.65808195 0.37081748 0.44691458 0.72961062 0.35136375 0.40697116 -0.96132189 0.23418824 0.54896384 0.24988487 0.19995263 0.55959988 -0.24922262 0.43493548 0.62515646 0.36914784 0.42859843 0.64769012 -0.40398791 0.32813904 0.72932225 0.55295604 0.27659994 0.79396832 -0.42929506
0.42626965 0.43505737 0.36505666 0.42583376 0.42791399 -0.32581308 0.33217156 0.49387667 0.67351276 0.30352536 0.4744516 -0.73673481 0.36348209 0.47405836 0.88192254 0.35194114 0.41759124 -1.0939225 0.2366084 0.5545882 0.24878761 0.19823727 0.56619734 -0.24820842 0.4409444 0.62821358 0.39695576 0.42917302 0.6500504 -0.41864258 0.32793048 0.7293638 0.60593277 0.27659646 0.79408169 -0.45174608
0.42749187 0.44719678 0.36704072 0.42245257 0.43623441 -0.32620123 0.33341238 0.50954974 0.64395893 0.30379793 0.48532718 -0.72427571 0.36572903 0.46829826 0.78920841 0.3520281 0.4263474 -1.05629373 0.23733659 0.56438631 0.25005376 0.19266246 0.57348841 -0.24939917 0.44459578 0.63072485 0.42502666 0.43205756 0.65117639 -0.45491299 0.32815811 0.72856438 0.63901329 0.2769039 0.79361123 -0.51145196
0.42757544 0.45816517 0.36760652 0.42274866 0.45529026 -0.31714612 0.33750975 0.53375369 0.33364385 0.30399317 0.50769246 -0.44879386 0.36716086 0.50298172 0.07683023 0.351946 0.46028683 -0.40679896 0.23653862 0.57447499 0.24834098 0.19179176 0.58656347 -0.24746642 0.44701314 0.63286942 0.49510357 0.43857354 0.65387177 -0.48217717 0.32919866 0.72803313 0.7276758 0.27981466 0.79322946 -0.55357778
0.42880592 0.46146142 0.36854887 0.42152691 0.45686868 -0.30867383 0.35196441 0.53521949 0.53721094 0.3069548 0.4991315 -0.54512268 0.363911 0.52095598 0.62757915 0.35378468 0.4553057 -0.71046448 0.23646909 0.57648951 0.2427516 0.18859515 0.58813757 -0.24182604 0.4492538 0.63471264 0.50999975 0.43637386 0.65402782 -0.48955289 0.33509162 0.72780681 0.75845575 0.27951142 0.79348862 -0.58263212
0.43027985 0.4703829 0.38679457 0.42158145 0.46533081 -0.28974146 0.35113639 0.54793721 0.41943884 0.31127959 0.51873255 -0.24647723 0.32569879 0.57102036 0.22826512 0.36876035 0.48995027 0.07376584 0.23506078 0.58533657 0.24135479 0.1871203 0.59386563 -0.24042387 0.4499234 0.63641667 0.49028167 0.44037715 0.65302277 -0.45952311 0.33440852 0.72812265 0.71725106 0.28233624 0.7932955 -0.53230047
0.43017662 0.47348148 0.3862721 0.42831075 0.47357002 -0.29958224 0.3433677 0.53766853 0.41858625 0.31284192 0.53074521 -0.22153102 0.32182491 0.56856275 0.25827569 0.35947791 0.53403348 0.13177477 0.23180778 0.58840358 0.24219419 0.18641725 0.59962261 -0.24144855 0.44641516 0.63554955 0.53478378 0.44247451 0.65274316 -0.45074704 0.33150142 0.73056239 0.77287191 0.28260645 0.79345471 -0.48661166
0.42942634 0.48785469 0.35876107 0.42891261 0.48999038 -0.31524402 0.34093007 0.55116051 0.37679181 0.32624891 0.54573804 -0.24155332 0.32849628 0.59653914 0.22976956 0.37220067 0.55273694 0.13998754 0.22814426 0.60486662 0.24211788 0.18579012 0.61571509 -0.2414303 0.44509366 0.63549763 0.53277856 0.44710743 0.65240079 -0.44858751 0.32944155 0.73472631 0.76426607 0.2830781 0.79333204 -0.42605072
0.42970359 0.49024311 0.35251504 0.428747 0.49368852 -0.29371953 0.34364668 0.55973554 0.3959564 0.31008285 0.54023051 -0.23441206 0.34650242 0.59452528 0.27934256 0.37046382 0.53377181 0.06540298 0.2287081 0.60347742 0.23637512 0.18482524 0.61699843 -0.23583718 0.44413301 0.63460654 0.51548702 0.44981226 0.65305299 -0.42700499 0.32957801 0.73523295 0.73027575 0.28731808 0.79296237 -0.38764343
0.42976579 0.50156003 0.3369008 0.42981106 0.5047366 -0.29189867 0.33211702 0.56153482 0.36671469 0.30992514 0.55466449 -0.20626944 0.35778806 0.61698097 0.22630365 0.36241698 0.56727046 0.14571103 0.22556689 0.61784333 0.22342584 0.18458755 0.63118851 -0.22317167 0.44345486 0.63471466 0.4989199 0.45362735 0.6552583 -0.35416958 0.32998264 0.73597646 0.71363962 0.28735331 0.79318434 -0.26148468
0.4297522 0.50320208 0.3390395 0.42967826 0.50202352 -0.2684491 0.35546577 0.58502662 0.35767949 0.31036839 0.54286802 -0.29252803 0.34922504 0.63462681 0.2027373 0.34869143 0.54621732 -0.12296458 0.22249237 0.61930686 0.21990615 0.18218988 0.63084292 -0.21967308 0.44065985 0.63439715 0.50890499 0.4513208 0.65474063 -0.37195274 0.33241311 0.73489374 0.71070433 0.28630432 0.79335433 -0.32635757
0.42972293 0.50768965 0.3186191 0.43034163 0.50834078 -0.27188548 0.35643387 0.58944327 0.33045518 0.30856553 0.55102503 -0.29997936 0.34599242 0.6376096 0.17656648 0.32984489 0.56668895 -0.12660316 0.22007458 0.62587351 0.2153583 0.18288617 0.63729936 -0.21515638 0.4382416 0.63557887 0.499515 0.45038694 0.65455341 -0.32535535 0.33087334 0.7346248 0.67528188 0.28764391 0.7932719 -0.21724497
0.43006694 0.51720899 0.28039113 0.42654318 0.50927752 -0.2668148 0.3668837 0.60297137 0.31600243 0.3505697 0.54781026 -0.54486549 0.3449074 0.65769362 0.20605662 0.44534153 0.54313266 -0.64668459 0.21592064 0.63595539 0.2070687 0.182897 0.64281648 -0.20676064 0.43832248 0.63813561 0.46737337 0.45210961 0.65428978 -0.28052136 0.32452661 0.73428994 0.61344683 0.28972656 0.78996223 -0.16719024
0.42986119 0.52008784 0.28962526 0.42500374 0.51482898 -0.26903388 0.37377974 0.62144971 0.31199312 0.34424323 0.55795795 -0.45970142 0.34600791 0.69107878 0.17664693 0.41100174 0.57207572 -0.43993464 0.21107589 0.63840371 0.20725547 0.17693092 0.64727461 -0.20704301 0.43827519 0.63858509 0.45071712 0.45333317 0.65610343 -0.27621162 0.32428145 0.73408478 0.58684325 0.28931224 0.79189813 -0.13711852
0.42982778 0.52666664 0.27804953 0.42517173 0.5269388 -0.29586142 0.37142384 0.63857991 0.29281044 0.36134452 0.58602321 -0.42994848 0.34894678 0.71272206 0.15646455 0.42516601 0.60927463 -0.26529214 0.20923573 0.64560634 0.20755725 0.17615922 0.65509868 -0.20737171 0.43946648 0.64296615 0.43516263 0.45525125 0.65681714 -0.27817109 0.32277915 0.73802161 0.57530522 0.28900373 0.79177153 -0.09699107
0.43061128 0.53151006 0.28300628 0.42490384 0.52721095 -0.29421517 0.37580213 0.63858426 0.29235232 0.38459164 0.59646893 -0.42712307 0.35545117 0.71623957 0.1756683 0.46037972 0.62359607 -0.26868156 0.20857103 0.64943671 0.2042502 0.17324653 0.65489739 -0.20407651 0.4395889 0.64350742 0.42045486 0.45440605 0.6565274 -0.28130084 0.32317165 0.74085832 0.54359287 0.28957838 0.79029781 -0.12804693
0.43059045 0.53526044 0.28673998 0.42491424 0.53131938 -0.28208002 0.37348795 0.64124703 0.30788305 0.3878065 0.605353 -0.31048474 0.35536635 0.71147501 0.18634112 0.46107182 0.64022446 -0.06552928 0.20653507 0.65300369 0.2010491 0.17321101 0.65770847 -0.20090613 0.43969151 0.64564097 0.37703055 0.45368803 0.65639895 -0.25663269 0.32216617 0.74426746 0.46997532 0.28972682 0.78991616 -0.06087955
0.43077096 0.54198492 0.29077515 0.42535973 0.53357792 -0.26425976 0.36214089 0.62627786 0.30217937 0.37758118 0.59564948 -0.31629473 0.35175321 0.70696735 0.18935601 0.44220856 0.62797606 -0.25730574 0.20758344 0.65656668 0.1961163 0.1733018 0.66019356 -0.19591835 0.43893114 0.64782149 0.38432696 0.45364672 0.65621835 -0.26559576 0.32225388 0.74298215 0.48845565 0.29137805 0.78936011 -0.12936734
0.42975372 0.54445487 0.30000025 0.42306769 0.53340602 -0.26982176 0.36224684 0.64462966 0.31443635 0.37326229 0.61013508 -0.30800137 0.35015661 0.72419631 0.20161664 0.43405432 0.66609073 -0.09651235 0.2053638 0.6616717 0.19764473 0.17352346 0.65940195 -0.19746 0.43891484 0.64991361 0.32912603 0.45390993 0.65497237 -0.23070988 0.31958354 0.750732 0.41018912 0.29301155 0.78789866 -0.02606957
0.42960167 0.54631144 0.31374103 0.42184517 0.53325528 -0.24833944 0.36144635 0.63896215 0.31871867 0.36883554 0.60175431 -0.30012238 0.34186175 0.70619267 0.19224229 0.43055415 0.6422205 -0.1228959 0.20523982 0.66275692 0.19638233 0.17293255 0.65750378 -0.19622025 0.43889722 0.65490758 0.31348285 0.45488334 0.6544888 -0.21795142 0.31336078 0.7567631 0.36388254 0.29281253 0.78725427 -0.03327164
0.43009374 0.54410672 0.32383806 0.42175406 0.53300512 -0.24116504 0.37099522 0.64037532 0.32065153 0.38884929 0.59629315 -0.32227409 0.34845427 0.71544474 0.19962178 0.48403168 0.62672251 -0.1532366 0.20565021 0.66022909 0.19750556 0.17280015 0.65751958 -0.19732542 0.44099677 0.65286422 0.33579159 0.45491242 0.6544618 -0.22276101 0.31442946 0.75355113 0.39232597 0.29272655 0.78733474 -0.05663766
0.43085337 0.54191011 0.3319259 0.42195797 0.53251833 -0.245434 0.37410924 0.63509095 0.32165655 0.39044869 0.5937742 -0.32478818 0.35034883 0.70785975 0.20294319 0.47566968 0.61955941 -0.13446072 0.20594543 0.65757334 0.19892414 0.17305556 0.65716636 -0.19871314 0.4421525 0.65170348 0.34646314 0.45485449 0.65433377 -0.23544051 0.31523165 0.75194508 0.41363233 0.29277441 0.78727287 -0.0719447 
0.43202049 0.53997499 0.33065519 0.4197762 0.5302552 -0.24096069 0.37423816 0.63175082 0.32545391 0.41085735 0.56652248 -0.40395436 0.35035914 0.70710903 0.2163734 0.53548592 0.57538682 -0.30092815 0.20618735 0.65534037 0.19955344 0.1704952 0.65579331 -0.19933797 0.44563812 0.6509887 0.35572127 0.45507059 0.6543389 -0.23730157 0.31574699 0.74908322 0.43486381 0.29270709 0.78708285 -0.0710647 
0.4326607 0.53845561 0.3096458 0.42213565 0.52894586 -0.24430236 0.37369096 0.62458426 0.28954902 0.40465912 0.56911212 -0.40600473 0.35188255 0.68528229 0.15325221 0.49909538 0.58248436 -0.32988957 0.20627558 0.65484607 0.19951794 0.17055735 0.65497625 -0.19927132 0.44757921 0.65062648 0.35795692 0.45499912 0.65459985 -0.23527947 0.3208625 0.74142796 0.44739479 0.29265186 0.78734165 -0.08036993
0.43258706 0.52945077 0.32332978 0.43224797 0.5285849 -0.22014321 0.36861864 0.59662271 0.31357792 0.37023211 0.55469346 -0.39448413 0.35568547 0.63748592 0.19962627 0.40787432 0.55839413 -0.36608434 0.20509806 0.65258896 0.19962585 0.17600901 0.65492785 -0.19936341 0.44276667 0.64975733 0.35895649 0.45556337 0.65444499 -0.24023175 0.32091576 0.74054241 0.4506292 0.29327852 0.78722125 -0.14509253
0.4327009 0.52440357 0.32096773 0.43156427 0.52368045 -0.26082718 0.37121421 0.60330611 0.31631392 0.37437406 0.56060618 -0.32593417 0.35987943 0.65636218 0.19698992 0.44825509 0.5710603 -0.05971242 0.20551431 0.64632118 0.20386207 0.1760983 0.65162164 -0.20359549 0.44275361 0.6450907 0.39870706 0.45639387 0.65429872 -0.24108864 0.32203159 0.73683673 0.50623643 0.29340389 0.78730506 -0.13771361
0.43268564 0.51856005 0.31456721 0.43141082 0.52013135 -0.29275158 0.35988647 0.59002858 0.31705239 0.35347989 0.5642277 -0.25008288 0.35460544 0.63290691 0.17592315 0.40982783 0.5671761 0.12849841 0.20667663 0.63892812 0.2095685 0.17424673 0.64686465 -0.20932281 0.44331789 0.63920158 0.43155614 0.45621431 0.65418309 -0.29293522 0.32730216 0.73180938 0.56581712 0.29328293 0.7874583 -0.19504212
0.43270046 0.51272553 0.33995485 0.43083921 0.51400346 -0.30403006 0.35238642 0.5798291 0.35063308 0.35320199 0.56586593 -0.23900031 0.35005665 0.61860538 0.20872229 0.40945926 0.57186776 0.15598491 0.20731433 0.63135535 0.22752081 0.17225806 0.63913947 -0.22728765 0.44335586 0.63587952 0.49601436 0.45465019 0.65369976 -0.34358934 0.32990855 0.7310428 0.67831236 0.29246986 0.78780377 -0.28349385
0.43259406 0.50657839 0.33543259 0.42962217 0.50849569 -0.30042046 0.34278661 0.58067429 0.35423127 0.28600907 0.56480724 -0.20270538 0.36655006 0.60185999 0.23378924 0.39722088 0.55063283 0.22216211 0.20772658 0.62250417 0.22424611 0.1689318 0.63043302 -0.22400083 0.44179943 0.63337648 0.47066447 0.45038033 0.65363133 -0.34119841 0.32989824 0.72605157 0.61747903 0.29078081 0.78807414 -0.34723109
0.43052045 0.49858847 0.34064791 0.42944652 0.5018689 -0.30142644 0.3367379 0.5800994 0.35061637 0.27738076 0.55886596 -0.22763342 0.36653185 0.59544867 0.18428239 0.37438923 0.52927679 0.1507293 0.20770802 0.61308163 0.23104312 0.16787747 0.62306309 -0.23079596 0.43669915 0.6288861 0.51187128 0.44563067 0.65294653 -0.39060211 0.33266228 0.72715479 0.70198405 0.29059771 0.78809053 -0.3916136 
0.43011752 0.49176365 0.31923047 0.42767701 0.49363551 -0.30086443 0.33302724 0.57420385 0.35161722 0.26412475 0.55155647 -0.23223762 0.35810885 0.59050715 0.24648698 0.34794852 0.5255785 0.11478854 0.20697479 0.60564798 0.22841665 0.16570099 0.61499554 -0.22820865 0.4327316 0.63011664 0.48414809 0.44083288 0.65252852 -0.36227232 0.3293457 0.7272827 0.65553761 0.28640887 0.78893495 -0.33264494
0.430085 0.48299068 0.32593116 0.42578116 0.48337439 -0.31976059 0.32627028 0.55904901 0.38295573 0.27669585 0.54382932 -0.21149588 0.34747109 0.56738836 0.29196283 0.36214542 0.53247553 0.23361948 0.20752521 0.5971604 0.23501588 0.1654245 0.60670495 -0.234899 0.43070579 0.62998921 0.51047879 0.4382813 0.65204436 -0.42433161 0.32969257 0.72820127 0.70657271 0.28403348 0.78896528 -0.43061301
0.42570564 0.47434965 0.39731345 0.42678058 0.47800252 -0.29195976 0.3297236 0.55151772 0.32108104 0.27962607 0.52423638 -0.17835329 0.36650756 0.533279 -0.00809491 0.36003265 0.49028131 0.26727617 0.20776571 0.59062093 0.2448523 0.16563249 0.60308427 -0.24464741 0.43023622 0.62995416 0.54881734 0.43793473 0.65196168 -0.47755963 0.32824546 0.72842669 0.78141654 0.28045508 0.79124618 -0.54270762
0.4251247 0.46720713 0.38754669 0.42768437 0.46940401 -0.2916359 0.33261374 0.5430696 0.31097382 0.30139169 0.52274579 -0.16447422 0.36593443 0.5333907 0.0255213 0.36597699 0.49887055 0.32545826 0.20782921 0.58377135 0.24368484 0.16569708 0.59665328 -0.24351716 0.42896086 0.62957686 0.52934825 0.43688089 0.65175754 -0.463631 0.3241148 0.72885096 0.74939257 0.27943176 0.79293215 -0.51923615
0.42425674 0.46154633 0.40793857 0.4277842 0.46258587 -0.27641502 0.33434004 0.53863275 0.25224513 0.30409038 0.51152581 -0.19456823 0.37089276 0.51001942 -0.14036156 0.36043996 0.45899737 0.22187455 0.20803201 0.57829851 0.24893494 0.16608803 0.59156692 -0.24856047 0.42939413 0.6293835 0.52278513 0.43602949 0.65164828 -0.49405438 0.32316247 0.72899783 0.72902417 0.27945477 0.79393095 -0.59262544
0.42580596 0.46109542 0.41391653 0.42706016 0.45660788 -0.25229648 0.33748654 0.54311001 0.2610606 0.30555403 0.50175625 -0.26532498 0.37303585 0.51790023 -0.09039692 0.36518356 0.44084361 0.00842504 0.20841885 0.57683504 0.24762364 0.166199 0.58608645 -0.24714078 0.4295634 0.62968951 0.51381904 0.43534088 0.65001935 -0.51449203 0.32075062 0.73287356 0.70028573 0.27973723 0.79399687 -0.61770642
0.42651185 0.45551518 0.41004002 0.42698434 0.44948152 -0.25740704 0.34322807 0.52867955 0.35485119 0.30604735 0.49260667 -0.40656191 0.38173485 0.49119955 0.13247572 0.35543969 0.43822834 -0.33667454 0.20873336 0.57279307 0.25031084 0.16662005 0.58166903 -0.24960123 0.42980227 0.62978226 0.50907022 0.43477923 0.6492455 -0.48940215 0.32078195 0.73288131 0.71911186 0.27994528 0.79438561 -0.56935018
0.42790127 0.45142397 0.41356841 0.42677987 0.44441265 -0.25957656 0.34736857 0.52652019 0.39331093 0.30706686 0.49266732 -0.47829998 0.38479805 0.48742327 0.18607803 0.34968048 0.43459466 -0.52301097 0.21273735 0.56873029 0.25263867 0.16794845 0.57668126 -0.25179046 0.42998049 0.62987041 0.54369551 0.43206802 0.64869779 -0.50461149 0.32381886 0.73211765 0.80491477 0.27847889 0.79476172 -0.59572613
0.4283748 0.44458297 0.40365797 0.42683762 0.44061849 -0.27925506 0.35541007 0.51908678 0.60824776 0.28054038 0.49505255 -0.60919142 0.40312472 0.47382179 0.73708206 0.34844887 0.42984283 -0.83067304 0.21446337 0.56304729 0.25127229 0.17039065 0.57261276 -0.25046843 0.42962947 0.62862873 0.53007561 0.43079546 0.64700991 -0.49409226 0.32307738 0.73209852 0.77067178 0.2777698 0.79467118 -0.57601583
0.42880809 0.43799061 0.4027122 0.42773107 0.43448931 -0.29807091 0.36220491 0.51422125 0.58887994 0.26941344 0.49369049 -0.62525886 0.41544357 0.46324077 0.68657738 0.34585252 0.42236611 -0.85937029 0.21649179 0.55683112 0.25172824 0.17312203 0.56691033 -0.25090897 0.42923307 0.62716705 0.54449135 0.42805198 0.6459524 -0.50911909 0.32701162 0.72806704 0.80607724 0.27638462 0.79478377 -0.61899203
0.42958182 0.43328574 0.4162111 0.42777193 0.42750141 -0.27272245 0.36287081 0.5077585 0.57599127 0.27445284 0.48489079 -0.51028132 0.41359079 0.45720387 0.35479701 0.34686974 0.4151502 -0.58592403 0.21806929 0.55222923 0.25180686 0.17505519 0.56070483 -0.25096512 0.42849877 0.62616622 0.53269148 0.42633346 0.64383465 -0.4970347 0.32289812 0.72891575 0.77081823 0.27585015 0.79476869 -0.61183745
0.43002027 0.42925021 0.40108502 0.42809591 0.4219771 -0.28194565 0.34628376 0.49411348 0.49703968 0.26890698 0.48181355 -0.54342109 0.41040337 0.45471716 0.28657812 0.34354514 0.40641963 -0.68184572 0.22084546 0.54745877 0.25128153 0.18091388 0.55613416 -0.25050247 0.42667153 0.62441742 0.5261268 0.42462185 0.64193481 -0.47148654 0.32537714 0.72706926 0.76402152 0.27597415 0.79448158 -0.58276093
0.43022296 0.42231581 0.39692062 0.42841789 0.41527766 -0.28160191 0.34297526 0.48745725 0.46010464 0.26533845 0.47801238 -0.57557553 0.4117845 0.45061192 0.34287709 0.34016746 0.40203863 -0.78234625 0.22524375 0.54100418 0.25090927 0.18463309 0.54929525 -0.2501485 0.42536518 0.62270695 0.46963748 0.42212495 0.64130539 -0.43214762 0.32534698 0.72617942 0.69402397 0.27595007 0.79282677 -0.52175879
0.43097773 0.4183529 0.38607106 0.42983219 0.40943459 -0.28006119 0.34310937 0.47876304 0.5862729 0.26680523 0.47015366 -0.61720592 0.41081586 0.44518963 0.69530123 0.33556619 0.39279461 -0.90524584 0.22844939 0.53723782 0.25040296 0.18881777 0.54469895 -0.24962537 0.4231506 0.62127244 0.44963688 0.41872466 0.63986176 -0.4388659 0.32661623 0.72540241 0.6525116 0.27489462 0.79276305 -0.54981744
0.43246233 0.41274774 0.39254946 0.4308351 0.40262365 -0.24096256 0.34190908 0.47644663 0.52417129 0.26778048 0.46360829 -0.56277245 0.40341079 0.44259968 0.52688718 0.33765474 0.38437417 -0.81955159 0.22933739 0.52995384 0.24715468 0.19230206 0.5379864 -0.24636157 0.41826653 0.61829281 0.44406348 0.41358286 0.63784921 -0.44130963 0.32691175 0.72024447 0.63975888 0.27497634 0.79190052 -0.58374393
0.43251428 0.40438381 0.38382983 0.43367174 0.39627728 -0.28324658 0.33709627 0.46576694 0.67368984 0.27333903 0.44854861 -0.67512929 0.37931606 0.44607979 0.89449322 0.33843192 0.37633878 -1.03929162 0.23081122 0.52272993 0.24709061 0.19727471 0.53026283 -0.24631241 0.40900066 0.61617988 0.45724437 0.40509427 0.63528293 -0.46660215 0.33192301 0.71760738 0.67386705 0.27366745 0.79187286 -0.60779548
0.43404907 0.39868248 0.36499113 0.43352512 0.38763916 -0.27855974 0.35897854 0.47251448 0.65543962 0.27350834 0.44242132 -0.63441026 0.38063097 0.45396855 0.8456614 0.33653143 0.3677744 -0.96745944 0.23238994 0.51682049 0.23845115 0.19824384 0.52165425 -0.23781475 0.40394038 0.61587173 0.41789815 0.39968178 0.63129741 -0.45703831 0.32986492 0.71769392 0.60052186 0.26916519 0.79183984 -0.58838767
0.43703306 0.39285061 0.35158166 0.43371823 0.38110644 -0.29627162 0.39914784 0.45963156 0.71416038 0.29979023 0.42508295 -0.71144801 0.43915179 0.43570462 0.97257251 0.33732116 0.35714373 -1.1273663 0.23298411 0.51096845 0.24143001 0.19949685 0.51448888 -0.24104403 0.39665756 0.6136415 0.49117133 0.3923001 0.62703419 -0.51150656 0.32968748 0.71870834 0.72732198 0.26769158 0.79182708 -0.68577957
0.43704081 0.38159448 0.36583409 0.43389642 0.37256703 -0.30955774 0.39075765 0.45513481 0.74707448 0.31228149 0.41723546 -0.72964412 0.42555457 0.42948371 1.0158608 0.33764854 0.34938332 -1.12189305 0.23291573 0.50393301 0.2482105 0.20330627 0.50790244 -0.24782848 0.3886942 0.61102593 0.46652511 0.38543853 0.62250036 -0.50258106 0.32996517 0.71793193 0.69459337 0.26809147 0.78645897 -0.68320179
0.43698132 0.37214145 0.39727038 0.43397102 0.36495247 -0.30596283 0.38302544 0.4450005 0.77326947 0.31976664 0.40557292 -0.73784959 0.38719982 0.43218574 1.03587139 0.33796254 0.33938447 -1.16491973 0.23357096 0.49752587 0.25257108 0.20507619 0.50064844 -0.2521632 0.38453072 0.60781974 0.46103218 0.37714109 0.62154841 -0.5003742 0.33400866 0.71286124 0.70399952 0.26730722 0.78522664 -0.63302743
0.4381685 0.3666276 0.36881492 0.43327087 0.35372451 -0.31428829 0.38259304 0.43446165 0.74536544 0.32344079 0.3920975 -0.72925228 0.37572163 0.43843254 0.99904728 0.33949703 0.32370415 -1.14175808 0.23620883 0.4922685 0.25206888 0.2067098 0.49164146 -0.25165007 0.38018665 0.60310251 0.42171845 0.36974517 0.61682403 -0.4752942 0.33190694 0.71030116 0.62346965 0.26741272 0.7850824 -0.61085242
0.44080159 0.35871765 0.32353768 0.43145517 0.34618413 -0.33893564 0.40080443 0.41402367 0.77542263 0.31983379 0.38696375 -0.75912112 0.40050483 0.40238938 1.14101338 0.33993927 0.31667465 -1.19242275 0.24448785 0.48603597 0.25154451 0.21132319 0.48462248 -0.25135133 0.37226823 0.59917969 0.42559019 0.36063692 0.61375225 -0.43361655 0.32295275 0.70784122 0.63772184 0.26729289 0.78354639 -0.54312688
0.44256097 0.34890339 0.3164427 0.42876887 0.33705291 -0.3500931 0.39846531 0.40241089 0.76759303 0.29801652 0.38451239 -0.75037557 0.40022495 0.39121372 1.1269362 0.34047469 0.30834034 -1.15486383 0.25438213 0.48041531 0.25129354 0.2157255 0.47804785 -0.2510415 0.36659899 0.59603286 0.42865887 0.35191646 0.61137933 -0.44464132 0.31946945 0.70238537 0.64720982 0.26617748 0.78366017 -0.58334345
0.44461885 0.34206265 0.31816152 0.42644635 0.32514793 -0.34558746 0.40850061 0.39640152 0.78938472 0.31279635 0.36997414 -0.75963122 0.40690786 0.3868407 1.16782463 0.34082273 0.29726234 -1.21609437 0.26404068 0.47643003 0.25022626 0.22137095 0.4700833 -0.25013167 0.35834339 0.59375149 0.37784311 0.34206989 0.60768467 -0.4471907 0.31620786 0.70259917 0.56474006 0.26630709 0.78082114 -0.59674388
0.4456051 0.3342661 0.32146111 0.42483425 0.31560308 -0.32062721 0.40349552 0.39227012 0.75973946 0.31444871 0.35897511 -0.7307353 0.40143096 0.39755437 1.0778861 0.34150192 0.28936708 -1.1349566 0.27569994 0.47351748 0.23585029 0.22905605 0.46516651 -0.23590031 0.34592021 0.59295374 0.26965228 0.33099031 0.60503876 -0.42127174 0.30809042 0.7044012 0.39599749 0.26639518 0.77306789 -0.57714045
0.44669643 0.33060685 0.29955697 0.42333004 0.30814031 -0.30135328 0.40010273 0.38805276 0.65869743 0.30785179 0.35978517 -0.64323545 0.38230565 0.40084648 0.86575449 0.34133893 0.28619525 -1.04600394 0.2863552 0.47073629 0.22588409 0.23892552 0.46097845 -0.22599527 0.33501562 0.59411132 0.28075486 0.31520852 0.60430372 -0.38315031 0.30294195 0.70493323 0.43718848 0.26556835 0.77248615 -0.53761715
0.44654095 0.32582602 0.29016685 0.41983289 0.30410221 -0.28663233 0.37369958 0.38706973 0.45370877 0.3033843 0.35711905 -0.59597683 0.33111206 0.42628062 0.43053225 0.33983868 0.27926242 -0.96599936 0.29089075 0.4715969 0.21596663 0.24578939 0.46129483 -0.21591802 0.3233977 0.59449375 0.27101177 0.30164051 0.60321087 -0.40471563 0.29524308 0.7056821 0.41824773 0.2633999 0.76803851 -0.58565378
0.44745028 0.32714158 0.30863544 0.41538069 0.30302587 -0.25830317 0.37202519 0.38420948 0.49687883 0.29889366 0.35345313 -0.55254972 0.33917943 0.43434486 0.47292653 0.3381291 0.27590844 -0.8844412 0.30033934 0.47419232 0.2157716 0.25528121 0.4637804 -0.2156557 0.31687236 0.59550285 0.29388273 0.29108244 0.60551822 -0.41272503 0.29563513 0.70695984 0.44853207 0.2631112 0.76978755 -0.62396699
0.44748229 0.32696787 0.38668108 0.41283026 0.3004941 -0.1874027 0.36841062 0.38585368 0.55651212 0.29485822 0.35018083 -0.45202377 0.32994616 0.44487876 0.55252814 0.33568028 0.27276894 -0.7407279 0.30535111 0.47438657 0.21432437 0.26480699 0.46418682 -0.21423134 0.31231326 0.59737313 0.30132055 0.2862258 0.60683751 -0.41528454 0.29777277 0.70863968 0.44730631 0.26231831 0.77733737 -0.64060783
0.44530621 0.32421586 0.4026494 0.41179556 0.29960567 -0.2239691 0.36804152 0.38358086 0.65539181 0.29248726 0.3474929 -0.5301705 0.33662918 0.44464922 0.70234543 0.33345726 0.27103597 -0.8569141 0.30641428 0.47486964 0.2149986 0.2723065 0.46642372 -0.21504356 0.30960131 0.59726524 0.44876069 0.28272232 0.60715264 -0.40565947 0.29819623 0.70757508 0.70238072 0.26158258 0.7849319 -0.62464607
0.44185272 0.32079512 0.38809699 0.41160902 0.29952729 -0.23725358 0.36597672 0.37779796 0.69432783 0.29143327 0.3469145 -0.55924833 0.36339566 0.3801769 0.8592568 0.33128768 0.27269122 -0.90080917 0.3068262 0.47602782 0.22051437 0.27579376 0.46854112 -0.22056486 0.30518356 0.59749502 0.49838054 0.27671224 0.60754663 -0.40185124 0.29930928 0.70768565 0.76164418 0.26031691 0.78724885 -0.61784369
0.43984559 0.32142362 0.40779644 0.41111892 0.2993336 -0.23766308 0.36527443 0.37686625 0.76107371 0.29159138 0.34686387 -0.59238148 0.36222705 0.39005899 0.95674336 0.32784414 0.27589032 -0.9662807 0.31022298 0.47709581 0.2276689 0.27725586 0.47002137 -0.22773837 0.30281794 0.60176474 0.55721104 0.26990402 0.61027026 -0.42227635 0.30141386 0.706536 0.86700505 0.25914109 0.78937262 -0.66028845
0.43690485 0.31862381 0.39672956 0.4112379 0.29848659 -0.28534773 0.36300686 0.37653556 0.73418701 0.29185224 0.35069376 -0.64834034 0.36237907 0.3761915 0.908059 0.32692963 0.27880567 -1.02177382 0.30849025 0.47777653 0.23530836 0.2790876 0.47091559 -0.23531036 0.30001214 0.60162079 0.60276639 0.26640499 0.6103918 -0.42247912 0.29895729 0.70468742 0.93938351 0.25868526 0.78894794 -0.65120268
0.43220812 0.3158018 0.39554262 0.4113028 0.29926574 -0.29389527 0.35232514 0.37187967 0.72214299 0.29149005 0.35201886 -0.65213746 0.36303076 0.36415693 0.88605171 0.3271226 0.27944198 -1.01357222 0.30599734 0.47800016 0.24006747 0.27967766 0.47141191 -0.24000077 0.29556119 0.60163617 0.58982992 0.26358351 0.61228335 -0.40798247 0.29424232 0.70403653 0.90686911 0.25820327 0.78843057 -0.64596391
0.43167457 0.31597188 0.39563313 0.41097316 0.29894871 -0.2974517 0.35206482 0.37574175 0.65216768 0.2910549 0.35279319 -0.64635468 0.35037348 0.40274858 0.69240099 0.32740602 0.27855793 -0.96928293 0.30507994 0.47830233 0.23999043 0.27868706 0.4715153 -0.23990889 0.29391393 0.60206091 0.55534428 0.26144737 0.61423528 -0.3792583 0.29002354 0.70519185 0.854105 0.25803974 0.78835851 -0.58723038
0.43096957 0.31658185 0.40592092 0.4111537 0.29933056 -0.2914626 0.35129052 0.37709263 0.64403433 0.29071888 0.35308039 -0.60637826 0.34912229 0.41260779 0.68407661 0.32765883 0.27936167 -0.9236412 0.3041468 0.47852162 0.23978625 0.2782743 0.47157377 -0.23970142 0.29134426 0.60215694 0.53789997 0.26069617 0.61559874 -0.37854809 0.28768107 0.70661229 0.81617332 0.25796887 0.78923422 -0.5883708 
0.43113503 0.3181473 0.40182832 0.40829122 0.29953369 -0.29025781 0.35244927 0.37813446 0.62809414 0.28821802 0.35337722 -0.59651327 0.34930584 0.42322344 0.65463704 0.32890993 0.27854121 -0.91174275 0.3036938 0.47869286 0.23913968 0.27661896 0.47167197 -0.23904917 0.28969777 0.60247827 0.53993481 0.26003069 0.61598301 -0.38090479 0.28767076 0.70822603 0.8272481 0.25786573 0.78902692 -0.59111571
0.43109542 0.31915995 0.38585985 0.40782815 0.30059189 -0.29372379 0.35765502 0.38375774 0.61365187 0.2861478 0.35374314 -0.59703791 0.34611356 0.42001572 0.65800714 0.33120126 0.27900231 -0.92237586 0.30322671 0.47877318 0.23831606 0.27575502 0.47211254 -0.23822829 0.28865954 0.60283184 0.56147724 0.25963017 0.6160118 -0.38357678 0.28855532 0.70931524 0.86647666 0.25796089 0.78886229 -0.60757518
0.43065891 0.31930092 0.39796931 0.40797752 0.30091605 -0.28532404 0.35997164 0.38888618 0.61591661 0.28443852 0.35339946 -0.58635759 0.34574091 0.41980976 0.63135582 0.33138511 0.27924365 -0.90079665 0.30294749 0.47891703 0.23821123 0.27498218 0.47243986 -0.23812075 0.28781083 0.60287982 0.56283152 0.25939938 0.61606675 -0.39675602 0.28911522 0.71036816 0.86458164 0.2585761 0.78913325 -0.63640189
0.42927244 0.31913635 0.41407162 0.408402 0.30122572 -0.25801644 0.35948122 0.39316469 0.59574366 0.28421655 0.35347065 -0.55410045 0.33831567 0.42640576 0.56731457 0.3326498 0.27949795 -0.8546834 0.30209708 0.47901762 0.23780371 0.2746143 0.47254255 -0.2377138 0.28856978 0.60280073 0.55445099 0.25915548 0.61607641 -0.40494126 0.28740627 0.71102303 0.83988428 0.25894457 0.78975469 -0.65152591
0.42890358 0.3194918 0.41735992 0.40852839 0.30151069 -0.24015471 0.35906592 0.39765948 0.58765405 0.28444892 0.35287106 -0.52999175 0.33676618 0.4340255 0.55296522 0.33354244 0.27973092 -0.82867593 0.30167156 0.47907299 0.23603062 0.27357563 0.47273171 -0.23597537 0.28864336 0.60259926 0.54805374 0.25871414 0.61599219 -0.4188773 0.28739125 0.71134734 0.82928729 0.25947163 0.78981531 -0.67211765
0.4283748 0.31974259 0.41364032 0.40861657 0.30166122 -0.24061134 0.35676941 0.39909536 0.5653792 0.28236163 0.35305199 -0.52692175 0.33366534 0.43545923 0.51294959 0.33432984 0.27989909 -0.81866479 0.3010886 0.47912204 0.23452289 0.27279955 0.4732312 -0.23447269 0.28828803 0.60255259 0.54126543 0.2591179 0.61600643 -0.41896906 0.28452244 0.71119094 0.82429779 0.25948584 0.78977561 -0.66763836
0.42821878 0.31980056 0.43804985 0.40858489 0.30151576 -0.23271546 0.3568781 0.39898223 0.5827089 0.28041092 0.3531321 -0.52297795 0.33390725 0.43894798 0.52357584 0.33465162 0.2801294 -0.81395924 0.30059591 0.4791759 0.23480898 0.27264622 0.47333384 -0.23476778 0.2872054 0.602548 0.5395568 0.25890067 0.61597699 -0.42213485 0.28479809 0.70447892 0.82089674 0.25950807 0.78968138 -0.6756357 
0.42824721 0.31997252 0.44111508 0.40864316 0.30166689 -0.23283039 0.35801759 0.40090445 0.59058994 0.27935407 0.35371324 -0.52259243 0.33464235 0.4440861 0.53733206 0.33467135 0.28104004 -0.81706631 0.30021182 0.4792262 0.23525164 0.27215847 0.47337294 -0.23522836 0.28650191 0.60270542 0.5322426 0.25852561 0.61600524 -0.42459238 0.28500566 0.70886403 0.80392891 0.25957134 0.78990185 -0.67487079
0.42870635 0.32099125 0.44532257 0.4085868 0.30169553 -0.23140606 0.35926902 0.40233022 0.59455639 0.2764985 0.35392153 -0.52057976 0.33524567 0.44738576 0.54339778 0.33463693 0.28122562 -0.81946641 0.29985806 0.47926712 0.23545943 0.27158657 0.47346905 -0.23545229 0.28637391 0.60292238 0.52595448 0.25798497 0.61607838 -0.42915031 0.2850734 0.71163976 0.79383361 0.25961357 0.78995413 -0.68328351
0.42877963 0.32202095 0.44901106 0.40871179 0.30176803 -0.22868057 0.35971645 0.40325841 0.60356432 0.27547956 0.35435146 -0.51323521 0.33629668 0.44686693 0.56239301 0.33462659 0.28184703 -0.81160742 0.29905194 0.47929963 0.23572011 0.27139241 0.47351399 -0.23572581 0.28596291 0.60324919 0.51924664 0.25735736 0.61623377 -0.42882201 0.28560561 0.7130816 0.78640658 0.2596336 0.79007423 -0.67563486
0.42882419 0.32207492 0.44427159 0.40899032 0.30178708 -0.22891252 0.3612904 0.40300784 0.59956241 0.27504855 0.35499528 -0.51195955 0.34241134 0.4448182 0.54255515 0.33477119 0.28267151 -0.80495965 0.29878691 0.47930467 0.23570018 0.27121633 0.47356656 -0.23570453 0.28497857 0.60350239 0.52015954 0.25699139 0.61627781 -0.42685673 0.28581917 0.71309024 0.78928733 0.2596094 0.78980553 -0.67211288
0.42886576 0.3220948 0.4404597 0.40902448 0.30190876 -0.23096563 0.361334 0.40248016 0.57915431 0.27443072 0.3553012 -0.51448786 0.34276354 0.44452697 0.51237279 0.33534896 0.28295651 -0.79978818 0.29853278 0.47932088 0.2355683 0.27108014 0.47386941 -0.23555493 0.28499368 0.60356206 0.52016467 0.25665057 0.6164996 -0.40943184 0.28603613 0.71303952 0.79000026 0.25962123 0.78983366 -0.65555567
0.42888755 0.32210901 0.43833277 0.40905929 0.30210352 -0.23145744 0.36151719 0.40214723 0.58400613 0.27409008 0.35580942 -0.51376563 0.34315073 0.44337776 0.52719241 0.33639863 0.28318673 -0.7982775 0.29823741 0.47926813 0.23556583 0.27102831 0.47392762 -0.23555121 0.28471273 0.60386121 0.52019513 0.25625449 0.61672622 -0.41219902 0.2864981 0.71300441 0.79065651 0.25961173 0.78980744 -0.66542113
0.42865005 0.32212245 0.43761137 0.40913448 0.30229995 -0.23148754 0.36122781 0.40207773 0.58578813 0.27427509 0.35650253 -0.5170266 0.34323427 0.43803638 0.53908157 0.33711579 0.283889 -0.80219102 0.29752329 0.47911873 0.23577665 0.27090392 0.47397718 -0.23573978 0.2845467 0.6038866 0.52000678 0.25626537 0.61663526 -0.41290763 0.28681207 0.71301639 0.7899816 0.25960878 0.78948134 -0.66510111
0.42816824 0.32212073 0.4373821 0.40936875 0.30232304 -0.22785206 0.35090369 0.39128771 0.58680409 0.27431732 0.35716861 -0.51542896 0.34287778 0.43272638 0.54479611 0.33773869 0.28452173 -0.79447365 0.29566368 0.47903523 0.23579121 0.27078828 0.47400194 -0.23575 0.28441763 0.60389972 0.52225929 0.25620803 0.61670417 -0.41299033 0.28850633 0.71296042 0.79103392 0.2596274 0.7894696 -0.66571379
0.42733708 0.32151857 0.43809566 0.40999508 0.30237564 -0.22398832 0.35164398 0.3918137 0.59445506 0.27583784 0.35763308 -0.51540196 0.34314021 0.4220126 0.56072605 0.33914059 0.28475285 -0.78850776 0.29443526 0.478975 0.23604645 0.27073628 0.47403562 -0.23597664 0.28447217 0.60401249 0.51652682 0.25586814 0.6169908 -0.41305482 0.28892469 0.71294457 0.7712357 0.2599504 0.78991067 -0.66780144
0.42690381 0.32141334 0.43959618 0.41028336 0.30241716 -0.21934496 0.35226548 0.39199263 0.59525859 0.27615494 0.35803106 -0.50772256 0.34268719 0.42274332 0.56080914 0.33965069 0.28493035 -0.77741814 0.29384908 0.47887599 0.23603368 0.27063739 0.4740811 -0.23595905 0.28447065 0.60403413 0.50266868 0.25557759 0.61712265 -0.41262686 0.28895473 0.71292275 0.74876881 0.25995585 0.78995526 -0.66737634
0.42684969 0.32136187 0.43946227 0.41097105 0.30247587 -0.21827407 0.3527087 0.39232475 0.59034175 0.27665952 0.35822055 -0.50480181 0.34012273 0.42388263 0.54859436 0.34020379 0.2851322 -0.77724659 0.29361811 0.47872531 0.23549359 0.27056411 0.47411281 -0.23540682 0.2843391 0.60398871 0.5013988 0.25555229 0.61712343 -0.40936148 0.28918445 0.71247429 0.75105625 0.25996208 0.78994751 -0.66426712
